Date, /ES, /NQ, /RTY, SPY, QQQ, IWM, AAPL, MSFT, NVDA, XLK, XLF, XLP, XLY, XTN, HYG, ***, ***, ***, ***
1/30/2020 7:55:50 PM, 3291.25, 9226, 1649.1, 327.68, 222.6, 163.93, 323.87, 172.78, 245.81, 98.02, 30.6, 63.9, 125, 64.56, 87.89, , , , , 
1/30/2020 7:55:53 PM, 3291.25, 9226, 1649.1, 327.68, 222.6, 163.93, 323.87, 172.78, 245.81, 98.02, 30.6, 63.9, 125, 64.56, 87.89, , , , , 
1/30/2020 7:55:56 PM, 3291.25, 9226.25, 1649.2, 327.68, 222.6, 163.93, 323.87, 172.78, 245.81, 98.02, 30.6, 63.9, 125, 64.56, 87.89, , , , , 
1/30/2020 7:55:59 PM, 3291.25, 9226.25, 1649.2, 327.68, 222.6, 163.93, 323.87, 172.78, 245.81, 98.02, 30.6, 63.9, 125, 64.56, 87.89, , , , , 
1/30/2020 7:56:02 PM, 3291.5, 9225.5, 1649.1, 327.68, 222.6, 163.93, 323.87, 172.78, 245.81, 98.02, 30.6, 63.9, 125, 64.56, 87.89, , , , , 
1/30/2020 7:56:05 PM, 3291.5, 9225.5, 1649.1, 327.68, 222.6, 163.93, 323.87, 172.78, 245.81, 98.02, 30.6, 63.9, 125, 64.56, 87.89, , , , , 
1/30/2020 7:56:08 PM, 3291.25, 9226.25, 1649.1, 327.68, 222.6, 163.93, 323.87, 172.78, 245.81, 98.02, 30.6, 63.9, 125, 64.56, 87.89, , , , , 
1/30/2020 7:56:11 PM, 3291.25, 9226.25, 1649.1, 327.68, 222.6, 163.93, 323.87, 172.78, 245.81, 98.02, 30.6, 63.9, 125, 64.56, 87.89, , , , , 
1/30/2020 7:56:14 PM, 3291.25, 9225.75, 1649.1, 327.68, 222.6, 163.93, 323.87, 172.78, 245.81, 98.02, 30.6, 63.9, 125, 64.56, 87.89, , , , , 
1/30/2020 7:56:17 PM, 3291.25, 9226, 1649.1, 327.68, 222.6, 163.93, 323.87, 172.78, 245.81, 98.02, 30.6, 63.9, 125, 64.56, 87.89, , , , , 
1/30/2020 7:56:20 PM, 3291, 9225.75, 1649.1, 327.68, 222.6, 163.93, 323.87, 172.78, 245.81, 98.02, 30.6, 63.9, 125, 64.56, 87.89, , , , , 
1/30/2020 7:56:23 PM, 3291, 9225.5, 1649.1, 327.68, 222.6, 163.93, 323.87, 172.78, 245.81, 98.02, 30.6, 63.9, 125, 64.56, 87.89, , , , , 
1/30/2020 7:56:26 PM, 3291, 9225.25, 1649, 327.68, 222.6, 163.93, 323.87, 172.78, 245.81, 98.02, 30.6, 63.9, 125, 64.56, 87.89, , , , , 
1/30/2020 7:56:29 PM, 3291, 9225.5, 1648.9, 327.68, 222.6, 163.93, 323.87, 172.78, 245.81, 98.02, 30.6, 63.9, 125, 64.56, 87.89, , , , , 
1/30/2020 7:56:32 PM, 3291.25, 9226.75, 1648.9, 327.68, 222.6, 163.93, 323.87, 172.78, 245.81, 98.02, 30.6, 63.9, 125, 64.56, 87.89, , , , , 
1/30/2020 7:56:35 PM, 3291.5, 9226.75, 1648.9, 327.68, 222.6, 163.93, 323.87, 172.78, 245.81, 98.02, 30.6, 63.9, 125, 64.56, 87.89, , , , , 
1/30/2020 7:56:38 PM, 3291.75, 9227, 1648.9, 327.68, 222.6, 163.93, 323.87, 172.78, 245.81, 98.02, 30.6, 63.9, 125, 64.56, 87.89, , , , , 
1/30/2020 7:56:41 PM, 3292, 9228, 1649.4, 327.68, 222.6, 163.93, 323.87, 172.78, 245.81, 98.02, 30.6, 63.9, 125, 64.56, 87.89, , , , , 
1/30/2020 7:56:44 PM, 3291.5, 9226.75, 1649.4, 327.68, 222.6, 163.93, 323.87, 172.78, 245.81, 98.02, 30.6, 63.9, 125, 64.56, 87.89, , , , , 
1/30/2020 7:56:47 PM, 3291.75, 9227.25, 1649.4, 327.68, 222.6, 163.93, 323.87, 172.78, 245.81, 98.02, 30.6, 63.9, 125, 64.56, 87.89, , , , , 
1/30/2020 7:56:50 PM, 3291.5, 9227, 1649.4, 327.68, 222.6, 163.93, 323.87, 172.78, 245.81, 98.02, 30.6, 63.9, 125, 64.56, 87.89, , , , , 
1/30/2020 7:56:53 PM, 3291.75, 9227.75, 1649.4, 327.68, 222.6, 163.93, 323.87, 172.78, 245.81, 98.02, 30.6, 63.9, 125, 64.56, 87.89, , , , , 
1/30/2020 7:56:56 PM, 3291.75, 9228.5, 1649.4, 327.68, 222.6, 163.93, 323.87, 172.78, 245.81, 98.02, 30.6, 63.9, 125, 64.56, 87.89, , , , , 
1/30/2020 7:56:59 PM, 3292.25, 9229.5, 1649.4, 327.68, 222.6, 163.93, 323.87, 172.78, 245.81, 98.02, 30.6, 63.9, 125, 64.56, 87.89, , , , , 
1/30/2020 7:57:02 PM, 3292.25, 9229.75, 1649.4, 327.68, 222.6, 163.93, 323.87, 172.78, 245.81, 98.02, 30.6, 63.9, 125, 64.56, 87.89, , , , , 
1/30/2020 7:57:05 PM, 3292.25, 9229.5, 1649.4, 327.68, 222.6, 163.93, 323.87, 172.78, 245.81, 98.02, 30.6, 63.9, 125, 64.56, 87.89, , , , , 
1/30/2020 7:57:08 PM, 3292, 9228.25, 1649.4, 327.68, 222.6, 163.93, 323.87, 172.78, 245.81, 98.02, 30.6, 63.9, 125, 64.56, 87.89, , , , , 
1/30/2020 7:57:11 PM, 3291.75, 9229, 1649.4, 327.68, 222.6, 163.93, 323.87, 172.78, 245.81, 98.02, 30.6, 63.9, 125, 64.56, 87.89, , , , , 
1/30/2020 7:57:14 PM, 3292, 9229, 1649.4, 327.68, 222.6, 163.93, 323.87, 172.78, 245.81, 98.02, 30.6, 63.9, 125, 64.56, 87.89, , , , , 
1/30/2020 7:57:17 PM, 3291.75, 9228.5, 1649.5, 327.68, 222.6, 163.93, 323.87, 172.78, 245.81, 98.02, 30.6, 63.9, 125, 64.56, 87.89, , , , , 
1/30/2020 7:57:21 PM, 3292, 9228.5, 1649.5, 327.68, 222.6, 163.93, 323.87, 172.78, 245.81, 98.02, 30.6, 63.9, 125, 64.56, 87.89, , , , , 
1/30/2020 7:57:24 PM, 3291.75, 9228.25, 1649.5, 327.68, 222.6, 163.93, 323.87, 172.78, 245.81, 98.02, 30.6, 63.9, 125, 64.56, 87.89, , , , , 
1/30/2020 7:57:27 PM, 3291.75, 9228, 1649.5, 327.68, 222.6, 163.93, 323.87, 172.78, 245.81, 98.02, 30.6, 63.9, 125, 64.56, 87.89, , , , , 
1/30/2020 7:57:30 PM, 3291.75, 9227.5, 1649.3, 327.68, 222.6, 163.93, 323.87, 172.78, 245.81, 98.02, 30.6, 63.9, 125, 64.56, 87.89, , , , , 
1/30/2020 7:57:33 PM, 3291.5, 9227.5, 1649.3, 327.68, 222.6, 163.93, 323.87, 172.78, 245.81, 98.02, 30.6, 63.9, 125, 64.56, 87.89, , , , , 
1/30/2020 7:57:36 PM, 3291.5, 9226.75, 1649.3, 327.68, 222.6, 163.93, 323.87, 172.78, 245.81, 98.02, 30.6, 63.9, 125, 64.56, 87.89, , , , , 
1/30/2020 7:57:39 PM, 3291.5, 9227, 1649.3, 327.68, 222.6, 163.93, 323.87, 172.78, 245.81, 98.02, 30.6, 63.9, 125, 64.56, 87.89, , , , , 
1/30/2020 7:57:42 PM, 3291.5, 9226.75, 1649.3, 327.68, 222.6, 163.93, 323.87, 172.78, 245.81, 98.02, 30.6, 63.9, 125, 64.56, 87.89, , , , , 
1/30/2020 7:57:45 PM, 3291.5, 9227.25, 1649.3, 327.68, 222.6, 163.93, 323.87, 172.78, 245.81, 98.02, 30.6, 63.9, 125, 64.56, 87.89, , , , , 
1/30/2020 7:57:48 PM, 3291.75, 9227, 1649.3, 327.68, 222.6, 163.93, 323.87, 172.78, 245.81, 98.02, 30.6, 63.9, 125, 64.56, 87.89, , , , , 
1/30/2020 7:57:51 PM, 3291.5, 9227.25, 1649.3, 327.68, 222.6, 163.93, 323.87, 172.78, 245.81, 98.02, 30.6, 63.9, 125, 64.56, 87.89, , , , , 
1/30/2020 7:57:54 PM, 3291.75, 9227.5, 1649.3, 327.68, 222.6, 163.93, 323.87, 172.78, 245.81, 98.02, 30.6, 63.9, 125, 64.56, 87.89, , , , , 
1/30/2020 7:57:57 PM, 3291.75, 9227.5, 1649.3, 327.68, 222.6, 163.93, 323.87, 172.78, 245.81, 98.02, 30.6, 63.9, 125, 64.56, 87.89, , , , , 
1/30/2020 7:58:00 PM, 3291.75, 9228, 1649.3, 327.68, 222.6, 163.93, 323.87, 172.78, 245.81, 98.02, 30.6, 63.9, 125, 64.56, 87.89, , , , , 
1/30/2020 7:58:03 PM, 3291.75, 9228.25, 1649.3, 327.68, 222.6, 163.93, 323.87, 172.78, 245.81, 98.02, 30.6, 63.9, 125, 64.56, 87.89, , , , , 
1/30/2020 7:58:06 PM, 3291.75, 9228.25, 1649.3, 327.68, 222.6, 163.93, 323.87, 172.78, 245.81, 98.02, 30.6, 63.9, 125, 64.56, 87.89, , , , , 
1/30/2020 7:58:09 PM, 3291.75, 9228.75, 1649.3, 327.68, 222.6, 163.93, 323.87, 172.78, 245.81, 98.02, 30.6, 63.9, 125, 64.56, 87.89, , , , , 
1/30/2020 7:58:12 PM, 3291.5, 9227.75, 1649.3, 327.68, 222.6, 163.93, 323.87, 172.78, 245.81, 98.02, 30.6, 63.9, 125, 64.56, 87.89, , , , , 
1/30/2020 7:58:15 PM, 3291.75, 9227.75, 1649.3, 327.68, 222.6, 163.93, 323.87, 172.78, 245.81, 98.02, 30.6, 63.9, 125, 64.56, 87.89, , , , , 
1/30/2020 7:58:18 PM, 3291.5, 9226.75, 1649.3, 327.68, 222.6, 163.93, 323.87, 172.78, 245.81, 98.02, 30.6, 63.9, 125, 64.56, 87.89, , , , , 
1/30/2020 7:58:21 PM, 3291.5, 9226.75, 1649.3, 327.68, 222.6, 163.93, 323.87, 172.78, 245.81, 98.02, 30.6, 63.9, 125, 64.56, 87.89, , , , , 
1/30/2020 7:58:24 PM, 3291.5, 9227, 1649.3, 327.68, 222.6, 163.93, 323.87, 172.78, 245.81, 98.02, 30.6, 63.9, 125, 64.56, 87.89, , , , , 
1/30/2020 7:58:27 PM, 3291.5, 9227, 1649.3, 327.68, 222.6, 163.93, 323.87, 172.78, 245.81, 98.02, 30.6, 63.9, 125, 64.56, 87.89, , , , , 
1/30/2020 7:58:30 PM, 3291.5, 9227.5, 1649.3, 327.68, 222.6, 163.93, 323.87, 172.78, 245.81, 98.02, 30.6, 63.9, 125, 64.56, 87.89, , , , , 
1/30/2020 7:58:33 PM, 3291.75, 9227.25, 1649.3, 327.68, 222.6, 163.93, 323.87, 172.78, 245.81, 98.02, 30.6, 63.9, 125, 64.56, 87.89, , , , , 
1/30/2020 7:58:36 PM, 3291.75, 9227.5, 1649.3, 327.68, 222.6, 163.93, 323.87, 172.78, 245.81, 98.02, 30.6, 63.9, 125, 64.56, 87.89, , , , , 
1/30/2020 7:58:39 PM, 3291.75, 9227.5, 1649.3, 327.68, 222.6, 163.93, 323.87, 172.78, 245.81, 98.02, 30.6, 63.9, 125, 64.56, 87.89, , , , , 
1/30/2020 7:58:42 PM, 3291.5, 9227.5, 1649.3, 327.68, 222.6, 163.93, 323.87, 172.78, 245.81, 98.02, 30.6, 63.9, 125, 64.56, 87.89, , , , , 
1/30/2020 7:58:45 PM, 3291.75, 9228, 1649.3, 327.68, 222.6, 163.93, 323.87, 172.78, 245.81, 98.02, 30.6, 63.9, 125, 64.56, 87.89, , , , , 
1/30/2020 7:58:48 PM, 3291.5, 9227.75, 1649.3, 327.68, 222.6, 163.93, 323.87, 172.78, 245.81, 98.02, 30.6, 63.9, 125, 64.56, 87.89, , , , , 
1/30/2020 7:58:51 PM, 3291.5, 9227.5, 1649.3, 327.68, 222.6, 163.93, 323.87, 172.78, 245.81, 98.02, 30.6, 63.9, 125, 64.56, 87.89, , , , , 
1/30/2020 7:58:54 PM, 3291.75, 9227.75, 1649.3, 327.68, 222.6, 163.93, 323.87, 172.78, 245.81, 98.02, 30.6, 63.9, 125, 64.56, 87.89, , , , , 
1/30/2020 7:58:57 PM, 3291.75, 9227.75, 1649.3, 327.68, 222.6, 163.93, 323.87, 172.78, 245.81, 98.02, 30.6, 63.9, 125, 64.56, 87.89, , , , , 
1/30/2020 7:59:00 PM, 3291.5, 9227.75, 1649.3, 327.68, 222.6, 163.93, 323.87, 172.78, 245.81, 98.02, 30.6, 63.9, 125, 64.56, 87.89, , , , , 
1/30/2020 7:59:03 PM, 3291.5, 9227.5, 1649.1, 327.68, 222.6, 163.93, 323.87, 172.78, 245.81, 98.02, 30.6, 63.9, 125, 64.56, 87.89, , , , , 
1/30/2020 7:59:06 PM, 3291.75, 9227.5, 1649.1, 327.68, 222.6, 163.93, 323.87, 172.78, 245.81, 98.02, 30.6, 63.9, 125, 64.56, 87.89, , , , , 
1/30/2020 7:59:09 PM, 3291.75, 9228, 1649.1, 327.68, 222.6, 163.93, 323.87, 172.78, 245.81, 98.02, 30.6, 63.9, 125, 64.56, 87.89, , , , , 
1/30/2020 7:59:12 PM, 3291.75, 9228.5, 1649.1, 327.68, 222.6, 163.93, 323.87, 172.78, 245.81, 98.02, 30.6, 63.9, 125, 64.56, 87.89, , , , , 
1/30/2020 7:59:16 PM, 3291.75, 9228.5, 1649.1, 327.68, 222.6, 163.93, 323.87, 172.78, 245.81, 98.02, 30.6, 63.9, 125, 64.56, 87.89, , , , , 
1/30/2020 7:59:19 PM, 3291.75, 9228.25, 1649.1, 327.68, 222.6, 163.93, 323.87, 172.78, 245.81, 98.02, 30.6, 63.9, 125, 64.56, 87.89, , , , , 
1/30/2020 7:59:22 PM, 3291.75, 9228.5, 1649.1, 327.68, 222.6, 163.93, 323.87, 172.78, 245.81, 98.02, 30.6, 63.9, 125, 64.56, 87.89, , , , , 
1/30/2020 7:59:25 PM, 3291.75, 9228.5, 1649.1, 327.68, 222.6, 163.93, 323.87, 172.78, 245.81, 98.02, 30.6, 63.9, 125, 64.56, 87.89, , , , , 
1/30/2020 7:59:28 PM, 3291.75, 9228.5, 1649.1, 327.68, 222.6, 163.93, 323.87, 172.78, 245.81, 98.02, 30.6, 63.9, 125, 64.56, 87.89, , , , , 
1/30/2020 7:59:31 PM, 3292.25, 9228.75, 1649.4, 327.68, 222.6, 163.93, 323.87, 172.78, 245.81, 98.02, 30.6, 63.9, 125, 64.56, 87.89, , , , , 
1/30/2020 7:59:34 PM, 3292, 9229, 1649.4, 327.68, 222.6, 163.93, 323.87, 172.78, 245.81, 98.02, 30.6, 63.9, 125, 64.56, 87.89, , , , , 
1/30/2020 7:59:37 PM, 3292.25, 9229.25, 1649.4, 327.68, 222.6, 163.93, 323.87, 172.78, 245.81, 98.02, 30.6, 63.9, 125, 64.56, 87.89, , , , , 
1/30/2020 7:59:40 PM, 3292, 9229.5, 1649.4, 327.68, 222.6, 163.93, 323.87, 172.78, 245.81, 98.02, 30.6, 63.9, 125, 64.56, 87.89, , , , , 
1/30/2020 7:59:43 PM, 3292.25, 9229.5, 1649.4, 327.68, 222.6, 163.93, 323.87, 172.78, 245.81, 98.02, 30.6, 63.9, 125, 64.56, 87.89, , , , , 
1/30/2020 7:59:46 PM, 3292, 9228.75, 1649.4, 327.68, 222.6, 163.93, 323.87, 172.78, 245.81, 98.02, 30.6, 63.9, 125, 64.56, 87.89, , , , , 
1/30/2020 7:59:49 PM, 3292.25, 9229.25, 1649.4, 327.68, 222.6, 163.93, 323.87, 172.78, 245.81, 98.02, 30.6, 63.9, 125, 64.56, 87.89, , , , , 
1/30/2020 7:59:52 PM, 3292.25, 9230, 1649.4, 327.68, 222.6, 163.93, 323.87, 172.78, 245.81, 98.02, 30.6, 63.9, 125, 64.56, 87.89, , , , , 
1/30/2020 7:59:55 PM, 3292.5, 9230.25, 1649.4, 327.68, 222.6, 163.93, 323.87, 172.78, 245.81, 98.02, 30.6, 63.9, 125, 64.56, 87.89, , , , , 
1/30/2020 7:59:58 PM, 3292.5, 9230.25, 1649.5, 327.68, 222.6, 163.93, 323.87, 172.78, 245.81, 98.02, 30.6, 63.9, 125, 64.56, 87.89, , , , , 
1/30/2020 8:00:01 PM, 3292.25, 9229.75, 1649.5, 327.68, 222.6, 163.93, 323.87, 172.78, 245.81, 98.02, 30.6, 63.9, 125, 64.56, 87.89, , , , , 
1/30/2020 8:00:04 PM, 3290.75, 9225.5, 1648.7, 327.68, 222.6, 163.93, 323.87, 172.78, 245.81, 98.02, 30.6, 63.9, 125, 64.56, 87.89, , , , , 
1/30/2020 8:00:07 PM, 3290.75, 9225.5, 1648.7, 327.68, 222.6, 163.93, 323.87, 172.78, 245.81, 98.02, 30.6, 63.9, 125, 64.56, 87.89, , , , , 
1/30/2020 8:00:10 PM, 3291.5, 9227.25, 1649.2, 327.68, 222.6, 163.93, 323.87, 172.78, 245.81, 98.02, 30.6, 63.9, 125, 64.56, 87.89, , , , , 
1/30/2020 8:00:13 PM, 3292.75, 9233, 1649.9, 327.68, 222.6, 163.93, 323.87, 172.78, 245.81, 98.02, 30.6, 63.9, 125, 64.56, 87.89, , , , , 
1/30/2020 8:00:16 PM, 3292.75, 9233, 1649.9, 327.68, 222.6, 163.93, 323.87, 172.78, 245.81, 98.02, 30.6, 63.9, 125, 64.56, 87.89, , , , , 
1/30/2020 8:00:19 PM, 3293.25, 9233, 1650, 327.68, 222.6, 163.93, 323.87, 172.78, 245.81, 98.02, 30.6, 63.9, 125, 64.56, 87.89, , , , , 
1/30/2020 8:00:22 PM, 3293.25, 9233, 1650, 327.68, 222.6, 163.93, 323.87, 172.78, 245.81, 98.02, 30.6, 63.9, 125, 64.56, 87.89, , , , , 
1/30/2020 8:00:25 PM, 3294, 9235.25, 1650.5, 327.68, 222.6, 163.93, 323.87, 172.78, 245.81, 98.02, 30.6, 63.9, 125, 64.56, 87.89, , , , , 
1/30/2020 8:00:28 PM, 3294, 9235.25, 1650.5, 327.68, 222.6, 163.93, 323.87, 172.78, 245.81, 98.02, 30.6, 63.9, 125, 64.56, 87.89, , , , , 
1/30/2020 8:00:31 PM, 3293.75, 9234, 1650.6, 327.68, 222.6, 163.93, 323.87, 172.78, 245.81, 98.02, 30.6, 63.9, 125, 64.56, 87.89, , , , , 
1/30/2020 8:00:34 PM, 3293.75, 9234, 1650.6, 327.68, 222.6, 163.93, 323.87, 172.78, 245.81, 98.02, 30.6, 63.9, 125, 64.56, 87.89, , , , , 
1/30/2020 8:00:37 PM, 3293.25, 9232, 1650.3, 327.68, 222.6, 163.93, 323.87, 172.78, 245.81, 98.02, 30.6, 63.9, 125, 64.56, 87.89, , , , , 
1/30/2020 8:00:40 PM, 3293.25, 9232, 1650.3, 327.68, 222.6, 163.93, 323.87, 172.78, 245.81, 98.02, 30.6, 63.9, 125, 64.56, 87.89, , , , , 
1/30/2020 8:00:43 PM, 3293.25, 9232.5, 1650.2, 327.68, 222.6, 163.93, 323.87, 172.78, 245.81, 98.02, 30.6, 63.9, 125, 64.56, 87.89, , , , , 
1/30/2020 8:00:46 PM, 3293.25, 9232.5, 1650.2, 327.68, 222.6, 163.93, 323.87, 172.78, 245.81, 98.02, 30.6, 63.9, 125, 64.56, 87.89, , , , , 
1/30/2020 8:00:49 PM, 3293.25, 9232.5, 1650.2, 327.68, 222.6, 163.93, 323.87, 172.78, 245.81, 98.02, 30.6, 63.9, 125, 64.56, 87.89, , , , , 
1/30/2020 8:00:52 PM, 3293.25, 9232.5, 1650.2, 327.68, 222.6, 163.93, 323.87, 172.78, 245.81, 98.02, 30.6, 63.9, 125, 64.56, 87.89, , , , , 
1/30/2020 8:00:55 PM, 3293.25, 9232.5, 1650, 327.68, 222.6, 163.93, 323.87, 172.78, 245.81, 98.02, 30.6, 63.9, 125, 64.56, 87.89, , , , , 
1/30/2020 8:00:59 PM, 3293.25, 9232.5, 1650, 327.68, 222.6, 163.93, 323.87, 172.78, 245.81, 98.02, 30.6, 63.9, 125, 64.56, 87.89, , , , , 
1/30/2020 8:01:02 PM, 3293.25, 9232.25, 1650.4, 327.68, 222.6, 163.93, 323.87, 172.78, 245.81, 98.02, 30.6, 63.9, 125, 64.56, 87.89, , , , , 
1/30/2020 8:01:05 PM, 3293.25, 9232.25, 1650.4, 327.68, 222.6, 163.93, 323.87, 172.78, 245.81, 98.02, 30.6, 63.9, 125, 64.56, 87.89, , , , , 
1/30/2020 8:01:08 PM, 3293.25, 9232.25, 1650.1, 327.68, 222.6, 163.93, 323.87, 172.78, 245.81, 98.02, 30.6, 63.9, 125, 64.56, 87.89, , , , , 
1/30/2020 8:01:11 PM, 3293.25, 9232.25, 1650.1, 327.68, 222.6, 163.93, 323.87, 172.78, 245.81, 98.02, 30.6, 63.9, 125, 64.56, 87.89, , , , , 
1/30/2020 8:01:14 PM, 3293.25, 9232.25, 1650.2, 327.68, 222.6, 163.93, 323.87, 172.78, 245.81, 98.02, 30.6, 63.9, 125, 64.56, 87.89, , , , , 
1/30/2020 8:01:17 PM, 3293.25, 9232.25, 1650.2, 327.68, 222.6, 163.93, 323.87, 172.78, 245.81, 98.02, 30.6, 63.9, 125, 64.56, 87.89, , , , , 
1/30/2020 8:01:20 PM, 3293, 9231.5, 1650, 327.68, 222.6, 163.93, 323.87, 172.78, 245.81, 98.02, 30.6, 63.9, 125, 64.56, 87.89, , , , , 
1/30/2020 8:01:23 PM, 3293, 9231.5, 1650, 327.68, 222.6, 163.93, 323.87, 172.78, 245.81, 98.02, 30.6, 63.9, 125, 64.56, 87.89, , , , , 
1/30/2020 8:01:26 PM, 3293, 9232, 1650.1, 327.68, 222.6, 163.93, 323.87, 172.78, 245.81, 98.02, 30.6, 63.9, 125, 64.56, 87.89, , , , , 
1/30/2020 8:01:29 PM, 3293, 9232, 1650.1, 327.68, 222.6, 163.93, 323.87, 172.78, 245.81, 98.02, 30.6, 63.9, 125, 64.56, 87.89, , , , , 
1/30/2020 8:01:32 PM, 3293.25, 9231.5, 1650.2, 327.68, 222.6, 163.93, 323.87, 172.78, 245.81, 98.02, 30.6, 63.9, 125, 64.56, 87.89, , , , , 
1/30/2020 8:01:35 PM, 3293.25, 9231.5, 1650.2, 327.68, 222.6, 163.93, 323.87, 172.78, 245.81, 98.02, 30.6, 63.9, 125, 64.56, 87.89, , , , , 
1/30/2020 8:01:38 PM, 3293.25, 9231.5, 1650.2, 327.68, 222.6, 163.93, 323.87, 172.78, 245.81, 98.02, 30.6, 63.9, 125, 64.56, 87.89, , , , , 
1/30/2020 8:01:41 PM, 3293.5, 9232.5, 1650.4, 327.68, 222.6, 163.93, 323.87, 172.78, 245.81, 98.02, 30.6, 63.9, 125, 64.56, 87.89, , , , , 
1/30/2020 8:01:44 PM, 3293.5, 9232.5, 1650.3, 327.68, 222.6, 163.93, 323.87, 172.78, 245.81, 98.02, 30.6, 63.9, 125, 64.56, 87.89, , , , , 
1/30/2020 8:01:47 PM, 3293.5, 9232.25, 1650.3, 327.68, 222.6, 163.93, 323.87, 172.78, 245.81, 98.02, 30.6, 63.9, 125, 64.56, 87.89, , , , , 
1/30/2020 8:01:50 PM, 3293.5, 9232.25, 1650.3, 327.68, 222.6, 163.93, 323.87, 172.78, 245.81, 98.02, 30.6, 63.9, 125, 64.56, 87.89, , , , , 
1/30/2020 8:01:53 PM, 3293.5, 9232.75, 1650.4, 327.68, 222.6, 163.93, 323.87, 172.78, 245.81, 98.02, 30.6, 63.9, 125, 64.56, 87.89, , , , , 
1/30/2020 8:01:56 PM, 3293.5, 9233.25, 1650.3, 327.68, 222.6, 163.93, 323.87, 172.78, 245.81, 98.02, 30.6, 63.9, 125, 64.56, 87.89, , , , , 
1/30/2020 8:01:59 PM, 3293.25, 9233, 1650.4, 327.68, 222.6, 163.93, 323.87, 172.78, 245.81, 98.02, 30.6, 63.9, 125, 64.56, 87.89, , , , , 
1/30/2020 8:02:02 PM, 3293.5, 9232.75, 1650.3, 327.68, 222.6, 163.93, 323.87, 172.78, 245.81, 98.02, 30.6, 63.9, 125, 64.56, 87.89, , , , , 
1/30/2020 8:02:05 PM, 3293.25, 9232.5, 1650.3, 327.68, 222.6, 163.93, 323.87, 172.78, 245.81, 98.02, 30.6, 63.9, 125, 64.56, 87.89, , , , , 
1/30/2020 8:02:08 PM, 3293.5, 9232.5, 1650.3, 327.68, 222.6, 163.93, 323.87, 172.78, 245.81, 98.02, 30.6, 63.9, 125, 64.56, 87.89, , , , , 
1/30/2020 8:02:11 PM, 3293.5, 9233.5, 1650.4, 327.68, 222.6, 163.93, 323.87, 172.78, 245.81, 98.02, 30.6, 63.9, 125, 64.56, 87.89, , , , , 
1/30/2020 8:02:14 PM, 3293.75, 9234.75, 1650.5, 327.68, 222.6, 163.93, 323.87, 172.78, 245.81, 98.02, 30.6, 63.9, 125, 64.56, 87.89, , , , , 
1/30/2020 8:02:17 PM, 3294.25, 9235.75, 1650.7, 327.68, 222.6, 163.93, 323.87, 172.78, 245.81, 98.02, 30.6, 63.9, 125, 64.56, 87.89, , , , , 
1/30/2020 8:02:20 PM, 3294.5, 9236.5, 1650.8, 327.68, 222.6, 163.93, 323.87, 172.78, 245.81, 98.02, 30.6, 63.9, 125, 64.56, 87.89, , , , , 
1/30/2020 8:02:23 PM, 3294.5, 9236.75, 1651.1, 327.68, 222.6, 163.93, 323.87, 172.78, 245.81, 98.02, 30.6, 63.9, 125, 64.56, 87.89, , , , , 
1/30/2020 8:02:26 PM, 3294.25, 9235.5, 1651.1, 327.68, 222.6, 163.93, 323.87, 172.78, 245.81, 98.02, 30.6, 63.9, 125, 64.56, 87.89, , , , , 
1/30/2020 8:02:29 PM, 3294, 9235.25, 1651.1, 327.68, 222.6, 163.93, 323.87, 172.78, 245.81, 98.02, 30.6, 63.9, 125, 64.56, 87.89, , , , , 
1/30/2020 8:02:32 PM, 3294, 9235, 1650.8, 327.68, 222.6, 163.93, 323.87, 172.78, 245.81, 98.02, 30.6, 63.9, 125, 64.56, 87.89, , , , , 
1/30/2020 8:02:35 PM, 3294.25, 9235.25, 1650.8, 327.68, 222.6, 163.93, 323.87, 172.78, 245.81, 98.02, 30.6, 63.9, 125, 64.56, 87.89, , , , , 
1/30/2020 8:02:38 PM, 3294.25, 9235.25, 1650.8, 327.68, 222.6, 163.93, 323.87, 172.78, 245.81, 98.02, 30.6, 63.9, 125, 64.56, 87.89, , , , , 
1/30/2020 8:02:42 PM, 3294, 9235, 1650.8, 327.68, 222.6, 163.93, 323.87, 172.78, 245.81, 98.02, 30.6, 63.9, 125, 64.56, 87.89, , , , , 
1/30/2020 8:02:45 PM, 3293.5, 9232.75, 1650.8, 327.68, 222.6, 163.93, 323.87, 172.78, 245.81, 98.02, 30.6, 63.9, 125, 64.56, 87.89, , , , , 
1/30/2020 8:02:48 PM, 3293.75, 9233.75, 1650.8, 327.68, 222.6, 163.93, 323.87, 172.78, 245.81, 98.02, 30.6, 63.9, 125, 64.56, 87.89, , , , , 
1/30/2020 8:02:51 PM, 3293.75, 9233, 1650.8, 327.68, 222.6, 163.93, 323.87, 172.78, 245.81, 98.02, 30.6, 63.9, 125, 64.56, 87.89, , , , , 
1/30/2020 8:02:54 PM, 3293.75, 9233.5, 1650.8, 327.68, 222.6, 163.93, 323.87, 172.78, 245.81, 98.02, 30.6, 63.9, 125, 64.56, 87.89, , , , , 
1/30/2020 8:02:57 PM, 3293.75, 9233, 1650.8, 327.68, 222.6, 163.93, 323.87, 172.78, 245.81, 98.02, 30.6, 63.9, 125, 64.56, 87.89, , , , , 
1/30/2020 8:03:00 PM, 3293.75, 9233.75, 1650.8, 327.68, 222.6, 163.93, 323.87, 172.78, 245.81, 98.02, 30.6, 63.9, 125, 64.56, 87.89, , , , , 
1/30/2020 8:03:03 PM, 3294.25, 9234.75, 1650.8, 327.68, 222.6, 163.93, 323.87, 172.78, 245.81, 98.02, 30.6, 63.9, 125, 64.56, 87.89, , , , , 
1/30/2020 8:03:06 PM, 3294.5, 9235.5, 1650.7, 327.68, 222.6, 163.93, 323.87, 172.78, 245.81, 98.02, 30.6, 63.9, 125, 64.56, 87.89, , , , , 
1/30/2020 8:03:09 PM, 3294.25, 9235.5, 1650.7, 327.68, 222.6, 163.93, 323.87, 172.78, 245.81, 98.02, 30.6, 63.9, 125, 64.56, 87.89, , , , , 
1/30/2020 8:03:12 PM, 3294.5, 9236.25, 1650.7, 327.68, 222.6, 163.93, 323.87, 172.78, 245.81, 98.02, 30.6, 63.9, 125, 64.56, 87.89, , , , , 
1/30/2020 8:03:15 PM, 3294.5, 9236, 1650.7, 327.68, 222.6, 163.93, 323.87, 172.78, 245.81, 98.02, 30.6, 63.9, 125, 64.56, 87.89, , , , , 
1/30/2020 8:03:18 PM, 3294.5, 9236.5, 1650.7, 327.68, 222.6, 163.93, 323.87, 172.78, 245.81, 98.02, 30.6, 63.9, 125, 64.56, 87.89, , , , , 
1/30/2020 8:03:21 PM, 3294.75, 9236.25, 1650.7, 327.68, 222.6, 163.93, 323.87, 172.78, 245.81, 98.02, 30.6, 63.9, 125, 64.56, 87.89, , , , , 
1/30/2020 8:03:24 PM, 3294.75, 9236.75, 1650.7, 327.68, 222.6, 163.93, 323.87, 172.78, 245.81, 98.02, 30.6, 63.9, 125, 64.56, 87.89, , , , , 
1/30/2020 8:03:27 PM, 3294.5, 9236.25, 1651, 327.68, 222.6, 163.93, 323.87, 172.78, 245.81, 98.02, 30.6, 63.9, 125, 64.56, 87.89, , , , , 
1/30/2020 8:03:30 PM, 3294.75, 9237, 1651.1, 327.68, 222.6, 163.93, 323.87, 172.78, 245.81, 98.02, 30.6, 63.9, 125, 64.56, 87.89, , , , , 
1/30/2020 8:03:33 PM, 3294.75, 9237.25, 1651.1, 327.68, 222.6, 163.93, 323.87, 172.78, 245.81, 98.02, 30.6, 63.9, 125, 64.56, 87.89, , , , , 
1/30/2020 8:03:36 PM, 3295.5, 9239, 1651.5, 327.68, 222.6, 163.93, 323.87, 172.78, 245.81, 98.02, 30.6, 63.9, 125, 64.56, 87.89, , , , , 
1/30/2020 8:03:39 PM, 3295.75, 9239.5, 1651.5, 327.68, 222.6, 163.93, 323.87, 172.78, 245.81, 98.02, 30.6, 63.9, 125, 64.56, 87.89, , , , , 
1/30/2020 8:03:42 PM, 3295.5, 9239, 1651.5, 327.68, 222.6, 163.93, 323.87, 172.78, 245.81, 98.02, 30.6, 63.9, 125, 64.56, 87.89, , , , , 
1/30/2020 8:03:45 PM, 3295.5, 9238.25, 1651.5, 327.68, 222.6, 163.93, 323.87, 172.78, 245.81, 98.02, 30.6, 63.9, 125, 64.56, 87.89, , , , , 
1/30/2020 8:03:48 PM, 3295.25, 9238.5, 1651.3, 327.68, 222.6, 163.93, 323.87, 172.78, 245.81, 98.02, 30.6, 63.9, 125, 64.56, 87.89, , , , , 
1/30/2020 8:03:51 PM, 3295.25, 9238, 1651.3, 327.68, 222.6, 163.93, 323.87, 172.78, 245.81, 98.02, 30.6, 63.9, 125, 64.56, 87.89, , , , , 
1/30/2020 8:03:54 PM, 3295.25, 9238, 1651.2, 327.68, 222.6, 163.93, 323.87, 172.78, 245.81, 98.02, 30.6, 63.9, 125, 64.56, 87.89, , , , , 
1/30/2020 8:03:57 PM, 3295.25, 9238, 1651.2, 327.68, 222.6, 163.93, 323.87, 172.78, 245.81, 98.02, 30.6, 63.9, 125, 64.56, 87.89, , , , , 
1/30/2020 8:04:00 PM, 3295.5, 9239.25, 1651.7, 327.68, 222.6, 163.93, 323.87, 172.78, 245.81, 98.02, 30.6, 63.9, 125, 64.56, 87.89, , , , , 
1/30/2020 8:04:03 PM, 3295.75, 9239, 1651.7, 327.68, 222.6, 163.93, 323.87, 172.78, 245.81, 98.02, 30.6, 63.9, 125, 64.56, 87.89, , , , , 
1/30/2020 8:04:06 PM, 3295.5, 9238.75, 1651.5, 327.68, 222.6, 163.93, 323.87, 172.78, 245.81, 98.02, 30.6, 63.9, 125, 64.56, 87.89, , , , , 
1/30/2020 8:04:09 PM, 3295.25, 9238, 1651.5, 327.68, 222.6, 163.93, 323.87, 172.78, 245.81, 98.02, 30.6, 63.9, 125, 64.56, 87.89, , , , , 
1/30/2020 8:04:12 PM, 3295.25, 9239, 1651.6, 327.68, 222.6, 163.93, 323.87, 172.78, 245.81, 98.02, 30.6, 63.9, 125, 64.56, 87.89, , , , , 
1/30/2020 8:04:15 PM, 3295.25, 9238.75, 1651.6, 327.68, 222.6, 163.93, 323.87, 172.78, 245.81, 98.02, 30.6, 63.9, 125, 64.56, 87.89, , , , , 
1/30/2020 8:04:18 PM, 3295.5, 9238, 1651.6, 327.68, 222.6, 163.93, 323.87, 172.78, 245.81, 98.02, 30.6, 63.9, 125, 64.56, 87.89, , , , , 
1/30/2020 8:04:21 PM, 3295.75, 9239, 1651.6, 327.68, 222.6, 163.93, 323.87, 172.78, 245.81, 98.02, 30.6, 63.9, 125, 64.56, 87.89, , , , , 
1/30/2020 8:04:24 PM, 3295.75, 9239.25, 1651.9, 327.68, 222.6, 163.93, 323.87, 172.78, 245.81, 98.02, 30.6, 63.9, 125, 64.56, 87.89, , , , , 
1/30/2020 8:04:27 PM, 3296.25, 9242, 1651.9, 327.68, 222.6, 163.93, 323.87, 172.78, 245.81, 98.02, 30.6, 63.9, 125, 64.56, 87.89, , , , , 
1/30/2020 8:04:30 PM, 3296.25, 9241.25, 1651.8, 327.68, 222.6, 163.93, 323.87, 172.78, 245.81, 98.02, 30.6, 63.9, 125, 64.56, 87.89, , , , , 
1/30/2020 8:04:34 PM, 3296, 9240.5, 1651.7, 327.68, 222.6, 163.93, 323.87, 172.78, 245.81, 98.02, 30.6, 63.9, 125, 64.56, 87.89, , , , , 
1/30/2020 8:04:37 PM, 3296, 9240, 1651.7, 327.68, 222.6, 163.93, 323.87, 172.78, 245.81, 98.02, 30.6, 63.9, 125, 64.56, 87.89, , , , , 
1/30/2020 8:04:40 PM, 3296, 9240.5, 1651.7, 327.68, 222.6, 163.93, 323.87, 172.78, 245.81, 98.02, 30.6, 63.9, 125, 64.56, 87.89, , , , , 
1/30/2020 8:04:43 PM, 3295.75, 9240.75, 1651.7, 327.68, 222.6, 163.93, 323.87, 172.78, 245.81, 98.02, 30.6, 63.9, 125, 64.56, 87.89, , , , , 
1/30/2020 8:04:46 PM, 3296, 9240.75, 1651.8, 327.68, 222.6, 163.93, 323.87, 172.78, 245.81, 98.02, 30.6, 63.9, 125, 64.56, 87.89, , , , , 
1/30/2020 8:04:49 PM, 3296, 9241.5, 1651.9, 327.68, 222.6, 163.93, 323.87, 172.78, 245.81, 98.02, 30.6, 63.9, 125, 64.56, 87.89, , , , , 
1/30/2020 8:04:52 PM, 3295.75, 9240.25, 1651.8, 327.68, 222.6, 163.93, 323.87, 172.78, 245.81, 98.02, 30.6, 63.9, 125, 64.56, 87.89, , , , , 
1/30/2020 8:04:55 PM, 3296, 9241, 1651.8, 327.68, 222.6, 163.93, 323.87, 172.78, 245.81, 98.02, 30.6, 63.9, 125, 64.56, 87.89, , , , , 
1/30/2020 8:04:58 PM, 3295.75, 9240, 1651.7, 327.68, 222.6, 163.93, 323.87, 172.78, 245.81, 98.02, 30.6, 63.9, 125, 64.56, 87.89, , , , , 
1/30/2020 8:05:01 PM, 3295.5, 9239.75, 1651.6, 327.68, 222.6, 163.93, 323.87, 172.78, 245.81, 98.02, 30.6, 63.9, 125, 64.56, 87.89, , , , , 
1/30/2020 8:05:04 PM, 3295.75, 9240.25, 1651.7, 327.68, 222.6, 163.93, 323.87, 172.78, 245.81, 98.02, 30.6, 63.9, 125, 64.56, 87.89, , , , , 
1/30/2020 8:05:07 PM, 3295.25, 9238.25, 1651.6, 327.68, 222.6, 163.93, 323.87, 172.78, 245.81, 98.02, 30.6, 63.9, 125, 64.56, 87.89, , , , , 
1/30/2020 8:05:10 PM, 3295, 9237.25, 1651.6, 327.68, 222.6, 163.93, 323.87, 172.78, 245.81, 98.02, 30.6, 63.9, 125, 64.56, 87.89, , , , , 
1/30/2020 8:05:13 PM, 3295.25, 9238.25, 1651.4, 327.68, 222.6, 163.93, 323.87, 172.78, 245.81, 98.02, 30.6, 63.9, 125, 64.56, 87.89, , , , , 
1/30/2020 8:05:16 PM, 3295, 9237.5, 1651.4, 327.68, 222.6, 163.93, 323.87, 172.78, 245.81, 98.02, 30.6, 63.9, 125, 64.56, 87.89, , , , , 
1/30/2020 8:05:19 PM, 3294.75, 9236.75, 1651.4, 327.68, 222.6, 163.93, 323.87, 172.78, 245.81, 98.02, 30.6, 63.9, 125, 64.56, 87.89, , , , , 
1/30/2020 8:05:22 PM, 3294.5, 9236.25, 1651.2, 327.68, 222.6, 163.93, 323.87, 172.78, 245.81, 98.02, 30.6, 63.9, 125, 64.56, 87.89, , , , , 
1/30/2020 8:05:25 PM, 3295, 9237.75, 1651.5, 327.68, 222.6, 163.93, 323.87, 172.78, 245.81, 98.02, 30.6, 63.9, 125, 64.56, 87.89, , , , , 
1/30/2020 8:05:28 PM, 3295, 9237.75, 1651.5, 327.68, 222.6, 163.93, 323.87, 172.78, 245.81, 98.02, 30.6, 63.9, 125, 64.56, 87.89, , , , , 
1/30/2020 8:05:31 PM, 3295, 9237.75, 1651.6, 327.68, 222.6, 163.93, 323.87, 172.78, 245.81, 98.02, 30.6, 63.9, 125, 64.56, 87.89, , , , , 
1/30/2020 8:05:34 PM, 3295, 9237.75, 1651.6, 327.68, 222.6, 163.93, 323.87, 172.78, 245.81, 98.02, 30.6, 63.9, 125, 64.56, 87.89, , , , , 
1/30/2020 8:05:37 PM, 3295.25, 9237.75, 1651.6, 327.68, 222.6, 163.93, 323.87, 172.78, 245.81, 98.02, 30.6, 63.9, 125, 64.56, 87.89, , , , , 
1/30/2020 8:05:40 PM, 3295.25, 9237.75, 1651.6, 327.68, 222.6, 163.93, 323.87, 172.78, 245.81, 98.02, 30.6, 63.9, 125, 64.56, 87.89, , , , , 
1/30/2020 8:05:43 PM, 3295, 9238.5, 1651.7, 327.68, 222.6, 163.93, 323.87, 172.78, 245.81, 98.02, 30.6, 63.9, 125, 64.56, 87.89, , , , , 
1/30/2020 8:05:46 PM, 3295, 9238.5, 1651.7, 327.68, 222.6, 163.93, 323.87, 172.78, 245.81, 98.02, 30.6, 63.9, 125, 64.56, 87.89, , , , , 
1/30/2020 8:05:49 PM, 3295, 9238, 1651.5, 327.68, 222.6, 163.93, 323.87, 172.78, 245.81, 98.02, 30.6, 63.9, 125, 64.56, 87.89, , , , , 
1/30/2020 8:05:52 PM, 3295, 9238, 1651.5, 327.68, 222.6, 163.93, 323.87, 172.78, 245.81, 98.02, 30.6, 63.9, 125, 64.56, 87.89, , , , , 
1/30/2020 8:05:55 PM, 3294.5, 9236.75, 1651.4, 327.68, 222.6, 163.93, 323.87, 172.78, 245.81, 98.02, 30.6, 63.9, 125, 64.56, 87.89, , , , , 
1/30/2020 8:05:58 PM, 3294.5, 9236.75, 1651.4, 327.68, 222.6, 163.93, 323.87, 172.78, 245.81, 98.02, 30.6, 63.9, 125, 64.56, 87.89, , , , , 
1/30/2020 8:06:01 PM, 3294.75, 9238, 1651.5, 327.68, 222.6, 163.93, 323.87, 172.78, 245.81, 98.02, 30.6, 63.9, 125, 64.56, 87.89, , , , , 
1/30/2020 8:06:04 PM, 3294.75, 9238, 1651.5, 327.68, 222.6, 163.93, 323.87, 172.78, 245.81, 98.02, 30.6, 63.9, 125, 64.56, 87.89, , , , , 
1/30/2020 8:06:07 PM, 3295, 9238.75, 1651.5, 327.68, 222.6, 163.93, 323.87, 172.78, 245.81, 98.02, 30.6, 63.9, 125, 64.56, 87.89, , , , , 
1/30/2020 8:06:10 PM, 3295, 9238.75, 1651.5, 327.68, 222.6, 163.93, 323.87, 172.78, 245.81, 98.02, 30.6, 63.9, 125, 64.56, 87.89, , , , , 
1/30/2020 8:06:13 PM, 3295, 9238.5, 1651.5, 327.68, 222.6, 163.93, 323.87, 172.78, 245.81, 98.02, 30.6, 63.9, 125, 64.56, 87.89, , , , , 
1/30/2020 8:06:16 PM, 3295, 9238.5, 1651.5, 327.68, 222.6, 163.93, 323.87, 172.78, 245.81, 98.02, 30.6, 63.9, 125, 64.56, 87.89, , , , , 
1/30/2020 8:06:19 PM, 3295.25, 9240.25, 1651.5, 327.68, 222.6, 163.93, 323.87, 172.78, 245.81, 98.02, 30.6, 63.9, 125, 64.56, 87.89, , , , , 
1/30/2020 8:06:22 PM, 3295.25, 9240.25, 1651.5, 327.68, 222.6, 163.93, 323.87, 172.78, 245.81, 98.02, 30.6, 63.9, 125, 64.56, 87.89, , , , , 
1/30/2020 8:06:25 PM, 3295.75, 9241.25, 1652, 327.68, 222.6, 163.93, 323.87, 172.78, 245.81, 98.02, 30.6, 63.9, 125, 64.56, 87.89, , , , , 
1/30/2020 8:06:28 PM, 3295.75, 9241.25, 1652, 327.68, 222.6, 163.93, 323.87, 172.78, 245.81, 98.02, 30.6, 63.9, 125, 64.56, 87.89, , , , , 
1/30/2020 8:06:32 PM, 3296, 9242.5, 1652, 327.68, 222.6, 163.93, 323.87, 172.78, 245.81, 98.02, 30.6, 63.9, 125, 64.56, 87.89, , , , , 
1/30/2020 8:06:35 PM, 3296, 9242.5, 1652, 327.68, 222.6, 163.93, 323.87, 172.78, 245.81, 98.02, 30.6, 63.9, 125, 64.56, 87.89, , , , , 
1/30/2020 8:06:38 PM, 3296, 9242.25, 1652, 327.68, 222.6, 163.93, 323.87, 172.78, 245.81, 98.02, 30.6, 63.9, 125, 64.56, 87.89, , , , , 
1/30/2020 8:06:41 PM, 3296, 9242.25, 1652, 327.68, 222.6, 163.93, 323.87, 172.78, 245.81, 98.02, 30.6, 63.9, 125, 64.56, 87.89, , , , , 
1/30/2020 8:06:44 PM, 3296, 9242, 1651.9, 327.68, 222.6, 163.93, 323.87, 172.78, 245.81, 98.02, 30.6, 63.9, 125, 64.56, 87.89, , , , , 
1/30/2020 8:06:47 PM, 3296, 9242, 1651.9, 327.68, 222.6, 163.93, 323.87, 172.78, 245.81, 98.02, 30.6, 63.9, 125, 64.56, 87.89, , , , , 
1/30/2020 8:06:50 PM, 3296, 9242.5, 1651.9, 327.68, 222.6, 163.93, 323.87, 172.78, 245.81, 98.02, 30.6, 63.9, 125, 64.56, 87.89, , , , , 
1/30/2020 8:06:53 PM, 3296, 9242.5, 1651.9, 327.68, 222.6, 163.93, 323.87, 172.78, 245.81, 98.02, 30.6, 63.9, 125, 64.56, 87.89, , , , , 
1/30/2020 8:06:56 PM, 3295.75, 9241.25, 1652, 327.68, 222.6, 163.93, 323.87, 172.78, 245.81, 98.02, 30.6, 63.9, 125, 64.56, 87.89, , , , , 
1/30/2020 8:06:59 PM, 3295.75, 9241.25, 1652, 327.68, 222.6, 163.93, 323.87, 172.78, 245.81, 98.02, 30.6, 63.9, 125, 64.56, 87.89, , , , , 
1/30/2020 8:07:02 PM, 3296, 9242.25, 1652.2, 327.68, 222.6, 163.93, 323.87, 172.78, 245.81, 98.02, 30.6, 63.9, 125, 64.56, 87.89, , , , , 
1/30/2020 8:07:05 PM, 3296, 9242.25, 1652.2, 327.68, 222.6, 163.93, 323.87, 172.78, 245.81, 98.02, 30.6, 63.9, 125, 64.56, 87.89, , , , , 
1/30/2020 8:07:08 PM, 3296.5, 9244, 1652.3, 327.68, 222.6, 163.93, 323.87, 172.78, 245.81, 98.02, 30.6, 63.9, 125, 64.56, 87.89, , , , , 
1/30/2020 8:07:11 PM, 3296.5, 9244, 1652.3, 327.68, 222.6, 163.93, 323.87, 172.78, 245.81, 98.02, 30.6, 63.9, 125, 64.56, 87.89, , , , , 
1/30/2020 8:07:14 PM, 3296.5, 9244.5, 1652.5, 327.68, 222.6, 163.93, 323.87, 172.78, 245.81, 98.02, 30.6, 63.9, 125, 64.56, 87.89, , , , , 
1/30/2020 8:07:17 PM, 3296.5, 9244.5, 1652.5, 327.68, 222.6, 163.93, 323.87, 172.78, 245.81, 98.02, 30.6, 63.9, 125, 64.56, 87.89, , , , , 
1/30/2020 8:07:20 PM, 3296.75, 9243.75, 1652.5, 327.68, 222.6, 163.93, 323.87, 172.78, 245.81, 98.02, 30.6, 63.9, 125, 64.56, 87.89, , , , , 
1/30/2020 8:07:23 PM, 3296.75, 9243.75, 1652.5, 327.68, 222.6, 163.93, 323.87, 172.78, 245.81, 98.02, 30.6, 63.9, 125, 64.56, 87.89, , , , , 
1/30/2020 8:07:26 PM, 3296.5, 9242.75, 1652.5, 327.68, 222.6, 163.93, 323.87, 172.78, 245.81, 98.02, 30.6, 63.9, 125, 64.56, 87.89, , , , , 
1/30/2020 8:07:29 PM, 3296.5, 9243, 1652.5, 327.68, 222.6, 163.93, 323.87, 172.78, 245.81, 98.02, 30.6, 63.9, 125, 64.56, 87.89, , , , , 
1/30/2020 8:07:32 PM, 3296.5, 9242.5, 1652.3, 327.68, 222.6, 163.93, 323.87, 172.78, 245.81, 98.02, 30.6, 63.9, 125, 64.56, 87.89, , , , , 
1/30/2020 8:07:35 PM, 3296.25, 9242.25, 1652.3, 327.68, 222.6, 163.93, 323.87, 172.78, 245.81, 98.02, 30.6, 63.9, 125, 64.56, 87.89, , , , , 
1/30/2020 8:07:38 PM, 3296.5, 9242.75, 1652.3, 327.68, 222.6, 163.93, 323.87, 172.78, 245.81, 98.02, 30.6, 63.9, 125, 64.56, 87.89, , , , , 
1/30/2020 8:07:41 PM, 3296.25, 9242.5, 1652.3, 327.68, 222.6, 163.93, 323.87, 172.78, 245.81, 98.02, 30.6, 63.9, 125, 64.56, 87.89, , , , , 
1/30/2020 8:07:44 PM, 3296.25, 9242.75, 1652.3, 327.68, 222.6, 163.93, 323.87, 172.78, 245.81, 98.02, 30.6, 63.9, 125, 64.56, 87.89, , , , , 
1/30/2020 8:07:47 PM, 3296.5, 9242.75, 1652.4, 327.68, 222.6, 163.93, 323.87, 172.78, 245.81, 98.02, 30.6, 63.9, 125, 64.56, 87.89, , , , , 
1/30/2020 8:07:50 PM, 3296.25, 9241.5, 1652.2, 327.68, 222.6, 163.93, 323.87, 172.78, 245.81, 98.02, 30.6, 63.9, 125, 64.56, 87.89, , , , , 
1/30/2020 8:07:53 PM, 3296, 9242.25, 1652.1, 327.68, 222.6, 163.93, 323.87, 172.78, 245.81, 98.02, 30.6, 63.9, 125, 64.56, 87.89, , , , , 
1/30/2020 8:07:56 PM, 3296, 9242, 1652.1, 327.68, 222.6, 163.93, 323.87, 172.78, 245.81, 98.02, 30.6, 63.9, 125, 64.56, 87.89, , , , , 
1/30/2020 8:07:59 PM, 3295.5, 9241.5, 1651.8, 327.68, 222.6, 163.93, 323.87, 172.78, 245.81, 98.02, 30.6, 63.9, 125, 64.56, 87.89, , , , , 
1/30/2020 8:08:02 PM, 3295.75, 9242, 1651.9, 327.68, 222.6, 163.93, 323.87, 172.78, 245.81, 98.02, 30.6, 63.9, 125, 64.56, 87.89, , , , , 
1/30/2020 8:08:05 PM, 3296, 9242.5, 1651.9, 327.68, 222.6, 163.93, 323.87, 172.78, 245.81, 98.02, 30.6, 63.9, 125, 64.56, 87.89, , , , , 
1/30/2020 8:08:08 PM, 3295.75, 9241.75, 1652, 327.68, 222.6, 163.93, 323.87, 172.78, 245.81, 98.02, 30.6, 63.9, 125, 64.56, 87.89, , , , , 
1/30/2020 8:08:11 PM, 3295.75, 9241.25, 1651.8, 327.68, 222.6, 163.93, 323.87, 172.78, 245.81, 98.02, 30.6, 63.9, 125, 64.56, 87.89, , , , , 
1/30/2020 8:08:15 PM, 3295.75, 9241.25, 1651.8, 327.68, 222.6, 163.93, 323.87, 172.78, 245.81, 98.02, 30.6, 63.9, 125, 64.56, 87.89, , , , , 
1/30/2020 8:08:18 PM, 3295.5, 9241.25, 1651.8, 327.68, 222.6, 163.93, 323.87, 172.78, 245.81, 98.02, 30.6, 63.9, 125, 64.56, 87.89, , , , , 
1/30/2020 8:08:21 PM, 3295.75, 9242, 1651.8, 327.68, 222.6, 163.93, 323.87, 172.78, 245.81, 98.02, 30.6, 63.9, 125, 64.56, 87.89, , , , , 
1/30/2020 8:08:24 PM, 3295.75, 9241.5, 1651.8, 327.68, 222.6, 163.93, 323.87, 172.78, 245.81, 98.02, 30.6, 63.9, 125, 64.56, 87.89, , , , , 
1/30/2020 8:08:27 PM, 3295.75, 9241.5, 1651.8, 327.68, 222.6, 163.93, 323.87, 172.78, 245.81, 98.02, 30.6, 63.9, 125, 64.56, 87.89, , , , , 
1/30/2020 8:08:30 PM, 3295.75, 9241.5, 1651.8, 327.68, 222.6, 163.93, 323.87, 172.78, 245.81, 98.02, 30.6, 63.9, 125, 64.56, 87.89, , , , , 
1/30/2020 8:08:33 PM, 3295.75, 9242, 1651.8, 327.68, 222.6, 163.93, 323.87, 172.78, 245.81, 98.02, 30.6, 63.9, 125, 64.56, 87.89, , , , , 
1/30/2020 8:08:36 PM, 3295.75, 9241.75, 1651.8, 327.68, 222.6, 163.93, 323.87, 172.78, 245.81, 98.02, 30.6, 63.9, 125, 64.56, 87.89, , , , , 
1/30/2020 8:08:39 PM, 3296, 9242.5, 1652, 327.68, 222.6, 163.93, 323.87, 172.78, 245.81, 98.02, 30.6, 63.9, 125, 64.56, 87.89, , , , , 
1/30/2020 8:08:42 PM, 3295.75, 9242, 1652, 327.68, 222.6, 163.93, 323.87, 172.78, 245.81, 98.02, 30.6, 63.9, 125, 64.56, 87.89, , , , , 
1/30/2020 8:08:45 PM, 3295.75, 9241.75, 1652, 327.68, 222.6, 163.93, 323.87, 172.78, 245.81, 98.02, 30.6, 63.9, 125, 64.56, 87.89, , , , , 
1/30/2020 8:08:48 PM, 3295.25, 9241, 1652, 327.68, 222.6, 163.93, 323.87, 172.78, 245.81, 98.02, 30.6, 63.9, 125, 64.56, 87.89, , , , , 
1/30/2020 8:08:51 PM, 3295.25, 9239.5, 1651.5, 327.68, 222.6, 163.93, 323.87, 172.78, 245.81, 98.02, 30.6, 63.9, 125, 64.56, 87.89, , , , , 
1/30/2020 8:08:54 PM, 3295, 9239.75, 1651.4, 327.68, 222.6, 163.93, 323.87, 172.78, 245.81, 98.02, 30.6, 63.9, 125, 64.56, 87.89, , , , , 
1/30/2020 8:08:57 PM, 3295.25, 9240.25, 1651.4, 327.68, 222.6, 163.93, 323.87, 172.78, 245.81, 98.02, 30.6, 63.9, 125, 64.56, 87.89, , , , , 
1/30/2020 8:09:00 PM, 3295.25, 9240.25, 1651.4, 327.68, 222.6, 163.93, 323.87, 172.78, 245.81, 98.02, 30.6, 63.9, 125, 64.56, 87.89, , , , , 
1/30/2020 8:09:03 PM, 3295.25, 9240.25, 1651.4, 327.68, 222.6, 163.93, 323.87, 172.78, 245.81, 98.02, 30.6, 63.9, 125, 64.56, 87.89, , , , , 
1/30/2020 8:09:06 PM, 3295.25, 9241.25, 1651.4, 327.68, 222.6, 163.93, 323.87, 172.78, 245.81, 98.02, 30.6, 63.9, 125, 64.56, 87.89, , , , , 
1/30/2020 8:09:09 PM, 3295.5, 9241.25, 1651.8, 327.68, 222.6, 163.93, 323.87, 172.78, 245.81, 98.02, 30.6, 63.9, 125, 64.56, 87.89, , , , , 
1/30/2020 8:09:12 PM, 3295.5, 9241, 1651.7, 327.68, 222.6, 163.93, 323.87, 172.78, 245.81, 98.02, 30.6, 63.9, 125, 64.56, 87.89, , , , , 
1/30/2020 8:09:15 PM, 3295.25, 9241.5, 1651.7, 327.68, 222.6, 163.93, 323.87, 172.78, 245.81, 98.02, 30.6, 63.9, 125, 64.56, 87.89, , , , , 
1/30/2020 8:09:18 PM, 3295.75, 9242.25, 1651.7, 327.68, 222.6, 163.93, 323.87, 172.78, 245.81, 98.02, 30.6, 63.9, 125, 64.56, 87.89, , , , , 
1/30/2020 8:09:21 PM, 3295.75, 9242.75, 1651.7, 327.68, 222.6, 163.93, 323.87, 172.78, 245.81, 98.02, 30.6, 63.9, 125, 64.56, 87.89, , , , , 
1/30/2020 8:09:24 PM, 3296, 9243.5, 1652, 327.68, 222.6, 163.93, 323.87, 172.78, 245.81, 98.02, 30.6, 63.9, 125, 64.56, 87.89, , , , , 
1/30/2020 8:09:27 PM, 3296, 9244, 1652, 327.68, 222.6, 163.93, 323.87, 172.78, 245.81, 98.02, 30.6, 63.9, 125, 64.56, 87.89, , , , , 
1/30/2020 8:09:30 PM, 3296.25, 9244.25, 1652, 327.68, 222.6, 163.93, 323.87, 172.78, 245.81, 98.02, 30.6, 63.9, 125, 64.56, 87.89, , , , , 
1/30/2020 8:09:33 PM, 3296, 9244.25, 1652, 327.68, 222.6, 163.93, 323.87, 172.78, 245.81, 98.02, 30.6, 63.9, 125, 64.56, 87.89, , , , , 
1/30/2020 8:09:36 PM, 3296, 9243.5, 1652, 327.68, 222.6, 163.93, 323.87, 172.78, 245.81, 98.02, 30.6, 63.9, 125, 64.56, 87.89, , , , , 
1/30/2020 8:09:39 PM, 3295.75, 9243, 1652, 327.68, 222.6, 163.93, 323.87, 172.78, 245.81, 98.02, 30.6, 63.9, 125, 64.56, 87.89, , , , , 
1/30/2020 8:09:42 PM, 3296, 9243.25, 1652, 327.68, 222.6, 163.93, 323.87, 172.78, 245.81, 98.02, 30.6, 63.9, 125, 64.56, 87.89, , , , , 
1/30/2020 8:09:45 PM, 3296.5, 9245, 1652, 327.68, 222.6, 163.93, 323.87, 172.78, 245.81, 98.02, 30.6, 63.9, 125, 64.56, 87.89, , , , , 
1/30/2020 8:09:48 PM, 3296.5, 9245, 1652, 327.68, 222.6, 163.93, 323.87, 172.78, 245.81, 98.02, 30.6, 63.9, 125, 64.56, 87.89, , , , , 
1/30/2020 8:09:51 PM, 3296.25, 9244.25, 1652, 327.68, 222.6, 163.93, 323.87, 172.78, 245.81, 98.02, 30.6, 63.9, 125, 64.56, 87.89, , , , , 
1/30/2020 8:09:54 PM, 3296.25, 9244, 1652.2, 327.68, 222.6, 163.93, 323.87, 172.78, 245.81, 98.02, 30.6, 63.9, 125, 64.56, 87.89, , , , , 
1/30/2020 8:09:57 PM, 3296.25, 9244, 1652.2, 327.68, 222.6, 163.93, 323.87, 172.78, 245.81, 98.02, 30.6, 63.9, 125, 64.56, 87.89, , , , , 
1/30/2020 8:10:01 PM, 3296.5, 9244.25, 1652.2, 327.68, 222.6, 163.93, 323.87, 172.78, 245.81, 98.02, 30.6, 63.9, 125, 64.56, 87.89, , , , , 
1/30/2020 8:10:04 PM, 3296, 9243, 1652.2, 327.68, 222.6, 163.93, 323.87, 172.78, 245.81, 98.02, 30.6, 63.9, 125, 64.56, 87.89, , , , , 
1/30/2020 8:10:07 PM, 3296, 9243.5, 1652.2, 327.68, 222.6, 163.93, 323.87, 172.78, 245.81, 98.02, 30.6, 63.9, 125, 64.56, 87.89, , , , , 
1/30/2020 8:10:10 PM, 3296.25, 9243.25, 1652.1, 327.68, 222.6, 163.93, 323.87, 172.78, 245.81, 98.02, 30.6, 63.9, 125, 64.56, 87.89, , , , , 
1/30/2020 8:10:13 PM, 3296, 9243, 1652.1, 327.68, 222.6, 163.93, 323.87, 172.78, 245.81, 98.02, 30.6, 63.9, 125, 64.56, 87.89, , , , , 
1/30/2020 8:10:16 PM, 3296, 9243.25, 1652, 327.68, 222.6, 163.93, 323.87, 172.78, 245.81, 98.02, 30.6, 63.9, 125, 64.56, 87.89, , , , , 
1/30/2020 8:10:19 PM, 3296, 9242.5, 1652, 327.68, 222.6, 163.93, 323.87, 172.78, 245.81, 98.02, 30.6, 63.9, 125, 64.56, 87.89, , , , , 
1/30/2020 8:10:22 PM, 3296.25, 9243.25, 1652, 327.68, 222.6, 163.93, 323.87, 172.78, 245.81, 98.02, 30.6, 63.9, 125, 64.56, 87.89, , , , , 
1/30/2020 8:10:25 PM, 3296.25, 9243.75, 1652.3, 327.68, 222.6, 163.93, 323.87, 172.78, 245.81, 98.02, 30.6, 63.9, 125, 64.56, 87.89, , , , , 
1/30/2020 8:10:28 PM, 3296.5, 9244.25, 1652.3, 327.68, 222.6, 163.93, 323.87, 172.78, 245.81, 98.02, 30.6, 63.9, 125, 64.56, 87.89, , , , , 
1/30/2020 8:10:31 PM, 3296.5, 9244.5, 1652.4, 327.68, 222.6, 163.93, 323.87, 172.78, 245.81, 98.02, 30.6, 63.9, 125, 64.56, 87.89, , , , , 
1/30/2020 8:10:34 PM, 3296.5, 9245, 1652.3, 327.68, 222.6, 163.93, 323.87, 172.78, 245.81, 98.02, 30.6, 63.9, 125, 64.56, 87.89, , , , , 
1/30/2020 8:10:37 PM, 3296.5, 9245.75, 1652.3, 327.68, 222.6, 163.93, 323.87, 172.78, 245.81, 98.02, 30.6, 63.9, 125, 64.56, 87.89, , , , , 
1/30/2020 8:10:40 PM, 3296.75, 9246, 1652.6, 327.68, 222.6, 163.93, 323.87, 172.78, 245.81, 98.02, 30.6, 63.9, 125, 64.56, 87.89, , , , , 
1/30/2020 8:10:43 PM, 3296.5, 9245, 1652.6, 327.68, 222.6, 163.93, 323.87, 172.78, 245.81, 98.02, 30.6, 63.9, 125, 64.56, 87.89, , , , , 
1/30/2020 8:10:46 PM, 3296.25, 9245, 1652.6, 327.68, 222.6, 163.93, 323.87, 172.78, 245.81, 98.02, 30.6, 63.9, 125, 64.56, 87.89, , , , , 
1/30/2020 8:10:49 PM, 3296.25, 9245, 1652.6, 327.68, 222.6, 163.93, 323.87, 172.78, 245.81, 98.02, 30.6, 63.9, 125, 64.56, 87.89, , , , , 
1/30/2020 8:10:52 PM, 3296.75, 9245.75, 1652.6, 327.68, 222.6, 163.93, 323.87, 172.78, 245.81, 98.02, 30.6, 63.9, 125, 64.56, 87.89, , , , , 
1/30/2020 8:10:55 PM, 3296.5, 9245.25, 1652.6, 327.68, 222.6, 163.93, 323.87, 172.78, 245.81, 98.02, 30.6, 63.9, 125, 64.56, 87.89, , , , , 
1/30/2020 8:10:58 PM, 3296.5, 9245.25, 1652.6, 327.68, 222.6, 163.93, 323.87, 172.78, 245.81, 98.02, 30.6, 63.9, 125, 64.56, 87.89, , , , , 
1/30/2020 8:11:01 PM, 3297.25, 9247.25, 1652.8, 327.68, 222.6, 163.93, 323.87, 172.78, 245.81, 98.02, 30.6, 63.9, 125, 64.56, 87.89, , , , , 
1/30/2020 8:11:04 PM, 3297.25, 9247.25, 1652.8, 327.68, 222.6, 163.93, 323.87, 172.78, 245.81, 98.02, 30.6, 63.9, 125, 64.56, 87.89, , , , , 
1/30/2020 8:11:07 PM, 3297.25, 9246.5, 1652.7, 327.68, 222.6, 163.93, 323.87, 172.78, 245.81, 98.02, 30.6, 63.9, 125, 64.56, 87.89, , , , , 
1/30/2020 8:11:10 PM, 3297.25, 9246.5, 1652.7, 327.68, 222.6, 163.93, 323.87, 172.78, 245.81, 98.02, 30.6, 63.9, 125, 64.56, 87.89, , , , , 
1/30/2020 8:11:13 PM, 3296.75, 9245.75, 1652.7, 327.68, 222.6, 163.93, 323.87, 172.78, 245.81, 98.02, 30.6, 63.9, 125, 64.56, 87.89, , , , , 
1/30/2020 8:11:16 PM, 3296.75, 9245.75, 1652.7, 327.68, 222.6, 163.93, 323.87, 172.78, 245.81, 98.02, 30.6, 63.9, 125, 64.56, 87.89, , , , , 
1/30/2020 8:11:19 PM, 3296.5, 9244.5, 1652.4, 327.68, 222.6, 163.93, 323.87, 172.78, 245.81, 98.02, 30.6, 63.9, 125, 64.56, 87.89, , , , , 
1/30/2020 8:11:22 PM, 3296.5, 9244.5, 1652.4, 327.68, 222.6, 163.93, 323.87, 172.78, 245.81, 98.02, 30.6, 63.9, 125, 64.56, 87.89, , , , , 
1/30/2020 8:11:25 PM, 3296.5, 9244.25, 1652.3, 327.68, 222.6, 163.93, 323.87, 172.78, 245.81, 98.02, 30.6, 63.9, 125, 64.56, 87.89, , , , , 
1/30/2020 8:11:28 PM, 3296.5, 9244.25, 1652.3, 327.68, 222.6, 163.93, 323.87, 172.78, 245.81, 98.02, 30.6, 63.9, 125, 64.56, 87.89, , , , , 
1/30/2020 8:11:31 PM, 3296.5, 9243.5, 1652.1, 327.68, 222.6, 163.93, 323.87, 172.78, 245.81, 98.02, 30.6, 63.9, 125, 64.56, 87.89, , , , , 
1/30/2020 8:11:34 PM, 3296.5, 9243.5, 1652.1, 327.68, 222.6, 163.93, 323.87, 172.78, 245.81, 98.02, 30.6, 63.9, 125, 64.56, 87.89, , , , , 
1/30/2020 8:11:37 PM, 3296.5, 9244.25, 1652.1, 327.68, 222.6, 163.93, 323.87, 172.78, 245.81, 98.02, 30.6, 63.9, 125, 64.56, 87.89, , , , , 
1/30/2020 8:11:40 PM, 3296.5, 9244.25, 1652.1, 327.68, 222.6, 163.93, 323.87, 172.78, 245.81, 98.02, 30.6, 63.9, 125, 64.56, 87.89, , , , , 
1/30/2020 8:11:43 PM, 3296.25, 9243.75, 1652.1, 327.68, 222.6, 163.93, 323.87, 172.78, 245.81, 98.02, 30.6, 63.9, 125, 64.56, 87.89, , , , , 
1/30/2020 8:11:46 PM, 3296.25, 9243.75, 1652.1, 327.68, 222.6, 163.93, 323.87, 172.78, 245.81, 98.02, 30.6, 63.9, 125, 64.56, 87.89, , , , , 
1/30/2020 8:11:50 PM, 3296.5, 9244, 1652.1, 327.68, 222.6, 163.93, 323.87, 172.78, 245.81, 98.02, 30.6, 63.9, 125, 64.56, 87.89, , , , , 
1/30/2020 8:11:53 PM, 3296.5, 9244, 1652.1, 327.68, 222.6, 163.93, 323.87, 172.78, 245.81, 98.02, 30.6, 63.9, 125, 64.56, 87.89, , , , , 
1/30/2020 8:11:56 PM, 3296.25, 9243.5, 1652.1, 327.68, 222.6, 163.93, 323.87, 172.78, 245.81, 98.02, 30.6, 63.9, 125, 64.56, 87.89, , , , , 
1/30/2020 8:11:59 PM, 3296.25, 9243.5, 1652.1, 327.68, 222.6, 163.93, 323.87, 172.78, 245.81, 98.02, 30.6, 63.9, 125, 64.56, 87.89, , , , , 
1/30/2020 8:12:02 PM, 3296, 9243.5, 1652.1, 327.68, 222.6, 163.93, 323.87, 172.78, 245.81, 98.02, 30.6, 63.9, 125, 64.56, 87.89, , , , , 
1/30/2020 8:12:05 PM, 3296, 9243.5, 1652.1, 327.68, 222.6, 163.93, 323.87, 172.78, 245.81, 98.02, 30.6, 63.9, 125, 64.56, 87.89, , , , , 
1/30/2020 8:12:08 PM, 3296, 9243.5, 1652.1, 327.68, 222.6, 163.93, 323.87, 172.78, 245.81, 98.02, 30.6, 63.9, 125, 64.56, 87.89, , , , , 
1/30/2020 8:12:11 PM, 3296, 9243.5, 1652.1, 327.68, 222.6, 163.93, 323.87, 172.78, 245.81, 98.02, 30.6, 63.9, 125, 64.56, 87.89, , , , , 
1/30/2020 8:12:14 PM, 3296.25, 9243.75, 1652.1, 327.68, 222.6, 163.93, 323.87, 172.78, 245.81, 98.02, 30.6, 63.9, 125, 64.56, 87.89, , , , , 
1/30/2020 8:12:17 PM, 3296.25, 9243.75, 1652.1, 327.68, 222.6, 163.93, 323.87, 172.78, 245.81, 98.02, 30.6, 63.9, 125, 64.56, 87.89, , , , , 
1/30/2020 8:12:20 PM, 3296.5, 9244.5, 1652.1, 327.68, 222.6, 163.93, 323.87, 172.78, 245.81, 98.02, 30.6, 63.9, 125, 64.56, 87.89, , , , , 
1/30/2020 8:12:23 PM, 3296.5, 9244.5, 1652.1, 327.68, 222.6, 163.93, 323.87, 172.78, 245.81, 98.02, 30.6, 63.9, 125, 64.56, 87.89, , , , , 
1/30/2020 8:12:26 PM, 3296.5, 9244.5, 1652.2, 327.68, 222.6, 163.93, 323.87, 172.78, 245.81, 98.02, 30.6, 63.9, 125, 64.56, 87.89, , , , , 
1/30/2020 8:12:29 PM, 3296.5, 9244.5, 1652.2, 327.68, 222.6, 163.93, 323.87, 172.78, 245.81, 98.02, 30.6, 63.9, 125, 64.56, 87.89, , , , , 
1/30/2020 8:12:32 PM, 3296.5, 9246.25, 1652.3, 327.68, 222.6, 163.93, 323.87, 172.78, 245.81, 98.02, 30.6, 63.9, 125, 64.56, 87.89, , , , , 
1/30/2020 8:12:35 PM, 3296.5, 9246.25, 1652.3, 327.68, 222.6, 163.93, 323.87, 172.78, 245.81, 98.02, 30.6, 63.9, 125, 64.56, 87.89, , , , , 
1/30/2020 8:12:38 PM, 3296.5, 9246.25, 1652.3, 327.68, 222.6, 163.93, 323.87, 172.78, 245.81, 98.02, 30.6, 63.9, 125, 64.56, 87.89, , , , , 
1/30/2020 8:12:41 PM, 3296.75, 9246, 1652.3, 327.68, 222.6, 163.93, 323.87, 172.78, 245.81, 98.02, 30.6, 63.9, 125, 64.56, 87.89, , , , , 
1/30/2020 8:12:44 PM, 3296.75, 9246, 1652.3, 327.68, 222.6, 163.93, 323.87, 172.78, 245.81, 98.02, 30.6, 63.9, 125, 64.56, 87.89, , , , , 
1/30/2020 8:12:47 PM, 3296.75, 9246, 1652.3, 327.68, 222.6, 163.93, 323.87, 172.78, 245.81, 98.02, 30.6, 63.9, 125, 64.56, 87.89, , , , , 
1/30/2020 8:12:50 PM, 3296.5, 9245.5, 1652.3, 327.68, 222.6, 163.93, 323.87, 172.78, 245.81, 98.02, 30.6, 63.9, 125, 64.56, 87.89, , , , , 
1/30/2020 8:12:53 PM, 3296.5, 9246, 1652.3, 327.68, 222.6, 163.93, 323.87, 172.78, 245.81, 98.02, 30.6, 63.9, 125, 64.56, 87.89, , , , , 
1/30/2020 8:12:56 PM, 3296.5, 9246, 1652.3, 327.68, 222.6, 163.93, 323.87, 172.78, 245.81, 98.02, 30.6, 63.9, 125, 64.56, 87.89, , , , , 
1/30/2020 8:12:59 PM, 3296.25, 9245.5, 1652.3, 327.68, 222.6, 163.93, 323.87, 172.78, 245.81, 98.02, 30.6, 63.9, 125, 64.56, 87.89, , , , , 
1/30/2020 8:13:02 PM, 3296.5, 9245.75, 1652.3, 327.68, 222.6, 163.93, 323.87, 172.78, 245.81, 98.02, 30.6, 63.9, 125, 64.56, 87.89, , , , , 
1/30/2020 8:13:05 PM, 3296.5, 9245.75, 1652.3, 327.68, 222.6, 163.93, 323.87, 172.78, 245.81, 98.02, 30.6, 63.9, 125, 64.56, 87.89, , , , , 
1/30/2020 8:13:08 PM, 3296.75, 9246.75, 1652.3, 327.68, 222.6, 163.93, 323.87, 172.78, 245.81, 98.02, 30.6, 63.9, 125, 64.56, 87.89, , , , , 
1/30/2020 8:13:11 PM, 3296.75, 9247.25, 1652.3, 327.68, 222.6, 163.93, 323.87, 172.78, 245.81, 98.02, 30.6, 63.9, 125, 64.56, 87.89, , , , , 
1/30/2020 8:13:14 PM, 3296.75, 9247.25, 1652.3, 327.68, 222.6, 163.93, 323.87, 172.78, 245.81, 98.02, 30.6, 63.9, 125, 64.56, 87.89, , , , , 
1/30/2020 8:13:17 PM, 3296.75, 9247, 1652.3, 327.68, 222.6, 163.93, 323.87, 172.78, 245.81, 98.02, 30.6, 63.9, 125, 64.56, 87.89, , , , , 
1/30/2020 8:13:20 PM, 3296.75, 9246.75, 1652.3, 327.68, 222.6, 163.93, 323.87, 172.78, 245.81, 98.02, 30.6, 63.9, 125, 64.56, 87.89, , , , , 
1/30/2020 8:13:23 PM, 3296.75, 9247, 1652.3, 327.68, 222.6, 163.93, 323.87, 172.78, 245.81, 98.02, 30.6, 63.9, 125, 64.56, 87.89, , , , , 
1/30/2020 8:13:26 PM, 3296.75, 9247.25, 1652.5, 327.68, 222.6, 163.93, 323.87, 172.78, 245.81, 98.02, 30.6, 63.9, 125, 64.56, 87.89, , , , , 
1/30/2020 8:13:29 PM, 3296.75, 9247.5, 1652.5, 327.68, 222.6, 163.93, 323.87, 172.78, 245.81, 98.02, 30.6, 63.9, 125, 64.56, 87.89, , , , , 
1/30/2020 8:13:32 PM, 3296.5, 9246.75, 1652.5, 327.68, 222.6, 163.93, 323.87, 172.78, 245.81, 98.02, 30.6, 63.9, 125, 64.56, 87.89, , , , , 
1/30/2020 8:13:35 PM, 3297, 9248.5, 1652.6, 327.68, 222.6, 163.93, 323.87, 172.78, 245.81, 98.02, 30.6, 63.9, 125, 64.56, 87.89, , , , , 
1/30/2020 8:13:39 PM, 3296.75, 9247.75, 1652.6, 327.68, 222.6, 163.93, 323.87, 172.78, 245.81, 98.02, 30.6, 63.9, 125, 64.56, 87.89, , , , , 
1/30/2020 8:13:42 PM, 3296.75, 9248.25, 1652.6, 327.68, 222.6, 163.93, 323.87, 172.78, 245.81, 98.02, 30.6, 63.9, 125, 64.56, 87.89, , , , , 
1/30/2020 8:13:45 PM, 3296.75, 9248, 1652.6, 327.68, 222.6, 163.93, 323.87, 172.78, 245.81, 98.02, 30.6, 63.9, 125, 64.56, 87.89, , , , , 
1/30/2020 8:13:48 PM, 3296.75, 9246.75, 1652.6, 327.68, 222.6, 163.93, 323.87, 172.78, 245.81, 98.02, 30.6, 63.9, 125, 64.56, 87.89, , , , , 
1/30/2020 8:13:51 PM, 3296.75, 9246.5, 1652.6, 327.68, 222.6, 163.93, 323.87, 172.78, 245.81, 98.02, 30.6, 63.9, 125, 64.56, 87.89, , , , , 
1/30/2020 8:13:54 PM, 3296.75, 9246.75, 1652.6, 327.68, 222.6, 163.93, 323.87, 172.78, 245.81, 98.02, 30.6, 63.9, 125, 64.56, 87.89, , , , , 
1/30/2020 8:13:57 PM, 3296.75, 9246.75, 1652.6, 327.68, 222.6, 163.93, 323.87, 172.78, 245.81, 98.02, 30.6, 63.9, 125, 64.56, 87.89, , , , , 
1/30/2020 8:14:00 PM, 3296.75, 9247, 1652.3, 327.68, 222.6, 163.93, 323.87, 172.78, 245.81, 98.02, 30.6, 63.9, 125, 64.56, 87.89, , , , , 
1/30/2020 8:14:03 PM, 3296.75, 9247.5, 1652.4, 327.68, 222.6, 163.93, 323.87, 172.78, 245.81, 98.02, 30.6, 63.9, 125, 64.56, 87.89, , , , , 
1/30/2020 8:14:06 PM, 3296.5, 9247.5, 1652.4, 327.68, 222.6, 163.93, 323.87, 172.78, 245.81, 98.02, 30.6, 63.9, 125, 64.56, 87.89, , , , , 
1/30/2020 8:14:09 PM, 3296.75, 9247.25, 1652.4, 327.68, 222.6, 163.93, 323.87, 172.78, 245.81, 98.02, 30.6, 63.9, 125, 64.56, 87.89, , , , , 
1/30/2020 8:14:12 PM, 3296.5, 9247.5, 1652.4, 327.68, 222.6, 163.93, 323.87, 172.78, 245.81, 98.02, 30.6, 63.9, 125, 64.56, 87.89, , , , , 
1/30/2020 8:14:15 PM, 3296.5, 9247.25, 1652.4, 327.68, 222.6, 163.93, 323.87, 172.78, 245.81, 98.02, 30.6, 63.9, 125, 64.56, 87.89, , , , , 
1/30/2020 8:14:18 PM, 3296.25, 9246.25, 1652.3, 327.68, 222.6, 163.93, 323.87, 172.78, 245.81, 98.02, 30.6, 63.9, 125, 64.56, 87.89, , , , , 
1/30/2020 8:14:21 PM, 3296, 9244.25, 1652.1, 327.68, 222.6, 163.93, 323.87, 172.78, 245.81, 98.02, 30.6, 63.9, 125, 64.56, 87.89, , , , , 
1/30/2020 8:14:24 PM, 3296.25, 9245.25, 1652.1, 327.68, 222.6, 163.93, 323.87, 172.78, 245.81, 98.02, 30.6, 63.9, 125, 64.56, 87.89, , , , , 
1/30/2020 8:14:27 PM, 3296, 9245.25, 1652.1, 327.68, 222.6, 163.93, 323.87, 172.78, 245.81, 98.02, 30.6, 63.9, 125, 64.56, 87.89, , , , , 
1/30/2020 8:14:30 PM, 3296, 9245.25, 1652.1, 327.68, 222.6, 163.93, 323.87, 172.78, 245.81, 98.02, 30.6, 63.9, 125, 64.56, 87.89, , , , , 
1/30/2020 8:14:33 PM, 3296.25, 9245.25, 1652.1, 327.68, 222.6, 163.93, 323.87, 172.78, 245.81, 98.02, 30.6, 63.9, 125, 64.56, 87.89, , , , , 
1/30/2020 8:14:36 PM, 3296.25, 9245.5, 1652.1, 327.68, 222.6, 163.93, 323.87, 172.78, 245.81, 98.02, 30.6, 63.9, 125, 64.56, 87.89, , , , , 
1/30/2020 8:14:39 PM, 3296, 9245.5, 1652.1, 327.68, 222.6, 163.93, 323.87, 172.78, 245.81, 98.02, 30.6, 63.9, 125, 64.56, 87.89, , , , , 
1/30/2020 8:14:42 PM, 3296.25, 9246, 1652.1, 327.68, 222.6, 163.93, 323.87, 172.78, 245.81, 98.02, 30.6, 63.9, 125, 64.56, 87.89, , , , , 
1/30/2020 8:14:45 PM, 3296.25, 9246.5, 1652.2, 327.68, 222.6, 163.93, 323.87, 172.78, 245.81, 98.02, 30.6, 63.9, 125, 64.56, 87.89, , , , , 
1/30/2020 8:14:48 PM, 3296.25, 9246.25, 1652.2, 327.68, 222.6, 163.93, 323.87, 172.78, 245.81, 98.02, 30.6, 63.9, 125, 64.56, 87.89, , , , , 
1/30/2020 8:14:51 PM, 3296.25, 9245.75, 1652.1, 327.68, 222.6, 163.93, 323.87, 172.78, 245.81, 98.02, 30.6, 63.9, 125, 64.56, 87.89, , , , , 
1/30/2020 8:14:54 PM, 3296, 9245.5, 1652.1, 327.68, 222.6, 163.93, 323.87, 172.78, 245.81, 98.02, 30.6, 63.9, 125, 64.56, 87.89, , , , , 
1/30/2020 8:14:57 PM, 3296, 9245.25, 1652.1, 327.68, 222.6, 163.93, 323.87, 172.78, 245.81, 98.02, 30.6, 63.9, 125, 64.56, 87.89, , , , , 
1/30/2020 8:15:00 PM, 3296, 9245.5, 1652, 327.68, 222.6, 163.93, 323.87, 172.78, 245.81, 98.02, 30.6, 63.9, 125, 64.56, 87.89, , , , , 
1/30/2020 8:15:03 PM, 3295.75, 9246, 1652, 327.68, 222.6, 163.93, 323.87, 172.78, 245.81, 98.02, 30.6, 63.9, 125, 64.56, 87.89, , , , , 
1/30/2020 8:15:06 PM, 3296, 9246.5, 1652.2, 327.68, 222.6, 163.93, 323.87, 172.78, 245.81, 98.02, 30.6, 63.9, 125, 64.56, 87.89, , , , , 
1/30/2020 8:15:09 PM, 3296, 9246.5, 1652.2, 327.68, 222.6, 163.93, 323.87, 172.78, 245.81, 98.02, 30.6, 63.9, 125, 64.56, 87.89, , , , , 
1/30/2020 8:15:12 PM, 3296, 9246, 1652.2, 327.68, 222.6, 163.93, 323.87, 172.78, 245.81, 98.02, 30.6, 63.9, 125, 64.56, 87.89, , , , , 
1/30/2020 8:15:15 PM, 3296.25, 9247, 1652.2, 327.68, 222.6, 163.93, 323.87, 172.78, 245.81, 98.02, 30.6, 63.9, 125, 64.56, 87.89, , , , , 
1/30/2020 8:15:19 PM, 3296.25, 9247.5, 1652.2, 327.68, 222.6, 163.93, 323.87, 172.78, 245.81, 98.02, 30.6, 63.9, 125, 64.56, 87.89, , , , , 
1/30/2020 8:15:22 PM, 3296.5, 9248, 1652.2, 327.68, 222.6, 163.93, 323.87, 172.78, 245.81, 98.02, 30.6, 63.9, 125, 64.56, 87.89, , , , , 
1/30/2020 8:15:25 PM, 3296.5, 9247.75, 1652.2, 327.68, 222.6, 163.93, 323.87, 172.78, 245.81, 98.02, 30.6, 63.9, 125, 64.56, 87.89, , , , , 
1/30/2020 8:15:28 PM, 3296.5, 9247, 1652.4, 327.68, 222.6, 163.93, 323.87, 172.78, 245.81, 98.02, 30.6, 63.9, 125, 64.56, 87.89, , , , , 
1/30/2020 8:15:31 PM, 3296.5, 9247.5, 1652.4, 327.68, 222.6, 163.93, 323.87, 172.78, 245.81, 98.02, 30.6, 63.9, 125, 64.56, 87.89, , , , , 
1/30/2020 8:15:34 PM, 3296.25, 9247.25, 1652.4, 327.68, 222.6, 163.93, 323.87, 172.78, 245.81, 98.02, 30.6, 63.9, 125, 64.56, 87.89, , , , , 
1/30/2020 8:15:37 PM, 3296.5, 9247.25, 1652.4, 327.68, 222.6, 163.93, 323.87, 172.78, 245.81, 98.02, 30.6, 63.9, 125, 64.56, 87.89, , , , , 
1/30/2020 8:15:40 PM, 3296.5, 9247.5, 1652.4, 327.68, 222.6, 163.93, 323.87, 172.78, 245.81, 98.02, 30.6, 63.9, 125, 64.56, 87.89, , , , , 
1/30/2020 8:15:43 PM, 3296.5, 9248, 1652.5, 327.68, 222.6, 163.93, 323.87, 172.78, 245.81, 98.02, 30.6, 63.9, 125, 64.56, 87.89, , , , , 
1/30/2020 8:15:46 PM, 3296.5, 9248, 1652.5, 327.68, 222.6, 163.93, 323.87, 172.78, 245.81, 98.02, 30.6, 63.9, 125, 64.56, 87.89, , , , , 
1/30/2020 8:15:49 PM, 3296.5, 9247.5, 1652.5, 327.68, 222.6, 163.93, 323.87, 172.78, 245.81, 98.02, 30.6, 63.9, 125, 64.56, 87.89, , , , , 
1/30/2020 8:15:52 PM, 3296.5, 9247.5, 1652.5, 327.68, 222.6, 163.93, 323.87, 172.78, 245.81, 98.02, 30.6, 63.9, 125, 64.56, 87.89, , , , , 
1/30/2020 8:15:55 PM, 3296.5, 9248, 1652.5, 327.68, 222.6, 163.93, 323.87, 172.78, 245.81, 98.02, 30.6, 63.9, 125, 64.56, 87.89, , , , , 
1/30/2020 8:15:58 PM, 3296.5, 9247.75, 1652.5, 327.68, 222.6, 163.93, 323.87, 172.78, 245.81, 98.02, 30.6, 63.9, 125, 64.56, 87.89, , , , , 
1/30/2020 8:16:01 PM, 3296.75, 9247.75, 1652.5, 327.68, 222.6, 163.93, 323.87, 172.78, 245.81, 98.02, 30.6, 63.9, 125, 64.56, 87.89, , , , , 
1/30/2020 8:16:04 PM, 3296.75, 9248.5, 1652.5, 327.68, 222.6, 163.93, 323.87, 172.78, 245.81, 98.02, 30.6, 63.9, 125, 64.56, 87.89, , , , , 
1/30/2020 8:16:07 PM, 3296.5, 9247.25, 1652.5, 327.68, 222.6, 163.93, 323.87, 172.78, 245.81, 98.02, 30.6, 63.9, 125, 64.56, 87.89, , , , , 
1/30/2020 8:16:10 PM, 3296.5, 9247.25, 1652.5, 327.68, 222.6, 163.93, 323.87, 172.78, 245.81, 98.02, 30.6, 63.9, 125, 64.56, 87.89, , , , , 
1/30/2020 8:16:13 PM, 3296, 9245.25, 1652.2, 327.68, 222.6, 163.93, 323.87, 172.78, 245.81, 98.02, 30.6, 63.9, 125, 64.56, 87.89, , , , , 
1/30/2020 8:16:16 PM, 3296, 9245.25, 1652.2, 327.68, 222.6, 163.93, 323.87, 172.78, 245.81, 98.02, 30.6, 63.9, 125, 64.56, 87.89, , , , , 
1/30/2020 8:16:19 PM, 3296, 9245.25, 1652, 327.68, 222.6, 163.93, 323.87, 172.78, 245.81, 98.02, 30.6, 63.9, 125, 64.56, 87.89, , , , , 
1/30/2020 8:16:22 PM, 3296, 9245.25, 1652, 327.68, 222.6, 163.93, 323.87, 172.78, 245.81, 98.02, 30.6, 63.9, 125, 64.56, 87.89, , , , , 
1/30/2020 8:16:25 PM, 3295.75, 9245, 1652, 327.68, 222.6, 163.93, 323.87, 172.78, 245.81, 98.02, 30.6, 63.9, 125, 64.56, 87.89, , , , , 
1/30/2020 8:16:28 PM, 3295.75, 9245, 1652, 327.68, 222.6, 163.93, 323.87, 172.78, 245.81, 98.02, 30.6, 63.9, 125, 64.56, 87.89, , , , , 
1/30/2020 8:16:31 PM, 3295.75, 9244.75, 1652, 327.68, 222.6, 163.93, 323.87, 172.78, 245.81, 98.02, 30.6, 63.9, 125, 64.56, 87.89, , , , , 
1/30/2020 8:16:34 PM, 3295.75, 9244.75, 1652, 327.68, 222.6, 163.93, 323.87, 172.78, 245.81, 98.02, 30.6, 63.9, 125, 64.56, 87.89, , , , , 
1/30/2020 8:16:37 PM, 3296, 9246, 1652, 327.68, 222.6, 163.93, 323.87, 172.78, 245.81, 98.02, 30.6, 63.9, 125, 64.56, 87.89, , , , , 
1/30/2020 8:16:40 PM, 3296, 9246, 1652, 327.68, 222.6, 163.93, 323.87, 172.78, 245.81, 98.02, 30.6, 63.9, 125, 64.56, 87.89, , , , , 
1/30/2020 8:16:43 PM, 3296.5, 9246.25, 1652.1, 327.68, 222.6, 163.93, 323.87, 172.78, 245.81, 98.02, 30.6, 63.9, 125, 64.56, 87.89, , , , , 
1/30/2020 8:16:46 PM, 3296.5, 9246.25, 1652.1, 327.68, 222.6, 163.93, 323.87, 172.78, 245.81, 98.02, 30.6, 63.9, 125, 64.56, 87.89, , , , , 
1/30/2020 8:16:50 PM, 3296.5, 9246.75, 1652.3, 327.68, 222.6, 163.93, 323.87, 172.78, 245.81, 98.02, 30.6, 63.9, 125, 64.56, 87.89, , , , , 
1/30/2020 8:16:53 PM, 3296.5, 9246.75, 1652.3, 327.68, 222.6, 163.93, 323.87, 172.78, 245.81, 98.02, 30.6, 63.9, 125, 64.56, 87.89, , , , , 
1/30/2020 8:16:56 PM, 3296.5, 9247, 1652.3, 327.68, 222.6, 163.93, 323.87, 172.78, 245.81, 98.02, 30.6, 63.9, 125, 64.56, 87.89, , , , , 
1/30/2020 8:16:59 PM, 3296.5, 9247, 1652.3, 327.68, 222.6, 163.93, 323.87, 172.78, 245.81, 98.02, 30.6, 63.9, 125, 64.56, 87.89, , , , , 
1/30/2020 8:17:02 PM, 3296.25, 9246.25, 1652.3, 327.68, 222.6, 163.93, 323.87, 172.78, 245.81, 98.02, 30.6, 63.9, 125, 64.56, 87.89, , , , , 
1/30/2020 8:17:05 PM, 3296.25, 9246.25, 1652.3, 327.68, 222.6, 163.93, 323.87, 172.78, 245.81, 98.02, 30.6, 63.9, 125, 64.56, 87.89, , , , , 
1/30/2020 8:17:08 PM, 3296.5, 9246.75, 1652.2, 327.68, 222.6, 163.93, 323.87, 172.78, 245.81, 98.02, 30.6, 63.9, 125, 64.56, 87.89, , , , , 
1/30/2020 8:17:11 PM, 3296.5, 9246.75, 1652.2, 327.68, 222.6, 163.93, 323.87, 172.78, 245.81, 98.02, 30.6, 63.9, 125, 64.56, 87.89, , , , , 
1/30/2020 8:17:14 PM, 3296.5, 9246.75, 1652.2, 327.68, 222.6, 163.93, 323.87, 172.78, 245.81, 98.02, 30.6, 63.9, 125, 64.56, 87.89, , , , , 
1/30/2020 8:17:17 PM, 3296.5, 9246.75, 1652.2, 327.68, 222.6, 163.93, 323.87, 172.78, 245.81, 98.02, 30.6, 63.9, 125, 64.56, 87.89, , , , , 
1/30/2020 8:17:20 PM, 3296.5, 9246.5, 1652.2, 327.68, 222.6, 163.93, 323.87, 172.78, 245.81, 98.02, 30.6, 63.9, 125, 64.56, 87.89, , , , , 
1/30/2020 8:17:23 PM, 3296.5, 9246.5, 1652.2, 327.68, 222.6, 163.93, 323.87, 172.78, 245.81, 98.02, 30.6, 63.9, 125, 64.56, 87.89, , , , , 
1/30/2020 8:17:26 PM, 3296, 9246, 1652.2, 327.68, 222.6, 163.93, 323.87, 172.78, 245.81, 98.02, 30.6, 63.9, 125, 64.56, 87.89, , , , , 
1/30/2020 8:17:29 PM, 3296, 9246, 1652.2, 327.68, 222.6, 163.93, 323.87, 172.78, 245.81, 98.02, 30.6, 63.9, 125, 64.56, 87.89, , , , , 
1/30/2020 8:17:32 PM, 3296, 9245.5, 1652.2, 327.68, 222.6, 163.93, 323.87, 172.78, 245.81, 98.02, 30.6, 63.9, 125, 64.56, 87.89, , , , , 
1/30/2020 8:17:35 PM, 3296, 9245.5, 1652.2, 327.68, 222.6, 163.93, 323.87, 172.78, 245.81, 98.02, 30.6, 63.9, 125, 64.56, 87.89, , , , , 
1/30/2020 8:17:38 PM, 3295.75, 9244.5, 1652.2, 327.68, 222.6, 163.93, 323.87, 172.78, 245.81, 98.02, 30.6, 63.9, 125, 64.56, 87.89, , , , , 
1/30/2020 8:17:41 PM, 3295.75, 9243.75, 1652.2, 327.68, 222.6, 163.93, 323.87, 172.78, 245.81, 98.02, 30.6, 63.9, 125, 64.56, 87.89, , , , , 
1/30/2020 8:17:44 PM, 3295.75, 9243.75, 1651.6, 327.68, 222.6, 163.93, 323.87, 172.78, 245.81, 98.02, 30.6, 63.9, 125, 64.56, 87.89, , , , , 
1/30/2020 8:17:47 PM, 3295, 9240.5, 1651.5, 327.68, 222.6, 163.93, 323.87, 172.78, 245.81, 98.02, 30.6, 63.9, 125, 64.56, 87.89, , , , , 
1/30/2020 8:17:50 PM, 3295.25, 9241.5, 1651.5, 327.68, 222.6, 163.93, 323.87, 172.78, 245.81, 98.02, 30.6, 63.9, 125, 64.56, 87.89, , , , , 
1/30/2020 8:17:53 PM, 3295.25, 9240.5, 1651.5, 327.68, 222.6, 163.93, 323.87, 172.78, 245.81, 98.02, 30.6, 63.9, 125, 64.56, 87.89, , , , , 
1/30/2020 8:17:56 PM, 3295.25, 9240.75, 1651.5, 327.68, 222.6, 163.93, 323.87, 172.78, 245.81, 98.02, 30.6, 63.9, 125, 64.56, 87.89, , , , , 
1/30/2020 8:17:59 PM, 3295.25, 9241.5, 1651.7, 327.68, 222.6, 163.93, 323.87, 172.78, 245.81, 98.02, 30.6, 63.9, 125, 64.56, 87.89, , , , , 
1/30/2020 8:18:02 PM, 3295.25, 9241.75, 1651.6, 327.68, 222.6, 163.93, 323.87, 172.78, 245.81, 98.02, 30.6, 63.9, 125, 64.56, 87.89, , , , , 
1/30/2020 8:18:05 PM, 3295.25, 9241.75, 1651.6, 327.68, 222.6, 163.93, 323.87, 172.78, 245.81, 98.02, 30.6, 63.9, 125, 64.56, 87.89, , , , , 
1/30/2020 8:18:08 PM, 3295.75, 9243, 1651.9, 327.68, 222.6, 163.93, 323.87, 172.78, 245.81, 98.02, 30.6, 63.9, 125, 64.56, 87.89, , , , , 
1/30/2020 8:18:11 PM, 3295.75, 9243.5, 1651.9, 327.68, 222.6, 163.93, 323.87, 172.78, 245.81, 98.02, 30.6, 63.9, 125, 64.56, 87.89, , , , , 
1/30/2020 8:18:14 PM, 3295.75, 9243.75, 1652, 327.68, 222.6, 163.93, 323.87, 172.78, 245.81, 98.02, 30.6, 63.9, 125, 64.56, 87.89, , , , , 
1/30/2020 8:18:17 PM, 3296, 9244.25, 1652, 327.68, 222.6, 163.93, 323.87, 172.78, 245.81, 98.02, 30.6, 63.9, 125, 64.56, 87.89, , , , , 
1/30/2020 8:18:21 PM, 3296, 9244, 1652, 327.68, 222.6, 163.93, 323.87, 172.78, 245.81, 98.02, 30.6, 63.9, 125, 64.56, 87.89, , , , , 
1/30/2020 8:18:24 PM, 3295.75, 9243.25, 1652, 327.68, 222.6, 163.93, 323.87, 172.78, 245.81, 98.02, 30.6, 63.9, 125, 64.56, 87.89, , , , , 
1/30/2020 8:18:27 PM, 3295.75, 9242.75, 1652, 327.68, 222.6, 163.93, 323.87, 172.78, 245.81, 98.02, 30.6, 63.9, 125, 64.56, 87.89, , , , , 
1/30/2020 8:18:30 PM, 3296, 9245, 1652.1, 327.68, 222.6, 163.93, 323.87, 172.78, 245.81, 98.02, 30.6, 63.9, 125, 64.56, 87.89, , , , , 
1/30/2020 8:18:33 PM, 3296.5, 9248, 1652.4, 327.68, 222.6, 163.93, 323.87, 172.78, 245.81, 98.02, 30.6, 63.9, 125, 64.56, 87.89, , , , , 
1/30/2020 8:18:36 PM, 3296.5, 9247, 1652.4, 327.68, 222.6, 163.93, 323.87, 172.78, 245.81, 98.02, 30.6, 63.9, 125, 64.56, 87.89, , , , , 
1/30/2020 8:18:39 PM, 3296.5, 9247.5, 1652.4, 327.68, 222.6, 163.93, 323.87, 172.78, 245.81, 98.02, 30.6, 63.9, 125, 64.56, 87.89, , , , , 
1/30/2020 8:18:42 PM, 3296.5, 9247, 1652.3, 327.68, 222.6, 163.93, 323.87, 172.78, 245.81, 98.02, 30.6, 63.9, 125, 64.56, 87.89, , , , , 
1/30/2020 8:18:45 PM, 3296.5, 9248.75, 1652.4, 327.68, 222.6, 163.93, 323.87, 172.78, 245.81, 98.02, 30.6, 63.9, 125, 64.56, 87.89, , , , , 
1/30/2020 8:18:48 PM, 3296.75, 9248.75, 1652.5, 327.68, 222.6, 163.93, 323.87, 172.78, 245.81, 98.02, 30.6, 63.9, 125, 64.56, 87.89, , , , , 
1/30/2020 8:18:51 PM, 3296.5, 9247, 1652.5, 327.68, 222.6, 163.93, 323.87, 172.78, 245.81, 98.02, 30.6, 63.9, 125, 64.56, 87.89, , , , , 
1/30/2020 8:18:54 PM, 3296.5, 9247.5, 1652.5, 327.68, 222.6, 163.93, 323.87, 172.78, 245.81, 98.02, 30.6, 63.9, 125, 64.56, 87.89, , , , , 
1/30/2020 8:18:57 PM, 3296.5, 9247.75, 1652.5, 327.68, 222.6, 163.93, 323.87, 172.78, 245.81, 98.02, 30.6, 63.9, 125, 64.56, 87.89, , , , , 
1/30/2020 8:19:00 PM, 3296.5, 9247.75, 1652.5, 327.68, 222.6, 163.93, 323.87, 172.78, 245.81, 98.02, 30.6, 63.9, 125, 64.56, 87.89, , , , , 
1/30/2020 8:19:03 PM, 3296.5, 9247.75, 1652.3, 327.68, 222.6, 163.93, 323.87, 172.78, 245.81, 98.02, 30.6, 63.9, 125, 64.56, 87.89, , , , , 
1/30/2020 8:19:06 PM, 3296.5, 9247.25, 1652.2, 327.68, 222.6, 163.93, 323.87, 172.78, 245.81, 98.02, 30.6, 63.9, 125, 64.56, 87.89, , , , , 
1/30/2020 8:19:09 PM, 3296.5, 9247.25, 1652.2, 327.68, 222.6, 163.93, 323.87, 172.78, 245.81, 98.02, 30.6, 63.9, 125, 64.56, 87.89, , , , , 
1/30/2020 8:19:12 PM, 3296.5, 9247.5, 1652.2, 327.68, 222.6, 163.93, 323.87, 172.78, 245.81, 98.02, 30.6, 63.9, 125, 64.56, 87.89, , , , , 
1/30/2020 8:19:15 PM, 3296.25, 9246.5, 1652.3, 327.68, 222.6, 163.93, 323.87, 172.78, 245.81, 98.02, 30.6, 63.9, 125, 64.56, 87.89, , , , , 
1/30/2020 8:19:18 PM, 3296.25, 9246.5, 1652.3, 327.68, 222.6, 163.93, 323.87, 172.78, 245.81, 98.02, 30.6, 63.9, 125, 64.56, 87.89, , , , , 
1/30/2020 8:19:21 PM, 3296.5, 9247, 1652.3, 327.68, 222.6, 163.93, 323.87, 172.78, 245.81, 98.02, 30.6, 63.9, 125, 64.56, 87.89, , , , , 
1/30/2020 8:19:24 PM, 3296.5, 9247.25, 1652.4, 327.68, 222.6, 163.93, 323.87, 172.78, 245.81, 98.02, 30.6, 63.9, 125, 64.56, 87.89, , , , , 
1/30/2020 8:19:27 PM, 3296.5, 9247.5, 1652.3, 327.68, 222.6, 163.93, 323.87, 172.78, 245.81, 98.02, 30.6, 63.9, 125, 64.56, 87.89, , , , , 
1/30/2020 8:19:30 PM, 3296.5, 9247.75, 1652.3, 327.68, 222.6, 163.93, 323.87, 172.78, 245.81, 98.02, 30.6, 63.9, 125, 64.56, 87.89, , , , , 
1/30/2020 8:19:33 PM, 3296.5, 9247.25, 1652.3, 327.68, 222.6, 163.93, 323.87, 172.78, 245.81, 98.02, 30.6, 63.9, 125, 64.56, 87.89, , , , , 
1/30/2020 8:19:36 PM, 3296.25, 9247.5, 1652.3, 327.68, 222.6, 163.93, 323.87, 172.78, 245.81, 98.02, 30.6, 63.9, 125, 64.56, 87.89, , , , , 
1/30/2020 8:19:39 PM, 3296.25, 9247.25, 1652.3, 327.68, 222.6, 163.93, 323.87, 172.78, 245.81, 98.02, 30.6, 63.9, 125, 64.56, 87.89, , , , , 
1/30/2020 8:19:42 PM, 3296.5, 9247.25, 1652.3, 327.68, 222.6, 163.93, 323.87, 172.78, 245.81, 98.02, 30.6, 63.9, 125, 64.56, 87.89, , , , , 
1/30/2020 8:19:45 PM, 3296.5, 9247.75, 1652.3, 327.68, 222.6, 163.93, 323.87, 172.78, 245.81, 98.02, 30.6, 63.9, 125, 64.56, 87.89, , , , , 
1/30/2020 8:19:48 PM, 3296.25, 9247.25, 1652.3, 327.68, 222.6, 163.93, 323.87, 172.78, 245.81, 98.02, 30.6, 63.9, 125, 64.56, 87.89, , , , , 
1/30/2020 8:19:52 PM, 3296.5, 9246.75, 1652.2, 327.68, 222.6, 163.93, 323.87, 172.78, 245.81, 98.02, 30.6, 63.9, 125, 64.56, 87.89, , , , , 
1/30/2020 8:19:55 PM, 3296.5, 9246.75, 1652.2, 327.68, 222.6, 163.93, 323.87, 172.78, 245.81, 98.02, 30.6, 63.9, 125, 64.56, 87.89, , , , , 
1/30/2020 8:19:58 PM, 3296, 9245.75, 1652.2, 327.68, 222.6, 163.93, 323.87, 172.78, 245.81, 98.02, 30.6, 63.9, 125, 64.56, 87.89, , , , , 
1/30/2020 8:20:01 PM, 3296, 9245.25, 1652.2, 327.68, 222.6, 163.93, 323.87, 172.78, 245.81, 98.02, 30.6, 63.9, 125, 64.56, 87.89, , , , , 
1/30/2020 8:20:04 PM, 3295.75, 9244.5, 1652.2, 327.68, 222.6, 163.93, 323.87, 172.78, 245.81, 98.02, 30.6, 63.9, 125, 64.56, 87.89, , , , , 
1/30/2020 8:20:07 PM, 3295.75, 9245.25, 1652.2, 327.68, 222.6, 163.93, 323.87, 172.78, 245.81, 98.02, 30.6, 63.9, 125, 64.56, 87.89, , , , , 
1/30/2020 8:20:10 PM, 3296, 9245, 1652.2, 327.68, 222.6, 163.93, 323.87, 172.78, 245.81, 98.02, 30.6, 63.9, 125, 64.56, 87.89, , , , , 
1/30/2020 8:20:13 PM, 3295.75, 9244.5, 1651.9, 327.68, 222.6, 163.93, 323.87, 172.78, 245.81, 98.02, 30.6, 63.9, 125, 64.56, 87.89, , , , , 
1/30/2020 8:20:16 PM, 3296, 9245.75, 1652.1, 327.68, 222.6, 163.93, 323.87, 172.78, 245.81, 98.02, 30.6, 63.9, 125, 64.56, 87.89, , , , , 
1/30/2020 8:20:19 PM, 3296, 9245.75, 1652.1, 327.68, 222.6, 163.93, 323.87, 172.78, 245.81, 98.02, 30.6, 63.9, 125, 64.56, 87.89, , , , , 
1/30/2020 8:20:22 PM, 3296, 9245.5, 1652.1, 327.68, 222.6, 163.93, 323.87, 172.78, 245.81, 98.02, 30.6, 63.9, 125, 64.56, 87.89, , , , , 
1/30/2020 8:20:25 PM, 3295.75, 9245.25, 1652.1, 327.68, 222.6, 163.93, 323.87, 172.78, 245.81, 98.02, 30.6, 63.9, 125, 64.56, 87.89, , , , , 
1/30/2020 8:20:28 PM, 3296, 9245.5, 1652.1, 327.68, 222.6, 163.93, 323.87, 172.78, 245.81, 98.02, 30.6, 63.9, 125, 64.56, 87.89, , , , , 
1/30/2020 8:20:31 PM, 3296, 9245.5, 1652.1, 327.68, 222.6, 163.93, 323.87, 172.78, 245.81, 98.02, 30.6, 63.9, 125, 64.56, 87.89, , , , , 
1/30/2020 8:20:34 PM, 3295.75, 9245.25, 1652.1, 327.68, 222.6, 163.93, 323.87, 172.78, 245.81, 98.02, 30.6, 63.9, 125, 64.56, 87.89, , , , , 
1/30/2020 8:20:37 PM, 3296, 9245.5, 1652.1, 327.68, 222.6, 163.93, 323.87, 172.78, 245.81, 98.02, 30.6, 63.9, 125, 64.56, 87.89, , , , , 
1/30/2020 8:20:40 PM, 3296, 9245, 1652, 327.68, 222.6, 163.93, 323.87, 172.78, 245.81, 98.02, 30.6, 63.9, 125, 64.56, 87.89, , , , , 
1/30/2020 8:20:43 PM, 3296, 9245, 1652, 327.68, 222.6, 163.93, 323.87, 172.78, 245.81, 98.02, 30.6, 63.9, 125, 64.56, 87.89, , , , , 
1/30/2020 8:20:46 PM, 3296, 9245, 1652, 327.68, 222.6, 163.93, 323.87, 172.78, 245.81, 98.02, 30.6, 63.9, 125, 64.56, 87.89, , , , , 
1/30/2020 8:20:49 PM, 3296, 9245.5, 1652, 327.68, 222.6, 163.93, 323.87, 172.78, 245.81, 98.02, 30.6, 63.9, 125, 64.56, 87.89, , , , , 
1/30/2020 8:20:52 PM, 3296, 9245.5, 1652, 327.68, 222.6, 163.93, 323.87, 172.78, 245.81, 98.02, 30.6, 63.9, 125, 64.56, 87.89, , , , , 
1/30/2020 8:20:55 PM, 3295.75, 9245.5, 1652, 327.68, 222.6, 163.93, 323.87, 172.78, 245.81, 98.02, 30.6, 63.9, 125, 64.56, 87.89, , , , , 
1/30/2020 8:20:58 PM, 3295.75, 9245.5, 1652, 327.68, 222.6, 163.93, 323.87, 172.78, 245.81, 98.02, 30.6, 63.9, 125, 64.56, 87.89, , , , , 
1/30/2020 8:21:01 PM, 3296, 9245.25, 1652, 327.68, 222.6, 163.93, 323.87, 172.78, 245.81, 98.02, 30.6, 63.9, 125, 64.56, 87.89, , , , , 
1/30/2020 8:21:04 PM, 3296, 9245.25, 1652, 327.68, 222.6, 163.93, 323.87, 172.78, 245.81, 98.02, 30.6, 63.9, 125, 64.56, 87.89, , , , , 
1/30/2020 8:21:07 PM, 3296.25, 9245.75, 1651.9, 327.68, 222.6, 163.93, 323.87, 172.78, 245.81, 98.02, 30.6, 63.9, 125, 64.56, 87.89, , , , , 
1/30/2020 8:21:10 PM, 3296.25, 9245.75, 1651.9, 327.68, 222.6, 163.93, 323.87, 172.78, 245.81, 98.02, 30.6, 63.9, 125, 64.56, 87.89, , , , , 
1/30/2020 8:21:13 PM, 3296.25, 9247.25, 1651.9, 327.68, 222.6, 163.93, 323.87, 172.78, 245.81, 98.02, 30.6, 63.9, 125, 64.56, 87.89, , , , , 
1/30/2020 8:21:16 PM, 3296.25, 9247.25, 1651.9, 327.68, 222.6, 163.93, 323.87, 172.78, 245.81, 98.02, 30.6, 63.9, 125, 64.56, 87.89, , , , , 
1/30/2020 8:21:19 PM, 3296.25, 9246.5, 1651.9, 327.68, 222.6, 163.93, 323.87, 172.78, 245.81, 98.02, 30.6, 63.9, 125, 64.56, 87.89, , , , , 
1/30/2020 8:21:22 PM, 3296.25, 9246.5, 1651.9, 327.68, 222.6, 163.93, 323.87, 172.78, 245.81, 98.02, 30.6, 63.9, 125, 64.56, 87.89, , , , , 
1/30/2020 8:21:25 PM, 3296.25, 9246.5, 1651.9, 327.68, 222.6, 163.93, 323.87, 172.78, 245.81, 98.02, 30.6, 63.9, 125, 64.56, 87.89, , , , , 
1/30/2020 8:21:28 PM, 3296.25, 9246.5, 1651.9, 327.68, 222.6, 163.93, 323.87, 172.78, 245.81, 98.02, 30.6, 63.9, 125, 64.56, 87.89, , , , , 
1/30/2020 8:21:31 PM, 3296.25, 9246, 1651.9, 327.68, 222.6, 163.93, 323.87, 172.78, 245.81, 98.02, 30.6, 63.9, 125, 64.56, 87.89, , , , , 
1/30/2020 8:21:35 PM, 3296.25, 9246, 1651.9, 327.68, 222.6, 163.93, 323.87, 172.78, 245.81, 98.02, 30.6, 63.9, 125, 64.56, 87.89, , , , , 
1/30/2020 8:21:38 PM, 3296.25, 9246.5, 1652.3, 327.68, 222.6, 163.93, 323.87, 172.78, 245.81, 98.02, 30.6, 63.9, 125, 64.56, 87.89, , , , , 
1/30/2020 8:21:41 PM, 3296.25, 9246.5, 1652.3, 327.68, 222.6, 163.93, 323.87, 172.78, 245.81, 98.02, 30.6, 63.9, 125, 64.56, 87.89, , , , , 
1/30/2020 8:21:44 PM, 3296.25, 9246, 1652.3, 327.68, 222.6, 163.93, 323.87, 172.78, 245.81, 98.02, 30.6, 63.9, 125, 64.56, 87.89, , , , , 
1/30/2020 8:21:47 PM, 3296.25, 9246, 1652.3, 327.68, 222.6, 163.93, 323.87, 172.78, 245.81, 98.02, 30.6, 63.9, 125, 64.56, 87.89, , , , , 
1/30/2020 8:21:50 PM, 3296.25, 9246.25, 1652.3, 327.68, 222.6, 163.93, 323.87, 172.78, 245.81, 98.02, 30.6, 63.9, 125, 64.56, 87.89, , , , , 
1/30/2020 8:21:53 PM, 3296.25, 9246.25, 1652.3, 327.68, 222.6, 163.93, 323.87, 172.78, 245.81, 98.02, 30.6, 63.9, 125, 64.56, 87.89, , , , , 
1/30/2020 8:21:56 PM, 3296, 9244.75, 1652, 327.68, 222.6, 163.93, 323.87, 172.78, 245.81, 98.02, 30.6, 63.9, 125, 64.56, 87.89, , , , , 
1/30/2020 8:21:59 PM, 3296, 9244.75, 1652, 327.68, 222.6, 163.93, 323.87, 172.78, 245.81, 98.02, 30.6, 63.9, 125, 64.56, 87.89, , , , , 
1/30/2020 8:22:02 PM, 3296, 9244.5, 1652, 327.68, 222.6, 163.93, 323.87, 172.78, 245.81, 98.02, 30.6, 63.9, 125, 64.56, 87.89, , , , , 
1/30/2020 8:22:05 PM, 3296, 9244.5, 1652, 327.68, 222.6, 163.93, 323.87, 172.78, 245.81, 98.02, 30.6, 63.9, 125, 64.56, 87.89, , , , , 
1/30/2020 8:22:08 PM, 3296, 9244.25, 1652, 327.68, 222.6, 163.93, 323.87, 172.78, 245.81, 98.02, 30.6, 63.9, 125, 64.56, 87.89, , , , , 
1/30/2020 8:22:11 PM, 3296, 9244.25, 1652, 327.68, 222.6, 163.93, 323.87, 172.78, 245.81, 98.02, 30.6, 63.9, 125, 64.56, 87.89, , , , , 
1/30/2020 8:22:14 PM, 3295.75, 9244, 1652, 327.68, 222.6, 163.93, 323.87, 172.78, 245.81, 98.02, 30.6, 63.9, 125, 64.56, 87.89, , , , , 
1/30/2020 8:22:17 PM, 3295.75, 9244, 1652, 327.68, 222.6, 163.93, 323.87, 172.78, 245.81, 98.02, 30.6, 63.9, 125, 64.56, 87.89, , , , , 
1/30/2020 8:22:20 PM, 3295.5, 9243.75, 1652, 327.68, 222.6, 163.93, 323.87, 172.78, 245.81, 98.02, 30.6, 63.9, 125, 64.56, 87.89, , , , , 
1/30/2020 8:22:23 PM, 3295.5, 9243.75, 1652, 327.68, 222.6, 163.93, 323.87, 172.78, 245.81, 98.02, 30.6, 63.9, 125, 64.56, 87.89, , , , , 
1/30/2020 8:22:26 PM, 3295.75, 9244.5, 1651.9, 327.68, 222.6, 163.93, 323.87, 172.78, 245.81, 98.02, 30.6, 63.9, 125, 64.56, 87.89, , , , , 
1/30/2020 8:22:29 PM, 3295.75, 9244.75, 1651.9, 327.68, 222.6, 163.93, 323.87, 172.78, 245.81, 98.02, 30.6, 63.9, 125, 64.56, 87.89, , , , , 
1/30/2020 8:22:32 PM, 3295.75, 9244.5, 1651.9, 327.68, 222.6, 163.93, 323.87, 172.78, 245.81, 98.02, 30.6, 63.9, 125, 64.56, 87.89, , , , , 
1/30/2020 8:22:35 PM, 3295.75, 9244.25, 1651.9, 327.68, 222.6, 163.93, 323.87, 172.78, 245.81, 98.02, 30.6, 63.9, 125, 64.56, 87.89, , , , , 
1/30/2020 8:22:38 PM, 3295.75, 9244, 1651.9, 327.68, 222.6, 163.93, 323.87, 172.78, 245.81, 98.02, 30.6, 63.9, 125, 64.56, 87.89, , , , , 
1/30/2020 8:22:41 PM, 3295.75, 9244, 1652, 327.68, 222.6, 163.93, 323.87, 172.78, 245.81, 98.02, 30.6, 63.9, 125, 64.56, 87.89, , , , , 
1/30/2020 8:22:44 PM, 3295.75, 9244.75, 1652, 327.68, 222.6, 163.93, 323.87, 172.78, 245.81, 98.02, 30.6, 63.9, 125, 64.56, 87.89, , , , , 
1/30/2020 8:22:47 PM, 3295.75, 9245, 1652, 327.68, 222.6, 163.93, 323.87, 172.78, 245.81, 98.02, 30.6, 63.9, 125, 64.56, 87.89, , , , , 
1/30/2020 8:22:50 PM, 3296, 9244.75, 1652, 327.68, 222.6, 163.93, 323.87, 172.78, 245.81, 98.02, 30.6, 63.9, 125, 64.56, 87.89, , , , , 
1/30/2020 8:22:53 PM, 3295.75, 9244.25, 1652, 327.68, 222.6, 163.93, 323.87, 172.78, 245.81, 98.02, 30.6, 63.9, 125, 64.56, 87.89, , , , , 
1/30/2020 8:22:56 PM, 3295.75, 9244.25, 1652, 327.68, 222.6, 163.93, 323.87, 172.78, 245.81, 98.02, 30.6, 63.9, 125, 64.56, 87.89, , , , , 
1/30/2020 8:22:59 PM, 3295.75, 9244.25, 1652, 327.68, 222.6, 163.93, 323.87, 172.78, 245.81, 98.02, 30.6, 63.9, 125, 64.56, 87.89, , , , , 
1/30/2020 8:23:03 PM, 3295.75, 9244.25, 1652, 327.68, 222.6, 163.93, 323.87, 172.78, 245.81, 98.02, 30.6, 63.9, 125, 64.56, 87.89, , , , , 
1/30/2020 8:23:06 PM, 3295.75, 9244.75, 1652, 327.68, 222.6, 163.93, 323.87, 172.78, 245.81, 98.02, 30.6, 63.9, 125, 64.56, 87.89, , , , , 
1/30/2020 8:23:09 PM, 3296.25, 9245.25, 1652.1, 327.68, 222.6, 163.93, 323.87, 172.78, 245.81, 98.02, 30.6, 63.9, 125, 64.56, 87.89, , , , , 
1/30/2020 8:23:12 PM, 3296, 9245, 1652.1, 327.68, 222.6, 163.93, 323.87, 172.78, 245.81, 98.02, 30.6, 63.9, 125, 64.56, 87.89, , , , , 
1/30/2020 8:23:15 PM, 3296, 9244.5, 1652.1, 327.68, 222.6, 163.93, 323.87, 172.78, 245.81, 98.02, 30.6, 63.9, 125, 64.56, 87.89, , , , , 
1/30/2020 8:23:18 PM, 3296, 9244.5, 1652.1, 327.68, 222.6, 163.93, 323.87, 172.78, 245.81, 98.02, 30.6, 63.9, 125, 64.56, 87.89, , , , , 
1/30/2020 8:23:21 PM, 3296, 9244.5, 1652.1, 327.68, 222.6, 163.93, 323.87, 172.78, 245.81, 98.02, 30.6, 63.9, 125, 64.56, 87.89, , , , , 
1/30/2020 8:23:24 PM, 3296, 9244.5, 1652.1, 327.68, 222.6, 163.93, 323.87, 172.78, 245.81, 98.02, 30.6, 63.9, 125, 64.56, 87.89, , , , , 
1/30/2020 8:23:27 PM, 3296.25, 9245.25, 1652.1, 327.68, 222.6, 163.93, 323.87, 172.78, 245.81, 98.02, 30.6, 63.9, 125, 64.56, 87.89, , , , , 
1/30/2020 8:23:30 PM, 3296, 9245, 1652.1, 327.68, 222.6, 163.93, 323.87, 172.78, 245.81, 98.02, 30.6, 63.9, 125, 64.56, 87.89, , , , , 
1/30/2020 8:23:33 PM, 3296, 9245, 1652.1, 327.68, 222.6, 163.93, 323.87, 172.78, 245.81, 98.02, 30.6, 63.9, 125, 64.56, 87.89, , , , , 
1/30/2020 8:23:36 PM, 3295.75, 9244.25, 1652, 327.68, 222.6, 163.93, 323.87, 172.78, 245.81, 98.02, 30.6, 63.9, 125, 64.56, 87.89, , , , , 
1/30/2020 8:23:39 PM, 3295.75, 9243.75, 1652, 327.68, 222.6, 163.93, 323.87, 172.78, 245.81, 98.02, 30.6, 63.9, 125, 64.56, 87.89, , , , , 
1/30/2020 8:23:42 PM, 3295.75, 9243.75, 1652, 327.68, 222.6, 163.93, 323.87, 172.78, 245.81, 98.02, 30.6, 63.9, 125, 64.56, 87.89, , , , , 
1/30/2020 8:23:45 PM, 3295.75, 9244, 1652, 327.68, 222.6, 163.93, 323.87, 172.78, 245.81, 98.02, 30.6, 63.9, 125, 64.56, 87.89, , , , , 
1/30/2020 8:23:48 PM, 3295.75, 9244, 1652, 327.68, 222.6, 163.93, 323.87, 172.78, 245.81, 98.02, 30.6, 63.9, 125, 64.56, 87.89, , , , , 
1/30/2020 8:23:51 PM, 3296, 9244.25, 1652.2, 327.68, 222.6, 163.93, 323.87, 172.78, 245.81, 98.02, 30.6, 63.9, 125, 64.56, 87.89, , , , , 
1/30/2020 8:23:54 PM, 3296, 9244.25, 1652.2, 327.68, 222.6, 163.93, 323.87, 172.78, 245.81, 98.02, 30.6, 63.9, 125, 64.56, 87.89, , , , , 
1/30/2020 8:23:57 PM, 3296, 9244.25, 1652.2, 327.68, 222.6, 163.93, 323.87, 172.78, 245.81, 98.02, 30.6, 63.9, 125, 64.56, 87.89, , , , , 
1/30/2020 8:24:00 PM, 3296, 9244.25, 1652.2, 327.68, 222.6, 163.93, 323.87, 172.78, 245.81, 98.02, 30.6, 63.9, 125, 64.56, 87.89, , , , , 
1/30/2020 8:24:03 PM, 3295.75, 9244, 1652, 327.68, 222.6, 163.93, 323.87, 172.78, 245.81, 98.02, 30.6, 63.9, 125, 64.56, 87.89, , , , , 
1/30/2020 8:24:06 PM, 3295.75, 9244, 1652, 327.68, 222.6, 163.93, 323.87, 172.78, 245.81, 98.02, 30.6, 63.9, 125, 64.56, 87.89, , , , , 
1/30/2020 8:24:09 PM, 3295.75, 9243.5, 1652.1, 327.68, 222.6, 163.93, 323.87, 172.78, 245.81, 98.02, 30.6, 63.9, 125, 64.56, 87.89, , , , , 
1/30/2020 8:24:12 PM, 3295.75, 9243.5, 1652.1, 327.68, 222.6, 163.93, 323.87, 172.78, 245.81, 98.02, 30.6, 63.9, 125, 64.56, 87.89, , , , , 
1/30/2020 8:24:15 PM, 3295.75, 9243.75, 1652.1, 327.68, 222.6, 163.93, 323.87, 172.78, 245.81, 98.02, 30.6, 63.9, 125, 64.56, 87.89, , , , , 
1/30/2020 8:24:18 PM, 3295.75, 9243.75, 1652.1, 327.68, 222.6, 163.93, 323.87, 172.78, 245.81, 98.02, 30.6, 63.9, 125, 64.56, 87.89, , , , , 
1/30/2020 8:24:21 PM, 3295.75, 9244.25, 1652.1, 327.68, 222.6, 163.93, 323.87, 172.78, 245.81, 98.02, 30.6, 63.9, 125, 64.56, 87.89, , , , , 
1/30/2020 8:24:24 PM, 3295.75, 9244.25, 1652.1, 327.68, 222.6, 163.93, 323.87, 172.78, 245.81, 98.02, 30.6, 63.9, 125, 64.56, 87.89, , , , , 
1/30/2020 8:24:28 PM, 3295.75, 9244, 1652.1, 327.68, 222.6, 163.93, 323.87, 172.78, 245.81, 98.02, 30.6, 63.9, 125, 64.56, 87.89, , , , , 
1/30/2020 8:24:31 PM, 3295.75, 9244, 1652, 327.68, 222.6, 163.93, 323.87, 172.78, 245.81, 98.02, 30.6, 63.9, 125, 64.56, 87.89, , , , , 
1/30/2020 8:24:34 PM, 3295.5, 9243.75, 1652, 327.68, 222.6, 163.93, 323.87, 172.78, 245.81, 98.02, 30.6, 63.9, 125, 64.56, 87.89, , , , , 
1/30/2020 8:24:37 PM, 3295.5, 9242.75, 1651.9, 327.68, 222.6, 163.93, 323.87, 172.78, 245.81, 98.02, 30.6, 63.9, 125, 64.56, 87.89, , , , , 
1/30/2020 8:24:40 PM, 3295.5, 9243, 1651.9, 327.68, 222.6, 163.93, 323.87, 172.78, 245.81, 98.02, 30.6, 63.9, 125, 64.56, 87.89, , , , , 
1/30/2020 8:24:43 PM, 3295.5, 9243.5, 1651.9, 327.68, 222.6, 163.93, 323.87, 172.78, 245.81, 98.02, 30.6, 63.9, 125, 64.56, 87.89, , , , , 
1/30/2020 8:24:46 PM, 3295.5, 9243.75, 1651.9, 327.68, 222.6, 163.93, 323.87, 172.78, 245.81, 98.02, 30.6, 63.9, 125, 64.56, 87.89, , , , , 
1/30/2020 8:24:49 PM, 3295.75, 9243.75, 1652.1, 327.68, 222.6, 163.93, 323.87, 172.78, 245.81, 98.02, 30.6, 63.9, 125, 64.56, 87.89, , , , , 
1/30/2020 8:24:52 PM, 3295.75, 9243.75, 1652.1, 327.68, 222.6, 163.93, 323.87, 172.78, 245.81, 98.02, 30.6, 63.9, 125, 64.56, 87.89, , , , , 
1/30/2020 8:24:55 PM, 3295.5, 9243, 1652.1, 327.68, 222.6, 163.93, 323.87, 172.78, 245.81, 98.02, 30.6, 63.9, 125, 64.56, 87.89, , , , , 
1/30/2020 8:24:58 PM, 3295.5, 9243, 1652.1, 327.68, 222.6, 163.93, 323.87, 172.78, 245.81, 98.02, 30.6, 63.9, 125, 64.56, 87.89, , , , , 
1/30/2020 8:25:01 PM, 3295.25, 9242.75, 1652.1, 327.68, 222.6, 163.93, 323.87, 172.78, 245.81, 98.02, 30.6, 63.9, 125, 64.56, 87.89, , , , , 
1/30/2020 8:25:04 PM, 3295.5, 9242.5, 1652.1, 327.68, 222.6, 163.93, 323.87, 172.78, 245.81, 98.02, 30.6, 63.9, 125, 64.56, 87.89, , , , , 
1/30/2020 8:25:07 PM, 3295.25, 9242, 1651.7, 327.68, 222.6, 163.93, 323.87, 172.78, 245.81, 98.02, 30.6, 63.9, 125, 64.56, 87.89, , , , , 
1/30/2020 8:25:10 PM, 3295.25, 9242.25, 1651.7, 327.68, 222.6, 163.93, 323.87, 172.78, 245.81, 98.02, 30.6, 63.9, 125, 64.56, 87.89, , , , , 
1/30/2020 8:25:13 PM, 3295.25, 9242.75, 1651.7, 327.68, 222.6, 163.93, 323.87, 172.78, 245.81, 98.02, 30.6, 63.9, 125, 64.56, 87.89, , , , , 
1/30/2020 8:25:16 PM, 3295.25, 9242, 1651.7, 327.68, 222.6, 163.93, 323.87, 172.78, 245.81, 98.02, 30.6, 63.9, 125, 64.56, 87.89, , , , , 
1/30/2020 8:25:19 PM, 3295, 9242, 1651.7, 327.68, 222.6, 163.93, 323.87, 172.78, 245.81, 98.02, 30.6, 63.9, 125, 64.56, 87.89, , , , , 
1/30/2020 8:25:22 PM, 3295, 9241.5, 1651.7, 327.68, 222.6, 163.93, 323.87, 172.78, 245.81, 98.02, 30.6, 63.9, 125, 64.56, 87.89, , , , , 
1/30/2020 8:25:25 PM, 3295, 9241.75, 1651.7, 327.68, 222.6, 163.93, 323.87, 172.78, 245.81, 98.02, 30.6, 63.9, 125, 64.56, 87.89, , , , , 
1/30/2020 8:25:28 PM, 3295.25, 9241.5, 1651.7, 327.68, 222.6, 163.93, 323.87, 172.78, 245.81, 98.02, 30.6, 63.9, 125, 64.56, 87.89, , , , , 
1/30/2020 8:25:31 PM, 3295.25, 9242.5, 1651.7, 327.68, 222.6, 163.93, 323.87, 172.78, 245.81, 98.02, 30.6, 63.9, 125, 64.56, 87.89, , , , , 
1/30/2020 8:25:34 PM, 3295.25, 9242.5, 1651.7, 327.68, 222.6, 163.93, 323.87, 172.78, 245.81, 98.02, 30.6, 63.9, 125, 64.56, 87.89, , , , , 
1/30/2020 8:25:37 PM, 3295.25, 9242.5, 1651.7, 327.68, 222.6, 163.93, 323.87, 172.78, 245.81, 98.02, 30.6, 63.9, 125, 64.56, 87.89, , , , , 
1/30/2020 8:25:40 PM, 3295.25, 9242.25, 1651.7, 327.68, 222.6, 163.93, 323.87, 172.78, 245.81, 98.02, 30.6, 63.9, 125, 64.56, 87.89, , , , , 
1/30/2020 8:25:43 PM, 3295.25, 9242, 1651.7, 327.68, 222.6, 163.93, 323.87, 172.78, 245.81, 98.02, 30.6, 63.9, 125, 64.56, 87.89, , , , , 
1/30/2020 8:25:46 PM, 3295.25, 9242.5, 1651.7, 327.68, 222.6, 163.93, 323.87, 172.78, 245.81, 98.02, 30.6, 63.9, 125, 64.56, 87.89, , , , , 
1/30/2020 8:25:49 PM, 3295.25, 9242.25, 1651.7, 327.68, 222.6, 163.93, 323.87, 172.78, 245.81, 98.02, 30.6, 63.9, 125, 64.56, 87.89, , , , , 
1/30/2020 8:25:52 PM, 3295.25, 9241.75, 1651.7, 327.68, 222.6, 163.93, 323.87, 172.78, 245.81, 98.02, 30.6, 63.9, 125, 64.56, 87.89, , , , , 
1/30/2020 8:25:55 PM, 3295.25, 9242, 1651.7, 327.68, 222.6, 163.93, 323.87, 172.78, 245.81, 98.02, 30.6, 63.9, 125, 64.56, 87.89, , , , , 
1/30/2020 8:25:58 PM, 3295, 9241, 1651.5, 327.68, 222.6, 163.93, 323.87, 172.78, 245.81, 98.02, 30.6, 63.9, 125, 64.56, 87.89, , , , , 
1/30/2020 8:26:01 PM, 3294.75, 9241, 1651.5, 327.68, 222.6, 163.93, 323.87, 172.78, 245.81, 98.02, 30.6, 63.9, 125, 64.56, 87.89, , , , , 
1/30/2020 8:26:04 PM, 3294.75, 9241.25, 1651.5, 327.68, 222.6, 163.93, 323.87, 172.78, 245.81, 98.02, 30.6, 63.9, 125, 64.56, 87.89, , , , , 
1/30/2020 8:26:07 PM, 3294.75, 9241, 1651.5, 327.68, 222.6, 163.93, 323.87, 172.78, 245.81, 98.02, 30.6, 63.9, 125, 64.56, 87.89, , , , , 
1/30/2020 8:26:10 PM, 3294.75, 9241.5, 1651.5, 327.68, 222.6, 163.93, 323.87, 172.78, 245.81, 98.02, 30.6, 63.9, 125, 64.56, 87.89, , , , , 
1/30/2020 8:26:14 PM, 3295, 9242.25, 1651.7, 327.68, 222.6, 163.93, 323.87, 172.78, 245.81, 98.02, 30.6, 63.9, 125, 64.56, 87.89, , , , , 
1/30/2020 8:26:17 PM, 3295.25, 9242.75, 1651.7, 327.68, 222.6, 163.93, 323.87, 172.78, 245.81, 98.02, 30.6, 63.9, 125, 64.56, 87.89, , , , , 
1/30/2020 8:26:20 PM, 3295.25, 9243, 1651.7, 327.68, 222.6, 163.93, 323.87, 172.78, 245.81, 98.02, 30.6, 63.9, 125, 64.56, 87.89, , , , , 
1/30/2020 8:26:23 PM, 3295.25, 9243, 1651.6, 327.68, 222.6, 163.93, 323.87, 172.78, 245.81, 98.02, 30.6, 63.9, 125, 64.56, 87.89, , , , , 
1/30/2020 8:26:26 PM, 3295, 9241.75, 1651.6, 327.68, 222.6, 163.93, 323.87, 172.78, 245.81, 98.02, 30.6, 63.9, 125, 64.56, 87.89, , , , , 
1/30/2020 8:26:29 PM, 3295, 9241, 1651.6, 327.68, 222.6, 163.93, 323.87, 172.78, 245.81, 98.02, 30.6, 63.9, 125, 64.56, 87.89, , , , , 
1/30/2020 8:26:32 PM, 3294.75, 9240.75, 1651.3, 327.68, 222.6, 163.93, 323.87, 172.78, 245.81, 98.02, 30.6, 63.9, 125, 64.56, 87.89, , , , , 
1/30/2020 8:26:35 PM, 3294.75, 9241, 1651.4, 327.68, 222.6, 163.93, 323.87, 172.78, 245.81, 98.02, 30.6, 63.9, 125, 64.56, 87.89, , , , , 
1/30/2020 8:26:38 PM, 3294.75, 9240.75, 1651.4, 327.68, 222.6, 163.93, 323.87, 172.78, 245.81, 98.02, 30.6, 63.9, 125, 64.56, 87.89, , , , , 
1/30/2020 8:26:41 PM, 3294.75, 9240.75, 1651.4, 327.68, 222.6, 163.93, 323.87, 172.78, 245.81, 98.02, 30.6, 63.9, 125, 64.56, 87.89, , , , , 
1/30/2020 8:26:44 PM, 3294.5, 9238.75, 1651.4, 327.68, 222.6, 163.93, 323.87, 172.78, 245.81, 98.02, 30.6, 63.9, 125, 64.56, 87.89, , , , , 
1/30/2020 8:26:47 PM, 3294.5, 9239.5, 1651.4, 327.68, 222.6, 163.93, 323.87, 172.78, 245.81, 98.02, 30.6, 63.9, 125, 64.56, 87.89, , , , , 
1/30/2020 8:26:50 PM, 3294.25, 9239, 1651.4, 327.68, 222.6, 163.93, 323.87, 172.78, 245.81, 98.02, 30.6, 63.9, 125, 64.56, 87.89, , , , , 
1/30/2020 8:26:53 PM, 3294.5, 9239, 1651.4, 327.68, 222.6, 163.93, 323.87, 172.78, 245.81, 98.02, 30.6, 63.9, 125, 64.56, 87.89, , , , , 
1/30/2020 8:26:56 PM, 3294.25, 9239.5, 1651.4, 327.68, 222.6, 163.93, 323.87, 172.78, 245.81, 98.02, 30.6, 63.9, 125, 64.56, 87.89, , , , , 
1/30/2020 8:26:59 PM, 3294.25, 9239.75, 1651.1, 327.68, 222.6, 163.93, 323.87, 172.78, 245.81, 98.02, 30.6, 63.9, 125, 64.56, 87.89, , , , , 
1/30/2020 8:27:02 PM, 3294.25, 9239.25, 1651.1, 327.68, 222.6, 163.93, 323.87, 172.78, 245.81, 98.02, 30.6, 63.9, 125, 64.56, 87.89, , , , , 
1/30/2020 8:27:05 PM, 3294.25, 9238.75, 1651.2, 327.68, 222.6, 163.93, 323.87, 172.78, 245.81, 98.02, 30.6, 63.9, 125, 64.56, 87.89, , , , , 
1/30/2020 8:27:08 PM, 3294.25, 9239, 1651.2, 327.68, 222.6, 163.93, 323.87, 172.78, 245.81, 98.02, 30.6, 63.9, 125, 64.56, 87.89, , , , , 
1/30/2020 8:27:11 PM, 3294.25, 9239.25, 1651.3, 327.68, 222.6, 163.93, 323.87, 172.78, 245.81, 98.02, 30.6, 63.9, 125, 64.56, 87.89, , , , , 
1/30/2020 8:27:14 PM, 3294.75, 9241, 1651.4, 327.68, 222.6, 163.93, 323.87, 172.78, 245.81, 98.02, 30.6, 63.9, 125, 64.56, 87.89, , , , , 
1/30/2020 8:27:17 PM, 3295, 9241.25, 1651.6, 327.68, 222.6, 163.93, 323.87, 172.78, 245.81, 98.02, 30.6, 63.9, 125, 64.56, 87.89, , , , , 
1/30/2020 8:27:20 PM, 3295, 9241.25, 1651.6, 327.68, 222.6, 163.93, 323.87, 172.78, 245.81, 98.02, 30.6, 63.9, 125, 64.56, 87.89, , , , , 
1/30/2020 8:27:23 PM, 3294.75, 9240.75, 1651.6, 327.68, 222.6, 163.93, 323.87, 172.78, 245.81, 98.02, 30.6, 63.9, 125, 64.56, 87.89, , , , , 
1/30/2020 8:27:26 PM, 3294.75, 9240.75, 1651.6, 327.68, 222.6, 163.93, 323.87, 172.78, 245.81, 98.02, 30.6, 63.9, 125, 64.56, 87.89, , , , , 
1/30/2020 8:27:29 PM, 3294.5, 9239.75, 1651.4, 327.68, 222.6, 163.93, 323.87, 172.78, 245.81, 98.02, 30.6, 63.9, 125, 64.56, 87.89, , , , , 
1/30/2020 8:27:32 PM, 3294.5, 9239.75, 1651.4, 327.68, 222.6, 163.93, 323.87, 172.78, 245.81, 98.02, 30.6, 63.9, 125, 64.56, 87.89, , , , , 
1/30/2020 8:27:35 PM, 3294.5, 9240.25, 1651.4, 327.68, 222.6, 163.93, 323.87, 172.78, 245.81, 98.02, 30.6, 63.9, 125, 64.56, 87.89, , , , , 
1/30/2020 8:27:38 PM, 3294.5, 9240.25, 1651.4, 327.68, 222.6, 163.93, 323.87, 172.78, 245.81, 98.02, 30.6, 63.9, 125, 64.56, 87.89, , , , , 
1/30/2020 8:27:41 PM, 3294.5, 9240.75, 1651.5, 327.68, 222.6, 163.93, 323.87, 172.78, 245.81, 98.02, 30.6, 63.9, 125, 64.56, 87.89, , , , , 
1/30/2020 8:27:45 PM, 3294.5, 9240.75, 1651.5, 327.68, 222.6, 163.93, 323.87, 172.78, 245.81, 98.02, 30.6, 63.9, 125, 64.56, 87.89, , , , , 
1/30/2020 8:27:48 PM, 3294.5, 9240.5, 1651.5, 327.68, 222.6, 163.93, 323.87, 172.78, 245.81, 98.02, 30.6, 63.9, 125, 64.56, 87.89, , , , , 
1/30/2020 8:27:51 PM, 3294.5, 9240.5, 1651.5, 327.68, 222.6, 163.93, 323.87, 172.78, 245.81, 98.02, 30.6, 63.9, 125, 64.56, 87.89, , , , , 
1/30/2020 8:27:54 PM, 3294.25, 9239.75, 1651.4, 327.68, 222.6, 163.93, 323.87, 172.78, 245.81, 98.02, 30.6, 63.9, 125, 64.56, 87.89, , , , , 
1/30/2020 8:27:57 PM, 3294.25, 9239.75, 1651.4, 327.68, 222.6, 163.93, 323.87, 172.78, 245.81, 98.02, 30.6, 63.9, 125, 64.56, 87.89, , , , , 
1/30/2020 8:28:00 PM, 3294.5, 9240.25, 1651.4, 327.68, 222.6, 163.93, 323.87, 172.78, 245.81, 98.02, 30.6, 63.9, 125, 64.56, 87.89, , , , , 
1/30/2020 8:28:03 PM, 3294.5, 9240.25, 1651.4, 327.68, 222.6, 163.93, 323.87, 172.78, 245.81, 98.02, 30.6, 63.9, 125, 64.56, 87.89, , , , , 
1/30/2020 8:28:06 PM, 3294.25, 9239.5, 1651.4, 327.68, 222.6, 163.93, 323.87, 172.78, 245.81, 98.02, 30.6, 63.9, 125, 64.56, 87.89, , , , , 
1/30/2020 8:28:09 PM, 3294.25, 9239.5, 1651.4, 327.68, 222.6, 163.93, 323.87, 172.78, 245.81, 98.02, 30.6, 63.9, 125, 64.56, 87.89, , , , , 
1/30/2020 8:28:12 PM, 3294.5, 9239.75, 1651.4, 327.68, 222.6, 163.93, 323.87, 172.78, 245.81, 98.02, 30.6, 63.9, 125, 64.56, 87.89, , , , , 
1/30/2020 8:28:15 PM, 3294.5, 9239.75, 1651.4, 327.68, 222.6, 163.93, 323.87, 172.78, 245.81, 98.02, 30.6, 63.9, 125, 64.56, 87.89, , , , , 
1/30/2020 8:28:18 PM, 3294.75, 9240.75, 1651.6, 327.68, 222.6, 163.93, 323.87, 172.78, 245.81, 98.02, 30.6, 63.9, 125, 64.56, 87.89, , , , , 
1/30/2020 8:28:21 PM, 3294.75, 9240.75, 1651.6, 327.68, 222.6, 163.93, 323.87, 172.78, 245.81, 98.02, 30.6, 63.9, 125, 64.56, 87.89, , , , , 
1/30/2020 8:28:24 PM, 3294.75, 9240.25, 1651.6, 327.68, 222.6, 163.93, 323.87, 172.78, 245.81, 98.02, 30.6, 63.9, 125, 64.56, 87.89, , , , , 
1/30/2020 8:28:27 PM, 3294.75, 9240.25, 1651.6, 327.68, 222.6, 163.93, 323.87, 172.78, 245.81, 98.02, 30.6, 63.9, 125, 64.56, 87.89, , , , , 
1/30/2020 8:28:30 PM, 3294.75, 9240.5, 1651.6, 327.68, 222.6, 163.93, 323.87, 172.78, 245.81, 98.02, 30.6, 63.9, 125, 64.56, 87.89, , , , , 
1/30/2020 8:28:33 PM, 3294.75, 9240.5, 1651.6, 327.68, 222.6, 163.93, 323.87, 172.78, 245.81, 98.02, 30.6, 63.9, 125, 64.56, 87.89, , , , , 
1/30/2020 8:28:36 PM, 3294.75, 9240.25, 1651.5, 327.68, 222.6, 163.93, 323.87, 172.78, 245.81, 98.02, 30.6, 63.9, 125, 64.56, 87.89, , , , , 
1/30/2020 8:28:39 PM, 3294.75, 9240.25, 1651.5, 327.68, 222.6, 163.93, 323.87, 172.78, 245.81, 98.02, 30.6, 63.9, 125, 64.56, 87.89, , , , , 
1/30/2020 8:28:42 PM, 3294.75, 9240, 1651.5, 327.68, 222.6, 163.93, 323.87, 172.78, 245.81, 98.02, 30.6, 63.9, 125, 64.56, 87.89, , , , , 
1/30/2020 8:28:45 PM, 3294.75, 9240, 1651.5, 327.68, 222.6, 163.93, 323.87, 172.78, 245.81, 98.02, 30.6, 63.9, 125, 64.56, 87.89, , , , , 
1/30/2020 8:28:48 PM, 3294.75, 9239.75, 1651.5, 327.68, 222.6, 163.93, 323.87, 172.78, 245.81, 98.02, 30.6, 63.9, 125, 64.56, 87.89, , , , , 
1/30/2020 8:28:52 PM, 3294.75, 9239.75, 1651.5, 327.68, 222.6, 163.93, 323.87, 172.78, 245.81, 98.02, 30.6, 63.9, 125, 64.56, 87.89, , , , , 
1/30/2020 8:28:55 PM, 3294.75, 9239.75, 1651.5, 327.68, 222.6, 163.93, 323.87, 172.78, 245.81, 98.02, 30.6, 63.9, 125, 64.56, 87.89, , , , , 
1/30/2020 8:28:58 PM, 3294.75, 9240.25, 1651.5, 327.68, 222.6, 163.93, 323.87, 172.78, 245.81, 98.02, 30.6, 63.9, 125, 64.56, 87.89, , , , , 
1/30/2020 8:29:01 PM, 3294.5, 9240.75, 1651.5, 327.68, 222.6, 163.93, 323.87, 172.78, 245.81, 98.02, 30.6, 63.9, 125, 64.56, 87.89, , , , , 
1/30/2020 8:29:04 PM, 3294.75, 9240.5, 1651.5, 327.68, 222.6, 163.93, 323.87, 172.78, 245.81, 98.02, 30.6, 63.9, 125, 64.56, 87.89, , , , , 
1/30/2020 8:29:07 PM, 3294.75, 9240.5, 1651.5, 327.68, 222.6, 163.93, 323.87, 172.78, 245.81, 98.02, 30.6, 63.9, 125, 64.56, 87.89, , , , , 
1/30/2020 8:29:10 PM, 3294.75, 9241, 1651.5, 327.68, 222.6, 163.93, 323.87, 172.78, 245.81, 98.02, 30.6, 63.9, 125, 64.56, 87.89, , , , , 
1/30/2020 8:29:13 PM, 3294.75, 9241, 1651.5, 327.68, 222.6, 163.93, 323.87, 172.78, 245.81, 98.02, 30.6, 63.9, 125, 64.56, 87.89, , , , , 
1/30/2020 8:29:16 PM, 3294.75, 9241.5, 1651.5, 327.68, 222.6, 163.93, 323.87, 172.78, 245.81, 98.02, 30.6, 63.9, 125, 64.56, 87.89, , , , , 
1/30/2020 8:29:19 PM, 3295, 9241.75, 1651.7, 327.68, 222.6, 163.93, 323.87, 172.78, 245.81, 98.02, 30.6, 63.9, 125, 64.56, 87.89, , , , , 
1/30/2020 8:29:22 PM, 3295, 9242.25, 1651.7, 327.68, 222.6, 163.93, 323.87, 172.78, 245.81, 98.02, 30.6, 63.9, 125, 64.56, 87.89, , , , , 
1/30/2020 8:29:25 PM, 3295.25, 9242.5, 1651.9, 327.68, 222.6, 163.93, 323.87, 172.78, 245.81, 98.02, 30.6, 63.9, 125, 64.56, 87.89, , , , , 
1/30/2020 8:29:28 PM, 3295.5, 9243.25, 1651.9, 327.68, 222.6, 163.93, 323.87, 172.78, 245.81, 98.02, 30.6, 63.9, 125, 64.56, 87.89, , , , , 
1/30/2020 8:29:31 PM, 3295.75, 9243.75, 1652, 327.68, 222.6, 163.93, 323.87, 172.78, 245.81, 98.02, 30.6, 63.9, 125, 64.56, 87.89, , , , , 
1/30/2020 8:29:34 PM, 3295.5, 9243.5, 1652.1, 327.68, 222.6, 163.93, 323.87, 172.78, 245.81, 98.02, 30.6, 63.9, 125, 64.56, 87.89, , , , , 
1/30/2020 8:29:37 PM, 3295.5, 9243, 1652.1, 327.68, 222.6, 163.93, 323.87, 172.78, 245.81, 98.02, 30.6, 63.9, 125, 64.56, 87.89, , , , , 
1/30/2020 8:29:40 PM, 3295.75, 9243.75, 1652.1, 327.68, 222.6, 163.93, 323.87, 172.78, 245.81, 98.02, 30.6, 63.9, 125, 64.56, 87.89, , , , , 
1/30/2020 8:29:43 PM, 3295.5, 9243.75, 1652.1, 327.68, 222.6, 163.93, 323.87, 172.78, 245.81, 98.02, 30.6, 63.9, 125, 64.56, 87.89, , , , , 
1/30/2020 8:29:46 PM, 3295.75, 9243.5, 1652.1, 327.68, 222.6, 163.93, 323.87, 172.78, 245.81, 98.02, 30.6, 63.9, 125, 64.56, 87.89, , , , , 
1/30/2020 8:29:49 PM, 3295.75, 9243.5, 1652.1, 327.68, 222.6, 163.93, 323.87, 172.78, 245.81, 98.02, 30.6, 63.9, 125, 64.56, 87.89, , , , , 
1/30/2020 8:29:52 PM, 3296.25, 9244.75, 1652.3, 327.68, 222.6, 163.93, 323.87, 172.78, 245.81, 98.02, 30.6, 63.9, 125, 64.56, 87.89, , , , , 
1/30/2020 8:29:55 PM, 3296.25, 9244.75, 1652.3, 327.68, 222.6, 163.93, 323.87, 172.78, 245.81, 98.02, 30.6, 63.9, 125, 64.56, 87.89, , , , , 
1/30/2020 8:29:58 PM, 3296.25, 9245, 1652.3, 327.68, 222.6, 163.93, 323.87, 172.78, 245.81, 98.02, 30.6, 63.9, 125, 64.56, 87.89, , , , , 
1/30/2020 8:30:01 PM, 3296, 9244.5, 1652.3, 327.68, 222.6, 163.93, 323.87, 172.78, 245.81, 98.02, 30.6, 63.9, 125, 64.56, 87.89, , , , , 
1/30/2020 8:30:04 PM, 3296, 9244.5, 1652.3, 327.68, 222.6, 163.93, 323.87, 172.78, 245.81, 98.02, 30.6, 63.9, 125, 64.56, 87.89, , , , , 
1/30/2020 8:30:07 PM, 3295.75, 9243.5, 1652, 327.68, 222.6, 163.93, 323.87, 172.78, 245.81, 98.02, 30.6, 63.9, 125, 64.56, 87.89, , , , , 
1/30/2020 8:30:10 PM, 3295.75, 9243.5, 1652, 327.68, 222.6, 163.93, 323.87, 172.78, 245.81, 98.02, 30.6, 63.9, 125, 64.56, 87.89, , , , , 
1/30/2020 8:30:13 PM, 3296, 9243.75, 1652, 327.68, 222.6, 163.93, 323.87, 172.78, 245.81, 98.02, 30.6, 63.9, 125, 64.56, 87.89, , , , , 
1/30/2020 8:30:16 PM, 3296, 9243.75, 1652, 327.68, 222.6, 163.93, 323.87, 172.78, 245.81, 98.02, 30.6, 63.9, 125, 64.56, 87.89, , , , , 
1/30/2020 8:30:19 PM, 3295.75, 9243, 1652, 327.68, 222.6, 163.93, 323.87, 172.78, 245.81, 98.02, 30.6, 63.9, 125, 64.56, 87.89, , , , , 
1/30/2020 8:30:23 PM, 3295.75, 9243, 1652, 327.68, 222.6, 163.93, 323.87, 172.78, 245.81, 98.02, 30.6, 63.9, 125, 64.56, 87.89, , , , , 
1/30/2020 8:30:26 PM, 3295.5, 9242.75, 1651.8, 327.68, 222.6, 163.93, 323.87, 172.78, 245.81, 98.02, 30.6, 63.9, 125, 64.56, 87.89, , , , , 
1/30/2020 8:30:29 PM, 3295.5, 9242.75, 1651.8, 327.68, 222.6, 163.93, 323.87, 172.78, 245.81, 98.02, 30.6, 63.9, 125, 64.56, 87.89, , , , , 
1/30/2020 8:30:32 PM, 3295.5, 9242.5, 1651.8, 327.68, 222.6, 163.93, 323.87, 172.78, 245.81, 98.02, 30.6, 63.9, 125, 64.56, 87.89, , , , , 
1/30/2020 8:30:35 PM, 3295.5, 9242.5, 1651.8, 327.68, 222.6, 163.93, 323.87, 172.78, 245.81, 98.02, 30.6, 63.9, 125, 64.56, 87.89, , , , , 
1/30/2020 8:30:38 PM, 3295.75, 9243, 1652, 327.68, 222.6, 163.93, 323.87, 172.78, 245.81, 98.02, 30.6, 63.9, 125, 64.56, 87.89, , , , , 
1/30/2020 8:30:41 PM, 3295.75, 9243, 1652, 327.68, 222.6, 163.93, 323.87, 172.78, 245.81, 98.02, 30.6, 63.9, 125, 64.56, 87.89, , , , , 
1/30/2020 8:30:44 PM, 3295.5, 9242.5, 1651.9, 327.68, 222.6, 163.93, 323.87, 172.78, 245.81, 98.02, 30.6, 63.9, 125, 64.56, 87.89, , , , , 
1/30/2020 8:30:47 PM, 3295.5, 9242.5, 1651.9, 327.68, 222.6, 163.93, 323.87, 172.78, 245.81, 98.02, 30.6, 63.9, 125, 64.56, 87.89, , , , , 
1/30/2020 8:30:50 PM, 3295.5, 9242.5, 1651.9, 327.68, 222.6, 163.93, 323.87, 172.78, 245.81, 98.02, 30.6, 63.9, 125, 64.56, 87.89, , , , , 
1/30/2020 8:30:53 PM, 3295.5, 9242.5, 1651.9, 327.68, 222.6, 163.93, 323.87, 172.78, 245.81, 98.02, 30.6, 63.9, 125, 64.56, 87.89, , , , , 
1/30/2020 8:30:56 PM, 3295.5, 9242.5, 1651.9, 327.68, 222.6, 163.93, 323.87, 172.78, 245.81, 98.02, 30.6, 63.9, 125, 64.56, 87.89, , , , , 
1/30/2020 8:30:59 PM, 3295.5, 9242.5, 1651.9, 327.68, 222.6, 163.93, 323.87, 172.78, 245.81, 98.02, 30.6, 63.9, 125, 64.56, 87.89, , , , , 
1/30/2020 8:31:02 PM, 3295.5, 9242.25, 1651.9, 327.68, 222.6, 163.93, 323.87, 172.78, 245.81, 98.02, 30.6, 63.9, 125, 64.56, 87.89, , , , , 
1/30/2020 8:31:05 PM, 3295.5, 9242.25, 1651.9, 327.68, 222.6, 163.93, 323.87, 172.78, 245.81, 98.02, 30.6, 63.9, 125, 64.56, 87.89, , , , , 
1/30/2020 8:31:08 PM, 3296, 9243.25, 1652.1, 327.68, 222.6, 163.93, 323.87, 172.78, 245.81, 98.02, 30.6, 63.9, 125, 64.56, 87.89, , , , , 
1/30/2020 8:31:11 PM, 3296, 9243.25, 1652.1, 327.68, 222.6, 163.93, 323.87, 172.78, 245.81, 98.02, 30.6, 63.9, 125, 64.56, 87.89, , , , , 
1/30/2020 8:31:14 PM, 3296, 9244.25, 1652.1, 327.68, 222.6, 163.93, 323.87, 172.78, 245.81, 98.02, 30.6, 63.9, 125, 64.56, 87.89, , , , , 
1/30/2020 8:31:17 PM, 3296, 9244.25, 1652.1, 327.68, 222.6, 163.93, 323.87, 172.78, 245.81, 98.02, 30.6, 63.9, 125, 64.56, 87.89, , , , , 
1/30/2020 8:31:20 PM, 3296.5, 9245.75, 1652.5, 327.68, 222.6, 163.93, 323.87, 172.78, 245.81, 98.02, 30.6, 63.9, 125, 64.56, 87.89, , , , , 
1/30/2020 8:31:23 PM, 3296.5, 9245.75, 1652.5, 327.68, 222.6, 163.93, 323.87, 172.78, 245.81, 98.02, 30.6, 63.9, 125, 64.56, 87.89, , , , , 
1/30/2020 8:31:26 PM, 3296.5, 9245.5, 1652.6, 327.68, 222.6, 163.93, 323.87, 172.78, 245.81, 98.02, 30.6, 63.9, 125, 64.56, 87.89, , , , , 
1/30/2020 8:31:29 PM, 3296.5, 9245.5, 1652.6, 327.68, 222.6, 163.93, 323.87, 172.78, 245.81, 98.02, 30.6, 63.9, 125, 64.56, 87.89, , , , , 
1/30/2020 8:31:32 PM, 3296.5, 9245.5, 1652.6, 327.68, 222.6, 163.93, 323.87, 172.78, 245.81, 98.02, 30.6, 63.9, 125, 64.56, 87.89, , , , , 
1/30/2020 8:31:35 PM, 3296.5, 9245.5, 1652.5, 327.68, 222.6, 163.93, 323.87, 172.78, 245.81, 98.02, 30.6, 63.9, 125, 64.56, 87.89, , , , , 
1/30/2020 8:31:38 PM, 3296.5, 9244.75, 1652.5, 327.68, 222.6, 163.93, 323.87, 172.78, 245.81, 98.02, 30.6, 63.9, 125, 64.56, 87.89, , , , , 
1/30/2020 8:31:41 PM, 3296.25, 9244.5, 1652.3, 327.68, 222.6, 163.93, 323.87, 172.78, 245.81, 98.02, 30.6, 63.9, 125, 64.56, 87.89, , , , , 
1/30/2020 8:31:44 PM, 3296.25, 9244, 1652.3, 327.68, 222.6, 163.93, 323.87, 172.78, 245.81, 98.02, 30.6, 63.9, 125, 64.56, 87.89, , , , , 
1/30/2020 8:31:47 PM, 3296.25, 9244.25, 1652.3, 327.68, 222.6, 163.93, 323.87, 172.78, 245.81, 98.02, 30.6, 63.9, 125, 64.56, 87.89, , , , , 
1/30/2020 8:31:50 PM, 3296.25, 9244.25, 1652.3, 327.68, 222.6, 163.93, 323.87, 172.78, 245.81, 98.02, 30.6, 63.9, 125, 64.56, 87.89, , , , , 
1/30/2020 8:31:53 PM, 3296, 9243.5, 1652.2, 327.68, 222.6, 163.93, 323.87, 172.78, 245.81, 98.02, 30.6, 63.9, 125, 64.56, 87.89, , , , , 
1/30/2020 8:31:57 PM, 3295.5, 9242.5, 1652, 327.68, 222.6, 163.93, 323.87, 172.78, 245.81, 98.02, 30.6, 63.9, 125, 64.56, 87.89, , , , , 
1/30/2020 8:32:00 PM, 3295.5, 9242.5, 1652, 327.68, 222.6, 163.93, 323.87, 172.78, 245.81, 98.02, 30.6, 63.9, 125, 64.56, 87.89, , , , , 
1/30/2020 8:32:03 PM, 3295.5, 9242.75, 1652, 327.68, 222.6, 163.93, 323.87, 172.78, 245.81, 98.02, 30.6, 63.9, 125, 64.56, 87.89, , , , , 
1/30/2020 8:32:06 PM, 3295.5, 9242.5, 1652, 327.68, 222.6, 163.93, 323.87, 172.78, 245.81, 98.02, 30.6, 63.9, 125, 64.56, 87.89, , , , , 
1/30/2020 8:32:09 PM, 3295.5, 9242.5, 1652, 327.68, 222.6, 163.93, 323.87, 172.78, 245.81, 98.02, 30.6, 63.9, 125, 64.56, 87.89, , , , , 
1/30/2020 8:32:12 PM, 3295.75, 9243, 1652, 327.68, 222.6, 163.93, 323.87, 172.78, 245.81, 98.02, 30.6, 63.9, 125, 64.56, 87.89, , , , , 
1/30/2020 8:32:15 PM, 3295.5, 9243, 1652, 327.68, 222.6, 163.93, 323.87, 172.78, 245.81, 98.02, 30.6, 63.9, 125, 64.56, 87.89, , , , , 
1/30/2020 8:32:18 PM, 3295.5, 9242.5, 1652, 327.68, 222.6, 163.93, 323.87, 172.78, 245.81, 98.02, 30.6, 63.9, 125, 64.56, 87.89, , , , , 
1/30/2020 8:32:21 PM, 3295.5, 9242, 1651.7, 327.68, 222.6, 163.93, 323.87, 172.78, 245.81, 98.02, 30.6, 63.9, 125, 64.56, 87.89, , , , , 
1/30/2020 8:32:24 PM, 3295.25, 9241, 1651.7, 327.68, 222.6, 163.93, 323.87, 172.78, 245.81, 98.02, 30.6, 63.9, 125, 64.56, 87.89, , , , , 
1/30/2020 8:32:27 PM, 3295.25, 9240.75, 1651.5, 327.68, 222.6, 163.93, 323.87, 172.78, 245.81, 98.02, 30.6, 63.9, 125, 64.56, 87.89, , , , , 
1/30/2020 8:32:30 PM, 3295.25, 9240.5, 1651.5, 327.68, 222.6, 163.93, 323.87, 172.78, 245.81, 98.02, 30.6, 63.9, 125, 64.56, 87.89, , , , , 
1/30/2020 8:32:33 PM, 3295, 9240, 1651.5, 327.68, 222.6, 163.93, 323.87, 172.78, 245.81, 98.02, 30.6, 63.9, 125, 64.56, 87.89, , , , , 
1/30/2020 8:32:36 PM, 3295, 9240.5, 1651.5, 327.68, 222.6, 163.93, 323.87, 172.78, 245.81, 98.02, 30.6, 63.9, 125, 64.56, 87.89, , , , , 
1/30/2020 8:32:39 PM, 3294.75, 9240, 1651.4, 327.68, 222.6, 163.93, 323.87, 172.78, 245.81, 98.02, 30.6, 63.9, 125, 64.56, 87.89, , , , , 
1/30/2020 8:32:42 PM, 3295.25, 9241.5, 1651.8, 327.68, 222.6, 163.93, 323.87, 172.78, 245.81, 98.02, 30.6, 63.9, 125, 64.56, 87.89, , , , , 
1/30/2020 8:32:45 PM, 3295.5, 9241.75, 1651.8, 327.68, 222.6, 163.93, 323.87, 172.78, 245.81, 98.02, 30.6, 63.9, 125, 64.56, 87.89, , , , , 
1/30/2020 8:32:48 PM, 3295.5, 9241, 1651.8, 327.68, 222.6, 163.93, 323.87, 172.78, 245.81, 98.02, 30.6, 63.9, 125, 64.56, 87.89, , , , , 
1/30/2020 8:32:51 PM, 3295.5, 9241.75, 1651.8, 327.68, 222.6, 163.93, 323.87, 172.78, 245.81, 98.02, 30.6, 63.9, 125, 64.56, 87.89, , , , , 
1/30/2020 8:32:54 PM, 3295.5, 9241.75, 1651.8, 327.68, 222.6, 163.93, 323.87, 172.78, 245.81, 98.02, 30.6, 63.9, 125, 64.56, 87.89, , , , , 
1/30/2020 8:32:57 PM, 3295.25, 9241.5, 1651.8, 327.68, 222.6, 163.93, 323.87, 172.78, 245.81, 98.02, 30.6, 63.9, 125, 64.56, 87.89, , , , , 
1/30/2020 8:33:00 PM, 3295.25, 9241.25, 1651.8, 327.68, 222.6, 163.93, 323.87, 172.78, 245.81, 98.02, 30.6, 63.9, 125, 64.56, 87.89, , , , , 
1/30/2020 8:33:03 PM, 3295.25, 9241.25, 1651.8, 327.68, 222.6, 163.93, 323.87, 172.78, 245.81, 98.02, 30.6, 63.9, 125, 64.56, 87.89, , , , , 
1/30/2020 8:33:06 PM, 3295.5, 9241, 1651.8, 327.68, 222.6, 163.93, 323.87, 172.78, 245.81, 98.02, 30.6, 63.9, 125, 64.56, 87.89, , , , , 
1/30/2020 8:33:09 PM, 3295.5, 9241.5, 1651.8, 327.68, 222.6, 163.93, 323.87, 172.78, 245.81, 98.02, 30.6, 63.9, 125, 64.56, 87.89, , , , , 
1/30/2020 8:33:12 PM, 3295.5, 9241.75, 1651.8, 327.68, 222.6, 163.93, 323.87, 172.78, 245.81, 98.02, 30.6, 63.9, 125, 64.56, 87.89, , , , , 
1/30/2020 8:33:15 PM, 3295.75, 9242.25, 1651.8, 327.68, 222.6, 163.93, 323.87, 172.78, 245.81, 98.02, 30.6, 63.9, 125, 64.56, 87.89, , , , , 
1/30/2020 8:33:18 PM, 3295.75, 9242.5, 1651.9, 327.68, 222.6, 163.93, 323.87, 172.78, 245.81, 98.02, 30.6, 63.9, 125, 64.56, 87.89, , , , , 
1/30/2020 8:33:21 PM, 3295.75, 9242.75, 1651.9, 327.68, 222.6, 163.93, 323.87, 172.78, 245.81, 98.02, 30.6, 63.9, 125, 64.56, 87.89, , , , , 
1/30/2020 8:33:24 PM, 3295.75, 9242, 1651.9, 327.68, 222.6, 163.93, 323.87, 172.78, 245.81, 98.02, 30.6, 63.9, 125, 64.56, 87.89, , , , , 
1/30/2020 8:33:27 PM, 3295.75, 9241.25, 1651.7, 327.68, 222.6, 163.93, 323.87, 172.78, 245.81, 98.02, 30.6, 63.9, 125, 64.56, 87.89, , , , , 
1/30/2020 8:33:30 PM, 3295.5, 9241, 1651.7, 327.68, 222.6, 163.93, 323.87, 172.78, 245.81, 98.02, 30.6, 63.9, 125, 64.56, 87.89, , , , , 
1/30/2020 8:33:34 PM, 3295.5, 9241, 1651.7, 327.68, 222.6, 163.93, 323.87, 172.78, 245.81, 98.02, 30.6, 63.9, 125, 64.56, 87.89, , , , , 
1/30/2020 8:33:37 PM, 3295.5, 9241, 1651.7, 327.68, 222.6, 163.93, 323.87, 172.78, 245.81, 98.02, 30.6, 63.9, 125, 64.56, 87.89, , , , , 
1/30/2020 8:33:40 PM, 3295.5, 9241.5, 1651.7, 327.68, 222.6, 163.93, 323.87, 172.78, 245.81, 98.02, 30.6, 63.9, 125, 64.56, 87.89, , , , , 
1/30/2020 8:33:43 PM, 3295.5, 9241.5, 1651.7, 327.68, 222.6, 163.93, 323.87, 172.78, 245.81, 98.02, 30.6, 63.9, 125, 64.56, 87.89, , , , , 
1/30/2020 8:33:46 PM, 3295.5, 9241.5, 1651.7, 327.68, 222.6, 163.93, 323.87, 172.78, 245.81, 98.02, 30.6, 63.9, 125, 64.56, 87.89, , , , , 
1/30/2020 8:33:49 PM, 3295.5, 9241.25, 1651.7, 327.68, 222.6, 163.93, 323.87, 172.78, 245.81, 98.02, 30.6, 63.9, 125, 64.56, 87.89, , , , , 
1/30/2020 8:33:52 PM, 3295.5, 9241.25, 1651.7, 327.68, 222.6, 163.93, 323.87, 172.78, 245.81, 98.02, 30.6, 63.9, 125, 64.56, 87.89, , , , , 
1/30/2020 8:33:55 PM, 3295.5, 9241.25, 1651.7, 327.68, 222.6, 163.93, 323.87, 172.78, 245.81, 98.02, 30.6, 63.9, 125, 64.56, 87.89, , , , , 
1/30/2020 8:33:58 PM, 3295.5, 9241.75, 1651.7, 327.68, 222.6, 163.93, 323.87, 172.78, 245.81, 98.02, 30.6, 63.9, 125, 64.56, 87.89, , , , , 
1/30/2020 8:34:01 PM, 3295.5, 9241.75, 1651.7, 327.68, 222.6, 163.93, 323.87, 172.78, 245.81, 98.02, 30.6, 63.9, 125, 64.56, 87.89, , , , , 
1/30/2020 8:34:04 PM, 3295.5, 9241.5, 1651.8, 327.68, 222.6, 163.93, 323.87, 172.78, 245.81, 98.02, 30.6, 63.9, 125, 64.56, 87.89, , , , , 
1/30/2020 8:34:07 PM, 3295.5, 9241.25, 1651.8, 327.68, 222.6, 163.93, 323.87, 172.78, 245.81, 98.02, 30.6, 63.9, 125, 64.56, 87.89, , , , , 
1/30/2020 8:34:10 PM, 3295.75, 9242, 1651.8, 327.68, 222.6, 163.93, 323.87, 172.78, 245.81, 98.02, 30.6, 63.9, 125, 64.56, 87.89, , , , , 
1/30/2020 8:34:13 PM, 3295.75, 9241.25, 1651.8, 327.68, 222.6, 163.93, 323.87, 172.78, 245.81, 98.02, 30.6, 63.9, 125, 64.56, 87.89, , , , , 
1/30/2020 8:34:16 PM, 3295.5, 9241, 1651.8, 327.68, 222.6, 163.93, 323.87, 172.78, 245.81, 98.02, 30.6, 63.9, 125, 64.56, 87.89, , , , , 
1/30/2020 8:34:19 PM, 3295.5, 9240.25, 1651.6, 327.68, 222.6, 163.93, 323.87, 172.78, 245.81, 98.02, 30.6, 63.9, 125, 64.56, 87.89, , , , , 
1/30/2020 8:34:22 PM, 3295.5, 9240.75, 1651.7, 327.68, 222.6, 163.93, 323.87, 172.78, 245.81, 98.02, 30.6, 63.9, 125, 64.56, 87.89, , , , , 
1/30/2020 8:34:25 PM, 3295.5, 9241, 1651.7, 327.68, 222.6, 163.93, 323.87, 172.78, 245.81, 98.02, 30.6, 63.9, 125, 64.56, 87.89, , , , , 
1/30/2020 8:34:28 PM, 3295.5, 9240.75, 1651.7, 327.68, 222.6, 163.93, 323.87, 172.78, 245.81, 98.02, 30.6, 63.9, 125, 64.56, 87.89, , , , , 
1/30/2020 8:34:31 PM, 3295.5, 9241.25, 1651.7, 327.68, 222.6, 163.93, 323.87, 172.78, 245.81, 98.02, 30.6, 63.9, 125, 64.56, 87.89, , , , , 
1/30/2020 8:34:34 PM, 3295.5, 9240.75, 1651.7, 327.68, 222.6, 163.93, 323.87, 172.78, 245.81, 98.02, 30.6, 63.9, 125, 64.56, 87.89, , , , , 
1/30/2020 8:34:37 PM, 3295.25, 9240.5, 1651.7, 327.68, 222.6, 163.93, 323.87, 172.78, 245.81, 98.02, 30.6, 63.9, 125, 64.56, 87.89, , , , , 
1/30/2020 8:34:40 PM, 3295.25, 9240.75, 1651.7, 327.68, 222.6, 163.93, 323.87, 172.78, 245.81, 98.02, 30.6, 63.9, 125, 64.56, 87.89, , , , , 
1/30/2020 8:34:43 PM, 3295.25, 9240.25, 1651.7, 327.68, 222.6, 163.93, 323.87, 172.78, 245.81, 98.02, 30.6, 63.9, 125, 64.56, 87.89, , , , , 
1/30/2020 8:34:46 PM, 3295.25, 9240.5, 1651.7, 327.68, 222.6, 163.93, 323.87, 172.78, 245.81, 98.02, 30.6, 63.9, 125, 64.56, 87.89, , , , , 
1/30/2020 8:34:49 PM, 3295.25, 9240.5, 1651.7, 327.68, 222.6, 163.93, 323.87, 172.78, 245.81, 98.02, 30.6, 63.9, 125, 64.56, 87.89, , , , , 
1/30/2020 8:34:52 PM, 3295.25, 9240.5, 1651.7, 327.68, 222.6, 163.93, 323.87, 172.78, 245.81, 98.02, 30.6, 63.9, 125, 64.56, 87.89, , , , , 
1/30/2020 8:34:55 PM, 3295.25, 9240, 1651.6, 327.68, 222.6, 163.93, 323.87, 172.78, 245.81, 98.02, 30.6, 63.9, 125, 64.56, 87.89, , , , , 
1/30/2020 8:34:58 PM, 3295.25, 9239.5, 1651.6, 327.68, 222.6, 163.93, 323.87, 172.78, 245.81, 98.02, 30.6, 63.9, 125, 64.56, 87.89, , , , , 
1/30/2020 8:35:01 PM, 3295.25, 9239.75, 1651.6, 327.68, 222.6, 163.93, 323.87, 172.78, 245.81, 98.02, 30.6, 63.9, 125, 64.56, 87.89, , , , , 
1/30/2020 8:35:04 PM, 3295, 9239, 1651.6, 327.68, 222.6, 163.93, 323.87, 172.78, 245.81, 98.02, 30.6, 63.9, 125, 64.56, 87.89, , , , , 
1/30/2020 8:35:07 PM, 3295, 9239, 1651.6, 327.68, 222.6, 163.93, 323.87, 172.78, 245.81, 98.02, 30.6, 63.9, 125, 64.56, 87.89, , , , , 
1/30/2020 8:35:11 PM, 3294.75, 9238.75, 1651.4, 327.68, 222.6, 163.93, 323.87, 172.78, 245.81, 98.02, 30.6, 63.9, 125, 64.56, 87.89, , , , , 
1/30/2020 8:35:14 PM, 3294.5, 9237.25, 1651.3, 327.68, 222.6, 163.93, 323.87, 172.78, 245.81, 98.02, 30.6, 63.9, 125, 64.56, 87.89, , , , , 
1/30/2020 8:35:17 PM, 3294.5, 9237.25, 1651.3, 327.68, 222.6, 163.93, 323.87, 172.78, 245.81, 98.02, 30.6, 63.9, 125, 64.56, 87.89, , , , , 
1/30/2020 8:35:20 PM, 3294.25, 9237.25, 1651.3, 327.68, 222.6, 163.93, 323.87, 172.78, 245.81, 98.02, 30.6, 63.9, 125, 64.56, 87.89, , , , , 
1/30/2020 8:35:23 PM, 3294.5, 9237, 1651.3, 327.68, 222.6, 163.93, 323.87, 172.78, 245.81, 98.02, 30.6, 63.9, 125, 64.56, 87.89, , , , , 
1/30/2020 8:35:26 PM, 3294.5, 9237.5, 1651.3, 327.68, 222.6, 163.93, 323.87, 172.78, 245.81, 98.02, 30.6, 63.9, 125, 64.56, 87.89, , , , , 
1/30/2020 8:35:29 PM, 3294.5, 9237.5, 1651.3, 327.68, 222.6, 163.93, 323.87, 172.78, 245.81, 98.02, 30.6, 63.9, 125, 64.56, 87.89, , , , , 
1/30/2020 8:35:32 PM, 3294.75, 9237.5, 1651.3, 327.68, 222.6, 163.93, 323.87, 172.78, 245.81, 98.02, 30.6, 63.9, 125, 64.56, 87.89, , , , , 
1/30/2020 8:35:35 PM, 3294.5, 9237.25, 1651.3, 327.68, 222.6, 163.93, 323.87, 172.78, 245.81, 98.02, 30.6, 63.9, 125, 64.56, 87.89, , , , , 
1/30/2020 8:35:38 PM, 3294.5, 9237.5, 1651.3, 327.68, 222.6, 163.93, 323.87, 172.78, 245.81, 98.02, 30.6, 63.9, 125, 64.56, 87.89, , , , , 
1/30/2020 8:35:41 PM, 3294.5, 9237.25, 1651.4, 327.68, 222.6, 163.93, 323.87, 172.78, 245.81, 98.02, 30.6, 63.9, 125, 64.56, 87.89, , , , , 
1/30/2020 8:35:44 PM, 3294.5, 9237.75, 1651.4, 327.68, 222.6, 163.93, 323.87, 172.78, 245.81, 98.02, 30.6, 63.9, 125, 64.56, 87.89, , , , , 
1/30/2020 8:35:47 PM, 3294.5, 9237.75, 1651.4, 327.68, 222.6, 163.93, 323.87, 172.78, 245.81, 98.02, 30.6, 63.9, 125, 64.56, 87.89, , , , , 
1/30/2020 8:35:50 PM, 3294.5, 9237, 1651.3, 327.68, 222.6, 163.93, 323.87, 172.78, 245.81, 98.02, 30.6, 63.9, 125, 64.56, 87.89, , , , , 
1/30/2020 8:35:53 PM, 3294.5, 9237.5, 1651.3, 327.68, 222.6, 163.93, 323.87, 172.78, 245.81, 98.02, 30.6, 63.9, 125, 64.56, 87.89, , , , , 
1/30/2020 8:35:56 PM, 3294.5, 9237.75, 1651.3, 327.68, 222.6, 163.93, 323.87, 172.78, 245.81, 98.02, 30.6, 63.9, 125, 64.56, 87.89, , , , , 
1/30/2020 8:35:59 PM, 3294.5, 9237.75, 1651.3, 327.68, 222.6, 163.93, 323.87, 172.78, 245.81, 98.02, 30.6, 63.9, 125, 64.56, 87.89, , , , , 
1/30/2020 8:36:02 PM, 3294.25, 9237, 1651.3, 327.68, 222.6, 163.93, 323.87, 172.78, 245.81, 98.02, 30.6, 63.9, 125, 64.56, 87.89, , , , , 
1/30/2020 8:36:05 PM, 3294.25, 9237, 1651.3, 327.68, 222.6, 163.93, 323.87, 172.78, 245.81, 98.02, 30.6, 63.9, 125, 64.56, 87.89, , , , , 
1/30/2020 8:36:08 PM, 3294.25, 9237, 1651.3, 327.68, 222.6, 163.93, 323.87, 172.78, 245.81, 98.02, 30.6, 63.9, 125, 64.56, 87.89, , , , , 
1/30/2020 8:36:11 PM, 3294.25, 9237, 1651.3, 327.68, 222.6, 163.93, 323.87, 172.78, 245.81, 98.02, 30.6, 63.9, 125, 64.56, 87.89, , , , , 
1/30/2020 8:36:14 PM, 3294.25, 9237, 1651.3, 327.68, 222.6, 163.93, 323.87, 172.78, 245.81, 98.02, 30.6, 63.9, 125, 64.56, 87.89, , , , , 
1/30/2020 8:36:17 PM, 3294.25, 9236.25, 1651.2, 327.68, 222.6, 163.93, 323.87, 172.78, 245.81, 98.02, 30.6, 63.9, 125, 64.56, 87.89, , , , , 
1/30/2020 8:36:20 PM, 3294.25, 9236.25, 1651.2, 327.68, 222.6, 163.93, 323.87, 172.78, 245.81, 98.02, 30.6, 63.9, 125, 64.56, 87.89, , , , , 
1/30/2020 8:36:23 PM, 3294.25, 9236.75, 1651.2, 327.68, 222.6, 163.93, 323.87, 172.78, 245.81, 98.02, 30.6, 63.9, 125, 64.56, 87.89, , , , , 
1/30/2020 8:36:26 PM, 3294.25, 9236.5, 1651.2, 327.68, 222.6, 163.93, 323.87, 172.78, 245.81, 98.02, 30.6, 63.9, 125, 64.56, 87.89, , , , , 
1/30/2020 8:36:29 PM, 3294, 9235.5, 1651.1, 327.68, 222.6, 163.93, 323.87, 172.78, 245.81, 98.02, 30.6, 63.9, 125, 64.56, 87.89, , , , , 
1/30/2020 8:36:32 PM, 3293.75, 9236.25, 1651.2, 327.68, 222.6, 163.93, 323.87, 172.78, 245.81, 98.02, 30.6, 63.9, 125, 64.56, 87.89, , , , , 
1/30/2020 8:36:35 PM, 3293.75, 9236.25, 1651.2, 327.68, 222.6, 163.93, 323.87, 172.78, 245.81, 98.02, 30.6, 63.9, 125, 64.56, 87.89, , , , , 
1/30/2020 8:36:38 PM, 3293.75, 9235.25, 1651.1, 327.68, 222.6, 163.93, 323.87, 172.78, 245.81, 98.02, 30.6, 63.9, 125, 64.56, 87.89, , , , , 
1/30/2020 8:36:41 PM, 3293.75, 9235.25, 1651.2, 327.68, 222.6, 163.93, 323.87, 172.78, 245.81, 98.02, 30.6, 63.9, 125, 64.56, 87.89, , , , , 
1/30/2020 8:36:44 PM, 3293.75, 9235.75, 1651.1, 327.68, 222.6, 163.93, 323.87, 172.78, 245.81, 98.02, 30.6, 63.9, 125, 64.56, 87.89, , , , , 
1/30/2020 8:36:47 PM, 3294, 9235.75, 1651, 327.68, 222.6, 163.93, 323.87, 172.78, 245.81, 98.02, 30.6, 63.9, 125, 64.56, 87.89, , , , , 
1/30/2020 8:36:50 PM, 3294, 9235.75, 1651, 327.68, 222.6, 163.93, 323.87, 172.78, 245.81, 98.02, 30.6, 63.9, 125, 64.56, 87.89, , , , , 
1/30/2020 8:36:54 PM, 3293.75, 9235.25, 1651.1, 327.68, 222.6, 163.93, 323.87, 172.78, 245.81, 98.02, 30.6, 63.9, 125, 64.56, 87.89, , , , , 
1/30/2020 8:36:57 PM, 3293.75, 9235.25, 1651.1, 327.68, 222.6, 163.93, 323.87, 172.78, 245.81, 98.02, 30.6, 63.9, 125, 64.56, 87.89, , , , , 
1/30/2020 8:37:00 PM, 3293.5, 9234.75, 1650.9, 327.68, 222.6, 163.93, 323.87, 172.78, 245.81, 98.02, 30.6, 63.9, 125, 64.56, 87.89, , , , , 
1/30/2020 8:37:03 PM, 3293.75, 9235, 1650.9, 327.68, 222.6, 163.93, 323.87, 172.78, 245.81, 98.02, 30.6, 63.9, 125, 64.56, 87.89, , , , , 
1/30/2020 8:37:06 PM, 3293.5, 9235, 1650.8, 327.68, 222.6, 163.93, 323.87, 172.78, 245.81, 98.02, 30.6, 63.9, 125, 64.56, 87.89, , , , , 
1/30/2020 8:37:09 PM, 3293.5, 9235, 1650.8, 327.68, 222.6, 163.93, 323.87, 172.78, 245.81, 98.02, 30.6, 63.9, 125, 64.56, 87.89, , , , , 
1/30/2020 8:37:12 PM, 3293.5, 9235, 1650.8, 327.68, 222.6, 163.93, 323.87, 172.78, 245.81, 98.02, 30.6, 63.9, 125, 64.56, 87.89, , , , , 
1/30/2020 8:37:15 PM, 3293.25, 9234.5, 1650.8, 327.68, 222.6, 163.93, 323.87, 172.78, 245.81, 98.02, 30.6, 63.9, 125, 64.56, 87.89, , , , , 
1/30/2020 8:37:18 PM, 3293.5, 9234.25, 1650.7, 327.68, 222.6, 163.93, 323.87, 172.78, 245.81, 98.02, 30.6, 63.9, 125, 64.56, 87.89, , , , , 
1/30/2020 8:37:21 PM, 3293.5, 9234.25, 1650.7, 327.68, 222.6, 163.93, 323.87, 172.78, 245.81, 98.02, 30.6, 63.9, 125, 64.56, 87.89, , , , , 
1/30/2020 8:37:24 PM, 3293.25, 9234.5, 1650.7, 327.68, 222.6, 163.93, 323.87, 172.78, 245.81, 98.02, 30.6, 63.9, 125, 64.56, 87.89, , , , , 
1/30/2020 8:37:27 PM, 3293.25, 9234.5, 1650.7, 327.68, 222.6, 163.93, 323.87, 172.78, 245.81, 98.02, 30.6, 63.9, 125, 64.56, 87.89, , , , , 
1/30/2020 8:37:30 PM, 3293.25, 9234, 1650.7, 327.68, 222.6, 163.93, 323.87, 172.78, 245.81, 98.02, 30.6, 63.9, 125, 64.56, 87.89, , , , , 
1/30/2020 8:37:33 PM, 3293.25, 9234, 1650.7, 327.68, 222.6, 163.93, 323.87, 172.78, 245.81, 98.02, 30.6, 63.9, 125, 64.56, 87.89, , , , , 
1/30/2020 8:37:36 PM, 3293.25, 9234, 1650.7, 327.68, 222.6, 163.93, 323.87, 172.78, 245.81, 98.02, 30.6, 63.9, 125, 64.56, 87.89, , , , , 
1/30/2020 8:37:39 PM, 3293.25, 9234, 1650.7, 327.68, 222.6, 163.93, 323.87, 172.78, 245.81, 98.02, 30.6, 63.9, 125, 64.56, 87.89, , , , , 
1/30/2020 8:37:42 PM, 3293.25, 9234.5, 1650.7, 327.68, 222.6, 163.93, 323.87, 172.78, 245.81, 98.02, 30.6, 63.9, 125, 64.56, 87.89, , , , , 
1/30/2020 8:37:45 PM, 3293.25, 9234.5, 1650.7, 327.68, 222.6, 163.93, 323.87, 172.78, 245.81, 98.02, 30.6, 63.9, 125, 64.56, 87.89, , , , , 
1/30/2020 8:37:48 PM, 3293.5, 9235.25, 1650.6, 327.68, 222.6, 163.93, 323.87, 172.78, 245.81, 98.02, 30.6, 63.9, 125, 64.56, 87.89, , , , , 
1/30/2020 8:37:51 PM, 3293.25, 9234.25, 1650.6, 327.68, 222.6, 163.93, 323.87, 172.78, 245.81, 98.02, 30.6, 63.9, 125, 64.56, 87.89, , , , , 
1/30/2020 8:37:54 PM, 3293.25, 9234, 1650.5, 327.68, 222.6, 163.93, 323.87, 172.78, 245.81, 98.02, 30.6, 63.9, 125, 64.56, 87.89, , , , , 
1/30/2020 8:37:57 PM, 3293.25, 9234, 1650.5, 327.68, 222.6, 163.93, 323.87, 172.78, 245.81, 98.02, 30.6, 63.9, 125, 64.56, 87.89, , , , , 
1/30/2020 8:38:00 PM, 3293.25, 9233.5, 1650.5, 327.68, 222.6, 163.93, 323.87, 172.78, 245.81, 98.02, 30.6, 63.9, 125, 64.56, 87.89, , , , , 
1/30/2020 8:38:03 PM, 3293.25, 9234.25, 1650.5, 327.68, 222.6, 163.93, 323.87, 172.78, 245.81, 98.02, 30.6, 63.9, 125, 64.56, 87.89, , , , , 
1/30/2020 8:38:06 PM, 3293.5, 9234.75, 1650.6, 327.68, 222.6, 163.93, 323.87, 172.78, 245.81, 98.02, 30.6, 63.9, 125, 64.56, 87.89, , , , , 
1/30/2020 8:38:09 PM, 3293.5, 9234.75, 1650.6, 327.68, 222.6, 163.93, 323.87, 172.78, 245.81, 98.02, 30.6, 63.9, 125, 64.56, 87.89, , , , , 
1/30/2020 8:38:12 PM, 3293.75, 9235.5, 1651, 327.68, 222.6, 163.93, 323.87, 172.78, 245.81, 98.02, 30.6, 63.9, 125, 64.56, 87.89, , , , , 
1/30/2020 8:38:15 PM, 3293.75, 9235.5, 1651, 327.68, 222.6, 163.93, 323.87, 172.78, 245.81, 98.02, 30.6, 63.9, 125, 64.56, 87.89, , , , , 
1/30/2020 8:38:18 PM, 3293.75, 9233.75, 1650.8, 327.68, 222.6, 163.93, 323.87, 172.78, 245.81, 98.02, 30.6, 63.9, 125, 64.56, 87.89, , , , , 
1/30/2020 8:38:21 PM, 3293.75, 9233.75, 1650.8, 327.68, 222.6, 163.93, 323.87, 172.78, 245.81, 98.02, 30.6, 63.9, 125, 64.56, 87.89, , , , , 
1/30/2020 8:38:24 PM, 3293.75, 9234.75, 1650.8, 327.68, 222.6, 163.93, 323.87, 172.78, 245.81, 98.02, 30.6, 63.9, 125, 64.56, 87.89, , , , , 
1/30/2020 8:38:27 PM, 3293.75, 9235.25, 1650.8, 327.68, 222.6, 163.93, 323.87, 172.78, 245.81, 98.02, 30.6, 63.9, 125, 64.56, 87.89, , , , , 
1/30/2020 8:38:31 PM, 3294, 9235, 1650.8, 327.68, 222.6, 163.93, 323.87, 172.78, 245.81, 98.02, 30.6, 63.9, 125, 64.56, 87.89, , , , , 
1/30/2020 8:38:34 PM, 3294, 9234.75, 1650.8, 327.68, 222.6, 163.93, 323.87, 172.78, 245.81, 98.02, 30.6, 63.9, 125, 64.56, 87.89, , , , , 
1/30/2020 8:38:37 PM, 3294, 9235, 1650.8, 327.68, 222.6, 163.93, 323.87, 172.78, 245.81, 98.02, 30.6, 63.9, 125, 64.56, 87.89, , , , , 
1/30/2020 8:38:40 PM, 3293.75, 9234.75, 1650.8, 327.68, 222.6, 163.93, 323.87, 172.78, 245.81, 98.02, 30.6, 63.9, 125, 64.56, 87.89, , , , , 
1/30/2020 8:38:43 PM, 3293.75, 9234.5, 1650.8, 327.68, 222.6, 163.93, 323.87, 172.78, 245.81, 98.02, 30.6, 63.9, 125, 64.56, 87.89, , , , , 
1/30/2020 8:38:46 PM, 3293.75, 9234.5, 1650.8, 327.68, 222.6, 163.93, 323.87, 172.78, 245.81, 98.02, 30.6, 63.9, 125, 64.56, 87.89, , , , , 
1/30/2020 8:38:49 PM, 3293.75, 9234.5, 1650.8, 327.68, 222.6, 163.93, 323.87, 172.78, 245.81, 98.02, 30.6, 63.9, 125, 64.56, 87.89, , , , , 
1/30/2020 8:38:52 PM, 3293.75, 9234.5, 1650.8, 327.68, 222.6, 163.93, 323.87, 172.78, 245.81, 98.02, 30.6, 63.9, 125, 64.56, 87.89, , , , , 
1/30/2020 8:38:55 PM, 3293.75, 9234.25, 1650.9, 327.68, 222.6, 163.93, 323.87, 172.78, 245.81, 98.02, 30.6, 63.9, 125, 64.56, 87.89, , , , , 
1/30/2020 8:38:58 PM, 3293.75, 9235.25, 1651, 327.68, 222.6, 163.93, 323.87, 172.78, 245.81, 98.02, 30.6, 63.9, 125, 64.56, 87.89, , , , , 
1/30/2020 8:39:01 PM, 3293.75, 9234.5, 1651, 327.68, 222.6, 163.93, 323.87, 172.78, 245.81, 98.02, 30.6, 63.9, 125, 64.56, 87.89, , , , , 
1/30/2020 8:39:04 PM, 3293.5, 9233.5, 1650.6, 327.68, 222.6, 163.93, 323.87, 172.78, 245.81, 98.02, 30.6, 63.9, 125, 64.56, 87.89, , , , , 
1/30/2020 8:39:07 PM, 3293.25, 9233.25, 1650.6, 327.68, 222.6, 163.93, 323.87, 172.78, 245.81, 98.02, 30.6, 63.9, 125, 64.56, 87.89, , , , , 
1/30/2020 8:39:10 PM, 3293.5, 9233.5, 1650.6, 327.68, 222.6, 163.93, 323.87, 172.78, 245.81, 98.02, 30.6, 63.9, 125, 64.56, 87.89, , , , , 
1/30/2020 8:39:13 PM, 3293.5, 9233.25, 1650.6, 327.68, 222.6, 163.93, 323.87, 172.78, 245.81, 98.02, 30.6, 63.9, 125, 64.56, 87.89, , , , , 
1/30/2020 8:39:16 PM, 3293.25, 9233.25, 1650.5, 327.68, 222.6, 163.93, 323.87, 172.78, 245.81, 98.02, 30.6, 63.9, 125, 64.56, 87.89, , , , , 
1/30/2020 8:39:19 PM, 3293.25, 9233, 1650.5, 327.68, 222.6, 163.93, 323.87, 172.78, 245.81, 98.02, 30.6, 63.9, 125, 64.56, 87.89, , , , , 
1/30/2020 8:39:22 PM, 3293.25, 9233, 1650.6, 327.68, 222.6, 163.93, 323.87, 172.78, 245.81, 98.02, 30.6, 63.9, 125, 64.56, 87.89, , , , , 
1/30/2020 8:39:25 PM, 3293.25, 9232.25, 1650.4, 327.68, 222.6, 163.93, 323.87, 172.78, 245.81, 98.02, 30.6, 63.9, 125, 64.56, 87.89, , , , , 
1/30/2020 8:39:28 PM, 3293, 9231.5, 1650.4, 327.68, 222.6, 163.93, 323.87, 172.78, 245.81, 98.02, 30.6, 63.9, 125, 64.56, 87.89, , , , , 
1/30/2020 8:39:31 PM, 3293, 9231.5, 1650.4, 327.68, 222.6, 163.93, 323.87, 172.78, 245.81, 98.02, 30.6, 63.9, 125, 64.56, 87.89, , , , , 
1/30/2020 8:39:34 PM, 3293, 9232.25, 1650.2, 327.68, 222.6, 163.93, 323.87, 172.78, 245.81, 98.02, 30.6, 63.9, 125, 64.56, 87.89, , , , , 
1/30/2020 8:39:37 PM, 3293.25, 9232.75, 1650.4, 327.68, 222.6, 163.93, 323.87, 172.78, 245.81, 98.02, 30.6, 63.9, 125, 64.56, 87.89, , , , , 
1/30/2020 8:39:40 PM, 3293.5, 9233.75, 1650.6, 327.68, 222.6, 163.93, 323.87, 172.78, 245.81, 98.02, 30.6, 63.9, 125, 64.56, 87.89, , , , , 
1/30/2020 8:39:43 PM, 3293.5, 9234, 1650.6, 327.68, 222.6, 163.93, 323.87, 172.78, 245.81, 98.02, 30.6, 63.9, 125, 64.56, 87.89, , , , , 
1/30/2020 8:39:46 PM, 3293.5, 9233.5, 1650.5, 327.68, 222.6, 163.93, 323.87, 172.78, 245.81, 98.02, 30.6, 63.9, 125, 64.56, 87.89, , , , , 
1/30/2020 8:39:49 PM, 3293.5, 9233.5, 1650.5, 327.68, 222.6, 163.93, 323.87, 172.78, 245.81, 98.02, 30.6, 63.9, 125, 64.56, 87.89, , , , , 
1/30/2020 8:39:52 PM, 3293.25, 9232.75, 1650.5, 327.68, 222.6, 163.93, 323.87, 172.78, 245.81, 98.02, 30.6, 63.9, 125, 64.56, 87.89, , , , , 
1/30/2020 8:39:55 PM, 3293.25, 9233.5, 1650.5, 327.68, 222.6, 163.93, 323.87, 172.78, 245.81, 98.02, 30.6, 63.9, 125, 64.56, 87.89, , , , , 
1/30/2020 8:39:58 PM, 3293.25, 9233.5, 1650.5, 327.68, 222.6, 163.93, 323.87, 172.78, 245.81, 98.02, 30.6, 63.9, 125, 64.56, 87.89, , , , , 
1/30/2020 8:40:01 PM, 3293.5, 9234.5, 1650.7, 327.68, 222.6, 163.93, 323.87, 172.78, 245.81, 98.02, 30.6, 63.9, 125, 64.56, 87.89, , , , , 
1/30/2020 8:40:04 PM, 3293.25, 9233.25, 1650.5, 327.68, 222.6, 163.93, 323.87, 172.78, 245.81, 98.02, 30.6, 63.9, 125, 64.56, 87.89, , , , , 
1/30/2020 8:40:07 PM, 3293.25, 9232.75, 1650.5, 327.68, 222.6, 163.93, 323.87, 172.78, 245.81, 98.02, 30.6, 63.9, 125, 64.56, 87.89, , , , , 
1/30/2020 8:40:10 PM, 3293.25, 9233.25, 1650.5, 327.68, 222.6, 163.93, 323.87, 172.78, 245.81, 98.02, 30.6, 63.9, 125, 64.56, 87.89, , , , , 
1/30/2020 8:40:13 PM, 3293.5, 9234, 1650.5, 327.68, 222.6, 163.93, 323.87, 172.78, 245.81, 98.02, 30.6, 63.9, 125, 64.56, 87.89, , , , , 
1/30/2020 8:40:17 PM, 3293.75, 9235.5, 1650.8, 327.68, 222.6, 163.93, 323.87, 172.78, 245.81, 98.02, 30.6, 63.9, 125, 64.56, 87.89, , , , , 
1/30/2020 8:40:20 PM, 3294, 9236, 1650.8, 327.68, 222.6, 163.93, 323.87, 172.78, 245.81, 98.02, 30.6, 63.9, 125, 64.56, 87.89, , , , , 
1/30/2020 8:40:23 PM, 3294, 9235.75, 1650.8, 327.68, 222.6, 163.93, 323.87, 172.78, 245.81, 98.02, 30.6, 63.9, 125, 64.56, 87.89, , , , , 
1/30/2020 8:40:26 PM, 3294, 9235.5, 1650.8, 327.68, 222.6, 163.93, 323.87, 172.78, 245.81, 98.02, 30.6, 63.9, 125, 64.56, 87.89, , , , , 
1/30/2020 8:40:29 PM, 3294, 9235.75, 1651, 327.68, 222.6, 163.93, 323.87, 172.78, 245.81, 98.02, 30.6, 63.9, 125, 64.56, 87.89, , , , , 
1/30/2020 8:40:32 PM, 3294, 9235.75, 1651, 327.68, 222.6, 163.93, 323.87, 172.78, 245.81, 98.02, 30.6, 63.9, 125, 64.56, 87.89, , , , , 
1/30/2020 8:40:35 PM, 3293.75, 9235.25, 1651, 327.68, 222.6, 163.93, 323.87, 172.78, 245.81, 98.02, 30.6, 63.9, 125, 64.56, 87.89, , , , , 
1/30/2020 8:40:38 PM, 3293.75, 9235, 1651, 327.68, 222.6, 163.93, 323.87, 172.78, 245.81, 98.02, 30.6, 63.9, 125, 64.56, 87.89, , , , , 
1/30/2020 8:40:41 PM, 3293.75, 9234.75, 1651, 327.68, 222.6, 163.93, 323.87, 172.78, 245.81, 98.02, 30.6, 63.9, 125, 64.56, 87.89, , , , , 
1/30/2020 8:40:44 PM, 3293.75, 9234.25, 1651, 327.68, 222.6, 163.93, 323.87, 172.78, 245.81, 98.02, 30.6, 63.9, 125, 64.56, 87.89, , , , , 
1/30/2020 8:40:47 PM, 3293.75, 9234.5, 1650.8, 327.68, 222.6, 163.93, 323.87, 172.78, 245.81, 98.02, 30.6, 63.9, 125, 64.56, 87.89, , , , , 
1/30/2020 8:40:50 PM, 3293.5, 9234, 1650.8, 327.68, 222.6, 163.93, 323.87, 172.78, 245.81, 98.02, 30.6, 63.9, 125, 64.56, 87.89, , , , , 
1/30/2020 8:40:53 PM, 3293.5, 9234.5, 1650.8, 327.68, 222.6, 163.93, 323.87, 172.78, 245.81, 98.02, 30.6, 63.9, 125, 64.56, 87.89, , , , , 
1/30/2020 8:40:56 PM, 3293.25, 9233, 1650.6, 327.68, 222.6, 163.93, 323.87, 172.78, 245.81, 98.02, 30.6, 63.9, 125, 64.56, 87.89, , , , , 
1/30/2020 8:40:59 PM, 3293, 9232.5, 1650.6, 327.68, 222.6, 163.93, 323.87, 172.78, 245.81, 98.02, 30.6, 63.9, 125, 64.56, 87.89, , , , , 
1/30/2020 8:41:02 PM, 3293, 9233, 1650.6, 327.68, 222.6, 163.93, 323.87, 172.78, 245.81, 98.02, 30.6, 63.9, 125, 64.56, 87.89, , , , , 
1/30/2020 8:41:05 PM, 3293, 9232.5, 1650.6, 327.68, 222.6, 163.93, 323.87, 172.78, 245.81, 98.02, 30.6, 63.9, 125, 64.56, 87.89, , , , , 
1/30/2020 8:41:08 PM, 3293.25, 9233.25, 1650.6, 327.68, 222.6, 163.93, 323.87, 172.78, 245.81, 98.02, 30.6, 63.9, 125, 64.56, 87.89, , , , , 
1/30/2020 8:41:11 PM, 3293.25, 9234, 1650.6, 327.68, 222.6, 163.93, 323.87, 172.78, 245.81, 98.02, 30.6, 63.9, 125, 64.56, 87.89, , , , , 
1/30/2020 8:41:14 PM, 3293.5, 9233.5, 1650.6, 327.68, 222.6, 163.93, 323.87, 172.78, 245.81, 98.02, 30.6, 63.9, 125, 64.56, 87.89, , , , , 
1/30/2020 8:41:17 PM, 3293.5, 9234.75, 1650.7, 327.68, 222.6, 163.93, 323.87, 172.78, 245.81, 98.02, 30.6, 63.9, 125, 64.56, 87.89, , , , , 
1/30/2020 8:41:20 PM, 3293.5, 9233.5, 1650.7, 327.68, 222.6, 163.93, 323.87, 172.78, 245.81, 98.02, 30.6, 63.9, 125, 64.56, 87.89, , , , , 
1/30/2020 8:41:23 PM, 3293.5, 9234, 1650.7, 327.68, 222.6, 163.93, 323.87, 172.78, 245.81, 98.02, 30.6, 63.9, 125, 64.56, 87.89, , , , , 
1/30/2020 8:41:26 PM, 3293.5, 9234, 1650.7, 327.68, 222.6, 163.93, 323.87, 172.78, 245.81, 98.02, 30.6, 63.9, 125, 64.56, 87.89, , , , , 
1/30/2020 8:41:29 PM, 3293.5, 9234.25, 1650.7, 327.68, 222.6, 163.93, 323.87, 172.78, 245.81, 98.02, 30.6, 63.9, 125, 64.56, 87.89, , , , , 
1/30/2020 8:41:32 PM, 3293.5, 9233.75, 1650.7, 327.68, 222.6, 163.93, 323.87, 172.78, 245.81, 98.02, 30.6, 63.9, 125, 64.56, 87.89, , , , , 
1/30/2020 8:41:35 PM, 3293.75, 9234, 1650.7, 327.68, 222.6, 163.93, 323.87, 172.78, 245.81, 98.02, 30.6, 63.9, 125, 64.56, 87.89, , , , , 
1/30/2020 8:41:38 PM, 3293.75, 9234.25, 1650.7, 327.68, 222.6, 163.93, 323.87, 172.78, 245.81, 98.02, 30.6, 63.9, 125, 64.56, 87.89, , , , , 
1/30/2020 8:41:41 PM, 3293.75, 9234.5, 1650.8, 327.68, 222.6, 163.93, 323.87, 172.78, 245.81, 98.02, 30.6, 63.9, 125, 64.56, 87.89, , , , , 
1/30/2020 8:41:44 PM, 3293.5, 9234.5, 1650.8, 327.68, 222.6, 163.93, 323.87, 172.78, 245.81, 98.02, 30.6, 63.9, 125, 64.56, 87.89, , , , , 
1/30/2020 8:41:47 PM, 3293.75, 9235, 1650.8, 327.68, 222.6, 163.93, 323.87, 172.78, 245.81, 98.02, 30.6, 63.9, 125, 64.56, 87.89, , , , , 
1/30/2020 8:41:51 PM, 3293.75, 9235, 1650.8, 327.68, 222.6, 163.93, 323.87, 172.78, 245.81, 98.02, 30.6, 63.9, 125, 64.56, 87.89, , , , , 
1/30/2020 8:41:54 PM, 3293.75, 9234.5, 1650.8, 327.68, 222.6, 163.93, 323.87, 172.78, 245.81, 98.02, 30.6, 63.9, 125, 64.56, 87.89, , , , , 
1/30/2020 8:41:57 PM, 3293.75, 9234.5, 1650.8, 327.68, 222.6, 163.93, 323.87, 172.78, 245.81, 98.02, 30.6, 63.9, 125, 64.56, 87.89, , , , , 
1/30/2020 8:42:00 PM, 3293.75, 9234.25, 1650.8, 327.68, 222.6, 163.93, 323.87, 172.78, 245.81, 98.02, 30.6, 63.9, 125, 64.56, 87.89, , , , , 
1/30/2020 8:42:03 PM, 3293.75, 9234.25, 1650.8, 327.68, 222.6, 163.93, 323.87, 172.78, 245.81, 98.02, 30.6, 63.9, 125, 64.56, 87.89, , , , , 
1/30/2020 8:42:06 PM, 3293.25, 9233.75, 1650.8, 327.68, 222.6, 163.93, 323.87, 172.78, 245.81, 98.02, 30.6, 63.9, 125, 64.56, 87.89, , , , , 
1/30/2020 8:42:09 PM, 3293.25, 9233.75, 1650.8, 327.68, 222.6, 163.93, 323.87, 172.78, 245.81, 98.02, 30.6, 63.9, 125, 64.56, 87.89, , , , , 
1/30/2020 8:42:12 PM, 3293.25, 9233.25, 1650.6, 327.68, 222.6, 163.93, 323.87, 172.78, 245.81, 98.02, 30.6, 63.9, 125, 64.56, 87.89, , , , , 
1/30/2020 8:42:15 PM, 3293.25, 9233.25, 1650.6, 327.68, 222.6, 163.93, 323.87, 172.78, 245.81, 98.02, 30.6, 63.9, 125, 64.56, 87.89, , , , , 
1/30/2020 8:42:18 PM, 3293.5, 9234, 1650.6, 327.68, 222.6, 163.93, 323.87, 172.78, 245.81, 98.02, 30.6, 63.9, 125, 64.56, 87.89, , , , , 
1/30/2020 8:42:21 PM, 3293.5, 9234, 1650.6, 327.68, 222.6, 163.93, 323.87, 172.78, 245.81, 98.02, 30.6, 63.9, 125, 64.56, 87.89, , , , , 
1/30/2020 8:42:24 PM, 3293.5, 9233.75, 1650.8, 327.68, 222.6, 163.93, 323.87, 172.78, 245.81, 98.02, 30.6, 63.9, 125, 64.56, 87.89, , , , , 
1/30/2020 8:42:27 PM, 3293.5, 9233.75, 1650.8, 327.68, 222.6, 163.93, 323.87, 172.78, 245.81, 98.02, 30.6, 63.9, 125, 64.56, 87.89, , , , , 
1/30/2020 8:42:30 PM, 3293.25, 9233, 1650.6, 327.68, 222.6, 163.93, 323.87, 172.78, 245.81, 98.02, 30.6, 63.9, 125, 64.56, 87.89, , , , , 
1/30/2020 8:42:33 PM, 3293.25, 9233, 1650.6, 327.68, 222.6, 163.93, 323.87, 172.78, 245.81, 98.02, 30.6, 63.9, 125, 64.56, 87.89, , , , , 
1/30/2020 8:42:36 PM, 3293.25, 9233.75, 1650.6, 327.68, 222.6, 163.93, 323.87, 172.78, 245.81, 98.02, 30.6, 63.9, 125, 64.56, 87.89, , , , , 
1/30/2020 8:42:39 PM, 3293.25, 9233.75, 1650.6, 327.68, 222.6, 163.93, 323.87, 172.78, 245.81, 98.02, 30.6, 63.9, 125, 64.56, 87.89, , , , , 
1/30/2020 8:42:42 PM, 3293.25, 9232.75, 1650.6, 327.68, 222.6, 163.93, 323.87, 172.78, 245.81, 98.02, 30.6, 63.9, 125, 64.56, 87.89, , , , , 
1/30/2020 8:42:45 PM, 3293.25, 9232.75, 1650.6, 327.68, 222.6, 163.93, 323.87, 172.78, 245.81, 98.02, 30.6, 63.9, 125, 64.56, 87.89, , , , , 
1/30/2020 8:42:48 PM, 3293.25, 9233.5, 1650.6, 327.68, 222.6, 163.93, 323.87, 172.78, 245.81, 98.02, 30.6, 63.9, 125, 64.56, 87.89, , , , , 
1/30/2020 8:42:51 PM, 3293.25, 9233.5, 1650.6, 327.68, 222.6, 163.93, 323.87, 172.78, 245.81, 98.02, 30.6, 63.9, 125, 64.56, 87.89, , , , , 
1/30/2020 8:42:54 PM, 3293.25, 9233.5, 1650.6, 327.68, 222.6, 163.93, 323.87, 172.78, 245.81, 98.02, 30.6, 63.9, 125, 64.56, 87.89, , , , , 
1/30/2020 8:42:57 PM, 3293.75, 9234.75, 1650.6, 327.68, 222.6, 163.93, 323.87, 172.78, 245.81, 98.02, 30.6, 63.9, 125, 64.56, 87.89, , , , , 
1/30/2020 8:43:00 PM, 3293.5, 9234.5, 1650.6, 327.68, 222.6, 163.93, 323.87, 172.78, 245.81, 98.02, 30.6, 63.9, 125, 64.56, 87.89, , , , , 
1/30/2020 8:43:03 PM, 3293.5, 9234, 1650.6, 327.68, 222.6, 163.93, 323.87, 172.78, 245.81, 98.02, 30.6, 63.9, 125, 64.56, 87.89, , , , , 
1/30/2020 8:43:06 PM, 3293.5, 9234, 1650.6, 327.68, 222.6, 163.93, 323.87, 172.78, 245.81, 98.02, 30.6, 63.9, 125, 64.56, 87.89, , , , , 
1/30/2020 8:43:09 PM, 3293.75, 9234.5, 1650.8, 327.68, 222.6, 163.93, 323.87, 172.78, 245.81, 98.02, 30.6, 63.9, 125, 64.56, 87.89, , , , , 
1/30/2020 8:43:12 PM, 3293.75, 9234.5, 1650.8, 327.68, 222.6, 163.93, 323.87, 172.78, 245.81, 98.02, 30.6, 63.9, 125, 64.56, 87.89, , , , , 
1/30/2020 8:43:15 PM, 3293.75, 9234.75, 1650.8, 327.68, 222.6, 163.93, 323.87, 172.78, 245.81, 98.02, 30.6, 63.9, 125, 64.56, 87.89, , , , , 
1/30/2020 8:43:18 PM, 3293.75, 9234.25, 1650.8, 327.68, 222.6, 163.93, 323.87, 172.78, 245.81, 98.02, 30.6, 63.9, 125, 64.56, 87.89, , , , , 
1/30/2020 8:43:21 PM, 3293.75, 9234.25, 1650.8, 327.68, 222.6, 163.93, 323.87, 172.78, 245.81, 98.02, 30.6, 63.9, 125, 64.56, 87.89, , , , , 
1/30/2020 8:43:24 PM, 3293.75, 9234.75, 1650.8, 327.68, 222.6, 163.93, 323.87, 172.78, 245.81, 98.02, 30.6, 63.9, 125, 64.56, 87.89, , , , , 
1/30/2020 8:43:27 PM, 3293.75, 9234, 1650.8, 327.68, 222.6, 163.93, 323.87, 172.78, 245.81, 98.02, 30.6, 63.9, 125, 64.56, 87.89, , , , , 
1/30/2020 8:43:30 PM, 3293.75, 9234, 1650.8, 327.68, 222.6, 163.93, 323.87, 172.78, 245.81, 98.02, 30.6, 63.9, 125, 64.56, 87.89, , , , , 
1/30/2020 8:43:33 PM, 3293.75, 9234, 1650.8, 327.68, 222.6, 163.93, 323.87, 172.78, 245.81, 98.02, 30.6, 63.9, 125, 64.56, 87.89, , , , , 
1/30/2020 8:43:37 PM, 3293.75, 9233.75, 1650.8, 327.68, 222.6, 163.93, 323.87, 172.78, 245.81, 98.02, 30.6, 63.9, 125, 64.56, 87.89, , , , , 
1/30/2020 8:43:40 PM, 3293.5, 9234.25, 1650.8, 327.68, 222.6, 163.93, 323.87, 172.78, 245.81, 98.02, 30.6, 63.9, 125, 64.56, 87.89, , , , , 
1/30/2020 8:43:43 PM, 3293.5, 9234.25, 1650.8, 327.68, 222.6, 163.93, 323.87, 172.78, 245.81, 98.02, 30.6, 63.9, 125, 64.56, 87.89, , , , , 
1/30/2020 8:43:46 PM, 3293.25, 9233.25, 1650.8, 327.68, 222.6, 163.93, 323.87, 172.78, 245.81, 98.02, 30.6, 63.9, 125, 64.56, 87.89, , , , , 
1/30/2020 8:43:49 PM, 3293.25, 9233.25, 1650.8, 327.68, 222.6, 163.93, 323.87, 172.78, 245.81, 98.02, 30.6, 63.9, 125, 64.56, 87.89, , , , , 
1/30/2020 8:43:52 PM, 3293.25, 9233.5, 1650.8, 327.68, 222.6, 163.93, 323.87, 172.78, 245.81, 98.02, 30.6, 63.9, 125, 64.56, 87.89, , , , , 
1/30/2020 8:43:55 PM, 3293.25, 9233.5, 1650.8, 327.68, 222.6, 163.93, 323.87, 172.78, 245.81, 98.02, 30.6, 63.9, 125, 64.56, 87.89, , , , , 
1/30/2020 8:43:58 PM, 3293.5, 9233.25, 1650.6, 327.68, 222.6, 163.93, 323.87, 172.78, 245.81, 98.02, 30.6, 63.9, 125, 64.56, 87.89, , , , , 
1/30/2020 8:44:01 PM, 3293.5, 9233.25, 1650.6, 327.68, 222.6, 163.93, 323.87, 172.78, 245.81, 98.02, 30.6, 63.9, 125, 64.56, 87.89, , , , , 
1/30/2020 8:44:04 PM, 3293.25, 9233, 1650.6, 327.68, 222.6, 163.93, 323.87, 172.78, 245.81, 98.02, 30.6, 63.9, 125, 64.56, 87.89, , , , , 
1/30/2020 8:44:07 PM, 3293.25, 9233, 1650.6, 327.68, 222.6, 163.93, 323.87, 172.78, 245.81, 98.02, 30.6, 63.9, 125, 64.56, 87.89, , , , , 
1/30/2020 8:44:10 PM, 3293.25, 9233.75, 1650.6, 327.68, 222.6, 163.93, 323.87, 172.78, 245.81, 98.02, 30.6, 63.9, 125, 64.56, 87.89, , , , , 
1/30/2020 8:44:13 PM, 3293.25, 9233.75, 1650.6, 327.68, 222.6, 163.93, 323.87, 172.78, 245.81, 98.02, 30.6, 63.9, 125, 64.56, 87.89, , , , , 
1/30/2020 8:44:16 PM, 3293.25, 9232.75, 1650.5, 327.68, 222.6, 163.93, 323.87, 172.78, 245.81, 98.02, 30.6, 63.9, 125, 64.56, 87.89, , , , , 
1/30/2020 8:44:19 PM, 3293.25, 9232.75, 1650.5, 327.68, 222.6, 163.93, 323.87, 172.78, 245.81, 98.02, 30.6, 63.9, 125, 64.56, 87.89, , , , , 
1/30/2020 8:44:22 PM, 3293, 9232.5, 1650.5, 327.68, 222.6, 163.93, 323.87, 172.78, 245.81, 98.02, 30.6, 63.9, 125, 64.56, 87.89, , , , , 
1/30/2020 8:44:25 PM, 3293, 9232.5, 1650.5, 327.68, 222.6, 163.93, 323.87, 172.78, 245.81, 98.02, 30.6, 63.9, 125, 64.56, 87.89, , , , , 
1/30/2020 8:44:28 PM, 3293, 9232.25, 1650.5, 327.68, 222.6, 163.93, 323.87, 172.78, 245.81, 98.02, 30.6, 63.9, 125, 64.56, 87.89, , , , , 
1/30/2020 8:44:31 PM, 3293, 9232.25, 1650.5, 327.68, 222.6, 163.93, 323.87, 172.78, 245.81, 98.02, 30.6, 63.9, 125, 64.56, 87.89, , , , , 
1/30/2020 8:44:34 PM, 3293, 9232.25, 1650.5, 327.68, 222.6, 163.93, 323.87, 172.78, 245.81, 98.02, 30.6, 63.9, 125, 64.56, 87.89, , , , , 
1/30/2020 8:44:37 PM, 3293, 9232.25, 1650.5, 327.68, 222.6, 163.93, 323.87, 172.78, 245.81, 98.02, 30.6, 63.9, 125, 64.56, 87.89, , , , , 
1/30/2020 8:44:40 PM, 3293.25, 9233, 1650.5, 327.68, 222.6, 163.93, 323.87, 172.78, 245.81, 98.02, 30.6, 63.9, 125, 64.56, 87.89, , , , , 
1/30/2020 8:44:43 PM, 3293.25, 9233, 1650.5, 327.68, 222.6, 163.93, 323.87, 172.78, 245.81, 98.02, 30.6, 63.9, 125, 64.56, 87.89, , , , , 
1/30/2020 8:44:46 PM, 3293.25, 9233.5, 1650.6, 327.68, 222.6, 163.93, 323.87, 172.78, 245.81, 98.02, 30.6, 63.9, 125, 64.56, 87.89, , , , , 
1/30/2020 8:44:49 PM, 3293.25, 9233.5, 1650.6, 327.68, 222.6, 163.93, 323.87, 172.78, 245.81, 98.02, 30.6, 63.9, 125, 64.56, 87.89, , , , , 
1/30/2020 8:44:52 PM, 3293, 9232.75, 1650.6, 327.68, 222.6, 163.93, 323.87, 172.78, 245.81, 98.02, 30.6, 63.9, 125, 64.56, 87.89, , , , , 
1/30/2020 8:44:55 PM, 3293, 9232.75, 1650.6, 327.68, 222.6, 163.93, 323.87, 172.78, 245.81, 98.02, 30.6, 63.9, 125, 64.56, 87.89, , , , , 
1/30/2020 8:44:58 PM, 3293.25, 9234, 1650.3, 327.68, 222.6, 163.93, 323.87, 172.78, 245.81, 98.02, 30.6, 63.9, 125, 64.56, 87.89, , , , , 
1/30/2020 8:45:01 PM, 3293.25, 9234, 1650.3, 327.68, 222.6, 163.93, 323.87, 172.78, 245.81, 98.02, 30.6, 63.9, 125, 64.56, 87.89, , , , , 
1/30/2020 8:45:04 PM, 3293.25, 9233.75, 1650.5, 327.68, 222.6, 163.93, 323.87, 172.78, 245.81, 98.02, 30.6, 63.9, 125, 64.56, 87.89, , , , , 
1/30/2020 8:45:07 PM, 3293.25, 9233.75, 1650.5, 327.68, 222.6, 163.93, 323.87, 172.78, 245.81, 98.02, 30.6, 63.9, 125, 64.56, 87.89, , , , , 
1/30/2020 8:45:10 PM, 3293.25, 9234, 1650.5, 327.68, 222.6, 163.93, 323.87, 172.78, 245.81, 98.02, 30.6, 63.9, 125, 64.56, 87.89, , , , , 
1/30/2020 8:45:13 PM, 3293.25, 9234, 1650.5, 327.68, 222.6, 163.93, 323.87, 172.78, 245.81, 98.02, 30.6, 63.9, 125, 64.56, 87.89, , , , , 
1/30/2020 8:45:17 PM, 3293.5, 9233.75, 1650.5, 327.68, 222.6, 163.93, 323.87, 172.78, 245.81, 98.02, 30.6, 63.9, 125, 64.56, 87.89, , , , , 
1/30/2020 8:45:20 PM, 3293.5, 9233.75, 1650.5, 327.68, 222.6, 163.93, 323.87, 172.78, 245.81, 98.02, 30.6, 63.9, 125, 64.56, 87.89, , , , , 
1/30/2020 8:45:23 PM, 3293, 9232.75, 1650.5, 327.68, 222.6, 163.93, 323.87, 172.78, 245.81, 98.02, 30.6, 63.9, 125, 64.56, 87.89, , , , , 
1/30/2020 8:45:26 PM, 3293, 9232.75, 1650.5, 327.68, 222.6, 163.93, 323.87, 172.78, 245.81, 98.02, 30.6, 63.9, 125, 64.56, 87.89, , , , , 
1/30/2020 8:45:29 PM, 3293, 9232.5, 1650.1, 327.68, 222.6, 163.93, 323.87, 172.78, 245.81, 98.02, 30.6, 63.9, 125, 64.56, 87.89, , , , , 
1/30/2020 8:45:32 PM, 3293, 9232.5, 1650.1, 327.68, 222.6, 163.93, 323.87, 172.78, 245.81, 98.02, 30.6, 63.9, 125, 64.56, 87.89, , , , , 
1/30/2020 8:45:35 PM, 3292.75, 9231.75, 1650.1, 327.68, 222.6, 163.93, 323.87, 172.78, 245.81, 98.02, 30.6, 63.9, 125, 64.56, 87.89, , , , , 
1/30/2020 8:45:38 PM, 3292.75, 9231.75, 1650.1, 327.68, 222.6, 163.93, 323.87, 172.78, 245.81, 98.02, 30.6, 63.9, 125, 64.56, 87.89, , , , , 
1/30/2020 8:45:41 PM, 3292.25, 9231, 1650, 327.68, 222.6, 163.93, 323.87, 172.78, 245.81, 98.02, 30.6, 63.9, 125, 64.56, 87.89, , , , , 
1/30/2020 8:45:44 PM, 3292.25, 9231.25, 1649.9, 327.68, 222.6, 163.93, 323.87, 172.78, 245.81, 98.02, 30.6, 63.9, 125, 64.56, 87.89, , , , , 
1/30/2020 8:45:47 PM, 3292.25, 9231, 1649.8, 327.68, 222.6, 163.93, 323.87, 172.78, 245.81, 98.02, 30.6, 63.9, 125, 64.56, 87.89, , , , , 
1/30/2020 8:45:50 PM, 3292.25, 9231, 1649.8, 327.68, 222.6, 163.93, 323.87, 172.78, 245.81, 98.02, 30.6, 63.9, 125, 64.56, 87.89, , , , , 
1/30/2020 8:45:53 PM, 3292.25, 9231.75, 1649.8, 327.68, 222.6, 163.93, 323.87, 172.78, 245.81, 98.02, 30.6, 63.9, 125, 64.56, 87.89, , , , , 
1/30/2020 8:45:56 PM, 3292, 9231, 1649.9, 327.68, 222.6, 163.93, 323.87, 172.78, 245.81, 98.02, 30.6, 63.9, 125, 64.56, 87.89, , , , , 
1/30/2020 8:45:59 PM, 3292.25, 9231.5, 1649.9, 327.68, 222.6, 163.93, 323.87, 172.78, 245.81, 98.02, 30.6, 63.9, 125, 64.56, 87.89, , , , , 
1/30/2020 8:46:02 PM, 3292.25, 9231.5, 1649.9, 327.68, 222.6, 163.93, 323.87, 172.78, 245.81, 98.02, 30.6, 63.9, 125, 64.56, 87.89, , , , , 
1/30/2020 8:46:05 PM, 3292.5, 9231.5, 1649.9, 327.68, 222.6, 163.93, 323.87, 172.78, 245.81, 98.02, 30.6, 63.9, 125, 64.56, 87.89, , , , , 
1/30/2020 8:46:08 PM, 3292.5, 9232, 1650, 327.68, 222.6, 163.93, 323.87, 172.78, 245.81, 98.02, 30.6, 63.9, 125, 64.56, 87.89, , , , , 
1/30/2020 8:46:11 PM, 3292.25, 9230.75, 1650, 327.68, 222.6, 163.93, 323.87, 172.78, 245.81, 98.02, 30.6, 63.9, 125, 64.56, 87.89, , , , , 
1/30/2020 8:46:14 PM, 3291.5, 9229, 1649.4, 327.68, 222.6, 163.93, 323.87, 172.78, 245.81, 98.02, 30.6, 63.9, 125, 64.56, 87.89, , , , , 
1/30/2020 8:46:17 PM, 3291.75, 9229, 1649.4, 327.68, 222.6, 163.93, 323.87, 172.78, 245.81, 98.02, 30.6, 63.9, 125, 64.56, 87.89, , , , , 
1/30/2020 8:46:20 PM, 3291.75, 9229, 1649.4, 327.68, 222.6, 163.93, 323.87, 172.78, 245.81, 98.02, 30.6, 63.9, 125, 64.56, 87.89, , , , , 
1/30/2020 8:46:23 PM, 3291.5, 9228.75, 1649.3, 327.68, 222.6, 163.93, 323.87, 172.78, 245.81, 98.02, 30.6, 63.9, 125, 64.56, 87.89, , , , , 
1/30/2020 8:46:26 PM, 3291.5, 9228.25, 1649.3, 327.68, 222.6, 163.93, 323.87, 172.78, 245.81, 98.02, 30.6, 63.9, 125, 64.56, 87.89, , , , , 
1/30/2020 8:46:29 PM, 3291.25, 9227.75, 1649.3, 327.68, 222.6, 163.93, 323.87, 172.78, 245.81, 98.02, 30.6, 63.9, 125, 64.56, 87.89, , , , , 
1/30/2020 8:46:32 PM, 3291.5, 9228, 1649.3, 327.68, 222.6, 163.93, 323.87, 172.78, 245.81, 98.02, 30.6, 63.9, 125, 64.56, 87.89, , , , , 
1/30/2020 8:46:35 PM, 3291.75, 9229, 1649.4, 327.68, 222.6, 163.93, 323.87, 172.78, 245.81, 98.02, 30.6, 63.9, 125, 64.56, 87.89, , , , , 
1/30/2020 8:46:38 PM, 3291.25, 9228, 1649, 327.68, 222.6, 163.93, 323.87, 172.78, 245.81, 98.02, 30.6, 63.9, 125, 64.56, 87.89, , , , , 
1/30/2020 8:46:41 PM, 3291.25, 9228.5, 1649, 327.68, 222.6, 163.93, 323.87, 172.78, 245.81, 98.02, 30.6, 63.9, 125, 64.56, 87.89, , , , , 
1/30/2020 8:46:44 PM, 3291.25, 9228, 1649.2, 327.68, 222.6, 163.93, 323.87, 172.78, 245.81, 98.02, 30.6, 63.9, 125, 64.56, 87.89, , , , , 
1/30/2020 8:46:47 PM, 3291.5, 9228.5, 1649.3, 327.68, 222.6, 163.93, 323.87, 172.78, 245.81, 98.02, 30.6, 63.9, 125, 64.56, 87.89, , , , , 
1/30/2020 8:46:50 PM, 3291.25, 9228.25, 1649.3, 327.68, 222.6, 163.93, 323.87, 172.78, 245.81, 98.02, 30.6, 63.9, 125, 64.56, 87.89, , , , , 
1/30/2020 8:46:53 PM, 3291, 9227, 1649.1, 327.68, 222.6, 163.93, 323.87, 172.78, 245.81, 98.02, 30.6, 63.9, 125, 64.56, 87.89, , , , , 
1/30/2020 8:46:57 PM, 3291, 9227.5, 1649, 327.68, 222.6, 163.93, 323.87, 172.78, 245.81, 98.02, 30.6, 63.9, 125, 64.56, 87.89, , , , , 
1/30/2020 8:47:00 PM, 3291, 9227.75, 1649, 327.68, 222.6, 163.93, 323.87, 172.78, 245.81, 98.02, 30.6, 63.9, 125, 64.56, 87.89, , , , , 
1/30/2020 8:47:03 PM, 3291, 9227.25, 1649, 327.68, 222.6, 163.93, 323.87, 172.78, 245.81, 98.02, 30.6, 63.9, 125, 64.56, 87.89, , , , , 
1/30/2020 8:47:06 PM, 3291.25, 9227.5, 1649, 327.68, 222.6, 163.93, 323.87, 172.78, 245.81, 98.02, 30.6, 63.9, 125, 64.56, 87.89, , , , , 
1/30/2020 8:47:09 PM, 3291.25, 9227.75, 1649, 327.68, 222.6, 163.93, 323.87, 172.78, 245.81, 98.02, 30.6, 63.9, 125, 64.56, 87.89, , , , , 
1/30/2020 8:47:12 PM, 3291.75, 9227.75, 1649, 327.68, 222.6, 163.93, 323.87, 172.78, 245.81, 98.02, 30.6, 63.9, 125, 64.56, 87.89, , , , , 
1/30/2020 8:47:15 PM, 3291.75, 9228.5, 1649.3, 327.68, 222.6, 163.93, 323.87, 172.78, 245.81, 98.02, 30.6, 63.9, 125, 64.56, 87.89, , , , , 
1/30/2020 8:47:18 PM, 3291.5, 9227, 1649.3, 327.68, 222.6, 163.93, 323.87, 172.78, 245.81, 98.02, 30.6, 63.9, 125, 64.56, 87.89, , , , , 
1/30/2020 8:47:21 PM, 3291.25, 9227.25, 1649.2, 327.68, 222.6, 163.93, 323.87, 172.78, 245.81, 98.02, 30.6, 63.9, 125, 64.56, 87.89, , , , , 
1/30/2020 8:47:24 PM, 3291.25, 9227, 1649.1, 327.68, 222.6, 163.93, 323.87, 172.78, 245.81, 98.02, 30.6, 63.9, 125, 64.56, 87.89, , , , , 
1/30/2020 8:47:27 PM, 3290.75, 9226.75, 1649.1, 327.68, 222.6, 163.93, 323.87, 172.78, 245.81, 98.02, 30.6, 63.9, 125, 64.56, 87.89, , , , , 
1/30/2020 8:47:30 PM, 3290.75, 9226.75, 1649.1, 327.68, 222.6, 163.93, 323.87, 172.78, 245.81, 98.02, 30.6, 63.9, 125, 64.56, 87.89, , , , , 
1/30/2020 8:47:33 PM, 3290.5, 9225.5, 1648.8, 327.68, 222.6, 163.93, 323.87, 172.78, 245.81, 98.02, 30.6, 63.9, 125, 64.56, 87.89, , , , , 
1/30/2020 8:47:36 PM, 3290.5, 9225.75, 1648.8, 327.68, 222.6, 163.93, 323.87, 172.78, 245.81, 98.02, 30.6, 63.9, 125, 64.56, 87.89, , , , , 
1/30/2020 8:47:39 PM, 3290.25, 9224.5, 1648.7, 327.68, 222.6, 163.93, 323.87, 172.78, 245.81, 98.02, 30.6, 63.9, 125, 64.56, 87.89, , , , , 
1/30/2020 8:47:42 PM, 3290, 9224.75, 1648.7, 327.68, 222.6, 163.93, 323.87, 172.78, 245.81, 98.02, 30.6, 63.9, 125, 64.56, 87.89, , , , , 
1/30/2020 8:47:45 PM, 3290.25, 9225.25, 1648.7, 327.68, 222.6, 163.93, 323.87, 172.78, 245.81, 98.02, 30.6, 63.9, 125, 64.56, 87.89, , , , , 
1/30/2020 8:47:48 PM, 3290, 9225, 1648.7, 327.68, 222.6, 163.93, 323.87, 172.78, 245.81, 98.02, 30.6, 63.9, 125, 64.56, 87.89, , , , , 
1/30/2020 8:47:51 PM, 3290, 9225, 1648.7, 327.68, 222.6, 163.93, 323.87, 172.78, 245.81, 98.02, 30.6, 63.9, 125, 64.56, 87.89, , , , , 
1/30/2020 8:47:54 PM, 3290, 9225, 1648.7, 327.68, 222.6, 163.93, 323.87, 172.78, 245.81, 98.02, 30.6, 63.9, 125, 64.56, 87.89, , , , , 
1/30/2020 8:47:57 PM, 3290, 9224.75, 1648.7, 327.68, 222.6, 163.93, 323.87, 172.78, 245.81, 98.02, 30.6, 63.9, 125, 64.56, 87.89, , , , , 
1/30/2020 8:48:00 PM, 3290, 9224, 1648.7, 327.68, 222.6, 163.93, 323.87, 172.78, 245.81, 98.02, 30.6, 63.9, 125, 64.56, 87.89, , , , , 
1/30/2020 8:48:03 PM, 3289.5, 9223.25, 1648.6, 327.68, 222.6, 163.93, 323.87, 172.78, 245.81, 98.02, 30.6, 63.9, 125, 64.56, 87.89, , , , , 
1/30/2020 8:48:06 PM, 3289, 9222.25, 1648.2, 327.68, 222.6, 163.93, 323.87, 172.78, 245.81, 98.02, 30.6, 63.9, 125, 64.56, 87.89, , , , , 
1/30/2020 8:48:09 PM, 3289.5, 9223.5, 1648.3, 327.68, 222.6, 163.93, 323.87, 172.78, 245.81, 98.02, 30.6, 63.9, 125, 64.56, 87.89, , , , , 
1/30/2020 8:48:12 PM, 3289.5, 9223.25, 1648.5, 327.68, 222.6, 163.93, 323.87, 172.78, 245.81, 98.02, 30.6, 63.9, 125, 64.56, 87.89, , , , , 
1/30/2020 8:48:15 PM, 3289.75, 9224, 1648.7, 327.68, 222.6, 163.93, 323.87, 172.78, 245.81, 98.02, 30.6, 63.9, 125, 64.56, 87.89, , , , , 
1/30/2020 8:48:18 PM, 3289.75, 9223.25, 1648.7, 327.68, 222.6, 163.93, 323.87, 172.78, 245.81, 98.02, 30.6, 63.9, 125, 64.56, 87.89, , , , , 
1/30/2020 8:48:21 PM, 3289.75, 9224, 1648.7, 327.68, 222.6, 163.93, 323.87, 172.78, 245.81, 98.02, 30.6, 63.9, 125, 64.56, 87.89, , , , , 
1/30/2020 8:48:24 PM, 3289.75, 9223.5, 1648.6, 327.68, 222.6, 163.93, 323.87, 172.78, 245.81, 98.02, 30.6, 63.9, 125, 64.56, 87.89, , , , , 
1/30/2020 8:48:27 PM, 3290, 9224.25, 1648.7, 327.68, 222.6, 163.93, 323.87, 172.78, 245.81, 98.02, 30.6, 63.9, 125, 64.56, 87.89, , , , , 
1/30/2020 8:48:31 PM, 3289.75, 9223.5, 1648.7, 327.68, 222.6, 163.93, 323.87, 172.78, 245.81, 98.02, 30.6, 63.9, 125, 64.56, 87.89, , , , , 
1/30/2020 8:48:34 PM, 3290, 9224.25, 1648.7, 327.68, 222.6, 163.93, 323.87, 172.78, 245.81, 98.02, 30.6, 63.9, 125, 64.56, 87.89, , , , , 
1/30/2020 8:48:37 PM, 3290, 9224.25, 1648.7, 327.68, 222.6, 163.93, 323.87, 172.78, 245.81, 98.02, 30.6, 63.9, 125, 64.56, 87.89, , , , , 
1/30/2020 8:48:40 PM, 3290, 9223.75, 1648.7, 327.68, 222.6, 163.93, 323.87, 172.78, 245.81, 98.02, 30.6, 63.9, 125, 64.56, 87.89, , , , , 
1/30/2020 8:48:43 PM, 3290, 9225, 1648.7, 327.68, 222.6, 163.93, 323.87, 172.78, 245.81, 98.02, 30.6, 63.9, 125, 64.56, 87.89, , , , , 
1/30/2020 8:48:46 PM, 3290, 9225, 1648.7, 327.68, 222.6, 163.93, 323.87, 172.78, 245.81, 98.02, 30.6, 63.9, 125, 64.56, 87.89, , , , , 
1/30/2020 8:48:49 PM, 3290.5, 9224.75, 1649.1, 327.68, 222.6, 163.93, 323.87, 172.78, 245.81, 98.02, 30.6, 63.9, 125, 64.56, 87.89, , , , , 
1/30/2020 8:48:52 PM, 3290.5, 9224.75, 1649.1, 327.68, 222.6, 163.93, 323.87, 172.78, 245.81, 98.02, 30.6, 63.9, 125, 64.56, 87.89, , , , , 
1/30/2020 8:48:55 PM, 3290.5, 9225.75, 1649.1, 327.68, 222.6, 163.93, 323.87, 172.78, 245.81, 98.02, 30.6, 63.9, 125, 64.56, 87.89, , , , , 
1/30/2020 8:48:58 PM, 3290.5, 9225.75, 1649.1, 327.68, 222.6, 163.93, 323.87, 172.78, 245.81, 98.02, 30.6, 63.9, 125, 64.56, 87.89, , , , , 
1/30/2020 8:49:01 PM, 3290.5, 9225, 1649, 327.68, 222.6, 163.93, 323.87, 172.78, 245.81, 98.02, 30.6, 63.9, 125, 64.56, 87.89, , , , , 
1/30/2020 8:49:04 PM, 3290.5, 9225, 1649, 327.68, 222.6, 163.93, 323.87, 172.78, 245.81, 98.02, 30.6, 63.9, 125, 64.56, 87.89, , , , , 
1/30/2020 8:49:07 PM, 3290, 9224.25, 1649, 327.68, 222.6, 163.93, 323.87, 172.78, 245.81, 98.02, 30.6, 63.9, 125, 64.56, 87.89, , , , , 
1/30/2020 8:49:10 PM, 3290, 9224.25, 1649, 327.68, 222.6, 163.93, 323.87, 172.78, 245.81, 98.02, 30.6, 63.9, 125, 64.56, 87.89, , , , , 
1/30/2020 8:49:13 PM, 3290.25, 9224.25, 1649, 327.68, 222.6, 163.93, 323.87, 172.78, 245.81, 98.02, 30.6, 63.9, 125, 64.56, 87.89, , , , , 
1/30/2020 8:49:16 PM, 3290.25, 9224, 1648.9, 327.68, 222.6, 163.93, 323.87, 172.78, 245.81, 98.02, 30.6, 63.9, 125, 64.56, 87.89, , , , , 
1/30/2020 8:49:19 PM, 3290.25, 9224, 1648.9, 327.68, 222.6, 163.93, 323.87, 172.78, 245.81, 98.02, 30.6, 63.9, 125, 64.56, 87.89, , , , , 
1/30/2020 8:49:22 PM, 3290.5, 9225.25, 1648.9, 327.68, 222.6, 163.93, 323.87, 172.78, 245.81, 98.02, 30.6, 63.9, 125, 64.56, 87.89, , , , , 
1/30/2020 8:49:25 PM, 3290.5, 9225.25, 1648.9, 327.68, 222.6, 163.93, 323.87, 172.78, 245.81, 98.02, 30.6, 63.9, 125, 64.56, 87.89, , , , , 
1/30/2020 8:49:28 PM, 3290.5, 9225.5, 1649.1, 327.68, 222.6, 163.93, 323.87, 172.78, 245.81, 98.02, 30.6, 63.9, 125, 64.56, 87.89, , , , , 
1/30/2020 8:49:31 PM, 3290.5, 9225.5, 1649.1, 327.68, 222.6, 163.93, 323.87, 172.78, 245.81, 98.02, 30.6, 63.9, 125, 64.56, 87.89, , , , , 
1/30/2020 8:49:34 PM, 3290.75, 9226, 1649.3, 327.68, 222.6, 163.93, 323.87, 172.78, 245.81, 98.02, 30.6, 63.9, 125, 64.56, 87.89, , , , , 
1/30/2020 8:49:37 PM, 3290.75, 9226, 1649.3, 327.68, 222.6, 163.93, 323.87, 172.78, 245.81, 98.02, 30.6, 63.9, 125, 64.56, 87.89, , , , , 
1/30/2020 8:49:40 PM, 3290.75, 9226, 1649.1, 327.68, 222.6, 163.93, 323.87, 172.78, 245.81, 98.02, 30.6, 63.9, 125, 64.56, 87.89, , , , , 
1/30/2020 8:49:43 PM, 3290.75, 9226, 1649.1, 327.68, 222.6, 163.93, 323.87, 172.78, 245.81, 98.02, 30.6, 63.9, 125, 64.56, 87.89, , , , , 
1/30/2020 8:49:46 PM, 3290.5, 9226, 1649.1, 327.68, 222.6, 163.93, 323.87, 172.78, 245.81, 98.02, 30.6, 63.9, 125, 64.56, 87.89, , , , , 
1/30/2020 8:49:49 PM, 3290.5, 9226, 1649.1, 327.68, 222.6, 163.93, 323.87, 172.78, 245.81, 98.02, 30.6, 63.9, 125, 64.56, 87.89, , , , , 
1/30/2020 8:49:52 PM, 3290.75, 9226.75, 1649.1, 327.68, 222.6, 163.93, 323.87, 172.78, 245.81, 98.02, 30.6, 63.9, 125, 64.56, 87.89, , , , , 
1/30/2020 8:49:55 PM, 3290.75, 9226.75, 1649.1, 327.68, 222.6, 163.93, 323.87, 172.78, 245.81, 98.02, 30.6, 63.9, 125, 64.56, 87.89, , , , , 
1/30/2020 8:49:58 PM, 3290.75, 9226.5, 1649.1, 327.68, 222.6, 163.93, 323.87, 172.78, 245.81, 98.02, 30.6, 63.9, 125, 64.56, 87.89, , , , , 
1/30/2020 8:50:01 PM, 3290.75, 9226.5, 1649.1, 327.68, 222.6, 163.93, 323.87, 172.78, 245.81, 98.02, 30.6, 63.9, 125, 64.56, 87.89, , , , , 
1/30/2020 8:50:04 PM, 3290.75, 9226.5, 1649.1, 327.68, 222.6, 163.93, 323.87, 172.78, 245.81, 98.02, 30.6, 63.9, 125, 64.56, 87.89, , , , , 
1/30/2020 8:50:07 PM, 3290.75, 9226.5, 1649.1, 327.68, 222.6, 163.93, 323.87, 172.78, 245.81, 98.02, 30.6, 63.9, 125, 64.56, 87.89, , , , , 
1/30/2020 8:50:10 PM, 3290.75, 9227.5, 1649.2, 327.68, 222.6, 163.93, 323.87, 172.78, 245.81, 98.02, 30.6, 63.9, 125, 64.56, 87.89, , , , , 
1/30/2020 8:50:14 PM, 3290.75, 9227.5, 1649.2, 327.68, 222.6, 163.93, 323.87, 172.78, 245.81, 98.02, 30.6, 63.9, 125, 64.56, 87.89, , , , , 
1/30/2020 8:50:17 PM, 3291, 9226.75, 1649.2, 327.68, 222.6, 163.93, 323.87, 172.78, 245.81, 98.02, 30.6, 63.9, 125, 64.56, 87.89, , , , , 
1/30/2020 8:50:20 PM, 3291, 9226.75, 1649.2, 327.68, 222.6, 163.93, 323.87, 172.78, 245.81, 98.02, 30.6, 63.9, 125, 64.56, 87.89, , , , , 
1/30/2020 8:50:23 PM, 3291, 9226.75, 1649.3, 327.68, 222.6, 163.93, 323.87, 172.78, 245.81, 98.02, 30.6, 63.9, 125, 64.56, 87.89, , , , , 
1/30/2020 8:50:26 PM, 3291, 9226.75, 1649.3, 327.68, 222.6, 163.93, 323.87, 172.78, 245.81, 98.02, 30.6, 63.9, 125, 64.56, 87.89, , , , , 
1/30/2020 8:50:29 PM, 3291.5, 9228.5, 1649.6, 327.68, 222.6, 163.93, 323.87, 172.78, 245.81, 98.02, 30.6, 63.9, 125, 64.56, 87.89, , , , , 
1/30/2020 8:50:32 PM, 3291.5, 9228.5, 1649.6, 327.68, 222.6, 163.93, 323.87, 172.78, 245.81, 98.02, 30.6, 63.9, 125, 64.56, 87.89, , , , , 
1/30/2020 8:50:35 PM, 3291.5, 9228.75, 1649.7, 327.68, 222.6, 163.93, 323.87, 172.78, 245.81, 98.02, 30.6, 63.9, 125, 64.56, 87.89, , , , , 
1/30/2020 8:50:38 PM, 3291.25, 9227.25, 1649.5, 327.68, 222.6, 163.93, 323.87, 172.78, 245.81, 98.02, 30.6, 63.9, 125, 64.56, 87.89, , , , , 
1/30/2020 8:50:41 PM, 3291, 9226, 1649.3, 327.68, 222.6, 163.93, 323.87, 172.78, 245.81, 98.02, 30.6, 63.9, 125, 64.56, 87.89, , , , , 
1/30/2020 8:50:44 PM, 3291, 9225.75, 1649.3, 327.68, 222.6, 163.93, 323.87, 172.78, 245.81, 98.02, 30.6, 63.9, 125, 64.56, 87.89, , , , , 
1/30/2020 8:50:47 PM, 3290.5, 9225.5, 1649.2, 327.68, 222.6, 163.93, 323.87, 172.78, 245.81, 98.02, 30.6, 63.9, 125, 64.56, 87.89, , , , , 
1/30/2020 8:50:50 PM, 3290.5, 9225.5, 1649.2, 327.68, 222.6, 163.93, 323.87, 172.78, 245.81, 98.02, 30.6, 63.9, 125, 64.56, 87.89, , , , , 
1/30/2020 8:50:53 PM, 3290.25, 9224.75, 1649.1, 327.68, 222.6, 163.93, 323.87, 172.78, 245.81, 98.02, 30.6, 63.9, 125, 64.56, 87.89, , , , , 
1/30/2020 8:50:56 PM, 3290, 9224, 1648.9, 327.68, 222.6, 163.93, 323.87, 172.78, 245.81, 98.02, 30.6, 63.9, 125, 64.56, 87.89, , , , , 
1/30/2020 8:50:59 PM, 3290, 9223, 1648.8, 327.68, 222.6, 163.93, 323.87, 172.78, 245.81, 98.02, 30.6, 63.9, 125, 64.56, 87.89, , , , , 
1/30/2020 8:51:02 PM, 3290, 9222.5, 1648.8, 327.68, 222.6, 163.93, 323.87, 172.78, 245.81, 98.02, 30.6, 63.9, 125, 64.56, 87.89, , , , , 
1/30/2020 8:51:05 PM, 3290, 9223, 1648.8, 327.68, 222.6, 163.93, 323.87, 172.78, 245.81, 98.02, 30.6, 63.9, 125, 64.56, 87.89, , , , , 
1/30/2020 8:51:08 PM, 3290, 9223, 1648.8, 327.68, 222.6, 163.93, 323.87, 172.78, 245.81, 98.02, 30.6, 63.9, 125, 64.56, 87.89, , , , , 
1/30/2020 8:51:11 PM, 3289.75, 9223.25, 1648.7, 327.68, 222.6, 163.93, 323.87, 172.78, 245.81, 98.02, 30.6, 63.9, 125, 64.56, 87.89, , , , , 
1/30/2020 8:51:14 PM, 3290, 9223, 1648.7, 327.68, 222.6, 163.93, 323.87, 172.78, 245.81, 98.02, 30.6, 63.9, 125, 64.56, 87.89, , , , , 
1/30/2020 8:51:17 PM, 3290, 9223.25, 1648.7, 327.68, 222.6, 163.93, 323.87, 172.78, 245.81, 98.02, 30.6, 63.9, 125, 64.56, 87.89, , , , , 
1/30/2020 8:51:20 PM, 3290, 9223, 1648.7, 327.68, 222.6, 163.93, 323.87, 172.78, 245.81, 98.02, 30.6, 63.9, 125, 64.56, 87.89, , , , , 
1/30/2020 8:51:23 PM, 3289.75, 9222, 1648.8, 327.68, 222.6, 163.93, 323.87, 172.78, 245.81, 98.02, 30.6, 63.9, 125, 64.56, 87.89, , , , , 
1/30/2020 8:51:26 PM, 3289.75, 9222.25, 1648.8, 327.68, 222.6, 163.93, 323.87, 172.78, 245.81, 98.02, 30.6, 63.9, 125, 64.56, 87.89, , , , , 
1/30/2020 8:51:29 PM, 3289.75, 9221.75, 1648.6, 327.68, 222.6, 163.93, 323.87, 172.78, 245.81, 98.02, 30.6, 63.9, 125, 64.56, 87.89, , , , , 
1/30/2020 8:51:32 PM, 3289.75, 9222, 1648.6, 327.68, 222.6, 163.93, 323.87, 172.78, 245.81, 98.02, 30.6, 63.9, 125, 64.56, 87.89, , , , , 
1/30/2020 8:51:35 PM, 3289.5, 9221.25, 1648.6, 327.68, 222.6, 163.93, 323.87, 172.78, 245.81, 98.02, 30.6, 63.9, 125, 64.56, 87.89, , , , , 
1/30/2020 8:51:38 PM, 3289.75, 9221.5, 1648.6, 327.68, 222.6, 163.93, 323.87, 172.78, 245.81, 98.02, 30.6, 63.9, 125, 64.56, 87.89, , , , , 
1/30/2020 8:51:41 PM, 3289.75, 9220, 1648.6, 327.68, 222.6, 163.93, 323.87, 172.78, 245.81, 98.02, 30.6, 63.9, 125, 64.56, 87.89, , , , , 
1/30/2020 8:51:45 PM, 3289.5, 9220.75, 1648.6, 327.68, 222.6, 163.93, 323.87, 172.78, 245.81, 98.02, 30.6, 63.9, 125, 64.56, 87.89, , , , , 
1/30/2020 8:51:48 PM, 3289.5, 9219.75, 1648.6, 327.68, 222.6, 163.93, 323.87, 172.78, 245.81, 98.02, 30.6, 63.9, 125, 64.56, 87.89, , , , , 
1/30/2020 8:51:51 PM, 3289.5, 9220, 1648.6, 327.68, 222.6, 163.93, 323.87, 172.78, 245.81, 98.02, 30.6, 63.9, 125, 64.56, 87.89, , , , , 
1/30/2020 8:51:54 PM, 3289.75, 9221, 1648.7, 327.68, 222.6, 163.93, 323.87, 172.78, 245.81, 98.02, 30.6, 63.9, 125, 64.56, 87.89, , , , , 
1/30/2020 8:51:57 PM, 3289.75, 9219.75, 1648.7, 327.68, 222.6, 163.93, 323.87, 172.78, 245.81, 98.02, 30.6, 63.9, 125, 64.56, 87.89, , , , , 
1/30/2020 8:52:00 PM, 3289.5, 9220, 1648.7, 327.68, 222.6, 163.93, 323.87, 172.78, 245.81, 98.02, 30.6, 63.9, 125, 64.56, 87.89, , , , , 
1/30/2020 8:52:03 PM, 3289.5, 9220, 1648.7, 327.68, 222.6, 163.93, 323.87, 172.78, 245.81, 98.02, 30.6, 63.9, 125, 64.56, 87.89, , , , , 
1/30/2020 8:52:06 PM, 3289.5, 9220.25, 1648.5, 327.68, 222.6, 163.93, 323.87, 172.78, 245.81, 98.02, 30.6, 63.9, 125, 64.56, 87.89, , , , , 
1/30/2020 8:52:09 PM, 3289, 9218.5, 1648.2, 327.68, 222.6, 163.93, 323.87, 172.78, 245.81, 98.02, 30.6, 63.9, 125, 64.56, 87.89, , , , , 
1/30/2020 8:52:12 PM, 3289, 9219, 1648.3, 327.68, 222.6, 163.93, 323.87, 172.78, 245.81, 98.02, 30.6, 63.9, 125, 64.56, 87.89, , , , , 
1/30/2020 8:52:15 PM, 3289, 9218.25, 1648.2, 327.68, 222.6, 163.93, 323.87, 172.78, 245.81, 98.02, 30.6, 63.9, 125, 64.56, 87.89, , , , , 
1/30/2020 8:52:18 PM, 3289, 9218.5, 1648.2, 327.68, 222.6, 163.93, 323.87, 172.78, 245.81, 98.02, 30.6, 63.9, 125, 64.56, 87.89, , , , , 
1/30/2020 8:52:21 PM, 3288.75, 9218.75, 1648.2, 327.68, 222.6, 163.93, 323.87, 172.78, 245.81, 98.02, 30.6, 63.9, 125, 64.56, 87.89, , , , , 
1/30/2020 8:52:24 PM, 3288.75, 9218.75, 1648, 327.68, 222.6, 163.93, 323.87, 172.78, 245.81, 98.02, 30.6, 63.9, 125, 64.56, 87.89, , , , , 
1/30/2020 8:52:27 PM, 3289, 9219, 1648.2, 327.68, 222.6, 163.93, 323.87, 172.78, 245.81, 98.02, 30.6, 63.9, 125, 64.56, 87.89, , , , , 
1/30/2020 8:52:30 PM, 3289, 9218.5, 1647.9, 327.68, 222.6, 163.93, 323.87, 172.78, 245.81, 98.02, 30.6, 63.9, 125, 64.56, 87.89, , , , , 
1/30/2020 8:52:33 PM, 3288.75, 9218.25, 1648, 327.68, 222.6, 163.93, 323.87, 172.78, 245.81, 98.02, 30.6, 63.9, 125, 64.56, 87.89, , , , , 
1/30/2020 8:52:36 PM, 3288.75, 9218.75, 1648, 327.68, 222.6, 163.93, 323.87, 172.78, 245.81, 98.02, 30.6, 63.9, 125, 64.56, 87.89, , , , , 
1/30/2020 8:52:39 PM, 3288.75, 9218.25, 1648.1, 327.68, 222.6, 163.93, 323.87, 172.78, 245.81, 98.02, 30.6, 63.9, 125, 64.56, 87.89, , , , , 
1/30/2020 8:52:42 PM, 3288.5, 9218.25, 1648.1, 327.68, 222.6, 163.93, 323.87, 172.78, 245.81, 98.02, 30.6, 63.9, 125, 64.56, 87.89, , , , , 
1/30/2020 8:52:45 PM, 3288.75, 9218.5, 1648.1, 327.68, 222.6, 163.93, 323.87, 172.78, 245.81, 98.02, 30.6, 63.9, 125, 64.56, 87.89, , , , , 
1/30/2020 8:52:48 PM, 3288.75, 9218.75, 1648, 327.68, 222.6, 163.93, 323.87, 172.78, 245.81, 98.02, 30.6, 63.9, 125, 64.56, 87.89, , , , , 
1/30/2020 8:52:51 PM, 3288.75, 9219, 1648, 327.68, 222.6, 163.93, 323.87, 172.78, 245.81, 98.02, 30.6, 63.9, 125, 64.56, 87.89, , , , , 
1/30/2020 8:52:54 PM, 3289, 9219, 1648, 327.68, 222.6, 163.93, 323.87, 172.78, 245.81, 98.02, 30.6, 63.9, 125, 64.56, 87.89, , , , , 
1/30/2020 8:52:57 PM, 3289, 9219, 1648, 327.68, 222.6, 163.93, 323.87, 172.78, 245.81, 98.02, 30.6, 63.9, 125, 64.56, 87.89, , , , , 
1/30/2020 8:53:00 PM, 3288.75, 9218.5, 1648.1, 327.68, 222.6, 163.93, 323.87, 172.78, 245.81, 98.02, 30.6, 63.9, 125, 64.56, 87.89, , , , , 
1/30/2020 8:53:03 PM, 3289, 9219.5, 1648.1, 327.68, 222.6, 163.93, 323.87, 172.78, 245.81, 98.02, 30.6, 63.9, 125, 64.56, 87.89, , , , , 
1/30/2020 8:53:06 PM, 3289, 9219, 1648.1, 327.68, 222.6, 163.93, 323.87, 172.78, 245.81, 98.02, 30.6, 63.9, 125, 64.56, 87.89, , , , , 
1/30/2020 8:53:09 PM, 3289, 9219.25, 1648.1, 327.68, 222.6, 163.93, 323.87, 172.78, 245.81, 98.02, 30.6, 63.9, 125, 64.56, 87.89, , , , , 
1/30/2020 8:53:13 PM, 3289, 9218.25, 1648.1, 327.68, 222.6, 163.93, 323.87, 172.78, 245.81, 98.02, 30.6, 63.9, 125, 64.56, 87.89, , , , , 
1/30/2020 8:53:16 PM, 3289, 9217.75, 1648.1, 327.68, 222.6, 163.93, 323.87, 172.78, 245.81, 98.02, 30.6, 63.9, 125, 64.56, 87.89, , , , , 
1/30/2020 8:53:19 PM, 3289, 9218.25, 1648.1, 327.68, 222.6, 163.93, 323.87, 172.78, 245.81, 98.02, 30.6, 63.9, 125, 64.56, 87.89, , , , , 
1/30/2020 8:53:22 PM, 3288.75, 9218, 1648.1, 327.68, 222.6, 163.93, 323.87, 172.78, 245.81, 98.02, 30.6, 63.9, 125, 64.56, 87.89, , , , , 
1/30/2020 8:53:25 PM, 3288.75, 9218.25, 1648.1, 327.68, 222.6, 163.93, 323.87, 172.78, 245.81, 98.02, 30.6, 63.9, 125, 64.56, 87.89, , , , , 
1/30/2020 8:53:28 PM, 3288.75, 9217.75, 1648.1, 327.68, 222.6, 163.93, 323.87, 172.78, 245.81, 98.02, 30.6, 63.9, 125, 64.56, 87.89, , , , , 
1/30/2020 8:53:31 PM, 3288.75, 9218, 1648.1, 327.68, 222.6, 163.93, 323.87, 172.78, 245.81, 98.02, 30.6, 63.9, 125, 64.56, 87.89, , , , , 
1/30/2020 8:53:34 PM, 3288.75, 9217.5, 1648.1, 327.68, 222.6, 163.93, 323.87, 172.78, 245.81, 98.02, 30.6, 63.9, 125, 64.56, 87.89, , , , , 
1/30/2020 8:53:37 PM, 3288.75, 9217.75, 1648.1, 327.68, 222.6, 163.93, 323.87, 172.78, 245.81, 98.02, 30.6, 63.9, 125, 64.56, 87.89, , , , , 
1/30/2020 8:53:40 PM, 3289, 9218.5, 1648, 327.68, 222.6, 163.93, 323.87, 172.78, 245.81, 98.02, 30.6, 63.9, 125, 64.56, 87.89, , , , , 
1/30/2020 8:53:43 PM, 3289, 9219.25, 1648.1, 327.68, 222.6, 163.93, 323.87, 172.78, 245.81, 98.02, 30.6, 63.9, 125, 64.56, 87.89, , , , , 
1/30/2020 8:53:46 PM, 3289, 9218.25, 1648, 327.68, 222.6, 163.93, 323.87, 172.78, 245.81, 98.02, 30.6, 63.9, 125, 64.56, 87.89, , , , , 
1/30/2020 8:53:49 PM, 3289, 9218.25, 1648, 327.68, 222.6, 163.93, 323.87, 172.78, 245.81, 98.02, 30.6, 63.9, 125, 64.56, 87.89, , , , , 
1/30/2020 8:53:52 PM, 3289, 9219, 1648.1, 327.68, 222.6, 163.93, 323.87, 172.78, 245.81, 98.02, 30.6, 63.9, 125, 64.56, 87.89, , , , , 
1/30/2020 8:53:55 PM, 3289, 9218.75, 1648.2, 327.68, 222.6, 163.93, 323.87, 172.78, 245.81, 98.02, 30.6, 63.9, 125, 64.56, 87.89, , , , , 
1/30/2020 8:53:58 PM, 3289, 9218.75, 1648.2, 327.68, 222.6, 163.93, 323.87, 172.78, 245.81, 98.02, 30.6, 63.9, 125, 64.56, 87.89, , , , , 
1/30/2020 8:54:01 PM, 3289.25, 9218.5, 1648.2, 327.68, 222.6, 163.93, 323.87, 172.78, 245.81, 98.02, 30.6, 63.9, 125, 64.56, 87.89, , , , , 
1/30/2020 8:54:04 PM, 3289.25, 9218.5, 1648.2, 327.68, 222.6, 163.93, 323.87, 172.78, 245.81, 98.02, 30.6, 63.9, 125, 64.56, 87.89, , , , , 
1/30/2020 8:54:07 PM, 3289, 9218.5, 1648.1, 327.68, 222.6, 163.93, 323.87, 172.78, 245.81, 98.02, 30.6, 63.9, 125, 64.56, 87.89, , , , , 
1/30/2020 8:54:10 PM, 3289, 9218.5, 1648.1, 327.68, 222.6, 163.93, 323.87, 172.78, 245.81, 98.02, 30.6, 63.9, 125, 64.56, 87.89, , , , , 
1/30/2020 8:54:13 PM, 3289, 9219, 1648.1, 327.68, 222.6, 163.93, 323.87, 172.78, 245.81, 98.02, 30.6, 63.9, 125, 64.56, 87.89, , , , , 
1/30/2020 8:54:16 PM, 3289, 9219, 1648.1, 327.68, 222.6, 163.93, 323.87, 172.78, 245.81, 98.02, 30.6, 63.9, 125, 64.56, 87.89, , , , , 
1/30/2020 8:54:19 PM, 3289, 9219.5, 1648.1, 327.68, 222.6, 163.93, 323.87, 172.78, 245.81, 98.02, 30.6, 63.9, 125, 64.56, 87.89, , , , , 
1/30/2020 8:54:22 PM, 3289, 9219.5, 1648.1, 327.68, 222.6, 163.93, 323.87, 172.78, 245.81, 98.02, 30.6, 63.9, 125, 64.56, 87.89, , , , , 
1/30/2020 8:54:25 PM, 3289.25, 9219.75, 1648.1, 327.68, 222.6, 163.93, 323.87, 172.78, 245.81, 98.02, 30.6, 63.9, 125, 64.56, 87.89, , , , , 
1/30/2020 8:54:28 PM, 3289.25, 9219.75, 1648.1, 327.68, 222.6, 163.93, 323.87, 172.78, 245.81, 98.02, 30.6, 63.9, 125, 64.56, 87.89, , , , , 
1/30/2020 8:54:31 PM, 3289.5, 9221.75, 1648.5, 327.68, 222.6, 163.93, 323.87, 172.78, 245.81, 98.02, 30.6, 63.9, 125, 64.56, 87.89, , , , , 
1/30/2020 8:54:34 PM, 3289.5, 9221.75, 1648.5, 327.68, 222.6, 163.93, 323.87, 172.78, 245.81, 98.02, 30.6, 63.9, 125, 64.56, 87.89, , , , , 
1/30/2020 8:54:37 PM, 3289.75, 9221.5, 1648.6, 327.68, 222.6, 163.93, 323.87, 172.78, 245.81, 98.02, 30.6, 63.9, 125, 64.56, 87.89, , , , , 
1/30/2020 8:54:40 PM, 3289.75, 9221.5, 1648.6, 327.68, 222.6, 163.93, 323.87, 172.78, 245.81, 98.02, 30.6, 63.9, 125, 64.56, 87.89, , , , , 
1/30/2020 8:54:43 PM, 3290.25, 9222.5, 1648.8, 327.68, 222.6, 163.93, 323.87, 172.78, 245.81, 98.02, 30.6, 63.9, 125, 64.56, 87.89, , , , , 
1/30/2020 8:54:47 PM, 3290.25, 9222.5, 1648.8, 327.68, 222.6, 163.93, 323.87, 172.78, 245.81, 98.02, 30.6, 63.9, 125, 64.56, 87.89, , , , , 
1/30/2020 8:54:50 PM, 3290.25, 9222.75, 1648.9, 327.68, 222.6, 163.93, 323.87, 172.78, 245.81, 98.02, 30.6, 63.9, 125, 64.56, 87.89, , , , , 
1/30/2020 8:54:53 PM, 3290, 9222, 1648.6, 327.68, 222.6, 163.93, 323.87, 172.78, 245.81, 98.02, 30.6, 63.9, 125, 64.56, 87.89, , , , , 
1/30/2020 8:54:56 PM, 3290, 9222, 1648.6, 327.68, 222.6, 163.93, 323.87, 172.78, 245.81, 98.02, 30.6, 63.9, 125, 64.56, 87.89, , , , , 
1/30/2020 8:54:59 PM, 3289.75, 9221.25, 1648.5, 327.68, 222.6, 163.93, 323.87, 172.78, 245.81, 98.02, 30.6, 63.9, 125, 64.56, 87.89, , , , , 
1/30/2020 8:55:02 PM, 3289.75, 9221.25, 1648.5, 327.68, 222.6, 163.93, 323.87, 172.78, 245.81, 98.02, 30.6, 63.9, 125, 64.56, 87.89, , , , , 
1/30/2020 8:55:05 PM, 3290, 9221.75, 1648.6, 327.68, 222.6, 163.93, 323.87, 172.78, 245.81, 98.02, 30.6, 63.9, 125, 64.56, 87.89, , , , , 
1/30/2020 8:55:08 PM, 3290, 9221.75, 1648.6, 327.68, 222.6, 163.93, 323.87, 172.78, 245.81, 98.02, 30.6, 63.9, 125, 64.56, 87.89, , , , , 
1/30/2020 8:55:11 PM, 3289.5, 9220.5, 1648.4, 327.68, 222.6, 163.93, 323.87, 172.78, 245.81, 98.02, 30.6, 63.9, 125, 64.56, 87.89, , , , , 
1/30/2020 8:55:14 PM, 3289.5, 9221, 1648.4, 327.68, 222.6, 163.93, 323.87, 172.78, 245.81, 98.02, 30.6, 63.9, 125, 64.56, 87.89, , , , , 
1/30/2020 8:55:17 PM, 3289.5, 9220.75, 1648.4, 327.68, 222.6, 163.93, 323.87, 172.78, 245.81, 98.02, 30.6, 63.9, 125, 64.56, 87.89, , , , , 
1/30/2020 8:55:20 PM, 3289.75, 9221.75, 1648.4, 327.68, 222.6, 163.93, 323.87, 172.78, 245.81, 98.02, 30.6, 63.9, 125, 64.56, 87.89, , , , , 
1/30/2020 8:55:23 PM, 3289.75, 9222.25, 1648.6, 327.68, 222.6, 163.93, 323.87, 172.78, 245.81, 98.02, 30.6, 63.9, 125, 64.56, 87.89, , , , , 
1/30/2020 8:55:26 PM, 3289.75, 9221.5, 1648.6, 327.68, 222.6, 163.93, 323.87, 172.78, 245.81, 98.02, 30.6, 63.9, 125, 64.56, 87.89, , , , , 
1/30/2020 8:55:29 PM, 3289.75, 9222, 1648.6, 327.68, 222.6, 163.93, 323.87, 172.78, 245.81, 98.02, 30.6, 63.9, 125, 64.56, 87.89, , , , , 
1/30/2020 8:55:32 PM, 3290, 9222.75, 1648.8, 327.68, 222.6, 163.93, 323.87, 172.78, 245.81, 98.02, 30.6, 63.9, 125, 64.56, 87.89, , , , , 
1/30/2020 8:55:35 PM, 3290, 9223.25, 1648.9, 327.68, 222.6, 163.93, 323.87, 172.78, 245.81, 98.02, 30.6, 63.9, 125, 64.56, 87.89, , , , , 
1/30/2020 8:55:38 PM, 3290, 9222.25, 1648.9, 327.68, 222.6, 163.93, 323.87, 172.78, 245.81, 98.02, 30.6, 63.9, 125, 64.56, 87.89, , , , , 
1/30/2020 8:55:41 PM, 3290, 9222.75, 1648.9, 327.68, 222.6, 163.93, 323.87, 172.78, 245.81, 98.02, 30.6, 63.9, 125, 64.56, 87.89, , , , , 
1/30/2020 8:55:44 PM, 3290, 9222.25, 1648.9, 327.68, 222.6, 163.93, 323.87, 172.78, 245.81, 98.02, 30.6, 63.9, 125, 64.56, 87.89, , , , , 
1/30/2020 8:55:47 PM, 3290.25, 9223.25, 1648.9, 327.68, 222.6, 163.93, 323.87, 172.78, 245.81, 98.02, 30.6, 63.9, 125, 64.56, 87.89, , , , , 
1/30/2020 8:55:50 PM, 3290.25, 9223, 1648.9, 327.68, 222.6, 163.93, 323.87, 172.78, 245.81, 98.02, 30.6, 63.9, 125, 64.56, 87.89, , , , , 
1/30/2020 8:55:53 PM, 3290.25, 9223, 1648.9, 327.68, 222.6, 163.93, 323.87, 172.78, 245.81, 98.02, 30.6, 63.9, 125, 64.56, 87.89, , , , , 
1/30/2020 8:55:56 PM, 3290.25, 9223.5, 1648.8, 327.68, 222.6, 163.93, 323.87, 172.78, 245.81, 98.02, 30.6, 63.9, 125, 64.56, 87.89, , , , , 
1/30/2020 8:55:59 PM, 3290.5, 9223.5, 1648.8, 327.68, 222.6, 163.93, 323.87, 172.78, 245.81, 98.02, 30.6, 63.9, 125, 64.56, 87.89, , , , , 
1/30/2020 8:56:02 PM, 3290.25, 9223, 1648.8, 327.68, 222.6, 163.93, 323.87, 172.78, 245.81, 98.02, 30.6, 63.9, 125, 64.56, 87.89, , , , , 
1/30/2020 8:56:06 PM, 3290.25, 9223, 1648.9, 327.68, 222.6, 163.93, 323.87, 172.78, 245.81, 98.02, 30.6, 63.9, 125, 64.56, 87.89, , , , , 
1/30/2020 8:56:09 PM, 3290.25, 9223.25, 1648.9, 327.68, 222.6, 163.93, 323.87, 172.78, 245.81, 98.02, 30.6, 63.9, 125, 64.56, 87.89, , , , , 
1/30/2020 8:56:12 PM, 3290.25, 9223.25, 1648.9, 327.68, 222.6, 163.93, 323.87, 172.78, 245.81, 98.02, 30.6, 63.9, 125, 64.56, 87.89, , , , , 
1/30/2020 8:56:15 PM, 3290.25, 9223.25, 1648.9, 327.68, 222.6, 163.93, 323.87, 172.78, 245.81, 98.02, 30.6, 63.9, 125, 64.56, 87.89, , , , , 
1/30/2020 8:56:18 PM, 3290.25, 9222.75, 1648.9, 327.68, 222.6, 163.93, 323.87, 172.78, 245.81, 98.02, 30.6, 63.9, 125, 64.56, 87.89, , , , , 
1/30/2020 8:56:21 PM, 3290, 9223, 1648.9, 327.68, 222.6, 163.93, 323.87, 172.78, 245.81, 98.02, 30.6, 63.9, 125, 64.56, 87.89, , , , , 
1/30/2020 8:56:24 PM, 3290, 9222.5, 1648.9, 327.68, 222.6, 163.93, 323.87, 172.78, 245.81, 98.02, 30.6, 63.9, 125, 64.56, 87.89, , , , , 
1/30/2020 8:56:27 PM, 3290.25, 9222.5, 1648.9, 327.68, 222.6, 163.93, 323.87, 172.78, 245.81, 98.02, 30.6, 63.9, 125, 64.56, 87.89, , , , , 
1/30/2020 8:56:30 PM, 3290.25, 9222.5, 1648.9, 327.68, 222.6, 163.93, 323.87, 172.78, 245.81, 98.02, 30.6, 63.9, 125, 64.56, 87.89, , , , , 
1/30/2020 8:56:33 PM, 3290.25, 9223.25, 1648.9, 327.68, 222.6, 163.93, 323.87, 172.78, 245.81, 98.02, 30.6, 63.9, 125, 64.56, 87.89, , , , , 
1/30/2020 8:56:36 PM, 3290.25, 9223.5, 1648.9, 327.68, 222.6, 163.93, 323.87, 172.78, 245.81, 98.02, 30.6, 63.9, 125, 64.56, 87.89, , , , , 
1/30/2020 8:56:39 PM, 3290.25, 9223.75, 1648.9, 327.68, 222.6, 163.93, 323.87, 172.78, 245.81, 98.02, 30.6, 63.9, 125, 64.56, 87.89, , , , , 
1/30/2020 8:56:42 PM, 3290.5, 9224.25, 1648.9, 327.68, 222.6, 163.93, 323.87, 172.78, 245.81, 98.02, 30.6, 63.9, 125, 64.56, 87.89, , , , , 
1/30/2020 8:56:45 PM, 3290.5, 9224, 1649.1, 327.68, 222.6, 163.93, 323.87, 172.78, 245.81, 98.02, 30.6, 63.9, 125, 64.56, 87.89, , , , , 
1/30/2020 8:56:48 PM, 3290.25, 9224.5, 1649.1, 327.68, 222.6, 163.93, 323.87, 172.78, 245.81, 98.02, 30.6, 63.9, 125, 64.56, 87.89, , , , , 
1/30/2020 8:56:51 PM, 3290.5, 9225, 1649.1, 327.68, 222.6, 163.93, 323.87, 172.78, 245.81, 98.02, 30.6, 63.9, 125, 64.56, 87.89, , , , , 
1/30/2020 8:56:54 PM, 3290.5, 9224.5, 1649.1, 327.68, 222.6, 163.93, 323.87, 172.78, 245.81, 98.02, 30.6, 63.9, 125, 64.56, 87.89, , , , , 
1/30/2020 8:56:57 PM, 3290, 9223, 1648.8, 327.68, 222.6, 163.93, 323.87, 172.78, 245.81, 98.02, 30.6, 63.9, 125, 64.56, 87.89, , , , , 
1/30/2020 8:57:00 PM, 3290, 9222.75, 1648.8, 327.68, 222.6, 163.93, 323.87, 172.78, 245.81, 98.02, 30.6, 63.9, 125, 64.56, 87.89, , , , , 
1/30/2020 8:57:03 PM, 3290, 9222.75, 1648.8, 327.68, 222.6, 163.93, 323.87, 172.78, 245.81, 98.02, 30.6, 63.9, 125, 64.56, 87.89, , , , , 
1/30/2020 8:57:06 PM, 3290, 9222.5, 1648.8, 327.68, 222.6, 163.93, 323.87, 172.78, 245.81, 98.02, 30.6, 63.9, 125, 64.56, 87.89, , , , , 
1/30/2020 8:57:09 PM, 3290, 9223.25, 1648.8, 327.68, 222.6, 163.93, 323.87, 172.78, 245.81, 98.02, 30.6, 63.9, 125, 64.56, 87.89, , , , , 
1/30/2020 8:57:12 PM, 3290, 9223.25, 1648.8, 327.68, 222.6, 163.93, 323.87, 172.78, 245.81, 98.02, 30.6, 63.9, 125, 64.56, 87.89, , , , , 
1/30/2020 8:57:15 PM, 3290.25, 9223, 1648.8, 327.68, 222.6, 163.93, 323.87, 172.78, 245.81, 98.02, 30.6, 63.9, 125, 64.56, 87.89, , , , , 
1/30/2020 8:57:18 PM, 3290.25, 9223.5, 1648.8, 327.68, 222.6, 163.93, 323.87, 172.78, 245.81, 98.02, 30.6, 63.9, 125, 64.56, 87.89, , , , , 
1/30/2020 8:57:21 PM, 3290.25, 9223.5, 1648.8, 327.68, 222.6, 163.93, 323.87, 172.78, 245.81, 98.02, 30.6, 63.9, 125, 64.56, 87.89, , , , , 
1/30/2020 8:57:25 PM, 3290, 9223.25, 1648.8, 327.68, 222.6, 163.93, 323.87, 172.78, 245.81, 98.02, 30.6, 63.9, 125, 64.56, 87.89, , , , , 
1/30/2020 8:57:28 PM, 3289.75, 9220.5, 1648.7, 327.68, 222.6, 163.93, 323.87, 172.78, 245.81, 98.02, 30.6, 63.9, 125, 64.56, 87.89, , , , , 
1/30/2020 8:57:31 PM, 3289.75, 9220.25, 1648.7, 327.68, 222.6, 163.93, 323.87, 172.78, 245.81, 98.02, 30.6, 63.9, 125, 64.56, 87.89, , , , , 
1/30/2020 8:57:34 PM, 3289.5, 9219.75, 1648.5, 327.68, 222.6, 163.93, 323.87, 172.78, 245.81, 98.02, 30.6, 63.9, 125, 64.56, 87.89, , , , , 
1/30/2020 8:57:37 PM, 3289.5, 9219, 1648.5, 327.68, 222.6, 163.93, 323.87, 172.78, 245.81, 98.02, 30.6, 63.9, 125, 64.56, 87.89, , , , , 
1/30/2020 8:57:40 PM, 3289.25, 9218.25, 1648.3, 327.68, 222.6, 163.93, 323.87, 172.78, 245.81, 98.02, 30.6, 63.9, 125, 64.56, 87.89, , , , , 
1/30/2020 8:57:43 PM, 3289.25, 9217.75, 1648.3, 327.68, 222.6, 163.93, 323.87, 172.78, 245.81, 98.02, 30.6, 63.9, 125, 64.56, 87.89, , , , , 
1/30/2020 8:57:46 PM, 3289, 9217.75, 1648.3, 327.68, 222.6, 163.93, 323.87, 172.78, 245.81, 98.02, 30.6, 63.9, 125, 64.56, 87.89, , , , , 
1/30/2020 8:57:49 PM, 3289, 9217.5, 1648.3, 327.68, 222.6, 163.93, 323.87, 172.78, 245.81, 98.02, 30.6, 63.9, 125, 64.56, 87.89, , , , , 
1/30/2020 8:57:52 PM, 3289, 9217.75, 1648.2, 327.68, 222.6, 163.93, 323.87, 172.78, 245.81, 98.02, 30.6, 63.9, 125, 64.56, 87.89, , , , , 
1/30/2020 8:57:55 PM, 3289, 9216.25, 1648.2, 327.68, 222.6, 163.93, 323.87, 172.78, 245.81, 98.02, 30.6, 63.9, 125, 64.56, 87.89, , , , , 
1/30/2020 8:57:58 PM, 3288.5, 9215.25, 1648.1, 327.68, 222.6, 163.93, 323.87, 172.78, 245.81, 98.02, 30.6, 63.9, 125, 64.56, 87.89, , , , , 
1/30/2020 8:58:01 PM, 3289, 9215.5, 1648.3, 327.68, 222.6, 163.93, 323.87, 172.78, 245.81, 98.02, 30.6, 63.9, 125, 64.56, 87.89, , , , , 
1/30/2020 8:58:04 PM, 3289, 9215.5, 1648.3, 327.68, 222.6, 163.93, 323.87, 172.78, 245.81, 98.02, 30.6, 63.9, 125, 64.56, 87.89, , , , , 
1/30/2020 8:58:07 PM, 3288.75, 9216.25, 1648.3, 327.68, 222.6, 163.93, 323.87, 172.78, 245.81, 98.02, 30.6, 63.9, 125, 64.56, 87.89, , , , , 
1/30/2020 8:58:10 PM, 3288.75, 9216.25, 1648.3, 327.68, 222.6, 163.93, 323.87, 172.78, 245.81, 98.02, 30.6, 63.9, 125, 64.56, 87.89, , , , , 
1/30/2020 8:58:13 PM, 3289, 9216.75, 1648.3, 327.68, 222.6, 163.93, 323.87, 172.78, 245.81, 98.02, 30.6, 63.9, 125, 64.56, 87.89, , , , , 
1/30/2020 8:58:16 PM, 3289, 9216.75, 1648.3, 327.68, 222.6, 163.93, 323.87, 172.78, 245.81, 98.02, 30.6, 63.9, 125, 64.56, 87.89, , , , , 
1/30/2020 8:58:19 PM, 3289, 9218, 1648.4, 327.68, 222.6, 163.93, 323.87, 172.78, 245.81, 98.02, 30.6, 63.9, 125, 64.56, 87.89, , , , , 
1/30/2020 8:58:22 PM, 3289, 9217.5, 1648.4, 327.68, 222.6, 163.93, 323.87, 172.78, 245.81, 98.02, 30.6, 63.9, 125, 64.56, 87.89, , , , , 
1/30/2020 8:58:25 PM, 3289, 9217, 1648.4, 327.68, 222.6, 163.93, 323.87, 172.78, 245.81, 98.02, 30.6, 63.9, 125, 64.56, 87.89, , , , , 
1/30/2020 8:58:28 PM, 3289, 9217, 1648.4, 327.68, 222.6, 163.93, 323.87, 172.78, 245.81, 98.02, 30.6, 63.9, 125, 64.56, 87.89, , , , , 
1/30/2020 8:58:31 PM, 3289.25, 9218.25, 1648.4, 327.68, 222.6, 163.93, 323.87, 172.78, 245.81, 98.02, 30.6, 63.9, 125, 64.56, 87.89, , , , , 
1/30/2020 8:58:34 PM, 3289.25, 9218.25, 1648.4, 327.68, 222.6, 163.93, 323.87, 172.78, 245.81, 98.02, 30.6, 63.9, 125, 64.56, 87.89, , , , , 
1/30/2020 8:58:37 PM, 3289, 9217.25, 1648.4, 327.68, 222.6, 163.93, 323.87, 172.78, 245.81, 98.02, 30.6, 63.9, 125, 64.56, 87.89, , , , , 
1/30/2020 8:58:40 PM, 3289, 9217.25, 1648.4, 327.68, 222.6, 163.93, 323.87, 172.78, 245.81, 98.02, 30.6, 63.9, 125, 64.56, 87.89, , , , , 
1/30/2020 8:58:43 PM, 3289.25, 9217.25, 1648.4, 327.68, 222.6, 163.93, 323.87, 172.78, 245.81, 98.02, 30.6, 63.9, 125, 64.56, 87.89, , , , , 
1/30/2020 8:58:46 PM, 3289.25, 9217.25, 1648.4, 327.68, 222.6, 163.93, 323.87, 172.78, 245.81, 98.02, 30.6, 63.9, 125, 64.56, 87.89, , , , , 
1/30/2020 8:58:50 PM, 3289.25, 9217.5, 1648.4, 327.68, 222.6, 163.93, 323.87, 172.78, 245.81, 98.02, 30.6, 63.9, 125, 64.56, 87.89, , , , , 
1/30/2020 8:58:53 PM, 3289.25, 9217.75, 1648.4, 327.68, 222.6, 163.93, 323.87, 172.78, 245.81, 98.02, 30.6, 63.9, 125, 64.56, 87.89, , , , , 
1/30/2020 8:58:56 PM, 3289.25, 9217.75, 1648.4, 327.68, 222.6, 163.93, 323.87, 172.78, 245.81, 98.02, 30.6, 63.9, 125, 64.56, 87.89, , , , , 
1/30/2020 8:58:59 PM, 3289.25, 9217, 1648.4, 327.68, 222.6, 163.93, 323.87, 172.78, 245.81, 98.02, 30.6, 63.9, 125, 64.56, 87.89, , , , , 
1/30/2020 8:59:02 PM, 3289, 9215.75, 1648.4, 327.68, 222.6, 163.93, 323.87, 172.78, 245.81, 98.02, 30.6, 63.9, 125, 64.56, 87.89, , , , , 
1/30/2020 8:59:05 PM, 3289, 9215.75, 1648.4, 327.68, 222.6, 163.93, 323.87, 172.78, 245.81, 98.02, 30.6, 63.9, 125, 64.56, 87.89, , , , , 
1/30/2020 8:59:08 PM, 3289.25, 9216.5, 1648.4, 327.68, 222.6, 163.93, 323.87, 172.78, 245.81, 98.02, 30.6, 63.9, 125, 64.56, 87.89, , , , , 
1/30/2020 8:59:11 PM, 3289.25, 9216.5, 1648.4, 327.68, 222.6, 163.93, 323.87, 172.78, 245.81, 98.02, 30.6, 63.9, 125, 64.56, 87.89, , , , , 
1/30/2020 8:59:14 PM, 3289, 9216.25, 1648.3, 327.68, 222.6, 163.93, 323.87, 172.78, 245.81, 98.02, 30.6, 63.9, 125, 64.56, 87.89, , , , , 
1/30/2020 8:59:17 PM, 3289, 9216.25, 1648.3, 327.68, 222.6, 163.93, 323.87, 172.78, 245.81, 98.02, 30.6, 63.9, 125, 64.56, 87.89, , , , , 
1/30/2020 8:59:20 PM, 3288.75, 9214.25, 1648.3, 327.68, 222.6, 163.93, 323.87, 172.78, 245.81, 98.02, 30.6, 63.9, 125, 64.56, 87.89, , , , , 
1/30/2020 8:59:23 PM, 3288.5, 9214.5, 1648, 327.68, 222.6, 163.93, 323.87, 172.78, 245.81, 98.02, 30.6, 63.9, 125, 64.56, 87.89, , , , , 
1/30/2020 8:59:26 PM, 3288.5, 9214.5, 1648, 327.68, 222.6, 163.93, 323.87, 172.78, 245.81, 98.02, 30.6, 63.9, 125, 64.56, 87.89, , , , , 
1/30/2020 8:59:29 PM, 3288.5, 9214.5, 1648, 327.68, 222.6, 163.93, 323.87, 172.78, 245.81, 98.02, 30.6, 63.9, 125, 64.56, 87.89, , , , , 
1/30/2020 8:59:32 PM, 3288.5, 9213.75, 1648, 327.68, 222.6, 163.93, 323.87, 172.78, 245.81, 98.02, 30.6, 63.9, 125, 64.56, 87.89, , , , , 
1/30/2020 8:59:35 PM, 3288.25, 9213.25, 1648, 327.68, 222.6, 163.93, 323.87, 172.78, 245.81, 98.02, 30.6, 63.9, 125, 64.56, 87.89, , , , , 
1/30/2020 8:59:38 PM, 3288.5, 9214, 1648, 327.68, 222.6, 163.93, 323.87, 172.78, 245.81, 98.02, 30.6, 63.9, 125, 64.56, 87.89, , , , , 
1/30/2020 8:59:41 PM, 3288.5, 9213.75, 1648, 327.68, 222.6, 163.93, 323.87, 172.78, 245.81, 98.02, 30.6, 63.9, 125, 64.56, 87.89, , , , , 
1/30/2020 8:59:44 PM, 3288.5, 9214.25, 1648, 327.68, 222.6, 163.93, 323.87, 172.78, 245.81, 98.02, 30.6, 63.9, 125, 64.56, 87.89, , , , , 
1/30/2020 8:59:47 PM, 3288.25, 9214, 1648, 327.68, 222.6, 163.93, 323.87, 172.78, 245.81, 98.02, 30.6, 63.9, 125, 64.56, 87.89, , , , , 
1/30/2020 8:59:50 PM, 3288, 9213, 1647.6, 327.68, 222.6, 163.93, 323.87, 172.78, 245.81, 98.02, 30.6, 63.9, 125, 64.56, 87.89, , , , , 
1/30/2020 8:59:53 PM, 3288, 9212, 1647.6, 327.68, 222.6, 163.93, 323.87, 172.78, 245.81, 98.02, 30.6, 63.9, 125, 64.56, 87.89, , , , , 
1/30/2020 8:59:56 PM, 3287.75, 9211.75, 1647.5, 327.68, 222.6, 163.93, 323.87, 172.78, 245.81, 98.02, 30.6, 63.9, 125, 64.56, 87.89, , , , , 
1/30/2020 8:59:59 PM, 3287.75, 9211.75, 1647.5, 327.68, 222.6, 163.93, 323.87, 172.78, 245.81, 98.02, 30.6, 63.9, 125, 64.56, 87.89, , , , , 
1/30/2020 9:00:02 PM, 3288, 9212.25, 1647.7, 327.68, 222.6, 163.93, 323.87, 172.78, 245.81, 98.02, 30.6, 63.9, 125, 64.56, 87.89, , , , , 
1/30/2020 9:00:05 PM, 3288, 9212, 1647.7, 327.68, 222.6, 163.93, 323.87, 172.78, 245.81, 98.02, 30.6, 63.9, 125, 64.56, 87.89, , , , , 
1/30/2020 9:00:09 PM, 3288, 9212.5, 1647.7, 327.68, 222.6, 163.93, 323.87, 172.78, 245.81, 98.02, 30.6, 63.9, 125, 64.56, 87.89, , , , , 
1/30/2020 9:00:12 PM, 3288.75, 9216.5, 1647.8, 327.68, 222.6, 163.93, 323.87, 172.78, 245.81, 98.02, 30.6, 63.9, 125, 64.56, 87.89, , , , , 
1/30/2020 9:00:15 PM, 3289, 9216.5, 1648.2, 327.68, 222.6, 163.93, 323.87, 172.78, 245.81, 98.02, 30.6, 63.9, 125, 64.56, 87.89, , , , , 
1/30/2020 9:00:18 PM, 3289, 9216.5, 1648.2, 327.68, 222.6, 163.93, 323.87, 172.78, 245.81, 98.02, 30.6, 63.9, 125, 64.56, 87.89, , , , , 
1/30/2020 9:00:21 PM, 3288.5, 9215, 1648.2, 327.68, 222.6, 163.93, 323.87, 172.78, 245.81, 98.02, 30.6, 63.9, 125, 64.56, 87.89, , , , , 
1/30/2020 9:00:24 PM, 3288.5, 9215.25, 1648.1, 327.68, 222.6, 163.93, 323.87, 172.78, 245.81, 98.02, 30.6, 63.9, 125, 64.56, 87.89, , , , , 
1/30/2020 9:00:27 PM, 3288.5, 9215, 1648.1, 327.68, 222.6, 163.93, 323.87, 172.78, 245.81, 98.02, 30.6, 63.9, 125, 64.56, 87.89, , , , , 
1/30/2020 9:00:30 PM, 3288.25, 9214.5, 1648.1, 327.68, 222.6, 163.93, 323.87, 172.78, 245.81, 98.02, 30.6, 63.9, 125, 64.56, 87.89, , , , , 
1/30/2020 9:00:33 PM, 3288.25, 9215, 1648.1, 327.68, 222.6, 163.93, 323.87, 172.78, 245.81, 98.02, 30.6, 63.9, 125, 64.56, 87.89, , , , , 
1/30/2020 9:00:36 PM, 3288.25, 9214.75, 1648.1, 327.68, 222.6, 163.93, 323.87, 172.78, 245.81, 98.02, 30.6, 63.9, 125, 64.56, 87.89, , , , , 
1/30/2020 9:00:39 PM, 3288, 9213.75, 1647.8, 327.68, 222.6, 163.93, 323.87, 172.78, 245.81, 98.02, 30.6, 63.9, 125, 64.56, 87.89, , , , , 
1/30/2020 9:00:42 PM, 3288, 9213.75, 1647.8, 327.68, 222.6, 163.93, 323.87, 172.78, 245.81, 98.02, 30.6, 63.9, 125, 64.56, 87.89, , , , , 
1/30/2020 9:00:45 PM, 3288.25, 9214.25, 1647.9, 327.68, 222.6, 163.93, 323.87, 172.78, 245.81, 98.02, 30.6, 63.9, 125, 64.56, 87.89, , , , , 
1/30/2020 9:00:48 PM, 3288, 9213.25, 1647.9, 327.68, 222.6, 163.93, 323.87, 172.78, 245.81, 98.02, 30.6, 63.9, 125, 64.56, 87.89, , , , , 
1/30/2020 9:00:51 PM, 3288, 9213.25, 1647.9, 327.68, 222.6, 163.93, 323.87, 172.78, 245.81, 98.02, 30.6, 63.9, 125, 64.56, 87.89, , , , , 
1/30/2020 9:00:54 PM, 3288, 9214, 1647.8, 327.68, 222.6, 163.93, 323.87, 172.78, 245.81, 98.02, 30.6, 63.9, 125, 64.56, 87.89, , , , , 
1/30/2020 9:00:57 PM, 3288, 9213.75, 1647.8, 327.68, 222.6, 163.93, 323.87, 172.78, 245.81, 98.02, 30.6, 63.9, 125, 64.56, 87.89, , , , , 
1/30/2020 9:01:00 PM, 3288, 9214, 1647.8, 327.68, 222.6, 163.93, 323.87, 172.78, 245.81, 98.02, 30.6, 63.9, 125, 64.56, 87.89, , , , , 
1/30/2020 9:01:03 PM, 3288, 9214, 1647.8, 327.68, 222.6, 163.93, 323.87, 172.78, 245.81, 98.02, 30.6, 63.9, 125, 64.56, 87.89, , , , , 
1/30/2020 9:01:06 PM, 3288.25, 9214.25, 1648, 327.68, 222.6, 163.93, 323.87, 172.78, 245.81, 98.02, 30.6, 63.9, 125, 64.56, 87.89, , , , , 
1/30/2020 9:01:09 PM, 3288.5, 9215.75, 1648, 327.68, 222.6, 163.93, 323.87, 172.78, 245.81, 98.02, 30.6, 63.9, 125, 64.56, 87.89, , , , , 
1/30/2020 9:01:12 PM, 3288.75, 9216.5, 1648, 327.68, 222.6, 163.93, 323.87, 172.78, 245.81, 98.02, 30.6, 63.9, 125, 64.56, 87.89, , , , , 
1/30/2020 9:01:15 PM, 3288.75, 9217.25, 1648.2, 327.68, 222.6, 163.93, 323.87, 172.78, 245.81, 98.02, 30.6, 63.9, 125, 64.56, 87.89, , , , , 
1/30/2020 9:01:18 PM, 3288.75, 9216.25, 1648.2, 327.68, 222.6, 163.93, 323.87, 172.78, 245.81, 98.02, 30.6, 63.9, 125, 64.56, 87.89, , , , , 
1/30/2020 9:01:21 PM, 3288.75, 9216.25, 1648.2, 327.68, 222.6, 163.93, 323.87, 172.78, 245.81, 98.02, 30.6, 63.9, 125, 64.56, 87.89, , , , , 
1/30/2020 9:01:24 PM, 3288.75, 9215.5, 1648.2, 327.68, 222.6, 163.93, 323.87, 172.78, 245.81, 98.02, 30.6, 63.9, 125, 64.56, 87.89, , , , , 
1/30/2020 9:01:28 PM, 3288.75, 9216.25, 1648.2, 327.68, 222.6, 163.93, 323.87, 172.78, 245.81, 98.02, 30.6, 63.9, 125, 64.56, 87.89, , , , , 
1/30/2020 9:01:31 PM, 3288.5, 9216.25, 1647.9, 327.68, 222.6, 163.93, 323.87, 172.78, 245.81, 98.02, 30.6, 63.9, 125, 64.56, 87.89, , , , , 
1/30/2020 9:01:34 PM, 3288.5, 9215.5, 1647.9, 327.68, 222.6, 163.93, 323.87, 172.78, 245.81, 98.02, 30.6, 63.9, 125, 64.56, 87.89, , , , , 
1/30/2020 9:01:37 PM, 3288.5, 9215.5, 1647.9, 327.68, 222.6, 163.93, 323.87, 172.78, 245.81, 98.02, 30.6, 63.9, 125, 64.56, 87.89, , , , , 
1/30/2020 9:01:40 PM, 3288.5, 9216, 1647.9, 327.68, 222.6, 163.93, 323.87, 172.78, 245.81, 98.02, 30.6, 63.9, 125, 64.56, 87.89, , , , , 
1/30/2020 9:01:43 PM, 3288.5, 9216, 1647.9, 327.68, 222.6, 163.93, 323.87, 172.78, 245.81, 98.02, 30.6, 63.9, 125, 64.56, 87.89, , , , , 
1/30/2020 9:01:46 PM, 3288.5, 9216, 1647.9, 327.68, 222.6, 163.93, 323.87, 172.78, 245.81, 98.02, 30.6, 63.9, 125, 64.56, 87.89, , , , , 
1/30/2020 9:01:49 PM, 3288.5, 9215.75, 1648, 327.68, 222.6, 163.93, 323.87, 172.78, 245.81, 98.02, 30.6, 63.9, 125, 64.56, 87.89, , , , , 
1/30/2020 9:01:52 PM, 3288.5, 9215.75, 1648, 327.68, 222.6, 163.93, 323.87, 172.78, 245.81, 98.02, 30.6, 63.9, 125, 64.56, 87.89, , , , , 
1/30/2020 9:01:55 PM, 3288.5, 9215.75, 1648, 327.68, 222.6, 163.93, 323.87, 172.78, 245.81, 98.02, 30.6, 63.9, 125, 64.56, 87.89, , , , , 
1/30/2020 9:01:58 PM, 3288.75, 9216.5, 1648.1, 327.68, 222.6, 163.93, 323.87, 172.78, 245.81, 98.02, 30.6, 63.9, 125, 64.56, 87.89, , , , , 
1/30/2020 9:02:01 PM, 3288.25, 9215.5, 1647.9, 327.68, 222.6, 163.93, 323.87, 172.78, 245.81, 98.02, 30.6, 63.9, 125, 64.56, 87.89, , , , , 
1/30/2020 9:02:04 PM, 3288.25, 9215.5, 1647.9, 327.68, 222.6, 163.93, 323.87, 172.78, 245.81, 98.02, 30.6, 63.9, 125, 64.56, 87.89, , , , , 
1/30/2020 9:02:07 PM, 3288.5, 9216.5, 1647.9, 327.68, 222.6, 163.93, 323.87, 172.78, 245.81, 98.02, 30.6, 63.9, 125, 64.56, 87.89, , , , , 
1/30/2020 9:02:10 PM, 3288.5, 9216.5, 1647.9, 327.68, 222.6, 163.93, 323.87, 172.78, 245.81, 98.02, 30.6, 63.9, 125, 64.56, 87.89, , , , , 
1/30/2020 9:02:13 PM, 3289, 9217.25, 1648.2, 327.68, 222.6, 163.93, 323.87, 172.78, 245.81, 98.02, 30.6, 63.9, 125, 64.56, 87.89, , , , , 
1/30/2020 9:02:16 PM, 3288.75, 9217.25, 1648.2, 327.68, 222.6, 163.93, 323.87, 172.78, 245.81, 98.02, 30.6, 63.9, 125, 64.56, 87.89, , , , , 
1/30/2020 9:02:19 PM, 3288.75, 9217.25, 1648.2, 327.68, 222.6, 163.93, 323.87, 172.78, 245.81, 98.02, 30.6, 63.9, 125, 64.56, 87.89, , , , , 
1/30/2020 9:02:22 PM, 3288.75, 9217, 1648.2, 327.68, 222.6, 163.93, 323.87, 172.78, 245.81, 98.02, 30.6, 63.9, 125, 64.56, 87.89, , , , , 
1/30/2020 9:02:25 PM, 3288.75, 9217, 1648.2, 327.68, 222.6, 163.93, 323.87, 172.78, 245.81, 98.02, 30.6, 63.9, 125, 64.56, 87.89, , , , , 
1/30/2020 9:02:28 PM, 3288.5, 9216.25, 1648.2, 327.68, 222.6, 163.93, 323.87, 172.78, 245.81, 98.02, 30.6, 63.9, 125, 64.56, 87.89, , , , , 
1/30/2020 9:02:31 PM, 3288.5, 9216.25, 1648.2, 327.68, 222.6, 163.93, 323.87, 172.78, 245.81, 98.02, 30.6, 63.9, 125, 64.56, 87.89, , , , , 
1/30/2020 9:02:34 PM, 3288.75, 9216.5, 1648.2, 327.68, 222.6, 163.93, 323.87, 172.78, 245.81, 98.02, 30.6, 63.9, 125, 64.56, 87.89, , , , , 
1/30/2020 9:02:37 PM, 3288.75, 9216.5, 1648.2, 327.68, 222.6, 163.93, 323.87, 172.78, 245.81, 98.02, 30.6, 63.9, 125, 64.56, 87.89, , , , , 
1/30/2020 9:02:40 PM, 3288.75, 9216.25, 1648.2, 327.68, 222.6, 163.93, 323.87, 172.78, 245.81, 98.02, 30.6, 63.9, 125, 64.56, 87.89, , , , , 
1/30/2020 9:02:43 PM, 3288.75, 9216.25, 1648.2, 327.68, 222.6, 163.93, 323.87, 172.78, 245.81, 98.02, 30.6, 63.9, 125, 64.56, 87.89, , , , , 
1/30/2020 9:02:46 PM, 3288.75, 9216.5, 1648.2, 327.68, 222.6, 163.93, 323.87, 172.78, 245.81, 98.02, 30.6, 63.9, 125, 64.56, 87.89, , , , , 
1/30/2020 9:02:49 PM, 3288.75, 9216.5, 1648.2, 327.68, 222.6, 163.93, 323.87, 172.78, 245.81, 98.02, 30.6, 63.9, 125, 64.56, 87.89, , , , , 
1/30/2020 9:02:52 PM, 3288.75, 9216.75, 1648.2, 327.68, 222.6, 163.93, 323.87, 172.78, 245.81, 98.02, 30.6, 63.9, 125, 64.56, 87.89, , , , , 
1/30/2020 9:02:55 PM, 3288.75, 9216.75, 1648.2, 327.68, 222.6, 163.93, 323.87, 172.78, 245.81, 98.02, 30.6, 63.9, 125, 64.56, 87.89, , , , , 
1/30/2020 9:02:58 PM, 3288.75, 9217, 1648.2, 327.68, 222.6, 163.93, 323.87, 172.78, 245.81, 98.02, 30.6, 63.9, 125, 64.56, 87.89, , , , , 
1/30/2020 9:03:02 PM, 3288.75, 9216.5, 1648.2, 327.68, 222.6, 163.93, 323.87, 172.78, 245.81, 98.02, 30.6, 63.9, 125, 64.56, 87.89, , , , , 
1/30/2020 9:03:05 PM, 3288.75, 9217.25, 1648.2, 327.68, 222.6, 163.93, 323.87, 172.78, 245.81, 98.02, 30.6, 63.9, 125, 64.56, 87.89, , , , , 
1/30/2020 9:03:08 PM, 3289, 9217.75, 1648.2, 327.68, 222.6, 163.93, 323.87, 172.78, 245.81, 98.02, 30.6, 63.9, 125, 64.56, 87.89, , , , , 
1/30/2020 9:03:11 PM, 3289, 9217.25, 1648.2, 327.68, 222.6, 163.93, 323.87, 172.78, 245.81, 98.02, 30.6, 63.9, 125, 64.56, 87.89, , , , , 
1/30/2020 9:03:14 PM, 3289, 9217.25, 1648.2, 327.68, 222.6, 163.93, 323.87, 172.78, 245.81, 98.02, 30.6, 63.9, 125, 64.56, 87.89, , , , , 
1/30/2020 9:03:17 PM, 3289, 9217.75, 1648.2, 327.68, 222.6, 163.93, 323.87, 172.78, 245.81, 98.02, 30.6, 63.9, 125, 64.56, 87.89, , , , , 
1/30/2020 9:03:20 PM, 3289.25, 9217.5, 1648.2, 327.68, 222.6, 163.93, 323.87, 172.78, 245.81, 98.02, 30.6, 63.9, 125, 64.56, 87.89, , , , , 
1/30/2020 9:03:23 PM, 3289.25, 9218.5, 1648.2, 327.68, 222.6, 163.93, 323.87, 172.78, 245.81, 98.02, 30.6, 63.9, 125, 64.56, 87.89, , , , , 
1/30/2020 9:03:26 PM, 3289.5, 9218.5, 1648.2, 327.68, 222.6, 163.93, 323.87, 172.78, 245.81, 98.02, 30.6, 63.9, 125, 64.56, 87.89, , , , , 
1/30/2020 9:03:29 PM, 3289.25, 9217.75, 1648.4, 327.68, 222.6, 163.93, 323.87, 172.78, 245.81, 98.02, 30.6, 63.9, 125, 64.56, 87.89, , , , , 
1/30/2020 9:03:32 PM, 3289.25, 9217.5, 1648.4, 327.68, 222.6, 163.93, 323.87, 172.78, 245.81, 98.02, 30.6, 63.9, 125, 64.56, 87.89, , , , , 
1/30/2020 9:03:35 PM, 3289.25, 9217.5, 1648.4, 327.68, 222.6, 163.93, 323.87, 172.78, 245.81, 98.02, 30.6, 63.9, 125, 64.56, 87.89, , , , , 
1/30/2020 9:03:38 PM, 3289.25, 9218, 1648.4, 327.68, 222.6, 163.93, 323.87, 172.78, 245.81, 98.02, 30.6, 63.9, 125, 64.56, 87.89, , , , , 
1/30/2020 9:03:41 PM, 3289.5, 9218, 1648.4, 327.68, 222.6, 163.93, 323.87, 172.78, 245.81, 98.02, 30.6, 63.9, 125, 64.56, 87.89, , , , , 
1/30/2020 9:03:45 PM, 3289.25, 9217, 1648.4, 327.68, 222.6, 163.93, 323.87, 172.78, 245.81, 98.02, 30.6, 63.9, 125, 64.56, 87.89, , , , , 
1/30/2020 9:03:48 PM, 3289.25, 9216.75, 1648.4, 327.68, 222.6, 163.93, 323.87, 172.78, 245.81, 98.02, 30.6, 63.9, 125, 64.56, 87.89, , , , , 
1/30/2020 9:03:51 PM, 3288.5, 9215.25, 1648, 327.68, 222.6, 163.93, 323.87, 172.78, 245.81, 98.02, 30.6, 63.9, 125, 64.56, 87.89, , , , , 
1/30/2020 9:03:54 PM, 3288.5, 9215.25, 1648, 327.68, 222.6, 163.93, 323.87, 172.78, 245.81, 98.02, 30.6, 63.9, 125, 64.56, 87.89, , , , , 
1/30/2020 9:03:57 PM, 3288.75, 9216.25, 1648.1, 327.68, 222.6, 163.93, 323.87, 172.78, 245.81, 98.02, 30.6, 63.9, 125, 64.56, 87.89, , , , , 
1/30/2020 9:04:00 PM, 3288.75, 9215.5, 1648, 327.68, 222.6, 163.93, 323.87, 172.78, 245.81, 98.02, 30.6, 63.9, 125, 64.56, 87.89, , , , , 
1/30/2020 9:04:03 PM, 3288.75, 9216, 1648.1, 327.68, 222.6, 163.93, 323.87, 172.78, 245.81, 98.02, 30.6, 63.9, 125, 64.56, 87.89, , , , , 
1/30/2020 9:04:06 PM, 3288.75, 9215.75, 1648.1, 327.68, 222.6, 163.93, 323.87, 172.78, 245.81, 98.02, 30.6, 63.9, 125, 64.56, 87.89, , , , , 
1/30/2020 9:04:09 PM, 3288.75, 9216, 1648.1, 327.68, 222.6, 163.93, 323.87, 172.78, 245.81, 98.02, 30.6, 63.9, 125, 64.56, 87.89, , , , , 
1/30/2020 9:04:12 PM, 3288.75, 9216, 1648.1, 327.68, 222.6, 163.93, 323.87, 172.78, 245.81, 98.02, 30.6, 63.9, 125, 64.56, 87.89, , , , , 
1/30/2020 9:04:15 PM, 3288.5, 9215, 1648, 327.68, 222.6, 163.93, 323.87, 172.78, 245.81, 98.02, 30.6, 63.9, 125, 64.56, 87.89, , , , , 
1/30/2020 9:04:18 PM, 3288.5, 9215, 1647.9, 327.68, 222.6, 163.93, 323.87, 172.78, 245.81, 98.02, 30.6, 63.9, 125, 64.56, 87.89, , , , , 
1/30/2020 9:04:21 PM, 3288.5, 9215, 1647.9, 327.68, 222.6, 163.93, 323.87, 172.78, 245.81, 98.02, 30.6, 63.9, 125, 64.56, 87.89, , , , , 
1/30/2020 9:04:24 PM, 3288.5, 9215, 1647.9, 327.68, 222.6, 163.93, 323.87, 172.78, 245.81, 98.02, 30.6, 63.9, 125, 64.56, 87.89, , , , , 
1/30/2020 9:04:27 PM, 3288.5, 9214.75, 1647.9, 327.68, 222.6, 163.93, 323.87, 172.78, 245.81, 98.02, 30.6, 63.9, 125, 64.56, 87.89, , , , , 
1/30/2020 9:04:30 PM, 3288.5, 9214.75, 1647.9, 327.68, 222.6, 163.93, 323.87, 172.78, 245.81, 98.02, 30.6, 63.9, 125, 64.56, 87.89, , , , , 
1/30/2020 9:04:33 PM, 3288.5, 9215, 1647.9, 327.68, 222.6, 163.93, 323.87, 172.78, 245.81, 98.02, 30.6, 63.9, 125, 64.56, 87.89, , , , , 
1/30/2020 9:04:36 PM, 3288.5, 9215.25, 1647.8, 327.68, 222.6, 163.93, 323.87, 172.78, 245.81, 98.02, 30.6, 63.9, 125, 64.56, 87.89, , , , , 
1/30/2020 9:04:39 PM, 3288.5, 9215.25, 1647.8, 327.68, 222.6, 163.93, 323.87, 172.78, 245.81, 98.02, 30.6, 63.9, 125, 64.56, 87.89, , , , , 
1/30/2020 9:04:42 PM, 3288.25, 9214.25, 1647.8, 327.68, 222.6, 163.93, 323.87, 172.78, 245.81, 98.02, 30.6, 63.9, 125, 64.56, 87.89, , , , , 
1/30/2020 9:04:45 PM, 3288.25, 9214.5, 1647.8, 327.68, 222.6, 163.93, 323.87, 172.78, 245.81, 98.02, 30.6, 63.9, 125, 64.56, 87.89, , , , , 
1/30/2020 9:04:48 PM, 3288, 9213.75, 1647.6, 327.68, 222.6, 163.93, 323.87, 172.78, 245.81, 98.02, 30.6, 63.9, 125, 64.56, 87.89, , , , , 
1/30/2020 9:04:51 PM, 3288, 9213.75, 1647.6, 327.68, 222.6, 163.93, 323.87, 172.78, 245.81, 98.02, 30.6, 63.9, 125, 64.56, 87.89, , , , , 
1/30/2020 9:04:54 PM, 3288, 9213.75, 1647.6, 327.68, 222.6, 163.93, 323.87, 172.78, 245.81, 98.02, 30.6, 63.9, 125, 64.56, 87.89, , , , , 
1/30/2020 9:04:57 PM, 3288, 9213.5, 1647.6, 327.68, 222.6, 163.93, 323.87, 172.78, 245.81, 98.02, 30.6, 63.9, 125, 64.56, 87.89, , , , , 
1/30/2020 9:05:01 PM, 3288.25, 9213.5, 1647.6, 327.68, 222.6, 163.93, 323.87, 172.78, 245.81, 98.02, 30.6, 63.9, 125, 64.56, 87.89, , , , , 
1/30/2020 9:05:04 PM, 3288.25, 9213.5, 1647.6, 327.68, 222.6, 163.93, 323.87, 172.78, 245.81, 98.02, 30.6, 63.9, 125, 64.56, 87.89, , , , , 
1/30/2020 9:05:07 PM, 3288, 9214, 1647.6, 327.68, 222.6, 163.93, 323.87, 172.78, 245.81, 98.02, 30.6, 63.9, 125, 64.56, 87.89, , , , , 
1/30/2020 9:05:10 PM, 3288.5, 9215.25, 1647.8, 327.68, 222.6, 163.93, 323.87, 172.78, 245.81, 98.02, 30.6, 63.9, 125, 64.56, 87.89, , , , , 
1/30/2020 9:05:13 PM, 3289.25, 9217.25, 1648.3, 327.68, 222.6, 163.93, 323.87, 172.78, 245.81, 98.02, 30.6, 63.9, 125, 64.56, 87.89, , , , , 
1/30/2020 9:05:16 PM, 3289.25, 9217.25, 1648.3, 327.68, 222.6, 163.93, 323.87, 172.78, 245.81, 98.02, 30.6, 63.9, 125, 64.56, 87.89, , , , , 
1/30/2020 9:05:19 PM, 3289, 9217, 1648.2, 327.68, 222.6, 163.93, 323.87, 172.78, 245.81, 98.02, 30.6, 63.9, 125, 64.56, 87.89, , , , , 
1/30/2020 9:05:22 PM, 3289, 9217, 1648.2, 327.68, 222.6, 163.93, 323.87, 172.78, 245.81, 98.02, 30.6, 63.9, 125, 64.56, 87.89, , , , , 
1/30/2020 9:05:25 PM, 3289, 9216, 1648.1, 327.68, 222.6, 163.93, 323.87, 172.78, 245.81, 98.02, 30.6, 63.9, 125, 64.56, 87.89, , , , , 
1/30/2020 9:05:28 PM, 3289, 9216.5, 1648.1, 327.68, 222.6, 163.93, 323.87, 172.78, 245.81, 98.02, 30.6, 63.9, 125, 64.56, 87.89, , , , , 
1/30/2020 9:05:31 PM, 3289, 9216.75, 1648.2, 327.68, 222.6, 163.93, 323.87, 172.78, 245.81, 98.02, 30.6, 63.9, 125, 64.56, 87.89, , , , , 
1/30/2020 9:05:34 PM, 3289.25, 9216.75, 1648.2, 327.68, 222.6, 163.93, 323.87, 172.78, 245.81, 98.02, 30.6, 63.9, 125, 64.56, 87.89, , , , , 
1/30/2020 9:05:37 PM, 3289, 9215.75, 1648.2, 327.68, 222.6, 163.93, 323.87, 172.78, 245.81, 98.02, 30.6, 63.9, 125, 64.56, 87.89, , , , , 
1/30/2020 9:05:40 PM, 3289, 9217, 1648.2, 327.68, 222.6, 163.93, 323.87, 172.78, 245.81, 98.02, 30.6, 63.9, 125, 64.56, 87.89, , , , , 
1/30/2020 9:05:43 PM, 3289, 9216.75, 1648.2, 327.68, 222.6, 163.93, 323.87, 172.78, 245.81, 98.02, 30.6, 63.9, 125, 64.56, 87.89, , , , , 
1/30/2020 9:05:46 PM, 3289, 9217.25, 1648.2, 327.68, 222.6, 163.93, 323.87, 172.78, 245.81, 98.02, 30.6, 63.9, 125, 64.56, 87.89, , , , , 
1/30/2020 9:05:49 PM, 3289.25, 9217.5, 1648.4, 327.68, 222.6, 163.93, 323.87, 172.78, 245.81, 98.02, 30.6, 63.9, 125, 64.56, 87.89, , , , , 
1/30/2020 9:05:52 PM, 3289.25, 9217.5, 1648.4, 327.68, 222.6, 163.93, 323.87, 172.78, 245.81, 98.02, 30.6, 63.9, 125, 64.56, 87.89, , , , , 
1/30/2020 9:05:55 PM, 3289.25, 9218, 1648.4, 327.68, 222.6, 163.93, 323.87, 172.78, 245.81, 98.02, 30.6, 63.9, 125, 64.56, 87.89, , , , , 
1/30/2020 9:05:58 PM, 3289.25, 9218.25, 1648.4, 327.68, 222.6, 163.93, 323.87, 172.78, 245.81, 98.02, 30.6, 63.9, 125, 64.56, 87.89, , , , , 
1/30/2020 9:06:01 PM, 3289.5, 9218.75, 1648.5, 327.68, 222.6, 163.93, 323.87, 172.78, 245.81, 98.02, 30.6, 63.9, 125, 64.56, 87.89, , , , , 
1/30/2020 9:06:04 PM, 3289.75, 9219.25, 1648.6, 327.68, 222.6, 163.93, 323.87, 172.78, 245.81, 98.02, 30.6, 63.9, 125, 64.56, 87.89, , , , , 
1/30/2020 9:06:07 PM, 3289.75, 9219, 1648.6, 327.68, 222.6, 163.93, 323.87, 172.78, 245.81, 98.02, 30.6, 63.9, 125, 64.56, 87.89, , , , , 
1/30/2020 9:06:10 PM, 3289.75, 9219.75, 1648.6, 327.68, 222.6, 163.93, 323.87, 172.78, 245.81, 98.02, 30.6, 63.9, 125, 64.56, 87.89, , , , , 
1/30/2020 9:06:13 PM, 3290.25, 9222.5, 1649, 327.68, 222.6, 163.93, 323.87, 172.78, 245.81, 98.02, 30.6, 63.9, 125, 64.56, 87.89, , , , , 
1/30/2020 9:06:16 PM, 3290.25, 9223.25, 1649, 327.68, 222.6, 163.93, 323.87, 172.78, 245.81, 98.02, 30.6, 63.9, 125, 64.56, 87.89, , , , , 
1/30/2020 9:06:19 PM, 3290.25, 9223.25, 1649, 327.68, 222.6, 163.93, 323.87, 172.78, 245.81, 98.02, 30.6, 63.9, 125, 64.56, 87.89, , , , , 
1/30/2020 9:06:23 PM, 3290, 9222.25, 1648.8, 327.68, 222.6, 163.93, 323.87, 172.78, 245.81, 98.02, 30.6, 63.9, 125, 64.56, 87.89, , , , , 
1/30/2020 9:06:26 PM, 3290.25, 9222.75, 1648.8, 327.68, 222.6, 163.93, 323.87, 172.78, 245.81, 98.02, 30.6, 63.9, 125, 64.56, 87.89, , , , , 
1/30/2020 9:06:29 PM, 3290, 9222.75, 1648.8, 327.68, 222.6, 163.93, 323.87, 172.78, 245.81, 98.02, 30.6, 63.9, 125, 64.56, 87.89, , , , , 
1/30/2020 9:06:32 PM, 3290, 9222.25, 1648.8, 327.68, 222.6, 163.93, 323.87, 172.78, 245.81, 98.02, 30.6, 63.9, 125, 64.56, 87.89, , , , , 
1/30/2020 9:06:35 PM, 3290.25, 9222.25, 1648.8, 327.68, 222.6, 163.93, 323.87, 172.78, 245.81, 98.02, 30.6, 63.9, 125, 64.56, 87.89, , , , , 
1/30/2020 9:06:38 PM, 3290.25, 9222.25, 1648.8, 327.68, 222.6, 163.93, 323.87, 172.78, 245.81, 98.02, 30.6, 63.9, 125, 64.56, 87.89, , , , , 
1/30/2020 9:06:41 PM, 3290.25, 9222.75, 1648.8, 327.68, 222.6, 163.93, 323.87, 172.78, 245.81, 98.02, 30.6, 63.9, 125, 64.56, 87.89, , , , , 
1/30/2020 9:06:44 PM, 3290.25, 9222.75, 1648.8, 327.68, 222.6, 163.93, 323.87, 172.78, 245.81, 98.02, 30.6, 63.9, 125, 64.56, 87.89, , , , , 
1/30/2020 9:06:47 PM, 3290.25, 9222.25, 1648.9, 327.68, 222.6, 163.93, 323.87, 172.78, 245.81, 98.02, 30.6, 63.9, 125, 64.56, 87.89, , , , , 
1/30/2020 9:06:50 PM, 3290.25, 9222, 1648.9, 327.68, 222.6, 163.93, 323.87, 172.78, 245.81, 98.02, 30.6, 63.9, 125, 64.56, 87.89, , , , , 
1/30/2020 9:06:53 PM, 3290.25, 9222.75, 1648.9, 327.68, 222.6, 163.93, 323.87, 172.78, 245.81, 98.02, 30.6, 63.9, 125, 64.56, 87.89, , , , , 
1/30/2020 9:06:56 PM, 3290.25, 9222.75, 1648.9, 327.68, 222.6, 163.93, 323.87, 172.78, 245.81, 98.02, 30.6, 63.9, 125, 64.56, 87.89, , , , , 
1/30/2020 9:06:59 PM, 3290.25, 9223, 1648.9, 327.68, 222.6, 163.93, 323.87, 172.78, 245.81, 98.02, 30.6, 63.9, 125, 64.56, 87.89, , , , , 
1/30/2020 9:07:02 PM, 3290.75, 9224, 1648.9, 327.68, 222.6, 163.93, 323.87, 172.78, 245.81, 98.02, 30.6, 63.9, 125, 64.56, 87.89, , , , , 
1/30/2020 9:07:05 PM, 3290.75, 9223.75, 1648.9, 327.68, 222.6, 163.93, 323.87, 172.78, 245.81, 98.02, 30.6, 63.9, 125, 64.56, 87.89, , , , , 
1/30/2020 9:07:08 PM, 3290.75, 9224, 1648.9, 327.68, 222.6, 163.93, 323.87, 172.78, 245.81, 98.02, 30.6, 63.9, 125, 64.56, 87.89, , , , , 
1/30/2020 9:07:11 PM, 3290.25, 9222.75, 1648.9, 327.68, 222.6, 163.93, 323.87, 172.78, 245.81, 98.02, 30.6, 63.9, 125, 64.56, 87.89, , , , , 
1/30/2020 9:07:14 PM, 3290.5, 9223.25, 1649.1, 327.68, 222.6, 163.93, 323.87, 172.78, 245.81, 98.02, 30.6, 63.9, 125, 64.56, 87.89, , , , , 
1/30/2020 9:07:17 PM, 3290.5, 9223.25, 1649.1, 327.68, 222.6, 163.93, 323.87, 172.78, 245.81, 98.02, 30.6, 63.9, 125, 64.56, 87.89, , , , , 
1/30/2020 9:07:20 PM, 3290.5, 9223.5, 1649.1, 327.68, 222.6, 163.93, 323.87, 172.78, 245.81, 98.02, 30.6, 63.9, 125, 64.56, 87.89, , , , , 
1/30/2020 9:07:23 PM, 3290.5, 9223.5, 1649.1, 327.68, 222.6, 163.93, 323.87, 172.78, 245.81, 98.02, 30.6, 63.9, 125, 64.56, 87.89, , , , , 
1/30/2020 9:07:26 PM, 3290.5, 9222.75, 1649.1, 327.68, 222.6, 163.93, 323.87, 172.78, 245.81, 98.02, 30.6, 63.9, 125, 64.56, 87.89, , , , , 
1/30/2020 9:07:29 PM, 3290.5, 9223, 1649.1, 327.68, 222.6, 163.93, 323.87, 172.78, 245.81, 98.02, 30.6, 63.9, 125, 64.56, 87.89, , , , , 
1/30/2020 9:07:32 PM, 3290.5, 9223.5, 1649.1, 327.68, 222.6, 163.93, 323.87, 172.78, 245.81, 98.02, 30.6, 63.9, 125, 64.56, 87.89, , , , , 
1/30/2020 9:07:35 PM, 3290.5, 9223, 1649.1, 327.68, 222.6, 163.93, 323.87, 172.78, 245.81, 98.02, 30.6, 63.9, 125, 64.56, 87.89, , , , , 
1/30/2020 9:07:39 PM, 3290.5, 9223, 1649.1, 327.68, 222.6, 163.93, 323.87, 172.78, 245.81, 98.02, 30.6, 63.9, 125, 64.56, 87.89, , , , , 
1/30/2020 9:07:42 PM, 3290.5, 9223.25, 1649.1, 327.68, 222.6, 163.93, 323.87, 172.78, 245.81, 98.02, 30.6, 63.9, 125, 64.56, 87.89, , , , , 
1/30/2020 9:07:45 PM, 3290.5, 9224, 1649.1, 327.68, 222.6, 163.93, 323.87, 172.78, 245.81, 98.02, 30.6, 63.9, 125, 64.56, 87.89, , , , , 
1/30/2020 9:07:48 PM, 3290, 9222.5, 1649.1, 327.68, 222.6, 163.93, 323.87, 172.78, 245.81, 98.02, 30.6, 63.9, 125, 64.56, 87.89, , , , , 
1/30/2020 9:07:51 PM, 3290.25, 9223.25, 1649.1, 327.68, 222.6, 163.93, 323.87, 172.78, 245.81, 98.02, 30.6, 63.9, 125, 64.56, 87.89, , , , , 
1/30/2020 9:07:54 PM, 3290.25, 9224, 1649.1, 327.68, 222.6, 163.93, 323.87, 172.78, 245.81, 98.02, 30.6, 63.9, 125, 64.56, 87.89, , , , , 
1/30/2020 9:07:57 PM, 3290.5, 9224, 1649.1, 327.68, 222.6, 163.93, 323.87, 172.78, 245.81, 98.02, 30.6, 63.9, 125, 64.56, 87.89, , , , , 
1/30/2020 9:08:00 PM, 3290.25, 9223.5, 1649.1, 327.68, 222.6, 163.93, 323.87, 172.78, 245.81, 98.02, 30.6, 63.9, 125, 64.56, 87.89, , , , , 
1/30/2020 9:08:03 PM, 3290.25, 9223.75, 1649.2, 327.68, 222.6, 163.93, 323.87, 172.78, 245.81, 98.02, 30.6, 63.9, 125, 64.56, 87.89, , , , , 
1/30/2020 9:08:06 PM, 3290.25, 9224, 1649.2, 327.68, 222.6, 163.93, 323.87, 172.78, 245.81, 98.02, 30.6, 63.9, 125, 64.56, 87.89, , , , , 
1/30/2020 9:08:09 PM, 3290.5, 9224.25, 1649.2, 327.68, 222.6, 163.93, 323.87, 172.78, 245.81, 98.02, 30.6, 63.9, 125, 64.56, 87.89, , , , , 
1/30/2020 9:08:12 PM, 3290.5, 9224.25, 1649.2, 327.68, 222.6, 163.93, 323.87, 172.78, 245.81, 98.02, 30.6, 63.9, 125, 64.56, 87.89, , , , , 
1/30/2020 9:08:15 PM, 3290.5, 9224.25, 1649.2, 327.68, 222.6, 163.93, 323.87, 172.78, 245.81, 98.02, 30.6, 63.9, 125, 64.56, 87.89, , , , , 
1/30/2020 9:08:18 PM, 3290.5, 9224.75, 1649.4, 327.68, 222.6, 163.93, 323.87, 172.78, 245.81, 98.02, 30.6, 63.9, 125, 64.56, 87.89, , , , , 
1/30/2020 9:08:21 PM, 3291, 9225.5, 1649.6, 327.68, 222.6, 163.93, 323.87, 172.78, 245.81, 98.02, 30.6, 63.9, 125, 64.56, 87.89, , , , , 
1/30/2020 9:08:24 PM, 3291.5, 9227.5, 1649.7, 327.68, 222.6, 163.93, 323.87, 172.78, 245.81, 98.02, 30.6, 63.9, 125, 64.56, 87.89, , , , , 
1/30/2020 9:08:27 PM, 3291.25, 9226.25, 1649.7, 327.68, 222.6, 163.93, 323.87, 172.78, 245.81, 98.02, 30.6, 63.9, 125, 64.56, 87.89, , , , , 
1/30/2020 9:08:30 PM, 3291.25, 9226.25, 1649.7, 327.68, 222.6, 163.93, 323.87, 172.78, 245.81, 98.02, 30.6, 63.9, 125, 64.56, 87.89, , , , , 
1/30/2020 9:08:33 PM, 3291.25, 9226, 1649.7, 327.68, 222.6, 163.93, 323.87, 172.78, 245.81, 98.02, 30.6, 63.9, 125, 64.56, 87.89, , , , , 
1/30/2020 9:08:36 PM, 3291, 9226.25, 1649.6, 327.68, 222.6, 163.93, 323.87, 172.78, 245.81, 98.02, 30.6, 63.9, 125, 64.56, 87.89, , , , , 
1/30/2020 9:08:39 PM, 3291.5, 9226.5, 1649.6, 327.68, 222.6, 163.93, 323.87, 172.78, 245.81, 98.02, 30.6, 63.9, 125, 64.56, 87.89, , , , , 
1/30/2020 9:08:42 PM, 3291.5, 9226.5, 1649.6, 327.68, 222.6, 163.93, 323.87, 172.78, 245.81, 98.02, 30.6, 63.9, 125, 64.56, 87.89, , , , , 
1/30/2020 9:08:46 PM, 3291.5, 9226.75, 1649.6, 327.68, 222.6, 163.93, 323.87, 172.78, 245.81, 98.02, 30.6, 63.9, 125, 64.56, 87.89, , , , , 
1/30/2020 9:08:49 PM, 3291.5, 9226.5, 1649.6, 327.68, 222.6, 163.93, 323.87, 172.78, 245.81, 98.02, 30.6, 63.9, 125, 64.56, 87.89, , , , , 
1/30/2020 9:08:52 PM, 3291.25, 9227, 1649.6, 327.68, 222.6, 163.93, 323.87, 172.78, 245.81, 98.02, 30.6, 63.9, 125, 64.56, 87.89, , , , , 
1/30/2020 9:08:55 PM, 3291.25, 9227, 1649.6, 327.68, 222.6, 163.93, 323.87, 172.78, 245.81, 98.02, 30.6, 63.9, 125, 64.56, 87.89, , , , , 
1/30/2020 9:08:58 PM, 3291, 9225.75, 1649.4, 327.68, 222.6, 163.93, 323.87, 172.78, 245.81, 98.02, 30.6, 63.9, 125, 64.56, 87.89, , , , , 
1/30/2020 9:09:01 PM, 3291, 9225.75, 1649.4, 327.68, 222.6, 163.93, 323.87, 172.78, 245.81, 98.02, 30.6, 63.9, 125, 64.56, 87.89, , , , , 
1/30/2020 9:09:04 PM, 3291, 9226.25, 1649.5, 327.68, 222.6, 163.93, 323.87, 172.78, 245.81, 98.02, 30.6, 63.9, 125, 64.56, 87.89, , , , , 
1/30/2020 9:09:07 PM, 3291, 9226.25, 1649.5, 327.68, 222.6, 163.93, 323.87, 172.78, 245.81, 98.02, 30.6, 63.9, 125, 64.56, 87.89, , , , , 
1/30/2020 9:09:10 PM, 3291, 9225.75, 1649.4, 327.68, 222.6, 163.93, 323.87, 172.78, 245.81, 98.02, 30.6, 63.9, 125, 64.56, 87.89, , , , , 
1/30/2020 9:09:13 PM, 3291, 9225.75, 1649.4, 327.68, 222.6, 163.93, 323.87, 172.78, 245.81, 98.02, 30.6, 63.9, 125, 64.56, 87.89, , , , , 
1/30/2020 9:09:16 PM, 3291, 9226.75, 1649.4, 327.68, 222.6, 163.93, 323.87, 172.78, 245.81, 98.02, 30.6, 63.9, 125, 64.56, 87.89, , , , , 
1/30/2020 9:09:19 PM, 3291, 9226.75, 1649.4, 327.68, 222.6, 163.93, 323.87, 172.78, 245.81, 98.02, 30.6, 63.9, 125, 64.56, 87.89, , , , , 
1/30/2020 9:09:22 PM, 3291.25, 9226.5, 1649.3, 327.68, 222.6, 163.93, 323.87, 172.78, 245.81, 98.02, 30.6, 63.9, 125, 64.56, 87.89, , , , , 
1/30/2020 9:09:25 PM, 3291.25, 9226.5, 1649.3, 327.68, 222.6, 163.93, 323.87, 172.78, 245.81, 98.02, 30.6, 63.9, 125, 64.56, 87.89, , , , , 
1/30/2020 9:09:28 PM, 3291, 9225.75, 1649.3, 327.68, 222.6, 163.93, 323.87, 172.78, 245.81, 98.02, 30.6, 63.9, 125, 64.56, 87.89, , , , , 
1/30/2020 9:09:31 PM, 3291, 9225.75, 1649.3, 327.68, 222.6, 163.93, 323.87, 172.78, 245.81, 98.02, 30.6, 63.9, 125, 64.56, 87.89, , , , , 
1/30/2020 9:09:34 PM, 3291, 9225.5, 1649.5, 327.68, 222.6, 163.93, 323.87, 172.78, 245.81, 98.02, 30.6, 63.9, 125, 64.56, 87.89, , , , , 
1/30/2020 9:09:37 PM, 3291, 9225.5, 1649.5, 327.68, 222.6, 163.93, 323.87, 172.78, 245.81, 98.02, 30.6, 63.9, 125, 64.56, 87.89, , , , , 
1/30/2020 9:09:40 PM, 3291, 9226.25, 1649.5, 327.68, 222.6, 163.93, 323.87, 172.78, 245.81, 98.02, 30.6, 63.9, 125, 64.56, 87.89, , , , , 
1/30/2020 9:09:43 PM, 3291, 9226.25, 1649.5, 327.68, 222.6, 163.93, 323.87, 172.78, 245.81, 98.02, 30.6, 63.9, 125, 64.56, 87.89, , , , , 
1/30/2020 9:09:46 PM, 3290.75, 9224.75, 1649.5, 327.68, 222.6, 163.93, 323.87, 172.78, 245.81, 98.02, 30.6, 63.9, 125, 64.56, 87.89, , , , , 
1/30/2020 9:09:49 PM, 3290.75, 9224.75, 1649.5, 327.68, 222.6, 163.93, 323.87, 172.78, 245.81, 98.02, 30.6, 63.9, 125, 64.56, 87.89, , , , , 
1/30/2020 9:09:52 PM, 3290.75, 9224.5, 1649.1, 327.68, 222.6, 163.93, 323.87, 172.78, 245.81, 98.02, 30.6, 63.9, 125, 64.56, 87.89, , , , , 
1/30/2020 9:09:55 PM, 3290.75, 9224.5, 1649.1, 327.68, 222.6, 163.93, 323.87, 172.78, 245.81, 98.02, 30.6, 63.9, 125, 64.56, 87.89, , , , , 
1/30/2020 9:09:58 PM, 3290.75, 9225.25, 1649.1, 327.68, 222.6, 163.93, 323.87, 172.78, 245.81, 98.02, 30.6, 63.9, 125, 64.56, 87.89, , , , , 
1/30/2020 9:10:01 PM, 3290.75, 9225.25, 1649.1, 327.68, 222.6, 163.93, 323.87, 172.78, 245.81, 98.02, 30.6, 63.9, 125, 64.56, 87.89, , , , , 
1/30/2020 9:10:04 PM, 3291, 9227, 1649.1, 327.68, 222.6, 163.93, 323.87, 172.78, 245.81, 98.02, 30.6, 63.9, 125, 64.56, 87.89, , , , , 
1/30/2020 9:10:08 PM, 3291, 9227, 1649.1, 327.68, 222.6, 163.93, 323.87, 172.78, 245.81, 98.02, 30.6, 63.9, 125, 64.56, 87.89, , , , , 
1/30/2020 9:10:11 PM, 3291, 9226.75, 1649.1, 327.68, 222.6, 163.93, 323.87, 172.78, 245.81, 98.02, 30.6, 63.9, 125, 64.56, 87.89, , , , , 
1/30/2020 9:10:14 PM, 3291, 9227, 1649.1, 327.68, 222.6, 163.93, 323.87, 172.78, 245.81, 98.02, 30.6, 63.9, 125, 64.56, 87.89, , , , , 
1/30/2020 9:10:17 PM, 3291.25, 9227, 1649.1, 327.68, 222.6, 163.93, 323.87, 172.78, 245.81, 98.02, 30.6, 63.9, 125, 64.56, 87.89, , , , , 
1/30/2020 9:10:20 PM, 3291.25, 9226.75, 1649.6, 327.68, 222.6, 163.93, 323.87, 172.78, 245.81, 98.02, 30.6, 63.9, 125, 64.56, 87.89, , , , , 
1/30/2020 9:10:23 PM, 3291.25, 9226.75, 1649.6, 327.68, 222.6, 163.93, 323.87, 172.78, 245.81, 98.02, 30.6, 63.9, 125, 64.56, 87.89, , , , , 
1/30/2020 9:10:26 PM, 3291.25, 9226.75, 1649.6, 327.68, 222.6, 163.93, 323.87, 172.78, 245.81, 98.02, 30.6, 63.9, 125, 64.56, 87.89, , , , , 
1/30/2020 9:10:29 PM, 3291.25, 9227, 1649.6, 327.68, 222.6, 163.93, 323.87, 172.78, 245.81, 98.02, 30.6, 63.9, 125, 64.56, 87.89, , , , , 
1/30/2020 9:10:32 PM, 3291.5, 9227.5, 1649.7, 327.68, 222.6, 163.93, 323.87, 172.78, 245.81, 98.02, 30.6, 63.9, 125, 64.56, 87.89, , , , , 
1/30/2020 9:10:35 PM, 3291.5, 9227.75, 1649.7, 327.68, 222.6, 163.93, 323.87, 172.78, 245.81, 98.02, 30.6, 63.9, 125, 64.56, 87.89, , , , , 
1/30/2020 9:10:38 PM, 3291.5, 9227.25, 1649.7, 327.68, 222.6, 163.93, 323.87, 172.78, 245.81, 98.02, 30.6, 63.9, 125, 64.56, 87.89, , , , , 
1/30/2020 9:10:41 PM, 3291.75, 9228.5, 1649.8, 327.68, 222.6, 163.93, 323.87, 172.78, 245.81, 98.02, 30.6, 63.9, 125, 64.56, 87.89, , , , , 
1/30/2020 9:10:44 PM, 3291.75, 9228.5, 1649.9, 327.68, 222.6, 163.93, 323.87, 172.78, 245.81, 98.02, 30.6, 63.9, 125, 64.56, 87.89, , , , , 
1/30/2020 9:10:47 PM, 3291.75, 9228.5, 1649.9, 327.68, 222.6, 163.93, 323.87, 172.78, 245.81, 98.02, 30.6, 63.9, 125, 64.56, 87.89, , , , , 
1/30/2020 9:10:50 PM, 3291.75, 9228.5, 1649.9, 327.68, 222.6, 163.93, 323.87, 172.78, 245.81, 98.02, 30.6, 63.9, 125, 64.56, 87.89, , , , , 
1/30/2020 9:10:53 PM, 3291.75, 9228.25, 1649.9, 327.68, 222.6, 163.93, 323.87, 172.78, 245.81, 98.02, 30.6, 63.9, 125, 64.56, 87.89, , , , , 
1/30/2020 9:10:56 PM, 3291.75, 9228.25, 1649.9, 327.68, 222.6, 163.93, 323.87, 172.78, 245.81, 98.02, 30.6, 63.9, 125, 64.56, 87.89, , , , , 
1/30/2020 9:10:59 PM, 3291.75, 9228.75, 1650, 327.68, 222.6, 163.93, 323.87, 172.78, 245.81, 98.02, 30.6, 63.9, 125, 64.56, 87.89, , , , , 
1/30/2020 9:11:02 PM, 3292, 9229.5, 1650.2, 327.68, 222.6, 163.93, 323.87, 172.78, 245.81, 98.02, 30.6, 63.9, 125, 64.56, 87.89, , , , , 
1/30/2020 9:11:05 PM, 3292.25, 9231.25, 1650.3, 327.68, 222.6, 163.93, 323.87, 172.78, 245.81, 98.02, 30.6, 63.9, 125, 64.56, 87.89, , , , , 
1/30/2020 9:11:08 PM, 3292.5, 9231.5, 1650.4, 327.68, 222.6, 163.93, 323.87, 172.78, 245.81, 98.02, 30.6, 63.9, 125, 64.56, 87.89, , , , , 
1/30/2020 9:11:11 PM, 3292.5, 9231.25, 1650.3, 327.68, 222.6, 163.93, 323.87, 172.78, 245.81, 98.02, 30.6, 63.9, 125, 64.56, 87.89, , , , , 
1/30/2020 9:11:14 PM, 3292.5, 9231.5, 1650.3, 327.68, 222.6, 163.93, 323.87, 172.78, 245.81, 98.02, 30.6, 63.9, 125, 64.56, 87.89, , , , , 
1/30/2020 9:11:17 PM, 3292.5, 9232.25, 1650.4, 327.68, 222.6, 163.93, 323.87, 172.78, 245.81, 98.02, 30.6, 63.9, 125, 64.56, 87.89, , , , , 
1/30/2020 9:11:20 PM, 3292.5, 9232.25, 1650.4, 327.68, 222.6, 163.93, 323.87, 172.78, 245.81, 98.02, 30.6, 63.9, 125, 64.56, 87.89, , , , , 
1/30/2020 9:11:24 PM, 3292.25, 9231.5, 1650.4, 327.68, 222.6, 163.93, 323.87, 172.78, 245.81, 98.02, 30.6, 63.9, 125, 64.56, 87.89, , , , , 
1/30/2020 9:11:27 PM, 3292.25, 9231, 1650.4, 327.68, 222.6, 163.93, 323.87, 172.78, 245.81, 98.02, 30.6, 63.9, 125, 64.56, 87.89, , , , , 
1/30/2020 9:11:30 PM, 3292.5, 9231, 1650.4, 327.68, 222.6, 163.93, 323.87, 172.78, 245.81, 98.02, 30.6, 63.9, 125, 64.56, 87.89, , , , , 
1/30/2020 9:11:33 PM, 3292.5, 9231.5, 1650.4, 327.68, 222.6, 163.93, 323.87, 172.78, 245.81, 98.02, 30.6, 63.9, 125, 64.56, 87.89, , , , , 
1/30/2020 9:11:36 PM, 3292.5, 9231, 1650.4, 327.68, 222.6, 163.93, 323.87, 172.78, 245.81, 98.02, 30.6, 63.9, 125, 64.56, 87.89, , , , , 
1/30/2020 9:11:39 PM, 3292.5, 9231.5, 1650.3, 327.68, 222.6, 163.93, 323.87, 172.78, 245.81, 98.02, 30.6, 63.9, 125, 64.56, 87.89, , , , , 
1/30/2020 9:11:42 PM, 3292.5, 9231.75, 1650.3, 327.68, 222.6, 163.93, 323.87, 172.78, 245.81, 98.02, 30.6, 63.9, 125, 64.56, 87.89, , , , , 
1/30/2020 9:11:45 PM, 3292.5, 9231.25, 1650.3, 327.68, 222.6, 163.93, 323.87, 172.78, 245.81, 98.02, 30.6, 63.9, 125, 64.56, 87.89, , , , , 
1/30/2020 9:11:48 PM, 3292.5, 9231, 1650.3, 327.68, 222.6, 163.93, 323.87, 172.78, 245.81, 98.02, 30.6, 63.9, 125, 64.56, 87.89, , , , , 
1/30/2020 9:11:51 PM, 3292.25, 9231, 1650.3, 327.68, 222.6, 163.93, 323.87, 172.78, 245.81, 98.02, 30.6, 63.9, 125, 64.56, 87.89, , , , , 
1/30/2020 9:11:54 PM, 3292.25, 9230.75, 1650.3, 327.68, 222.6, 163.93, 323.87, 172.78, 245.81, 98.02, 30.6, 63.9, 125, 64.56, 87.89, , , , , 
1/30/2020 9:11:57 PM, 3292.5, 9230.75, 1650.2, 327.68, 222.6, 163.93, 323.87, 172.78, 245.81, 98.02, 30.6, 63.9, 125, 64.56, 87.89, , , , , 
1/30/2020 9:12:00 PM, 3292.5, 9231, 1650.2, 327.68, 222.6, 163.93, 323.87, 172.78, 245.81, 98.02, 30.6, 63.9, 125, 64.56, 87.89, , , , , 
1/30/2020 9:12:03 PM, 3292.5, 9231.25, 1650.2, 327.68, 222.6, 163.93, 323.87, 172.78, 245.81, 98.02, 30.6, 63.9, 125, 64.56, 87.89, , , , , 
1/30/2020 9:12:06 PM, 3292.25, 9231, 1650.2, 327.68, 222.6, 163.93, 323.87, 172.78, 245.81, 98.02, 30.6, 63.9, 125, 64.56, 87.89, , , , , 
1/30/2020 9:12:09 PM, 3292.5, 9231.25, 1650.2, 327.68, 222.6, 163.93, 323.87, 172.78, 245.81, 98.02, 30.6, 63.9, 125, 64.56, 87.89, , , , , 
1/30/2020 9:12:12 PM, 3292.5, 9231.25, 1650.2, 327.68, 222.6, 163.93, 323.87, 172.78, 245.81, 98.02, 30.6, 63.9, 125, 64.56, 87.89, , , , , 
1/30/2020 9:12:15 PM, 3292.5, 9231.75, 1650.2, 327.68, 222.6, 163.93, 323.87, 172.78, 245.81, 98.02, 30.6, 63.9, 125, 64.56, 87.89, , , , , 
1/30/2020 9:12:18 PM, 3292.25, 9231, 1650.2, 327.68, 222.6, 163.93, 323.87, 172.78, 245.81, 98.02, 30.6, 63.9, 125, 64.56, 87.89, , , , , 
1/30/2020 9:12:21 PM, 3292.25, 9230.75, 1650.1, 327.68, 222.6, 163.93, 323.87, 172.78, 245.81, 98.02, 30.6, 63.9, 125, 64.56, 87.89, , , , , 
1/30/2020 9:12:24 PM, 3292.25, 9230.25, 1650.1, 327.68, 222.6, 163.93, 323.87, 172.78, 245.81, 98.02, 30.6, 63.9, 125, 64.56, 87.89, , , , , 
1/30/2020 9:12:27 PM, 3292.25, 9230.5, 1650.1, 327.68, 222.6, 163.93, 323.87, 172.78, 245.81, 98.02, 30.6, 63.9, 125, 64.56, 87.89, , , , , 
1/30/2020 9:12:30 PM, 3292.25, 9229.5, 1650.1, 327.68, 222.6, 163.93, 323.87, 172.78, 245.81, 98.02, 30.6, 63.9, 125, 64.56, 87.89, , , , , 
1/30/2020 9:12:33 PM, 3292, 9229.25, 1650.1, 327.68, 222.6, 163.93, 323.87, 172.78, 245.81, 98.02, 30.6, 63.9, 125, 64.56, 87.89, , , , , 
1/30/2020 9:12:36 PM, 3291.75, 9228.75, 1650.1, 327.68, 222.6, 163.93, 323.87, 172.78, 245.81, 98.02, 30.6, 63.9, 125, 64.56, 87.89, , , , , 
1/30/2020 9:12:40 PM, 3291.75, 9229, 1650.1, 327.68, 222.6, 163.93, 323.87, 172.78, 245.81, 98.02, 30.6, 63.9, 125, 64.56, 87.89, , , , , 
1/30/2020 9:12:43 PM, 3292, 9230, 1650.1, 327.68, 222.6, 163.93, 323.87, 172.78, 245.81, 98.02, 30.6, 63.9, 125, 64.56, 87.89, , , , , 
1/30/2020 9:12:46 PM, 3292, 9229.5, 1650.1, 327.68, 222.6, 163.93, 323.87, 172.78, 245.81, 98.02, 30.6, 63.9, 125, 64.56, 87.89, , , , , 
1/30/2020 9:12:49 PM, 3292, 9229.25, 1650.1, 327.68, 222.6, 163.93, 323.87, 172.78, 245.81, 98.02, 30.6, 63.9, 125, 64.56, 87.89, , , , , 
1/30/2020 9:12:52 PM, 3292, 9229.25, 1650.1, 327.68, 222.6, 163.93, 323.87, 172.78, 245.81, 98.02, 30.6, 63.9, 125, 64.56, 87.89, , , , , 
1/30/2020 9:12:55 PM, 3292, 9230, 1650.1, 327.68, 222.6, 163.93, 323.87, 172.78, 245.81, 98.02, 30.6, 63.9, 125, 64.56, 87.89, , , , , 
1/30/2020 9:12:58 PM, 3292, 9230, 1650.1, 327.68, 222.6, 163.93, 323.87, 172.78, 245.81, 98.02, 30.6, 63.9, 125, 64.56, 87.89, , , , , 
1/30/2020 9:13:01 PM, 3292, 9230, 1650.1, 327.68, 222.6, 163.93, 323.87, 172.78, 245.81, 98.02, 30.6, 63.9, 125, 64.56, 87.89, , , , , 
1/30/2020 9:13:04 PM, 3292.5, 9231.5, 1650.1, 327.68, 222.6, 163.93, 323.87, 172.78, 245.81, 98.02, 30.6, 63.9, 125, 64.56, 87.89, , , , , 
1/30/2020 9:13:07 PM, 3292, 9230.25, 1650.1, 327.68, 222.6, 163.93, 323.87, 172.78, 245.81, 98.02, 30.6, 63.9, 125, 64.56, 87.89, , , , , 
1/30/2020 9:13:10 PM, 3292, 9229.25, 1650.1, 327.68, 222.6, 163.93, 323.87, 172.78, 245.81, 98.02, 30.6, 63.9, 125, 64.56, 87.89, , , , , 
1/30/2020 9:13:13 PM, 3292, 9229.25, 1650.1, 327.68, 222.6, 163.93, 323.87, 172.78, 245.81, 98.02, 30.6, 63.9, 125, 64.56, 87.89, , , , , 
1/30/2020 9:13:16 PM, 3292, 9229.5, 1650.1, 327.68, 222.6, 163.93, 323.87, 172.78, 245.81, 98.02, 30.6, 63.9, 125, 64.56, 87.89, , , , , 
1/30/2020 9:13:19 PM, 3292, 9229.5, 1650.1, 327.68, 222.6, 163.93, 323.87, 172.78, 245.81, 98.02, 30.6, 63.9, 125, 64.56, 87.89, , , , , 
1/30/2020 9:13:22 PM, 3292.25, 9229.25, 1650.1, 327.68, 222.6, 163.93, 323.87, 172.78, 245.81, 98.02, 30.6, 63.9, 125, 64.56, 87.89, , , , , 
1/30/2020 9:13:25 PM, 3292, 9229.25, 1650.1, 327.68, 222.6, 163.93, 323.87, 172.78, 245.81, 98.02, 30.6, 63.9, 125, 64.56, 87.89, , , , , 
1/30/2020 9:13:28 PM, 3292, 9229, 1650, 327.68, 222.6, 163.93, 323.87, 172.78, 245.81, 98.02, 30.6, 63.9, 125, 64.56, 87.89, , , , , 
1/30/2020 9:13:31 PM, 3292, 9228.75, 1650, 327.68, 222.6, 163.93, 323.87, 172.78, 245.81, 98.02, 30.6, 63.9, 125, 64.56, 87.89, , , , , 
1/30/2020 9:13:34 PM, 3292, 9228.75, 1650, 327.68, 222.6, 163.93, 323.87, 172.78, 245.81, 98.02, 30.6, 63.9, 125, 64.56, 87.89, , , , , 
1/30/2020 9:13:37 PM, 3291.75, 9228.25, 1650, 327.68, 222.6, 163.93, 323.87, 172.78, 245.81, 98.02, 30.6, 63.9, 125, 64.56, 87.89, , , , , 
1/30/2020 9:13:40 PM, 3292, 9229.5, 1650, 327.68, 222.6, 163.93, 323.87, 172.78, 245.81, 98.02, 30.6, 63.9, 125, 64.56, 87.89, , , , , 
1/30/2020 9:13:43 PM, 3292, 9229, 1650, 327.68, 222.6, 163.93, 323.87, 172.78, 245.81, 98.02, 30.6, 63.9, 125, 64.56, 87.89, , , , , 
1/30/2020 9:13:46 PM, 3292, 9229.25, 1650, 327.68, 222.6, 163.93, 323.87, 172.78, 245.81, 98.02, 30.6, 63.9, 125, 64.56, 87.89, , , , , 
1/30/2020 9:13:49 PM, 3292, 9229, 1650, 327.68, 222.6, 163.93, 323.87, 172.78, 245.81, 98.02, 30.6, 63.9, 125, 64.56, 87.89, , , , , 
1/30/2020 9:13:52 PM, 3292, 9229, 1650, 327.68, 222.6, 163.93, 323.87, 172.78, 245.81, 98.02, 30.6, 63.9, 125, 64.56, 87.89, , , , , 
1/30/2020 9:13:55 PM, 3291.75, 9228.75, 1650, 327.68, 222.6, 163.93, 323.87, 172.78, 245.81, 98.02, 30.6, 63.9, 125, 64.56, 87.89, , , , , 
1/30/2020 9:13:58 PM, 3291.75, 9229.25, 1650, 327.68, 222.6, 163.93, 323.87, 172.78, 245.81, 98.02, 30.6, 63.9, 125, 64.56, 87.89, , , , , 
1/30/2020 9:14:01 PM, 3292, 9229.25, 1650, 327.68, 222.6, 163.93, 323.87, 172.78, 245.81, 98.02, 30.6, 63.9, 125, 64.56, 87.89, , , , , 
1/30/2020 9:14:04 PM, 3292, 9229.25, 1650, 327.68, 222.6, 163.93, 323.87, 172.78, 245.81, 98.02, 30.6, 63.9, 125, 64.56, 87.89, , , , , 
1/30/2020 9:14:08 PM, 3292, 9229.5, 1650, 327.68, 222.6, 163.93, 323.87, 172.78, 245.81, 98.02, 30.6, 63.9, 125, 64.56, 87.89, , , , , 
1/30/2020 9:14:11 PM, 3292, 9229, 1650, 327.68, 222.6, 163.93, 323.87, 172.78, 245.81, 98.02, 30.6, 63.9, 125, 64.56, 87.89, , , , , 
1/30/2020 9:14:14 PM, 3292.25, 9229.5, 1650, 327.68, 222.6, 163.93, 323.87, 172.78, 245.81, 98.02, 30.6, 63.9, 125, 64.56, 87.89, , , , , 
1/30/2020 9:14:17 PM, 3292.25, 9229.5, 1650, 327.68, 222.6, 163.93, 323.87, 172.78, 245.81, 98.02, 30.6, 63.9, 125, 64.56, 87.89, , , , , 
1/30/2020 9:14:20 PM, 3292, 9228.5, 1649.9, 327.68, 222.6, 163.93, 323.87, 172.78, 245.81, 98.02, 30.6, 63.9, 125, 64.56, 87.89, , , , , 
1/30/2020 9:14:23 PM, 3292, 9228.5, 1649.9, 327.68, 222.6, 163.93, 323.87, 172.78, 245.81, 98.02, 30.6, 63.9, 125, 64.56, 87.89, , , , , 
1/30/2020 9:14:26 PM, 3291.75, 9228.25, 1649.9, 327.68, 222.6, 163.93, 323.87, 172.78, 245.81, 98.02, 30.6, 63.9, 125, 64.56, 87.89, , , , , 
1/30/2020 9:14:29 PM, 3291.75, 9228.5, 1649.9, 327.68, 222.6, 163.93, 323.87, 172.78, 245.81, 98.02, 30.6, 63.9, 125, 64.56, 87.89, , , , , 
1/30/2020 9:14:32 PM, 3291.75, 9228, 1649.9, 327.68, 222.6, 163.93, 323.87, 172.78, 245.81, 98.02, 30.6, 63.9, 125, 64.56, 87.89, , , , , 
1/30/2020 9:14:35 PM, 3291.75, 9227.25, 1649.9, 327.68, 222.6, 163.93, 323.87, 172.78, 245.81, 98.02, 30.6, 63.9, 125, 64.56, 87.89, , , , , 
1/30/2020 9:14:38 PM, 3291, 9226.5, 1649.5, 327.68, 222.6, 163.93, 323.87, 172.78, 245.81, 98.02, 30.6, 63.9, 125, 64.56, 87.89, , , , , 
1/30/2020 9:14:41 PM, 3291.25, 9227, 1649.5, 327.68, 222.6, 163.93, 323.87, 172.78, 245.81, 98.02, 30.6, 63.9, 125, 64.56, 87.89, , , , , 
1/30/2020 9:14:44 PM, 3291.25, 9226.5, 1649.5, 327.68, 222.6, 163.93, 323.87, 172.78, 245.81, 98.02, 30.6, 63.9, 125, 64.56, 87.89, , , , , 
1/30/2020 9:14:47 PM, 3291.25, 9226.25, 1649.4, 327.68, 222.6, 163.93, 323.87, 172.78, 245.81, 98.02, 30.6, 63.9, 125, 64.56, 87.89, , , , , 
1/30/2020 9:14:50 PM, 3291.25, 9226.75, 1649.4, 327.68, 222.6, 163.93, 323.87, 172.78, 245.81, 98.02, 30.6, 63.9, 125, 64.56, 87.89, , , , , 
1/30/2020 9:14:53 PM, 3291.25, 9227.5, 1649.4, 327.68, 222.6, 163.93, 323.87, 172.78, 245.81, 98.02, 30.6, 63.9, 125, 64.56, 87.89, , , , , 
1/30/2020 9:14:56 PM, 3291.75, 9228.75, 1649.4, 327.68, 222.6, 163.93, 323.87, 172.78, 245.81, 98.02, 30.6, 63.9, 125, 64.56, 87.89, , , , , 
1/30/2020 9:14:59 PM, 3291.75, 9228.5, 1650.1, 327.68, 222.6, 163.93, 323.87, 172.78, 245.81, 98.02, 30.6, 63.9, 125, 64.56, 87.89, , , , , 
1/30/2020 9:15:02 PM, 3292, 9228.5, 1650.1, 327.68, 222.6, 163.93, 323.87, 172.78, 245.81, 98.02, 30.6, 63.9, 125, 64.56, 87.89, , , , , 
1/30/2020 9:15:05 PM, 3292, 9228.5, 1650.1, 327.68, 222.6, 163.93, 323.87, 172.78, 245.81, 98.02, 30.6, 63.9, 125, 64.56, 87.89, , , , , 
1/30/2020 9:15:08 PM, 3291.75, 9228.75, 1650.1, 327.68, 222.6, 163.93, 323.87, 172.78, 245.81, 98.02, 30.6, 63.9, 125, 64.56, 87.89, , , , , 
1/30/2020 9:15:11 PM, 3291.5, 9228, 1650.1, 327.68, 222.6, 163.93, 323.87, 172.78, 245.81, 98.02, 30.6, 63.9, 125, 64.56, 87.89, , , , , 
1/30/2020 9:15:14 PM, 3291.5, 9228.25, 1649.9, 327.68, 222.6, 163.93, 323.87, 172.78, 245.81, 98.02, 30.6, 63.9, 125, 64.56, 87.89, , , , , 
1/30/2020 9:15:17 PM, 3291.75, 9228.5, 1650, 327.68, 222.6, 163.93, 323.87, 172.78, 245.81, 98.02, 30.6, 63.9, 125, 64.56, 87.89, , , , , 
1/30/2020 9:15:21 PM, 3291.75, 9228.25, 1650, 327.68, 222.6, 163.93, 323.87, 172.78, 245.81, 98.02, 30.6, 63.9, 125, 64.56, 87.89, , , , , 
1/30/2020 9:15:24 PM, 3291.75, 9229, 1650.1, 327.68, 222.6, 163.93, 323.87, 172.78, 245.81, 98.02, 30.6, 63.9, 125, 64.56, 87.89, , , , , 
1/30/2020 9:15:27 PM, 3292, 9229.25, 1650.1, 327.68, 222.6, 163.93, 323.87, 172.78, 245.81, 98.02, 30.6, 63.9, 125, 64.56, 87.89, , , , , 
1/30/2020 9:15:30 PM, 3292.5, 9231.25, 1650.5, 327.68, 222.6, 163.93, 323.87, 172.78, 245.81, 98.02, 30.6, 63.9, 125, 64.56, 87.89, , , , , 
1/30/2020 9:15:33 PM, 3292.5, 9231, 1650.5, 327.68, 222.6, 163.93, 323.87, 172.78, 245.81, 98.02, 30.6, 63.9, 125, 64.56, 87.89, , , , , 
1/30/2020 9:15:36 PM, 3292.25, 9231, 1650.5, 327.68, 222.6, 163.93, 323.87, 172.78, 245.81, 98.02, 30.6, 63.9, 125, 64.56, 87.89, , , , , 
1/30/2020 9:15:39 PM, 3292, 9229.25, 1650.2, 327.68, 222.6, 163.93, 323.87, 172.78, 245.81, 98.02, 30.6, 63.9, 125, 64.56, 87.89, , , , , 
1/30/2020 9:15:42 PM, 3292, 9229.5, 1650.2, 327.68, 222.6, 163.93, 323.87, 172.78, 245.81, 98.02, 30.6, 63.9, 125, 64.56, 87.89, , , , , 
1/30/2020 9:15:45 PM, 3292.25, 9230.25, 1650.2, 327.68, 222.6, 163.93, 323.87, 172.78, 245.81, 98.02, 30.6, 63.9, 125, 64.56, 87.89, , , , , 
1/30/2020 9:15:48 PM, 3292.5, 9231, 1650.3, 327.68, 222.6, 163.93, 323.87, 172.78, 245.81, 98.02, 30.6, 63.9, 125, 64.56, 87.89, , , , , 
1/30/2020 9:15:51 PM, 3292.5, 9231, 1650.3, 327.68, 222.6, 163.93, 323.87, 172.78, 245.81, 98.02, 30.6, 63.9, 125, 64.56, 87.89, , , , , 
1/30/2020 9:15:54 PM, 3292.5, 9231, 1650.4, 327.68, 222.6, 163.93, 323.87, 172.78, 245.81, 98.02, 30.6, 63.9, 125, 64.56, 87.89, , , , , 
1/30/2020 9:15:57 PM, 3292.5, 9230.5, 1650.4, 327.68, 222.6, 163.93, 323.87, 172.78, 245.81, 98.02, 30.6, 63.9, 125, 64.56, 87.89, , , , , 
1/30/2020 9:16:00 PM, 3292.25, 9231, 1650.4, 327.68, 222.6, 163.93, 323.87, 172.78, 245.81, 98.02, 30.6, 63.9, 125, 64.56, 87.89, , , , , 
1/30/2020 9:16:03 PM, 3292.25, 9230.75, 1650.4, 327.68, 222.6, 163.93, 323.87, 172.78, 245.81, 98.02, 30.6, 63.9, 125, 64.56, 87.89, , , , , 
1/30/2020 9:16:06 PM, 3292.5, 9230.75, 1650.4, 327.68, 222.6, 163.93, 323.87, 172.78, 245.81, 98.02, 30.6, 63.9, 125, 64.56, 87.89, , , , , 
1/30/2020 9:16:09 PM, 3292.5, 9230.75, 1650.4, 327.68, 222.6, 163.93, 323.87, 172.78, 245.81, 98.02, 30.6, 63.9, 125, 64.56, 87.89, , , , , 
1/30/2020 9:16:12 PM, 3292.5, 9230.75, 1650.4, 327.68, 222.6, 163.93, 323.87, 172.78, 245.81, 98.02, 30.6, 63.9, 125, 64.56, 87.89, , , , , 
1/30/2020 9:16:15 PM, 3292.5, 9231.5, 1650.4, 327.68, 222.6, 163.93, 323.87, 172.78, 245.81, 98.02, 30.6, 63.9, 125, 64.56, 87.89, , , , , 
1/30/2020 9:16:18 PM, 3292.75, 9232.25, 1650.4, 327.68, 222.6, 163.93, 323.87, 172.78, 245.81, 98.02, 30.6, 63.9, 125, 64.56, 87.89, , , , , 
1/30/2020 9:16:21 PM, 3292.75, 9231.5, 1650.4, 327.68, 222.6, 163.93, 323.87, 172.78, 245.81, 98.02, 30.6, 63.9, 125, 64.56, 87.89, , , , , 
1/30/2020 9:16:24 PM, 3292.75, 9232.25, 1650.4, 327.68, 222.6, 163.93, 323.87, 172.78, 245.81, 98.02, 30.6, 63.9, 125, 64.56, 87.89, , , , , 
1/30/2020 9:16:28 PM, 3292.75, 9233, 1650.7, 327.68, 222.6, 163.93, 323.87, 172.78, 245.81, 98.02, 30.6, 63.9, 125, 64.56, 87.89, , , , , 
1/30/2020 9:16:31 PM, 3292.75, 9233, 1650.7, 327.68, 222.6, 163.93, 323.87, 172.78, 245.81, 98.02, 30.6, 63.9, 125, 64.56, 87.89, , , , , 
1/30/2020 9:16:34 PM, 3293, 9234.25, 1650.7, 327.68, 222.6, 163.93, 323.87, 172.78, 245.81, 98.02, 30.6, 63.9, 125, 64.56, 87.89, , , , , 
1/30/2020 9:16:37 PM, 3293, 9233.25, 1650.6, 327.68, 222.6, 163.93, 323.87, 172.78, 245.81, 98.02, 30.6, 63.9, 125, 64.56, 87.89, , , , , 
1/30/2020 9:16:40 PM, 3293.75, 9235, 1650.9, 327.68, 222.6, 163.93, 323.87, 172.78, 245.81, 98.02, 30.6, 63.9, 125, 64.56, 87.89, , , , , 
1/30/2020 9:16:43 PM, 3293.75, 9235, 1650.9, 327.68, 222.6, 163.93, 323.87, 172.78, 245.81, 98.02, 30.6, 63.9, 125, 64.56, 87.89, , , , , 
1/30/2020 9:16:46 PM, 3293.75, 9235.75, 1651.2, 327.68, 222.6, 163.93, 323.87, 172.78, 245.81, 98.02, 30.6, 63.9, 125, 64.56, 87.89, , , , , 
1/30/2020 9:16:49 PM, 3293.75, 9235.75, 1651.2, 327.68, 222.6, 163.93, 323.87, 172.78, 245.81, 98.02, 30.6, 63.9, 125, 64.56, 87.89, , , , , 
1/30/2020 9:16:52 PM, 3294.25, 9236.75, 1651.3, 327.68, 222.6, 163.93, 323.87, 172.78, 245.81, 98.02, 30.6, 63.9, 125, 64.56, 87.89, , , , , 
1/30/2020 9:16:55 PM, 3294.25, 9236.75, 1651.3, 327.68, 222.6, 163.93, 323.87, 172.78, 245.81, 98.02, 30.6, 63.9, 125, 64.56, 87.89, , , , , 
1/30/2020 9:16:58 PM, 3294.5, 9237.25, 1651.3, 327.68, 222.6, 163.93, 323.87, 172.78, 245.81, 98.02, 30.6, 63.9, 125, 64.56, 87.89, , , , , 
1/30/2020 9:17:01 PM, 3294, 9236, 1651.3, 327.68, 222.6, 163.93, 323.87, 172.78, 245.81, 98.02, 30.6, 63.9, 125, 64.56, 87.89, , , , , 
1/30/2020 9:17:04 PM, 3294.25, 9236.5, 1651.3, 327.68, 222.6, 163.93, 323.87, 172.78, 245.81, 98.02, 30.6, 63.9, 125, 64.56, 87.89, , , , , 
1/30/2020 9:17:07 PM, 3294, 9235.25, 1651.3, 327.68, 222.6, 163.93, 323.87, 172.78, 245.81, 98.02, 30.6, 63.9, 125, 64.56, 87.89, , , , , 
1/30/2020 9:17:10 PM, 3294, 9235.75, 1651.1, 327.68, 222.6, 163.93, 323.87, 172.78, 245.81, 98.02, 30.6, 63.9, 125, 64.56, 87.89, , , , , 
1/30/2020 9:17:13 PM, 3294, 9235.75, 1651.1, 327.68, 222.6, 163.93, 323.87, 172.78, 245.81, 98.02, 30.6, 63.9, 125, 64.56, 87.89, , , , , 
1/30/2020 9:17:16 PM, 3294, 9235.75, 1651.1, 327.68, 222.6, 163.93, 323.87, 172.78, 245.81, 98.02, 30.6, 63.9, 125, 64.56, 87.89, , , , , 
1/30/2020 9:17:19 PM, 3294, 9235.75, 1651.1, 327.68, 222.6, 163.93, 323.87, 172.78, 245.81, 98.02, 30.6, 63.9, 125, 64.56, 87.89, , , , , 
1/30/2020 9:17:22 PM, 3294.25, 9236.5, 1651.1, 327.68, 222.6, 163.93, 323.87, 172.78, 245.81, 98.02, 30.6, 63.9, 125, 64.56, 87.89, , , , , 
1/30/2020 9:17:25 PM, 3294.25, 9236.5, 1651.1, 327.68, 222.6, 163.93, 323.87, 172.78, 245.81, 98.02, 30.6, 63.9, 125, 64.56, 87.89, , , , , 
1/30/2020 9:17:28 PM, 3294, 9235.5, 1651.1, 327.68, 222.6, 163.93, 323.87, 172.78, 245.81, 98.02, 30.6, 63.9, 125, 64.56, 87.89, , , , , 
1/30/2020 9:17:31 PM, 3294, 9235.5, 1651.1, 327.68, 222.6, 163.93, 323.87, 172.78, 245.81, 98.02, 30.6, 63.9, 125, 64.56, 87.89, , , , , 
1/30/2020 9:17:34 PM, 3294, 9235.75, 1651.1, 327.68, 222.6, 163.93, 323.87, 172.78, 245.81, 98.02, 30.6, 63.9, 125, 64.56, 87.89, , , , , 
1/30/2020 9:17:37 PM, 3294, 9235.75, 1651.1, 327.68, 222.6, 163.93, 323.87, 172.78, 245.81, 98.02, 30.6, 63.9, 125, 64.56, 87.89, , , , , 
1/30/2020 9:17:40 PM, 3293.75, 9235.25, 1651.1, 327.68, 222.6, 163.93, 323.87, 172.78, 245.81, 98.02, 30.6, 63.9, 125, 64.56, 87.89, , , , , 
1/30/2020 9:17:43 PM, 3293.75, 9235.25, 1651.1, 327.68, 222.6, 163.93, 323.87, 172.78, 245.81, 98.02, 30.6, 63.9, 125, 64.56, 87.89, , , , , 
1/30/2020 9:17:46 PM, 3293.75, 9235.5, 1651.1, 327.68, 222.6, 163.93, 323.87, 172.78, 245.81, 98.02, 30.6, 63.9, 125, 64.56, 87.89, , , , , 
1/30/2020 9:17:50 PM, 3293.75, 9235.5, 1651.1, 327.68, 222.6, 163.93, 323.87, 172.78, 245.81, 98.02, 30.6, 63.9, 125, 64.56, 87.89, , , , , 
1/30/2020 9:17:53 PM, 3293.75, 9235.5, 1651.1, 327.68, 222.6, 163.93, 323.87, 172.78, 245.81, 98.02, 30.6, 63.9, 125, 64.56, 87.89, , , , , 
1/30/2020 9:17:56 PM, 3293.75, 9235.5, 1651.1, 327.68, 222.6, 163.93, 323.87, 172.78, 245.81, 98.02, 30.6, 63.9, 125, 64.56, 87.89, , , , , 
1/30/2020 9:17:59 PM, 3294, 9236, 1651.1, 327.68, 222.6, 163.93, 323.87, 172.78, 245.81, 98.02, 30.6, 63.9, 125, 64.56, 87.89, , , , , 
1/30/2020 9:18:02 PM, 3294, 9235.5, 1651.1, 327.68, 222.6, 163.93, 323.87, 172.78, 245.81, 98.02, 30.6, 63.9, 125, 64.56, 87.89, , , , , 
1/30/2020 9:18:05 PM, 3294, 9235.5, 1651.1, 327.68, 222.6, 163.93, 323.87, 172.78, 245.81, 98.02, 30.6, 63.9, 125, 64.56, 87.89, , , , , 
1/30/2020 9:18:08 PM, 3294, 9235.5, 1651.1, 327.68, 222.6, 163.93, 323.87, 172.78, 245.81, 98.02, 30.6, 63.9, 125, 64.56, 87.89, , , , , 
1/30/2020 9:18:11 PM, 3294, 9236, 1651.2, 327.68, 222.6, 163.93, 323.87, 172.78, 245.81, 98.02, 30.6, 63.9, 125, 64.56, 87.89, , , , , 
1/30/2020 9:18:14 PM, 3294, 9236, 1651.2, 327.68, 222.6, 163.93, 323.87, 172.78, 245.81, 98.02, 30.6, 63.9, 125, 64.56, 87.89, , , , , 
1/30/2020 9:18:17 PM, 3294, 9236.75, 1651.3, 327.68, 222.6, 163.93, 323.87, 172.78, 245.81, 98.02, 30.6, 63.9, 125, 64.56, 87.89, , , , , 
1/30/2020 9:18:20 PM, 3294.25, 9236.25, 1651.3, 327.68, 222.6, 163.93, 323.87, 172.78, 245.81, 98.02, 30.6, 63.9, 125, 64.56, 87.89, , , , , 
1/30/2020 9:18:23 PM, 3294, 9235.5, 1651.3, 327.68, 222.6, 163.93, 323.87, 172.78, 245.81, 98.02, 30.6, 63.9, 125, 64.56, 87.89, , , , , 
1/30/2020 9:18:26 PM, 3294, 9235.75, 1651.3, 327.68, 222.6, 163.93, 323.87, 172.78, 245.81, 98.02, 30.6, 63.9, 125, 64.56, 87.89, , , , , 
1/30/2020 9:18:29 PM, 3294, 9235.25, 1651.3, 327.68, 222.6, 163.93, 323.87, 172.78, 245.81, 98.02, 30.6, 63.9, 125, 64.56, 87.89, , , , , 
1/30/2020 9:18:32 PM, 3294, 9235.25, 1651.3, 327.68, 222.6, 163.93, 323.87, 172.78, 245.81, 98.02, 30.6, 63.9, 125, 64.56, 87.89, , , , , 
1/30/2020 9:18:35 PM, 3294.25, 9236.5, 1651.4, 327.68, 222.6, 163.93, 323.87, 172.78, 245.81, 98.02, 30.6, 63.9, 125, 64.56, 87.89, , , , , 
1/30/2020 9:18:38 PM, 3294.25, 9236.25, 1651.3, 327.68, 222.6, 163.93, 323.87, 172.78, 245.81, 98.02, 30.6, 63.9, 125, 64.56, 87.89, , , , , 
1/30/2020 9:18:41 PM, 3294, 9235.75, 1651.1, 327.68, 222.6, 163.93, 323.87, 172.78, 245.81, 98.02, 30.6, 63.9, 125, 64.56, 87.89, , , , , 
1/30/2020 9:18:44 PM, 3294, 9235.75, 1651.1, 327.68, 222.6, 163.93, 323.87, 172.78, 245.81, 98.02, 30.6, 63.9, 125, 64.56, 87.89, , , , , 
1/30/2020 9:18:47 PM, 3294, 9235.75, 1651.1, 327.68, 222.6, 163.93, 323.87, 172.78, 245.81, 98.02, 30.6, 63.9, 125, 64.56, 87.89, , , , , 
1/30/2020 9:18:50 PM, 3294, 9235.25, 1651, 327.68, 222.6, 163.93, 323.87, 172.78, 245.81, 98.02, 30.6, 63.9, 125, 64.56, 87.89, , , , , 
1/30/2020 9:18:53 PM, 3294, 9234.5, 1651, 327.68, 222.6, 163.93, 323.87, 172.78, 245.81, 98.02, 30.6, 63.9, 125, 64.56, 87.89, , , , , 
1/30/2020 9:18:56 PM, 3293.5, 9234.5, 1650.9, 327.68, 222.6, 163.93, 323.87, 172.78, 245.81, 98.02, 30.6, 63.9, 125, 64.56, 87.89, , , , , 
1/30/2020 9:18:59 PM, 3293.75, 9235.25, 1650.9, 327.68, 222.6, 163.93, 323.87, 172.78, 245.81, 98.02, 30.6, 63.9, 125, 64.56, 87.89, , , , , 
1/30/2020 9:19:02 PM, 3294, 9236, 1650.9, 327.68, 222.6, 163.93, 323.87, 172.78, 245.81, 98.02, 30.6, 63.9, 125, 64.56, 87.89, , , , , 
1/30/2020 9:19:05 PM, 3294.25, 9236.5, 1651.1, 327.68, 222.6, 163.93, 323.87, 172.78, 245.81, 98.02, 30.6, 63.9, 125, 64.56, 87.89, , , , , 
1/30/2020 9:19:08 PM, 3294, 9236.75, 1651.1, 327.68, 222.6, 163.93, 323.87, 172.78, 245.81, 98.02, 30.6, 63.9, 125, 64.56, 87.89, , , , , 
1/30/2020 9:19:12 PM, 3294, 9236, 1651.1, 327.68, 222.6, 163.93, 323.87, 172.78, 245.81, 98.02, 30.6, 63.9, 125, 64.56, 87.89, , , , , 
1/30/2020 9:19:15 PM, 3294, 9236, 1651.1, 327.68, 222.6, 163.93, 323.87, 172.78, 245.81, 98.02, 30.6, 63.9, 125, 64.56, 87.89, , , , , 
1/30/2020 9:19:18 PM, 3294, 9235.75, 1651.1, 327.68, 222.6, 163.93, 323.87, 172.78, 245.81, 98.02, 30.6, 63.9, 125, 64.56, 87.89, , , , , 
1/30/2020 9:19:21 PM, 3294, 9235.75, 1651.1, 327.68, 222.6, 163.93, 323.87, 172.78, 245.81, 98.02, 30.6, 63.9, 125, 64.56, 87.89, , , , , 
1/30/2020 9:19:24 PM, 3294.25, 9236.25, 1651.1, 327.68, 222.6, 163.93, 323.87, 172.78, 245.81, 98.02, 30.6, 63.9, 125, 64.56, 87.89, , , , , 
1/30/2020 9:19:27 PM, 3294.25, 9236, 1651.1, 327.68, 222.6, 163.93, 323.87, 172.78, 245.81, 98.02, 30.6, 63.9, 125, 64.56, 87.89, , , , , 
1/30/2020 9:19:30 PM, 3294.25, 9236, 1651.2, 327.68, 222.6, 163.93, 323.87, 172.78, 245.81, 98.02, 30.6, 63.9, 125, 64.56, 87.89, , , , , 
1/30/2020 9:19:33 PM, 3294, 9235.5, 1651.2, 327.68, 222.6, 163.93, 323.87, 172.78, 245.81, 98.02, 30.6, 63.9, 125, 64.56, 87.89, , , , , 
1/30/2020 9:19:36 PM, 3294, 9235.25, 1651.2, 327.68, 222.6, 163.93, 323.87, 172.78, 245.81, 98.02, 30.6, 63.9, 125, 64.56, 87.89, , , , , 
1/30/2020 9:19:39 PM, 3294, 9235.25, 1651.1, 327.68, 222.6, 163.93, 323.87, 172.78, 245.81, 98.02, 30.6, 63.9, 125, 64.56, 87.89, , , , , 
1/30/2020 9:19:42 PM, 3294, 9235.5, 1651.1, 327.68, 222.6, 163.93, 323.87, 172.78, 245.81, 98.02, 30.6, 63.9, 125, 64.56, 87.89, , , , , 
1/30/2020 9:19:45 PM, 3294, 9235, 1651.1, 327.68, 222.6, 163.93, 323.87, 172.78, 245.81, 98.02, 30.6, 63.9, 125, 64.56, 87.89, , , , , 
1/30/2020 9:19:48 PM, 3294, 9235, 1651.1, 327.68, 222.6, 163.93, 323.87, 172.78, 245.81, 98.02, 30.6, 63.9, 125, 64.56, 87.89, , , , , 
1/30/2020 9:19:51 PM, 3294, 9235.25, 1651.1, 327.68, 222.6, 163.93, 323.87, 172.78, 245.81, 98.02, 30.6, 63.9, 125, 64.56, 87.89, , , , , 
1/30/2020 9:19:54 PM, 3294, 9235.25, 1651.1, 327.68, 222.6, 163.93, 323.87, 172.78, 245.81, 98.02, 30.6, 63.9, 125, 64.56, 87.89, , , , , 
1/30/2020 9:19:57 PM, 3294, 9235, 1651.1, 327.68, 222.6, 163.93, 323.87, 172.78, 245.81, 98.02, 30.6, 63.9, 125, 64.56, 87.89, , , , , 
1/30/2020 9:20:00 PM, 3294, 9235, 1651.1, 327.68, 222.6, 163.93, 323.87, 172.78, 245.81, 98.02, 30.6, 63.9, 125, 64.56, 87.89, , , , , 
1/30/2020 9:20:03 PM, 3294.25, 9235.75, 1651.1, 327.68, 222.6, 163.93, 323.87, 172.78, 245.81, 98.02, 30.6, 63.9, 125, 64.56, 87.89, , , , , 
1/30/2020 9:20:06 PM, 3294.25, 9236.25, 1651.1, 327.68, 222.6, 163.93, 323.87, 172.78, 245.81, 98.02, 30.6, 63.9, 125, 64.56, 87.89, , , , , 
1/30/2020 9:20:09 PM, 3294.25, 9236.25, 1651.1, 327.68, 222.6, 163.93, 323.87, 172.78, 245.81, 98.02, 30.6, 63.9, 125, 64.56, 87.89, , , , , 
1/30/2020 9:20:12 PM, 3294.25, 9235.25, 1651.1, 327.68, 222.6, 163.93, 323.87, 172.78, 245.81, 98.02, 30.6, 63.9, 125, 64.56, 87.89, , , , , 
1/30/2020 9:20:15 PM, 3294.25, 9235.75, 1651.1, 327.68, 222.6, 163.93, 323.87, 172.78, 245.81, 98.02, 30.6, 63.9, 125, 64.56, 87.89, , , , , 
1/30/2020 9:20:18 PM, 3294.25, 9235.75, 1651.1, 327.68, 222.6, 163.93, 323.87, 172.78, 245.81, 98.02, 30.6, 63.9, 125, 64.56, 87.89, , , , , 
1/30/2020 9:20:21 PM, 3294.25, 9236, 1651.1, 327.68, 222.6, 163.93, 323.87, 172.78, 245.81, 98.02, 30.6, 63.9, 125, 64.56, 87.89, , , , , 
1/30/2020 9:20:25 PM, 3294.25, 9235.5, 1651.1, 327.68, 222.6, 163.93, 323.87, 172.78, 245.81, 98.02, 30.6, 63.9, 125, 64.56, 87.89, , , , , 
1/30/2020 9:20:28 PM, 3294.25, 9235.5, 1651.1, 327.68, 222.6, 163.93, 323.87, 172.78, 245.81, 98.02, 30.6, 63.9, 125, 64.56, 87.89, , , , , 
1/30/2020 9:20:31 PM, 3294.25, 9235, 1651.1, 327.68, 222.6, 163.93, 323.87, 172.78, 245.81, 98.02, 30.6, 63.9, 125, 64.56, 87.89, , , , , 
1/30/2020 9:20:34 PM, 3294.25, 9235.25, 1651.1, 327.68, 222.6, 163.93, 323.87, 172.78, 245.81, 98.02, 30.6, 63.9, 125, 64.56, 87.89, , , , , 
1/30/2020 9:20:37 PM, 3294.25, 9235.5, 1651.1, 327.68, 222.6, 163.93, 323.87, 172.78, 245.81, 98.02, 30.6, 63.9, 125, 64.56, 87.89, , , , , 
1/30/2020 9:20:40 PM, 3294.5, 9235.5, 1651.1, 327.68, 222.6, 163.93, 323.87, 172.78, 245.81, 98.02, 30.6, 63.9, 125, 64.56, 87.89, , , , , 
1/30/2020 9:20:43 PM, 3294.25, 9235.75, 1651.2, 327.68, 222.6, 163.93, 323.87, 172.78, 245.81, 98.02, 30.6, 63.9, 125, 64.56, 87.89, , , , , 
1/30/2020 9:20:46 PM, 3294.25, 9235.75, 1651.2, 327.68, 222.6, 163.93, 323.87, 172.78, 245.81, 98.02, 30.6, 63.9, 125, 64.56, 87.89, , , , , 
1/30/2020 9:20:49 PM, 3294.25, 9235.75, 1651.2, 327.68, 222.6, 163.93, 323.87, 172.78, 245.81, 98.02, 30.6, 63.9, 125, 64.56, 87.89, , , , , 
1/30/2020 9:20:52 PM, 3294.75, 9237.25, 1651.4, 327.68, 222.6, 163.93, 323.87, 172.78, 245.81, 98.02, 30.6, 63.9, 125, 64.56, 87.89, , , , , 
1/30/2020 9:20:55 PM, 3295, 9237, 1651.5, 327.68, 222.6, 163.93, 323.87, 172.78, 245.81, 98.02, 30.6, 63.9, 125, 64.56, 87.89, , , , , 
1/30/2020 9:20:58 PM, 3294.75, 9237.5, 1651.5, 327.68, 222.6, 163.93, 323.87, 172.78, 245.81, 98.02, 30.6, 63.9, 125, 64.56, 87.89, , , , , 
1/30/2020 9:21:01 PM, 3294.75, 9237.25, 1651.2, 327.68, 222.6, 163.93, 323.87, 172.78, 245.81, 98.02, 30.6, 63.9, 125, 64.56, 87.89, , , , , 
1/30/2020 9:21:04 PM, 3294.5, 9237, 1651.2, 327.68, 222.6, 163.93, 323.87, 172.78, 245.81, 98.02, 30.6, 63.9, 125, 64.56, 87.89, , , , , 
1/30/2020 9:21:07 PM, 3294.5, 9237.25, 1651.2, 327.68, 222.6, 163.93, 323.87, 172.78, 245.81, 98.02, 30.6, 63.9, 125, 64.56, 87.89, , , , , 
1/30/2020 9:21:10 PM, 3294.5, 9237.25, 1651.2, 327.68, 222.6, 163.93, 323.87, 172.78, 245.81, 98.02, 30.6, 63.9, 125, 64.56, 87.89, , , , , 
1/30/2020 9:21:13 PM, 3294.75, 9236.75, 1651.2, 327.68, 222.6, 163.93, 323.87, 172.78, 245.81, 98.02, 30.6, 63.9, 125, 64.56, 87.89, , , , , 
1/30/2020 9:21:16 PM, 3294.75, 9237, 1651.2, 327.68, 222.6, 163.93, 323.87, 172.78, 245.81, 98.02, 30.6, 63.9, 125, 64.56, 87.89, , , , , 
1/30/2020 9:21:19 PM, 3294.75, 9237, 1651.2, 327.68, 222.6, 163.93, 323.87, 172.78, 245.81, 98.02, 30.6, 63.9, 125, 64.56, 87.89, , , , , 
1/30/2020 9:21:22 PM, 3294.5, 9237.5, 1651.2, 327.68, 222.6, 163.93, 323.87, 172.78, 245.81, 98.02, 30.6, 63.9, 125, 64.56, 87.89, , , , , 
1/30/2020 9:21:25 PM, 3294.5, 9237.5, 1651.2, 327.68, 222.6, 163.93, 323.87, 172.78, 245.81, 98.02, 30.6, 63.9, 125, 64.56, 87.89, , , , , 
1/30/2020 9:21:28 PM, 3294.75, 9238.25, 1651.2, 327.68, 222.6, 163.93, 323.87, 172.78, 245.81, 98.02, 30.6, 63.9, 125, 64.56, 87.89, , , , , 
1/30/2020 9:21:32 PM, 3294.75, 9238.25, 1651.2, 327.68, 222.6, 163.93, 323.87, 172.78, 245.81, 98.02, 30.6, 63.9, 125, 64.56, 87.89, , , , , 
1/30/2020 9:21:35 PM, 3295.25, 9239, 1651.6, 327.68, 222.6, 163.93, 323.87, 172.78, 245.81, 98.02, 30.6, 63.9, 125, 64.56, 87.89, , , , , 
1/30/2020 9:21:38 PM, 3295.25, 9239, 1651.6, 327.68, 222.6, 163.93, 323.87, 172.78, 245.81, 98.02, 30.6, 63.9, 125, 64.56, 87.89, , , , , 
1/30/2020 9:21:41 PM, 3295.5, 9240.5, 1651.6, 327.68, 222.6, 163.93, 323.87, 172.78, 245.81, 98.02, 30.6, 63.9, 125, 64.56, 87.89, , , , , 
1/30/2020 9:21:44 PM, 3295.5, 9240.5, 1651.6, 327.68, 222.6, 163.93, 323.87, 172.78, 245.81, 98.02, 30.6, 63.9, 125, 64.56, 87.89, , , , , 
1/30/2020 9:21:47 PM, 3295.75, 9240.5, 1651.8, 327.68, 222.6, 163.93, 323.87, 172.78, 245.81, 98.02, 30.6, 63.9, 125, 64.56, 87.89, , , , , 
1/30/2020 9:21:50 PM, 3295.75, 9240.5, 1651.8, 327.68, 222.6, 163.93, 323.87, 172.78, 245.81, 98.02, 30.6, 63.9, 125, 64.56, 87.89, , , , , 
1/30/2020 9:21:53 PM, 3295.25, 9239.75, 1651.7, 327.68, 222.6, 163.93, 323.87, 172.78, 245.81, 98.02, 30.6, 63.9, 125, 64.56, 87.89, , , , , 
1/30/2020 9:21:56 PM, 3295.25, 9239.75, 1651.7, 327.68, 222.6, 163.93, 323.87, 172.78, 245.81, 98.02, 30.6, 63.9, 125, 64.56, 87.89, , , , , 
1/30/2020 9:21:59 PM, 3295.5, 9239.5, 1651.7, 327.68, 222.6, 163.93, 323.87, 172.78, 245.81, 98.02, 30.6, 63.9, 125, 64.56, 87.89, , , , , 
1/30/2020 9:22:02 PM, 3295.5, 9239.5, 1651.7, 327.68, 222.6, 163.93, 323.87, 172.78, 245.81, 98.02, 30.6, 63.9, 125, 64.56, 87.89, , , , , 
1/30/2020 9:22:05 PM, 3295.25, 9239.5, 1651.7, 327.68, 222.6, 163.93, 323.87, 172.78, 245.81, 98.02, 30.6, 63.9, 125, 64.56, 87.89, , , , , 
1/30/2020 9:22:08 PM, 3295.25, 9239.5, 1651.7, 327.68, 222.6, 163.93, 323.87, 172.78, 245.81, 98.02, 30.6, 63.9, 125, 64.56, 87.89, , , , , 
1/30/2020 9:22:11 PM, 3295.75, 9240.75, 1651.7, 327.68, 222.6, 163.93, 323.87, 172.78, 245.81, 98.02, 30.6, 63.9, 125, 64.56, 87.89, , , , , 
1/30/2020 9:22:14 PM, 3295.75, 9240.75, 1651.7, 327.68, 222.6, 163.93, 323.87, 172.78, 245.81, 98.02, 30.6, 63.9, 125, 64.56, 87.89, , , , , 
1/30/2020 9:22:17 PM, 3296, 9241.5, 1652, 327.68, 222.6, 163.93, 323.87, 172.78, 245.81, 98.02, 30.6, 63.9, 125, 64.56, 87.89, , , , , 
1/30/2020 9:22:20 PM, 3296.25, 9243.5, 1652.2, 327.68, 222.6, 163.93, 323.87, 172.78, 245.81, 98.02, 30.6, 63.9, 125, 64.56, 87.89, , , , , 
1/30/2020 9:22:23 PM, 3296, 9242.5, 1652.2, 327.68, 222.6, 163.93, 323.87, 172.78, 245.81, 98.02, 30.6, 63.9, 125, 64.56, 87.89, , , , , 
1/30/2020 9:22:26 PM, 3296, 9242, 1652.2, 327.68, 222.6, 163.93, 323.87, 172.78, 245.81, 98.02, 30.6, 63.9, 125, 64.56, 87.89, , , , , 
1/30/2020 9:22:29 PM, 3296, 9242.5, 1652, 327.68, 222.6, 163.93, 323.87, 172.78, 245.81, 98.02, 30.6, 63.9, 125, 64.56, 87.89, , , , , 
1/30/2020 9:22:32 PM, 3296, 9242.25, 1652, 327.68, 222.6, 163.93, 323.87, 172.78, 245.81, 98.02, 30.6, 63.9, 125, 64.56, 87.89, , , , , 
1/30/2020 9:22:35 PM, 3296, 9242.25, 1652, 327.68, 222.6, 163.93, 323.87, 172.78, 245.81, 98.02, 30.6, 63.9, 125, 64.56, 87.89, , , , , 
1/30/2020 9:22:38 PM, 3295.75, 9241.75, 1651.9, 327.68, 222.6, 163.93, 323.87, 172.78, 245.81, 98.02, 30.6, 63.9, 125, 64.56, 87.89, , , , , 
1/30/2020 9:22:41 PM, 3295.75, 9241.75, 1651.9, 327.68, 222.6, 163.93, 323.87, 172.78, 245.81, 98.02, 30.6, 63.9, 125, 64.56, 87.89, , , , , 
1/30/2020 9:22:45 PM, 3295.75, 9242, 1651.9, 327.68, 222.6, 163.93, 323.87, 172.78, 245.81, 98.02, 30.6, 63.9, 125, 64.56, 87.89, , , , , 
1/30/2020 9:22:48 PM, 3296, 9242, 1652, 327.68, 222.6, 163.93, 323.87, 172.78, 245.81, 98.02, 30.6, 63.9, 125, 64.56, 87.89, , , , , 
1/30/2020 9:22:51 PM, 3296, 9242, 1652, 327.68, 222.6, 163.93, 323.87, 172.78, 245.81, 98.02, 30.6, 63.9, 125, 64.56, 87.89, , , , , 
1/30/2020 9:22:54 PM, 3296, 9242, 1652, 327.68, 222.6, 163.93, 323.87, 172.78, 245.81, 98.02, 30.6, 63.9, 125, 64.56, 87.89, , , , , 
1/30/2020 9:22:57 PM, 3296, 9242, 1652, 327.68, 222.6, 163.93, 323.87, 172.78, 245.81, 98.02, 30.6, 63.9, 125, 64.56, 87.89, , , , , 
1/30/2020 9:23:00 PM, 3296, 9242.25, 1652, 327.68, 222.6, 163.93, 323.87, 172.78, 245.81, 98.02, 30.6, 63.9, 125, 64.56, 87.89, , , , , 
1/30/2020 9:23:03 PM, 3296, 9242.5, 1652, 327.68, 222.6, 163.93, 323.87, 172.78, 245.81, 98.02, 30.6, 63.9, 125, 64.56, 87.89, , , , , 
1/30/2020 9:23:06 PM, 3296, 9242.75, 1652, 327.68, 222.6, 163.93, 323.87, 172.78, 245.81, 98.02, 30.6, 63.9, 125, 64.56, 87.89, , , , , 
1/30/2020 9:23:09 PM, 3296, 9242.25, 1652, 327.68, 222.6, 163.93, 323.87, 172.78, 245.81, 98.02, 30.6, 63.9, 125, 64.56, 87.89, , , , , 
1/30/2020 9:23:12 PM, 3296, 9241.75, 1652, 327.68, 222.6, 163.93, 323.87, 172.78, 245.81, 98.02, 30.6, 63.9, 125, 64.56, 87.89, , , , , 
1/30/2020 9:23:15 PM, 3295.75, 9241.25, 1652, 327.68, 222.6, 163.93, 323.87, 172.78, 245.81, 98.02, 30.6, 63.9, 125, 64.56, 87.89, , , , , 
1/30/2020 9:23:18 PM, 3295.75, 9241.25, 1652, 327.68, 222.6, 163.93, 323.87, 172.78, 245.81, 98.02, 30.6, 63.9, 125, 64.56, 87.89, , , , , 
1/30/2020 9:23:21 PM, 3295.75, 9241.5, 1652, 327.68, 222.6, 163.93, 323.87, 172.78, 245.81, 98.02, 30.6, 63.9, 125, 64.56, 87.89, , , , , 
1/30/2020 9:23:24 PM, 3295.75, 9241.75, 1652, 327.68, 222.6, 163.93, 323.87, 172.78, 245.81, 98.02, 30.6, 63.9, 125, 64.56, 87.89, , , , , 
1/30/2020 9:23:27 PM, 3295.75, 9241.5, 1651.7, 327.68, 222.6, 163.93, 323.87, 172.78, 245.81, 98.02, 30.6, 63.9, 125, 64.56, 87.89, , , , , 
1/30/2020 9:23:30 PM, 3295.75, 9241.25, 1651.7, 327.68, 222.6, 163.93, 323.87, 172.78, 245.81, 98.02, 30.6, 63.9, 125, 64.56, 87.89, , , , , 
1/30/2020 9:23:33 PM, 3296, 9242, 1651.7, 327.68, 222.6, 163.93, 323.87, 172.78, 245.81, 98.02, 30.6, 63.9, 125, 64.56, 87.89, , , , , 
1/30/2020 9:23:36 PM, 3296, 9242, 1651.8, 327.68, 222.6, 163.93, 323.87, 172.78, 245.81, 98.02, 30.6, 63.9, 125, 64.56, 87.89, , , , , 
1/30/2020 9:23:39 PM, 3296, 9241.75, 1651.8, 327.68, 222.6, 163.93, 323.87, 172.78, 245.81, 98.02, 30.6, 63.9, 125, 64.56, 87.89, , , , , 
1/30/2020 9:23:42 PM, 3296, 9241.5, 1651.8, 327.68, 222.6, 163.93, 323.87, 172.78, 245.81, 98.02, 30.6, 63.9, 125, 64.56, 87.89, , , , , 
1/30/2020 9:23:45 PM, 3296, 9240.5, 1651.8, 327.68, 222.6, 163.93, 323.87, 172.78, 245.81, 98.02, 30.6, 63.9, 125, 64.56, 87.89, , , , , 
1/30/2020 9:23:48 PM, 3296, 9240.75, 1651.8, 327.68, 222.6, 163.93, 323.87, 172.78, 245.81, 98.02, 30.6, 63.9, 125, 64.56, 87.89, , , , , 
1/30/2020 9:23:52 PM, 3296, 9240.75, 1651.8, 327.68, 222.6, 163.93, 323.87, 172.78, 245.81, 98.02, 30.6, 63.9, 125, 64.56, 87.89, , , , , 
1/30/2020 9:23:55 PM, 3295.5, 9239.25, 1651.5, 327.68, 222.6, 163.93, 323.87, 172.78, 245.81, 98.02, 30.6, 63.9, 125, 64.56, 87.89, , , , , 
1/30/2020 9:23:58 PM, 3295.25, 9238.5, 1651.4, 327.68, 222.6, 163.93, 323.87, 172.78, 245.81, 98.02, 30.6, 63.9, 125, 64.56, 87.89, , , , , 
1/30/2020 9:24:01 PM, 3295, 9238.25, 1651.4, 327.68, 222.6, 163.93, 323.87, 172.78, 245.81, 98.02, 30.6, 63.9, 125, 64.56, 87.89, , , , , 
1/30/2020 9:24:04 PM, 3295, 9238, 1651.4, 327.68, 222.6, 163.93, 323.87, 172.78, 245.81, 98.02, 30.6, 63.9, 125, 64.56, 87.89, , , , , 
1/30/2020 9:24:07 PM, 3295.25, 9238.5, 1651.4, 327.68, 222.6, 163.93, 323.87, 172.78, 245.81, 98.02, 30.6, 63.9, 125, 64.56, 87.89, , , , , 
1/30/2020 9:24:10 PM, 3295.25, 9239.25, 1651.4, 327.68, 222.6, 163.93, 323.87, 172.78, 245.81, 98.02, 30.6, 63.9, 125, 64.56, 87.89, , , , , 
1/30/2020 9:24:13 PM, 3295.25, 9239.25, 1651.4, 327.68, 222.6, 163.93, 323.87, 172.78, 245.81, 98.02, 30.6, 63.9, 125, 64.56, 87.89, , , , , 
1/30/2020 9:24:16 PM, 3295.75, 9240.5, 1651.6, 327.68, 222.6, 163.93, 323.87, 172.78, 245.81, 98.02, 30.6, 63.9, 125, 64.56, 87.89, , , , , 
1/30/2020 9:24:19 PM, 3295.5, 9239.75, 1651.5, 327.68, 222.6, 163.93, 323.87, 172.78, 245.81, 98.02, 30.6, 63.9, 125, 64.56, 87.89, , , , , 
1/30/2020 9:24:22 PM, 3295.5, 9239.75, 1651.5, 327.68, 222.6, 163.93, 323.87, 172.78, 245.81, 98.02, 30.6, 63.9, 125, 64.56, 87.89, , , , , 
1/30/2020 9:24:25 PM, 3295.5, 9239.75, 1651.5, 327.68, 222.6, 163.93, 323.87, 172.78, 245.81, 98.02, 30.6, 63.9, 125, 64.56, 87.89, , , , , 
1/30/2020 9:24:28 PM, 3295.5, 9240.5, 1651.6, 327.68, 222.6, 163.93, 323.87, 172.78, 245.81, 98.02, 30.6, 63.9, 125, 64.56, 87.89, , , , , 
1/30/2020 9:24:31 PM, 3295.5, 9240.25, 1651.6, 327.68, 222.6, 163.93, 323.87, 172.78, 245.81, 98.02, 30.6, 63.9, 125, 64.56, 87.89, , , , , 
1/30/2020 9:24:34 PM, 3295.5, 9239.75, 1651.6, 327.68, 222.6, 163.93, 323.87, 172.78, 245.81, 98.02, 30.6, 63.9, 125, 64.56, 87.89, , , , , 
1/30/2020 9:24:37 PM, 3295.75, 9239.75, 1651.6, 327.68, 222.6, 163.93, 323.87, 172.78, 245.81, 98.02, 30.6, 63.9, 125, 64.56, 87.89, , , , , 
1/30/2020 9:24:40 PM, 3295.5, 9239.75, 1651.6, 327.68, 222.6, 163.93, 323.87, 172.78, 245.81, 98.02, 30.6, 63.9, 125, 64.56, 87.89, , , , , 
1/30/2020 9:24:43 PM, 3295.25, 9239.25, 1651.6, 327.68, 222.6, 163.93, 323.87, 172.78, 245.81, 98.02, 30.6, 63.9, 125, 64.56, 87.89, , , , , 
1/30/2020 9:24:46 PM, 3295.25, 9239, 1651.2, 327.68, 222.6, 163.93, 323.87, 172.78, 245.81, 98.02, 30.6, 63.9, 125, 64.56, 87.89, , , , , 
1/30/2020 9:24:49 PM, 3295.25, 9239, 1651.2, 327.68, 222.6, 163.93, 323.87, 172.78, 245.81, 98.02, 30.6, 63.9, 125, 64.56, 87.89, , , , , 
1/30/2020 9:24:52 PM, 3295.25, 9238.75, 1651.2, 327.68, 222.6, 163.93, 323.87, 172.78, 245.81, 98.02, 30.6, 63.9, 125, 64.56, 87.89, , , , , 
1/30/2020 9:24:55 PM, 3295.25, 9238.75, 1651.2, 327.68, 222.6, 163.93, 323.87, 172.78, 245.81, 98.02, 30.6, 63.9, 125, 64.56, 87.89, , , , , 
1/30/2020 9:24:58 PM, 3294.75, 9238.25, 1651.1, 327.68, 222.6, 163.93, 323.87, 172.78, 245.81, 98.02, 30.6, 63.9, 125, 64.56, 87.89, , , , , 
1/30/2020 9:25:01 PM, 3294.75, 9238.25, 1651.1, 327.68, 222.6, 163.93, 323.87, 172.78, 245.81, 98.02, 30.6, 63.9, 125, 64.56, 87.89, , , , , 
1/30/2020 9:25:04 PM, 3295, 9238.75, 1651.1, 327.68, 222.6, 163.93, 323.87, 172.78, 245.81, 98.02, 30.6, 63.9, 125, 64.56, 87.89, , , , , 
1/30/2020 9:25:07 PM, 3295, 9238.75, 1651.1, 327.68, 222.6, 163.93, 323.87, 172.78, 245.81, 98.02, 30.6, 63.9, 125, 64.56, 87.89, , , , , 
1/30/2020 9:25:10 PM, 3295, 9238, 1651.1, 327.68, 222.6, 163.93, 323.87, 172.78, 245.81, 98.02, 30.6, 63.9, 125, 64.56, 87.89, , , , , 
1/30/2020 9:25:14 PM, 3295, 9238, 1651.1, 327.68, 222.6, 163.93, 323.87, 172.78, 245.81, 98.02, 30.6, 63.9, 125, 64.56, 87.89, , , , , 
1/30/2020 9:25:17 PM, 3294.5, 9237, 1651.3, 327.68, 222.6, 163.93, 323.87, 172.78, 245.81, 98.02, 30.6, 63.9, 125, 64.56, 87.89, , , , , 
1/30/2020 9:25:20 PM, 3294.5, 9237, 1651.3, 327.68, 222.6, 163.93, 323.87, 172.78, 245.81, 98.02, 30.6, 63.9, 125, 64.56, 87.89, , , , , 
1/30/2020 9:25:23 PM, 3294.25, 9236.25, 1650.9, 327.68, 222.6, 163.93, 323.87, 172.78, 245.81, 98.02, 30.6, 63.9, 125, 64.56, 87.89, , , , , 
1/30/2020 9:25:26 PM, 3294.25, 9236.25, 1650.9, 327.68, 222.6, 163.93, 323.87, 172.78, 245.81, 98.02, 30.6, 63.9, 125, 64.56, 87.89, , , , , 
1/30/2020 9:25:29 PM, 3294.25, 9236, 1651.1, 327.68, 222.6, 163.93, 323.87, 172.78, 245.81, 98.02, 30.6, 63.9, 125, 64.56, 87.89, , , , , 
1/30/2020 9:25:32 PM, 3294.25, 9236, 1651.1, 327.68, 222.6, 163.93, 323.87, 172.78, 245.81, 98.02, 30.6, 63.9, 125, 64.56, 87.89, , , , , 
1/30/2020 9:25:35 PM, 3294, 9235, 1650.8, 327.68, 222.6, 163.93, 323.87, 172.78, 245.81, 98.02, 30.6, 63.9, 125, 64.56, 87.89, , , , , 
1/30/2020 9:25:38 PM, 3294, 9235, 1650.8, 327.68, 222.6, 163.93, 323.87, 172.78, 245.81, 98.02, 30.6, 63.9, 125, 64.56, 87.89, , , , , 
1/30/2020 9:25:41 PM, 3294, 9234.75, 1650.8, 327.68, 222.6, 163.93, 323.87, 172.78, 245.81, 98.02, 30.6, 63.9, 125, 64.56, 87.89, , , , , 
1/30/2020 9:25:44 PM, 3294, 9234.75, 1650.8, 327.68, 222.6, 163.93, 323.87, 172.78, 245.81, 98.02, 30.6, 63.9, 125, 64.56, 87.89, , , , , 
1/30/2020 9:25:47 PM, 3294, 9235, 1650.8, 327.68, 222.6, 163.93, 323.87, 172.78, 245.81, 98.02, 30.6, 63.9, 125, 64.56, 87.89, , , , , 
1/30/2020 9:25:50 PM, 3294, 9235, 1650.8, 327.68, 222.6, 163.93, 323.87, 172.78, 245.81, 98.02, 30.6, 63.9, 125, 64.56, 87.89, , , , , 
1/30/2020 9:25:53 PM, 3294, 9234.5, 1650.8, 327.68, 222.6, 163.93, 323.87, 172.78, 245.81, 98.02, 30.6, 63.9, 125, 64.56, 87.89, , , , , 
1/30/2020 9:25:56 PM, 3294, 9234.5, 1650.8, 327.68, 222.6, 163.93, 323.87, 172.78, 245.81, 98.02, 30.6, 63.9, 125, 64.56, 87.89, , , , , 
1/30/2020 9:25:59 PM, 3294, 9234.5, 1650.8, 327.68, 222.6, 163.93, 323.87, 172.78, 245.81, 98.02, 30.6, 63.9, 125, 64.56, 87.89, , , , , 
1/30/2020 9:26:02 PM, 3293.75, 9233.75, 1650.7, 327.68, 222.6, 163.93, 323.87, 172.78, 245.81, 98.02, 30.6, 63.9, 125, 64.56, 87.89, , , , , 
1/30/2020 9:26:05 PM, 3293.75, 9234.25, 1650.7, 327.68, 222.6, 163.93, 323.87, 172.78, 245.81, 98.02, 30.6, 63.9, 125, 64.56, 87.89, , , , , 
1/30/2020 9:26:08 PM, 3293.75, 9234.25, 1650.7, 327.68, 222.6, 163.93, 323.87, 172.78, 245.81, 98.02, 30.6, 63.9, 125, 64.56, 87.89, , , , , 
1/30/2020 9:26:11 PM, 3293.75, 9235, 1650.7, 327.68, 222.6, 163.93, 323.87, 172.78, 245.81, 98.02, 30.6, 63.9, 125, 64.56, 87.89, , , , , 
1/30/2020 9:26:14 PM, 3293.75, 9234.25, 1650.7, 327.68, 222.6, 163.93, 323.87, 172.78, 245.81, 98.02, 30.6, 63.9, 125, 64.56, 87.89, , , , , 
1/30/2020 9:26:17 PM, 3293.75, 9234.25, 1650.7, 327.68, 222.6, 163.93, 323.87, 172.78, 245.81, 98.02, 30.6, 63.9, 125, 64.56, 87.89, , , , , 
1/30/2020 9:26:20 PM, 3293.75, 9234.25, 1650.7, 327.68, 222.6, 163.93, 323.87, 172.78, 245.81, 98.02, 30.6, 63.9, 125, 64.56, 87.89, , , , , 
1/30/2020 9:26:24 PM, 3293.75, 9234.25, 1650.7, 327.68, 222.6, 163.93, 323.87, 172.78, 245.81, 98.02, 30.6, 63.9, 125, 64.56, 87.89, , , , , 
1/30/2020 9:26:27 PM, 3293.75, 9233.5, 1650.7, 327.68, 222.6, 163.93, 323.87, 172.78, 245.81, 98.02, 30.6, 63.9, 125, 64.56, 87.89, , , , , 
1/30/2020 9:26:30 PM, 3293.75, 9233.75, 1650.7, 327.68, 222.6, 163.93, 323.87, 172.78, 245.81, 98.02, 30.6, 63.9, 125, 64.56, 87.89, , , , , 
1/30/2020 9:26:33 PM, 3293.5, 9233.5, 1650.7, 327.68, 222.6, 163.93, 323.87, 172.78, 245.81, 98.02, 30.6, 63.9, 125, 64.56, 87.89, , , , , 
1/30/2020 9:26:36 PM, 3293.5, 9233.5, 1650.7, 327.68, 222.6, 163.93, 323.87, 172.78, 245.81, 98.02, 30.6, 63.9, 125, 64.56, 87.89, , , , , 
1/30/2020 9:26:39 PM, 3293.5, 9233.75, 1650.7, 327.68, 222.6, 163.93, 323.87, 172.78, 245.81, 98.02, 30.6, 63.9, 125, 64.56, 87.89, , , , , 
1/30/2020 9:26:42 PM, 3293.5, 9233, 1650.7, 327.68, 222.6, 163.93, 323.87, 172.78, 245.81, 98.02, 30.6, 63.9, 125, 64.56, 87.89, , , , , 
1/30/2020 9:26:45 PM, 3293.5, 9233.25, 1650.7, 327.68, 222.6, 163.93, 323.87, 172.78, 245.81, 98.02, 30.6, 63.9, 125, 64.56, 87.89, , , , , 
1/30/2020 9:26:48 PM, 3293.5, 9233, 1650.7, 327.68, 222.6, 163.93, 323.87, 172.78, 245.81, 98.02, 30.6, 63.9, 125, 64.56, 87.89, , , , , 
1/30/2020 9:26:51 PM, 3293.25, 9233, 1650.5, 327.68, 222.6, 163.93, 323.87, 172.78, 245.81, 98.02, 30.6, 63.9, 125, 64.56, 87.89, , , , , 
1/30/2020 9:26:54 PM, 3293.5, 9233.25, 1650.5, 327.68, 222.6, 163.93, 323.87, 172.78, 245.81, 98.02, 30.6, 63.9, 125, 64.56, 87.89, , , , , 
1/30/2020 9:26:57 PM, 3293.25, 9232.5, 1650.5, 327.68, 222.6, 163.93, 323.87, 172.78, 245.81, 98.02, 30.6, 63.9, 125, 64.56, 87.89, , , , , 
1/30/2020 9:27:00 PM, 3293.25, 9232.5, 1650.3, 327.68, 222.6, 163.93, 323.87, 172.78, 245.81, 98.02, 30.6, 63.9, 125, 64.56, 87.89, , , , , 
1/30/2020 9:27:03 PM, 3293.5, 9232.5, 1650.3, 327.68, 222.6, 163.93, 323.87, 172.78, 245.81, 98.02, 30.6, 63.9, 125, 64.56, 87.89, , , , , 
1/30/2020 9:27:06 PM, 3293.25, 9232.5, 1650.3, 327.68, 222.6, 163.93, 323.87, 172.78, 245.81, 98.02, 30.6, 63.9, 125, 64.56, 87.89, , , , , 
1/30/2020 9:27:09 PM, 3293.25, 9232.75, 1650.3, 327.68, 222.6, 163.93, 323.87, 172.78, 245.81, 98.02, 30.6, 63.9, 125, 64.56, 87.89, , , , , 
1/30/2020 9:27:12 PM, 3293.25, 9232.75, 1650.3, 327.68, 222.6, 163.93, 323.87, 172.78, 245.81, 98.02, 30.6, 63.9, 125, 64.56, 87.89, , , , , 
1/30/2020 9:27:15 PM, 3293.25, 9232.25, 1650.3, 327.68, 222.6, 163.93, 323.87, 172.78, 245.81, 98.02, 30.6, 63.9, 125, 64.56, 87.89, , , , , 
1/30/2020 9:27:18 PM, 3293.25, 9232.25, 1650.3, 327.68, 222.6, 163.93, 323.87, 172.78, 245.81, 98.02, 30.6, 63.9, 125, 64.56, 87.89, , , , , 
1/30/2020 9:27:21 PM, 3293.5, 9234, 1650.6, 327.68, 222.6, 163.93, 323.87, 172.78, 245.81, 98.02, 30.6, 63.9, 125, 64.56, 87.89, , , , , 
1/30/2020 9:27:24 PM, 3293.75, 9234.75, 1650.6, 327.68, 222.6, 163.93, 323.87, 172.78, 245.81, 98.02, 30.6, 63.9, 125, 64.56, 87.89, , , , , 
1/30/2020 9:27:27 PM, 3293.75, 9234.5, 1650.6, 327.68, 222.6, 163.93, 323.87, 172.78, 245.81, 98.02, 30.6, 63.9, 125, 64.56, 87.89, , , , , 
1/30/2020 9:27:30 PM, 3294, 9234.75, 1650.5, 327.68, 222.6, 163.93, 323.87, 172.78, 245.81, 98.02, 30.6, 63.9, 125, 64.56, 87.89, , , , , 
1/30/2020 9:27:33 PM, 3293.75, 9234.25, 1650.5, 327.68, 222.6, 163.93, 323.87, 172.78, 245.81, 98.02, 30.6, 63.9, 125, 64.56, 87.89, , , , , 
1/30/2020 9:27:36 PM, 3294, 9234.5, 1650.8, 327.68, 222.6, 163.93, 323.87, 172.78, 245.81, 98.02, 30.6, 63.9, 125, 64.56, 87.89, , , , , 
1/30/2020 9:27:40 PM, 3293.75, 9233.5, 1650.6, 327.68, 222.6, 163.93, 323.87, 172.78, 245.81, 98.02, 30.6, 63.9, 125, 64.56, 87.89, , , , , 
1/30/2020 9:27:43 PM, 3293.75, 9233.75, 1650.6, 327.68, 222.6, 163.93, 323.87, 172.78, 245.81, 98.02, 30.6, 63.9, 125, 64.56, 87.89, , , , , 
1/30/2020 9:27:46 PM, 3294, 9234, 1650.6, 327.68, 222.6, 163.93, 323.87, 172.78, 245.81, 98.02, 30.6, 63.9, 125, 64.56, 87.89, , , , , 
1/30/2020 9:27:49 PM, 3293.75, 9233.25, 1650.6, 327.68, 222.6, 163.93, 323.87, 172.78, 245.81, 98.02, 30.6, 63.9, 125, 64.56, 87.89, , , , , 
1/30/2020 9:27:52 PM, 3294, 9233.75, 1650.6, 327.68, 222.6, 163.93, 323.87, 172.78, 245.81, 98.02, 30.6, 63.9, 125, 64.56, 87.89, , , , , 
1/30/2020 9:27:55 PM, 3293.75, 9233.5, 1650.6, 327.68, 222.6, 163.93, 323.87, 172.78, 245.81, 98.02, 30.6, 63.9, 125, 64.56, 87.89, , , , , 
1/30/2020 9:27:58 PM, 3293.75, 9233.5, 1650.6, 327.68, 222.6, 163.93, 323.87, 172.78, 245.81, 98.02, 30.6, 63.9, 125, 64.56, 87.89, , , , , 
1/30/2020 9:28:01 PM, 3294, 9233.75, 1650.6, 327.68, 222.6, 163.93, 323.87, 172.78, 245.81, 98.02, 30.6, 63.9, 125, 64.56, 87.89, , , , , 
1/30/2020 9:28:04 PM, 3294, 9233.5, 1650.6, 327.68, 222.6, 163.93, 323.87, 172.78, 245.81, 98.02, 30.6, 63.9, 125, 64.56, 87.89, , , , , 
1/30/2020 9:28:07 PM, 3294, 9233.75, 1650.6, 327.68, 222.6, 163.93, 323.87, 172.78, 245.81, 98.02, 30.6, 63.9, 125, 64.56, 87.89, , , , , 
1/30/2020 9:28:10 PM, 3294, 9234.75, 1650.9, 327.68, 222.6, 163.93, 323.87, 172.78, 245.81, 98.02, 30.6, 63.9, 125, 64.56, 87.89, , , , , 
1/30/2020 9:28:13 PM, 3294.25, 9234.75, 1650.9, 327.68, 222.6, 163.93, 323.87, 172.78, 245.81, 98.02, 30.6, 63.9, 125, 64.56, 87.89, , , , , 
1/30/2020 9:28:16 PM, 3294.25, 9234.75, 1650.9, 327.68, 222.6, 163.93, 323.87, 172.78, 245.81, 98.02, 30.6, 63.9, 125, 64.56, 87.89, , , , , 
1/30/2020 9:28:19 PM, 3294.25, 9235, 1650.9, 327.68, 222.6, 163.93, 323.87, 172.78, 245.81, 98.02, 30.6, 63.9, 125, 64.56, 87.89, , , , , 
1/30/2020 9:28:22 PM, 3294.25, 9235.25, 1650.9, 327.68, 222.6, 163.93, 323.87, 172.78, 245.81, 98.02, 30.6, 63.9, 125, 64.56, 87.89, , , , , 
1/30/2020 9:28:25 PM, 3294.25, 9235, 1650.9, 327.68, 222.6, 163.93, 323.87, 172.78, 245.81, 98.02, 30.6, 63.9, 125, 64.56, 87.89, , , , , 
1/30/2020 9:28:28 PM, 3294.25, 9235, 1650.7, 327.68, 222.6, 163.93, 323.87, 172.78, 245.81, 98.02, 30.6, 63.9, 125, 64.56, 87.89, , , , , 
1/30/2020 9:28:31 PM, 3294.25, 9235.25, 1650.7, 327.68, 222.6, 163.93, 323.87, 172.78, 245.81, 98.02, 30.6, 63.9, 125, 64.56, 87.89, , , , , 
1/30/2020 9:28:34 PM, 3294.25, 9235, 1650.7, 327.68, 222.6, 163.93, 323.87, 172.78, 245.81, 98.02, 30.6, 63.9, 125, 64.56, 87.89, , , , , 
1/30/2020 9:28:37 PM, 3293.75, 9234, 1650.7, 327.68, 222.6, 163.93, 323.87, 172.78, 245.81, 98.02, 30.6, 63.9, 125, 64.56, 87.89, , , , , 
1/30/2020 9:28:40 PM, 3293.75, 9234.5, 1650.7, 327.68, 222.6, 163.93, 323.87, 172.78, 245.81, 98.02, 30.6, 63.9, 125, 64.56, 87.89, , , , , 
1/30/2020 9:28:43 PM, 3293.75, 9234.5, 1650.7, 327.68, 222.6, 163.93, 323.87, 172.78, 245.81, 98.02, 30.6, 63.9, 125, 64.56, 87.89, , , , , 
1/30/2020 9:28:46 PM, 3294, 9234.5, 1650.7, 327.68, 222.6, 163.93, 323.87, 172.78, 245.81, 98.02, 30.6, 63.9, 125, 64.56, 87.89, , , , , 
1/30/2020 9:28:49 PM, 3294, 9234.5, 1650.7, 327.68, 222.6, 163.93, 323.87, 172.78, 245.81, 98.02, 30.6, 63.9, 125, 64.56, 87.89, , , , , 
1/30/2020 9:28:52 PM, 3294, 9234.75, 1650.7, 327.68, 222.6, 163.93, 323.87, 172.78, 245.81, 98.02, 30.6, 63.9, 125, 64.56, 87.89, , , , , 
1/30/2020 9:28:55 PM, 3294, 9234.75, 1650.7, 327.68, 222.6, 163.93, 323.87, 172.78, 245.81, 98.02, 30.6, 63.9, 125, 64.56, 87.89, , , , , 
1/30/2020 9:28:59 PM, 3293.75, 9234.5, 1650.7, 327.68, 222.6, 163.93, 323.87, 172.78, 245.81, 98.02, 30.6, 63.9, 125, 64.56, 87.89, , , , , 
1/30/2020 9:29:02 PM, 3293.75, 9234.5, 1650.7, 327.68, 222.6, 163.93, 323.87, 172.78, 245.81, 98.02, 30.6, 63.9, 125, 64.56, 87.89, , , , , 
1/30/2020 9:29:05 PM, 3294, 9235, 1650.7, 327.68, 222.6, 163.93, 323.87, 172.78, 245.81, 98.02, 30.6, 63.9, 125, 64.56, 87.89, , , , , 
1/30/2020 9:29:08 PM, 3294, 9235, 1650.7, 327.68, 222.6, 163.93, 323.87, 172.78, 245.81, 98.02, 30.6, 63.9, 125, 64.56, 87.89, , , , , 
1/30/2020 9:29:11 PM, 3294, 9235.5, 1650.7, 327.68, 222.6, 163.93, 323.87, 172.78, 245.81, 98.02, 30.6, 63.9, 125, 64.56, 87.89, , , , , 
1/30/2020 9:29:14 PM, 3294, 9235.5, 1650.7, 327.68, 222.6, 163.93, 323.87, 172.78, 245.81, 98.02, 30.6, 63.9, 125, 64.56, 87.89, , , , , 
1/30/2020 9:29:17 PM, 3294.25, 9236.25, 1651.1, 327.68, 222.6, 163.93, 323.87, 172.78, 245.81, 98.02, 30.6, 63.9, 125, 64.56, 87.89, , , , , 
1/30/2020 9:29:20 PM, 3294.25, 9236.25, 1651.1, 327.68, 222.6, 163.93, 323.87, 172.78, 245.81, 98.02, 30.6, 63.9, 125, 64.56, 87.89, , , , , 
1/30/2020 9:29:23 PM, 3294.5, 9236.5, 1651.1, 327.68, 222.6, 163.93, 323.87, 172.78, 245.81, 98.02, 30.6, 63.9, 125, 64.56, 87.89, , , , , 
1/30/2020 9:29:26 PM, 3294.5, 9236.5, 1651.1, 327.68, 222.6, 163.93, 323.87, 172.78, 245.81, 98.02, 30.6, 63.9, 125, 64.56, 87.89, , , , , 
1/30/2020 9:29:29 PM, 3295, 9238.25, 1651.1, 327.68, 222.6, 163.93, 323.87, 172.78, 245.81, 98.02, 30.6, 63.9, 125, 64.56, 87.89, , , , , 
1/30/2020 9:29:32 PM, 3295, 9238.25, 1651.1, 327.68, 222.6, 163.93, 323.87, 172.78, 245.81, 98.02, 30.6, 63.9, 125, 64.56, 87.89, , , , , 
1/30/2020 9:29:35 PM, 3294.75, 9238, 1651.1, 327.68, 222.6, 163.93, 323.87, 172.78, 245.81, 98.02, 30.6, 63.9, 125, 64.56, 87.89, , , , , 
1/30/2020 9:29:38 PM, 3294.75, 9238, 1651.1, 327.68, 222.6, 163.93, 323.87, 172.78, 245.81, 98.02, 30.6, 63.9, 125, 64.56, 87.89, , , , , 
1/30/2020 9:29:41 PM, 3294.75, 9237.5, 1651.2, 327.68, 222.6, 163.93, 323.87, 172.78, 245.81, 98.02, 30.6, 63.9, 125, 64.56, 87.89, , , , , 
1/30/2020 9:29:44 PM, 3294.75, 9237.5, 1651.2, 327.68, 222.6, 163.93, 323.87, 172.78, 245.81, 98.02, 30.6, 63.9, 125, 64.56, 87.89, , , , , 
1/30/2020 9:29:47 PM, 3294.75, 9237.5, 1651.2, 327.68, 222.6, 163.93, 323.87, 172.78, 245.81, 98.02, 30.6, 63.9, 125, 64.56, 87.89, , , , , 
1/30/2020 9:29:50 PM, 3294.75, 9237.5, 1651.2, 327.68, 222.6, 163.93, 323.87, 172.78, 245.81, 98.02, 30.6, 63.9, 125, 64.56, 87.89, , , , , 
1/30/2020 9:29:53 PM, 3294.5, 9236.75, 1651.2, 327.68, 222.6, 163.93, 323.87, 172.78, 245.81, 98.02, 30.6, 63.9, 125, 64.56, 87.89, , , , , 
1/30/2020 9:29:56 PM, 3294.5, 9237.25, 1651.2, 327.68, 222.6, 163.93, 323.87, 172.78, 245.81, 98.02, 30.6, 63.9, 125, 64.56, 87.89, , , , , 
1/30/2020 9:29:59 PM, 3294.5, 9237.5, 1651.1, 327.68, 222.6, 163.93, 323.87, 172.78, 245.81, 98.02, 30.6, 63.9, 125, 64.56, 87.89, , , , , 
1/30/2020 9:30:02 PM, 3295, 9238, 1651.1, 327.68, 222.6, 163.93, 323.87, 172.78, 245.81, 98.02, 30.6, 63.9, 125, 64.56, 87.89, , , , , 
1/30/2020 9:30:05 PM, 3295, 9238.75, 1651.1, 327.68, 222.6, 163.93, 323.87, 172.78, 245.81, 98.02, 30.6, 63.9, 125, 64.56, 87.89, , , , , 
1/30/2020 9:30:08 PM, 3295, 9238.25, 1651.1, 327.68, 222.6, 163.93, 323.87, 172.78, 245.81, 98.02, 30.6, 63.9, 125, 64.56, 87.89, , , , , 
1/30/2020 9:30:11 PM, 3295, 9238.5, 1651.1, 327.68, 222.6, 163.93, 323.87, 172.78, 245.81, 98.02, 30.6, 63.9, 125, 64.56, 87.89, , , , , 
1/30/2020 9:30:14 PM, 3295.5, 9239.25, 1651.5, 327.68, 222.6, 163.93, 323.87, 172.78, 245.81, 98.02, 30.6, 63.9, 125, 64.56, 87.89, , , , , 
1/30/2020 9:30:18 PM, 3295.5, 9239.5, 1651.5, 327.68, 222.6, 163.93, 323.87, 172.78, 245.81, 98.02, 30.6, 63.9, 125, 64.56, 87.89, , , , , 
1/30/2020 9:30:21 PM, 3295.25, 9239.5, 1651.5, 327.68, 222.6, 163.93, 323.87, 172.78, 245.81, 98.02, 30.6, 63.9, 125, 64.56, 87.89, , , , , 
1/30/2020 9:30:24 PM, 3295.5, 9240, 1651.5, 327.68, 222.6, 163.93, 323.87, 172.78, 245.81, 98.02, 30.6, 63.9, 125, 64.56, 87.89, , , , , 
1/30/2020 9:30:27 PM, 3295.5, 9240, 1651.5, 327.68, 222.6, 163.93, 323.87, 172.78, 245.81, 98.02, 30.6, 63.9, 125, 64.56, 87.89, , , , , 
1/30/2020 9:30:30 PM, 3295.25, 9240.5, 1651.5, 327.68, 222.6, 163.93, 323.87, 172.78, 245.81, 98.02, 30.6, 63.9, 125, 64.56, 87.89, , , , , 
1/30/2020 9:30:33 PM, 3295.5, 9240.5, 1651.5, 327.68, 222.6, 163.93, 323.87, 172.78, 245.81, 98.02, 30.6, 63.9, 125, 64.56, 87.89, , , , , 
1/30/2020 9:30:36 PM, 3295.5, 9240.5, 1651.5, 327.68, 222.6, 163.93, 323.87, 172.78, 245.81, 98.02, 30.6, 63.9, 125, 64.56, 87.89, , , , , 
1/30/2020 9:30:39 PM, 3295.5, 9240.75, 1651.5, 327.68, 222.6, 163.93, 323.87, 172.78, 245.81, 98.02, 30.6, 63.9, 125, 64.56, 87.89, , , , , 
1/30/2020 9:30:42 PM, 3295.25, 9240.25, 1651.5, 327.68, 222.6, 163.93, 323.87, 172.78, 245.81, 98.02, 30.6, 63.9, 125, 64.56, 87.89, , , , , 
1/30/2020 9:30:45 PM, 3295.5, 9240.75, 1651.5, 327.68, 222.6, 163.93, 323.87, 172.78, 245.81, 98.02, 30.6, 63.9, 125, 64.56, 87.89, , , , , 
1/30/2020 9:30:48 PM, 3295.25, 9239.5, 1651.4, 327.68, 222.6, 163.93, 323.87, 172.78, 245.81, 98.02, 30.6, 63.9, 125, 64.56, 87.89, , , , , 
1/30/2020 9:30:51 PM, 3295, 9239, 1651.4, 327.68, 222.6, 163.93, 323.87, 172.78, 245.81, 98.02, 30.6, 63.9, 125, 64.56, 87.89, , , , , 
1/30/2020 9:30:54 PM, 3295, 9239.25, 1651.4, 327.68, 222.6, 163.93, 323.87, 172.78, 245.81, 98.02, 30.6, 63.9, 125, 64.56, 87.89, , , , , 
1/30/2020 9:30:57 PM, 3295, 9239, 1651.4, 327.68, 222.6, 163.93, 323.87, 172.78, 245.81, 98.02, 30.6, 63.9, 125, 64.56, 87.89, , , , , 
1/30/2020 9:31:00 PM, 3295, 9239.25, 1651.4, 327.68, 222.6, 163.93, 323.87, 172.78, 245.81, 98.02, 30.6, 63.9, 125, 64.56, 87.89, , , , , 
1/30/2020 9:31:03 PM, 3295, 9239.5, 1651.4, 327.68, 222.6, 163.93, 323.87, 172.78, 245.81, 98.02, 30.6, 63.9, 125, 64.56, 87.89, , , , , 
1/30/2020 9:31:06 PM, 3295.25, 9240, 1651.4, 327.68, 222.6, 163.93, 323.87, 172.78, 245.81, 98.02, 30.6, 63.9, 125, 64.56, 87.89, , , , , 
1/30/2020 9:31:09 PM, 3295.5, 9240.75, 1651.4, 327.68, 222.6, 163.93, 323.87, 172.78, 245.81, 98.02, 30.6, 63.9, 125, 64.56, 87.89, , , , , 
1/30/2020 9:31:12 PM, 3295.75, 9240.75, 1651.4, 327.68, 222.6, 163.93, 323.87, 172.78, 245.81, 98.02, 30.6, 63.9, 125, 64.56, 87.89, , , , , 
1/30/2020 9:31:15 PM, 3295.75, 9241.25, 1651.4, 327.68, 222.6, 163.93, 323.87, 172.78, 245.81, 98.02, 30.6, 63.9, 125, 64.56, 87.89, , , , , 
1/30/2020 9:31:18 PM, 3296, 9242.25, 1651.7, 327.68, 222.6, 163.93, 323.87, 172.78, 245.81, 98.02, 30.6, 63.9, 125, 64.56, 87.89, , , , , 
1/30/2020 9:31:21 PM, 3295.75, 9242.25, 1651.7, 327.68, 222.6, 163.93, 323.87, 172.78, 245.81, 98.02, 30.6, 63.9, 125, 64.56, 87.89, , , , , 
1/30/2020 9:31:25 PM, 3296, 9242, 1651.7, 327.68, 222.6, 163.93, 323.87, 172.78, 245.81, 98.02, 30.6, 63.9, 125, 64.56, 87.89, , , , , 
1/30/2020 9:31:28 PM, 3296, 9242.25, 1651.7, 327.68, 222.6, 163.93, 323.87, 172.78, 245.81, 98.02, 30.6, 63.9, 125, 64.56, 87.89, , , , , 
1/30/2020 9:31:31 PM, 3296, 9241.5, 1651.7, 327.68, 222.6, 163.93, 323.87, 172.78, 245.81, 98.02, 30.6, 63.9, 125, 64.56, 87.89, , , , , 
1/30/2020 9:31:34 PM, 3296, 9241.25, 1651.7, 327.68, 222.6, 163.93, 323.87, 172.78, 245.81, 98.02, 30.6, 63.9, 125, 64.56, 87.89, , , , , 
1/30/2020 9:31:37 PM, 3295.75, 9241, 1651.7, 327.68, 222.6, 163.93, 323.87, 172.78, 245.81, 98.02, 30.6, 63.9, 125, 64.56, 87.89, , , , , 
1/30/2020 9:31:40 PM, 3295.75, 9241.5, 1651.7, 327.68, 222.6, 163.93, 323.87, 172.78, 245.81, 98.02, 30.6, 63.9, 125, 64.56, 87.89, , , , , 
1/30/2020 9:31:43 PM, 3296, 9242, 1651.7, 327.68, 222.6, 163.93, 323.87, 172.78, 245.81, 98.02, 30.6, 63.9, 125, 64.56, 87.89, , , , , 
1/30/2020 9:31:46 PM, 3296, 9241.5, 1651.7, 327.68, 222.6, 163.93, 323.87, 172.78, 245.81, 98.02, 30.6, 63.9, 125, 64.56, 87.89, , , , , 
1/30/2020 9:31:49 PM, 3295.75, 9241.25, 1651.7, 327.68, 222.6, 163.93, 323.87, 172.78, 245.81, 98.02, 30.6, 63.9, 125, 64.56, 87.89, , , , , 
1/30/2020 9:31:52 PM, 3295.75, 9241, 1651.7, 327.68, 222.6, 163.93, 323.87, 172.78, 245.81, 98.02, 30.6, 63.9, 125, 64.56, 87.89, , , , , 
1/30/2020 9:31:55 PM, 3296, 9241.25, 1651.7, 327.68, 222.6, 163.93, 323.87, 172.78, 245.81, 98.02, 30.6, 63.9, 125, 64.56, 87.89, , , , , 
1/30/2020 9:31:58 PM, 3296, 9241, 1651.7, 327.68, 222.6, 163.93, 323.87, 172.78, 245.81, 98.02, 30.6, 63.9, 125, 64.56, 87.89, , , , , 
1/30/2020 9:32:01 PM, 3296, 9241, 1651.7, 327.68, 222.6, 163.93, 323.87, 172.78, 245.81, 98.02, 30.6, 63.9, 125, 64.56, 87.89, , , , , 
1/30/2020 9:32:04 PM, 3295.75, 9241, 1651.7, 327.68, 222.6, 163.93, 323.87, 172.78, 245.81, 98.02, 30.6, 63.9, 125, 64.56, 87.89, , , , , 
1/30/2020 9:32:07 PM, 3296, 9240.75, 1651.7, 327.68, 222.6, 163.93, 323.87, 172.78, 245.81, 98.02, 30.6, 63.9, 125, 64.56, 87.89, , , , , 
1/30/2020 9:32:10 PM, 3296, 9240.75, 1651.7, 327.68, 222.6, 163.93, 323.87, 172.78, 245.81, 98.02, 30.6, 63.9, 125, 64.56, 87.89, , , , , 
1/30/2020 9:32:13 PM, 3296, 9240.75, 1651.7, 327.68, 222.6, 163.93, 323.87, 172.78, 245.81, 98.02, 30.6, 63.9, 125, 64.56, 87.89, , , , , 
1/30/2020 9:32:16 PM, 3296, 9240.75, 1651.7, 327.68, 222.6, 163.93, 323.87, 172.78, 245.81, 98.02, 30.6, 63.9, 125, 64.56, 87.89, , , , , 
1/30/2020 9:32:19 PM, 3295.75, 9241, 1651.7, 327.68, 222.6, 163.93, 323.87, 172.78, 245.81, 98.02, 30.6, 63.9, 125, 64.56, 87.89, , , , , 
1/30/2020 9:32:22 PM, 3295.75, 9240.5, 1651.7, 327.68, 222.6, 163.93, 323.87, 172.78, 245.81, 98.02, 30.6, 63.9, 125, 64.56, 87.89, , , , , 
1/30/2020 9:32:25 PM, 3295.75, 9240.5, 1651.7, 327.68, 222.6, 163.93, 323.87, 172.78, 245.81, 98.02, 30.6, 63.9, 125, 64.56, 87.89, , , , , 
1/30/2020 9:32:28 PM, 3295.75, 9240.5, 1651.7, 327.68, 222.6, 163.93, 323.87, 172.78, 245.81, 98.02, 30.6, 63.9, 125, 64.56, 87.89, , , , , 
1/30/2020 9:32:31 PM, 3295.75, 9240.5, 1651.7, 327.68, 222.6, 163.93, 323.87, 172.78, 245.81, 98.02, 30.6, 63.9, 125, 64.56, 87.89, , , , , 
1/30/2020 9:32:35 PM, 3296, 9241, 1651.7, 327.68, 222.6, 163.93, 323.87, 172.78, 245.81, 98.02, 30.6, 63.9, 125, 64.56, 87.89, , , , , 
1/30/2020 9:32:38 PM, 3296, 9241, 1651.7, 327.68, 222.6, 163.93, 323.87, 172.78, 245.81, 98.02, 30.6, 63.9, 125, 64.56, 87.89, , , , , 
1/30/2020 9:32:41 PM, 3296, 9241.5, 1651.7, 327.68, 222.6, 163.93, 323.87, 172.78, 245.81, 98.02, 30.6, 63.9, 125, 64.56, 87.89, , , , , 
1/30/2020 9:32:44 PM, 3296, 9241.5, 1651.7, 327.68, 222.6, 163.93, 323.87, 172.78, 245.81, 98.02, 30.6, 63.9, 125, 64.56, 87.89, , , , , 
1/30/2020 9:32:47 PM, 3296, 9241.75, 1651.7, 327.68, 222.6, 163.93, 323.87, 172.78, 245.81, 98.02, 30.6, 63.9, 125, 64.56, 87.89, , , , , 
1/30/2020 9:32:50 PM, 3296, 9241.75, 1651.7, 327.68, 222.6, 163.93, 323.87, 172.78, 245.81, 98.02, 30.6, 63.9, 125, 64.56, 87.89, , , , , 
1/30/2020 9:32:53 PM, 3296, 9242.25, 1651.7, 327.68, 222.6, 163.93, 323.87, 172.78, 245.81, 98.02, 30.6, 63.9, 125, 64.56, 87.89, , , , , 
1/30/2020 9:32:56 PM, 3296, 9242.25, 1651.7, 327.68, 222.6, 163.93, 323.87, 172.78, 245.81, 98.02, 30.6, 63.9, 125, 64.56, 87.89, , , , , 
1/30/2020 9:32:59 PM, 3296, 9241.25, 1651.7, 327.68, 222.6, 163.93, 323.87, 172.78, 245.81, 98.02, 30.6, 63.9, 125, 64.56, 87.89, , , , , 
1/30/2020 9:33:02 PM, 3296, 9241.25, 1651.7, 327.68, 222.6, 163.93, 323.87, 172.78, 245.81, 98.02, 30.6, 63.9, 125, 64.56, 87.89, , , , , 
1/30/2020 9:33:05 PM, 3295.75, 9241, 1651.6, 327.68, 222.6, 163.93, 323.87, 172.78, 245.81, 98.02, 30.6, 63.9, 125, 64.56, 87.89, , , , , 
1/30/2020 9:33:08 PM, 3295.75, 9241, 1651.6, 327.68, 222.6, 163.93, 323.87, 172.78, 245.81, 98.02, 30.6, 63.9, 125, 64.56, 87.89, , , , , 
1/30/2020 9:33:11 PM, 3295.75, 9240.75, 1651.6, 327.68, 222.6, 163.93, 323.87, 172.78, 245.81, 98.02, 30.6, 63.9, 125, 64.56, 87.89, , , , , 
1/30/2020 9:33:14 PM, 3295.75, 9240.75, 1651.6, 327.68, 222.6, 163.93, 323.87, 172.78, 245.81, 98.02, 30.6, 63.9, 125, 64.56, 87.89, , , , , 
1/30/2020 9:33:17 PM, 3295.75, 9241, 1651.7, 327.68, 222.6, 163.93, 323.87, 172.78, 245.81, 98.02, 30.6, 63.9, 125, 64.56, 87.89, , , , , 
1/30/2020 9:33:20 PM, 3295.75, 9241, 1651.7, 327.68, 222.6, 163.93, 323.87, 172.78, 245.81, 98.02, 30.6, 63.9, 125, 64.56, 87.89, , , , , 
1/30/2020 9:33:23 PM, 3296, 9241.25, 1651.7, 327.68, 222.6, 163.93, 323.87, 172.78, 245.81, 98.02, 30.6, 63.9, 125, 64.56, 87.89, , , , , 
1/30/2020 9:33:26 PM, 3296, 9241.25, 1651.7, 327.68, 222.6, 163.93, 323.87, 172.78, 245.81, 98.02, 30.6, 63.9, 125, 64.56, 87.89, , , , , 
1/30/2020 9:33:29 PM, 3296, 9240.75, 1651.7, 327.68, 222.6, 163.93, 323.87, 172.78, 245.81, 98.02, 30.6, 63.9, 125, 64.56, 87.89, , , , , 
1/30/2020 9:33:32 PM, 3295.75, 9240.5, 1651.7, 327.68, 222.6, 163.93, 323.87, 172.78, 245.81, 98.02, 30.6, 63.9, 125, 64.56, 87.89, , , , , 
1/30/2020 9:33:35 PM, 3295.75, 9240.25, 1651.7, 327.68, 222.6, 163.93, 323.87, 172.78, 245.81, 98.02, 30.6, 63.9, 125, 64.56, 87.89, , , , , 
1/30/2020 9:33:38 PM, 3295.75, 9240.25, 1651.7, 327.68, 222.6, 163.93, 323.87, 172.78, 245.81, 98.02, 30.6, 63.9, 125, 64.56, 87.89, , , , , 
1/30/2020 9:33:41 PM, 3295.75, 9240.25, 1651.7, 327.68, 222.6, 163.93, 323.87, 172.78, 245.81, 98.02, 30.6, 63.9, 125, 64.56, 87.89, , , , , 
1/30/2020 9:33:44 PM, 3295.5, 9240, 1651.5, 327.68, 222.6, 163.93, 323.87, 172.78, 245.81, 98.02, 30.6, 63.9, 125, 64.56, 87.89, , , , , 
1/30/2020 9:33:47 PM, 3295.5, 9239.75, 1651.5, 327.68, 222.6, 163.93, 323.87, 172.78, 245.81, 98.02, 30.6, 63.9, 125, 64.56, 87.89, , , , , 
1/30/2020 9:33:50 PM, 3295.25, 9238.5, 1651.5, 327.68, 222.6, 163.93, 323.87, 172.78, 245.81, 98.02, 30.6, 63.9, 125, 64.56, 87.89, , , , , 
1/30/2020 9:33:53 PM, 3295.25, 9238.75, 1651.5, 327.68, 222.6, 163.93, 323.87, 172.78, 245.81, 98.02, 30.6, 63.9, 125, 64.56, 87.89, , , , , 
1/30/2020 9:33:57 PM, 3295.25, 9239.25, 1651.5, 327.68, 222.6, 163.93, 323.87, 172.78, 245.81, 98.02, 30.6, 63.9, 125, 64.56, 87.89, , , , , 
1/30/2020 9:34:00 PM, 3295.25, 9239.75, 1651.5, 327.68, 222.6, 163.93, 323.87, 172.78, 245.81, 98.02, 30.6, 63.9, 125, 64.56, 87.89, , , , , 
1/30/2020 9:34:03 PM, 3295.25, 9240, 1651.5, 327.68, 222.6, 163.93, 323.87, 172.78, 245.81, 98.02, 30.6, 63.9, 125, 64.56, 87.89, , , , , 
1/30/2020 9:34:06 PM, 3295.25, 9240, 1651.5, 327.68, 222.6, 163.93, 323.87, 172.78, 245.81, 98.02, 30.6, 63.9, 125, 64.56, 87.89, , , , , 
1/30/2020 9:34:09 PM, 3295.25, 9239.5, 1651.4, 327.68, 222.6, 163.93, 323.87, 172.78, 245.81, 98.02, 30.6, 63.9, 125, 64.56, 87.89, , , , , 
1/30/2020 9:34:12 PM, 3295.25, 9239, 1651.4, 327.68, 222.6, 163.93, 323.87, 172.78, 245.81, 98.02, 30.6, 63.9, 125, 64.56, 87.89, , , , , 
1/30/2020 9:34:15 PM, 3295, 9238.75, 1651.4, 327.68, 222.6, 163.93, 323.87, 172.78, 245.81, 98.02, 30.6, 63.9, 125, 64.56, 87.89, , , , , 
1/30/2020 9:34:18 PM, 3295, 9238.75, 1651.4, 327.68, 222.6, 163.93, 323.87, 172.78, 245.81, 98.02, 30.6, 63.9, 125, 64.56, 87.89, , , , , 
1/30/2020 9:34:21 PM, 3295, 9239, 1651.4, 327.68, 222.6, 163.93, 323.87, 172.78, 245.81, 98.02, 30.6, 63.9, 125, 64.56, 87.89, , , , , 
1/30/2020 9:34:24 PM, 3295, 9239, 1651.4, 327.68, 222.6, 163.93, 323.87, 172.78, 245.81, 98.02, 30.6, 63.9, 125, 64.56, 87.89, , , , , 
1/30/2020 9:34:27 PM, 3295, 9238.25, 1651.2, 327.68, 222.6, 163.93, 323.87, 172.78, 245.81, 98.02, 30.6, 63.9, 125, 64.56, 87.89, , , , , 
1/30/2020 9:34:30 PM, 3294.75, 9237, 1651.1, 327.68, 222.6, 163.93, 323.87, 172.78, 245.81, 98.02, 30.6, 63.9, 125, 64.56, 87.89, , , , , 
1/30/2020 9:34:33 PM, 3294.75, 9237, 1651.2, 327.68, 222.6, 163.93, 323.87, 172.78, 245.81, 98.02, 30.6, 63.9, 125, 64.56, 87.89, , , , , 
1/30/2020 9:34:36 PM, 3294.25, 9236.25, 1651.2, 327.68, 222.6, 163.93, 323.87, 172.78, 245.81, 98.02, 30.6, 63.9, 125, 64.56, 87.89, , , , , 
1/30/2020 9:34:39 PM, 3294.25, 9235.5, 1650.8, 327.68, 222.6, 163.93, 323.87, 172.78, 245.81, 98.02, 30.6, 63.9, 125, 64.56, 87.89, , , , , 
1/30/2020 9:34:42 PM, 3293.75, 9233.5, 1650.6, 327.68, 222.6, 163.93, 323.87, 172.78, 245.81, 98.02, 30.6, 63.9, 125, 64.56, 87.89, , , , , 
1/30/2020 9:34:45 PM, 3294, 9234.5, 1650.6, 327.68, 222.6, 163.93, 323.87, 172.78, 245.81, 98.02, 30.6, 63.9, 125, 64.56, 87.89, , , , , 
1/30/2020 9:34:48 PM, 3294, 9234.75, 1650.6, 327.68, 222.6, 163.93, 323.87, 172.78, 245.81, 98.02, 30.6, 63.9, 125, 64.56, 87.89, , , , , 
1/30/2020 9:34:51 PM, 3294, 9235, 1650.6, 327.68, 222.6, 163.93, 323.87, 172.78, 245.81, 98.02, 30.6, 63.9, 125, 64.56, 87.89, , , , , 
1/30/2020 9:34:54 PM, 3294.25, 9236, 1650.6, 327.68, 222.6, 163.93, 323.87, 172.78, 245.81, 98.02, 30.6, 63.9, 125, 64.56, 87.89, , , , , 
1/30/2020 9:34:57 PM, 3294.25, 9235.5, 1650.6, 327.68, 222.6, 163.93, 323.87, 172.78, 245.81, 98.02, 30.6, 63.9, 125, 64.56, 87.89, , , , , 
1/30/2020 9:35:00 PM, 3294.25, 9236.5, 1650.6, 327.68, 222.6, 163.93, 323.87, 172.78, 245.81, 98.02, 30.6, 63.9, 125, 64.56, 87.89, , , , , 
1/30/2020 9:35:03 PM, 3294.25, 9236, 1650.6, 327.68, 222.6, 163.93, 323.87, 172.78, 245.81, 98.02, 30.6, 63.9, 125, 64.56, 87.89, , , , , 
1/30/2020 9:35:06 PM, 3294.5, 9237, 1650.6, 327.68, 222.6, 163.93, 323.87, 172.78, 245.81, 98.02, 30.6, 63.9, 125, 64.56, 87.89, , , , , 
1/30/2020 9:35:09 PM, 3294.5, 9238, 1650.6, 327.68, 222.6, 163.93, 323.87, 172.78, 245.81, 98.02, 30.6, 63.9, 125, 64.56, 87.89, , , , , 
1/30/2020 9:35:12 PM, 3295, 9238.5, 1651.3, 327.68, 222.6, 163.93, 323.87, 172.78, 245.81, 98.02, 30.6, 63.9, 125, 64.56, 87.89, , , , , 
1/30/2020 9:35:15 PM, 3295, 9238, 1651.3, 327.68, 222.6, 163.93, 323.87, 172.78, 245.81, 98.02, 30.6, 63.9, 125, 64.56, 87.89, , , , , 
1/30/2020 9:35:18 PM, 3294.75, 9237.75, 1651.3, 327.68, 222.6, 163.93, 323.87, 172.78, 245.81, 98.02, 30.6, 63.9, 125, 64.56, 87.89, , , , , 
1/30/2020 9:35:22 PM, 3295, 9238, 1651.3, 327.68, 222.6, 163.93, 323.87, 172.78, 245.81, 98.02, 30.6, 63.9, 125, 64.56, 87.89, , , , , 
1/30/2020 9:35:25 PM, 3294.75, 9237.75, 1651.3, 327.68, 222.6, 163.93, 323.87, 172.78, 245.81, 98.02, 30.6, 63.9, 125, 64.56, 87.89, , , , , 
1/30/2020 9:35:28 PM, 3294.75, 9238.25, 1651.3, 327.68, 222.6, 163.93, 323.87, 172.78, 245.81, 98.02, 30.6, 63.9, 125, 64.56, 87.89, , , , , 
1/30/2020 9:35:31 PM, 3294.75, 9237, 1651.3, 327.68, 222.6, 163.93, 323.87, 172.78, 245.81, 98.02, 30.6, 63.9, 125, 64.56, 87.89, , , , , 
1/30/2020 9:35:34 PM, 3294.5, 9237, 1651.1, 327.68, 222.6, 163.93, 323.87, 172.78, 245.81, 98.02, 30.6, 63.9, 125, 64.56, 87.89, , , , , 
1/30/2020 9:35:37 PM, 3294, 9236.5, 1651.1, 327.68, 222.6, 163.93, 323.87, 172.78, 245.81, 98.02, 30.6, 63.9, 125, 64.56, 87.89, , , , , 
1/30/2020 9:35:40 PM, 3294, 9236, 1651.1, 327.68, 222.6, 163.93, 323.87, 172.78, 245.81, 98.02, 30.6, 63.9, 125, 64.56, 87.89, , , , , 
1/30/2020 9:35:43 PM, 3294.25, 9235.75, 1651, 327.68, 222.6, 163.93, 323.87, 172.78, 245.81, 98.02, 30.6, 63.9, 125, 64.56, 87.89, , , , , 
1/30/2020 9:35:46 PM, 3294, 9235.75, 1651, 327.68, 222.6, 163.93, 323.87, 172.78, 245.81, 98.02, 30.6, 63.9, 125, 64.56, 87.89, , , , , 
1/30/2020 9:35:49 PM, 3294, 9235.25, 1651, 327.68, 222.6, 163.93, 323.87, 172.78, 245.81, 98.02, 30.6, 63.9, 125, 64.56, 87.89, , , , , 
1/30/2020 9:35:52 PM, 3294, 9235, 1651, 327.68, 222.6, 163.93, 323.87, 172.78, 245.81, 98.02, 30.6, 63.9, 125, 64.56, 87.89, , , , , 
1/30/2020 9:35:55 PM, 3294, 9235.25, 1650.8, 327.68, 222.6, 163.93, 323.87, 172.78, 245.81, 98.02, 30.6, 63.9, 125, 64.56, 87.89, , , , , 
1/30/2020 9:35:58 PM, 3294, 9235.75, 1650.8, 327.68, 222.6, 163.93, 323.87, 172.78, 245.81, 98.02, 30.6, 63.9, 125, 64.56, 87.89, , , , , 
1/30/2020 9:36:01 PM, 3294, 9235.25, 1650.8, 327.68, 222.6, 163.93, 323.87, 172.78, 245.81, 98.02, 30.6, 63.9, 125, 64.56, 87.89, , , , , 
1/30/2020 9:36:04 PM, 3294.25, 9235.75, 1650.8, 327.68, 222.6, 163.93, 323.87, 172.78, 245.81, 98.02, 30.6, 63.9, 125, 64.56, 87.89, , , , , 
1/30/2020 9:36:07 PM, 3294.25, 9236, 1650.8, 327.68, 222.6, 163.93, 323.87, 172.78, 245.81, 98.02, 30.6, 63.9, 125, 64.56, 87.89, , , , , 
1/30/2020 9:36:10 PM, 3294.25, 9236, 1650.8, 327.68, 222.6, 163.93, 323.87, 172.78, 245.81, 98.02, 30.6, 63.9, 125, 64.56, 87.89, , , , , 
1/30/2020 9:36:13 PM, 3294, 9235, 1650.8, 327.68, 222.6, 163.93, 323.87, 172.78, 245.81, 98.02, 30.6, 63.9, 125, 64.56, 87.89, , , , , 
1/30/2020 9:36:16 PM, 3293.75, 9235.25, 1650.8, 327.68, 222.6, 163.93, 323.87, 172.78, 245.81, 98.02, 30.6, 63.9, 125, 64.56, 87.89, , , , , 
1/30/2020 9:36:19 PM, 3293.75, 9235.25, 1650.8, 327.68, 222.6, 163.93, 323.87, 172.78, 245.81, 98.02, 30.6, 63.9, 125, 64.56, 87.89, , , , , 
1/30/2020 9:36:22 PM, 3294, 9235.5, 1650.8, 327.68, 222.6, 163.93, 323.87, 172.78, 245.81, 98.02, 30.6, 63.9, 125, 64.56, 87.89, , , , , 
1/30/2020 9:36:25 PM, 3294, 9235.5, 1650.8, 327.68, 222.6, 163.93, 323.87, 172.78, 245.81, 98.02, 30.6, 63.9, 125, 64.56, 87.89, , , , , 
1/30/2020 9:36:28 PM, 3294, 9236, 1651, 327.68, 222.6, 163.93, 323.87, 172.78, 245.81, 98.02, 30.6, 63.9, 125, 64.56, 87.89, , , , , 
1/30/2020 9:36:31 PM, 3294, 9236, 1651, 327.68, 222.6, 163.93, 323.87, 172.78, 245.81, 98.02, 30.6, 63.9, 125, 64.56, 87.89, , , , , 
1/30/2020 9:36:35 PM, 3294, 9236, 1651, 327.68, 222.6, 163.93, 323.87, 172.78, 245.81, 98.02, 30.6, 63.9, 125, 64.56, 87.89, , , , , 
1/30/2020 9:36:38 PM, 3294, 9236, 1651, 327.68, 222.6, 163.93, 323.87, 172.78, 245.81, 98.02, 30.6, 63.9, 125, 64.56, 87.89, , , , , 
1/30/2020 9:36:41 PM, 3294, 9235.75, 1650.9, 327.68, 222.6, 163.93, 323.87, 172.78, 245.81, 98.02, 30.6, 63.9, 125, 64.56, 87.89, , , , , 
1/30/2020 9:36:44 PM, 3294, 9235.75, 1650.9, 327.68, 222.6, 163.93, 323.87, 172.78, 245.81, 98.02, 30.6, 63.9, 125, 64.56, 87.89, , , , , 
1/30/2020 9:36:47 PM, 3294, 9235, 1650.9, 327.68, 222.6, 163.93, 323.87, 172.78, 245.81, 98.02, 30.6, 63.9, 125, 64.56, 87.89, , , , , 
1/30/2020 9:36:50 PM, 3294, 9235, 1650.9, 327.68, 222.6, 163.93, 323.87, 172.78, 245.81, 98.02, 30.6, 63.9, 125, 64.56, 87.89, , , , , 
1/30/2020 9:36:53 PM, 3294, 9235, 1650.9, 327.68, 222.6, 163.93, 323.87, 172.78, 245.81, 98.02, 30.6, 63.9, 125, 64.56, 87.89, , , , , 
1/30/2020 9:36:56 PM, 3294, 9235, 1650.9, 327.68, 222.6, 163.93, 323.87, 172.78, 245.81, 98.02, 30.6, 63.9, 125, 64.56, 87.89, , , , , 
1/30/2020 9:36:59 PM, 3293.75, 9234, 1650.9, 327.68, 222.6, 163.93, 323.87, 172.78, 245.81, 98.02, 30.6, 63.9, 125, 64.56, 87.89, , , , , 
1/30/2020 9:37:02 PM, 3293.75, 9234, 1650.9, 327.68, 222.6, 163.93, 323.87, 172.78, 245.81, 98.02, 30.6, 63.9, 125, 64.56, 87.89, , , , , 
1/30/2020 9:37:05 PM, 3293.75, 9234.5, 1650.9, 327.68, 222.6, 163.93, 323.87, 172.78, 245.81, 98.02, 30.6, 63.9, 125, 64.56, 87.89, , , , , 
1/30/2020 9:37:08 PM, 3293.75, 9234.5, 1650.9, 327.68, 222.6, 163.93, 323.87, 172.78, 245.81, 98.02, 30.6, 63.9, 125, 64.56, 87.89, , , , , 
1/30/2020 9:37:11 PM, 3294, 9234.75, 1650.7, 327.68, 222.6, 163.93, 323.87, 172.78, 245.81, 98.02, 30.6, 63.9, 125, 64.56, 87.89, , , , , 
1/30/2020 9:37:14 PM, 3294, 9234.75, 1650.7, 327.68, 222.6, 163.93, 323.87, 172.78, 245.81, 98.02, 30.6, 63.9, 125, 64.56, 87.89, , , , , 
1/30/2020 9:37:17 PM, 3293.75, 9234.5, 1650.5, 327.68, 222.6, 163.93, 323.87, 172.78, 245.81, 98.02, 30.6, 63.9, 125, 64.56, 87.89, , , , , 
1/30/2020 9:37:20 PM, 3293.75, 9234.5, 1650.5, 327.68, 222.6, 163.93, 323.87, 172.78, 245.81, 98.02, 30.6, 63.9, 125, 64.56, 87.89, , , , , 
1/30/2020 9:37:23 PM, 3293.75, 9234, 1650.5, 327.68, 222.6, 163.93, 323.87, 172.78, 245.81, 98.02, 30.6, 63.9, 125, 64.56, 87.89, , , , , 
1/30/2020 9:37:26 PM, 3293.5, 9233.25, 1650.5, 327.68, 222.6, 163.93, 323.87, 172.78, 245.81, 98.02, 30.6, 63.9, 125, 64.56, 87.89, , , , , 
1/30/2020 9:37:29 PM, 3294, 9235.75, 1650.7, 327.68, 222.6, 163.93, 323.87, 172.78, 245.81, 98.02, 30.6, 63.9, 125, 64.56, 87.89, , , , , 
1/30/2020 9:37:32 PM, 3294, 9235, 1650.7, 327.68, 222.6, 163.93, 323.87, 172.78, 245.81, 98.02, 30.6, 63.9, 125, 64.56, 87.89, , , , , 
1/30/2020 9:37:35 PM, 3294, 9235.25, 1650.7, 327.68, 222.6, 163.93, 323.87, 172.78, 245.81, 98.02, 30.6, 63.9, 125, 64.56, 87.89, , , , , 
1/30/2020 9:37:38 PM, 3294, 9235, 1650.7, 327.68, 222.6, 163.93, 323.87, 172.78, 245.81, 98.02, 30.6, 63.9, 125, 64.56, 87.89, , , , , 
1/30/2020 9:37:41 PM, 3294, 9235, 1650.7, 327.68, 222.6, 163.93, 323.87, 172.78, 245.81, 98.02, 30.6, 63.9, 125, 64.56, 87.89, , , , , 
1/30/2020 9:37:44 PM, 3294, 9235.75, 1650.8, 327.68, 222.6, 163.93, 323.87, 172.78, 245.81, 98.02, 30.6, 63.9, 125, 64.56, 87.89, , , , , 
1/30/2020 9:37:48 PM, 3293.75, 9234.5, 1650.7, 327.68, 222.6, 163.93, 323.87, 172.78, 245.81, 98.02, 30.6, 63.9, 125, 64.56, 87.89, , , , , 
1/30/2020 9:37:51 PM, 3293.75, 9234.5, 1650.7, 327.68, 222.6, 163.93, 323.87, 172.78, 245.81, 98.02, 30.6, 63.9, 125, 64.56, 87.89, , , , , 
1/30/2020 9:37:54 PM, 3293.5, 9234.5, 1650.5, 327.68, 222.6, 163.93, 323.87, 172.78, 245.81, 98.02, 30.6, 63.9, 125, 64.56, 87.89, , , , , 
1/30/2020 9:37:57 PM, 3293.75, 9234.5, 1650.7, 327.68, 222.6, 163.93, 323.87, 172.78, 245.81, 98.02, 30.6, 63.9, 125, 64.56, 87.89, , , , , 
1/30/2020 9:38:00 PM, 3293.75, 9235, 1650.7, 327.68, 222.6, 163.93, 323.87, 172.78, 245.81, 98.02, 30.6, 63.9, 125, 64.56, 87.89, , , , , 
1/30/2020 9:38:03 PM, 3293.75, 9234.5, 1650.7, 327.68, 222.6, 163.93, 323.87, 172.78, 245.81, 98.02, 30.6, 63.9, 125, 64.56, 87.89, , , , , 
1/30/2020 9:38:06 PM, 3293.5, 9234.5, 1650.7, 327.68, 222.6, 163.93, 323.87, 172.78, 245.81, 98.02, 30.6, 63.9, 125, 64.56, 87.89, , , , , 
1/30/2020 9:38:09 PM, 3293.75, 9234.5, 1650.7, 327.68, 222.6, 163.93, 323.87, 172.78, 245.81, 98.02, 30.6, 63.9, 125, 64.56, 87.89, , , , , 
1/30/2020 9:38:12 PM, 3293.75, 9234.5, 1650.7, 327.68, 222.6, 163.93, 323.87, 172.78, 245.81, 98.02, 30.6, 63.9, 125, 64.56, 87.89, , , , , 
1/30/2020 9:38:15 PM, 3293.75, 9234.5, 1650.7, 327.68, 222.6, 163.93, 323.87, 172.78, 245.81, 98.02, 30.6, 63.9, 125, 64.56, 87.89, , , , , 
1/30/2020 9:38:18 PM, 3293.75, 9234.5, 1650.7, 327.68, 222.6, 163.93, 323.87, 172.78, 245.81, 98.02, 30.6, 63.9, 125, 64.56, 87.89, , , , , 
1/30/2020 9:38:21 PM, 3293.75, 9234.5, 1650.7, 327.68, 222.6, 163.93, 323.87, 172.78, 245.81, 98.02, 30.6, 63.9, 125, 64.56, 87.89, , , , , 
1/30/2020 9:38:24 PM, 3293.75, 9234.5, 1650.7, 327.68, 222.6, 163.93, 323.87, 172.78, 245.81, 98.02, 30.6, 63.9, 125, 64.56, 87.89, , , , , 
1/30/2020 9:38:27 PM, 3293.75, 9235, 1650.9, 327.68, 222.6, 163.93, 323.87, 172.78, 245.81, 98.02, 30.6, 63.9, 125, 64.56, 87.89, , , , , 
1/30/2020 9:38:30 PM, 3293.75, 9234, 1650.9, 327.68, 222.6, 163.93, 323.87, 172.78, 245.81, 98.02, 30.6, 63.9, 125, 64.56, 87.89, , , , , 
1/30/2020 9:38:33 PM, 3293.5, 9233.75, 1650.9, 327.68, 222.6, 163.93, 323.87, 172.78, 245.81, 98.02, 30.6, 63.9, 125, 64.56, 87.89, , , , , 
1/30/2020 9:38:36 PM, 3293.5, 9233.75, 1650.9, 327.68, 222.6, 163.93, 323.87, 172.78, 245.81, 98.02, 30.6, 63.9, 125, 64.56, 87.89, , , , , 
1/30/2020 9:38:39 PM, 3293.5, 9233.75, 1650.9, 327.68, 222.6, 163.93, 323.87, 172.78, 245.81, 98.02, 30.6, 63.9, 125, 64.56, 87.89, , , , , 
1/30/2020 9:38:42 PM, 3293.5, 9233.75, 1650.9, 327.68, 222.6, 163.93, 323.87, 172.78, 245.81, 98.02, 30.6, 63.9, 125, 64.56, 87.89, , , , , 
1/30/2020 9:38:45 PM, 3293.25, 9233.5, 1650.9, 327.68, 222.6, 163.93, 323.87, 172.78, 245.81, 98.02, 30.6, 63.9, 125, 64.56, 87.89, , , , , 
1/30/2020 9:38:48 PM, 3293.25, 9233.5, 1650.9, 327.68, 222.6, 163.93, 323.87, 172.78, 245.81, 98.02, 30.6, 63.9, 125, 64.56, 87.89, , , , , 
1/30/2020 9:38:51 PM, 3293.5, 9233.75, 1650.9, 327.68, 222.6, 163.93, 323.87, 172.78, 245.81, 98.02, 30.6, 63.9, 125, 64.56, 87.89, , , , , 
1/30/2020 9:38:54 PM, 3293.5, 9234, 1650.9, 327.68, 222.6, 163.93, 323.87, 172.78, 245.81, 98.02, 30.6, 63.9, 125, 64.56, 87.89, , , , , 
1/30/2020 9:38:57 PM, 3293.75, 9234, 1650.8, 327.68, 222.6, 163.93, 323.87, 172.78, 245.81, 98.02, 30.6, 63.9, 125, 64.56, 87.89, , , , , 
1/30/2020 9:39:00 PM, 3293.75, 9235, 1650.9, 327.68, 222.6, 163.93, 323.87, 172.78, 245.81, 98.02, 30.6, 63.9, 125, 64.56, 87.89, , , , , 
1/30/2020 9:39:03 PM, 3293.5, 9234, 1650.9, 327.68, 222.6, 163.93, 323.87, 172.78, 245.81, 98.02, 30.6, 63.9, 125, 64.56, 87.89, , , , , 
1/30/2020 9:39:06 PM, 3293.25, 9233.75, 1650.9, 327.68, 222.6, 163.93, 323.87, 172.78, 245.81, 98.02, 30.6, 63.9, 125, 64.56, 87.89, , , , , 
1/30/2020 9:39:10 PM, 3293.25, 9234, 1650.9, 327.68, 222.6, 163.93, 323.87, 172.78, 245.81, 98.02, 30.6, 63.9, 125, 64.56, 87.89, , , , , 
1/30/2020 9:39:13 PM, 3293.25, 9234, 1650.9, 327.68, 222.6, 163.93, 323.87, 172.78, 245.81, 98.02, 30.6, 63.9, 125, 64.56, 87.89, , , , , 
1/30/2020 9:39:16 PM, 3293.25, 9234, 1650.9, 327.68, 222.6, 163.93, 323.87, 172.78, 245.81, 98.02, 30.6, 63.9, 125, 64.56, 87.89, , , , , 
1/30/2020 9:39:19 PM, 3293.5, 9234.25, 1650.9, 327.68, 222.6, 163.93, 323.87, 172.78, 245.81, 98.02, 30.6, 63.9, 125, 64.56, 87.89, , , , , 
1/30/2020 9:39:22 PM, 3293.5, 9234.25, 1650.9, 327.68, 222.6, 163.93, 323.87, 172.78, 245.81, 98.02, 30.6, 63.9, 125, 64.56, 87.89, , , , , 
1/30/2020 9:39:25 PM, 3293.5, 9233.5, 1650.9, 327.68, 222.6, 163.93, 323.87, 172.78, 245.81, 98.02, 30.6, 63.9, 125, 64.56, 87.89, , , , , 
1/30/2020 9:39:28 PM, 3293.25, 9233, 1650.5, 327.68, 222.6, 163.93, 323.87, 172.78, 245.81, 98.02, 30.6, 63.9, 125, 64.56, 87.89, , , , , 
1/30/2020 9:39:31 PM, 3293.25, 9233, 1650.5, 327.68, 222.6, 163.93, 323.87, 172.78, 245.81, 98.02, 30.6, 63.9, 125, 64.56, 87.89, , , , , 
1/30/2020 9:39:34 PM, 3293.25, 9233.25, 1650.5, 327.68, 222.6, 163.93, 323.87, 172.78, 245.81, 98.02, 30.6, 63.9, 125, 64.56, 87.89, , , , , 
1/30/2020 9:39:37 PM, 3293.25, 9233, 1650.5, 327.68, 222.6, 163.93, 323.87, 172.78, 245.81, 98.02, 30.6, 63.9, 125, 64.56, 87.89, , , , , 
1/30/2020 9:39:40 PM, 3293.25, 9233.25, 1650.5, 327.68, 222.6, 163.93, 323.87, 172.78, 245.81, 98.02, 30.6, 63.9, 125, 64.56, 87.89, , , , , 
1/30/2020 9:39:43 PM, 3293.5, 9233.25, 1650.5, 327.68, 222.6, 163.93, 323.87, 172.78, 245.81, 98.02, 30.6, 63.9, 125, 64.56, 87.89, , , , , 
1/30/2020 9:39:46 PM, 3293.5, 9233.25, 1650.5, 327.68, 222.6, 163.93, 323.87, 172.78, 245.81, 98.02, 30.6, 63.9, 125, 64.56, 87.89, , , , , 
1/30/2020 9:39:49 PM, 3293.25, 9233.25, 1650.5, 327.68, 222.6, 163.93, 323.87, 172.78, 245.81, 98.02, 30.6, 63.9, 125, 64.56, 87.89, , , , , 
1/30/2020 9:39:52 PM, 3293.25, 9233.75, 1650.5, 327.68, 222.6, 163.93, 323.87, 172.78, 245.81, 98.02, 30.6, 63.9, 125, 64.56, 87.89, , , , , 
1/30/2020 9:39:55 PM, 3293.25, 9233.75, 1650.5, 327.68, 222.6, 163.93, 323.87, 172.78, 245.81, 98.02, 30.6, 63.9, 125, 64.56, 87.89, , , , , 
1/30/2020 9:39:58 PM, 3293.25, 9233.75, 1650.5, 327.68, 222.6, 163.93, 323.87, 172.78, 245.81, 98.02, 30.6, 63.9, 125, 64.56, 87.89, , , , , 
1/30/2020 9:40:01 PM, 3293.25, 9233, 1650.5, 327.68, 222.6, 163.93, 323.87, 172.78, 245.81, 98.02, 30.6, 63.9, 125, 64.56, 87.89, , , , , 
1/30/2020 9:40:04 PM, 3293.25, 9233, 1650.5, 327.68, 222.6, 163.93, 323.87, 172.78, 245.81, 98.02, 30.6, 63.9, 125, 64.56, 87.89, , , , , 
1/30/2020 9:40:07 PM, 3293.25, 9233, 1650.5, 327.68, 222.6, 163.93, 323.87, 172.78, 245.81, 98.02, 30.6, 63.9, 125, 64.56, 87.89, , , , , 
1/30/2020 9:40:10 PM, 3293.5, 9233.75, 1650.5, 327.68, 222.6, 163.93, 323.87, 172.78, 245.81, 98.02, 30.6, 63.9, 125, 64.56, 87.89, , , , , 
1/30/2020 9:40:13 PM, 3293.5, 9233.75, 1650.5, 327.68, 222.6, 163.93, 323.87, 172.78, 245.81, 98.02, 30.6, 63.9, 125, 64.56, 87.89, , , , , 
1/30/2020 9:40:16 PM, 3293.5, 9233.25, 1650.5, 327.68, 222.6, 163.93, 323.87, 172.78, 245.81, 98.02, 30.6, 63.9, 125, 64.56, 87.89, , , , , 
1/30/2020 9:40:19 PM, 3293.5, 9233.25, 1650.5, 327.68, 222.6, 163.93, 323.87, 172.78, 245.81, 98.02, 30.6, 63.9, 125, 64.56, 87.89, , , , , 
1/30/2020 9:40:23 PM, 3293.75, 9235.25, 1650.8, 327.68, 222.6, 163.93, 323.87, 172.78, 245.81, 98.02, 30.6, 63.9, 125, 64.56, 87.89, , , , , 
1/30/2020 9:40:26 PM, 3293.75, 9235.25, 1650.8, 327.68, 222.6, 163.93, 323.87, 172.78, 245.81, 98.02, 30.6, 63.9, 125, 64.56, 87.89, , , , , 
1/30/2020 9:40:29 PM, 3293.75, 9234.25, 1650.8, 327.68, 222.6, 163.93, 323.87, 172.78, 245.81, 98.02, 30.6, 63.9, 125, 64.56, 87.89, , , , , 
1/30/2020 9:40:32 PM, 3293.75, 9234.25, 1650.8, 327.68, 222.6, 163.93, 323.87, 172.78, 245.81, 98.02, 30.6, 63.9, 125, 64.56, 87.89, , , , , 
1/30/2020 9:40:35 PM, 3293.75, 9234.25, 1650.8, 327.68, 222.6, 163.93, 323.87, 172.78, 245.81, 98.02, 30.6, 63.9, 125, 64.56, 87.89, , , , , 
1/30/2020 9:40:38 PM, 3293.75, 9234.25, 1650.8, 327.68, 222.6, 163.93, 323.87, 172.78, 245.81, 98.02, 30.6, 63.9, 125, 64.56, 87.89, , , , , 
1/30/2020 9:40:41 PM, 3293.75, 9234.75, 1650.8, 327.68, 222.6, 163.93, 323.87, 172.78, 245.81, 98.02, 30.6, 63.9, 125, 64.56, 87.89, , , , , 
1/30/2020 9:40:44 PM, 3293.75, 9234.75, 1650.8, 327.68, 222.6, 163.93, 323.87, 172.78, 245.81, 98.02, 30.6, 63.9, 125, 64.56, 87.89, , , , , 
1/30/2020 9:40:47 PM, 3293.75, 9235.25, 1650.9, 327.68, 222.6, 163.93, 323.87, 172.78, 245.81, 98.02, 30.6, 63.9, 125, 64.56, 87.89, , , , , 
1/30/2020 9:40:50 PM, 3293.75, 9235.25, 1650.9, 327.68, 222.6, 163.93, 323.87, 172.78, 245.81, 98.02, 30.6, 63.9, 125, 64.56, 87.89, , , , , 
1/30/2020 9:40:53 PM, 3293.75, 9234.75, 1650.9, 327.68, 222.6, 163.93, 323.87, 172.78, 245.81, 98.02, 30.6, 63.9, 125, 64.56, 87.89, , , , , 
1/30/2020 9:40:56 PM, 3293.75, 9234.75, 1650.9, 327.68, 222.6, 163.93, 323.87, 172.78, 245.81, 98.02, 30.6, 63.9, 125, 64.56, 87.89, , , , , 
1/30/2020 9:40:59 PM, 3293.75, 9235.25, 1650.9, 327.68, 222.6, 163.93, 323.87, 172.78, 245.81, 98.02, 30.6, 63.9, 125, 64.56, 87.89, , , , , 
1/30/2020 9:41:02 PM, 3293.75, 9235.5, 1650.9, 327.68, 222.6, 163.93, 323.87, 172.78, 245.81, 98.02, 30.6, 63.9, 125, 64.56, 87.89, , , , , 
1/30/2020 9:41:05 PM, 3293.75, 9235, 1650.9, 327.68, 222.6, 163.93, 323.87, 172.78, 245.81, 98.02, 30.6, 63.9, 125, 64.56, 87.89, , , , , 
1/30/2020 9:41:08 PM, 3293.75, 9235, 1650.9, 327.68, 222.6, 163.93, 323.87, 172.78, 245.81, 98.02, 30.6, 63.9, 125, 64.56, 87.89, , , , , 
1/30/2020 9:41:11 PM, 3293.75, 9235, 1650.9, 327.68, 222.6, 163.93, 323.87, 172.78, 245.81, 98.02, 30.6, 63.9, 125, 64.56, 87.89, , , , , 
1/30/2020 9:41:14 PM, 3293.75, 9235, 1650.9, 327.68, 222.6, 163.93, 323.87, 172.78, 245.81, 98.02, 30.6, 63.9, 125, 64.56, 87.89, , , , , 
1/30/2020 9:41:17 PM, 3294, 9235, 1650.9, 327.68, 222.6, 163.93, 323.87, 172.78, 245.81, 98.02, 30.6, 63.9, 125, 64.56, 87.89, , , , , 
1/30/2020 9:41:20 PM, 3294, 9235.75, 1650.9, 327.68, 222.6, 163.93, 323.87, 172.78, 245.81, 98.02, 30.6, 63.9, 125, 64.56, 87.89, , , , , 
1/30/2020 9:41:23 PM, 3294.25, 9236, 1650.9, 327.68, 222.6, 163.93, 323.87, 172.78, 245.81, 98.02, 30.6, 63.9, 125, 64.56, 87.89, , , , , 
1/30/2020 9:41:26 PM, 3294.75, 9237.75, 1651.3, 327.68, 222.6, 163.93, 323.87, 172.78, 245.81, 98.02, 30.6, 63.9, 125, 64.56, 87.89, , , , , 
1/30/2020 9:41:30 PM, 3294.5, 9237.25, 1651.2, 327.68, 222.6, 163.93, 323.87, 172.78, 245.81, 98.02, 30.6, 63.9, 125, 64.56, 87.89, , , , , 
1/30/2020 9:41:33 PM, 3294.5, 9236.75, 1651.2, 327.68, 222.6, 163.93, 323.87, 172.78, 245.81, 98.02, 30.6, 63.9, 125, 64.56, 87.89, , , , , 
1/30/2020 9:41:36 PM, 3294.5, 9236.75, 1651.2, 327.68, 222.6, 163.93, 323.87, 172.78, 245.81, 98.02, 30.6, 63.9, 125, 64.56, 87.89, , , , , 
1/30/2020 9:41:39 PM, 3294.5, 9236.25, 1651.2, 327.68, 222.6, 163.93, 323.87, 172.78, 245.81, 98.02, 30.6, 63.9, 125, 64.56, 87.89, , , , , 
1/30/2020 9:41:42 PM, 3294.25, 9235.75, 1651.2, 327.68, 222.6, 163.93, 323.87, 172.78, 245.81, 98.02, 30.6, 63.9, 125, 64.56, 87.89, , , , , 
1/30/2020 9:41:45 PM, 3294.25, 9235.75, 1651.2, 327.68, 222.6, 163.93, 323.87, 172.78, 245.81, 98.02, 30.6, 63.9, 125, 64.56, 87.89, , , , , 
1/30/2020 9:41:48 PM, 3294.25, 9235.75, 1651.2, 327.68, 222.6, 163.93, 323.87, 172.78, 245.81, 98.02, 30.6, 63.9, 125, 64.56, 87.89, , , , , 
1/30/2020 9:41:51 PM, 3294, 9235.75, 1651.2, 327.68, 222.6, 163.93, 323.87, 172.78, 245.81, 98.02, 30.6, 63.9, 125, 64.56, 87.89, , , , , 
1/30/2020 9:41:54 PM, 3294, 9235.25, 1651.2, 327.68, 222.6, 163.93, 323.87, 172.78, 245.81, 98.02, 30.6, 63.9, 125, 64.56, 87.89, , , , , 
1/30/2020 9:41:57 PM, 3293.75, 9234.75, 1650.9, 327.68, 222.6, 163.93, 323.87, 172.78, 245.81, 98.02, 30.6, 63.9, 125, 64.56, 87.89, , , , , 
1/30/2020 9:42:00 PM, 3293.75, 9234.25, 1650.9, 327.68, 222.6, 163.93, 323.87, 172.78, 245.81, 98.02, 30.6, 63.9, 125, 64.56, 87.89, , , , , 
1/30/2020 9:42:03 PM, 3293.75, 9234.5, 1650.9, 327.68, 222.6, 163.93, 323.87, 172.78, 245.81, 98.02, 30.6, 63.9, 125, 64.56, 87.89, , , , , 
1/30/2020 9:42:06 PM, 3293.75, 9234.5, 1650.9, 327.68, 222.6, 163.93, 323.87, 172.78, 245.81, 98.02, 30.6, 63.9, 125, 64.56, 87.89, , , , , 
1/30/2020 9:42:09 PM, 3293.75, 9234.25, 1650.9, 327.68, 222.6, 163.93, 323.87, 172.78, 245.81, 98.02, 30.6, 63.9, 125, 64.56, 87.89, , , , , 
1/30/2020 9:42:12 PM, 3293.75, 9234.25, 1650.9, 327.68, 222.6, 163.93, 323.87, 172.78, 245.81, 98.02, 30.6, 63.9, 125, 64.56, 87.89, , , , , 
1/30/2020 9:42:15 PM, 3293.75, 9234, 1650.9, 327.68, 222.6, 163.93, 323.87, 172.78, 245.81, 98.02, 30.6, 63.9, 125, 64.56, 87.89, , , , , 
1/30/2020 9:42:18 PM, 3293.75, 9234, 1650.9, 327.68, 222.6, 163.93, 323.87, 172.78, 245.81, 98.02, 30.6, 63.9, 125, 64.56, 87.89, , , , , 
1/30/2020 9:42:22 PM, 3293.75, 9234, 1650.9, 327.68, 222.6, 163.93, 323.87, 172.78, 245.81, 98.02, 30.6, 63.9, 125, 64.56, 87.89, , , , , 
1/30/2020 9:42:25 PM, 3293.75, 9234.75, 1650.9, 327.68, 222.6, 163.93, 323.87, 172.78, 245.81, 98.02, 30.6, 63.9, 125, 64.56, 87.89, , , , , 
1/30/2020 9:42:28 PM, 3293.75, 9234.75, 1650.9, 327.68, 222.6, 163.93, 323.87, 172.78, 245.81, 98.02, 30.6, 63.9, 125, 64.56, 87.89, , , , , 
1/30/2020 9:42:31 PM, 3293.75, 9234.75, 1650.9, 327.68, 222.6, 163.93, 323.87, 172.78, 245.81, 98.02, 30.6, 63.9, 125, 64.56, 87.89, , , , , 
1/30/2020 9:42:34 PM, 3293.75, 9234.75, 1650.9, 327.68, 222.6, 163.93, 323.87, 172.78, 245.81, 98.02, 30.6, 63.9, 125, 64.56, 87.89, , , , , 
1/30/2020 9:42:37 PM, 3293.75, 9234.25, 1650.9, 327.68, 222.6, 163.93, 323.87, 172.78, 245.81, 98.02, 30.6, 63.9, 125, 64.56, 87.89, , , , , 
1/30/2020 9:42:40 PM, 3294, 9235.25, 1650.9, 327.68, 222.6, 163.93, 323.87, 172.78, 245.81, 98.02, 30.6, 63.9, 125, 64.56, 87.89, , , , , 
1/30/2020 9:42:43 PM, 3294, 9235.75, 1650.9, 327.68, 222.6, 163.93, 323.87, 172.78, 245.81, 98.02, 30.6, 63.9, 125, 64.56, 87.89, , , , , 
1/30/2020 9:42:46 PM, 3294, 9235.25, 1650.9, 327.68, 222.6, 163.93, 323.87, 172.78, 245.81, 98.02, 30.6, 63.9, 125, 64.56, 87.89, , , , , 
1/30/2020 9:42:49 PM, 3294, 9235, 1650.9, 327.68, 222.6, 163.93, 323.87, 172.78, 245.81, 98.02, 30.6, 63.9, 125, 64.56, 87.89, , , , , 
1/30/2020 9:42:52 PM, 3294, 9235, 1650.9, 327.68, 222.6, 163.93, 323.87, 172.78, 245.81, 98.02, 30.6, 63.9, 125, 64.56, 87.89, , , , , 
1/30/2020 9:42:55 PM, 3294.25, 9235.5, 1650.9, 327.68, 222.6, 163.93, 323.87, 172.78, 245.81, 98.02, 30.6, 63.9, 125, 64.56, 87.89, , , , , 
1/30/2020 9:42:58 PM, 3294.25, 9235.5, 1650.9, 327.68, 222.6, 163.93, 323.87, 172.78, 245.81, 98.02, 30.6, 63.9, 125, 64.56, 87.89, , , , , 
1/30/2020 9:43:01 PM, 3294.25, 9236.5, 1651.1, 327.68, 222.6, 163.93, 323.87, 172.78, 245.81, 98.02, 30.6, 63.9, 125, 64.56, 87.89, , , , , 
1/30/2020 9:43:04 PM, 3294.25, 9236.5, 1651.1, 327.68, 222.6, 163.93, 323.87, 172.78, 245.81, 98.02, 30.6, 63.9, 125, 64.56, 87.89, , , , , 
1/30/2020 9:43:07 PM, 3294.25, 9236.5, 1651.1, 327.68, 222.6, 163.93, 323.87, 172.78, 245.81, 98.02, 30.6, 63.9, 125, 64.56, 87.89, , , , , 
1/30/2020 9:43:10 PM, 3294.25, 9236.5, 1651.1, 327.68, 222.6, 163.93, 323.87, 172.78, 245.81, 98.02, 30.6, 63.9, 125, 64.56, 87.89, , , , , 
1/30/2020 9:43:13 PM, 3294.25, 9236.75, 1651.1, 327.68, 222.6, 163.93, 323.87, 172.78, 245.81, 98.02, 30.6, 63.9, 125, 64.56, 87.89, , , , , 
1/30/2020 9:43:16 PM, 3294.25, 9236.75, 1651.1, 327.68, 222.6, 163.93, 323.87, 172.78, 245.81, 98.02, 30.6, 63.9, 125, 64.56, 87.89, , , , , 
1/30/2020 9:43:19 PM, 3294.25, 9236.75, 1651.1, 327.68, 222.6, 163.93, 323.87, 172.78, 245.81, 98.02, 30.6, 63.9, 125, 64.56, 87.89, , , , , 
1/30/2020 9:43:23 PM, 3294.25, 9236.5, 1651.1, 327.68, 222.6, 163.93, 323.87, 172.78, 245.81, 98.02, 30.6, 63.9, 125, 64.56, 87.89, , , , , 
1/30/2020 9:43:26 PM, 3294.25, 9236.5, 1651.1, 327.68, 222.6, 163.93, 323.87, 172.78, 245.81, 98.02, 30.6, 63.9, 125, 64.56, 87.89, , , , , 
1/30/2020 9:43:29 PM, 3294, 9236.5, 1651.1, 327.68, 222.6, 163.93, 323.87, 172.78, 245.81, 98.02, 30.6, 63.9, 125, 64.56, 87.89, , , , , 
1/30/2020 9:43:32 PM, 3294.25, 9236.5, 1651.1, 327.68, 222.6, 163.93, 323.87, 172.78, 245.81, 98.02, 30.6, 63.9, 125, 64.56, 87.89, , , , , 
1/30/2020 9:43:35 PM, 3294.25, 9236.5, 1651.1, 327.68, 222.6, 163.93, 323.87, 172.78, 245.81, 98.02, 30.6, 63.9, 125, 64.56, 87.89, , , , , 
1/30/2020 9:43:38 PM, 3294.25, 9236.5, 1651.1, 327.68, 222.6, 163.93, 323.87, 172.78, 245.81, 98.02, 30.6, 63.9, 125, 64.56, 87.89, , , , , 
1/30/2020 9:43:41 PM, 3294.25, 9236.5, 1651.1, 327.68, 222.6, 163.93, 323.87, 172.78, 245.81, 98.02, 30.6, 63.9, 125, 64.56, 87.89, , , , , 
1/30/2020 9:43:44 PM, 3294, 9236, 1651, 327.68, 222.6, 163.93, 323.87, 172.78, 245.81, 98.02, 30.6, 63.9, 125, 64.56, 87.89, , , , , 
1/30/2020 9:43:47 PM, 3294, 9236, 1651, 327.68, 222.6, 163.93, 323.87, 172.78, 245.81, 98.02, 30.6, 63.9, 125, 64.56, 87.89, , , , , 
1/30/2020 9:43:50 PM, 3294, 9236, 1651, 327.68, 222.6, 163.93, 323.87, 172.78, 245.81, 98.02, 30.6, 63.9, 125, 64.56, 87.89, , , , , 
1/30/2020 9:43:53 PM, 3294.25, 9236, 1651, 327.68, 222.6, 163.93, 323.87, 172.78, 245.81, 98.02, 30.6, 63.9, 125, 64.56, 87.89, , , , , 
1/30/2020 9:43:56 PM, 3294.25, 9236, 1651, 327.68, 222.6, 163.93, 323.87, 172.78, 245.81, 98.02, 30.6, 63.9, 125, 64.56, 87.89, , , , , 
1/30/2020 9:43:59 PM, 3294.25, 9236, 1651, 327.68, 222.6, 163.93, 323.87, 172.78, 245.81, 98.02, 30.6, 63.9, 125, 64.56, 87.89, , , , , 
1/30/2020 9:44:02 PM, 3294.25, 9236.75, 1651, 327.68, 222.6, 163.93, 323.87, 172.78, 245.81, 98.02, 30.6, 63.9, 125, 64.56, 87.89, , , , , 
1/30/2020 9:44:05 PM, 3294.25, 9236.75, 1651, 327.68, 222.6, 163.93, 323.87, 172.78, 245.81, 98.02, 30.6, 63.9, 125, 64.56, 87.89, , , , , 
1/30/2020 9:44:09 PM, 3294.25, 9236.5, 1651, 327.68, 222.6, 163.93, 323.87, 172.78, 245.81, 98.02, 30.6, 63.9, 125, 64.56, 87.89, , , , , 
1/30/2020 9:44:12 PM, 3294.25, 9236.5, 1651, 327.68, 222.6, 163.93, 323.87, 172.78, 245.81, 98.02, 30.6, 63.9, 125, 64.56, 87.89, , , , , 
1/30/2020 9:44:15 PM, 3294.25, 9236.25, 1651, 327.68, 222.6, 163.93, 323.87, 172.78, 245.81, 98.02, 30.6, 63.9, 125, 64.56, 87.89, , , , , 
1/30/2020 9:44:18 PM, 3294.25, 9236.25, 1651, 327.68, 222.6, 163.93, 323.87, 172.78, 245.81, 98.02, 30.6, 63.9, 125, 64.56, 87.89, , , , , 
1/30/2020 9:44:21 PM, 3294.25, 9236.5, 1651.1, 327.68, 222.6, 163.93, 323.87, 172.78, 245.81, 98.02, 30.6, 63.9, 125, 64.56, 87.89, , , , , 
1/30/2020 9:44:24 PM, 3294.25, 9236.5, 1651.1, 327.68, 222.6, 163.93, 323.87, 172.78, 245.81, 98.02, 30.6, 63.9, 125, 64.56, 87.89, , , , , 
1/30/2020 9:44:27 PM, 3294, 9235.5, 1651, 327.68, 222.6, 163.93, 323.87, 172.78, 245.81, 98.02, 30.6, 63.9, 125, 64.56, 87.89, , , , , 
1/30/2020 9:44:30 PM, 3294, 9235.5, 1651, 327.68, 222.6, 163.93, 323.87, 172.78, 245.81, 98.02, 30.6, 63.9, 125, 64.56, 87.89, , , , , 
1/30/2020 9:44:33 PM, 3294, 9235.5, 1651, 327.68, 222.6, 163.93, 323.87, 172.78, 245.81, 98.02, 30.6, 63.9, 125, 64.56, 87.89, , , , , 
1/30/2020 9:44:36 PM, 3294, 9235.5, 1651, 327.68, 222.6, 163.93, 323.87, 172.78, 245.81, 98.02, 30.6, 63.9, 125, 64.56, 87.89, , , , , 
1/30/2020 9:44:39 PM, 3294, 9235.5, 1651, 327.68, 222.6, 163.93, 323.87, 172.78, 245.81, 98.02, 30.6, 63.9, 125, 64.56, 87.89, , , , , 
1/30/2020 9:44:42 PM, 3294, 9236, 1651, 327.68, 222.6, 163.93, 323.87, 172.78, 245.81, 98.02, 30.6, 63.9, 125, 64.56, 87.89, , , , , 
1/30/2020 9:44:45 PM, 3294, 9235.25, 1651, 327.68, 222.6, 163.93, 323.87, 172.78, 245.81, 98.02, 30.6, 63.9, 125, 64.56, 87.89, , , , , 
1/30/2020 9:44:48 PM, 3294, 9235.25, 1651, 327.68, 222.6, 163.93, 323.87, 172.78, 245.81, 98.02, 30.6, 63.9, 125, 64.56, 87.89, , , , , 
1/30/2020 9:44:51 PM, 3294, 9235.75, 1651, 327.68, 222.6, 163.93, 323.87, 172.78, 245.81, 98.02, 30.6, 63.9, 125, 64.56, 87.89, , , , , 
1/30/2020 9:44:54 PM, 3294, 9236.25, 1651, 327.68, 222.6, 163.93, 323.87, 172.78, 245.81, 98.02, 30.6, 63.9, 125, 64.56, 87.89, , , , , 
1/30/2020 9:44:57 PM, 3294, 9234.75, 1651, 327.68, 222.6, 163.93, 323.87, 172.78, 245.81, 98.02, 30.6, 63.9, 125, 64.56, 87.89, , , , , 
1/30/2020 9:45:00 PM, 3294, 9235.5, 1651, 327.68, 222.6, 163.93, 323.87, 172.78, 245.81, 98.02, 30.6, 63.9, 125, 64.56, 87.89, , , , , 
1/30/2020 9:45:03 PM, 3294, 9235.25, 1651, 327.68, 222.6, 163.93, 323.87, 172.78, 245.81, 98.02, 30.6, 63.9, 125, 64.56, 87.89, , , , , 
1/30/2020 9:45:06 PM, 3293.75, 9234.5, 1650.8, 327.68, 222.6, 163.93, 323.87, 172.78, 245.81, 98.02, 30.6, 63.9, 125, 64.56, 87.89, , , , , 
1/30/2020 9:45:09 PM, 3293.75, 9234, 1650.8, 327.68, 222.6, 163.93, 323.87, 172.78, 245.81, 98.02, 30.6, 63.9, 125, 64.56, 87.89, , , , , 
1/30/2020 9:45:13 PM, 3293.75, 9234, 1650.8, 327.68, 222.6, 163.93, 323.87, 172.78, 245.81, 98.02, 30.6, 63.9, 125, 64.56, 87.89, , , , , 
1/30/2020 9:45:16 PM, 3293.75, 9235, 1650.8, 327.68, 222.6, 163.93, 323.87, 172.78, 245.81, 98.02, 30.6, 63.9, 125, 64.56, 87.89, , , , , 
1/30/2020 9:45:19 PM, 3293.75, 9235, 1650.8, 327.68, 222.6, 163.93, 323.87, 172.78, 245.81, 98.02, 30.6, 63.9, 125, 64.56, 87.89, , , , , 
1/30/2020 9:45:22 PM, 3293.75, 9234.75, 1650.8, 327.68, 222.6, 163.93, 323.87, 172.78, 245.81, 98.02, 30.6, 63.9, 125, 64.56, 87.89, , , , , 
1/30/2020 9:45:25 PM, 3293.75, 9234.75, 1650.8, 327.68, 222.6, 163.93, 323.87, 172.78, 245.81, 98.02, 30.6, 63.9, 125, 64.56, 87.89, , , , , 
1/30/2020 9:45:28 PM, 3293.75, 9234.75, 1650.8, 327.68, 222.6, 163.93, 323.87, 172.78, 245.81, 98.02, 30.6, 63.9, 125, 64.56, 87.89, , , , , 
1/30/2020 9:45:31 PM, 3293.75, 9234.25, 1650.8, 327.68, 222.6, 163.93, 323.87, 172.78, 245.81, 98.02, 30.6, 63.9, 125, 64.56, 87.89, , , , , 
1/30/2020 9:45:34 PM, 3293.75, 9234.5, 1650.8, 327.68, 222.6, 163.93, 323.87, 172.78, 245.81, 98.02, 30.6, 63.9, 125, 64.56, 87.89, , , , , 
1/30/2020 9:45:37 PM, 3293.75, 9234.5, 1650.8, 327.68, 222.6, 163.93, 323.87, 172.78, 245.81, 98.02, 30.6, 63.9, 125, 64.56, 87.89, , , , , 
1/30/2020 9:45:40 PM, 3293.75, 9234.75, 1650.8, 327.68, 222.6, 163.93, 323.87, 172.78, 245.81, 98.02, 30.6, 63.9, 125, 64.56, 87.89, , , , , 
1/30/2020 9:45:43 PM, 3293.75, 9234.5, 1650.8, 327.68, 222.6, 163.93, 323.87, 172.78, 245.81, 98.02, 30.6, 63.9, 125, 64.56, 87.89, , , , , 
1/30/2020 9:45:46 PM, 3293.75, 9234.75, 1650.8, 327.68, 222.6, 163.93, 323.87, 172.78, 245.81, 98.02, 30.6, 63.9, 125, 64.56, 87.89, , , , , 
1/30/2020 9:45:49 PM, 3293.75, 9234.75, 1650.8, 327.68, 222.6, 163.93, 323.87, 172.78, 245.81, 98.02, 30.6, 63.9, 125, 64.56, 87.89, , , , , 
1/30/2020 9:45:52 PM, 3293.75, 9234.75, 1650.8, 327.68, 222.6, 163.93, 323.87, 172.78, 245.81, 98.02, 30.6, 63.9, 125, 64.56, 87.89, , , , , 
1/30/2020 9:45:55 PM, 3293.75, 9234.5, 1650.8, 327.68, 222.6, 163.93, 323.87, 172.78, 245.81, 98.02, 30.6, 63.9, 125, 64.56, 87.89, , , , , 
1/30/2020 9:45:58 PM, 3293.75, 9234.75, 1650.8, 327.68, 222.6, 163.93, 323.87, 172.78, 245.81, 98.02, 30.6, 63.9, 125, 64.56, 87.89, , , , , 
1/30/2020 9:46:01 PM, 3293.75, 9234.75, 1650.8, 327.68, 222.6, 163.93, 323.87, 172.78, 245.81, 98.02, 30.6, 63.9, 125, 64.56, 87.89, , , , , 
1/30/2020 9:46:04 PM, 3293.75, 9234.5, 1650.8, 327.68, 222.6, 163.93, 323.87, 172.78, 245.81, 98.02, 30.6, 63.9, 125, 64.56, 87.89, , , , , 
1/30/2020 9:46:07 PM, 3293.75, 9234.75, 1650.8, 327.68, 222.6, 163.93, 323.87, 172.78, 245.81, 98.02, 30.6, 63.9, 125, 64.56, 87.89, , , , , 
1/30/2020 9:46:11 PM, 3293.75, 9234.75, 1650.8, 327.68, 222.6, 163.93, 323.87, 172.78, 245.81, 98.02, 30.6, 63.9, 125, 64.56, 87.89, , , , , 
1/30/2020 9:46:14 PM, 3294, 9234.75, 1650.8, 327.68, 222.6, 163.93, 323.87, 172.78, 245.81, 98.02, 30.6, 63.9, 125, 64.56, 87.89, , , , , 
1/30/2020 9:46:17 PM, 3294, 9235, 1650.8, 327.68, 222.6, 163.93, 323.87, 172.78, 245.81, 98.02, 30.6, 63.9, 125, 64.56, 87.89, , , , , 
1/30/2020 9:46:20 PM, 3294, 9235.5, 1650.8, 327.68, 222.6, 163.93, 323.87, 172.78, 245.81, 98.02, 30.6, 63.9, 125, 64.56, 87.89, , , , , 
1/30/2020 9:46:23 PM, 3294.25, 9236, 1650.8, 327.68, 222.6, 163.93, 323.87, 172.78, 245.81, 98.02, 30.6, 63.9, 125, 64.56, 87.89, , , , , 
1/30/2020 9:46:26 PM, 3294.25, 9236, 1650.8, 327.68, 222.6, 163.93, 323.87, 172.78, 245.81, 98.02, 30.6, 63.9, 125, 64.56, 87.89, , , , , 
1/30/2020 9:46:29 PM, 3294.25, 9236.5, 1650.8, 327.68, 222.6, 163.93, 323.87, 172.78, 245.81, 98.02, 30.6, 63.9, 125, 64.56, 87.89, , , , , 
1/30/2020 9:46:32 PM, 3294.25, 9236.5, 1650.8, 327.68, 222.6, 163.93, 323.87, 172.78, 245.81, 98.02, 30.6, 63.9, 125, 64.56, 87.89, , , , , 
1/30/2020 9:46:35 PM, 3294.25, 9235.5, 1650.8, 327.68, 222.6, 163.93, 323.87, 172.78, 245.81, 98.02, 30.6, 63.9, 125, 64.56, 87.89, , , , , 
1/30/2020 9:46:38 PM, 3294.25, 9235.5, 1650.8, 327.68, 222.6, 163.93, 323.87, 172.78, 245.81, 98.02, 30.6, 63.9, 125, 64.56, 87.89, , , , , 
1/30/2020 9:46:41 PM, 3294.25, 9235.25, 1650.8, 327.68, 222.6, 163.93, 323.87, 172.78, 245.81, 98.02, 30.6, 63.9, 125, 64.56, 87.89, , , , , 
1/30/2020 9:46:44 PM, 3294, 9235, 1650.8, 327.68, 222.6, 163.93, 323.87, 172.78, 245.81, 98.02, 30.6, 63.9, 125, 64.56, 87.89, , , , , 
1/30/2020 9:46:47 PM, 3293.75, 9235, 1650.8, 327.68, 222.6, 163.93, 323.87, 172.78, 245.81, 98.02, 30.6, 63.9, 125, 64.56, 87.89, , , , , 
1/30/2020 9:46:50 PM, 3293.75, 9234.5, 1650.8, 327.68, 222.6, 163.93, 323.87, 172.78, 245.81, 98.02, 30.6, 63.9, 125, 64.56, 87.89, , , , , 
1/30/2020 9:46:53 PM, 3293.75, 9234.25, 1650.8, 327.68, 222.6, 163.93, 323.87, 172.78, 245.81, 98.02, 30.6, 63.9, 125, 64.56, 87.89, , , , , 
1/30/2020 9:46:56 PM, 3293.75, 9234, 1650.8, 327.68, 222.6, 163.93, 323.87, 172.78, 245.81, 98.02, 30.6, 63.9, 125, 64.56, 87.89, , , , , 
1/30/2020 9:46:59 PM, 3293.75, 9234, 1650.8, 327.68, 222.6, 163.93, 323.87, 172.78, 245.81, 98.02, 30.6, 63.9, 125, 64.56, 87.89, , , , , 
1/30/2020 9:47:02 PM, 3293.75, 9234.25, 1650.8, 327.68, 222.6, 163.93, 323.87, 172.78, 245.81, 98.02, 30.6, 63.9, 125, 64.56, 87.89, , , , , 
1/30/2020 9:47:05 PM, 3293.75, 9234.5, 1650.8, 327.68, 222.6, 163.93, 323.87, 172.78, 245.81, 98.02, 30.6, 63.9, 125, 64.56, 87.89, , , , , 
1/30/2020 9:47:08 PM, 3293.75, 9235, 1650.8, 327.68, 222.6, 163.93, 323.87, 172.78, 245.81, 98.02, 30.6, 63.9, 125, 64.56, 87.89, , , , , 
1/30/2020 9:47:12 PM, 3293.75, 9235, 1650.8, 327.68, 222.6, 163.93, 323.87, 172.78, 245.81, 98.02, 30.6, 63.9, 125, 64.56, 87.89, , , , , 
1/30/2020 9:47:15 PM, 3294, 9235.25, 1650.8, 327.68, 222.6, 163.93, 323.87, 172.78, 245.81, 98.02, 30.6, 63.9, 125, 64.56, 87.89, , , , , 
1/30/2020 9:47:18 PM, 3294, 9235.25, 1650.8, 327.68, 222.6, 163.93, 323.87, 172.78, 245.81, 98.02, 30.6, 63.9, 125, 64.56, 87.89, , , , , 
1/30/2020 9:47:21 PM, 3294, 9235.25, 1650.8, 327.68, 222.6, 163.93, 323.87, 172.78, 245.81, 98.02, 30.6, 63.9, 125, 64.56, 87.89, , , , , 
1/30/2020 9:47:24 PM, 3294, 9235, 1650.8, 327.68, 222.6, 163.93, 323.87, 172.78, 245.81, 98.02, 30.6, 63.9, 125, 64.56, 87.89, , , , , 
1/30/2020 9:47:27 PM, 3294, 9235, 1650.8, 327.68, 222.6, 163.93, 323.87, 172.78, 245.81, 98.02, 30.6, 63.9, 125, 64.56, 87.89, , , , , 
1/30/2020 9:47:30 PM, 3294, 9235, 1650.8, 327.68, 222.6, 163.93, 323.87, 172.78, 245.81, 98.02, 30.6, 63.9, 125, 64.56, 87.89, , , , , 
1/30/2020 9:47:33 PM, 3294, 9236, 1650.8, 327.68, 222.6, 163.93, 323.87, 172.78, 245.81, 98.02, 30.6, 63.9, 125, 64.56, 87.89, , , , , 
1/30/2020 9:47:36 PM, 3294, 9236, 1650.8, 327.68, 222.6, 163.93, 323.87, 172.78, 245.81, 98.02, 30.6, 63.9, 125, 64.56, 87.89, , , , , 
1/30/2020 9:47:39 PM, 3294, 9236, 1650.8, 327.68, 222.6, 163.93, 323.87, 172.78, 245.81, 98.02, 30.6, 63.9, 125, 64.56, 87.89, , , , , 
1/30/2020 9:47:42 PM, 3294, 9236.25, 1650.8, 327.68, 222.6, 163.93, 323.87, 172.78, 245.81, 98.02, 30.6, 63.9, 125, 64.56, 87.89, , , , , 
1/30/2020 9:47:45 PM, 3294, 9236.5, 1650.8, 327.68, 222.6, 163.93, 323.87, 172.78, 245.81, 98.02, 30.6, 63.9, 125, 64.56, 87.89, , , , , 
1/30/2020 9:47:48 PM, 3294, 9236.5, 1650.8, 327.68, 222.6, 163.93, 323.87, 172.78, 245.81, 98.02, 30.6, 63.9, 125, 64.56, 87.89, , , , , 
1/30/2020 9:47:51 PM, 3294, 9236.5, 1650.8, 327.68, 222.6, 163.93, 323.87, 172.78, 245.81, 98.02, 30.6, 63.9, 125, 64.56, 87.89, , , , , 
1/30/2020 9:47:54 PM, 3294, 9235.75, 1650.8, 327.68, 222.6, 163.93, 323.87, 172.78, 245.81, 98.02, 30.6, 63.9, 125, 64.56, 87.89, , , , , 
1/30/2020 9:47:57 PM, 3294, 9236.5, 1650.8, 327.68, 222.6, 163.93, 323.87, 172.78, 245.81, 98.02, 30.6, 63.9, 125, 64.56, 87.89, , , , , 
1/30/2020 9:48:00 PM, 3294, 9236.5, 1650.8, 327.68, 222.6, 163.93, 323.87, 172.78, 245.81, 98.02, 30.6, 63.9, 125, 64.56, 87.89, , , , , 
1/30/2020 9:48:03 PM, 3294, 9236, 1650.8, 327.68, 222.6, 163.93, 323.87, 172.78, 245.81, 98.02, 30.6, 63.9, 125, 64.56, 87.89, , , , , 
1/30/2020 9:48:07 PM, 3294, 9236, 1650.8, 327.68, 222.6, 163.93, 323.87, 172.78, 245.81, 98.02, 30.6, 63.9, 125, 64.56, 87.89, , , , , 
1/30/2020 9:48:10 PM, 3294, 9235.75, 1650.8, 327.68, 222.6, 163.93, 323.87, 172.78, 245.81, 98.02, 30.6, 63.9, 125, 64.56, 87.89, , , , , 
1/30/2020 9:48:13 PM, 3294, 9235.25, 1650.8, 327.68, 222.6, 163.93, 323.87, 172.78, 245.81, 98.02, 30.6, 63.9, 125, 64.56, 87.89, , , , , 
1/30/2020 9:48:16 PM, 3294, 9235, 1650.8, 327.68, 222.6, 163.93, 323.87, 172.78, 245.81, 98.02, 30.6, 63.9, 125, 64.56, 87.89, , , , , 
1/30/2020 9:48:19 PM, 3293.75, 9234, 1650.8, 327.68, 222.6, 163.93, 323.87, 172.78, 245.81, 98.02, 30.6, 63.9, 125, 64.56, 87.89, , , , , 
1/30/2020 9:48:22 PM, 3294, 9235.5, 1650.8, 327.68, 222.6, 163.93, 323.87, 172.78, 245.81, 98.02, 30.6, 63.9, 125, 64.56, 87.89, , , , , 
1/30/2020 9:48:25 PM, 3294.25, 9237.5, 1650.8, 327.68, 222.6, 163.93, 323.87, 172.78, 245.81, 98.02, 30.6, 63.9, 125, 64.56, 87.89, , , , , 
1/30/2020 9:48:28 PM, 3294.25, 9237.5, 1650.8, 327.68, 222.6, 163.93, 323.87, 172.78, 245.81, 98.02, 30.6, 63.9, 125, 64.56, 87.89, , , , , 
1/30/2020 9:48:31 PM, 3294.25, 9237.25, 1650.8, 327.68, 222.6, 163.93, 323.87, 172.78, 245.81, 98.02, 30.6, 63.9, 125, 64.56, 87.89, , , , , 
1/30/2020 9:48:34 PM, 3294.5, 9237.5, 1650.8, 327.68, 222.6, 163.93, 323.87, 172.78, 245.81, 98.02, 30.6, 63.9, 125, 64.56, 87.89, , , , , 
1/30/2020 9:48:37 PM, 3294.5, 9238, 1650.8, 327.68, 222.6, 163.93, 323.87, 172.78, 245.81, 98.02, 30.6, 63.9, 125, 64.56, 87.89, , , , , 
1/30/2020 9:48:40 PM, 3294.5, 9238, 1650.8, 327.68, 222.6, 163.93, 323.87, 172.78, 245.81, 98.02, 30.6, 63.9, 125, 64.56, 87.89, , , , , 
1/30/2020 9:48:43 PM, 3294.5, 9238.25, 1651, 327.68, 222.6, 163.93, 323.87, 172.78, 245.81, 98.02, 30.6, 63.9, 125, 64.56, 87.89, , , , , 
1/30/2020 9:48:46 PM, 3294.5, 9238.25, 1651, 327.68, 222.6, 163.93, 323.87, 172.78, 245.81, 98.02, 30.6, 63.9, 125, 64.56, 87.89, , , , , 
1/30/2020 9:48:49 PM, 3294.5, 9237.5, 1650.9, 327.68, 222.6, 163.93, 323.87, 172.78, 245.81, 98.02, 30.6, 63.9, 125, 64.56, 87.89, , , , , 
1/30/2020 9:48:52 PM, 3294.5, 9237.5, 1650.9, 327.68, 222.6, 163.93, 323.87, 172.78, 245.81, 98.02, 30.6, 63.9, 125, 64.56, 87.89, , , , , 
1/30/2020 9:48:55 PM, 3294.5, 9236.75, 1650.9, 327.68, 222.6, 163.93, 323.87, 172.78, 245.81, 98.02, 30.6, 63.9, 125, 64.56, 87.89, , , , , 
1/30/2020 9:48:58 PM, 3294.5, 9236.75, 1650.9, 327.68, 222.6, 163.93, 323.87, 172.78, 245.81, 98.02, 30.6, 63.9, 125, 64.56, 87.89, , , , , 
1/30/2020 9:49:01 PM, 3294.25, 9236.75, 1650.9, 327.68, 222.6, 163.93, 323.87, 172.78, 245.81, 98.02, 30.6, 63.9, 125, 64.56, 87.89, , , , , 
1/30/2020 9:49:04 PM, 3294.25, 9236.75, 1650.9, 327.68, 222.6, 163.93, 323.87, 172.78, 245.81, 98.02, 30.6, 63.9, 125, 64.56, 87.89, , , , , 
1/30/2020 9:49:07 PM, 3294.25, 9236.75, 1650.9, 327.68, 222.6, 163.93, 323.87, 172.78, 245.81, 98.02, 30.6, 63.9, 125, 64.56, 87.89, , , , , 
1/30/2020 9:49:11 PM, 3294, 9236, 1650.9, 327.68, 222.6, 163.93, 323.87, 172.78, 245.81, 98.02, 30.6, 63.9, 125, 64.56, 87.89, , , , , 
1/30/2020 9:49:14 PM, 3294, 9236, 1650.9, 327.68, 222.6, 163.93, 323.87, 172.78, 245.81, 98.02, 30.6, 63.9, 125, 64.56, 87.89, , , , , 
1/30/2020 9:49:17 PM, 3294, 9236, 1650.9, 327.68, 222.6, 163.93, 323.87, 172.78, 245.81, 98.02, 30.6, 63.9, 125, 64.56, 87.89, , , , , 
1/30/2020 9:49:20 PM, 3294, 9236, 1650.9, 327.68, 222.6, 163.93, 323.87, 172.78, 245.81, 98.02, 30.6, 63.9, 125, 64.56, 87.89, , , , , 
1/30/2020 9:49:23 PM, 3294.5, 9237.75, 1650.9, 327.68, 222.6, 163.93, 323.87, 172.78, 245.81, 98.02, 30.6, 63.9, 125, 64.56, 87.89, , , , , 
1/30/2020 9:49:26 PM, 3294.5, 9237.75, 1650.9, 327.68, 222.6, 163.93, 323.87, 172.78, 245.81, 98.02, 30.6, 63.9, 125, 64.56, 87.89, , , , , 
1/30/2020 9:49:29 PM, 3294.5, 9238.5, 1650.9, 327.68, 222.6, 163.93, 323.87, 172.78, 245.81, 98.02, 30.6, 63.9, 125, 64.56, 87.89, , , , , 
1/30/2020 9:49:32 PM, 3294.75, 9239, 1650.9, 327.68, 222.6, 163.93, 323.87, 172.78, 245.81, 98.02, 30.6, 63.9, 125, 64.56, 87.89, , , , , 
1/30/2020 9:49:35 PM, 3294.75, 9238.75, 1650.9, 327.68, 222.6, 163.93, 323.87, 172.78, 245.81, 98.02, 30.6, 63.9, 125, 64.56, 87.89, , , , , 
1/30/2020 9:49:38 PM, 3294.75, 9239, 1650.9, 327.68, 222.6, 163.93, 323.87, 172.78, 245.81, 98.02, 30.6, 63.9, 125, 64.56, 87.89, , , , , 
1/30/2020 9:49:41 PM, 3294.75, 9239, 1650.9, 327.68, 222.6, 163.93, 323.87, 172.78, 245.81, 98.02, 30.6, 63.9, 125, 64.56, 87.89, , , , , 
1/30/2020 9:49:44 PM, 3294.75, 9239, 1650.9, 327.68, 222.6, 163.93, 323.87, 172.78, 245.81, 98.02, 30.6, 63.9, 125, 64.56, 87.89, , , , , 
1/30/2020 9:49:47 PM, 3294.75, 9239.5, 1651, 327.68, 222.6, 163.93, 323.87, 172.78, 245.81, 98.02, 30.6, 63.9, 125, 64.56, 87.89, , , , , 
1/30/2020 9:49:50 PM, 3294.75, 9239, 1651, 327.68, 222.6, 163.93, 323.87, 172.78, 245.81, 98.02, 30.6, 63.9, 125, 64.56, 87.89, , , , , 
1/30/2020 9:49:53 PM, 3294.5, 9239, 1651, 327.68, 222.6, 163.93, 323.87, 172.78, 245.81, 98.02, 30.6, 63.9, 125, 64.56, 87.89, , , , , 
1/30/2020 9:49:56 PM, 3294.75, 9239.25, 1651, 327.68, 222.6, 163.93, 323.87, 172.78, 245.81, 98.02, 30.6, 63.9, 125, 64.56, 87.89, , , , , 
1/30/2020 9:49:59 PM, 3294.75, 9239.25, 1651, 327.68, 222.6, 163.93, 323.87, 172.78, 245.81, 98.02, 30.6, 63.9, 125, 64.56, 87.89, , , , , 
1/30/2020 9:50:02 PM, 3294.75, 9239, 1651, 327.68, 222.6, 163.93, 323.87, 172.78, 245.81, 98.02, 30.6, 63.9, 125, 64.56, 87.89, , , , , 
1/30/2020 9:50:05 PM, 3294.75, 9238.25, 1651, 327.68, 222.6, 163.93, 323.87, 172.78, 245.81, 98.02, 30.6, 63.9, 125, 64.56, 87.89, , , , , 
1/30/2020 9:50:08 PM, 3294.75, 9238.75, 1651, 327.68, 222.6, 163.93, 323.87, 172.78, 245.81, 98.02, 30.6, 63.9, 125, 64.56, 87.89, , , , , 
1/30/2020 9:50:11 PM, 3294.75, 9239, 1651, 327.68, 222.6, 163.93, 323.87, 172.78, 245.81, 98.02, 30.6, 63.9, 125, 64.56, 87.89, , , , , 
1/30/2020 9:50:15 PM, 3294.75, 9239, 1651, 327.68, 222.6, 163.93, 323.87, 172.78, 245.81, 98.02, 30.6, 63.9, 125, 64.56, 87.89, , , , , 
1/30/2020 9:50:18 PM, 3295, 9239.25, 1651.1, 327.68, 222.6, 163.93, 323.87, 172.78, 245.81, 98.02, 30.6, 63.9, 125, 64.56, 87.89, , , , , 
1/30/2020 9:50:21 PM, 3295, 9239.25, 1651.1, 327.68, 222.6, 163.93, 323.87, 172.78, 245.81, 98.02, 30.6, 63.9, 125, 64.56, 87.89, , , , , 
1/30/2020 9:50:24 PM, 3295, 9239.25, 1651.1, 327.68, 222.6, 163.93, 323.87, 172.78, 245.81, 98.02, 30.6, 63.9, 125, 64.56, 87.89, , , , , 
1/30/2020 9:50:27 PM, 3295, 9239.25, 1651.1, 327.68, 222.6, 163.93, 323.87, 172.78, 245.81, 98.02, 30.6, 63.9, 125, 64.56, 87.89, , , , , 
1/30/2020 9:50:30 PM, 3295, 9238.5, 1651.1, 327.68, 222.6, 163.93, 323.87, 172.78, 245.81, 98.02, 30.6, 63.9, 125, 64.56, 87.89, , , , , 
1/30/2020 9:50:33 PM, 3295, 9238.5, 1651.1, 327.68, 222.6, 163.93, 323.87, 172.78, 245.81, 98.02, 30.6, 63.9, 125, 64.56, 87.89, , , , , 
1/30/2020 9:50:36 PM, 3295, 9238.25, 1651.1, 327.68, 222.6, 163.93, 323.87, 172.78, 245.81, 98.02, 30.6, 63.9, 125, 64.56, 87.89, , , , , 
1/30/2020 9:50:39 PM, 3295, 9238.25, 1651.1, 327.68, 222.6, 163.93, 323.87, 172.78, 245.81, 98.02, 30.6, 63.9, 125, 64.56, 87.89, , , , , 
1/30/2020 9:50:42 PM, 3295, 9239, 1651.2, 327.68, 222.6, 163.93, 323.87, 172.78, 245.81, 98.02, 30.6, 63.9, 125, 64.56, 87.89, , , , , 
1/30/2020 9:50:45 PM, 3295, 9239, 1651.2, 327.68, 222.6, 163.93, 323.87, 172.78, 245.81, 98.02, 30.6, 63.9, 125, 64.56, 87.89, , , , , 
1/30/2020 9:50:48 PM, 3295, 9239, 1651.2, 327.68, 222.6, 163.93, 323.87, 172.78, 245.81, 98.02, 30.6, 63.9, 125, 64.56, 87.89, , , , , 
1/30/2020 9:50:51 PM, 3295, 9239, 1651.2, 327.68, 222.6, 163.93, 323.87, 172.78, 245.81, 98.02, 30.6, 63.9, 125, 64.56, 87.89, , , , , 
1/30/2020 9:50:54 PM, 3295, 9239.25, 1651.2, 327.68, 222.6, 163.93, 323.87, 172.78, 245.81, 98.02, 30.6, 63.9, 125, 64.56, 87.89, , , , , 
1/30/2020 9:50:57 PM, 3295, 9239.25, 1651.2, 327.68, 222.6, 163.93, 323.87, 172.78, 245.81, 98.02, 30.6, 63.9, 125, 64.56, 87.89, , , , , 
1/30/2020 9:51:00 PM, 3295, 9238.5, 1651.2, 327.68, 222.6, 163.93, 323.87, 172.78, 245.81, 98.02, 30.6, 63.9, 125, 64.56, 87.89, , , , , 
1/30/2020 9:51:03 PM, 3295, 9238.5, 1651.2, 327.68, 222.6, 163.93, 323.87, 172.78, 245.81, 98.02, 30.6, 63.9, 125, 64.56, 87.89, , , , , 
1/30/2020 9:51:06 PM, 3295.25, 9239.5, 1651.3, 327.68, 222.6, 163.93, 323.87, 172.78, 245.81, 98.02, 30.6, 63.9, 125, 64.56, 87.89, , , , , 
1/30/2020 9:51:10 PM, 3295.25, 9239.5, 1651.3, 327.68, 222.6, 163.93, 323.87, 172.78, 245.81, 98.02, 30.6, 63.9, 125, 64.56, 87.89, , , , , 
1/30/2020 9:51:13 PM, 3295.25, 9239.5, 1651.3, 327.68, 222.6, 163.93, 323.87, 172.78, 245.81, 98.02, 30.6, 63.9, 125, 64.56, 87.89, , , , , 
1/30/2020 9:51:16 PM, 3295.25, 9240, 1651.3, 327.68, 222.6, 163.93, 323.87, 172.78, 245.81, 98.02, 30.6, 63.9, 125, 64.56, 87.89, , , , , 
1/30/2020 9:51:19 PM, 3295.25, 9240, 1651.3, 327.68, 222.6, 163.93, 323.87, 172.78, 245.81, 98.02, 30.6, 63.9, 125, 64.56, 87.89, , , , , 
1/30/2020 9:51:22 PM, 3295.25, 9240, 1651.3, 327.68, 222.6, 163.93, 323.87, 172.78, 245.81, 98.02, 30.6, 63.9, 125, 64.56, 87.89, , , , , 
1/30/2020 9:51:25 PM, 3295, 9239.5, 1651.3, 327.68, 222.6, 163.93, 323.87, 172.78, 245.81, 98.02, 30.6, 63.9, 125, 64.56, 87.89, , , , , 
1/30/2020 9:51:28 PM, 3295.25, 9240, 1651.3, 327.68, 222.6, 163.93, 323.87, 172.78, 245.81, 98.02, 30.6, 63.9, 125, 64.56, 87.89, , , , , 
1/30/2020 9:51:31 PM, 3295.25, 9240, 1651.3, 327.68, 222.6, 163.93, 323.87, 172.78, 245.81, 98.02, 30.6, 63.9, 125, 64.56, 87.89, , , , , 
1/30/2020 9:51:34 PM, 3295.25, 9240, 1651.3, 327.68, 222.6, 163.93, 323.87, 172.78, 245.81, 98.02, 30.6, 63.9, 125, 64.56, 87.89, , , , , 
1/30/2020 9:51:37 PM, 3295.25, 9240, 1651.3, 327.68, 222.6, 163.93, 323.87, 172.78, 245.81, 98.02, 30.6, 63.9, 125, 64.56, 87.89, , , , , 
1/30/2020 9:51:40 PM, 3295, 9239.25, 1651.3, 327.68, 222.6, 163.93, 323.87, 172.78, 245.81, 98.02, 30.6, 63.9, 125, 64.56, 87.89, , , , , 
1/30/2020 9:51:43 PM, 3295, 9239.25, 1651.3, 327.68, 222.6, 163.93, 323.87, 172.78, 245.81, 98.02, 30.6, 63.9, 125, 64.56, 87.89, , , , , 
1/30/2020 9:51:46 PM, 3295, 9239.25, 1651.3, 327.68, 222.6, 163.93, 323.87, 172.78, 245.81, 98.02, 30.6, 63.9, 125, 64.56, 87.89, , , , , 
1/30/2020 9:51:49 PM, 3295, 9239.25, 1651.3, 327.68, 222.6, 163.93, 323.87, 172.78, 245.81, 98.02, 30.6, 63.9, 125, 64.56, 87.89, , , , , 
1/30/2020 9:51:52 PM, 3295, 9239.5, 1651.3, 327.68, 222.6, 163.93, 323.87, 172.78, 245.81, 98.02, 30.6, 63.9, 125, 64.56, 87.89, , , , , 
1/30/2020 9:51:55 PM, 3295.25, 9239.25, 1651.3, 327.68, 222.6, 163.93, 323.87, 172.78, 245.81, 98.02, 30.6, 63.9, 125, 64.56, 87.89, , , , , 
1/30/2020 9:51:58 PM, 3295.25, 9239, 1651.3, 327.68, 222.6, 163.93, 323.87, 172.78, 245.81, 98.02, 30.6, 63.9, 125, 64.56, 87.89, , , , , 
1/30/2020 9:52:01 PM, 3295.25, 9239.25, 1651.3, 327.68, 222.6, 163.93, 323.87, 172.78, 245.81, 98.02, 30.6, 63.9, 125, 64.56, 87.89, , , , , 
1/30/2020 9:52:04 PM, 3295, 9239, 1651.3, 327.68, 222.6, 163.93, 323.87, 172.78, 245.81, 98.02, 30.6, 63.9, 125, 64.56, 87.89, , , , , 
1/30/2020 9:52:07 PM, 3295.25, 9239.5, 1651.3, 327.68, 222.6, 163.93, 323.87, 172.78, 245.81, 98.02, 30.6, 63.9, 125, 64.56, 87.89, , , , , 
1/30/2020 9:52:11 PM, 3295.25, 9239.25, 1651.3, 327.68, 222.6, 163.93, 323.87, 172.78, 245.81, 98.02, 30.6, 63.9, 125, 64.56, 87.89, , , , , 
1/30/2020 9:52:14 PM, 3295.25, 9239.25, 1651.3, 327.68, 222.6, 163.93, 323.87, 172.78, 245.81, 98.02, 30.6, 63.9, 125, 64.56, 87.89, , , , , 
1/30/2020 9:52:17 PM, 3295.25, 9239.25, 1651.3, 327.68, 222.6, 163.93, 323.87, 172.78, 245.81, 98.02, 30.6, 63.9, 125, 64.56, 87.89, , , , , 
1/30/2020 9:52:20 PM, 3295.25, 9239.25, 1651.3, 327.68, 222.6, 163.93, 323.87, 172.78, 245.81, 98.02, 30.6, 63.9, 125, 64.56, 87.89, , , , , 
1/30/2020 9:52:23 PM, 3295.25, 9239.25, 1651.3, 327.68, 222.6, 163.93, 323.87, 172.78, 245.81, 98.02, 30.6, 63.9, 125, 64.56, 87.89, , , , , 
1/30/2020 9:52:26 PM, 3295.25, 9240, 1651.4, 327.68, 222.6, 163.93, 323.87, 172.78, 245.81, 98.02, 30.6, 63.9, 125, 64.56, 87.89, , , , , 
1/30/2020 9:52:29 PM, 3295.25, 9240, 1651.4, 327.68, 222.6, 163.93, 323.87, 172.78, 245.81, 98.02, 30.6, 63.9, 125, 64.56, 87.89, , , , , 
1/30/2020 9:52:32 PM, 3295.25, 9239.5, 1651.4, 327.68, 222.6, 163.93, 323.87, 172.78, 245.81, 98.02, 30.6, 63.9, 125, 64.56, 87.89, , , , , 
1/30/2020 9:52:35 PM, 3295.25, 9239.25, 1651.4, 327.68, 222.6, 163.93, 323.87, 172.78, 245.81, 98.02, 30.6, 63.9, 125, 64.56, 87.89, , , , , 
1/30/2020 9:52:38 PM, 3295, 9239.25, 1651.4, 327.68, 222.6, 163.93, 323.87, 172.78, 245.81, 98.02, 30.6, 63.9, 125, 64.56, 87.89, , , , , 
1/30/2020 9:52:41 PM, 3295, 9239.25, 1651.4, 327.68, 222.6, 163.93, 323.87, 172.78, 245.81, 98.02, 30.6, 63.9, 125, 64.56, 87.89, , , , , 
1/30/2020 9:52:44 PM, 3294.75, 9238.25, 1651.1, 327.68, 222.6, 163.93, 323.87, 172.78, 245.81, 98.02, 30.6, 63.9, 125, 64.56, 87.89, , , , , 
1/30/2020 9:52:47 PM, 3294.75, 9238.25, 1651.1, 327.68, 222.6, 163.93, 323.87, 172.78, 245.81, 98.02, 30.6, 63.9, 125, 64.56, 87.89, , , , , 
1/30/2020 9:52:50 PM, 3294.75, 9238.5, 1651.1, 327.68, 222.6, 163.93, 323.87, 172.78, 245.81, 98.02, 30.6, 63.9, 125, 64.56, 87.89, , , , , 
1/30/2020 9:52:53 PM, 3294.75, 9238.5, 1651.1, 327.68, 222.6, 163.93, 323.87, 172.78, 245.81, 98.02, 30.6, 63.9, 125, 64.56, 87.89, , , , , 
1/30/2020 9:52:56 PM, 3294.5, 9237.25, 1650.9, 327.68, 222.6, 163.93, 323.87, 172.78, 245.81, 98.02, 30.6, 63.9, 125, 64.56, 87.89, , , , , 
1/30/2020 9:52:59 PM, 3294.5, 9237.25, 1650.9, 327.68, 222.6, 163.93, 323.87, 172.78, 245.81, 98.02, 30.6, 63.9, 125, 64.56, 87.89, , , , , 
1/30/2020 9:53:02 PM, 3294.5, 9237.25, 1650.9, 327.68, 222.6, 163.93, 323.87, 172.78, 245.81, 98.02, 30.6, 63.9, 125, 64.56, 87.89, , , , , 
1/30/2020 9:53:05 PM, 3294.5, 9237.25, 1650.9, 327.68, 222.6, 163.93, 323.87, 172.78, 245.81, 98.02, 30.6, 63.9, 125, 64.56, 87.89, , , , , 
1/30/2020 9:53:09 PM, 3294.5, 9237.75, 1650.9, 327.68, 222.6, 163.93, 323.87, 172.78, 245.81, 98.02, 30.6, 63.9, 125, 64.56, 87.89, , , , , 
1/30/2020 9:53:12 PM, 3294.5, 9237.75, 1650.9, 327.68, 222.6, 163.93, 323.87, 172.78, 245.81, 98.02, 30.6, 63.9, 125, 64.56, 87.89, , , , , 
1/30/2020 9:53:15 PM, 3294.5, 9237.75, 1650.9, 327.68, 222.6, 163.93, 323.87, 172.78, 245.81, 98.02, 30.6, 63.9, 125, 64.56, 87.89, , , , , 
1/30/2020 9:53:18 PM, 3294.5, 9237.75, 1650.9, 327.68, 222.6, 163.93, 323.87, 172.78, 245.81, 98.02, 30.6, 63.9, 125, 64.56, 87.89, , , , , 
1/30/2020 9:53:21 PM, 3294.5, 9237.75, 1651.1, 327.68, 222.6, 163.93, 323.87, 172.78, 245.81, 98.02, 30.6, 63.9, 125, 64.56, 87.89, , , , , 
1/30/2020 9:53:24 PM, 3294.5, 9237.75, 1651.1, 327.68, 222.6, 163.93, 323.87, 172.78, 245.81, 98.02, 30.6, 63.9, 125, 64.56, 87.89, , , , , 
1/30/2020 9:53:27 PM, 3294.75, 9237.25, 1651.1, 327.68, 222.6, 163.93, 323.87, 172.78, 245.81, 98.02, 30.6, 63.9, 125, 64.56, 87.89, , , , , 
1/30/2020 9:53:30 PM, 3294.75, 9237.25, 1651.1, 327.68, 222.6, 163.93, 323.87, 172.78, 245.81, 98.02, 30.6, 63.9, 125, 64.56, 87.89, , , , , 
1/30/2020 9:53:33 PM, 3294.5, 9236.25, 1651.1, 327.68, 222.6, 163.93, 323.87, 172.78, 245.81, 98.02, 30.6, 63.9, 125, 64.56, 87.89, , , , , 
1/30/2020 9:53:36 PM, 3294.5, 9236.25, 1651.1, 327.68, 222.6, 163.93, 323.87, 172.78, 245.81, 98.02, 30.6, 63.9, 125, 64.56, 87.89, , , , , 
1/30/2020 9:53:39 PM, 3294.5, 9236.25, 1651.1, 327.68, 222.6, 163.93, 323.87, 172.78, 245.81, 98.02, 30.6, 63.9, 125, 64.56, 87.89, , , , , 
1/30/2020 9:53:42 PM, 3294.5, 9236.25, 1651.1, 327.68, 222.6, 163.93, 323.87, 172.78, 245.81, 98.02, 30.6, 63.9, 125, 64.56, 87.89, , , , , 
1/30/2020 9:53:45 PM, 3294.5, 9236.25, 1651.1, 327.68, 222.6, 163.93, 323.87, 172.78, 245.81, 98.02, 30.6, 63.9, 125, 64.56, 87.89, , , , , 
1/30/2020 9:53:48 PM, 3294.5, 9236.25, 1651.1, 327.68, 222.6, 163.93, 323.87, 172.78, 245.81, 98.02, 30.6, 63.9, 125, 64.56, 87.89, , , , , 
1/30/2020 9:53:51 PM, 3294.25, 9236, 1651.1, 327.68, 222.6, 163.93, 323.87, 172.78, 245.81, 98.02, 30.6, 63.9, 125, 64.56, 87.89, , , , , 
1/30/2020 9:53:54 PM, 3294.25, 9236, 1651.1, 327.68, 222.6, 163.93, 323.87, 172.78, 245.81, 98.02, 30.6, 63.9, 125, 64.56, 87.89, , , , , 
1/30/2020 9:54:05 PM, 3294.25, 9236.5, 1651.1, 327.68, 222.6, 163.93, 323.87, 172.78, 245.81, 98.02, 30.6, 63.9, 125, 64.56, 87.89, , , , , 
1/30/2020 9:54:08 PM, 3294.25, 9236, 1651.1, 327.68, 222.6, 163.93, 323.87, 172.78, 245.81, 98.02, 30.6, 63.9, 125, 64.56, 87.89, , , , , 
1/30/2020 9:54:11 PM, 3294.25, 9236, 1651.1, 327.68, 222.6, 163.93, 323.87, 172.78, 245.81, 98.02, 30.6, 63.9, 125, 64.56, 87.89, , , , , 
1/30/2020 9:54:14 PM, 3294.25, 9235.75, 1651.1, 327.68, 222.6, 163.93, 323.87, 172.78, 245.81, 98.02, 30.6, 63.9, 125, 64.56, 87.89, , , , , 
1/30/2020 9:54:17 PM, 3294.25, 9236, 1650.7, 327.68, 222.6, 163.93, 323.87, 172.78, 245.81, 98.02, 30.6, 63.9, 125, 64.56, 87.89, , , , , 
1/30/2020 9:54:20 PM, 3294.25, 9235.75, 1650.7, 327.68, 222.6, 163.93, 323.87, 172.78, 245.81, 98.02, 30.6, 63.9, 125, 64.56, 87.89, , , , , 
1/30/2020 9:54:23 PM, 3294, 9235, 1650.6, 327.68, 222.6, 163.93, 323.87, 172.78, 245.81, 98.02, 30.6, 63.9, 125, 64.56, 87.89, , , , , 
1/30/2020 9:54:26 PM, 3293.75, 9234.75, 1650.4, 327.68, 222.6, 163.93, 323.87, 172.78, 245.81, 98.02, 30.6, 63.9, 125, 64.56, 87.89, , , , , 
1/30/2020 9:54:29 PM, 3293.75, 9234.5, 1650.4, 327.68, 222.6, 163.93, 323.87, 172.78, 245.81, 98.02, 30.6, 63.9, 125, 64.56, 87.89, , , , , 
1/30/2020 9:54:32 PM, 3293.75, 9234.75, 1650.4, 327.68, 222.6, 163.93, 323.87, 172.78, 245.81, 98.02, 30.6, 63.9, 125, 64.56, 87.89, , , , , 
1/30/2020 9:54:35 PM, 3293.75, 9234.25, 1650.4, 327.68, 222.6, 163.93, 323.87, 172.78, 245.81, 98.02, 30.6, 63.9, 125, 64.56, 87.89, , , , , 
1/30/2020 9:54:39 PM, 3293.75, 9234, 1650.4, 327.68, 222.6, 163.93, 323.87, 172.78, 245.81, 98.02, 30.6, 63.9, 125, 64.56, 87.89, , , , , 
1/30/2020 9:54:42 PM, 3293.75, 9233.5, 1650.5, 327.68, 222.6, 163.93, 323.87, 172.78, 245.81, 98.02, 30.6, 63.9, 125, 64.56, 87.89, , , , , 
1/30/2020 9:54:45 PM, 3293.5, 9232.75, 1650.5, 327.68, 222.6, 163.93, 323.87, 172.78, 245.81, 98.02, 30.6, 63.9, 125, 64.56, 87.89, , , , , 
1/30/2020 9:54:48 PM, 3293.5, 9232.75, 1650.5, 327.68, 222.6, 163.93, 323.87, 172.78, 245.81, 98.02, 30.6, 63.9, 125, 64.56, 87.89, , , , , 
1/30/2020 9:54:51 PM, 3293.5, 9232.75, 1650.4, 327.68, 222.6, 163.93, 323.87, 172.78, 245.81, 98.02, 30.6, 63.9, 125, 64.56, 87.89, , , , , 
1/30/2020 9:54:54 PM, 3293.5, 9233, 1650.6, 327.68, 222.6, 163.93, 323.87, 172.78, 245.81, 98.02, 30.6, 63.9, 125, 64.56, 87.89, , , , , 
1/30/2020 9:54:57 PM, 3293.75, 9233.75, 1650.6, 327.68, 222.6, 163.93, 323.87, 172.78, 245.81, 98.02, 30.6, 63.9, 125, 64.56, 87.89, , , , , 
1/30/2020 9:55:00 PM, 3294, 9234, 1650.8, 327.68, 222.6, 163.93, 323.87, 172.78, 245.81, 98.02, 30.6, 63.9, 125, 64.56, 87.89, , , , , 
1/30/2020 9:55:03 PM, 3293.75, 9233.5, 1650.8, 327.68, 222.6, 163.93, 323.87, 172.78, 245.81, 98.02, 30.6, 63.9, 125, 64.56, 87.89, , , , , 
1/30/2020 9:55:06 PM, 3293.75, 9233.25, 1650.6, 327.68, 222.6, 163.93, 323.87, 172.78, 245.81, 98.02, 30.6, 63.9, 125, 64.56, 87.89, , , , , 
1/30/2020 9:55:09 PM, 3293.75, 9232.5, 1650.6, 327.68, 222.6, 163.93, 323.87, 172.78, 245.81, 98.02, 30.6, 63.9, 125, 64.56, 87.89, , , , , 
1/30/2020 9:55:12 PM, 3293.75, 9232.5, 1650.6, 327.68, 222.6, 163.93, 323.87, 172.78, 245.81, 98.02, 30.6, 63.9, 125, 64.56, 87.89, , , , , 
1/30/2020 9:55:15 PM, 3293.75, 9232.75, 1650.6, 327.68, 222.6, 163.93, 323.87, 172.78, 245.81, 98.02, 30.6, 63.9, 125, 64.56, 87.89, , , , , 
1/30/2020 9:55:18 PM, 3293.75, 9233.25, 1650.6, 327.68, 222.6, 163.93, 323.87, 172.78, 245.81, 98.02, 30.6, 63.9, 125, 64.56, 87.89, , , , , 
1/30/2020 9:55:21 PM, 3293.75, 9233, 1650.7, 327.68, 222.6, 163.93, 323.87, 172.78, 245.81, 98.02, 30.6, 63.9, 125, 64.56, 87.89, , , , , 
1/30/2020 9:55:24 PM, 3293.75, 9233, 1650.7, 327.68, 222.6, 163.93, 323.87, 172.78, 245.81, 98.02, 30.6, 63.9, 125, 64.56, 87.89, , , , , 
1/30/2020 9:55:27 PM, 3294, 9234, 1650.8, 327.68, 222.6, 163.93, 323.87, 172.78, 245.81, 98.02, 30.6, 63.9, 125, 64.56, 87.89, , , , , 
1/30/2020 9:55:30 PM, 3294.25, 9234.75, 1650.8, 327.68, 222.6, 163.93, 323.87, 172.78, 245.81, 98.02, 30.6, 63.9, 125, 64.56, 87.89, , , , , 
1/30/2020 9:55:34 PM, 3294.25, 9234.5, 1651, 327.68, 222.6, 163.93, 323.87, 172.78, 245.81, 98.02, 30.6, 63.9, 125, 64.56, 87.89, , , , , 
1/30/2020 9:55:37 PM, 3294.25, 9234.5, 1651, 327.68, 222.6, 163.93, 323.87, 172.78, 245.81, 98.02, 30.6, 63.9, 125, 64.56, 87.89, , , , , 
1/30/2020 9:55:40 PM, 3294.5, 9235.75, 1651, 327.68, 222.6, 163.93, 323.87, 172.78, 245.81, 98.02, 30.6, 63.9, 125, 64.56, 87.89, , , , , 
1/30/2020 9:55:43 PM, 3294.5, 9235.5, 1651, 327.68, 222.6, 163.93, 323.87, 172.78, 245.81, 98.02, 30.6, 63.9, 125, 64.56, 87.89, , , , , 
1/30/2020 9:55:46 PM, 3294.5, 9235.5, 1651, 327.68, 222.6, 163.93, 323.87, 172.78, 245.81, 98.02, 30.6, 63.9, 125, 64.56, 87.89, , , , , 
1/30/2020 9:55:49 PM, 3294.5, 9235.75, 1651, 327.68, 222.6, 163.93, 323.87, 172.78, 245.81, 98.02, 30.6, 63.9, 125, 64.56, 87.89, , , , , 
1/30/2020 9:55:52 PM, 3294.5, 9235.75, 1651, 327.68, 222.6, 163.93, 323.87, 172.78, 245.81, 98.02, 30.6, 63.9, 125, 64.56, 87.89, , , , , 
1/30/2020 9:55:55 PM, 3294.5, 9235.5, 1651, 327.68, 222.6, 163.93, 323.87, 172.78, 245.81, 98.02, 30.6, 63.9, 125, 64.56, 87.89, , , , , 
1/30/2020 9:55:58 PM, 3294.5, 9235.5, 1651, 327.68, 222.6, 163.93, 323.87, 172.78, 245.81, 98.02, 30.6, 63.9, 125, 64.56, 87.89, , , , , 
1/30/2020 9:56:01 PM, 3294.5, 9235.25, 1651, 327.68, 222.6, 163.93, 323.87, 172.78, 245.81, 98.02, 30.6, 63.9, 125, 64.56, 87.89, , , , , 
1/30/2020 9:56:04 PM, 3294.5, 9235.25, 1651, 327.68, 222.6, 163.93, 323.87, 172.78, 245.81, 98.02, 30.6, 63.9, 125, 64.56, 87.89, , , , , 
1/30/2020 9:56:07 PM, 3294.5, 9235.75, 1651, 327.68, 222.6, 163.93, 323.87, 172.78, 245.81, 98.02, 30.6, 63.9, 125, 64.56, 87.89, , , , , 
1/30/2020 9:56:10 PM, 3294.5, 9235.75, 1651, 327.68, 222.6, 163.93, 323.87, 172.78, 245.81, 98.02, 30.6, 63.9, 125, 64.56, 87.89, , , , , 
1/30/2020 9:56:13 PM, 3294.5, 9236, 1651.3, 327.68, 222.6, 163.93, 323.87, 172.78, 245.81, 98.02, 30.6, 63.9, 125, 64.56, 87.89, , , , , 
1/30/2020 9:56:16 PM, 3294.5, 9236, 1651.3, 327.68, 222.6, 163.93, 323.87, 172.78, 245.81, 98.02, 30.6, 63.9, 125, 64.56, 87.89, , , , , 
1/30/2020 9:56:19 PM, 3294.5, 9235.5, 1651.3, 327.68, 222.6, 163.93, 323.87, 172.78, 245.81, 98.02, 30.6, 63.9, 125, 64.56, 87.89, , , , , 
1/30/2020 9:56:22 PM, 3294.5, 9235.5, 1651.3, 327.68, 222.6, 163.93, 323.87, 172.78, 245.81, 98.02, 30.6, 63.9, 125, 64.56, 87.89, , , , , 
1/30/2020 9:56:26 PM, 3294.5, 9235.5, 1651.3, 327.68, 222.6, 163.93, 323.87, 172.78, 245.81, 98.02, 30.6, 63.9, 125, 64.56, 87.89, , , , , 
1/30/2020 9:56:29 PM, 3294.5, 9235.5, 1651.3, 327.68, 222.6, 163.93, 323.87, 172.78, 245.81, 98.02, 30.6, 63.9, 125, 64.56, 87.89, , , , , 
1/30/2020 9:56:32 PM, 3294.25, 9235.25, 1651.3, 327.68, 222.6, 163.93, 323.87, 172.78, 245.81, 98.02, 30.6, 63.9, 125, 64.56, 87.89, , , , , 
1/30/2020 9:56:35 PM, 3294.25, 9235.25, 1651.3, 327.68, 222.6, 163.93, 323.87, 172.78, 245.81, 98.02, 30.6, 63.9, 125, 64.56, 87.89, , , , , 
1/30/2020 9:56:38 PM, 3294.25, 9235.25, 1651.3, 327.68, 222.6, 163.93, 323.87, 172.78, 245.81, 98.02, 30.6, 63.9, 125, 64.56, 87.89, , , , , 
1/30/2020 9:56:41 PM, 3294.25, 9235.25, 1651.3, 327.68, 222.6, 163.93, 323.87, 172.78, 245.81, 98.02, 30.6, 63.9, 125, 64.56, 87.89, , , , , 
1/30/2020 9:56:44 PM, 3294.25, 9235.5, 1651.3, 327.68, 222.6, 163.93, 323.87, 172.78, 245.81, 98.02, 30.6, 63.9, 125, 64.56, 87.89, , , , , 
1/30/2020 9:56:47 PM, 3294.25, 9235.5, 1651.3, 327.68, 222.6, 163.93, 323.87, 172.78, 245.81, 98.02, 30.6, 63.9, 125, 64.56, 87.89, , , , , 
1/30/2020 9:56:50 PM, 3294.25, 9235.5, 1651.3, 327.68, 222.6, 163.93, 323.87, 172.78, 245.81, 98.02, 30.6, 63.9, 125, 64.56, 87.89, , , , , 
1/30/2020 9:56:53 PM, 3294.25, 9235.25, 1651.3, 327.68, 222.6, 163.93, 323.87, 172.78, 245.81, 98.02, 30.6, 63.9, 125, 64.56, 87.89, , , , , 
1/30/2020 9:56:56 PM, 3294.25, 9235.25, 1651.3, 327.68, 222.6, 163.93, 323.87, 172.78, 245.81, 98.02, 30.6, 63.9, 125, 64.56, 87.89, , , , , 
1/30/2020 9:56:59 PM, 3294.25, 9235.25, 1651.3, 327.68, 222.6, 163.93, 323.87, 172.78, 245.81, 98.02, 30.6, 63.9, 125, 64.56, 87.89, , , , , 
1/30/2020 9:57:02 PM, 3294.25, 9235.25, 1651.3, 327.68, 222.6, 163.93, 323.87, 172.78, 245.81, 98.02, 30.6, 63.9, 125, 64.56, 87.89, , , , , 
1/30/2020 9:57:05 PM, 3294.25, 9235.5, 1651.3, 327.68, 222.6, 163.93, 323.87, 172.78, 245.81, 98.02, 30.6, 63.9, 125, 64.56, 87.89, , , , , 
1/30/2020 9:57:08 PM, 3294.25, 9235.5, 1651.3, 327.68, 222.6, 163.93, 323.87, 172.78, 245.81, 98.02, 30.6, 63.9, 125, 64.56, 87.89, , , , , 
1/30/2020 9:57:11 PM, 3294.25, 9235.5, 1651, 327.68, 222.6, 163.93, 323.87, 172.78, 245.81, 98.02, 30.6, 63.9, 125, 64.56, 87.89, , , , , 
1/30/2020 9:57:14 PM, 3294.25, 9235.5, 1651, 327.68, 222.6, 163.93, 323.87, 172.78, 245.81, 98.02, 30.6, 63.9, 125, 64.56, 87.89, , , , , 
1/30/2020 9:57:17 PM, 3294.25, 9235.25, 1651, 327.68, 222.6, 163.93, 323.87, 172.78, 245.81, 98.02, 30.6, 63.9, 125, 64.56, 87.89, , , , , 
1/30/2020 9:57:20 PM, 3294, 9235.25, 1651, 327.68, 222.6, 163.93, 323.87, 172.78, 245.81, 98.02, 30.6, 63.9, 125, 64.56, 87.89, , , , , 
1/30/2020 9:57:23 PM, 3293.75, 9234.5, 1651, 327.68, 222.6, 163.93, 323.87, 172.78, 245.81, 98.02, 30.6, 63.9, 125, 64.56, 87.89, , , , , 
1/30/2020 9:57:26 PM, 3293.75, 9234.5, 1651, 327.68, 222.6, 163.93, 323.87, 172.78, 245.81, 98.02, 30.6, 63.9, 125, 64.56, 87.89, , , , , 
1/30/2020 9:57:30 PM, 3293.75, 9234.5, 1651, 327.68, 222.6, 163.93, 323.87, 172.78, 245.81, 98.02, 30.6, 63.9, 125, 64.56, 87.89, , , , , 
1/30/2020 9:57:33 PM, 3293.75, 9233.5, 1651, 327.68, 222.6, 163.93, 323.87, 172.78, 245.81, 98.02, 30.6, 63.9, 125, 64.56, 87.89, , , , , 
1/30/2020 9:57:36 PM, 3293.5, 9233.25, 1651, 327.68, 222.6, 163.93, 323.87, 172.78, 245.81, 98.02, 30.6, 63.9, 125, 64.56, 87.89, , , , , 
1/30/2020 9:57:39 PM, 3293.25, 9232.5, 1650.5, 327.68, 222.6, 163.93, 323.87, 172.78, 245.81, 98.02, 30.6, 63.9, 125, 64.56, 87.89, , , , , 
1/30/2020 9:57:42 PM, 3293.25, 9233.25, 1650.5, 327.68, 222.6, 163.93, 323.87, 172.78, 245.81, 98.02, 30.6, 63.9, 125, 64.56, 87.89, , , , , 
1/30/2020 9:57:45 PM, 3293.25, 9232.25, 1650.5, 327.68, 222.6, 163.93, 323.87, 172.78, 245.81, 98.02, 30.6, 63.9, 125, 64.56, 87.89, , , , , 
1/30/2020 9:57:48 PM, 3293, 9232.5, 1650.5, 327.68, 222.6, 163.93, 323.87, 172.78, 245.81, 98.02, 30.6, 63.9, 125, 64.56, 87.89, , , , , 
1/30/2020 9:57:51 PM, 3293, 9232.5, 1650.5, 327.68, 222.6, 163.93, 323.87, 172.78, 245.81, 98.02, 30.6, 63.9, 125, 64.56, 87.89, , , , , 
1/30/2020 9:57:54 PM, 3293, 9232, 1650.1, 327.68, 222.6, 163.93, 323.87, 172.78, 245.81, 98.02, 30.6, 63.9, 125, 64.56, 87.89, , , , , 
1/30/2020 9:57:57 PM, 3293, 9232, 1650.1, 327.68, 222.6, 163.93, 323.87, 172.78, 245.81, 98.02, 30.6, 63.9, 125, 64.56, 87.89, , , , , 
1/30/2020 9:58:00 PM, 3293, 9231.25, 1650.1, 327.68, 222.6, 163.93, 323.87, 172.78, 245.81, 98.02, 30.6, 63.9, 125, 64.56, 87.89, , , , , 
1/30/2020 9:58:03 PM, 3293, 9232, 1650.3, 327.68, 222.6, 163.93, 323.87, 172.78, 245.81, 98.02, 30.6, 63.9, 125, 64.56, 87.89, , , , , 
1/30/2020 9:58:06 PM, 3293.5, 9233, 1650.3, 327.68, 222.6, 163.93, 323.87, 172.78, 245.81, 98.02, 30.6, 63.9, 125, 64.56, 87.89, , , , , 
1/30/2020 9:58:09 PM, 3293.25, 9233, 1650.3, 327.68, 222.6, 163.93, 323.87, 172.78, 245.81, 98.02, 30.6, 63.9, 125, 64.56, 87.89, , , , , 
1/30/2020 9:58:12 PM, 3293.25, 9233, 1650.3, 327.68, 222.6, 163.93, 323.87, 172.78, 245.81, 98.02, 30.6, 63.9, 125, 64.56, 87.89, , , , , 
1/30/2020 9:58:15 PM, 3293, 9232, 1650.3, 327.68, 222.6, 163.93, 323.87, 172.78, 245.81, 98.02, 30.6, 63.9, 125, 64.56, 87.89, , , , , 
1/30/2020 9:58:18 PM, 3293, 9232, 1650.3, 327.68, 222.6, 163.93, 323.87, 172.78, 245.81, 98.02, 30.6, 63.9, 125, 64.56, 87.89, , , , , 
1/30/2020 9:58:21 PM, 3293, 9231.75, 1650.3, 327.68, 222.6, 163.93, 323.87, 172.78, 245.81, 98.02, 30.6, 63.9, 125, 64.56, 87.89, , , , , 
1/30/2020 9:58:24 PM, 3293, 9231.5, 1650.3, 327.68, 222.6, 163.93, 323.87, 172.78, 245.81, 98.02, 30.6, 63.9, 125, 64.56, 87.89, , , , , 
1/30/2020 9:58:27 PM, 3292.75, 9231, 1650.1, 327.68, 222.6, 163.93, 323.87, 172.78, 245.81, 98.02, 30.6, 63.9, 125, 64.56, 87.89, , , , , 
1/30/2020 9:58:30 PM, 3293, 9232, 1650.2, 327.68, 222.6, 163.93, 323.87, 172.78, 245.81, 98.02, 30.6, 63.9, 125, 64.56, 87.89, , , , , 
1/30/2020 9:58:34 PM, 3293, 9232, 1650.2, 327.68, 222.6, 163.93, 323.87, 172.78, 245.81, 98.02, 30.6, 63.9, 125, 64.56, 87.89, , , , , 
1/30/2020 9:58:37 PM, 3293, 9232, 1650.2, 327.68, 222.6, 163.93, 323.87, 172.78, 245.81, 98.02, 30.6, 63.9, 125, 64.56, 87.89, , , , , 
1/30/2020 9:58:40 PM, 3293, 9231.5, 1650.2, 327.68, 222.6, 163.93, 323.87, 172.78, 245.81, 98.02, 30.6, 63.9, 125, 64.56, 87.89, , , , , 
1/30/2020 9:58:43 PM, 3293, 9231.5, 1650.2, 327.68, 222.6, 163.93, 323.87, 172.78, 245.81, 98.02, 30.6, 63.9, 125, 64.56, 87.89, , , , , 
1/30/2020 9:58:46 PM, 3293, 9231.5, 1650.2, 327.68, 222.6, 163.93, 323.87, 172.78, 245.81, 98.02, 30.6, 63.9, 125, 64.56, 87.89, , , , , 
1/30/2020 9:58:49 PM, 3293, 9231.5, 1650.2, 327.68, 222.6, 163.93, 323.87, 172.78, 245.81, 98.02, 30.6, 63.9, 125, 64.56, 87.89, , , , , 
1/30/2020 9:58:52 PM, 3293, 9232.75, 1650.2, 327.68, 222.6, 163.93, 323.87, 172.78, 245.81, 98.02, 30.6, 63.9, 125, 64.56, 87.89, , , , , 
1/30/2020 9:58:55 PM, 3293, 9232.75, 1650.2, 327.68, 222.6, 163.93, 323.87, 172.78, 245.81, 98.02, 30.6, 63.9, 125, 64.56, 87.89, , , , , 
1/30/2020 9:58:58 PM, 3293, 9232.5, 1650.2, 327.68, 222.6, 163.93, 323.87, 172.78, 245.81, 98.02, 30.6, 63.9, 125, 64.56, 87.89, , , , , 
1/30/2020 9:59:01 PM, 3293, 9232.5, 1650.2, 327.68, 222.6, 163.93, 323.87, 172.78, 245.81, 98.02, 30.6, 63.9, 125, 64.56, 87.89, , , , , 
1/30/2020 9:59:04 PM, 3293, 9233, 1650.2, 327.68, 222.6, 163.93, 323.87, 172.78, 245.81, 98.02, 30.6, 63.9, 125, 64.56, 87.89, , , , , 
1/30/2020 9:59:07 PM, 3293.25, 9233.5, 1650.2, 327.68, 222.6, 163.93, 323.87, 172.78, 245.81, 98.02, 30.6, 63.9, 125, 64.56, 87.89, , , , , 
1/30/2020 9:59:10 PM, 3293.25, 9233.5, 1650.2, 327.68, 222.6, 163.93, 323.87, 172.78, 245.81, 98.02, 30.6, 63.9, 125, 64.56, 87.89, , , , , 
1/30/2020 9:59:13 PM, 3293.25, 9233, 1650.3, 327.68, 222.6, 163.93, 323.87, 172.78, 245.81, 98.02, 30.6, 63.9, 125, 64.56, 87.89, , , , , 
1/30/2020 9:59:16 PM, 3293.25, 9233, 1650.3, 327.68, 222.6, 163.93, 323.87, 172.78, 245.81, 98.02, 30.6, 63.9, 125, 64.56, 87.89, , , , , 
1/30/2020 9:59:19 PM, 3293.25, 9233, 1650.3, 327.68, 222.6, 163.93, 323.87, 172.78, 245.81, 98.02, 30.6, 63.9, 125, 64.56, 87.89, , , , , 
1/30/2020 9:59:22 PM, 3293, 9232.5, 1650.3, 327.68, 222.6, 163.93, 323.87, 172.78, 245.81, 98.02, 30.6, 63.9, 125, 64.56, 87.89, , , , , 
1/30/2020 9:59:25 PM, 3293, 9232.75, 1650.3, 327.68, 222.6, 163.93, 323.87, 172.78, 245.81, 98.02, 30.6, 63.9, 125, 64.56, 87.89, , , , , 
1/30/2020 9:59:28 PM, 3293, 9232.75, 1650.3, 327.68, 222.6, 163.93, 323.87, 172.78, 245.81, 98.02, 30.6, 63.9, 125, 64.56, 87.89, , , , , 
1/30/2020 9:59:31 PM, 3293, 9232.75, 1650.3, 327.68, 222.6, 163.93, 323.87, 172.78, 245.81, 98.02, 30.6, 63.9, 125, 64.56, 87.89, , , , , 
1/30/2020 9:59:34 PM, 3293, 9232.75, 1650.3, 327.68, 222.6, 163.93, 323.87, 172.78, 245.81, 98.02, 30.6, 63.9, 125, 64.56, 87.89, , , , , 
1/30/2020 9:59:38 PM, 3293, 9232.75, 1650.3, 327.68, 222.6, 163.93, 323.87, 172.78, 245.81, 98.02, 30.6, 63.9, 125, 64.56, 87.89, , , , , 
1/30/2020 9:59:41 PM, 3293, 9232.75, 1650.3, 327.68, 222.6, 163.93, 323.87, 172.78, 245.81, 98.02, 30.6, 63.9, 125, 64.56, 87.89, , , , , 
1/30/2020 9:59:44 PM, 3293, 9232.5, 1650.3, 327.68, 222.6, 163.93, 323.87, 172.78, 245.81, 98.02, 30.6, 63.9, 125, 64.56, 87.89, , , , , 
1/30/2020 9:59:47 PM, 3293, 9232.5, 1650.3, 327.68, 222.6, 163.93, 323.87, 172.78, 245.81, 98.02, 30.6, 63.9, 125, 64.56, 87.89, , , , , 
1/30/2020 9:59:50 PM, 3293, 9232.5, 1650.3, 327.68, 222.6, 163.93, 323.87, 172.78, 245.81, 98.02, 30.6, 63.9, 125, 64.56, 87.89, , , , , 
1/30/2020 9:59:53 PM, 3293, 9232.5, 1650.3, 327.68, 222.6, 163.93, 323.87, 172.78, 245.81, 98.02, 30.6, 63.9, 125, 64.56, 87.89, , , , , 
1/30/2020 9:59:56 PM, 3293.25, 9232.5, 1650.3, 327.68, 222.6, 163.93, 323.87, 172.78, 245.81, 98.02, 30.6, 63.9, 125, 64.56, 87.89, , , , , 
1/30/2020 9:59:59 PM, 3293.25, 9232.5, 1650.3, 327.68, 222.6, 163.93, 323.87, 172.78, 245.81, 98.02, 30.6, 63.9, 125, 64.56, 87.89, , , , , 
1/30/2020 10:00:02 PM, 3293.25, 9233, 1650.3, 327.68, 222.6, 163.93, 323.87, 172.78, 245.81, 98.02, 30.6, 63.9, 125, 64.56, 87.89, , , , , 
1/30/2020 10:00:05 PM, 3293.25, 9232.75, 1650.3, 327.68, 222.6, 163.93, 323.87, 172.78, 245.81, 98.02, 30.6, 63.9, 125, 64.56, 87.89, , , , , 
1/30/2020 10:00:08 PM, 3293, 9232.75, 1650.3, 327.68, 222.6, 163.93, 323.87, 172.78, 245.81, 98.02, 30.6, 63.9, 125, 64.56, 87.89, , , , , 
1/30/2020 10:00:11 PM, 3293, 9232.5, 1650.3, 327.68, 222.6, 163.93, 323.87, 172.78, 245.81, 98.02, 30.6, 63.9, 125, 64.56, 87.89, , , , , 
1/30/2020 10:00:14 PM, 3293, 9232, 1650.2, 327.68, 222.6, 163.93, 323.87, 172.78, 245.81, 98.02, 30.6, 63.9, 125, 64.56, 87.89, , , , , 
1/30/2020 10:00:17 PM, 3292.75, 9232, 1650, 327.68, 222.6, 163.93, 323.87, 172.78, 245.81, 98.02, 30.6, 63.9, 125, 64.56, 87.89, , , , , 
1/30/2020 10:00:20 PM, 3292.75, 9231.75, 1650, 327.68, 222.6, 163.93, 323.87, 172.78, 245.81, 98.02, 30.6, 63.9, 125, 64.56, 87.89, , , , , 
1/30/2020 10:00:23 PM, 3292.75, 9231.75, 1650, 327.68, 222.6, 163.93, 323.87, 172.78, 245.81, 98.02, 30.6, 63.9, 125, 64.56, 87.89, , , , , 
1/30/2020 10:00:26 PM, 3292.75, 9231.75, 1650, 327.68, 222.6, 163.93, 323.87, 172.78, 245.81, 98.02, 30.6, 63.9, 125, 64.56, 87.89, , , , , 
1/30/2020 10:00:29 PM, 3292.75, 9231.75, 1650, 327.68, 222.6, 163.93, 323.87, 172.78, 245.81, 98.02, 30.6, 63.9, 125, 64.56, 87.89, , , , , 
1/30/2020 10:00:32 PM, 3293, 9232.25, 1650.2, 327.68, 222.6, 163.93, 323.87, 172.78, 245.81, 98.02, 30.6, 63.9, 125, 64.56, 87.89, , , , , 
1/30/2020 10:00:35 PM, 3293, 9232.25, 1650.2, 327.68, 222.6, 163.93, 323.87, 172.78, 245.81, 98.02, 30.6, 63.9, 125, 64.56, 87.89, , , , , 
1/30/2020 10:00:38 PM, 3293, 9232.25, 1650.2, 327.68, 222.6, 163.93, 323.87, 172.78, 245.81, 98.02, 30.6, 63.9, 125, 64.56, 87.89, , , , , 
1/30/2020 10:00:42 PM, 3293.25, 9232.25, 1650.2, 327.68, 222.6, 163.93, 323.87, 172.78, 245.81, 98.02, 30.6, 63.9, 125, 64.56, 87.89, , , , , 
1/30/2020 10:00:45 PM, 3293, 9232, 1650.2, 327.68, 222.6, 163.93, 323.87, 172.78, 245.81, 98.02, 30.6, 63.9, 125, 64.56, 87.89, , , , , 
1/30/2020 10:00:48 PM, 3293, 9232, 1650.2, 327.68, 222.6, 163.93, 323.87, 172.78, 245.81, 98.02, 30.6, 63.9, 125, 64.56, 87.89, , , , , 
1/30/2020 10:00:51 PM, 3293, 9232, 1650.2, 327.68, 222.6, 163.93, 323.87, 172.78, 245.81, 98.02, 30.6, 63.9, 125, 64.56, 87.89, , , , , 
1/30/2020 10:00:54 PM, 3293, 9232, 1650.2, 327.68, 222.6, 163.93, 323.87, 172.78, 245.81, 98.02, 30.6, 63.9, 125, 64.56, 87.89, , , , , 
1/30/2020 10:00:57 PM, 3293, 9231.5, 1650.2, 327.68, 222.6, 163.93, 323.87, 172.78, 245.81, 98.02, 30.6, 63.9, 125, 64.56, 87.89, , , , , 
1/30/2020 10:01:00 PM, 3293, 9231.5, 1650.2, 327.68, 222.6, 163.93, 323.87, 172.78, 245.81, 98.02, 30.6, 63.9, 125, 64.56, 87.89, , , , , 
1/30/2020 10:01:03 PM, 3293, 9232.25, 1650.2, 327.68, 222.6, 163.93, 323.87, 172.78, 245.81, 98.02, 30.6, 63.9, 125, 64.56, 87.89, , , , , 
1/30/2020 10:01:06 PM, 3293, 9232, 1650.2, 327.68, 222.6, 163.93, 323.87, 172.78, 245.81, 98.02, 30.6, 63.9, 125, 64.56, 87.89, , , , , 
1/30/2020 10:01:09 PM, 3293, 9231.75, 1650.2, 327.68, 222.6, 163.93, 323.87, 172.78, 245.81, 98.02, 30.6, 63.9, 125, 64.56, 87.89, , , , , 
1/30/2020 10:01:12 PM, 3292.75, 9231.75, 1650.2, 327.68, 222.6, 163.93, 323.87, 172.78, 245.81, 98.02, 30.6, 63.9, 125, 64.56, 87.89, , , , , 
1/30/2020 10:01:15 PM, 3292.75, 9231.5, 1650.2, 327.68, 222.6, 163.93, 323.87, 172.78, 245.81, 98.02, 30.6, 63.9, 125, 64.56, 87.89, , , , , 
1/30/2020 10:01:18 PM, 3292.5, 9231, 1650.2, 327.68, 222.6, 163.93, 323.87, 172.78, 245.81, 98.02, 30.6, 63.9, 125, 64.56, 87.89, , , , , 
1/30/2020 10:01:21 PM, 3292.5, 9230.75, 1650.2, 327.68, 222.6, 163.93, 323.87, 172.78, 245.81, 98.02, 30.6, 63.9, 125, 64.56, 87.89, , , , , 
1/30/2020 10:01:24 PM, 3292.5, 9230.5, 1650.2, 327.68, 222.6, 163.93, 323.87, 172.78, 245.81, 98.02, 30.6, 63.9, 125, 64.56, 87.89, , , , , 
1/30/2020 10:01:27 PM, 3292.5, 9230.5, 1650.2, 327.68, 222.6, 163.93, 323.87, 172.78, 245.81, 98.02, 30.6, 63.9, 125, 64.56, 87.89, , , , , 
1/30/2020 10:01:30 PM, 3292.75, 9231, 1650.1, 327.68, 222.6, 163.93, 323.87, 172.78, 245.81, 98.02, 30.6, 63.9, 125, 64.56, 87.89, , , , , 
1/30/2020 10:01:34 PM, 3292.75, 9231, 1650.1, 327.68, 222.6, 163.93, 323.87, 172.78, 245.81, 98.02, 30.6, 63.9, 125, 64.56, 87.89, , , , , 
1/30/2020 10:01:37 PM, 3292.75, 9231, 1650.1, 327.68, 222.6, 163.93, 323.87, 172.78, 245.81, 98.02, 30.6, 63.9, 125, 64.56, 87.89, , , , , 
1/30/2020 10:01:40 PM, 3292.5, 9231, 1650.1, 327.68, 222.6, 163.93, 323.87, 172.78, 245.81, 98.02, 30.6, 63.9, 125, 64.56, 87.89, , , , , 
1/30/2020 10:01:43 PM, 3292.5, 9231, 1650.1, 327.68, 222.6, 163.93, 323.87, 172.78, 245.81, 98.02, 30.6, 63.9, 125, 64.56, 87.89, , , , , 
1/30/2020 10:01:46 PM, 3292.5, 9230.5, 1650.1, 327.68, 222.6, 163.93, 323.87, 172.78, 245.81, 98.02, 30.6, 63.9, 125, 64.56, 87.89, , , , , 
1/30/2020 10:01:49 PM, 3292.5, 9231, 1650.1, 327.68, 222.6, 163.93, 323.87, 172.78, 245.81, 98.02, 30.6, 63.9, 125, 64.56, 87.89, , , , , 
1/30/2020 10:01:52 PM, 3292.5, 9230.25, 1650.1, 327.68, 222.6, 163.93, 323.87, 172.78, 245.81, 98.02, 30.6, 63.9, 125, 64.56, 87.89, , , , , 
1/30/2020 10:01:55 PM, 3292.5, 9230.25, 1650.1, 327.68, 222.6, 163.93, 323.87, 172.78, 245.81, 98.02, 30.6, 63.9, 125, 64.56, 87.89, , , , , 
1/30/2020 10:01:58 PM, 3292.75, 9230.25, 1650.1, 327.68, 222.6, 163.93, 323.87, 172.78, 245.81, 98.02, 30.6, 63.9, 125, 64.56, 87.89, , , , , 
1/30/2020 10:02:01 PM, 3293, 9231, 1650.2, 327.68, 222.6, 163.93, 323.87, 172.78, 245.81, 98.02, 30.6, 63.9, 125, 64.56, 87.89, , , , , 
1/30/2020 10:02:04 PM, 3292.75, 9231, 1650.1, 327.68, 222.6, 163.93, 323.87, 172.78, 245.81, 98.02, 30.6, 63.9, 125, 64.56, 87.89, , , , , 
1/30/2020 10:02:07 PM, 3292.75, 9231, 1650.1, 327.68, 222.6, 163.93, 323.87, 172.78, 245.81, 98.02, 30.6, 63.9, 125, 64.56, 87.89, , , , , 
1/30/2020 10:02:10 PM, 3292.5, 9230.5, 1650, 327.68, 222.6, 163.93, 323.87, 172.78, 245.81, 98.02, 30.6, 63.9, 125, 64.56, 87.89, , , , , 
1/30/2020 10:02:13 PM, 3292.75, 9230.75, 1649.9, 327.68, 222.6, 163.93, 323.87, 172.78, 245.81, 98.02, 30.6, 63.9, 125, 64.56, 87.89, , , , , 
1/30/2020 10:02:16 PM, 3292.5, 9230.5, 1650, 327.68, 222.6, 163.93, 323.87, 172.78, 245.81, 98.02, 30.6, 63.9, 125, 64.56, 87.89, , , , , 
1/30/2020 10:02:19 PM, 3292.75, 9230.25, 1650, 327.68, 222.6, 163.93, 323.87, 172.78, 245.81, 98.02, 30.6, 63.9, 125, 64.56, 87.89, , , , , 
1/30/2020 10:02:22 PM, 3292.75, 9230, 1650, 327.68, 222.6, 163.93, 323.87, 172.78, 245.81, 98.02, 30.6, 63.9, 125, 64.56, 87.89, , , , , 
1/30/2020 10:02:25 PM, 3292.75, 9230.5, 1650, 327.68, 222.6, 163.93, 323.87, 172.78, 245.81, 98.02, 30.6, 63.9, 125, 64.56, 87.89, , , , , 
1/30/2020 10:02:28 PM, 3292.75, 9230.75, 1650, 327.68, 222.6, 163.93, 323.87, 172.78, 245.81, 98.02, 30.6, 63.9, 125, 64.56, 87.89, , , , , 
1/30/2020 10:02:32 PM, 3292.75, 9231.25, 1650, 327.68, 222.6, 163.93, 323.87, 172.78, 245.81, 98.02, 30.6, 63.9, 125, 64.56, 87.89, , , , , 
1/30/2020 10:02:35 PM, 3292.75, 9231.25, 1650, 327.68, 222.6, 163.93, 323.87, 172.78, 245.81, 98.02, 30.6, 63.9, 125, 64.56, 87.89, , , , , 
1/30/2020 10:02:38 PM, 3292.75, 9231.25, 1650.2, 327.68, 222.6, 163.93, 323.87, 172.78, 245.81, 98.02, 30.6, 63.9, 125, 64.56, 87.89, , , , , 
1/30/2020 10:02:41 PM, 3293, 9232, 1650.2, 327.68, 222.6, 163.93, 323.87, 172.78, 245.81, 98.02, 30.6, 63.9, 125, 64.56, 87.89, , , , , 
1/30/2020 10:02:44 PM, 3293.25, 9232.75, 1650.2, 327.68, 222.6, 163.93, 323.87, 172.78, 245.81, 98.02, 30.6, 63.9, 125, 64.56, 87.89, , , , , 
1/30/2020 10:02:47 PM, 3293, 9232, 1650.2, 327.68, 222.6, 163.93, 323.87, 172.78, 245.81, 98.02, 30.6, 63.9, 125, 64.56, 87.89, , , , , 
1/30/2020 10:02:50 PM, 3293, 9232, 1650.5, 327.68, 222.6, 163.93, 323.87, 172.78, 245.81, 98.02, 30.6, 63.9, 125, 64.56, 87.89, , , , , 
1/30/2020 10:02:53 PM, 3293, 9232, 1650.4, 327.68, 222.6, 163.93, 323.87, 172.78, 245.81, 98.02, 30.6, 63.9, 125, 64.56, 87.89, , , , , 
1/30/2020 10:02:56 PM, 3293, 9232, 1650.4, 327.68, 222.6, 163.93, 323.87, 172.78, 245.81, 98.02, 30.6, 63.9, 125, 64.56, 87.89, , , , , 
1/30/2020 10:02:59 PM, 3293, 9232.25, 1650.4, 327.68, 222.6, 163.93, 323.87, 172.78, 245.81, 98.02, 30.6, 63.9, 125, 64.56, 87.89, , , , , 
1/30/2020 10:03:02 PM, 3293, 9232.5, 1650.4, 327.68, 222.6, 163.93, 323.87, 172.78, 245.81, 98.02, 30.6, 63.9, 125, 64.56, 87.89, , , , , 
1/30/2020 10:03:05 PM, 3293, 9231.5, 1650.4, 327.68, 222.6, 163.93, 323.87, 172.78, 245.81, 98.02, 30.6, 63.9, 125, 64.56, 87.89, , , , , 
1/30/2020 10:03:08 PM, 3293, 9231.5, 1650.4, 327.68, 222.6, 163.93, 323.87, 172.78, 245.81, 98.02, 30.6, 63.9, 125, 64.56, 87.89, , , , , 
1/30/2020 10:03:11 PM, 3293, 9231.75, 1650.4, 327.68, 222.6, 163.93, 323.87, 172.78, 245.81, 98.02, 30.6, 63.9, 125, 64.56, 87.89, , , , , 
1/30/2020 10:03:14 PM, 3293, 9231.75, 1650.4, 327.68, 222.6, 163.93, 323.87, 172.78, 245.81, 98.02, 30.6, 63.9, 125, 64.56, 87.89, , , , , 
1/30/2020 10:03:17 PM, 3293, 9231.25, 1650.4, 327.68, 222.6, 163.93, 323.87, 172.78, 245.81, 98.02, 30.6, 63.9, 125, 64.56, 87.89, , , , , 
1/30/2020 10:03:20 PM, 3293, 9231.25, 1650.4, 327.68, 222.6, 163.93, 323.87, 172.78, 245.81, 98.02, 30.6, 63.9, 125, 64.56, 87.89, , , , , 
1/30/2020 10:03:23 PM, 3293, 9231.25, 1650.4, 327.68, 222.6, 163.93, 323.87, 172.78, 245.81, 98.02, 30.6, 63.9, 125, 64.56, 87.89, , , , , 
1/30/2020 10:03:26 PM, 3293, 9231.25, 1650.4, 327.68, 222.6, 163.93, 323.87, 172.78, 245.81, 98.02, 30.6, 63.9, 125, 64.56, 87.89, , , , , 
1/30/2020 10:03:29 PM, 3293, 9231.25, 1650.4, 327.68, 222.6, 163.93, 323.87, 172.78, 245.81, 98.02, 30.6, 63.9, 125, 64.56, 87.89, , , , , 
1/30/2020 10:03:33 PM, 3292.75, 9231.25, 1650.2, 327.68, 222.6, 163.93, 323.87, 172.78, 245.81, 98.02, 30.6, 63.9, 125, 64.56, 87.89, , , , , 
1/30/2020 10:03:36 PM, 3292.75, 9230.5, 1650.2, 327.68, 222.6, 163.93, 323.87, 172.78, 245.81, 98.02, 30.6, 63.9, 125, 64.56, 87.89, , , , , 
1/30/2020 10:03:39 PM, 3292.75, 9230.5, 1650.2, 327.68, 222.6, 163.93, 323.87, 172.78, 245.81, 98.02, 30.6, 63.9, 125, 64.56, 87.89, , , , , 
1/30/2020 10:03:42 PM, 3292.75, 9230.5, 1650.2, 327.68, 222.6, 163.93, 323.87, 172.78, 245.81, 98.02, 30.6, 63.9, 125, 64.56, 87.89, , , , , 
1/30/2020 10:03:45 PM, 3292.75, 9230.5, 1650.2, 327.68, 222.6, 163.93, 323.87, 172.78, 245.81, 98.02, 30.6, 63.9, 125, 64.56, 87.89, , , , , 
1/30/2020 10:03:48 PM, 3292.75, 9230.5, 1650.2, 327.68, 222.6, 163.93, 323.87, 172.78, 245.81, 98.02, 30.6, 63.9, 125, 64.56, 87.89, , , , , 
1/30/2020 10:03:51 PM, 3292.75, 9230.75, 1650.2, 327.68, 222.6, 163.93, 323.87, 172.78, 245.81, 98.02, 30.6, 63.9, 125, 64.56, 87.89, , , , , 
1/30/2020 10:03:54 PM, 3292.75, 9231.25, 1650.2, 327.68, 222.6, 163.93, 323.87, 172.78, 245.81, 98.02, 30.6, 63.9, 125, 64.56, 87.89, , , , , 
1/30/2020 10:03:57 PM, 3292.75, 9231.25, 1650.2, 327.68, 222.6, 163.93, 323.87, 172.78, 245.81, 98.02, 30.6, 63.9, 125, 64.56, 87.89, , , , , 
1/30/2020 10:04:00 PM, 3292.75, 9230.75, 1650.2, 327.68, 222.6, 163.93, 323.87, 172.78, 245.81, 98.02, 30.6, 63.9, 125, 64.56, 87.89, , , , , 
1/30/2020 10:04:03 PM, 3292.75, 9230.75, 1650.2, 327.68, 222.6, 163.93, 323.87, 172.78, 245.81, 98.02, 30.6, 63.9, 125, 64.56, 87.89, , , , , 
1/30/2020 10:04:06 PM, 3292.75, 9230.75, 1650.2, 327.68, 222.6, 163.93, 323.87, 172.78, 245.81, 98.02, 30.6, 63.9, 125, 64.56, 87.89, , , , , 
1/30/2020 10:04:09 PM, 3292.75, 9230.75, 1650.2, 327.68, 222.6, 163.93, 323.87, 172.78, 245.81, 98.02, 30.6, 63.9, 125, 64.56, 87.89, , , , , 
1/30/2020 10:04:12 PM, 3292.75, 9231.5, 1650.2, 327.68, 222.6, 163.93, 323.87, 172.78, 245.81, 98.02, 30.6, 63.9, 125, 64.56, 87.89, , , , , 
1/30/2020 10:04:15 PM, 3292.75, 9231.5, 1650.2, 327.68, 222.6, 163.93, 323.87, 172.78, 245.81, 98.02, 30.6, 63.9, 125, 64.56, 87.89, , , , , 
1/30/2020 10:04:18 PM, 3292.75, 9231.5, 1650.2, 327.68, 222.6, 163.93, 323.87, 172.78, 245.81, 98.02, 30.6, 63.9, 125, 64.56, 87.89, , , , , 
1/30/2020 10:04:21 PM, 3293, 9232, 1650.4, 327.68, 222.6, 163.93, 323.87, 172.78, 245.81, 98.02, 30.6, 63.9, 125, 64.56, 87.89, , , , , 
1/30/2020 10:04:24 PM, 3293, 9232, 1650.4, 327.68, 222.6, 163.93, 323.87, 172.78, 245.81, 98.02, 30.6, 63.9, 125, 64.56, 87.89, , , , , 
1/30/2020 10:04:27 PM, 3293.25, 9232, 1650.4, 327.68, 222.6, 163.93, 323.87, 172.78, 245.81, 98.02, 30.6, 63.9, 125, 64.56, 87.89, , , , , 
1/30/2020 10:04:30 PM, 3293.25, 9232, 1650.4, 327.68, 222.6, 163.93, 323.87, 172.78, 245.81, 98.02, 30.6, 63.9, 125, 64.56, 87.89, , , , , 
1/30/2020 10:04:34 PM, 3293.25, 9232.5, 1650.4, 327.68, 222.6, 163.93, 323.87, 172.78, 245.81, 98.02, 30.6, 63.9, 125, 64.56, 87.89, , , , , 
1/30/2020 10:04:37 PM, 3293, 9231.75, 1650.4, 327.68, 222.6, 163.93, 323.87, 172.78, 245.81, 98.02, 30.6, 63.9, 125, 64.56, 87.89, , , , , 
1/30/2020 10:04:40 PM, 3293, 9231.75, 1650.4, 327.68, 222.6, 163.93, 323.87, 172.78, 245.81, 98.02, 30.6, 63.9, 125, 64.56, 87.89, , , , , 
1/30/2020 10:04:43 PM, 3293, 9231.75, 1650.4, 327.68, 222.6, 163.93, 323.87, 172.78, 245.81, 98.02, 30.6, 63.9, 125, 64.56, 87.89, , , , , 
1/30/2020 10:04:46 PM, 3292.75, 9230.75, 1650.4, 327.68, 222.6, 163.93, 323.87, 172.78, 245.81, 98.02, 30.6, 63.9, 125, 64.56, 87.89, , , , , 
1/30/2020 10:04:49 PM, 3292.75, 9230.75, 1650.4, 327.68, 222.6, 163.93, 323.87, 172.78, 245.81, 98.02, 30.6, 63.9, 125, 64.56, 87.89, , , , , 
1/30/2020 10:04:52 PM, 3292.75, 9231, 1650.4, 327.68, 222.6, 163.93, 323.87, 172.78, 245.81, 98.02, 30.6, 63.9, 125, 64.56, 87.89, , , , , 
1/30/2020 10:04:55 PM, 3292.75, 9231, 1650.2, 327.68, 222.6, 163.93, 323.87, 172.78, 245.81, 98.02, 30.6, 63.9, 125, 64.56, 87.89, , , , , 
1/30/2020 10:04:58 PM, 3292.75, 9230.5, 1650.2, 327.68, 222.6, 163.93, 323.87, 172.78, 245.81, 98.02, 30.6, 63.9, 125, 64.56, 87.89, , , , , 
1/30/2020 10:05:01 PM, 3292.75, 9230.5, 1650.2, 327.68, 222.6, 163.93, 323.87, 172.78, 245.81, 98.02, 30.6, 63.9, 125, 64.56, 87.89, , , , , 
1/30/2020 10:05:04 PM, 3292.5, 9230.5, 1650.1, 327.68, 222.6, 163.93, 323.87, 172.78, 245.81, 98.02, 30.6, 63.9, 125, 64.56, 87.89, , , , , 
1/30/2020 10:05:08 PM, 3292.75, 9231, 1650.1, 327.68, 222.6, 163.93, 323.87, 172.78, 245.81, 98.02, 30.6, 63.9, 125, 64.56, 87.89, , , , , 
1/30/2020 10:05:11 PM, 3292.75, 9231, 1650.1, 327.68, 222.6, 163.93, 323.87, 172.78, 245.81, 98.02, 30.6, 63.9, 125, 64.56, 87.89, , , , , 
1/30/2020 10:05:14 PM, 3292.75, 9231, 1650.1, 327.68, 222.6, 163.93, 323.87, 172.78, 245.81, 98.02, 30.6, 63.9, 125, 64.56, 87.89, , , , , 
1/30/2020 10:05:17 PM, 3292.5, 9229.75, 1650, 327.68, 222.6, 163.93, 323.87, 172.78, 245.81, 98.02, 30.6, 63.9, 125, 64.56, 87.89, , , , , 
1/30/2020 10:05:20 PM, 3292.5, 9230.25, 1650.1, 327.68, 222.6, 163.93, 323.87, 172.78, 245.81, 98.02, 30.6, 63.9, 125, 64.56, 87.89, , , , , 
1/30/2020 10:05:23 PM, 3292.5, 9230.5, 1650.1, 327.68, 222.6, 163.93, 323.87, 172.78, 245.81, 98.02, 30.6, 63.9, 125, 64.56, 87.89, , , , , 
1/30/2020 10:05:26 PM, 3292.5, 9230.5, 1650.1, 327.68, 222.6, 163.93, 323.87, 172.78, 245.81, 98.02, 30.6, 63.9, 125, 64.56, 87.89, , , , , 
1/30/2020 10:05:29 PM, 3292.25, 9229.75, 1650.1, 327.68, 222.6, 163.93, 323.87, 172.78, 245.81, 98.02, 30.6, 63.9, 125, 64.56, 87.89, , , , , 
1/30/2020 10:05:32 PM, 3292.25, 9230.25, 1650.1, 327.68, 222.6, 163.93, 323.87, 172.78, 245.81, 98.02, 30.6, 63.9, 125, 64.56, 87.89, , , , , 
1/30/2020 10:05:35 PM, 3292.5, 9230.75, 1650.1, 327.68, 222.6, 163.93, 323.87, 172.78, 245.81, 98.02, 30.6, 63.9, 125, 64.56, 87.89, , , , , 
1/30/2020 10:05:38 PM, 3292.75, 9230.75, 1650.1, 327.68, 222.6, 163.93, 323.87, 172.78, 245.81, 98.02, 30.6, 63.9, 125, 64.56, 87.89, , , , , 
1/30/2020 10:05:42 PM, 3292.5, 9230.75, 1650, 327.68, 222.6, 163.93, 323.87, 172.78, 245.81, 98.02, 30.6, 63.9, 125, 64.56, 87.89, , , , , 
1/30/2020 10:05:45 PM, 3292.5, 9230.75, 1650, 327.68, 222.6, 163.93, 323.87, 172.78, 245.81, 98.02, 30.6, 63.9, 125, 64.56, 87.89, , , , , 
1/30/2020 10:05:48 PM, 3292.5, 9231, 1650, 327.68, 222.6, 163.93, 323.87, 172.78, 245.81, 98.02, 30.6, 63.9, 125, 64.56, 87.89, , , , , 
1/30/2020 10:05:51 PM, 3292.5, 9231, 1650, 327.68, 222.6, 163.93, 323.87, 172.78, 245.81, 98.02, 30.6, 63.9, 125, 64.56, 87.89, , , , , 
1/30/2020 10:05:54 PM, 3292.5, 9230.5, 1650, 327.68, 222.6, 163.93, 323.87, 172.78, 245.81, 98.02, 30.6, 63.9, 125, 64.56, 87.89, , , , , 
1/30/2020 10:05:57 PM, 3292.5, 9230.5, 1650, 327.68, 222.6, 163.93, 323.87, 172.78, 245.81, 98.02, 30.6, 63.9, 125, 64.56, 87.89, , , , , 
1/30/2020 10:06:00 PM, 3292.5, 9230.25, 1650, 327.68, 222.6, 163.93, 323.87, 172.78, 245.81, 98.02, 30.6, 63.9, 125, 64.56, 87.89, , , , , 
1/30/2020 10:06:03 PM, 3292.5, 9229.5, 1649.9, 327.68, 222.6, 163.93, 323.87, 172.78, 245.81, 98.02, 30.6, 63.9, 125, 64.56, 87.89, , , , , 
1/30/2020 10:06:06 PM, 3292.5, 9229.75, 1649.9, 327.68, 222.6, 163.93, 323.87, 172.78, 245.81, 98.02, 30.6, 63.9, 125, 64.56, 87.89, , , , , 
1/30/2020 10:06:09 PM, 3292.5, 9229.5, 1649.9, 327.68, 222.6, 163.93, 323.87, 172.78, 245.81, 98.02, 30.6, 63.9, 125, 64.56, 87.89, , , , , 
1/30/2020 10:06:12 PM, 3292.5, 9230, 1649.9, 327.68, 222.6, 163.93, 323.87, 172.78, 245.81, 98.02, 30.6, 63.9, 125, 64.56, 87.89, , , , , 
1/30/2020 10:06:16 PM, 3292.5, 9229.5, 1649.9, 327.68, 222.6, 163.93, 323.87, 172.78, 245.81, 98.02, 30.6, 63.9, 125, 64.56, 87.89, , , , , 
1/30/2020 10:06:19 PM, 3292.5, 9229.25, 1649.9, 327.68, 222.6, 163.93, 323.87, 172.78, 245.81, 98.02, 30.6, 63.9, 125, 64.56, 87.89, , , , , 
1/30/2020 10:06:22 PM, 3292.5, 9229.5, 1649.9, 327.68, 222.6, 163.93, 323.87, 172.78, 245.81, 98.02, 30.6, 63.9, 125, 64.56, 87.89, , , , , 
1/30/2020 10:06:25 PM, 3292.5, 9229.5, 1649.9, 327.68, 222.6, 163.93, 323.87, 172.78, 245.81, 98.02, 30.6, 63.9, 125, 64.56, 87.89, , , , , 
1/30/2020 10:06:28 PM, 3292.5, 9229.5, 1649.9, 327.68, 222.6, 163.93, 323.87, 172.78, 245.81, 98.02, 30.6, 63.9, 125, 64.56, 87.89, , , , , 
1/30/2020 10:06:31 PM, 3292.5, 9229, 1649.9, 327.68, 222.6, 163.93, 323.87, 172.78, 245.81, 98.02, 30.6, 63.9, 125, 64.56, 87.89, , , , , 
1/30/2020 10:06:34 PM, 3292.25, 9228, 1649.9, 327.68, 222.6, 163.93, 323.87, 172.78, 245.81, 98.02, 30.6, 63.9, 125, 64.56, 87.89, , , , , 
1/30/2020 10:06:37 PM, 3291.75, 9227, 1649.6, 327.68, 222.6, 163.93, 323.87, 172.78, 245.81, 98.02, 30.6, 63.9, 125, 64.56, 87.89, , , , , 
1/30/2020 10:06:40 PM, 3291.5, 9225.25, 1649.6, 327.68, 222.6, 163.93, 323.87, 172.78, 245.81, 98.02, 30.6, 63.9, 125, 64.56, 87.89, , , , , 
1/30/2020 10:06:43 PM, 3291.5, 9224.25, 1649.5, 327.68, 222.6, 163.93, 323.87, 172.78, 245.81, 98.02, 30.6, 63.9, 125, 64.56, 87.89, , , , , 
1/30/2020 10:06:46 PM, 3291.5, 9224.75, 1649.5, 327.68, 222.6, 163.93, 323.87, 172.78, 245.81, 98.02, 30.6, 63.9, 125, 64.56, 87.89, , , , , 
1/30/2020 10:06:50 PM, 3291.5, 9225, 1649.5, 327.68, 222.6, 163.93, 323.87, 172.78, 245.81, 98.02, 30.6, 63.9, 125, 64.56, 87.89, , , , , 
1/30/2020 10:06:53 PM, 3291.5, 9225, 1649.5, 327.68, 222.6, 163.93, 323.87, 172.78, 245.81, 98.02, 30.6, 63.9, 125, 64.56, 87.89, , , , , 
1/30/2020 10:06:56 PM, 3291.75, 9226.5, 1649.5, 327.68, 222.6, 163.93, 323.87, 172.78, 245.81, 98.02, 30.6, 63.9, 125, 64.56, 87.89, , , , , 
1/30/2020 10:06:59 PM, 3291.75, 9226.5, 1649.5, 327.68, 222.6, 163.93, 323.87, 172.78, 245.81, 98.02, 30.6, 63.9, 125, 64.56, 87.89, , , , , 
1/30/2020 10:07:02 PM, 3291.25, 9225, 1649.5, 327.68, 222.6, 163.93, 323.87, 172.78, 245.81, 98.02, 30.6, 63.9, 125, 64.56, 87.89, , , , , 
1/30/2020 10:07:05 PM, 3291.25, 9225, 1649.5, 327.68, 222.6, 163.93, 323.87, 172.78, 245.81, 98.02, 30.6, 63.9, 125, 64.56, 87.89, , , , , 
1/30/2020 10:07:08 PM, 3291.5, 9224.5, 1649.5, 327.68, 222.6, 163.93, 323.87, 172.78, 245.81, 98.02, 30.6, 63.9, 125, 64.56, 87.89, , , , , 
1/30/2020 10:07:11 PM, 3291.5, 9224.5, 1649.5, 327.68, 222.6, 163.93, 323.87, 172.78, 245.81, 98.02, 30.6, 63.9, 125, 64.56, 87.89, , , , , 
1/30/2020 10:07:14 PM, 3291.25, 9223.75, 1649.3, 327.68, 222.6, 163.93, 323.87, 172.78, 245.81, 98.02, 30.6, 63.9, 125, 64.56, 87.89, , , , , 
1/30/2020 10:07:17 PM, 3291.25, 9223.75, 1649.3, 327.68, 222.6, 163.93, 323.87, 172.78, 245.81, 98.02, 30.6, 63.9, 125, 64.56, 87.89, , , , , 
1/30/2020 10:07:20 PM, 3291.25, 9223.5, 1649.5, 327.68, 222.6, 163.93, 323.87, 172.78, 245.81, 98.02, 30.6, 63.9, 125, 64.56, 87.89, , , , , 
1/30/2020 10:07:24 PM, 3291.5, 9224.75, 1649.5, 327.68, 222.6, 163.93, 323.87, 172.78, 245.81, 98.02, 30.6, 63.9, 125, 64.56, 87.89, , , , , 
1/30/2020 10:07:27 PM, 3291.5, 9224.25, 1649.5, 327.68, 222.6, 163.93, 323.87, 172.78, 245.81, 98.02, 30.6, 63.9, 125, 64.56, 87.89, , , , , 
1/30/2020 10:07:30 PM, 3291.75, 9224.25, 1649.5, 327.68, 222.6, 163.93, 323.87, 172.78, 245.81, 98.02, 30.6, 63.9, 125, 64.56, 87.89, , , , , 
1/30/2020 10:07:33 PM, 3291.5, 9225.25, 1649.5, 327.68, 222.6, 163.93, 323.87, 172.78, 245.81, 98.02, 30.6, 63.9, 125, 64.56, 87.89, , , , , 
1/30/2020 10:07:36 PM, 3291.75, 9226.25, 1649.5, 327.68, 222.6, 163.93, 323.87, 172.78, 245.81, 98.02, 30.6, 63.9, 125, 64.56, 87.89, , , , , 
1/30/2020 10:07:39 PM, 3292, 9227.75, 1649.8, 327.68, 222.6, 163.93, 323.87, 172.78, 245.81, 98.02, 30.6, 63.9, 125, 64.56, 87.89, , , , , 
1/30/2020 10:07:42 PM, 3292.5, 9228.5, 1650.2, 327.68, 222.6, 163.93, 323.87, 172.78, 245.81, 98.02, 30.6, 63.9, 125, 64.56, 87.89, , , , , 
1/30/2020 10:07:45 PM, 3292.5, 9228.25, 1650.2, 327.68, 222.6, 163.93, 323.87, 172.78, 245.81, 98.02, 30.6, 63.9, 125, 64.56, 87.89, , , , , 
1/30/2020 10:07:48 PM, 3292.25, 9227.5, 1650.2, 327.68, 222.6, 163.93, 323.87, 172.78, 245.81, 98.02, 30.6, 63.9, 125, 64.56, 87.89, , , , , 
1/30/2020 10:07:51 PM, 3292.25, 9227.5, 1650.2, 327.68, 222.6, 163.93, 323.87, 172.78, 245.81, 98.02, 30.6, 63.9, 125, 64.56, 87.89, , , , , 
1/30/2020 10:07:54 PM, 3292, 9227.75, 1649.9, 327.68, 222.6, 163.93, 323.87, 172.78, 245.81, 98.02, 30.6, 63.9, 125, 64.56, 87.89, , , , , 
1/30/2020 10:07:57 PM, 3292, 9227.75, 1649.9, 327.68, 222.6, 163.93, 323.87, 172.78, 245.81, 98.02, 30.6, 63.9, 125, 64.56, 87.89, , , , , 
1/30/2020 10:08:01 PM, 3292.25, 9228, 1649.9, 327.68, 222.6, 163.93, 323.87, 172.78, 245.81, 98.02, 30.6, 63.9, 125, 64.56, 87.89, , , , , 
1/30/2020 10:08:04 PM, 3292.25, 9228, 1649.9, 327.68, 222.6, 163.93, 323.87, 172.78, 245.81, 98.02, 30.6, 63.9, 125, 64.56, 87.89, , , , , 
1/30/2020 10:08:07 PM, 3292.25, 9228.25, 1650, 327.68, 222.6, 163.93, 323.87, 172.78, 245.81, 98.02, 30.6, 63.9, 125, 64.56, 87.89, , , , , 
1/30/2020 10:08:10 PM, 3292.25, 9229, 1650, 327.68, 222.6, 163.93, 323.87, 172.78, 245.81, 98.02, 30.6, 63.9, 125, 64.56, 87.89, , , , , 
1/30/2020 10:08:13 PM, 3292.25, 9228.25, 1650, 327.68, 222.6, 163.93, 323.87, 172.78, 245.81, 98.02, 30.6, 63.9, 125, 64.56, 87.89, , , , , 
1/30/2020 10:08:16 PM, 3292, 9228, 1649.9, 327.68, 222.6, 163.93, 323.87, 172.78, 245.81, 98.02, 30.6, 63.9, 125, 64.56, 87.89, , , , , 
1/30/2020 10:08:19 PM, 3292.25, 9229, 1649.9, 327.68, 222.6, 163.93, 323.87, 172.78, 245.81, 98.02, 30.6, 63.9, 125, 64.56, 87.89, , , , , 
1/30/2020 10:08:22 PM, 3292.5, 9229.75, 1650.2, 327.68, 222.6, 163.93, 323.87, 172.78, 245.81, 98.02, 30.6, 63.9, 125, 64.56, 87.89, , , , , 
1/30/2020 10:08:25 PM, 3292.25, 9229.25, 1650.2, 327.68, 222.6, 163.93, 323.87, 172.78, 245.81, 98.02, 30.6, 63.9, 125, 64.56, 87.89, , , , , 
1/30/2020 10:08:28 PM, 3292.5, 9229.75, 1650.2, 327.68, 222.6, 163.93, 323.87, 172.78, 245.81, 98.02, 30.6, 63.9, 125, 64.56, 87.89, , , , , 
1/30/2020 10:08:31 PM, 3292.5, 9229.75, 1650.2, 327.68, 222.6, 163.93, 323.87, 172.78, 245.81, 98.02, 30.6, 63.9, 125, 64.56, 87.89, , , , , 
1/30/2020 10:08:35 PM, 3292.5, 9229.5, 1650.3, 327.68, 222.6, 163.93, 323.87, 172.78, 245.81, 98.02, 30.6, 63.9, 125, 64.56, 87.89, , , , , 
1/30/2020 10:08:38 PM, 3292.5, 9230.25, 1650.3, 327.68, 222.6, 163.93, 323.87, 172.78, 245.81, 98.02, 30.6, 63.9, 125, 64.56, 87.89, , , , , 
1/30/2020 10:08:41 PM, 3292.5, 9230.25, 1650.3, 327.68, 222.6, 163.93, 323.87, 172.78, 245.81, 98.02, 30.6, 63.9, 125, 64.56, 87.89, , , , , 
1/30/2020 10:08:44 PM, 3293, 9231, 1650.3, 327.68, 222.6, 163.93, 323.87, 172.78, 245.81, 98.02, 30.6, 63.9, 125, 64.56, 87.89, , , , , 
1/30/2020 10:08:47 PM, 3293, 9231, 1650.3, 327.68, 222.6, 163.93, 323.87, 172.78, 245.81, 98.02, 30.6, 63.9, 125, 64.56, 87.89, , , , , 
1/30/2020 10:08:50 PM, 3292.75, 9230.5, 1650.3, 327.68, 222.6, 163.93, 323.87, 172.78, 245.81, 98.02, 30.6, 63.9, 125, 64.56, 87.89, , , , , 
1/30/2020 10:08:53 PM, 3292.75, 9230.5, 1650.3, 327.68, 222.6, 163.93, 323.87, 172.78, 245.81, 98.02, 30.6, 63.9, 125, 64.56, 87.89, , , , , 
1/30/2020 10:08:56 PM, 3292.75, 9230.5, 1650.3, 327.68, 222.6, 163.93, 323.87, 172.78, 245.81, 98.02, 30.6, 63.9, 125, 64.56, 87.89, , , , , 
1/30/2020 10:08:59 PM, 3292.75, 9230.5, 1650.3, 327.68, 222.6, 163.93, 323.87, 172.78, 245.81, 98.02, 30.6, 63.9, 125, 64.56, 87.89, , , , , 
1/30/2020 10:09:02 PM, 3292.75, 9230, 1650.3, 327.68, 222.6, 163.93, 323.87, 172.78, 245.81, 98.02, 30.6, 63.9, 125, 64.56, 87.89, , , , , 
1/30/2020 10:09:05 PM, 3292.75, 9230, 1650.3, 327.68, 222.6, 163.93, 323.87, 172.78, 245.81, 98.02, 30.6, 63.9, 125, 64.56, 87.89, , , , , 
1/30/2020 10:09:08 PM, 3293, 9230.25, 1650.3, 327.68, 222.6, 163.93, 323.87, 172.78, 245.81, 98.02, 30.6, 63.9, 125, 64.56, 87.89, , , , , 
1/30/2020 10:09:12 PM, 3292.75, 9230.75, 1650.3, 327.68, 222.6, 163.93, 323.87, 172.78, 245.81, 98.02, 30.6, 63.9, 125, 64.56, 87.89, , , , , 
1/30/2020 10:09:15 PM, 3292.75, 9230.5, 1650.3, 327.68, 222.6, 163.93, 323.87, 172.78, 245.81, 98.02, 30.6, 63.9, 125, 64.56, 87.89, , , , , 
1/30/2020 10:09:18 PM, 3292.75, 9230.5, 1650.3, 327.68, 222.6, 163.93, 323.87, 172.78, 245.81, 98.02, 30.6, 63.9, 125, 64.56, 87.89, , , , , 
1/30/2020 10:09:21 PM, 3292.75, 9230.75, 1650.3, 327.68, 222.6, 163.93, 323.87, 172.78, 245.81, 98.02, 30.6, 63.9, 125, 64.56, 87.89, , , , , 
1/30/2020 10:09:24 PM, 3292.75, 9230.5, 1650.3, 327.68, 222.6, 163.93, 323.87, 172.78, 245.81, 98.02, 30.6, 63.9, 125, 64.56, 87.89, , , , , 
1/30/2020 10:09:27 PM, 3293, 9231.5, 1650.5, 327.68, 222.6, 163.93, 323.87, 172.78, 245.81, 98.02, 30.6, 63.9, 125, 64.56, 87.89, , , , , 
1/30/2020 10:09:30 PM, 3293, 9232.25, 1650.5, 327.68, 222.6, 163.93, 323.87, 172.78, 245.81, 98.02, 30.6, 63.9, 125, 64.56, 87.89, , , , , 
1/30/2020 10:09:33 PM, 3293, 9232.25, 1650.5, 327.68, 222.6, 163.93, 323.87, 172.78, 245.81, 98.02, 30.6, 63.9, 125, 64.56, 87.89, , , , , 
1/30/2020 10:09:36 PM, 3293, 9231.75, 1650.5, 327.68, 222.6, 163.93, 323.87, 172.78, 245.81, 98.02, 30.6, 63.9, 125, 64.56, 87.89, , , , , 
1/30/2020 10:09:39 PM, 3293, 9231.75, 1650.5, 327.68, 222.6, 163.93, 323.87, 172.78, 245.81, 98.02, 30.6, 63.9, 125, 64.56, 87.89, , , , , 
1/30/2020 10:09:42 PM, 3293, 9231.75, 1650.5, 327.68, 222.6, 163.93, 323.87, 172.78, 245.81, 98.02, 30.6, 63.9, 125, 64.56, 87.89, , , , , 
1/30/2020 10:09:46 PM, 3293, 9232, 1650.5, 327.68, 222.6, 163.93, 323.87, 172.78, 245.81, 98.02, 30.6, 63.9, 125, 64.56, 87.89, , , , , 
1/30/2020 10:09:49 PM, 3293, 9231.75, 1650.5, 327.68, 222.6, 163.93, 323.87, 172.78, 245.81, 98.02, 30.6, 63.9, 125, 64.56, 87.89, , , , , 
1/30/2020 10:09:52 PM, 3293.25, 9232, 1650.5, 327.68, 222.6, 163.93, 323.87, 172.78, 245.81, 98.02, 30.6, 63.9, 125, 64.56, 87.89, , , , , 
1/30/2020 10:09:55 PM, 3293.25, 9232.25, 1650.5, 327.68, 222.6, 163.93, 323.87, 172.78, 245.81, 98.02, 30.6, 63.9, 125, 64.56, 87.89, , , , , 
1/30/2020 10:09:58 PM, 3293.25, 9232, 1650.5, 327.68, 222.6, 163.93, 323.87, 172.78, 245.81, 98.02, 30.6, 63.9, 125, 64.56, 87.89, , , , , 
1/30/2020 10:10:01 PM, 3293.25, 9232, 1650.5, 327.68, 222.6, 163.93, 323.87, 172.78, 245.81, 98.02, 30.6, 63.9, 125, 64.56, 87.89, , , , , 
1/30/2020 10:10:04 PM, 3293.25, 9232, 1650.5, 327.68, 222.6, 163.93, 323.87, 172.78, 245.81, 98.02, 30.6, 63.9, 125, 64.56, 87.89, , , , , 
1/30/2020 10:10:07 PM, 3293.25, 9231.75, 1650.5, 327.68, 222.6, 163.93, 323.87, 172.78, 245.81, 98.02, 30.6, 63.9, 125, 64.56, 87.89, , , , , 
1/30/2020 10:10:10 PM, 3293.25, 9232, 1650.5, 327.68, 222.6, 163.93, 323.87, 172.78, 245.81, 98.02, 30.6, 63.9, 125, 64.56, 87.89, , , , , 
1/30/2020 10:10:13 PM, 3293, 9231.5, 1650.5, 327.68, 222.6, 163.93, 323.87, 172.78, 245.81, 98.02, 30.6, 63.9, 125, 64.56, 87.89, , , , , 
1/30/2020 10:10:16 PM, 3293, 9231.5, 1650.5, 327.68, 222.6, 163.93, 323.87, 172.78, 245.81, 98.02, 30.6, 63.9, 125, 64.56, 87.89, , , , , 
1/30/2020 10:10:20 PM, 3293, 9231.25, 1650.5, 327.68, 222.6, 163.93, 323.87, 172.78, 245.81, 98.02, 30.6, 63.9, 125, 64.56, 87.89, , , , , 
1/30/2020 10:10:23 PM, 3293, 9231.25, 1650.5, 327.68, 222.6, 163.93, 323.87, 172.78, 245.81, 98.02, 30.6, 63.9, 125, 64.56, 87.89, , , , , 
1/30/2020 10:10:26 PM, 3292.75, 9231.25, 1650.5, 327.68, 222.6, 163.93, 323.87, 172.78, 245.81, 98.02, 30.6, 63.9, 125, 64.56, 87.89, , , , , 
1/30/2020 10:10:29 PM, 3292.75, 9231.25, 1650.5, 327.68, 222.6, 163.93, 323.87, 172.78, 245.81, 98.02, 30.6, 63.9, 125, 64.56, 87.89, , , , , 
1/30/2020 10:10:32 PM, 3292.75, 9230, 1650.3, 327.68, 222.6, 163.93, 323.87, 172.78, 245.81, 98.02, 30.6, 63.9, 125, 64.56, 87.89, , , , , 
1/30/2020 10:10:35 PM, 3292.75, 9230.75, 1650.3, 327.68, 222.6, 163.93, 323.87, 172.78, 245.81, 98.02, 30.6, 63.9, 125, 64.56, 87.89, , , , , 
1/30/2020 10:10:38 PM, 3292.75, 9230.75, 1650.3, 327.68, 222.6, 163.93, 323.87, 172.78, 245.81, 98.02, 30.6, 63.9, 125, 64.56, 87.89, , , , , 
1/30/2020 10:10:41 PM, 3292.75, 9231, 1650.3, 327.68, 222.6, 163.93, 323.87, 172.78, 245.81, 98.02, 30.6, 63.9, 125, 64.56, 87.89, , , , , 
1/30/2020 10:10:44 PM, 3292.75, 9230.75, 1650.3, 327.68, 222.6, 163.93, 323.87, 172.78, 245.81, 98.02, 30.6, 63.9, 125, 64.56, 87.89, , , , , 
1/30/2020 10:10:47 PM, 3292.75, 9231.5, 1650.3, 327.68, 222.6, 163.93, 323.87, 172.78, 245.81, 98.02, 30.6, 63.9, 125, 64.56, 87.89, , , , , 
1/30/2020 10:10:50 PM, 3292.75, 9231.5, 1650.3, 327.68, 222.6, 163.93, 323.87, 172.78, 245.81, 98.02, 30.6, 63.9, 125, 64.56, 87.89, , , , , 
1/30/2020 10:10:54 PM, 3292.75, 9230.75, 1650.3, 327.68, 222.6, 163.93, 323.87, 172.78, 245.81, 98.02, 30.6, 63.9, 125, 64.56, 87.89, , , , , 
1/30/2020 10:10:57 PM, 3292.75, 9230.75, 1650.3, 327.68, 222.6, 163.93, 323.87, 172.78, 245.81, 98.02, 30.6, 63.9, 125, 64.56, 87.89, , , , , 
1/30/2020 10:11:00 PM, 3292.75, 9231, 1650.3, 327.68, 222.6, 163.93, 323.87, 172.78, 245.81, 98.02, 30.6, 63.9, 125, 64.56, 87.89, , , , , 
1/30/2020 10:11:03 PM, 3292.75, 9231, 1650.3, 327.68, 222.6, 163.93, 323.87, 172.78, 245.81, 98.02, 30.6, 63.9, 125, 64.56, 87.89, , , , , 
1/30/2020 10:11:06 PM, 3292.75, 9231.5, 1650.3, 327.68, 222.6, 163.93, 323.87, 172.78, 245.81, 98.02, 30.6, 63.9, 125, 64.56, 87.89, , , , , 
1/30/2020 10:11:09 PM, 3292.75, 9231.5, 1650.3, 327.68, 222.6, 163.93, 323.87, 172.78, 245.81, 98.02, 30.6, 63.9, 125, 64.56, 87.89, , , , , 
1/30/2020 10:11:12 PM, 3292.75, 9231.25, 1650.3, 327.68, 222.6, 163.93, 323.87, 172.78, 245.81, 98.02, 30.6, 63.9, 125, 64.56, 87.89, , , , , 
1/30/2020 10:11:15 PM, 3292.75, 9231.25, 1650.3, 327.68, 222.6, 163.93, 323.87, 172.78, 245.81, 98.02, 30.6, 63.9, 125, 64.56, 87.89, , , , , 
1/30/2020 10:11:18 PM, 3292.75, 9231.75, 1650.3, 327.68, 222.6, 163.93, 323.87, 172.78, 245.81, 98.02, 30.6, 63.9, 125, 64.56, 87.89, , , , , 
1/30/2020 10:11:21 PM, 3292.75, 9231.75, 1650.3, 327.68, 222.6, 163.93, 323.87, 172.78, 245.81, 98.02, 30.6, 63.9, 125, 64.56, 87.89, , , , , 
1/30/2020 10:11:24 PM, 3293, 9231.5, 1650.5, 327.68, 222.6, 163.93, 323.87, 172.78, 245.81, 98.02, 30.6, 63.9, 125, 64.56, 87.89, , , , , 
1/30/2020 10:11:27 PM, 3293, 9231.5, 1650.5, 327.68, 222.6, 163.93, 323.87, 172.78, 245.81, 98.02, 30.6, 63.9, 125, 64.56, 87.89, , , , , 
1/30/2020 10:11:30 PM, 3292.75, 9231.25, 1650.5, 327.68, 222.6, 163.93, 323.87, 172.78, 245.81, 98.02, 30.6, 63.9, 125, 64.56, 87.89, , , , , 
1/30/2020 10:11:34 PM, 3292.5, 9231.25, 1650.5, 327.68, 222.6, 163.93, 323.87, 172.78, 245.81, 98.02, 30.6, 63.9, 125, 64.56, 87.89, , , , , 
1/30/2020 10:11:37 PM, 3293, 9232, 1650.5, 327.68, 222.6, 163.93, 323.87, 172.78, 245.81, 98.02, 30.6, 63.9, 125, 64.56, 87.89, , , , , 
1/30/2020 10:11:40 PM, 3293, 9232, 1650.5, 327.68, 222.6, 163.93, 323.87, 172.78, 245.81, 98.02, 30.6, 63.9, 125, 64.56, 87.89, , , , , 
1/30/2020 10:11:43 PM, 3293, 9232, 1650.5, 327.68, 222.6, 163.93, 323.87, 172.78, 245.81, 98.02, 30.6, 63.9, 125, 64.56, 87.89, , , , , 
1/30/2020 10:11:46 PM, 3292.75, 9231.25, 1650.5, 327.68, 222.6, 163.93, 323.87, 172.78, 245.81, 98.02, 30.6, 63.9, 125, 64.56, 87.89, , , , , 
1/30/2020 10:11:49 PM, 3292.75, 9231.25, 1650.5, 327.68, 222.6, 163.93, 323.87, 172.78, 245.81, 98.02, 30.6, 63.9, 125, 64.56, 87.89, , , , , 
1/30/2020 10:11:52 PM, 3292.75, 9231.25, 1650.5, 327.68, 222.6, 163.93, 323.87, 172.78, 245.81, 98.02, 30.6, 63.9, 125, 64.56, 87.89, , , , , 
1/30/2020 10:11:55 PM, 3292.75, 9231.25, 1650.5, 327.68, 222.6, 163.93, 323.87, 172.78, 245.81, 98.02, 30.6, 63.9, 125, 64.56, 87.89, , , , , 
1/30/2020 10:11:58 PM, 3292.75, 9231.25, 1650.5, 327.68, 222.6, 163.93, 323.87, 172.78, 245.81, 98.02, 30.6, 63.9, 125, 64.56, 87.89, , , , , 
1/30/2020 10:12:01 PM, 3292.75, 9231.25, 1650.5, 327.68, 222.6, 163.93, 323.87, 172.78, 245.81, 98.02, 30.6, 63.9, 125, 64.56, 87.89, , , , , 
1/30/2020 10:12:04 PM, 3292.75, 9231.25, 1650.5, 327.68, 222.6, 163.93, 323.87, 172.78, 245.81, 98.02, 30.6, 63.9, 125, 64.56, 87.89, , , , , 
1/30/2020 10:12:07 PM, 3292.75, 9231.75, 1650.5, 327.68, 222.6, 163.93, 323.87, 172.78, 245.81, 98.02, 30.6, 63.9, 125, 64.56, 87.89, , , , , 
1/30/2020 10:12:10 PM, 3292.75, 9231.75, 1650.5, 327.68, 222.6, 163.93, 323.87, 172.78, 245.81, 98.02, 30.6, 63.9, 125, 64.56, 87.89, , , , , 
1/30/2020 10:12:13 PM, 3292.75, 9232.5, 1650.5, 327.68, 222.6, 163.93, 323.87, 172.78, 245.81, 98.02, 30.6, 63.9, 125, 64.56, 87.89, , , , , 
1/30/2020 10:12:17 PM, 3292.75, 9232.5, 1650.5, 327.68, 222.6, 163.93, 323.87, 172.78, 245.81, 98.02, 30.6, 63.9, 125, 64.56, 87.89, , , , , 
1/30/2020 10:12:20 PM, 3292.75, 9232.5, 1650.5, 327.68, 222.6, 163.93, 323.87, 172.78, 245.81, 98.02, 30.6, 63.9, 125, 64.56, 87.89, , , , , 
1/30/2020 10:12:23 PM, 3292.75, 9232.5, 1650.5, 327.68, 222.6, 163.93, 323.87, 172.78, 245.81, 98.02, 30.6, 63.9, 125, 64.56, 87.89, , , , , 
1/30/2020 10:12:26 PM, 3292.75, 9231.25, 1650.5, 327.68, 222.6, 163.93, 323.87, 172.78, 245.81, 98.02, 30.6, 63.9, 125, 64.56, 87.89, , , , , 
1/30/2020 10:12:29 PM, 3292.75, 9231, 1650.5, 327.68, 222.6, 163.93, 323.87, 172.78, 245.81, 98.02, 30.6, 63.9, 125, 64.56, 87.89, , , , , 
1/30/2020 10:12:32 PM, 3292.75, 9231.25, 1650.5, 327.68, 222.6, 163.93, 323.87, 172.78, 245.81, 98.02, 30.6, 63.9, 125, 64.56, 87.89, , , , , 
1/30/2020 10:12:35 PM, 3292.75, 9231.25, 1650.5, 327.68, 222.6, 163.93, 323.87, 172.78, 245.81, 98.02, 30.6, 63.9, 125, 64.56, 87.89, , , , , 
1/30/2020 10:12:38 PM, 3292.75, 9231.25, 1650.5, 327.68, 222.6, 163.93, 323.87, 172.78, 245.81, 98.02, 30.6, 63.9, 125, 64.56, 87.89, , , , , 
1/30/2020 10:12:41 PM, 3292.75, 9231.75, 1650.5, 327.68, 222.6, 163.93, 323.87, 172.78, 245.81, 98.02, 30.6, 63.9, 125, 64.56, 87.89, , , , , 
1/30/2020 10:12:44 PM, 3292.75, 9232.25, 1650.5, 327.68, 222.6, 163.93, 323.87, 172.78, 245.81, 98.02, 30.6, 63.9, 125, 64.56, 87.89, , , , , 
1/30/2020 10:12:47 PM, 3292.75, 9232.25, 1650.4, 327.68, 222.6, 163.93, 323.87, 172.78, 245.81, 98.02, 30.6, 63.9, 125, 64.56, 87.89, , , , , 
1/30/2020 10:12:51 PM, 3292.75, 9232.25, 1650.4, 327.68, 222.6, 163.93, 323.87, 172.78, 245.81, 98.02, 30.6, 63.9, 125, 64.56, 87.89, , , , , 
1/30/2020 10:12:54 PM, 3292.75, 9232.25, 1650.4, 327.68, 222.6, 163.93, 323.87, 172.78, 245.81, 98.02, 30.6, 63.9, 125, 64.56, 87.89, , , , , 
1/30/2020 10:12:57 PM, 3292.75, 9232.25, 1650.4, 327.68, 222.6, 163.93, 323.87, 172.78, 245.81, 98.02, 30.6, 63.9, 125, 64.56, 87.89, , , , , 
1/30/2020 10:13:00 PM, 3292.75, 9231, 1650.4, 327.68, 222.6, 163.93, 323.87, 172.78, 245.81, 98.02, 30.6, 63.9, 125, 64.56, 87.89, , , , , 
1/30/2020 10:13:03 PM, 3292.75, 9231, 1650.4, 327.68, 222.6, 163.93, 323.87, 172.78, 245.81, 98.02, 30.6, 63.9, 125, 64.56, 87.89, , , , , 
1/30/2020 10:13:06 PM, 3292.75, 9231.5, 1650.4, 327.68, 222.6, 163.93, 323.87, 172.78, 245.81, 98.02, 30.6, 63.9, 125, 64.56, 87.89, , , , , 
1/30/2020 10:13:09 PM, 3292.75, 9231.5, 1650.4, 327.68, 222.6, 163.93, 323.87, 172.78, 245.81, 98.02, 30.6, 63.9, 125, 64.56, 87.89, , , , , 
1/30/2020 10:13:12 PM, 3292.75, 9231.5, 1650.4, 327.68, 222.6, 163.93, 323.87, 172.78, 245.81, 98.02, 30.6, 63.9, 125, 64.56, 87.89, , , , , 
1/30/2020 10:13:15 PM, 3292.75, 9231.5, 1650.4, 327.68, 222.6, 163.93, 323.87, 172.78, 245.81, 98.02, 30.6, 63.9, 125, 64.56, 87.89, , , , , 
1/30/2020 10:13:18 PM, 3292.75, 9231, 1650.3, 327.68, 222.6, 163.93, 323.87, 172.78, 245.81, 98.02, 30.6, 63.9, 125, 64.56, 87.89, , , , , 
1/30/2020 10:13:21 PM, 3292.75, 9231, 1650.3, 327.68, 222.6, 163.93, 323.87, 172.78, 245.81, 98.02, 30.6, 63.9, 125, 64.56, 87.89, , , , , 
1/30/2020 10:13:25 PM, 3292.75, 9231.25, 1650.3, 327.68, 222.6, 163.93, 323.87, 172.78, 245.81, 98.02, 30.6, 63.9, 125, 64.56, 87.89, , , , , 
1/30/2020 10:13:28 PM, 3292.75, 9231.25, 1650.3, 327.68, 222.6, 163.93, 323.87, 172.78, 245.81, 98.02, 30.6, 63.9, 125, 64.56, 87.89, , , , , 
1/30/2020 10:13:31 PM, 3292.75, 9231.5, 1650.3, 327.68, 222.6, 163.93, 323.87, 172.78, 245.81, 98.02, 30.6, 63.9, 125, 64.56, 87.89, , , , , 
1/30/2020 10:13:34 PM, 3292.75, 9231.5, 1650.3, 327.68, 222.6, 163.93, 323.87, 172.78, 245.81, 98.02, 30.6, 63.9, 125, 64.56, 87.89, , , , , 
1/30/2020 10:13:37 PM, 3292.75, 9231, 1650.3, 327.68, 222.6, 163.93, 323.87, 172.78, 245.81, 98.02, 30.6, 63.9, 125, 64.56, 87.89, , , , , 
1/30/2020 10:13:40 PM, 3292.75, 9230.5, 1650.3, 327.68, 222.6, 163.93, 323.87, 172.78, 245.81, 98.02, 30.6, 63.9, 125, 64.56, 87.89, , , , , 
1/30/2020 10:13:43 PM, 3292.75, 9231.5, 1650.3, 327.68, 222.6, 163.93, 323.87, 172.78, 245.81, 98.02, 30.6, 63.9, 125, 64.56, 87.89, , , , , 
1/30/2020 10:13:46 PM, 3292.75, 9231.75, 1650.5, 327.68, 222.6, 163.93, 323.87, 172.78, 245.81, 98.02, 30.6, 63.9, 125, 64.56, 87.89, , , , , 
1/30/2020 10:13:49 PM, 3292.75, 9231.5, 1650.5, 327.68, 222.6, 163.93, 323.87, 172.78, 245.81, 98.02, 30.6, 63.9, 125, 64.56, 87.89, , , , , 
1/30/2020 10:13:52 PM, 3292.75, 9231.5, 1650.5, 327.68, 222.6, 163.93, 323.87, 172.78, 245.81, 98.02, 30.6, 63.9, 125, 64.56, 87.89, , , , , 
1/30/2020 10:13:55 PM, 3292.75, 9231.5, 1650.5, 327.68, 222.6, 163.93, 323.87, 172.78, 245.81, 98.02, 30.6, 63.9, 125, 64.56, 87.89, , , , , 
1/30/2020 10:13:59 PM, 3292.75, 9231.5, 1650.5, 327.68, 222.6, 163.93, 323.87, 172.78, 245.81, 98.02, 30.6, 63.9, 125, 64.56, 87.89, , , , , 
1/30/2020 10:14:02 PM, 3292.75, 9231.5, 1650.5, 327.68, 222.6, 163.93, 323.87, 172.78, 245.81, 98.02, 30.6, 63.9, 125, 64.56, 87.89, , , , , 
1/30/2020 10:14:05 PM, 3292.75, 9231.5, 1650.5, 327.68, 222.6, 163.93, 323.87, 172.78, 245.81, 98.02, 30.6, 63.9, 125, 64.56, 87.89, , , , , 
1/30/2020 10:14:08 PM, 3292.75, 9231.5, 1650.5, 327.68, 222.6, 163.93, 323.87, 172.78, 245.81, 98.02, 30.6, 63.9, 125, 64.56, 87.89, , , , , 
1/30/2020 10:14:11 PM, 3292.75, 9231.5, 1650.5, 327.68, 222.6, 163.93, 323.87, 172.78, 245.81, 98.02, 30.6, 63.9, 125, 64.56, 87.89, , , , , 
1/30/2020 10:14:14 PM, 3292.5, 9230.5, 1650.3, 327.68, 222.6, 163.93, 323.87, 172.78, 245.81, 98.02, 30.6, 63.9, 125, 64.56, 87.89, , , , , 
1/30/2020 10:14:17 PM, 3292.5, 9230.5, 1650.3, 327.68, 222.6, 163.93, 323.87, 172.78, 245.81, 98.02, 30.6, 63.9, 125, 64.56, 87.89, , , , , 
1/30/2020 10:14:20 PM, 3292.5, 9230.5, 1650.3, 327.68, 222.6, 163.93, 323.87, 172.78, 245.81, 98.02, 30.6, 63.9, 125, 64.56, 87.89, , , , , 
1/30/2020 10:14:23 PM, 3292.5, 9230.5, 1650.3, 327.68, 222.6, 163.93, 323.87, 172.78, 245.81, 98.02, 30.6, 63.9, 125, 64.56, 87.89, , , , , 
1/30/2020 10:14:26 PM, 3292.5, 9230.5, 1650.3, 327.68, 222.6, 163.93, 323.87, 172.78, 245.81, 98.02, 30.6, 63.9, 125, 64.56, 87.89, , , , , 
1/30/2020 10:14:29 PM, 3292.25, 9229.75, 1650.3, 327.68, 222.6, 163.93, 323.87, 172.78, 245.81, 98.02, 30.6, 63.9, 125, 64.56, 87.89, , , , , 
1/30/2020 10:14:32 PM, 3292.25, 9229.75, 1650.3, 327.68, 222.6, 163.93, 323.87, 172.78, 245.81, 98.02, 30.6, 63.9, 125, 64.56, 87.89, , , , , 
1/30/2020 10:14:36 PM, 3292.25, 9230, 1650.3, 327.68, 222.6, 163.93, 323.87, 172.78, 245.81, 98.02, 30.6, 63.9, 125, 64.56, 87.89, , , , , 
1/30/2020 10:14:39 PM, 3292.25, 9230, 1650.3, 327.68, 222.6, 163.93, 323.87, 172.78, 245.81, 98.02, 30.6, 63.9, 125, 64.56, 87.89, , , , , 
1/30/2020 10:14:42 PM, 3292.5, 9230, 1650.3, 327.68, 222.6, 163.93, 323.87, 172.78, 245.81, 98.02, 30.6, 63.9, 125, 64.56, 87.89, , , , , 
1/30/2020 10:14:45 PM, 3292.5, 9230, 1650.3, 327.68, 222.6, 163.93, 323.87, 172.78, 245.81, 98.02, 30.6, 63.9, 125, 64.56, 87.89, , , , , 
1/30/2020 10:14:48 PM, 3292.5, 9230.75, 1650.3, 327.68, 222.6, 163.93, 323.87, 172.78, 245.81, 98.02, 30.6, 63.9, 125, 64.56, 87.89, , , , , 
1/30/2020 10:14:51 PM, 3292.5, 9230.75, 1650.3, 327.68, 222.6, 163.93, 323.87, 172.78, 245.81, 98.02, 30.6, 63.9, 125, 64.56, 87.89, , , , , 
1/30/2020 10:14:54 PM, 3292.5, 9230.75, 1650.3, 327.68, 222.6, 163.93, 323.87, 172.78, 245.81, 98.02, 30.6, 63.9, 125, 64.56, 87.89, , , , , 
1/30/2020 10:14:57 PM, 3292.5, 9231.25, 1650.3, 327.68, 222.6, 163.93, 323.87, 172.78, 245.81, 98.02, 30.6, 63.9, 125, 64.56, 87.89, , , , , 
1/30/2020 10:15:00 PM, 3292.5, 9231.25, 1650.3, 327.68, 222.6, 163.93, 323.87, 172.78, 245.81, 98.02, 30.6, 63.9, 125, 64.56, 87.89, , , , , 
1/30/2020 10:15:03 PM, 3293.5, 9233.5, 1650.6, 327.68, 222.6, 163.93, 323.87, 172.78, 245.81, 98.02, 30.6, 63.9, 125, 64.56, 87.89, , , , , 
1/30/2020 10:15:06 PM, 3293.5, 9233.5, 1650.6, 327.68, 222.6, 163.93, 323.87, 172.78, 245.81, 98.02, 30.6, 63.9, 125, 64.56, 87.89, , , , , 
1/30/2020 10:15:10 PM, 3293.25, 9233.25, 1650.6, 327.68, 222.6, 163.93, 323.87, 172.78, 245.81, 98.02, 30.6, 63.9, 125, 64.56, 87.89, , , , , 
1/30/2020 10:15:13 PM, 3293, 9233.5, 1650.6, 327.68, 222.6, 163.93, 323.87, 172.78, 245.81, 98.02, 30.6, 63.9, 125, 64.56, 87.89, , , , , 
1/30/2020 10:15:16 PM, 3293, 9233.25, 1650.6, 327.68, 222.6, 163.93, 323.87, 172.78, 245.81, 98.02, 30.6, 63.9, 125, 64.56, 87.89, , , , , 
1/30/2020 10:15:19 PM, 3293, 9233.5, 1650.6, 327.68, 222.6, 163.93, 323.87, 172.78, 245.81, 98.02, 30.6, 63.9, 125, 64.56, 87.89, , , , , 
1/30/2020 10:15:22 PM, 3293, 9233.5, 1650.6, 327.68, 222.6, 163.93, 323.87, 172.78, 245.81, 98.02, 30.6, 63.9, 125, 64.56, 87.89, , , , , 
1/30/2020 10:15:25 PM, 3293.25, 9233.5, 1650.6, 327.68, 222.6, 163.93, 323.87, 172.78, 245.81, 98.02, 30.6, 63.9, 125, 64.56, 87.89, , , , , 
1/30/2020 10:15:28 PM, 3293.25, 9233.25, 1650.6, 327.68, 222.6, 163.93, 323.87, 172.78, 245.81, 98.02, 30.6, 63.9, 125, 64.56, 87.89, , , , , 
1/30/2020 10:15:31 PM, 3293.25, 9233, 1650.6, 327.68, 222.6, 163.93, 323.87, 172.78, 245.81, 98.02, 30.6, 63.9, 125, 64.56, 87.89, , , , , 
1/30/2020 10:15:34 PM, 3293.25, 9233.25, 1650.6, 327.68, 222.6, 163.93, 323.87, 172.78, 245.81, 98.02, 30.6, 63.9, 125, 64.56, 87.89, , , , , 
1/30/2020 10:15:37 PM, 3293.25, 9233.25, 1650.6, 327.68, 222.6, 163.93, 323.87, 172.78, 245.81, 98.02, 30.6, 63.9, 125, 64.56, 87.89, , , , , 
1/30/2020 10:15:40 PM, 3293.25, 9233, 1650.6, 327.68, 222.6, 163.93, 323.87, 172.78, 245.81, 98.02, 30.6, 63.9, 125, 64.56, 87.89, , , , , 
1/30/2020 10:15:43 PM, 3293, 9233.25, 1650.6, 327.68, 222.6, 163.93, 323.87, 172.78, 245.81, 98.02, 30.6, 63.9, 125, 64.56, 87.89, , , , , 
1/30/2020 10:15:47 PM, 3293, 9233, 1650.6, 327.68, 222.6, 163.93, 323.87, 172.78, 245.81, 98.02, 30.6, 63.9, 125, 64.56, 87.89, , , , , 
1/30/2020 10:15:50 PM, 3293, 9233.25, 1650.6, 327.68, 222.6, 163.93, 323.87, 172.78, 245.81, 98.02, 30.6, 63.9, 125, 64.56, 87.89, , , , , 
1/30/2020 10:15:53 PM, 3293, 9233.25, 1650.6, 327.68, 222.6, 163.93, 323.87, 172.78, 245.81, 98.02, 30.6, 63.9, 125, 64.56, 87.89, , , , , 
1/30/2020 10:15:56 PM, 3292.75, 9231.75, 1650.3, 327.68, 222.6, 163.93, 323.87, 172.78, 245.81, 98.02, 30.6, 63.9, 125, 64.56, 87.89, , , , , 
1/30/2020 10:15:59 PM, 3292.75, 9231.75, 1650.3, 327.68, 222.6, 163.93, 323.87, 172.78, 245.81, 98.02, 30.6, 63.9, 125, 64.56, 87.89, , , , , 
1/30/2020 10:16:02 PM, 3292.75, 9231.75, 1650.3, 327.68, 222.6, 163.93, 323.87, 172.78, 245.81, 98.02, 30.6, 63.9, 125, 64.56, 87.89, , , , , 
1/30/2020 10:16:05 PM, 3292.75, 9231.75, 1650.3, 327.68, 222.6, 163.93, 323.87, 172.78, 245.81, 98.02, 30.6, 63.9, 125, 64.56, 87.89, , , , , 
1/30/2020 10:16:08 PM, 3292.75, 9231.75, 1650.3, 327.68, 222.6, 163.93, 323.87, 172.78, 245.81, 98.02, 30.6, 63.9, 125, 64.56, 87.89, , , , , 
1/30/2020 10:16:11 PM, 3293, 9231.75, 1650.3, 327.68, 222.6, 163.93, 323.87, 172.78, 245.81, 98.02, 30.6, 63.9, 125, 64.56, 87.89, , , , , 
1/30/2020 10:16:14 PM, 3293, 9232.75, 1650.3, 327.68, 222.6, 163.93, 323.87, 172.78, 245.81, 98.02, 30.6, 63.9, 125, 64.56, 87.89, , , , , 
1/30/2020 10:16:17 PM, 3293, 9232.75, 1650.3, 327.68, 222.6, 163.93, 323.87, 172.78, 245.81, 98.02, 30.6, 63.9, 125, 64.56, 87.89, , , , , 
1/30/2020 10:16:20 PM, 3293, 9233.25, 1650.3, 327.68, 222.6, 163.93, 323.87, 172.78, 245.81, 98.02, 30.6, 63.9, 125, 64.56, 87.89, , , , , 
1/30/2020 10:16:24 PM, 3293, 9233.25, 1650.3, 327.68, 222.6, 163.93, 323.87, 172.78, 245.81, 98.02, 30.6, 63.9, 125, 64.56, 87.89, , , , , 
1/30/2020 10:16:27 PM, 3293, 9233.25, 1650.3, 327.68, 222.6, 163.93, 323.87, 172.78, 245.81, 98.02, 30.6, 63.9, 125, 64.56, 87.89, , , , , 
1/30/2020 10:16:30 PM, 3293, 9233.5, 1650.3, 327.68, 222.6, 163.93, 323.87, 172.78, 245.81, 98.02, 30.6, 63.9, 125, 64.56, 87.89, , , , , 
1/30/2020 10:16:33 PM, 3293, 9233.5, 1650.3, 327.68, 222.6, 163.93, 323.87, 172.78, 245.81, 98.02, 30.6, 63.9, 125, 64.56, 87.89, , , , , 
1/30/2020 10:16:36 PM, 3293.25, 9234.25, 1650.3, 327.68, 222.6, 163.93, 323.87, 172.78, 245.81, 98.02, 30.6, 63.9, 125, 64.56, 87.89, , , , , 
1/30/2020 10:16:39 PM, 3293.25, 9234.25, 1650.3, 327.68, 222.6, 163.93, 323.87, 172.78, 245.81, 98.02, 30.6, 63.9, 125, 64.56, 87.89, , , , , 
1/30/2020 10:16:42 PM, 3293.25, 9234, 1650.3, 327.68, 222.6, 163.93, 323.87, 172.78, 245.81, 98.02, 30.6, 63.9, 125, 64.56, 87.89, , , , , 
1/30/2020 10:16:45 PM, 3293.25, 9234, 1650.3, 327.68, 222.6, 163.93, 323.87, 172.78, 245.81, 98.02, 30.6, 63.9, 125, 64.56, 87.89, , , , , 
1/30/2020 10:16:48 PM, 3293.5, 9234.5, 1650.3, 327.68, 222.6, 163.93, 323.87, 172.78, 245.81, 98.02, 30.6, 63.9, 125, 64.56, 87.89, , , , , 
1/30/2020 10:16:51 PM, 3293.5, 9234.5, 1650.3, 327.68, 222.6, 163.93, 323.87, 172.78, 245.81, 98.02, 30.6, 63.9, 125, 64.56, 87.89, , , , , 
1/30/2020 10:16:54 PM, 3293.5, 9234.5, 1650.3, 327.68, 222.6, 163.93, 323.87, 172.78, 245.81, 98.02, 30.6, 63.9, 125, 64.56, 87.89, , , , , 
1/30/2020 10:16:58 PM, 3293.25, 9234.5, 1650.3, 327.68, 222.6, 163.93, 323.87, 172.78, 245.81, 98.02, 30.6, 63.9, 125, 64.56, 87.89, , , , , 
1/30/2020 10:17:01 PM, 3293.5, 9235.25, 1650.3, 327.68, 222.6, 163.93, 323.87, 172.78, 245.81, 98.02, 30.6, 63.9, 125, 64.56, 87.89, , , , , 
1/30/2020 10:17:04 PM, 3293.5, 9235.25, 1650.3, 327.68, 222.6, 163.93, 323.87, 172.78, 245.81, 98.02, 30.6, 63.9, 125, 64.56, 87.89, , , , , 
1/30/2020 10:17:07 PM, 3293.5, 9236, 1650.3, 327.68, 222.6, 163.93, 323.87, 172.78, 245.81, 98.02, 30.6, 63.9, 125, 64.56, 87.89, , , , , 
1/30/2020 10:17:10 PM, 3293.5, 9236, 1650.3, 327.68, 222.6, 163.93, 323.87, 172.78, 245.81, 98.02, 30.6, 63.9, 125, 64.56, 87.89, , , , , 
1/30/2020 10:17:13 PM, 3293.5, 9235.25, 1650.3, 327.68, 222.6, 163.93, 323.87, 172.78, 245.81, 98.02, 30.6, 63.9, 125, 64.56, 87.89, , , , , 
1/30/2020 10:17:16 PM, 3293.5, 9235.25, 1650.3, 327.68, 222.6, 163.93, 323.87, 172.78, 245.81, 98.02, 30.6, 63.9, 125, 64.56, 87.89, , , , , 
1/30/2020 10:17:19 PM, 3293.75, 9237, 1650.8, 327.68, 222.6, 163.93, 323.87, 172.78, 245.81, 98.02, 30.6, 63.9, 125, 64.56, 87.89, , , , , 
1/30/2020 10:17:22 PM, 3293.75, 9237, 1650.8, 327.68, 222.6, 163.93, 323.87, 172.78, 245.81, 98.02, 30.6, 63.9, 125, 64.56, 87.89, , , , , 
1/30/2020 10:17:25 PM, 3294, 9237.5, 1650.9, 327.68, 222.6, 163.93, 323.87, 172.78, 245.81, 98.02, 30.6, 63.9, 125, 64.56, 87.89, , , , , 
1/30/2020 10:17:28 PM, 3294, 9237.25, 1650.9, 327.68, 222.6, 163.93, 323.87, 172.78, 245.81, 98.02, 30.6, 63.9, 125, 64.56, 87.89, , , , , 
1/30/2020 10:17:31 PM, 3294, 9237.25, 1650.9, 327.68, 222.6, 163.93, 323.87, 172.78, 245.81, 98.02, 30.6, 63.9, 125, 64.56, 87.89, , , , , 
1/30/2020 10:17:35 PM, 3294, 9237.25, 1650.9, 327.68, 222.6, 163.93, 323.87, 172.78, 245.81, 98.02, 30.6, 63.9, 125, 64.56, 87.89, , , , , 
1/30/2020 10:17:38 PM, 3294, 9237.25, 1650.9, 327.68, 222.6, 163.93, 323.87, 172.78, 245.81, 98.02, 30.6, 63.9, 125, 64.56, 87.89, , , , , 
1/30/2020 10:17:41 PM, 3294.25, 9237.75, 1651, 327.68, 222.6, 163.93, 323.87, 172.78, 245.81, 98.02, 30.6, 63.9, 125, 64.56, 87.89, , , , , 
1/30/2020 10:17:44 PM, 3294.25, 9237.5, 1651, 327.68, 222.6, 163.93, 323.87, 172.78, 245.81, 98.02, 30.6, 63.9, 125, 64.56, 87.89, , , , , 
1/30/2020 10:17:47 PM, 3294.25, 9237.5, 1651, 327.68, 222.6, 163.93, 323.87, 172.78, 245.81, 98.02, 30.6, 63.9, 125, 64.56, 87.89, , , , , 
1/30/2020 10:17:50 PM, 3294, 9237, 1651, 327.68, 222.6, 163.93, 323.87, 172.78, 245.81, 98.02, 30.6, 63.9, 125, 64.56, 87.89, , , , , 
1/30/2020 10:17:53 PM, 3294, 9237.25, 1651, 327.68, 222.6, 163.93, 323.87, 172.78, 245.81, 98.02, 30.6, 63.9, 125, 64.56, 87.89, , , , , 
1/30/2020 10:17:56 PM, 3294, 9237.25, 1651, 327.68, 222.6, 163.93, 323.87, 172.78, 245.81, 98.02, 30.6, 63.9, 125, 64.56, 87.89, , , , , 
1/30/2020 10:17:59 PM, 3294.25, 9238, 1650.9, 327.68, 222.6, 163.93, 323.87, 172.78, 245.81, 98.02, 30.6, 63.9, 125, 64.56, 87.89, , , , , 
1/30/2020 10:18:02 PM, 3294.25, 9237.5, 1650.9, 327.68, 222.6, 163.93, 323.87, 172.78, 245.81, 98.02, 30.6, 63.9, 125, 64.56, 87.89, , , , , 
1/30/2020 10:18:05 PM, 3294, 9237.5, 1650.9, 327.68, 222.6, 163.93, 323.87, 172.78, 245.81, 98.02, 30.6, 63.9, 125, 64.56, 87.89, , , , , 
1/30/2020 10:18:08 PM, 3294, 9237.5, 1650.9, 327.68, 222.6, 163.93, 323.87, 172.78, 245.81, 98.02, 30.6, 63.9, 125, 64.56, 87.89, , , , , 
1/30/2020 10:18:12 PM, 3294.25, 9238, 1650.9, 327.68, 222.6, 163.93, 323.87, 172.78, 245.81, 98.02, 30.6, 63.9, 125, 64.56, 87.89, , , , , 
1/30/2020 10:18:15 PM, 3294.5, 9237.75, 1650.9, 327.68, 222.6, 163.93, 323.87, 172.78, 245.81, 98.02, 30.6, 63.9, 125, 64.56, 87.89, , , , , 
1/30/2020 10:18:18 PM, 3294.5, 9237.5, 1650.9, 327.68, 222.6, 163.93, 323.87, 172.78, 245.81, 98.02, 30.6, 63.9, 125, 64.56, 87.89, , , , , 
1/30/2020 10:18:21 PM, 3294.5, 9237.5, 1650.9, 327.68, 222.6, 163.93, 323.87, 172.78, 245.81, 98.02, 30.6, 63.9, 125, 64.56, 87.89, , , , , 
1/30/2020 10:18:24 PM, 3294, 9236.5, 1650.9, 327.68, 222.6, 163.93, 323.87, 172.78, 245.81, 98.02, 30.6, 63.9, 125, 64.56, 87.89, , , , , 
1/30/2020 10:18:27 PM, 3294.25, 9237.25, 1650.9, 327.68, 222.6, 163.93, 323.87, 172.78, 245.81, 98.02, 30.6, 63.9, 125, 64.56, 87.89, , , , , 
1/30/2020 10:18:30 PM, 3294, 9236.5, 1650.9, 327.68, 222.6, 163.93, 323.87, 172.78, 245.81, 98.02, 30.6, 63.9, 125, 64.56, 87.89, , , , , 
1/30/2020 10:18:33 PM, 3294, 9236.5, 1650.9, 327.68, 222.6, 163.93, 323.87, 172.78, 245.81, 98.02, 30.6, 63.9, 125, 64.56, 87.89, , , , , 
1/30/2020 10:18:36 PM, 3294, 9236.25, 1650.9, 327.68, 222.6, 163.93, 323.87, 172.78, 245.81, 98.02, 30.6, 63.9, 125, 64.56, 87.89, , , , , 
1/30/2020 10:18:39 PM, 3294, 9236.25, 1650.9, 327.68, 222.6, 163.93, 323.87, 172.78, 245.81, 98.02, 30.6, 63.9, 125, 64.56, 87.89, , , , , 
1/30/2020 10:18:42 PM, 3294, 9236.75, 1650.9, 327.68, 222.6, 163.93, 323.87, 172.78, 245.81, 98.02, 30.6, 63.9, 125, 64.56, 87.89, , , , , 
1/30/2020 10:18:45 PM, 3294, 9236.75, 1650.9, 327.68, 222.6, 163.93, 323.87, 172.78, 245.81, 98.02, 30.6, 63.9, 125, 64.56, 87.89, , , , , 
1/30/2020 10:18:49 PM, 3294, 9236.5, 1650.9, 327.68, 222.6, 163.93, 323.87, 172.78, 245.81, 98.02, 30.6, 63.9, 125, 64.56, 87.89, , , , , 
1/30/2020 10:18:52 PM, 3294, 9236.5, 1650.9, 327.68, 222.6, 163.93, 323.87, 172.78, 245.81, 98.02, 30.6, 63.9, 125, 64.56, 87.89, , , , , 
1/30/2020 10:18:55 PM, 3294, 9236.25, 1650.9, 327.68, 222.6, 163.93, 323.87, 172.78, 245.81, 98.02, 30.6, 63.9, 125, 64.56, 87.89, , , , , 
1/30/2020 10:18:58 PM, 3294, 9236.25, 1650.9, 327.68, 222.6, 163.93, 323.87, 172.78, 245.81, 98.02, 30.6, 63.9, 125, 64.56, 87.89, , , , , 
1/30/2020 10:19:01 PM, 3294, 9236, 1650.9, 327.68, 222.6, 163.93, 323.87, 172.78, 245.81, 98.02, 30.6, 63.9, 125, 64.56, 87.89, , , , , 
1/30/2020 10:19:04 PM, 3294, 9236, 1650.9, 327.68, 222.6, 163.93, 323.87, 172.78, 245.81, 98.02, 30.6, 63.9, 125, 64.56, 87.89, , , , , 
1/30/2020 10:19:07 PM, 3293.75, 9235.75, 1650.9, 327.68, 222.6, 163.93, 323.87, 172.78, 245.81, 98.02, 30.6, 63.9, 125, 64.56, 87.89, , , , , 
1/30/2020 10:19:10 PM, 3293.75, 9235.75, 1650.9, 327.68, 222.6, 163.93, 323.87, 172.78, 245.81, 98.02, 30.6, 63.9, 125, 64.56, 87.89, , , , , 
1/30/2020 10:19:13 PM, 3293.75, 9236, 1650.9, 327.68, 222.6, 163.93, 323.87, 172.78, 245.81, 98.02, 30.6, 63.9, 125, 64.56, 87.89, , , , , 
1/30/2020 10:19:16 PM, 3293.75, 9236, 1650.9, 327.68, 222.6, 163.93, 323.87, 172.78, 245.81, 98.02, 30.6, 63.9, 125, 64.56, 87.89, , , , , 
1/30/2020 10:19:19 PM, 3294, 9235.75, 1650.7, 327.68, 222.6, 163.93, 323.87, 172.78, 245.81, 98.02, 30.6, 63.9, 125, 64.56, 87.89, , , , , 
1/30/2020 10:19:22 PM, 3294, 9235.75, 1650.7, 327.68, 222.6, 163.93, 323.87, 172.78, 245.81, 98.02, 30.6, 63.9, 125, 64.56, 87.89, , , , , 
1/30/2020 10:19:26 PM, 3294, 9236.25, 1650.7, 327.68, 222.6, 163.93, 323.87, 172.78, 245.81, 98.02, 30.6, 63.9, 125, 64.56, 87.89, , , , , 
1/30/2020 10:19:29 PM, 3294, 9236.25, 1650.7, 327.68, 222.6, 163.93, 323.87, 172.78, 245.81, 98.02, 30.6, 63.9, 125, 64.56, 87.89, , , , , 
1/30/2020 10:19:32 PM, 3294, 9235.75, 1650.7, 327.68, 222.6, 163.93, 323.87, 172.78, 245.81, 98.02, 30.6, 63.9, 125, 64.56, 87.89, , , , , 
1/30/2020 10:19:35 PM, 3294, 9235.75, 1650.7, 327.68, 222.6, 163.93, 323.87, 172.78, 245.81, 98.02, 30.6, 63.9, 125, 64.56, 87.89, , , , , 
1/30/2020 10:19:38 PM, 3293.75, 9235.75, 1650.7, 327.68, 222.6, 163.93, 323.87, 172.78, 245.81, 98.02, 30.6, 63.9, 125, 64.56, 87.89, , , , , 
1/30/2020 10:19:41 PM, 3293.75, 9235.75, 1650.7, 327.68, 222.6, 163.93, 323.87, 172.78, 245.81, 98.02, 30.6, 63.9, 125, 64.56, 87.89, , , , , 
1/30/2020 10:19:44 PM, 3293.75, 9236.5, 1650.7, 327.68, 222.6, 163.93, 323.87, 172.78, 245.81, 98.02, 30.6, 63.9, 125, 64.56, 87.89, , , , , 
1/30/2020 10:19:47 PM, 3293.75, 9236.5, 1650.7, 327.68, 222.6, 163.93, 323.87, 172.78, 245.81, 98.02, 30.6, 63.9, 125, 64.56, 87.89, , , , , 
1/30/2020 10:19:50 PM, 3293.75, 9236.5, 1650.7, 327.68, 222.6, 163.93, 323.87, 172.78, 245.81, 98.02, 30.6, 63.9, 125, 64.56, 87.89, , , , , 
1/30/2020 10:19:53 PM, 3293.75, 9236.5, 1650.7, 327.68, 222.6, 163.93, 323.87, 172.78, 245.81, 98.02, 30.6, 63.9, 125, 64.56, 87.89, , , , , 
1/30/2020 10:19:56 PM, 3293.75, 9236.5, 1650.7, 327.68, 222.6, 163.93, 323.87, 172.78, 245.81, 98.02, 30.6, 63.9, 125, 64.56, 87.89, , , , , 
1/30/2020 10:20:00 PM, 3293.75, 9236.5, 1650.7, 327.68, 222.6, 163.93, 323.87, 172.78, 245.81, 98.02, 30.6, 63.9, 125, 64.56, 87.89, , , , , 
1/30/2020 10:20:03 PM, 3294, 9236.25, 1650.7, 327.68, 222.6, 163.93, 323.87, 172.78, 245.81, 98.02, 30.6, 63.9, 125, 64.56, 87.89, , , , , 
1/30/2020 10:20:06 PM, 3294, 9236.5, 1650.7, 327.68, 222.6, 163.93, 323.87, 172.78, 245.81, 98.02, 30.6, 63.9, 125, 64.56, 87.89, , , , , 
1/30/2020 10:20:09 PM, 3294, 9236.25, 1650.7, 327.68, 222.6, 163.93, 323.87, 172.78, 245.81, 98.02, 30.6, 63.9, 125, 64.56, 87.89, , , , , 
1/30/2020 10:20:12 PM, 3294.25, 9237.25, 1650.7, 327.68, 222.6, 163.93, 323.87, 172.78, 245.81, 98.02, 30.6, 63.9, 125, 64.56, 87.89, , , , , 
1/30/2020 10:20:15 PM, 3294.25, 9237.25, 1650.7, 327.68, 222.6, 163.93, 323.87, 172.78, 245.81, 98.02, 30.6, 63.9, 125, 64.56, 87.89, , , , , 
1/30/2020 10:20:18 PM, 3294.25, 9237.25, 1650.7, 327.68, 222.6, 163.93, 323.87, 172.78, 245.81, 98.02, 30.6, 63.9, 125, 64.56, 87.89, , , , , 
1/30/2020 10:20:21 PM, 3294.25, 9237.25, 1650.7, 327.68, 222.6, 163.93, 323.87, 172.78, 245.81, 98.02, 30.6, 63.9, 125, 64.56, 87.89, , , , , 
1/30/2020 10:20:24 PM, 3294.25, 9237, 1650.7, 327.68, 222.6, 163.93, 323.87, 172.78, 245.81, 98.02, 30.6, 63.9, 125, 64.56, 87.89, , , , , 
1/30/2020 10:20:27 PM, 3294.25, 9237, 1650.7, 327.68, 222.6, 163.93, 323.87, 172.78, 245.81, 98.02, 30.6, 63.9, 125, 64.56, 87.89, , , , , 
1/30/2020 10:20:30 PM, 3294.25, 9237, 1650.7, 327.68, 222.6, 163.93, 323.87, 172.78, 245.81, 98.02, 30.6, 63.9, 125, 64.56, 87.89, , , , , 
1/30/2020 10:20:33 PM, 3294.25, 9237, 1650.7, 327.68, 222.6, 163.93, 323.87, 172.78, 245.81, 98.02, 30.6, 63.9, 125, 64.56, 87.89, , , , , 
1/30/2020 10:20:37 PM, 3294.25, 9237, 1650.7, 327.68, 222.6, 163.93, 323.87, 172.78, 245.81, 98.02, 30.6, 63.9, 125, 64.56, 87.89, , , , , 
1/30/2020 10:20:40 PM, 3294, 9236.25, 1650.7, 327.68, 222.6, 163.93, 323.87, 172.78, 245.81, 98.02, 30.6, 63.9, 125, 64.56, 87.89, , , , , 
1/30/2020 10:20:43 PM, 3294, 9236.25, 1650.7, 327.68, 222.6, 163.93, 323.87, 172.78, 245.81, 98.02, 30.6, 63.9, 125, 64.56, 87.89, , , , , 
1/30/2020 10:20:46 PM, 3294, 9236.25, 1650.7, 327.68, 222.6, 163.93, 323.87, 172.78, 245.81, 98.02, 30.6, 63.9, 125, 64.56, 87.89, , , , , 
1/30/2020 10:20:49 PM, 3294, 9236.25, 1650.7, 327.68, 222.6, 163.93, 323.87, 172.78, 245.81, 98.02, 30.6, 63.9, 125, 64.56, 87.89, , , , , 
1/30/2020 10:20:52 PM, 3294, 9236.25, 1650.8, 327.68, 222.6, 163.93, 323.87, 172.78, 245.81, 98.02, 30.6, 63.9, 125, 64.56, 87.89, , , , , 
1/30/2020 10:20:55 PM, 3294, 9236.25, 1650.8, 327.68, 222.6, 163.93, 323.87, 172.78, 245.81, 98.02, 30.6, 63.9, 125, 64.56, 87.89, , , , , 
1/30/2020 10:20:58 PM, 3294, 9236.5, 1650.8, 327.68, 222.6, 163.93, 323.87, 172.78, 245.81, 98.02, 30.6, 63.9, 125, 64.56, 87.89, , , , , 
1/30/2020 10:21:01 PM, 3294, 9236.5, 1650.8, 327.68, 222.6, 163.93, 323.87, 172.78, 245.81, 98.02, 30.6, 63.9, 125, 64.56, 87.89, , , , , 
1/30/2020 10:21:04 PM, 3293.75, 9235.25, 1650.8, 327.68, 222.6, 163.93, 323.87, 172.78, 245.81, 98.02, 30.6, 63.9, 125, 64.56, 87.89, , , , , 
1/30/2020 10:21:07 PM, 3293.75, 9235.25, 1650.8, 327.68, 222.6, 163.93, 323.87, 172.78, 245.81, 98.02, 30.6, 63.9, 125, 64.56, 87.89, , , , , 
1/30/2020 10:21:11 PM, 3293.75, 9235.75, 1650.8, 327.68, 222.6, 163.93, 323.87, 172.78, 245.81, 98.02, 30.6, 63.9, 125, 64.56, 87.89, , , , , 
1/30/2020 10:21:14 PM, 3293.75, 9235.75, 1650.8, 327.68, 222.6, 163.93, 323.87, 172.78, 245.81, 98.02, 30.6, 63.9, 125, 64.56, 87.89, , , , , 
1/30/2020 10:21:17 PM, 3293.75, 9235.75, 1650.8, 327.68, 222.6, 163.93, 323.87, 172.78, 245.81, 98.02, 30.6, 63.9, 125, 64.56, 87.89, , , , , 
1/30/2020 10:21:20 PM, 3293.75, 9235.5, 1650.8, 327.68, 222.6, 163.93, 323.87, 172.78, 245.81, 98.02, 30.6, 63.9, 125, 64.56, 87.89, , , , , 
1/30/2020 10:21:23 PM, 3293.75, 9235.5, 1650.8, 327.68, 222.6, 163.93, 323.87, 172.78, 245.81, 98.02, 30.6, 63.9, 125, 64.56, 87.89, , , , , 
1/30/2020 10:21:26 PM, 3293.75, 9235.5, 1650.8, 327.68, 222.6, 163.93, 323.87, 172.78, 245.81, 98.02, 30.6, 63.9, 125, 64.56, 87.89, , , , , 
1/30/2020 10:21:29 PM, 3293.75, 9235.5, 1650.8, 327.68, 222.6, 163.93, 323.87, 172.78, 245.81, 98.02, 30.6, 63.9, 125, 64.56, 87.89, , , , , 
1/30/2020 10:21:32 PM, 3293.75, 9235, 1650.8, 327.68, 222.6, 163.93, 323.87, 172.78, 245.81, 98.02, 30.6, 63.9, 125, 64.56, 87.89, , , , , 
1/30/2020 10:21:35 PM, 3293.75, 9235, 1650.8, 327.68, 222.6, 163.93, 323.87, 172.78, 245.81, 98.02, 30.6, 63.9, 125, 64.56, 87.89, , , , , 
1/30/2020 10:21:38 PM, 3293.75, 9234.75, 1650.8, 327.68, 222.6, 163.93, 323.87, 172.78, 245.81, 98.02, 30.6, 63.9, 125, 64.56, 87.89, , , , , 
1/30/2020 10:21:41 PM, 3293.75, 9234.75, 1650.8, 327.68, 222.6, 163.93, 323.87, 172.78, 245.81, 98.02, 30.6, 63.9, 125, 64.56, 87.89, , , , , 
1/30/2020 10:21:45 PM, 3293.5, 9234, 1650.8, 327.68, 222.6, 163.93, 323.87, 172.78, 245.81, 98.02, 30.6, 63.9, 125, 64.56, 87.89, , , , , 
1/30/2020 10:21:48 PM, 3293.5, 9234, 1650.8, 327.68, 222.6, 163.93, 323.87, 172.78, 245.81, 98.02, 30.6, 63.9, 125, 64.56, 87.89, , , , , 
1/30/2020 10:21:51 PM, 3293.5, 9234, 1650.8, 327.68, 222.6, 163.93, 323.87, 172.78, 245.81, 98.02, 30.6, 63.9, 125, 64.56, 87.89, , , , , 
1/30/2020 10:21:54 PM, 3293.5, 9234, 1650.8, 327.68, 222.6, 163.93, 323.87, 172.78, 245.81, 98.02, 30.6, 63.9, 125, 64.56, 87.89, , , , , 
1/30/2020 10:21:57 PM, 3293.5, 9234.25, 1650.8, 327.68, 222.6, 163.93, 323.87, 172.78, 245.81, 98.02, 30.6, 63.9, 125, 64.56, 87.89, , , , , 
1/30/2020 10:22:00 PM, 3293.5, 9234.25, 1650.8, 327.68, 222.6, 163.93, 323.87, 172.78, 245.81, 98.02, 30.6, 63.9, 125, 64.56, 87.89, , , , , 
1/30/2020 10:22:03 PM, 3293.5, 9234.25, 1650.8, 327.68, 222.6, 163.93, 323.87, 172.78, 245.81, 98.02, 30.6, 63.9, 125, 64.56, 87.89, , , , , 
1/30/2020 10:22:06 PM, 3293.5, 9234.25, 1650.8, 327.68, 222.6, 163.93, 323.87, 172.78, 245.81, 98.02, 30.6, 63.9, 125, 64.56, 87.89, , , , , 
1/30/2020 10:22:09 PM, 3293.5, 9234, 1650.8, 327.68, 222.6, 163.93, 323.87, 172.78, 245.81, 98.02, 30.6, 63.9, 125, 64.56, 87.89, , , , , 
1/30/2020 10:22:12 PM, 3293.5, 9233.5, 1650.3, 327.68, 222.6, 163.93, 323.87, 172.78, 245.81, 98.02, 30.6, 63.9, 125, 64.56, 87.89, , , , , 
1/30/2020 10:22:15 PM, 3293.5, 9233.5, 1650.3, 327.68, 222.6, 163.93, 323.87, 172.78, 245.81, 98.02, 30.6, 63.9, 125, 64.56, 87.89, , , , , 
1/30/2020 10:22:18 PM, 3293.5, 9233.5, 1650.3, 327.68, 222.6, 163.93, 323.87, 172.78, 245.81, 98.02, 30.6, 63.9, 125, 64.56, 87.89, , , , , 
1/30/2020 10:22:21 PM, 3293.5, 9233.5, 1650.3, 327.68, 222.6, 163.93, 323.87, 172.78, 245.81, 98.02, 30.6, 63.9, 125, 64.56, 87.89, , , , , 
1/30/2020 10:22:25 PM, 3293.5, 9233.75, 1650.4, 327.68, 222.6, 163.93, 323.87, 172.78, 245.81, 98.02, 30.6, 63.9, 125, 64.56, 87.89, , , , , 
1/30/2020 10:22:28 PM, 3293.5, 9233.75, 1650.4, 327.68, 222.6, 163.93, 323.87, 172.78, 245.81, 98.02, 30.6, 63.9, 125, 64.56, 87.89, , , , , 
1/30/2020 10:22:31 PM, 3293.25, 9232.75, 1650.5, 327.68, 222.6, 163.93, 323.87, 172.78, 245.81, 98.02, 30.6, 63.9, 125, 64.56, 87.89, , , , , 
1/30/2020 10:22:34 PM, 3293.25, 9232.75, 1650.5, 327.68, 222.6, 163.93, 323.87, 172.78, 245.81, 98.02, 30.6, 63.9, 125, 64.56, 87.89, , , , , 
1/30/2020 10:22:37 PM, 3293.25, 9233, 1650.5, 327.68, 222.6, 163.93, 323.87, 172.78, 245.81, 98.02, 30.6, 63.9, 125, 64.56, 87.89, , , , , 
1/30/2020 10:22:40 PM, 3293.25, 9233, 1650.5, 327.68, 222.6, 163.93, 323.87, 172.78, 245.81, 98.02, 30.6, 63.9, 125, 64.56, 87.89, , , , , 
1/30/2020 10:22:43 PM, 3293.25, 9232.75, 1650.5, 327.68, 222.6, 163.93, 323.87, 172.78, 245.81, 98.02, 30.6, 63.9, 125, 64.56, 87.89, , , , , 
1/30/2020 10:22:46 PM, 3293.25, 9232.75, 1650.5, 327.68, 222.6, 163.93, 323.87, 172.78, 245.81, 98.02, 30.6, 63.9, 125, 64.56, 87.89, , , , , 
1/30/2020 10:22:49 PM, 3293.25, 9233, 1650.5, 327.68, 222.6, 163.93, 323.87, 172.78, 245.81, 98.02, 30.6, 63.9, 125, 64.56, 87.89, , , , , 
1/30/2020 10:22:52 PM, 3293.25, 9233, 1650.5, 327.68, 222.6, 163.93, 323.87, 172.78, 245.81, 98.02, 30.6, 63.9, 125, 64.56, 87.89, , , , , 
1/30/2020 10:22:55 PM, 3293.25, 9233, 1650.5, 327.68, 222.6, 163.93, 323.87, 172.78, 245.81, 98.02, 30.6, 63.9, 125, 64.56, 87.89, , , , , 
1/30/2020 10:22:58 PM, 3293.25, 9233, 1650.5, 327.68, 222.6, 163.93, 323.87, 172.78, 245.81, 98.02, 30.6, 63.9, 125, 64.56, 87.89, , , , , 
1/30/2020 10:23:02 PM, 3293.25, 9233, 1650.5, 327.68, 222.6, 163.93, 323.87, 172.78, 245.81, 98.02, 30.6, 63.9, 125, 64.56, 87.89, , , , , 
1/30/2020 10:23:05 PM, 3293.25, 9233.5, 1650.3, 327.68, 222.6, 163.93, 323.87, 172.78, 245.81, 98.02, 30.6, 63.9, 125, 64.56, 87.89, , , , , 
1/30/2020 10:23:08 PM, 3293.25, 9232.75, 1650.3, 327.68, 222.6, 163.93, 323.87, 172.78, 245.81, 98.02, 30.6, 63.9, 125, 64.56, 87.89, , , , , 
1/30/2020 10:23:11 PM, 3292.75, 9231.5, 1650.3, 327.68, 222.6, 163.93, 323.87, 172.78, 245.81, 98.02, 30.6, 63.9, 125, 64.56, 87.89, , , , , 
1/30/2020 10:23:14 PM, 3292.75, 9231.5, 1650.3, 327.68, 222.6, 163.93, 323.87, 172.78, 245.81, 98.02, 30.6, 63.9, 125, 64.56, 87.89, , , , , 
1/30/2020 10:23:17 PM, 3292.75, 9231.25, 1650.3, 327.68, 222.6, 163.93, 323.87, 172.78, 245.81, 98.02, 30.6, 63.9, 125, 64.56, 87.89, , , , , 
1/30/2020 10:23:20 PM, 3293, 9232, 1649.9, 327.68, 222.6, 163.93, 323.87, 172.78, 245.81, 98.02, 30.6, 63.9, 125, 64.56, 87.89, , , , , 
1/30/2020 10:23:23 PM, 3293, 9231.75, 1649.9, 327.68, 222.6, 163.93, 323.87, 172.78, 245.81, 98.02, 30.6, 63.9, 125, 64.56, 87.89, , , , , 
1/30/2020 10:23:26 PM, 3293, 9231.75, 1649.9, 327.68, 222.6, 163.93, 323.87, 172.78, 245.81, 98.02, 30.6, 63.9, 125, 64.56, 87.89, , , , , 
1/30/2020 10:23:29 PM, 3292.75, 9231.5, 1649.9, 327.68, 222.6, 163.93, 323.87, 172.78, 245.81, 98.02, 30.6, 63.9, 125, 64.56, 87.89, , , , , 
1/30/2020 10:23:32 PM, 3292.75, 9231.5, 1649.9, 327.68, 222.6, 163.93, 323.87, 172.78, 245.81, 98.02, 30.6, 63.9, 125, 64.56, 87.89, , , , , 
1/30/2020 10:23:35 PM, 3292.75, 9231.5, 1649.9, 327.68, 222.6, 163.93, 323.87, 172.78, 245.81, 98.02, 30.6, 63.9, 125, 64.56, 87.89, , , , , 
1/30/2020 10:23:39 PM, 3292.75, 9231, 1649.9, 327.68, 222.6, 163.93, 323.87, 172.78, 245.81, 98.02, 30.6, 63.9, 125, 64.56, 87.89, , , , , 
1/30/2020 10:23:42 PM, 3292.75, 9230.25, 1649.9, 327.68, 222.6, 163.93, 323.87, 172.78, 245.81, 98.02, 30.6, 63.9, 125, 64.56, 87.89, , , , , 
1/30/2020 10:23:45 PM, 3292.75, 9230.25, 1649.9, 327.68, 222.6, 163.93, 323.87, 172.78, 245.81, 98.02, 30.6, 63.9, 125, 64.56, 87.89, , , , , 
1/30/2020 10:23:48 PM, 3292.25, 9230.25, 1649.9, 327.68, 222.6, 163.93, 323.87, 172.78, 245.81, 98.02, 30.6, 63.9, 125, 64.56, 87.89, , , , , 
1/30/2020 10:23:51 PM, 3292.25, 9229.75, 1649.7, 327.68, 222.6, 163.93, 323.87, 172.78, 245.81, 98.02, 30.6, 63.9, 125, 64.56, 87.89, , , , , 
1/30/2020 10:23:54 PM, 3292.25, 9229.75, 1649.7, 327.68, 222.6, 163.93, 323.87, 172.78, 245.81, 98.02, 30.6, 63.9, 125, 64.56, 87.89, , , , , 
1/30/2020 10:23:57 PM, 3292.25, 9230, 1649.8, 327.68, 222.6, 163.93, 323.87, 172.78, 245.81, 98.02, 30.6, 63.9, 125, 64.56, 87.89, , , , , 
1/30/2020 10:24:00 PM, 3292.5, 9231, 1649.9, 327.68, 222.6, 163.93, 323.87, 172.78, 245.81, 98.02, 30.6, 63.9, 125, 64.56, 87.89, , , , , 
1/30/2020 10:24:03 PM, 3292.25, 9230, 1649.9, 327.68, 222.6, 163.93, 323.87, 172.78, 245.81, 98.02, 30.6, 63.9, 125, 64.56, 87.89, , , , , 
1/30/2020 10:24:06 PM, 3292.25, 9230, 1649.9, 327.68, 222.6, 163.93, 323.87, 172.78, 245.81, 98.02, 30.6, 63.9, 125, 64.56, 87.89, , , , , 
1/30/2020 10:24:10 PM, 3292.25, 9230, 1649.9, 327.68, 222.6, 163.93, 323.87, 172.78, 245.81, 98.02, 30.6, 63.9, 125, 64.56, 87.89, , , , , 
1/30/2020 10:24:13 PM, 3292, 9229.25, 1649.6, 327.68, 222.6, 163.93, 323.87, 172.78, 245.81, 98.02, 30.6, 63.9, 125, 64.56, 87.89, , , , , 
1/30/2020 10:24:16 PM, 3292, 9229.25, 1649.6, 327.68, 222.6, 163.93, 323.87, 172.78, 245.81, 98.02, 30.6, 63.9, 125, 64.56, 87.89, , , , , 
1/30/2020 10:24:19 PM, 3292, 9229.5, 1649.6, 327.68, 222.6, 163.93, 323.87, 172.78, 245.81, 98.02, 30.6, 63.9, 125, 64.56, 87.89, , , , , 
1/30/2020 10:24:22 PM, 3292, 9229.5, 1649.6, 327.68, 222.6, 163.93, 323.87, 172.78, 245.81, 98.02, 30.6, 63.9, 125, 64.56, 87.89, , , , , 
1/30/2020 10:24:25 PM, 3291.75, 9228.5, 1649.6, 327.68, 222.6, 163.93, 323.87, 172.78, 245.81, 98.02, 30.6, 63.9, 125, 64.56, 87.89, , , , , 
1/30/2020 10:24:28 PM, 3291.75, 9228.5, 1649.6, 327.68, 222.6, 163.93, 323.87, 172.78, 245.81, 98.02, 30.6, 63.9, 125, 64.56, 87.89, , , , , 
1/30/2020 10:24:31 PM, 3292, 9228.5, 1649.6, 327.68, 222.6, 163.93, 323.87, 172.78, 245.81, 98.02, 30.6, 63.9, 125, 64.56, 87.89, , , , , 
1/30/2020 10:24:34 PM, 3292, 9228.5, 1649.6, 327.68, 222.6, 163.93, 323.87, 172.78, 245.81, 98.02, 30.6, 63.9, 125, 64.56, 87.89, , , , , 
1/30/2020 10:24:37 PM, 3291.5, 9228, 1649.6, 327.68, 222.6, 163.93, 323.87, 172.78, 245.81, 98.02, 30.6, 63.9, 125, 64.56, 87.89, , , , , 
1/30/2020 10:24:40 PM, 3291.5, 9227.75, 1649.6, 327.68, 222.6, 163.93, 323.87, 172.78, 245.81, 98.02, 30.6, 63.9, 125, 64.56, 87.89, , , , , 
1/30/2020 10:24:44 PM, 3291.5, 9227.5, 1649.6, 327.68, 222.6, 163.93, 323.87, 172.78, 245.81, 98.02, 30.6, 63.9, 125, 64.56, 87.89, , , , , 
1/30/2020 10:24:47 PM, 3291.5, 9227.5, 1649.6, 327.68, 222.6, 163.93, 323.87, 172.78, 245.81, 98.02, 30.6, 63.9, 125, 64.56, 87.89, , , , , 
1/30/2020 10:24:50 PM, 3291.5, 9227.75, 1649.6, 327.68, 222.6, 163.93, 323.87, 172.78, 245.81, 98.02, 30.6, 63.9, 125, 64.56, 87.89, , , , , 
1/30/2020 10:24:53 PM, 3291.5, 9227.75, 1649.6, 327.68, 222.6, 163.93, 323.87, 172.78, 245.81, 98.02, 30.6, 63.9, 125, 64.56, 87.89, , , , , 
1/30/2020 10:24:56 PM, 3291.5, 9228, 1649.6, 327.68, 222.6, 163.93, 323.87, 172.78, 245.81, 98.02, 30.6, 63.9, 125, 64.56, 87.89, , , , , 
1/30/2020 10:24:59 PM, 3291.75, 9228, 1649.6, 327.68, 222.6, 163.93, 323.87, 172.78, 245.81, 98.02, 30.6, 63.9, 125, 64.56, 87.89, , , , , 
1/30/2020 10:25:02 PM, 3291.75, 9227.5, 1649.6, 327.68, 222.6, 163.93, 323.87, 172.78, 245.81, 98.02, 30.6, 63.9, 125, 64.56, 87.89, , , , , 
1/30/2020 10:25:05 PM, 3291.75, 9227.5, 1649.5, 327.68, 222.6, 163.93, 323.87, 172.78, 245.81, 98.02, 30.6, 63.9, 125, 64.56, 87.89, , , , , 
1/30/2020 10:25:08 PM, 3291.75, 9228.75, 1649.5, 327.68, 222.6, 163.93, 323.87, 172.78, 245.81, 98.02, 30.6, 63.9, 125, 64.56, 87.89, , , , , 
1/30/2020 10:25:11 PM, 3291.75, 9228.5, 1649.5, 327.68, 222.6, 163.93, 323.87, 172.78, 245.81, 98.02, 30.6, 63.9, 125, 64.56, 87.89, , , , , 
1/30/2020 10:25:14 PM, 3291.75, 9228.5, 1649.5, 327.68, 222.6, 163.93, 323.87, 172.78, 245.81, 98.02, 30.6, 63.9, 125, 64.56, 87.89, , , , , 
1/30/2020 10:25:18 PM, 3291.75, 9228.75, 1649.5, 327.68, 222.6, 163.93, 323.87, 172.78, 245.81, 98.02, 30.6, 63.9, 125, 64.56, 87.89, , , , , 
1/30/2020 10:25:21 PM, 3291.75, 9228.75, 1649.5, 327.68, 222.6, 163.93, 323.87, 172.78, 245.81, 98.02, 30.6, 63.9, 125, 64.56, 87.89, , , , , 
1/30/2020 10:25:24 PM, 3291.75, 9229, 1649.5, 327.68, 222.6, 163.93, 323.87, 172.78, 245.81, 98.02, 30.6, 63.9, 125, 64.56, 87.89, , , , , 
1/30/2020 10:25:27 PM, 3291.75, 9228.75, 1649.5, 327.68, 222.6, 163.93, 323.87, 172.78, 245.81, 98.02, 30.6, 63.9, 125, 64.56, 87.89, , , , , 
1/30/2020 10:25:30 PM, 3292, 9229, 1649.5, 327.68, 222.6, 163.93, 323.87, 172.78, 245.81, 98.02, 30.6, 63.9, 125, 64.56, 87.89, , , , , 
1/30/2020 10:25:33 PM, 3292, 9228.5, 1649.5, 327.68, 222.6, 163.93, 323.87, 172.78, 245.81, 98.02, 30.6, 63.9, 125, 64.56, 87.89, , , , , 
1/30/2020 10:25:36 PM, 3291.75, 9228.5, 1649.6, 327.68, 222.6, 163.93, 323.87, 172.78, 245.81, 98.02, 30.6, 63.9, 125, 64.56, 87.89, , , , , 
1/30/2020 10:25:39 PM, 3292.25, 9229.5, 1649.7, 327.68, 222.6, 163.93, 323.87, 172.78, 245.81, 98.02, 30.6, 63.9, 125, 64.56, 87.89, , , , , 
1/30/2020 10:25:42 PM, 3292.25, 9229.75, 1649.7, 327.68, 222.6, 163.93, 323.87, 172.78, 245.81, 98.02, 30.6, 63.9, 125, 64.56, 87.89, , , , , 
1/30/2020 10:25:45 PM, 3292.25, 9230, 1649.7, 327.68, 222.6, 163.93, 323.87, 172.78, 245.81, 98.02, 30.6, 63.9, 125, 64.56, 87.89, , , , , 
1/30/2020 10:25:48 PM, 3292, 9229.25, 1649.7, 327.68, 222.6, 163.93, 323.87, 172.78, 245.81, 98.02, 30.6, 63.9, 125, 64.56, 87.89, , , , , 
1/30/2020 10:25:52 PM, 3292, 9229.25, 1649.7, 327.68, 222.6, 163.93, 323.87, 172.78, 245.81, 98.02, 30.6, 63.9, 125, 64.56, 87.89, , , , , 
1/30/2020 10:25:55 PM, 3292, 9228.75, 1649.7, 327.68, 222.6, 163.93, 323.87, 172.78, 245.81, 98.02, 30.6, 63.9, 125, 64.56, 87.89, , , , , 
1/30/2020 10:25:58 PM, 3292, 9228.75, 1649.7, 327.68, 222.6, 163.93, 323.87, 172.78, 245.81, 98.02, 30.6, 63.9, 125, 64.56, 87.89, , , , , 
1/30/2020 10:26:01 PM, 3292, 9228.75, 1649.7, 327.68, 222.6, 163.93, 323.87, 172.78, 245.81, 98.02, 30.6, 63.9, 125, 64.56, 87.89, , , , , 
1/30/2020 10:26:04 PM, 3292, 9228.75, 1649.7, 327.68, 222.6, 163.93, 323.87, 172.78, 245.81, 98.02, 30.6, 63.9, 125, 64.56, 87.89, , , , , 
1/30/2020 10:26:07 PM, 3292, 9229.25, 1649.7, 327.68, 222.6, 163.93, 323.87, 172.78, 245.81, 98.02, 30.6, 63.9, 125, 64.56, 87.89, , , , , 
1/30/2020 10:26:10 PM, 3292, 9229.25, 1649.7, 327.68, 222.6, 163.93, 323.87, 172.78, 245.81, 98.02, 30.6, 63.9, 125, 64.56, 87.89, , , , , 
1/30/2020 10:26:13 PM, 3292, 9229, 1649.7, 327.68, 222.6, 163.93, 323.87, 172.78, 245.81, 98.02, 30.6, 63.9, 125, 64.56, 87.89, , , , , 
1/30/2020 10:26:16 PM, 3292, 9229, 1649.7, 327.68, 222.6, 163.93, 323.87, 172.78, 245.81, 98.02, 30.6, 63.9, 125, 64.56, 87.89, , , , , 
1/30/2020 10:26:19 PM, 3292, 9229, 1649.7, 327.68, 222.6, 163.93, 323.87, 172.78, 245.81, 98.02, 30.6, 63.9, 125, 64.56, 87.89, , , , , 
1/30/2020 10:26:22 PM, 3292, 9229, 1649.7, 327.68, 222.6, 163.93, 323.87, 172.78, 245.81, 98.02, 30.6, 63.9, 125, 64.56, 87.89, , , , , 
1/30/2020 10:26:25 PM, 3292, 9229, 1649.7, 327.68, 222.6, 163.93, 323.87, 172.78, 245.81, 98.02, 30.6, 63.9, 125, 64.56, 87.89, , , , , 
1/30/2020 10:26:29 PM, 3292, 9229.75, 1649.7, 327.68, 222.6, 163.93, 323.87, 172.78, 245.81, 98.02, 30.6, 63.9, 125, 64.56, 87.89, , , , , 
1/30/2020 10:26:32 PM, 3292, 9230, 1649.7, 327.68, 222.6, 163.93, 323.87, 172.78, 245.81, 98.02, 30.6, 63.9, 125, 64.56, 87.89, , , , , 
1/30/2020 10:26:35 PM, 3292.25, 9230.25, 1649.7, 327.68, 222.6, 163.93, 323.87, 172.78, 245.81, 98.02, 30.6, 63.9, 125, 64.56, 87.89, , , , , 
1/30/2020 10:26:38 PM, 3292.25, 9230, 1649.7, 327.68, 222.6, 163.93, 323.87, 172.78, 245.81, 98.02, 30.6, 63.9, 125, 64.56, 87.89, , , , , 
1/30/2020 10:26:41 PM, 3292.25, 9230.25, 1649.7, 327.68, 222.6, 163.93, 323.87, 172.78, 245.81, 98.02, 30.6, 63.9, 125, 64.56, 87.89, , , , , 
1/30/2020 10:26:44 PM, 3292.25, 9230.25, 1649.7, 327.68, 222.6, 163.93, 323.87, 172.78, 245.81, 98.02, 30.6, 63.9, 125, 64.56, 87.89, , , , , 
1/30/2020 10:26:47 PM, 3292, 9230.25, 1649.7, 327.68, 222.6, 163.93, 323.87, 172.78, 245.81, 98.02, 30.6, 63.9, 125, 64.56, 87.89, , , , , 
1/30/2020 10:26:50 PM, 3292, 9229.5, 1649.7, 327.68, 222.6, 163.93, 323.87, 172.78, 245.81, 98.02, 30.6, 63.9, 125, 64.56, 87.89, , , , , 
1/30/2020 10:26:53 PM, 3292.25, 9230.75, 1649.7, 327.68, 222.6, 163.93, 323.87, 172.78, 245.81, 98.02, 30.6, 63.9, 125, 64.56, 87.89, , , , , 
1/30/2020 10:26:56 PM, 3292.25, 9230.5, 1649.7, 327.68, 222.6, 163.93, 323.87, 172.78, 245.81, 98.02, 30.6, 63.9, 125, 64.56, 87.89, , , , , 
1/30/2020 10:27:00 PM, 3292.25, 9230.5, 1649.7, 327.68, 222.6, 163.93, 323.87, 172.78, 245.81, 98.02, 30.6, 63.9, 125, 64.56, 87.89, , , , , 
1/30/2020 10:27:03 PM, 3292.25, 9230.25, 1649.7, 327.68, 222.6, 163.93, 323.87, 172.78, 245.81, 98.02, 30.6, 63.9, 125, 64.56, 87.89, , , , , 
1/30/2020 10:27:06 PM, 3292.25, 9230.75, 1649.7, 327.68, 222.6, 163.93, 323.87, 172.78, 245.81, 98.02, 30.6, 63.9, 125, 64.56, 87.89, , , , , 
1/30/2020 10:27:09 PM, 3292.25, 9230.75, 1649.7, 327.68, 222.6, 163.93, 323.87, 172.78, 245.81, 98.02, 30.6, 63.9, 125, 64.56, 87.89, , , , , 
1/30/2020 10:27:12 PM, 3292.25, 9230.75, 1649.7, 327.68, 222.6, 163.93, 323.87, 172.78, 245.81, 98.02, 30.6, 63.9, 125, 64.56, 87.89, , , , , 
1/30/2020 10:27:15 PM, 3292.25, 9230.75, 1649.7, 327.68, 222.6, 163.93, 323.87, 172.78, 245.81, 98.02, 30.6, 63.9, 125, 64.56, 87.89, , , , , 
1/30/2020 10:27:18 PM, 3292.25, 9230.75, 1649.7, 327.68, 222.6, 163.93, 323.87, 172.78, 245.81, 98.02, 30.6, 63.9, 125, 64.56, 87.89, , , , , 
1/30/2020 10:27:21 PM, 3292, 9230, 1649.8, 327.68, 222.6, 163.93, 323.87, 172.78, 245.81, 98.02, 30.6, 63.9, 125, 64.56, 87.89, , , , , 
1/30/2020 10:27:24 PM, 3292.25, 9230.25, 1649.8, 327.68, 222.6, 163.93, 323.87, 172.78, 245.81, 98.02, 30.6, 63.9, 125, 64.56, 87.89, , , , , 
1/30/2020 10:27:27 PM, 3292.25, 9230.25, 1649.8, 327.68, 222.6, 163.93, 323.87, 172.78, 245.81, 98.02, 30.6, 63.9, 125, 64.56, 87.89, , , , , 
1/30/2020 10:27:30 PM, 3292.25, 9229.5, 1649.8, 327.68, 222.6, 163.93, 323.87, 172.78, 245.81, 98.02, 30.6, 63.9, 125, 64.56, 87.89, , , , , 
1/30/2020 10:27:33 PM, 3292.25, 9229.5, 1649.8, 327.68, 222.6, 163.93, 323.87, 172.78, 245.81, 98.02, 30.6, 63.9, 125, 64.56, 87.89, , , , , 
1/30/2020 10:27:37 PM, 3292.25, 9229.5, 1649.8, 327.68, 222.6, 163.93, 323.87, 172.78, 245.81, 98.02, 30.6, 63.9, 125, 64.56, 87.89, , , , , 
1/30/2020 10:27:40 PM, 3292, 9230, 1649.8, 327.68, 222.6, 163.93, 323.87, 172.78, 245.81, 98.02, 30.6, 63.9, 125, 64.56, 87.89, , , , , 
1/30/2020 10:27:43 PM, 3292.25, 9229.25, 1649.8, 327.68, 222.6, 163.93, 323.87, 172.78, 245.81, 98.02, 30.6, 63.9, 125, 64.56, 87.89, , , , , 
1/30/2020 10:27:46 PM, 3292.25, 9229.25, 1649.8, 327.68, 222.6, 163.93, 323.87, 172.78, 245.81, 98.02, 30.6, 63.9, 125, 64.56, 87.89, , , , , 
1/30/2020 10:27:49 PM, 3292.25, 9229.25, 1649.8, 327.68, 222.6, 163.93, 323.87, 172.78, 245.81, 98.02, 30.6, 63.9, 125, 64.56, 87.89, , , , , 
1/30/2020 10:27:52 PM, 3292.25, 9229, 1649.8, 327.68, 222.6, 163.93, 323.87, 172.78, 245.81, 98.02, 30.6, 63.9, 125, 64.56, 87.89, , , , , 
1/30/2020 10:27:55 PM, 3292.25, 9229.25, 1649.8, 327.68, 222.6, 163.93, 323.87, 172.78, 245.81, 98.02, 30.6, 63.9, 125, 64.56, 87.89, , , , , 
1/30/2020 10:27:58 PM, 3292, 9229.5, 1649.8, 327.68, 222.6, 163.93, 323.87, 172.78, 245.81, 98.02, 30.6, 63.9, 125, 64.56, 87.89, , , , , 
1/30/2020 10:28:01 PM, 3292, 9229.5, 1649.8, 327.68, 222.6, 163.93, 323.87, 172.78, 245.81, 98.02, 30.6, 63.9, 125, 64.56, 87.89, , , , , 
1/30/2020 10:28:04 PM, 3292, 9229.5, 1649.8, 327.68, 222.6, 163.93, 323.87, 172.78, 245.81, 98.02, 30.6, 63.9, 125, 64.56, 87.89, , , , , 
1/30/2020 10:28:07 PM, 3292, 9229.75, 1649.8, 327.68, 222.6, 163.93, 323.87, 172.78, 245.81, 98.02, 30.6, 63.9, 125, 64.56, 87.89, , , , , 
1/30/2020 10:28:10 PM, 3292, 9229.75, 1649.8, 327.68, 222.6, 163.93, 323.87, 172.78, 245.81, 98.02, 30.6, 63.9, 125, 64.56, 87.89, , , , , 
1/30/2020 10:28:14 PM, 3292.25, 9229.25, 1649.8, 327.68, 222.6, 163.93, 323.87, 172.78, 245.81, 98.02, 30.6, 63.9, 125, 64.56, 87.89, , , , , 
1/30/2020 10:28:17 PM, 3292.25, 9229.25, 1649.8, 327.68, 222.6, 163.93, 323.87, 172.78, 245.81, 98.02, 30.6, 63.9, 125, 64.56, 87.89, , , , , 
1/30/2020 10:28:20 PM, 3292.25, 9229.25, 1649.8, 327.68, 222.6, 163.93, 323.87, 172.78, 245.81, 98.02, 30.6, 63.9, 125, 64.56, 87.89, , , , , 
1/30/2020 10:28:23 PM, 3292.25, 9229.25, 1649.8, 327.68, 222.6, 163.93, 323.87, 172.78, 245.81, 98.02, 30.6, 63.9, 125, 64.56, 87.89, , , , , 
1/30/2020 10:28:26 PM, 3292.25, 9229.25, 1649.8, 327.68, 222.6, 163.93, 323.87, 172.78, 245.81, 98.02, 30.6, 63.9, 125, 64.56, 87.89, , , , , 
1/30/2020 10:28:29 PM, 3292.25, 9229.5, 1649.8, 327.68, 222.6, 163.93, 323.87, 172.78, 245.81, 98.02, 30.6, 63.9, 125, 64.56, 87.89, , , , , 
1/30/2020 10:28:32 PM, 3292.25, 9229.5, 1649.8, 327.68, 222.6, 163.93, 323.87, 172.78, 245.81, 98.02, 30.6, 63.9, 125, 64.56, 87.89, , , , , 
1/30/2020 10:28:35 PM, 3292.25, 9229.5, 1649.8, 327.68, 222.6, 163.93, 323.87, 172.78, 245.81, 98.02, 30.6, 63.9, 125, 64.56, 87.89, , , , , 
1/30/2020 10:28:38 PM, 3292.25, 9229.5, 1649.8, 327.68, 222.6, 163.93, 323.87, 172.78, 245.81, 98.02, 30.6, 63.9, 125, 64.56, 87.89, , , , , 
1/30/2020 10:28:41 PM, 3292.25, 9229, 1649.8, 327.68, 222.6, 163.93, 323.87, 172.78, 245.81, 98.02, 30.6, 63.9, 125, 64.56, 87.89, , , , , 
1/30/2020 10:28:44 PM, 3292.25, 9229, 1649.8, 327.68, 222.6, 163.93, 323.87, 172.78, 245.81, 98.02, 30.6, 63.9, 125, 64.56, 87.89, , , , , 
1/30/2020 10:28:47 PM, 3292.25, 9229.75, 1649.8, 327.68, 222.6, 163.93, 323.87, 172.78, 245.81, 98.02, 30.6, 63.9, 125, 64.56, 87.89, , , , , 
1/30/2020 10:28:51 PM, 3292.25, 9229.75, 1649.8, 327.68, 222.6, 163.93, 323.87, 172.78, 245.81, 98.02, 30.6, 63.9, 125, 64.56, 87.89, , , , , 
1/30/2020 10:28:54 PM, 3292.25, 9229.75, 1649.9, 327.68, 222.6, 163.93, 323.87, 172.78, 245.81, 98.02, 30.6, 63.9, 125, 64.56, 87.89, , , , , 
1/30/2020 10:28:57 PM, 3292.25, 9229.75, 1649.9, 327.68, 222.6, 163.93, 323.87, 172.78, 245.81, 98.02, 30.6, 63.9, 125, 64.56, 87.89, , , , , 
1/30/2020 10:29:00 PM, 3292.5, 9229.75, 1649.9, 327.68, 222.6, 163.93, 323.87, 172.78, 245.81, 98.02, 30.6, 63.9, 125, 64.56, 87.89, , , , , 
1/30/2020 10:29:03 PM, 3292.5, 9229.75, 1649.9, 327.68, 222.6, 163.93, 323.87, 172.78, 245.81, 98.02, 30.6, 63.9, 125, 64.56, 87.89, , , , , 
1/30/2020 10:29:06 PM, 3292.5, 9230.25, 1649.9, 327.68, 222.6, 163.93, 323.87, 172.78, 245.81, 98.02, 30.6, 63.9, 125, 64.56, 87.89, , , , , 
1/30/2020 10:29:09 PM, 3292.5, 9230.25, 1649.9, 327.68, 222.6, 163.93, 323.87, 172.78, 245.81, 98.02, 30.6, 63.9, 125, 64.56, 87.89, , , , , 
1/30/2020 10:29:12 PM, 3292.25, 9230, 1649.9, 327.68, 222.6, 163.93, 323.87, 172.78, 245.81, 98.02, 30.6, 63.9, 125, 64.56, 87.89, , , , , 
1/30/2020 10:29:15 PM, 3292.25, 9230, 1649.9, 327.68, 222.6, 163.93, 323.87, 172.78, 245.81, 98.02, 30.6, 63.9, 125, 64.56, 87.89, , , , , 
1/30/2020 10:29:18 PM, 3292.5, 9230, 1650, 327.68, 222.6, 163.93, 323.87, 172.78, 245.81, 98.02, 30.6, 63.9, 125, 64.56, 87.89, , , , , 
1/30/2020 10:29:21 PM, 3292.5, 9230, 1650, 327.68, 222.6, 163.93, 323.87, 172.78, 245.81, 98.02, 30.6, 63.9, 125, 64.56, 87.89, , , , , 
1/30/2020 10:29:25 PM, 3292.5, 9230, 1650, 327.68, 222.6, 163.93, 323.87, 172.78, 245.81, 98.02, 30.6, 63.9, 125, 64.56, 87.89, , , , , 
1/30/2020 10:29:28 PM, 3292.5, 9230, 1650, 327.68, 222.6, 163.93, 323.87, 172.78, 245.81, 98.02, 30.6, 63.9, 125, 64.56, 87.89, , , , , 
1/30/2020 10:29:31 PM, 3292.5, 9229.75, 1650, 327.68, 222.6, 163.93, 323.87, 172.78, 245.81, 98.02, 30.6, 63.9, 125, 64.56, 87.89, , , , , 
1/30/2020 10:29:34 PM, 3292.5, 9229.75, 1650, 327.68, 222.6, 163.93, 323.87, 172.78, 245.81, 98.02, 30.6, 63.9, 125, 64.56, 87.89, , , , , 
1/30/2020 10:29:37 PM, 3292.75, 9229.75, 1650, 327.68, 222.6, 163.93, 323.87, 172.78, 245.81, 98.02, 30.6, 63.9, 125, 64.56, 87.89, , , , , 
1/30/2020 10:29:40 PM, 3292.5, 9229.75, 1650, 327.68, 222.6, 163.93, 323.87, 172.78, 245.81, 98.02, 30.6, 63.9, 125, 64.56, 87.89, , , , , 
1/30/2020 10:29:43 PM, 3292.5, 9229.75, 1650, 327.68, 222.6, 163.93, 323.87, 172.78, 245.81, 98.02, 30.6, 63.9, 125, 64.56, 87.89, , , , , 
1/30/2020 10:29:46 PM, 3292.5, 9229.5, 1650, 327.68, 222.6, 163.93, 323.87, 172.78, 245.81, 98.02, 30.6, 63.9, 125, 64.56, 87.89, , , , , 
1/30/2020 10:29:49 PM, 3292.5, 9230, 1650, 327.68, 222.6, 163.93, 323.87, 172.78, 245.81, 98.02, 30.6, 63.9, 125, 64.56, 87.89, , , , , 
1/30/2020 10:29:52 PM, 3292.5, 9230, 1650, 327.68, 222.6, 163.93, 323.87, 172.78, 245.81, 98.02, 30.6, 63.9, 125, 64.56, 87.89, , , , , 
1/30/2020 10:29:55 PM, 3292.5, 9229.75, 1650, 327.68, 222.6, 163.93, 323.87, 172.78, 245.81, 98.02, 30.6, 63.9, 125, 64.56, 87.89, , , , , 
1/30/2020 10:29:59 PM, 3292.5, 9229.5, 1650, 327.68, 222.6, 163.93, 323.87, 172.78, 245.81, 98.02, 30.6, 63.9, 125, 64.56, 87.89, , , , , 
1/30/2020 10:30:02 PM, 3292.25, 9229.25, 1650, 327.68, 222.6, 163.93, 323.87, 172.78, 245.81, 98.02, 30.6, 63.9, 125, 64.56, 87.89, , , , , 
1/30/2020 10:30:05 PM, 3292, 9228.5, 1649.7, 327.68, 222.6, 163.93, 323.87, 172.78, 245.81, 98.02, 30.6, 63.9, 125, 64.56, 87.89, , , , , 
1/30/2020 10:30:08 PM, 3292, 9228.25, 1649.7, 327.68, 222.6, 163.93, 323.87, 172.78, 245.81, 98.02, 30.6, 63.9, 125, 64.56, 87.89, , , , , 
1/30/2020 10:30:11 PM, 3292, 9228.25, 1649.7, 327.68, 222.6, 163.93, 323.87, 172.78, 245.81, 98.02, 30.6, 63.9, 125, 64.56, 87.89, , , , , 
1/30/2020 10:30:14 PM, 3292, 9228.25, 1649.7, 327.68, 222.6, 163.93, 323.87, 172.78, 245.81, 98.02, 30.6, 63.9, 125, 64.56, 87.89, , , , , 
1/30/2020 10:30:17 PM, 3292.25, 9228.75, 1649.7, 327.68, 222.6, 163.93, 323.87, 172.78, 245.81, 98.02, 30.6, 63.9, 125, 64.56, 87.89, , , , , 
1/30/2020 10:30:20 PM, 3292.5, 9229.75, 1649.7, 327.68, 222.6, 163.93, 323.87, 172.78, 245.81, 98.02, 30.6, 63.9, 125, 64.56, 87.89, , , , , 
1/30/2020 10:30:23 PM, 3292.5, 9229.75, 1649.7, 327.68, 222.6, 163.93, 323.87, 172.78, 245.81, 98.02, 30.6, 63.9, 125, 64.56, 87.89, , , , , 
1/30/2020 10:30:26 PM, 3292.5, 9229.75, 1649.7, 327.68, 222.6, 163.93, 323.87, 172.78, 245.81, 98.02, 30.6, 63.9, 125, 64.56, 87.89, , , , , 
1/30/2020 10:30:29 PM, 3292.5, 9230, 1649.7, 327.68, 222.6, 163.93, 323.87, 172.78, 245.81, 98.02, 30.6, 63.9, 125, 64.56, 87.89, , , , , 
1/30/2020 10:30:33 PM, 3292.5, 9229.25, 1649.7, 327.68, 222.6, 163.93, 323.87, 172.78, 245.81, 98.02, 30.6, 63.9, 125, 64.56, 87.89, , , , , 
1/30/2020 10:30:36 PM, 3292.5, 9229.25, 1649.7, 327.68, 222.6, 163.93, 323.87, 172.78, 245.81, 98.02, 30.6, 63.9, 125, 64.56, 87.89, , , , , 
1/30/2020 10:30:39 PM, 3292.5, 9229, 1649.7, 327.68, 222.6, 163.93, 323.87, 172.78, 245.81, 98.02, 30.6, 63.9, 125, 64.56, 87.89, , , , , 
1/30/2020 10:30:42 PM, 3292.5, 9229, 1649.7, 327.68, 222.6, 163.93, 323.87, 172.78, 245.81, 98.02, 30.6, 63.9, 125, 64.56, 87.89, , , , , 
1/30/2020 10:30:45 PM, 3292.5, 9229, 1649.7, 327.68, 222.6, 163.93, 323.87, 172.78, 245.81, 98.02, 30.6, 63.9, 125, 64.56, 87.89, , , , , 
1/30/2020 10:30:48 PM, 3292.5, 9229, 1649.7, 327.68, 222.6, 163.93, 323.87, 172.78, 245.81, 98.02, 30.6, 63.9, 125, 64.56, 87.89, , , , , 
1/30/2020 10:30:51 PM, 3292.5, 9229, 1649.7, 327.68, 222.6, 163.93, 323.87, 172.78, 245.81, 98.02, 30.6, 63.9, 125, 64.56, 87.89, , , , , 
1/30/2020 10:30:54 PM, 3292.5, 9229.75, 1649.7, 327.68, 222.6, 163.93, 323.87, 172.78, 245.81, 98.02, 30.6, 63.9, 125, 64.56, 87.89, , , , , 
1/30/2020 10:30:57 PM, 3292.5, 9229.75, 1649.7, 327.68, 222.6, 163.93, 323.87, 172.78, 245.81, 98.02, 30.6, 63.9, 125, 64.56, 87.89, , , , , 
1/30/2020 10:31:00 PM, 3292.5, 9229.75, 1649.7, 327.68, 222.6, 163.93, 323.87, 172.78, 245.81, 98.02, 30.6, 63.9, 125, 64.56, 87.89, , , , , 
1/30/2020 10:31:03 PM, 3292.5, 9229.75, 1649.7, 327.68, 222.6, 163.93, 323.87, 172.78, 245.81, 98.02, 30.6, 63.9, 125, 64.56, 87.89, , , , , 
1/30/2020 10:31:06 PM, 3292.5, 9229.25, 1649.7, 327.68, 222.6, 163.93, 323.87, 172.78, 245.81, 98.02, 30.6, 63.9, 125, 64.56, 87.89, , , , , 
1/30/2020 10:31:10 PM, 3292.5, 9229.25, 1649.7, 327.68, 222.6, 163.93, 323.87, 172.78, 245.81, 98.02, 30.6, 63.9, 125, 64.56, 87.89, , , , , 
1/30/2020 10:31:13 PM, 3292.5, 9230, 1650, 327.68, 222.6, 163.93, 323.87, 172.78, 245.81, 98.02, 30.6, 63.9, 125, 64.56, 87.89, , , , , 
1/30/2020 10:31:16 PM, 3292.5, 9230, 1650, 327.68, 222.6, 163.93, 323.87, 172.78, 245.81, 98.02, 30.6, 63.9, 125, 64.56, 87.89, , , , , 
1/30/2020 10:31:19 PM, 3292.5, 9230, 1650, 327.68, 222.6, 163.93, 323.87, 172.78, 245.81, 98.02, 30.6, 63.9, 125, 64.56, 87.89, , , , , 
1/30/2020 10:31:22 PM, 3292.5, 9230, 1650, 327.68, 222.6, 163.93, 323.87, 172.78, 245.81, 98.02, 30.6, 63.9, 125, 64.56, 87.89, , , , , 
1/30/2020 10:31:25 PM, 3292.5, 9230, 1650, 327.68, 222.6, 163.93, 323.87, 172.78, 245.81, 98.02, 30.6, 63.9, 125, 64.56, 87.89, , , , , 
1/30/2020 10:31:28 PM, 3292.5, 9229.75, 1650, 327.68, 222.6, 163.93, 323.87, 172.78, 245.81, 98.02, 30.6, 63.9, 125, 64.56, 87.89, , , , , 
1/30/2020 10:31:31 PM, 3292.5, 9229.75, 1650, 327.68, 222.6, 163.93, 323.87, 172.78, 245.81, 98.02, 30.6, 63.9, 125, 64.56, 87.89, , , , , 
1/30/2020 10:31:34 PM, 3292.25, 9229.75, 1650, 327.68, 222.6, 163.93, 323.87, 172.78, 245.81, 98.02, 30.6, 63.9, 125, 64.56, 87.89, , , , , 
1/30/2020 10:31:37 PM, 3292.25, 9229.75, 1650, 327.68, 222.6, 163.93, 323.87, 172.78, 245.81, 98.02, 30.6, 63.9, 125, 64.56, 87.89, , , , , 
1/30/2020 10:31:40 PM, 3292.25, 9229.75, 1650, 327.68, 222.6, 163.93, 323.87, 172.78, 245.81, 98.02, 30.6, 63.9, 125, 64.56, 87.89, , , , , 
1/30/2020 10:31:43 PM, 3292.5, 9229.75, 1650, 327.68, 222.6, 163.93, 323.87, 172.78, 245.81, 98.02, 30.6, 63.9, 125, 64.56, 87.89, , , , , 
1/30/2020 10:31:47 PM, 3292.5, 9229.75, 1650, 327.68, 222.6, 163.93, 323.87, 172.78, 245.81, 98.02, 30.6, 63.9, 125, 64.56, 87.89, , , , , 
1/30/2020 10:31:50 PM, 3292.5, 9229.75, 1650, 327.68, 222.6, 163.93, 323.87, 172.78, 245.81, 98.02, 30.6, 63.9, 125, 64.56, 87.89, , , , , 
1/30/2020 10:31:53 PM, 3292.5, 9229.25, 1650, 327.68, 222.6, 163.93, 323.87, 172.78, 245.81, 98.02, 30.6, 63.9, 125, 64.56, 87.89, , , , , 
1/30/2020 10:31:56 PM, 3292.5, 9229.25, 1650, 327.68, 222.6, 163.93, 323.87, 172.78, 245.81, 98.02, 30.6, 63.9, 125, 64.56, 87.89, , , , , 
1/30/2020 10:31:59 PM, 3292.5, 9229.5, 1650, 327.68, 222.6, 163.93, 323.87, 172.78, 245.81, 98.02, 30.6, 63.9, 125, 64.56, 87.89, , , , , 
1/30/2020 10:32:02 PM, 3292.5, 9229.5, 1650, 327.68, 222.6, 163.93, 323.87, 172.78, 245.81, 98.02, 30.6, 63.9, 125, 64.56, 87.89, , , , , 
1/30/2020 10:32:05 PM, 3292.5, 9229.5, 1650, 327.68, 222.6, 163.93, 323.87, 172.78, 245.81, 98.02, 30.6, 63.9, 125, 64.56, 87.89, , , , , 
1/30/2020 10:32:08 PM, 3292.5, 9230, 1650, 327.68, 222.6, 163.93, 323.87, 172.78, 245.81, 98.02, 30.6, 63.9, 125, 64.56, 87.89, , , , , 
1/30/2020 10:32:11 PM, 3292.5, 9230, 1650, 327.68, 222.6, 163.93, 323.87, 172.78, 245.81, 98.02, 30.6, 63.9, 125, 64.56, 87.89, , , , , 
1/30/2020 10:32:14 PM, 3292.5, 9230, 1650, 327.68, 222.6, 163.93, 323.87, 172.78, 245.81, 98.02, 30.6, 63.9, 125, 64.56, 87.89, , , , , 
1/30/2020 10:32:17 PM, 3292.5, 9230, 1650, 327.68, 222.6, 163.93, 323.87, 172.78, 245.81, 98.02, 30.6, 63.9, 125, 64.56, 87.89, , , , , 
1/30/2020 10:32:20 PM, 3292.5, 9230.25, 1650, 327.68, 222.6, 163.93, 323.87, 172.78, 245.81, 98.02, 30.6, 63.9, 125, 64.56, 87.89, , , , , 
1/30/2020 10:32:24 PM, 3292.5, 9230.25, 1650, 327.68, 222.6, 163.93, 323.87, 172.78, 245.81, 98.02, 30.6, 63.9, 125, 64.56, 87.89, , , , , 
1/30/2020 10:32:27 PM, 3292.5, 9230.25, 1650, 327.68, 222.6, 163.93, 323.87, 172.78, 245.81, 98.02, 30.6, 63.9, 125, 64.56, 87.89, , , , , 
1/30/2020 10:32:30 PM, 3292.5, 9230.25, 1650, 327.68, 222.6, 163.93, 323.87, 172.78, 245.81, 98.02, 30.6, 63.9, 125, 64.56, 87.89, , , , , 
1/30/2020 10:32:33 PM, 3292.5, 9230.25, 1650, 327.68, 222.6, 163.93, 323.87, 172.78, 245.81, 98.02, 30.6, 63.9, 125, 64.56, 87.89, , , , , 
1/30/2020 10:32:36 PM, 3292.5, 9230.25, 1650, 327.68, 222.6, 163.93, 323.87, 172.78, 245.81, 98.02, 30.6, 63.9, 125, 64.56, 87.89, , , , , 
1/30/2020 10:32:39 PM, 3292.5, 9230, 1650, 327.68, 222.6, 163.93, 323.87, 172.78, 245.81, 98.02, 30.6, 63.9, 125, 64.56, 87.89, , , , , 
1/30/2020 10:32:42 PM, 3292.5, 9229.75, 1650, 327.68, 222.6, 163.93, 323.87, 172.78, 245.81, 98.02, 30.6, 63.9, 125, 64.56, 87.89, , , , , 
1/30/2020 10:32:45 PM, 3292.5, 9230.25, 1650, 327.68, 222.6, 163.93, 323.87, 172.78, 245.81, 98.02, 30.6, 63.9, 125, 64.56, 87.89, , , , , 
1/30/2020 10:32:48 PM, 3292.75, 9231, 1650, 327.68, 222.6, 163.93, 323.87, 172.78, 245.81, 98.02, 30.6, 63.9, 125, 64.56, 87.89, , , , , 
1/30/2020 10:32:51 PM, 3292.75, 9231, 1650, 327.68, 222.6, 163.93, 323.87, 172.78, 245.81, 98.02, 30.6, 63.9, 125, 64.56, 87.89, , , , , 
1/30/2020 10:32:55 PM, 3292.75, 9231.25, 1650, 327.68, 222.6, 163.93, 323.87, 172.78, 245.81, 98.02, 30.6, 63.9, 125, 64.56, 87.89, , , , , 
1/30/2020 10:32:58 PM, 3292.75, 9231, 1650.1, 327.68, 222.6, 163.93, 323.87, 172.78, 245.81, 98.02, 30.6, 63.9, 125, 64.56, 87.89, , , , , 
1/30/2020 10:33:01 PM, 3292.75, 9231.5, 1650.1, 327.68, 222.6, 163.93, 323.87, 172.78, 245.81, 98.02, 30.6, 63.9, 125, 64.56, 87.89, , , , , 
1/30/2020 10:33:04 PM, 3292.75, 9231.25, 1650.1, 327.68, 222.6, 163.93, 323.87, 172.78, 245.81, 98.02, 30.6, 63.9, 125, 64.56, 87.89, , , , , 
1/30/2020 10:33:07 PM, 3292.75, 9231.25, 1650.1, 327.68, 222.6, 163.93, 323.87, 172.78, 245.81, 98.02, 30.6, 63.9, 125, 64.56, 87.89, , , , , 
1/30/2020 10:33:10 PM, 3292.75, 9231.25, 1650.1, 327.68, 222.6, 163.93, 323.87, 172.78, 245.81, 98.02, 30.6, 63.9, 125, 64.56, 87.89, , , , , 
1/30/2020 10:33:13 PM, 3292.75, 9231.25, 1650.1, 327.68, 222.6, 163.93, 323.87, 172.78, 245.81, 98.02, 30.6, 63.9, 125, 64.56, 87.89, , , , , 
1/30/2020 10:33:16 PM, 3293, 9231.5, 1650.1, 327.68, 222.6, 163.93, 323.87, 172.78, 245.81, 98.02, 30.6, 63.9, 125, 64.56, 87.89, , , , , 
1/30/2020 10:33:19 PM, 3293, 9231.5, 1650.1, 327.68, 222.6, 163.93, 323.87, 172.78, 245.81, 98.02, 30.6, 63.9, 125, 64.56, 87.89, , , , , 
1/30/2020 10:33:22 PM, 3293, 9231.25, 1650.1, 327.68, 222.6, 163.93, 323.87, 172.78, 245.81, 98.02, 30.6, 63.9, 125, 64.56, 87.89, , , , , 
1/30/2020 10:33:25 PM, 3293.25, 9231.25, 1650.1, 327.68, 222.6, 163.93, 323.87, 172.78, 245.81, 98.02, 30.6, 63.9, 125, 64.56, 87.89, , , , , 
1/30/2020 10:33:28 PM, 3293.25, 9232, 1650.1, 327.68, 222.6, 163.93, 323.87, 172.78, 245.81, 98.02, 30.6, 63.9, 125, 64.56, 87.89, , , , , 
1/30/2020 10:33:32 PM, 3293.25, 9231.75, 1650.1, 327.68, 222.6, 163.93, 323.87, 172.78, 245.81, 98.02, 30.6, 63.9, 125, 64.56, 87.89, , , , , 
1/30/2020 10:33:35 PM, 3293, 9231, 1650.1, 327.68, 222.6, 163.93, 323.87, 172.78, 245.81, 98.02, 30.6, 63.9, 125, 64.56, 87.89, , , , , 
1/30/2020 10:33:38 PM, 3293, 9231, 1650.1, 327.68, 222.6, 163.93, 323.87, 172.78, 245.81, 98.02, 30.6, 63.9, 125, 64.56, 87.89, , , , , 
1/30/2020 10:33:41 PM, 3292.75, 9231.5, 1650.1, 327.68, 222.6, 163.93, 323.87, 172.78, 245.81, 98.02, 30.6, 63.9, 125, 64.56, 87.89, , , , , 
1/30/2020 10:33:44 PM, 3292.75, 9231.5, 1650.1, 327.68, 222.6, 163.93, 323.87, 172.78, 245.81, 98.02, 30.6, 63.9, 125, 64.56, 87.89, , , , , 
1/30/2020 10:33:47 PM, 3292.75, 9231.25, 1650.1, 327.68, 222.6, 163.93, 323.87, 172.78, 245.81, 98.02, 30.6, 63.9, 125, 64.56, 87.89, , , , , 
1/30/2020 10:33:50 PM, 3292.75, 9231.25, 1650.1, 327.68, 222.6, 163.93, 323.87, 172.78, 245.81, 98.02, 30.6, 63.9, 125, 64.56, 87.89, , , , , 
1/30/2020 10:33:53 PM, 3292.75, 9231.25, 1650.1, 327.68, 222.6, 163.93, 323.87, 172.78, 245.81, 98.02, 30.6, 63.9, 125, 64.56, 87.89, , , , , 
1/30/2020 10:33:56 PM, 3292.75, 9231.5, 1650.1, 327.68, 222.6, 163.93, 323.87, 172.78, 245.81, 98.02, 30.6, 63.9, 125, 64.56, 87.89, , , , , 
1/30/2020 10:33:59 PM, 3292.75, 9231.5, 1650.1, 327.68, 222.6, 163.93, 323.87, 172.78, 245.81, 98.02, 30.6, 63.9, 125, 64.56, 87.89, , , , , 
1/30/2020 10:34:02 PM, 3293, 9231.5, 1650.1, 327.68, 222.6, 163.93, 323.87, 172.78, 245.81, 98.02, 30.6, 63.9, 125, 64.56, 87.89, , , , , 
1/30/2020 10:34:06 PM, 3293, 9231.25, 1650.1, 327.68, 222.6, 163.93, 323.87, 172.78, 245.81, 98.02, 30.6, 63.9, 125, 64.56, 87.89, , , , , 
1/30/2020 10:34:09 PM, 3293, 9231.25, 1650.1, 327.68, 222.6, 163.93, 323.87, 172.78, 245.81, 98.02, 30.6, 63.9, 125, 64.56, 87.89, , , , , 
1/30/2020 10:34:12 PM, 3292.75, 9231, 1650.1, 327.68, 222.6, 163.93, 323.87, 172.78, 245.81, 98.02, 30.6, 63.9, 125, 64.56, 87.89, , , , , 
1/30/2020 10:34:15 PM, 3292.75, 9231, 1650.1, 327.68, 222.6, 163.93, 323.87, 172.78, 245.81, 98.02, 30.6, 63.9, 125, 64.56, 87.89, , , , , 
1/30/2020 10:34:18 PM, 3292.75, 9231, 1650.1, 327.68, 222.6, 163.93, 323.87, 172.78, 245.81, 98.02, 30.6, 63.9, 125, 64.56, 87.89, , , , , 
1/30/2020 10:34:21 PM, 3292.75, 9231, 1650.1, 327.68, 222.6, 163.93, 323.87, 172.78, 245.81, 98.02, 30.6, 63.9, 125, 64.56, 87.89, , , , , 
1/30/2020 10:34:24 PM, 3292.75, 9231, 1650.1, 327.68, 222.6, 163.93, 323.87, 172.78, 245.81, 98.02, 30.6, 63.9, 125, 64.56, 87.89, , , , , 
1/30/2020 10:34:27 PM, 3293, 9231, 1650.1, 327.68, 222.6, 163.93, 323.87, 172.78, 245.81, 98.02, 30.6, 63.9, 125, 64.56, 87.89, , , , , 
1/30/2020 10:34:30 PM, 3293, 9231, 1650.1, 327.68, 222.6, 163.93, 323.87, 172.78, 245.81, 98.02, 30.6, 63.9, 125, 64.56, 87.89, , , , , 
1/30/2020 10:34:33 PM, 3292.75, 9230.5, 1650.1, 327.68, 222.6, 163.93, 323.87, 172.78, 245.81, 98.02, 30.6, 63.9, 125, 64.56, 87.89, , , , , 
1/30/2020 10:34:36 PM, 3292.75, 9230.75, 1650, 327.68, 222.6, 163.93, 323.87, 172.78, 245.81, 98.02, 30.6, 63.9, 125, 64.56, 87.89, , , , , 
1/30/2020 10:34:40 PM, 3292.75, 9230.75, 1650, 327.68, 222.6, 163.93, 323.87, 172.78, 245.81, 98.02, 30.6, 63.9, 125, 64.56, 87.89, , , , , 
1/30/2020 10:34:43 PM, 3292.75, 9230, 1650, 327.68, 222.6, 163.93, 323.87, 172.78, 245.81, 98.02, 30.6, 63.9, 125, 64.56, 87.89, , , , , 
1/30/2020 10:34:46 PM, 3292.75, 9230.25, 1650, 327.68, 222.6, 163.93, 323.87, 172.78, 245.81, 98.02, 30.6, 63.9, 125, 64.56, 87.89, , , , , 
1/30/2020 10:34:49 PM, 3292.75, 9230.25, 1650, 327.68, 222.6, 163.93, 323.87, 172.78, 245.81, 98.02, 30.6, 63.9, 125, 64.56, 87.89, , , , , 
1/30/2020 10:34:52 PM, 3292.75, 9230.25, 1650, 327.68, 222.6, 163.93, 323.87, 172.78, 245.81, 98.02, 30.6, 63.9, 125, 64.56, 87.89, , , , , 
1/30/2020 10:34:55 PM, 3292.75, 9230.25, 1650, 327.68, 222.6, 163.93, 323.87, 172.78, 245.81, 98.02, 30.6, 63.9, 125, 64.56, 87.89, , , , , 
1/30/2020 10:34:58 PM, 3292.75, 9230.25, 1650, 327.68, 222.6, 163.93, 323.87, 172.78, 245.81, 98.02, 30.6, 63.9, 125, 64.56, 87.89, , , , , 
1/30/2020 10:35:01 PM, 3292.75, 9230.75, 1650, 327.68, 222.6, 163.93, 323.87, 172.78, 245.81, 98.02, 30.6, 63.9, 125, 64.56, 87.89, , , , , 
1/30/2020 10:35:04 PM, 3292.75, 9230.75, 1650, 327.68, 222.6, 163.93, 323.87, 172.78, 245.81, 98.02, 30.6, 63.9, 125, 64.56, 87.89, , , , , 
1/30/2020 10:35:07 PM, 3292.75, 9230.75, 1650, 327.68, 222.6, 163.93, 323.87, 172.78, 245.81, 98.02, 30.6, 63.9, 125, 64.56, 87.89, , , , , 
1/30/2020 10:35:10 PM, 3292.75, 9230.75, 1650, 327.68, 222.6, 163.93, 323.87, 172.78, 245.81, 98.02, 30.6, 63.9, 125, 64.56, 87.89, , , , , 
1/30/2020 10:35:13 PM, 3293, 9231.75, 1650.2, 327.68, 222.6, 163.93, 323.87, 172.78, 245.81, 98.02, 30.6, 63.9, 125, 64.56, 87.89, , , , , 
1/30/2020 10:35:17 PM, 3293, 9231.75, 1650.2, 327.68, 222.6, 163.93, 323.87, 172.78, 245.81, 98.02, 30.6, 63.9, 125, 64.56, 87.89, , , , , 
1/30/2020 10:35:20 PM, 3293.25, 9231.75, 1650.2, 327.68, 222.6, 163.93, 323.87, 172.78, 245.81, 98.02, 30.6, 63.9, 125, 64.56, 87.89, , , , , 
1/30/2020 10:35:23 PM, 3293.25, 9231.75, 1650.2, 327.68, 222.6, 163.93, 323.87, 172.78, 245.81, 98.02, 30.6, 63.9, 125, 64.56, 87.89, , , , , 
1/30/2020 10:35:26 PM, 3293, 9231.75, 1650.2, 327.68, 222.6, 163.93, 323.87, 172.78, 245.81, 98.02, 30.6, 63.9, 125, 64.56, 87.89, , , , , 
1/30/2020 10:35:29 PM, 3293, 9231.75, 1650.2, 327.68, 222.6, 163.93, 323.87, 172.78, 245.81, 98.02, 30.6, 63.9, 125, 64.56, 87.89, , , , , 
1/30/2020 10:35:32 PM, 3293, 9231.75, 1650.2, 327.68, 222.6, 163.93, 323.87, 172.78, 245.81, 98.02, 30.6, 63.9, 125, 64.56, 87.89, , , , , 
1/30/2020 10:35:35 PM, 3293, 9231.75, 1650.2, 327.68, 222.6, 163.93, 323.87, 172.78, 245.81, 98.02, 30.6, 63.9, 125, 64.56, 87.89, , , , , 
1/30/2020 10:35:38 PM, 3293, 9232, 1650.2, 327.68, 222.6, 163.93, 323.87, 172.78, 245.81, 98.02, 30.6, 63.9, 125, 64.56, 87.89, , , , , 
1/30/2020 10:35:41 PM, 3293.25, 9232, 1650.2, 327.68, 222.6, 163.93, 323.87, 172.78, 245.81, 98.02, 30.6, 63.9, 125, 64.56, 87.89, , , , , 
1/30/2020 10:35:44 PM, 3293.25, 9231.5, 1650.2, 327.68, 222.6, 163.93, 323.87, 172.78, 245.81, 98.02, 30.6, 63.9, 125, 64.56, 87.89, , , , , 
1/30/2020 10:35:47 PM, 3293.25, 9231.75, 1650.2, 327.68, 222.6, 163.93, 323.87, 172.78, 245.81, 98.02, 30.6, 63.9, 125, 64.56, 87.89, , , , , 
1/30/2020 10:35:51 PM, 3293.25, 9232, 1650.2, 327.68, 222.6, 163.93, 323.87, 172.78, 245.81, 98.02, 30.6, 63.9, 125, 64.56, 87.89, , , , , 
1/30/2020 10:35:54 PM, 3293.25, 9232, 1650.2, 327.68, 222.6, 163.93, 323.87, 172.78, 245.81, 98.02, 30.6, 63.9, 125, 64.56, 87.89, , , , , 
1/30/2020 10:35:57 PM, 3293.25, 9232, 1650.2, 327.68, 222.6, 163.93, 323.87, 172.78, 245.81, 98.02, 30.6, 63.9, 125, 64.56, 87.89, , , , , 
1/30/2020 10:36:00 PM, 3293.25, 9232, 1650.2, 327.68, 222.6, 163.93, 323.87, 172.78, 245.81, 98.02, 30.6, 63.9, 125, 64.56, 87.89, , , , , 
1/30/2020 10:36:03 PM, 3293.25, 9232, 1650.2, 327.68, 222.6, 163.93, 323.87, 172.78, 245.81, 98.02, 30.6, 63.9, 125, 64.56, 87.89, , , , , 
1/30/2020 10:36:06 PM, 3293.25, 9232, 1650.2, 327.68, 222.6, 163.93, 323.87, 172.78, 245.81, 98.02, 30.6, 63.9, 125, 64.56, 87.89, , , , , 
1/30/2020 10:36:09 PM, 3293.25, 9232.5, 1650.2, 327.68, 222.6, 163.93, 323.87, 172.78, 245.81, 98.02, 30.6, 63.9, 125, 64.56, 87.89, , , , , 
1/30/2020 10:36:12 PM, 3293.25, 9232.5, 1650.2, 327.68, 222.6, 163.93, 323.87, 172.78, 245.81, 98.02, 30.6, 63.9, 125, 64.56, 87.89, , , , , 
1/30/2020 10:36:15 PM, 3293.25, 9232.5, 1650.2, 327.68, 222.6, 163.93, 323.87, 172.78, 245.81, 98.02, 30.6, 63.9, 125, 64.56, 87.89, , , , , 
1/30/2020 10:36:18 PM, 3293.25, 9232.5, 1650.2, 327.68, 222.6, 163.93, 323.87, 172.78, 245.81, 98.02, 30.6, 63.9, 125, 64.56, 87.89, , , , , 
1/30/2020 10:36:21 PM, 3293.25, 9232.5, 1650.2, 327.68, 222.6, 163.93, 323.87, 172.78, 245.81, 98.02, 30.6, 63.9, 125, 64.56, 87.89, , , , , 
1/30/2020 10:36:24 PM, 3293.25, 9232.5, 1650.3, 327.68, 222.6, 163.93, 323.87, 172.78, 245.81, 98.02, 30.6, 63.9, 125, 64.56, 87.89, , , , , 
1/30/2020 10:36:28 PM, 3293.25, 9232.5, 1650.3, 327.68, 222.6, 163.93, 323.87, 172.78, 245.81, 98.02, 30.6, 63.9, 125, 64.56, 87.89, , , , , 
1/30/2020 10:36:31 PM, 3293.25, 9232.5, 1650.3, 327.68, 222.6, 163.93, 323.87, 172.78, 245.81, 98.02, 30.6, 63.9, 125, 64.56, 87.89, , , , , 
1/30/2020 10:36:34 PM, 3293.25, 9233.5, 1650.3, 327.68, 222.6, 163.93, 323.87, 172.78, 245.81, 98.02, 30.6, 63.9, 125, 64.56, 87.89, , , , , 
1/30/2020 10:36:37 PM, 3293.75, 9234.25, 1650.5, 327.68, 222.6, 163.93, 323.87, 172.78, 245.81, 98.02, 30.6, 63.9, 125, 64.56, 87.89, , , , , 
1/30/2020 10:36:40 PM, 3293.75, 9234.25, 1650.5, 327.68, 222.6, 163.93, 323.87, 172.78, 245.81, 98.02, 30.6, 63.9, 125, 64.56, 87.89, , , , , 
1/30/2020 10:36:43 PM, 3293.75, 9233.75, 1650.5, 327.68, 222.6, 163.93, 323.87, 172.78, 245.81, 98.02, 30.6, 63.9, 125, 64.56, 87.89, , , , , 
1/30/2020 10:36:46 PM, 3293.75, 9233.75, 1650.5, 327.68, 222.6, 163.93, 323.87, 172.78, 245.81, 98.02, 30.6, 63.9, 125, 64.56, 87.89, , , , , 
1/30/2020 10:36:49 PM, 3293.75, 9233.75, 1650.5, 327.68, 222.6, 163.93, 323.87, 172.78, 245.81, 98.02, 30.6, 63.9, 125, 64.56, 87.89, , , , , 
1/30/2020 10:36:52 PM, 3293.75, 9233.75, 1650.5, 327.68, 222.6, 163.93, 323.87, 172.78, 245.81, 98.02, 30.6, 63.9, 125, 64.56, 87.89, , , , , 
1/30/2020 10:36:55 PM, 3293.75, 9233.75, 1650.5, 327.68, 222.6, 163.93, 323.87, 172.78, 245.81, 98.02, 30.6, 63.9, 125, 64.56, 87.89, , , , , 
1/30/2020 10:36:58 PM, 3293.75, 9233.75, 1650.5, 327.68, 222.6, 163.93, 323.87, 172.78, 245.81, 98.02, 30.6, 63.9, 125, 64.56, 87.89, , , , , 
1/30/2020 10:37:02 PM, 3293.75, 9234, 1650.5, 327.68, 222.6, 163.93, 323.87, 172.78, 245.81, 98.02, 30.6, 63.9, 125, 64.56, 87.89, , , , , 
1/30/2020 10:37:05 PM, 3293.75, 9234, 1650.5, 327.68, 222.6, 163.93, 323.87, 172.78, 245.81, 98.02, 30.6, 63.9, 125, 64.56, 87.89, , , , , 
1/30/2020 10:37:08 PM, 3293.5, 9233.5, 1650.5, 327.68, 222.6, 163.93, 323.87, 172.78, 245.81, 98.02, 30.6, 63.9, 125, 64.56, 87.89, , , , , 
1/30/2020 10:37:11 PM, 3293.5, 9234.25, 1650.5, 327.68, 222.6, 163.93, 323.87, 172.78, 245.81, 98.02, 30.6, 63.9, 125, 64.56, 87.89, , , , , 
1/30/2020 10:37:14 PM, 3293.5, 9234, 1650.5, 327.68, 222.6, 163.93, 323.87, 172.78, 245.81, 98.02, 30.6, 63.9, 125, 64.56, 87.89, , , , , 
1/30/2020 10:37:17 PM, 3293.5, 9234, 1650.5, 327.68, 222.6, 163.93, 323.87, 172.78, 245.81, 98.02, 30.6, 63.9, 125, 64.56, 87.89, , , , , 
1/30/2020 10:37:20 PM, 3293.5, 9233.5, 1650.5, 327.68, 222.6, 163.93, 323.87, 172.78, 245.81, 98.02, 30.6, 63.9, 125, 64.56, 87.89, , , , , 
1/30/2020 10:37:23 PM, 3293.5, 9233.75, 1650.5, 327.68, 222.6, 163.93, 323.87, 172.78, 245.81, 98.02, 30.6, 63.9, 125, 64.56, 87.89, , , , , 
1/30/2020 10:37:26 PM, 3293.25, 9232.75, 1650.2, 327.68, 222.6, 163.93, 323.87, 172.78, 245.81, 98.02, 30.6, 63.9, 125, 64.56, 87.89, , , , , 
1/30/2020 10:37:29 PM, 3293.25, 9232.75, 1650.2, 327.68, 222.6, 163.93, 323.87, 172.78, 245.81, 98.02, 30.6, 63.9, 125, 64.56, 87.89, , , , , 
1/30/2020 10:37:32 PM, 3293.25, 9232.75, 1650.2, 327.68, 222.6, 163.93, 323.87, 172.78, 245.81, 98.02, 30.6, 63.9, 125, 64.56, 87.89, , , , , 
1/30/2020 10:37:35 PM, 3293.25, 9233, 1650.2, 327.68, 222.6, 163.93, 323.87, 172.78, 245.81, 98.02, 30.6, 63.9, 125, 64.56, 87.89, , , , , 
1/30/2020 10:37:39 PM, 3293.5, 9233.75, 1650.2, 327.68, 222.6, 163.93, 323.87, 172.78, 245.81, 98.02, 30.6, 63.9, 125, 64.56, 87.89, , , , , 
1/30/2020 10:37:42 PM, 3293.5, 9233.5, 1650.2, 327.68, 222.6, 163.93, 323.87, 172.78, 245.81, 98.02, 30.6, 63.9, 125, 64.56, 87.89, , , , , 
1/30/2020 10:37:45 PM, 3293.5, 9233.5, 1650.2, 327.68, 222.6, 163.93, 323.87, 172.78, 245.81, 98.02, 30.6, 63.9, 125, 64.56, 87.89, , , , , 
1/30/2020 10:37:48 PM, 3293.5, 9233.5, 1650.2, 327.68, 222.6, 163.93, 323.87, 172.78, 245.81, 98.02, 30.6, 63.9, 125, 64.56, 87.89, , , , , 
1/30/2020 10:37:51 PM, 3293.25, 9233.5, 1650.2, 327.68, 222.6, 163.93, 323.87, 172.78, 245.81, 98.02, 30.6, 63.9, 125, 64.56, 87.89, , , , , 
1/30/2020 10:37:54 PM, 3293.25, 9233.5, 1650.2, 327.68, 222.6, 163.93, 323.87, 172.78, 245.81, 98.02, 30.6, 63.9, 125, 64.56, 87.89, , , , , 
1/30/2020 10:37:57 PM, 3293.25, 9233.5, 1650.2, 327.68, 222.6, 163.93, 323.87, 172.78, 245.81, 98.02, 30.6, 63.9, 125, 64.56, 87.89, , , , , 
1/30/2020 10:38:00 PM, 3293.25, 9233.5, 1650.2, 327.68, 222.6, 163.93, 323.87, 172.78, 245.81, 98.02, 30.6, 63.9, 125, 64.56, 87.89, , , , , 
1/30/2020 10:38:03 PM, 3293.25, 9233.75, 1650.2, 327.68, 222.6, 163.93, 323.87, 172.78, 245.81, 98.02, 30.6, 63.9, 125, 64.56, 87.89, , , , , 
1/30/2020 10:38:06 PM, 3293.25, 9233.75, 1650.2, 327.68, 222.6, 163.93, 323.87, 172.78, 245.81, 98.02, 30.6, 63.9, 125, 64.56, 87.89, , , , , 
1/30/2020 10:38:09 PM, 3293.25, 9233.75, 1650.2, 327.68, 222.6, 163.93, 323.87, 172.78, 245.81, 98.02, 30.6, 63.9, 125, 64.56, 87.89, , , , , 
1/30/2020 10:38:12 PM, 3293.25, 9233.75, 1650.2, 327.68, 222.6, 163.93, 323.87, 172.78, 245.81, 98.02, 30.6, 63.9, 125, 64.56, 87.89, , , , , 
1/30/2020 10:38:15 PM, 3293.25, 9233.75, 1650.2, 327.68, 222.6, 163.93, 323.87, 172.78, 245.81, 98.02, 30.6, 63.9, 125, 64.56, 87.89, , , , , 
1/30/2020 10:38:19 PM, 3293.25, 9233.25, 1650.3, 327.68, 222.6, 163.93, 323.87, 172.78, 245.81, 98.02, 30.6, 63.9, 125, 64.56, 87.89, , , , , 
1/30/2020 10:38:22 PM, 3293.25, 9233.25, 1650.3, 327.68, 222.6, 163.93, 323.87, 172.78, 245.81, 98.02, 30.6, 63.9, 125, 64.56, 87.89, , , , , 
1/30/2020 10:38:25 PM, 3293.25, 9233.5, 1650.3, 327.68, 222.6, 163.93, 323.87, 172.78, 245.81, 98.02, 30.6, 63.9, 125, 64.56, 87.89, , , , , 
1/30/2020 10:38:28 PM, 3293.25, 9233.5, 1650.3, 327.68, 222.6, 163.93, 323.87, 172.78, 245.81, 98.02, 30.6, 63.9, 125, 64.56, 87.89, , , , , 
1/30/2020 10:38:31 PM, 3293.25, 9233.5, 1650.3, 327.68, 222.6, 163.93, 323.87, 172.78, 245.81, 98.02, 30.6, 63.9, 125, 64.56, 87.89, , , , , 
1/30/2020 10:38:34 PM, 3293.25, 9233.5, 1650.3, 327.68, 222.6, 163.93, 323.87, 172.78, 245.81, 98.02, 30.6, 63.9, 125, 64.56, 87.89, , , , , 
1/30/2020 10:38:37 PM, 3293.25, 9233.5, 1650.3, 327.68, 222.6, 163.93, 323.87, 172.78, 245.81, 98.02, 30.6, 63.9, 125, 64.56, 87.89, , , , , 
1/30/2020 10:38:40 PM, 3293.25, 9233.5, 1650.3, 327.68, 222.6, 163.93, 323.87, 172.78, 245.81, 98.02, 30.6, 63.9, 125, 64.56, 87.89, , , , , 
1/30/2020 10:38:43 PM, 3293.25, 9233.5, 1650.3, 327.68, 222.6, 163.93, 323.87, 172.78, 245.81, 98.02, 30.6, 63.9, 125, 64.56, 87.89, , , , , 
1/30/2020 10:38:46 PM, 3293.25, 9233.5, 1650.3, 327.68, 222.6, 163.93, 323.87, 172.78, 245.81, 98.02, 30.6, 63.9, 125, 64.56, 87.89, , , , , 
1/30/2020 10:38:49 PM, 3293.25, 9233.5, 1650.3, 327.68, 222.6, 163.93, 323.87, 172.78, 245.81, 98.02, 30.6, 63.9, 125, 64.56, 87.89, , , , , 
1/30/2020 10:38:53 PM, 3293.5, 9234.25, 1650.5, 327.68, 222.6, 163.93, 323.87, 172.78, 245.81, 98.02, 30.6, 63.9, 125, 64.56, 87.89, , , , , 
1/30/2020 10:38:56 PM, 3293.5, 9234.25, 1650.5, 327.68, 222.6, 163.93, 323.87, 172.78, 245.81, 98.02, 30.6, 63.9, 125, 64.56, 87.89, , , , , 
1/30/2020 10:38:59 PM, 3293.5, 9234.25, 1650.5, 327.68, 222.6, 163.93, 323.87, 172.78, 245.81, 98.02, 30.6, 63.9, 125, 64.56, 87.89, , , , , 
1/30/2020 10:39:02 PM, 3293.5, 9234.25, 1650.5, 327.68, 222.6, 163.93, 323.87, 172.78, 245.81, 98.02, 30.6, 63.9, 125, 64.56, 87.89, , , , , 
1/30/2020 10:39:05 PM, 3293.75, 9234.75, 1650.5, 327.68, 222.6, 163.93, 323.87, 172.78, 245.81, 98.02, 30.6, 63.9, 125, 64.56, 87.89, , , , , 
1/30/2020 10:39:08 PM, 3293.75, 9234.75, 1650.5, 327.68, 222.6, 163.93, 323.87, 172.78, 245.81, 98.02, 30.6, 63.9, 125, 64.56, 87.89, , , , , 
1/30/2020 10:39:11 PM, 3293.5, 9234, 1650.5, 327.68, 222.6, 163.93, 323.87, 172.78, 245.81, 98.02, 30.6, 63.9, 125, 64.56, 87.89, , , , , 
1/30/2020 10:39:14 PM, 3293.5, 9234, 1650.5, 327.68, 222.6, 163.93, 323.87, 172.78, 245.81, 98.02, 30.6, 63.9, 125, 64.56, 87.89, , , , , 
1/30/2020 10:39:17 PM, 3293.75, 9235, 1650.5, 327.68, 222.6, 163.93, 323.87, 172.78, 245.81, 98.02, 30.6, 63.9, 125, 64.56, 87.89, , , , , 
1/30/2020 10:39:20 PM, 3293.75, 9235, 1650.5, 327.68, 222.6, 163.93, 323.87, 172.78, 245.81, 98.02, 30.6, 63.9, 125, 64.56, 87.89, , , , , 
1/30/2020 10:39:23 PM, 3293.75, 9235.25, 1650.5, 327.68, 222.6, 163.93, 323.87, 172.78, 245.81, 98.02, 30.6, 63.9, 125, 64.56, 87.89, , , , , 
1/30/2020 10:39:27 PM, 3293.75, 9235.25, 1650.5, 327.68, 222.6, 163.93, 323.87, 172.78, 245.81, 98.02, 30.6, 63.9, 125, 64.56, 87.89, , , , , 
1/30/2020 10:39:30 PM, 3293.75, 9235.25, 1650.5, 327.68, 222.6, 163.93, 323.87, 172.78, 245.81, 98.02, 30.6, 63.9, 125, 64.56, 87.89, , , , , 
1/30/2020 10:39:33 PM, 3293.5, 9234, 1650.5, 327.68, 222.6, 163.93, 323.87, 172.78, 245.81, 98.02, 30.6, 63.9, 125, 64.56, 87.89, , , , , 
1/30/2020 10:39:36 PM, 3293.5, 9234, 1650.5, 327.68, 222.6, 163.93, 323.87, 172.78, 245.81, 98.02, 30.6, 63.9, 125, 64.56, 87.89, , , , , 
1/30/2020 10:39:39 PM, 3293.75, 9235.5, 1650.5, 327.68, 222.6, 163.93, 323.87, 172.78, 245.81, 98.02, 30.6, 63.9, 125, 64.56, 87.89, , , , , 
1/30/2020 10:39:42 PM, 3293.75, 9235.5, 1650.5, 327.68, 222.6, 163.93, 323.87, 172.78, 245.81, 98.02, 30.6, 63.9, 125, 64.56, 87.89, , , , , 
1/30/2020 10:39:45 PM, 3294, 9235.75, 1650.6, 327.68, 222.6, 163.93, 323.87, 172.78, 245.81, 98.02, 30.6, 63.9, 125, 64.56, 87.89, , , , , 
1/30/2020 10:39:48 PM, 3294, 9235.25, 1650.6, 327.68, 222.6, 163.93, 323.87, 172.78, 245.81, 98.02, 30.6, 63.9, 125, 64.56, 87.89, , , , , 
1/30/2020 10:39:51 PM, 3294, 9235.25, 1650.6, 327.68, 222.6, 163.93, 323.87, 172.78, 245.81, 98.02, 30.6, 63.9, 125, 64.56, 87.89, , , , , 
1/30/2020 10:39:54 PM, 3293.75, 9234.5, 1650.5, 327.68, 222.6, 163.93, 323.87, 172.78, 245.81, 98.02, 30.6, 63.9, 125, 64.56, 87.89, , , , , 
1/30/2020 10:39:57 PM, 3293.5, 9234.25, 1650.5, 327.68, 222.6, 163.93, 323.87, 172.78, 245.81, 98.02, 30.6, 63.9, 125, 64.56, 87.89, , , , , 
1/30/2020 10:40:01 PM, 3293.5, 9234.25, 1650.5, 327.68, 222.6, 163.93, 323.87, 172.78, 245.81, 98.02, 30.6, 63.9, 125, 64.56, 87.89, , , , , 
1/30/2020 10:40:04 PM, 3293.75, 9234.25, 1650.5, 327.68, 222.6, 163.93, 323.87, 172.78, 245.81, 98.02, 30.6, 63.9, 125, 64.56, 87.89, , , , , 
1/30/2020 10:40:07 PM, 3293.75, 9234.25, 1650.5, 327.68, 222.6, 163.93, 323.87, 172.78, 245.81, 98.02, 30.6, 63.9, 125, 64.56, 87.89, , , , , 
1/30/2020 10:40:10 PM, 3293.75, 9234.25, 1650.5, 327.68, 222.6, 163.93, 323.87, 172.78, 245.81, 98.02, 30.6, 63.9, 125, 64.56, 87.89, , , , , 
1/30/2020 10:40:13 PM, 3293.25, 9233.75, 1650.3, 327.68, 222.6, 163.93, 323.87, 172.78, 245.81, 98.02, 30.6, 63.9, 125, 64.56, 87.89, , , , , 
1/30/2020 10:40:16 PM, 3293.5, 9233.5, 1650.3, 327.68, 222.6, 163.93, 323.87, 172.78, 245.81, 98.02, 30.6, 63.9, 125, 64.56, 87.89, , , , , 
1/30/2020 10:40:19 PM, 3293.5, 9233.5, 1650.3, 327.68, 222.6, 163.93, 323.87, 172.78, 245.81, 98.02, 30.6, 63.9, 125, 64.56, 87.89, , , , , 
1/30/2020 10:40:22 PM, 3293.5, 9233.5, 1650.3, 327.68, 222.6, 163.93, 323.87, 172.78, 245.81, 98.02, 30.6, 63.9, 125, 64.56, 87.89, , , , , 
1/30/2020 10:40:25 PM, 3293.5, 9233.75, 1650.3, 327.68, 222.6, 163.93, 323.87, 172.78, 245.81, 98.02, 30.6, 63.9, 125, 64.56, 87.89, , , , , 
1/30/2020 10:40:28 PM, 3293.5, 9233.75, 1650.3, 327.68, 222.6, 163.93, 323.87, 172.78, 245.81, 98.02, 30.6, 63.9, 125, 64.56, 87.89, , , , , 
1/30/2020 10:40:31 PM, 3293.5, 9233.75, 1650.3, 327.68, 222.6, 163.93, 323.87, 172.78, 245.81, 98.02, 30.6, 63.9, 125, 64.56, 87.89, , , , , 
1/30/2020 10:40:34 PM, 3293.5, 9234, 1650.3, 327.68, 222.6, 163.93, 323.87, 172.78, 245.81, 98.02, 30.6, 63.9, 125, 64.56, 87.89, , , , , 
1/30/2020 10:40:38 PM, 3293.5, 9234, 1650.3, 327.68, 222.6, 163.93, 323.87, 172.78, 245.81, 98.02, 30.6, 63.9, 125, 64.56, 87.89, , , , , 
1/30/2020 10:40:41 PM, 3293.5, 9234.5, 1650.3, 327.68, 222.6, 163.93, 323.87, 172.78, 245.81, 98.02, 30.6, 63.9, 125, 64.56, 87.89, , , , , 
1/30/2020 10:40:44 PM, 3293.5, 9234.5, 1650.3, 327.68, 222.6, 163.93, 323.87, 172.78, 245.81, 98.02, 30.6, 63.9, 125, 64.56, 87.89, , , , , 
1/30/2020 10:40:47 PM, 3293.5, 9234.5, 1650.3, 327.68, 222.6, 163.93, 323.87, 172.78, 245.81, 98.02, 30.6, 63.9, 125, 64.56, 87.89, , , , , 
1/30/2020 10:40:50 PM, 3293.5, 9234.5, 1650.3, 327.68, 222.6, 163.93, 323.87, 172.78, 245.81, 98.02, 30.6, 63.9, 125, 64.56, 87.89, , , , , 
1/30/2020 10:40:53 PM, 3293.5, 9234.5, 1650.3, 327.68, 222.6, 163.93, 323.87, 172.78, 245.81, 98.02, 30.6, 63.9, 125, 64.56, 87.89, , , , , 
1/30/2020 10:40:56 PM, 3293.25, 9234, 1650.3, 327.68, 222.6, 163.93, 323.87, 172.78, 245.81, 98.02, 30.6, 63.9, 125, 64.56, 87.89, , , , , 
1/30/2020 10:40:59 PM, 3293.25, 9233.75, 1650.3, 327.68, 222.6, 163.93, 323.87, 172.78, 245.81, 98.02, 30.6, 63.9, 125, 64.56, 87.89, , , , , 
1/30/2020 10:41:02 PM, 3293.25, 9233.25, 1650.3, 327.68, 222.6, 163.93, 323.87, 172.78, 245.81, 98.02, 30.6, 63.9, 125, 64.56, 87.89, , , , , 
1/30/2020 10:41:05 PM, 3293.25, 9233.5, 1650.3, 327.68, 222.6, 163.93, 323.87, 172.78, 245.81, 98.02, 30.6, 63.9, 125, 64.56, 87.89, , , , , 
1/30/2020 10:41:08 PM, 3293, 9233, 1650.3, 327.68, 222.6, 163.93, 323.87, 172.78, 245.81, 98.02, 30.6, 63.9, 125, 64.56, 87.89, , , , , 
1/30/2020 10:41:12 PM, 3293, 9232.75, 1650.3, 327.68, 222.6, 163.93, 323.87, 172.78, 245.81, 98.02, 30.6, 63.9, 125, 64.56, 87.89, , , , , 
1/30/2020 10:41:15 PM, 3292.75, 9231.75, 1650, 327.68, 222.6, 163.93, 323.87, 172.78, 245.81, 98.02, 30.6, 63.9, 125, 64.56, 87.89, , , , , 
1/30/2020 10:41:18 PM, 3292.75, 9232, 1650, 327.68, 222.6, 163.93, 323.87, 172.78, 245.81, 98.02, 30.6, 63.9, 125, 64.56, 87.89, , , , , 
1/30/2020 10:41:21 PM, 3292.75, 9232, 1650, 327.68, 222.6, 163.93, 323.87, 172.78, 245.81, 98.02, 30.6, 63.9, 125, 64.56, 87.89, , , , , 
1/30/2020 10:41:24 PM, 3292.75, 9232.25, 1650, 327.68, 222.6, 163.93, 323.87, 172.78, 245.81, 98.02, 30.6, 63.9, 125, 64.56, 87.89, , , , , 
1/30/2020 10:41:27 PM, 3292.75, 9232.25, 1650, 327.68, 222.6, 163.93, 323.87, 172.78, 245.81, 98.02, 30.6, 63.9, 125, 64.56, 87.89, , , , , 
1/30/2020 10:41:30 PM, 3292.75, 9232.25, 1650, 327.68, 222.6, 163.93, 323.87, 172.78, 245.81, 98.02, 30.6, 63.9, 125, 64.56, 87.89, , , , , 
1/30/2020 10:41:33 PM, 3292.75, 9232.25, 1650, 327.68, 222.6, 163.93, 323.87, 172.78, 245.81, 98.02, 30.6, 63.9, 125, 64.56, 87.89, , , , , 
1/30/2020 10:41:36 PM, 3292.75, 9232.25, 1650.2, 327.68, 222.6, 163.93, 323.87, 172.78, 245.81, 98.02, 30.6, 63.9, 125, 64.56, 87.89, , , , , 
1/30/2020 10:41:39 PM, 3293, 9232.75, 1650.2, 327.68, 222.6, 163.93, 323.87, 172.78, 245.81, 98.02, 30.6, 63.9, 125, 64.56, 87.89, , , , , 
1/30/2020 10:41:42 PM, 3293, 9232.5, 1650.2, 327.68, 222.6, 163.93, 323.87, 172.78, 245.81, 98.02, 30.6, 63.9, 125, 64.56, 87.89, , , , , 
1/30/2020 10:41:46 PM, 3293, 9232.5, 1650.2, 327.68, 222.6, 163.93, 323.87, 172.78, 245.81, 98.02, 30.6, 63.9, 125, 64.56, 87.89, , , , , 
1/30/2020 10:41:49 PM, 3293, 9232.5, 1650.2, 327.68, 222.6, 163.93, 323.87, 172.78, 245.81, 98.02, 30.6, 63.9, 125, 64.56, 87.89, , , , , 
1/30/2020 10:41:52 PM, 3293, 9232.5, 1650.1, 327.68, 222.6, 163.93, 323.87, 172.78, 245.81, 98.02, 30.6, 63.9, 125, 64.56, 87.89, , , , , 
1/30/2020 10:41:55 PM, 3293, 9232.5, 1650.1, 327.68, 222.6, 163.93, 323.87, 172.78, 245.81, 98.02, 30.6, 63.9, 125, 64.56, 87.89, , , , , 
1/30/2020 10:41:58 PM, 3293, 9232.5, 1650.2, 327.68, 222.6, 163.93, 323.87, 172.78, 245.81, 98.02, 30.6, 63.9, 125, 64.56, 87.89, , , , , 
1/30/2020 10:42:01 PM, 3293, 9232, 1650.2, 327.68, 222.6, 163.93, 323.87, 172.78, 245.81, 98.02, 30.6, 63.9, 125, 64.56, 87.89, , , , , 
1/30/2020 10:42:04 PM, 3293, 9232, 1650.2, 327.68, 222.6, 163.93, 323.87, 172.78, 245.81, 98.02, 30.6, 63.9, 125, 64.56, 87.89, , , , , 
1/30/2020 10:42:07 PM, 3293, 9232.25, 1650.2, 327.68, 222.6, 163.93, 323.87, 172.78, 245.81, 98.02, 30.6, 63.9, 125, 64.56, 87.89, , , , , 
1/30/2020 10:42:10 PM, 3293, 9232.5, 1650.3, 327.68, 222.6, 163.93, 323.87, 172.78, 245.81, 98.02, 30.6, 63.9, 125, 64.56, 87.89, , , , , 
1/30/2020 10:42:13 PM, 3293, 9232.25, 1650.3, 327.68, 222.6, 163.93, 323.87, 172.78, 245.81, 98.02, 30.6, 63.9, 125, 64.56, 87.89, , , , , 
1/30/2020 10:42:16 PM, 3293, 9232.25, 1650.3, 327.68, 222.6, 163.93, 323.87, 172.78, 245.81, 98.02, 30.6, 63.9, 125, 64.56, 87.89, , , , , 
1/30/2020 10:42:20 PM, 3293, 9232.75, 1650.3, 327.68, 222.6, 163.93, 323.87, 172.78, 245.81, 98.02, 30.6, 63.9, 125, 64.56, 87.89, , , , , 
1/30/2020 10:42:23 PM, 3293, 9232.75, 1650.3, 327.68, 222.6, 163.93, 323.87, 172.78, 245.81, 98.02, 30.6, 63.9, 125, 64.56, 87.89, , , , , 
1/30/2020 10:42:26 PM, 3293, 9233, 1650.3, 327.68, 222.6, 163.93, 323.87, 172.78, 245.81, 98.02, 30.6, 63.9, 125, 64.56, 87.89, , , , , 
1/30/2020 10:42:29 PM, 3293, 9233, 1650.3, 327.68, 222.6, 163.93, 323.87, 172.78, 245.81, 98.02, 30.6, 63.9, 125, 64.56, 87.89, , , , , 
1/30/2020 10:42:32 PM, 3293, 9233.25, 1650.3, 327.68, 222.6, 163.93, 323.87, 172.78, 245.81, 98.02, 30.6, 63.9, 125, 64.56, 87.89, , , , , 
1/30/2020 10:42:35 PM, 3293.25, 9233.75, 1650.3, 327.68, 222.6, 163.93, 323.87, 172.78, 245.81, 98.02, 30.6, 63.9, 125, 64.56, 87.89, , , , , 
1/30/2020 10:42:38 PM, 3293.25, 9233.75, 1650.3, 327.68, 222.6, 163.93, 323.87, 172.78, 245.81, 98.02, 30.6, 63.9, 125, 64.56, 87.89, , , , , 
1/30/2020 10:42:41 PM, 3293.25, 9234, 1650.3, 327.68, 222.6, 163.93, 323.87, 172.78, 245.81, 98.02, 30.6, 63.9, 125, 64.56, 87.89, , , , , 
1/30/2020 10:42:44 PM, 3293.25, 9234.25, 1650.3, 327.68, 222.6, 163.93, 323.87, 172.78, 245.81, 98.02, 30.6, 63.9, 125, 64.56, 87.89, , , , , 
1/30/2020 10:42:47 PM, 3293.25, 9233.75, 1650.3, 327.68, 222.6, 163.93, 323.87, 172.78, 245.81, 98.02, 30.6, 63.9, 125, 64.56, 87.89, , , , , 
1/30/2020 10:42:50 PM, 3293.25, 9233, 1650.3, 327.68, 222.6, 163.93, 323.87, 172.78, 245.81, 98.02, 30.6, 63.9, 125, 64.56, 87.89, , , , , 
1/30/2020 10:42:53 PM, 3293.25, 9233, 1650.3, 327.68, 222.6, 163.93, 323.87, 172.78, 245.81, 98.02, 30.6, 63.9, 125, 64.56, 87.89, , , , , 
1/30/2020 10:42:57 PM, 3293.25, 9233.25, 1650.3, 327.68, 222.6, 163.93, 323.87, 172.78, 245.81, 98.02, 30.6, 63.9, 125, 64.56, 87.89, , , , , 
1/30/2020 10:43:00 PM, 3293.25, 9233.25, 1650.3, 327.68, 222.6, 163.93, 323.87, 172.78, 245.81, 98.02, 30.6, 63.9, 125, 64.56, 87.89, , , , , 
1/30/2020 10:43:03 PM, 3293.5, 9234, 1650.5, 327.68, 222.6, 163.93, 323.87, 172.78, 245.81, 98.02, 30.6, 63.9, 125, 64.56, 87.89, , , , , 
1/30/2020 10:43:06 PM, 3293.5, 9234, 1650.5, 327.68, 222.6, 163.93, 323.87, 172.78, 245.81, 98.02, 30.6, 63.9, 125, 64.56, 87.89, , , , , 
1/30/2020 10:43:09 PM, 3293.25, 9233.25, 1650.6, 327.68, 222.6, 163.93, 323.87, 172.78, 245.81, 98.02, 30.6, 63.9, 125, 64.56, 87.89, , , , , 
1/30/2020 10:43:12 PM, 3293.25, 9233.25, 1650.6, 327.68, 222.6, 163.93, 323.87, 172.78, 245.81, 98.02, 30.6, 63.9, 125, 64.56, 87.89, , , , , 
1/30/2020 10:43:15 PM, 3293.25, 9233.25, 1650.6, 327.68, 222.6, 163.93, 323.87, 172.78, 245.81, 98.02, 30.6, 63.9, 125, 64.56, 87.89, , , , , 
1/30/2020 10:43:18 PM, 3293.25, 9233.25, 1650.6, 327.68, 222.6, 163.93, 323.87, 172.78, 245.81, 98.02, 30.6, 63.9, 125, 64.56, 87.89, , , , , 
1/30/2020 10:43:21 PM, 3293, 9233.25, 1650.6, 327.68, 222.6, 163.93, 323.87, 172.78, 245.81, 98.02, 30.6, 63.9, 125, 64.56, 87.89, , , , , 
1/30/2020 10:43:24 PM, 3293, 9233.25, 1650.6, 327.68, 222.6, 163.93, 323.87, 172.78, 245.81, 98.02, 30.6, 63.9, 125, 64.56, 87.89, , , , , 
1/30/2020 10:43:27 PM, 3293, 9233.25, 1650.6, 327.68, 222.6, 163.93, 323.87, 172.78, 245.81, 98.02, 30.6, 63.9, 125, 64.56, 87.89, , , , , 
1/30/2020 10:43:31 PM, 3293, 9233.25, 1650.6, 327.68, 222.6, 163.93, 323.87, 172.78, 245.81, 98.02, 30.6, 63.9, 125, 64.56, 87.89, , , , , 
1/30/2020 10:43:34 PM, 3293.25, 9232.5, 1650.6, 327.68, 222.6, 163.93, 323.87, 172.78, 245.81, 98.02, 30.6, 63.9, 125, 64.56, 87.89, , , , , 
1/30/2020 10:43:37 PM, 3293, 9232.5, 1650.6, 327.68, 222.6, 163.93, 323.87, 172.78, 245.81, 98.02, 30.6, 63.9, 125, 64.56, 87.89, , , , , 
1/30/2020 10:43:40 PM, 3293.25, 9232.75, 1650.6, 327.68, 222.6, 163.93, 323.87, 172.78, 245.81, 98.02, 30.6, 63.9, 125, 64.56, 87.89, , , , , 
1/30/2020 10:43:43 PM, 3293.25, 9232.75, 1650.5, 327.68, 222.6, 163.93, 323.87, 172.78, 245.81, 98.02, 30.6, 63.9, 125, 64.56, 87.89, , , , , 
1/30/2020 10:43:46 PM, 3293.25, 9232.75, 1650.5, 327.68, 222.6, 163.93, 323.87, 172.78, 245.81, 98.02, 30.6, 63.9, 125, 64.56, 87.89, , , , , 
1/30/2020 10:43:49 PM, 3293.25, 9232.75, 1650.5, 327.68, 222.6, 163.93, 323.87, 172.78, 245.81, 98.02, 30.6, 63.9, 125, 64.56, 87.89, , , , , 
1/30/2020 10:43:52 PM, 3293.25, 9232.75, 1650.5, 327.68, 222.6, 163.93, 323.87, 172.78, 245.81, 98.02, 30.6, 63.9, 125, 64.56, 87.89, , , , , 
1/30/2020 10:43:55 PM, 3293.25, 9233.25, 1650.5, 327.68, 222.6, 163.93, 323.87, 172.78, 245.81, 98.02, 30.6, 63.9, 125, 64.56, 87.89, , , , , 
1/30/2020 10:43:58 PM, 3293, 9233.25, 1650.5, 327.68, 222.6, 163.93, 323.87, 172.78, 245.81, 98.02, 30.6, 63.9, 125, 64.56, 87.89, , , , , 
1/30/2020 10:44:01 PM, 3293, 9233.25, 1650.5, 327.68, 222.6, 163.93, 323.87, 172.78, 245.81, 98.02, 30.6, 63.9, 125, 64.56, 87.89, , , , , 
1/30/2020 10:44:04 PM, 3293.25, 9233.5, 1650.5, 327.68, 222.6, 163.93, 323.87, 172.78, 245.81, 98.02, 30.6, 63.9, 125, 64.56, 87.89, , , , , 
1/30/2020 10:44:08 PM, 3293.25, 9233.75, 1650.5, 327.68, 222.6, 163.93, 323.87, 172.78, 245.81, 98.02, 30.6, 63.9, 125, 64.56, 87.89, , , , , 
1/30/2020 10:44:11 PM, 3293.25, 9233.75, 1650.5, 327.68, 222.6, 163.93, 323.87, 172.78, 245.81, 98.02, 30.6, 63.9, 125, 64.56, 87.89, , , , , 
1/30/2020 10:44:14 PM, 3293.25, 9233.75, 1650.5, 327.68, 222.6, 163.93, 323.87, 172.78, 245.81, 98.02, 30.6, 63.9, 125, 64.56, 87.89, , , , , 
1/30/2020 10:44:17 PM, 3293.25, 9234, 1650.5, 327.68, 222.6, 163.93, 323.87, 172.78, 245.81, 98.02, 30.6, 63.9, 125, 64.56, 87.89, , , , , 
1/30/2020 10:44:20 PM, 3293.25, 9233.75, 1650.5, 327.68, 222.6, 163.93, 323.87, 172.78, 245.81, 98.02, 30.6, 63.9, 125, 64.56, 87.89, , , , , 
1/30/2020 10:44:23 PM, 3293.25, 9233.75, 1650.5, 327.68, 222.6, 163.93, 323.87, 172.78, 245.81, 98.02, 30.6, 63.9, 125, 64.56, 87.89, , , , , 
1/30/2020 10:44:26 PM, 3293.25, 9233.75, 1650.5, 327.68, 222.6, 163.93, 323.87, 172.78, 245.81, 98.02, 30.6, 63.9, 125, 64.56, 87.89, , , , , 
1/30/2020 10:44:29 PM, 3293.25, 9233.75, 1650.5, 327.68, 222.6, 163.93, 323.87, 172.78, 245.81, 98.02, 30.6, 63.9, 125, 64.56, 87.89, , , , , 
1/30/2020 10:44:32 PM, 3293.25, 9232.75, 1650.5, 327.68, 222.6, 163.93, 323.87, 172.78, 245.81, 98.02, 30.6, 63.9, 125, 64.56, 87.89, , , , , 
1/30/2020 10:44:35 PM, 3293.25, 9232.75, 1650.5, 327.68, 222.6, 163.93, 323.87, 172.78, 245.81, 98.02, 30.6, 63.9, 125, 64.56, 87.89, , , , , 
1/30/2020 10:44:38 PM, 3293, 9232.75, 1650.5, 327.68, 222.6, 163.93, 323.87, 172.78, 245.81, 98.02, 30.6, 63.9, 125, 64.56, 87.89, , , , , 
1/30/2020 10:44:42 PM, 3293, 9232.75, 1650.5, 327.68, 222.6, 163.93, 323.87, 172.78, 245.81, 98.02, 30.6, 63.9, 125, 64.56, 87.89, , , , , 
1/30/2020 10:44:45 PM, 3293, 9232.25, 1650.5, 327.68, 222.6, 163.93, 323.87, 172.78, 245.81, 98.02, 30.6, 63.9, 125, 64.56, 87.89, , , , , 
1/30/2020 10:44:48 PM, 3293, 9232.25, 1650.5, 327.68, 222.6, 163.93, 323.87, 172.78, 245.81, 98.02, 30.6, 63.9, 125, 64.56, 87.89, , , , , 
1/30/2020 10:44:51 PM, 3293, 9232.25, 1650.5, 327.68, 222.6, 163.93, 323.87, 172.78, 245.81, 98.02, 30.6, 63.9, 125, 64.56, 87.89, , , , , 
1/30/2020 10:44:54 PM, 3293, 9232.25, 1650.5, 327.68, 222.6, 163.93, 323.87, 172.78, 245.81, 98.02, 30.6, 63.9, 125, 64.56, 87.89, , , , , 
1/30/2020 10:44:57 PM, 3293, 9232.25, 1650.3, 327.68, 222.6, 163.93, 323.87, 172.78, 245.81, 98.02, 30.6, 63.9, 125, 64.56, 87.89, , , , , 
1/30/2020 10:45:00 PM, 3293, 9232.25, 1650.3, 327.68, 222.6, 163.93, 323.87, 172.78, 245.81, 98.02, 30.6, 63.9, 125, 64.56, 87.89, , , , , 
1/30/2020 10:45:03 PM, 3293, 9232.25, 1650.3, 327.68, 222.6, 163.93, 323.87, 172.78, 245.81, 98.02, 30.6, 63.9, 125, 64.56, 87.89, , , , , 
1/30/2020 10:45:06 PM, 3293, 9233, 1650.3, 327.68, 222.6, 163.93, 323.87, 172.78, 245.81, 98.02, 30.6, 63.9, 125, 64.56, 87.89, , , , , 
1/30/2020 10:45:09 PM, 3293, 9233, 1650.3, 327.68, 222.6, 163.93, 323.87, 172.78, 245.81, 98.02, 30.6, 63.9, 125, 64.56, 87.89, , , , , 
1/30/2020 10:45:12 PM, 3293.25, 9233, 1650.3, 327.68, 222.6, 163.93, 323.87, 172.78, 245.81, 98.02, 30.6, 63.9, 125, 64.56, 87.89, , , , , 
1/30/2020 10:45:15 PM, 3293.25, 9233, 1650.3, 327.68, 222.6, 163.93, 323.87, 172.78, 245.81, 98.02, 30.6, 63.9, 125, 64.56, 87.89, , , , , 
1/30/2020 10:45:19 PM, 3293.25, 9233, 1650.3, 327.68, 222.6, 163.93, 323.87, 172.78, 245.81, 98.02, 30.6, 63.9, 125, 64.56, 87.89, , , , , 
1/30/2020 10:45:22 PM, 3293, 9232.5, 1650.3, 327.68, 222.6, 163.93, 323.87, 172.78, 245.81, 98.02, 30.6, 63.9, 125, 64.56, 87.89, , , , , 
1/30/2020 10:45:25 PM, 3293, 9232.5, 1650.3, 327.68, 222.6, 163.93, 323.87, 172.78, 245.81, 98.02, 30.6, 63.9, 125, 64.56, 87.89, , , , , 
1/30/2020 10:45:28 PM, 3293, 9232.5, 1650.6, 327.68, 222.6, 163.93, 323.87, 172.78, 245.81, 98.02, 30.6, 63.9, 125, 64.56, 87.89, , , , , 
1/30/2020 10:45:31 PM, 3293, 9232.5, 1650.6, 327.68, 222.6, 163.93, 323.87, 172.78, 245.81, 98.02, 30.6, 63.9, 125, 64.56, 87.89, , , , , 
1/30/2020 10:45:34 PM, 3293, 9232.5, 1650.6, 327.68, 222.6, 163.93, 323.87, 172.78, 245.81, 98.02, 30.6, 63.9, 125, 64.56, 87.89, , , , , 
1/30/2020 10:45:37 PM, 3293, 9231.75, 1650.6, 327.68, 222.6, 163.93, 323.87, 172.78, 245.81, 98.02, 30.6, 63.9, 125, 64.56, 87.89, , , , , 
1/30/2020 10:45:40 PM, 3293, 9231.75, 1650.6, 327.68, 222.6, 163.93, 323.87, 172.78, 245.81, 98.02, 30.6, 63.9, 125, 64.56, 87.89, , , , , 
1/30/2020 10:45:43 PM, 3292.75, 9232.25, 1650.6, 327.68, 222.6, 163.93, 323.87, 172.78, 245.81, 98.02, 30.6, 63.9, 125, 64.56, 87.89, , , , , 
1/30/2020 10:45:46 PM, 3292.75, 9232.25, 1650.6, 327.68, 222.6, 163.93, 323.87, 172.78, 245.81, 98.02, 30.6, 63.9, 125, 64.56, 87.89, , , , , 
1/30/2020 10:45:50 PM, 3292.75, 9232.25, 1650.6, 327.68, 222.6, 163.93, 323.87, 172.78, 245.81, 98.02, 30.6, 63.9, 125, 64.56, 87.89, , , , , 
1/30/2020 10:45:53 PM, 3292.75, 9232.25, 1650.6, 327.68, 222.6, 163.93, 323.87, 172.78, 245.81, 98.02, 30.6, 63.9, 125, 64.56, 87.89, , , , , 
1/30/2020 10:45:56 PM, 3292.75, 9232.5, 1650.6, 327.68, 222.6, 163.93, 323.87, 172.78, 245.81, 98.02, 30.6, 63.9, 125, 64.56, 87.89, , , , , 
1/30/2020 10:45:59 PM, 3292.75, 9232.5, 1650.6, 327.68, 222.6, 163.93, 323.87, 172.78, 245.81, 98.02, 30.6, 63.9, 125, 64.56, 87.89, , , , , 
1/30/2020 10:46:02 PM, 3292.75, 9232.5, 1650.6, 327.68, 222.6, 163.93, 323.87, 172.78, 245.81, 98.02, 30.6, 63.9, 125, 64.56, 87.89, , , , , 
1/30/2020 10:46:05 PM, 3292.75, 9232.25, 1650.6, 327.68, 222.6, 163.93, 323.87, 172.78, 245.81, 98.02, 30.6, 63.9, 125, 64.56, 87.89, , , , , 
1/30/2020 10:46:08 PM, 3292.75, 9232.25, 1650.6, 327.68, 222.6, 163.93, 323.87, 172.78, 245.81, 98.02, 30.6, 63.9, 125, 64.56, 87.89, , , , , 
1/30/2020 10:46:11 PM, 3292.75, 9232.25, 1650.6, 327.68, 222.6, 163.93, 323.87, 172.78, 245.81, 98.02, 30.6, 63.9, 125, 64.56, 87.89, , , , , 
1/30/2020 10:46:14 PM, 3292.75, 9232.25, 1650.6, 327.68, 222.6, 163.93, 323.87, 172.78, 245.81, 98.02, 30.6, 63.9, 125, 64.56, 87.89, , , , , 
1/30/2020 10:46:17 PM, 3292.75, 9231.75, 1650.6, 327.68, 222.6, 163.93, 323.87, 172.78, 245.81, 98.02, 30.6, 63.9, 125, 64.56, 87.89, , , , , 
1/30/2020 10:46:20 PM, 3292.75, 9231.75, 1650.6, 327.68, 222.6, 163.93, 323.87, 172.78, 245.81, 98.02, 30.6, 63.9, 125, 64.56, 87.89, , , , , 
1/30/2020 10:46:23 PM, 3292.75, 9231.75, 1650.6, 327.68, 222.6, 163.93, 323.87, 172.78, 245.81, 98.02, 30.6, 63.9, 125, 64.56, 87.89, , , , , 
1/30/2020 10:46:27 PM, 3292.75, 9231.75, 1650.6, 327.68, 222.6, 163.93, 323.87, 172.78, 245.81, 98.02, 30.6, 63.9, 125, 64.56, 87.89, , , , , 
1/30/2020 10:46:30 PM, 3292.75, 9231.75, 1650.6, 327.68, 222.6, 163.93, 323.87, 172.78, 245.81, 98.02, 30.6, 63.9, 125, 64.56, 87.89, , , , , 
1/30/2020 10:46:33 PM, 3292.25, 9230, 1650.1, 327.68, 222.6, 163.93, 323.87, 172.78, 245.81, 98.02, 30.6, 63.9, 125, 64.56, 87.89, , , , , 
1/30/2020 10:46:36 PM, 3292.25, 9230.75, 1650.1, 327.68, 222.6, 163.93, 323.87, 172.78, 245.81, 98.02, 30.6, 63.9, 125, 64.56, 87.89, , , , , 
1/30/2020 10:46:39 PM, 3292.75, 9231, 1650.2, 327.68, 222.6, 163.93, 323.87, 172.78, 245.81, 98.02, 30.6, 63.9, 125, 64.56, 87.89, , , , , 
1/30/2020 10:46:42 PM, 3292.75, 9231, 1650.2, 327.68, 222.6, 163.93, 323.87, 172.78, 245.81, 98.02, 30.6, 63.9, 125, 64.56, 87.89, , , , , 
1/30/2020 10:46:45 PM, 3292.75, 9231, 1650.2, 327.68, 222.6, 163.93, 323.87, 172.78, 245.81, 98.02, 30.6, 63.9, 125, 64.56, 87.89, , , , , 
1/30/2020 10:46:48 PM, 3292.75, 9231, 1650.2, 327.68, 222.6, 163.93, 323.87, 172.78, 245.81, 98.02, 30.6, 63.9, 125, 64.56, 87.89, , , , , 
1/30/2020 10:46:51 PM, 3292.5, 9230.75, 1650.2, 327.68, 222.6, 163.93, 323.87, 172.78, 245.81, 98.02, 30.6, 63.9, 125, 64.56, 87.89, , , , , 
1/30/2020 10:46:54 PM, 3292.5, 9230.75, 1650.2, 327.68, 222.6, 163.93, 323.87, 172.78, 245.81, 98.02, 30.6, 63.9, 125, 64.56, 87.89, , , , , 
1/30/2020 10:46:57 PM, 3292.5, 9231, 1650.2, 327.68, 222.6, 163.93, 323.87, 172.78, 245.81, 98.02, 30.6, 63.9, 125, 64.56, 87.89, , , , , 
1/30/2020 10:47:01 PM, 3292.5, 9231, 1650.2, 327.68, 222.6, 163.93, 323.87, 172.78, 245.81, 98.02, 30.6, 63.9, 125, 64.56, 87.89, , , , , 
1/30/2020 10:47:04 PM, 3292.5, 9230.75, 1650.2, 327.68, 222.6, 163.93, 323.87, 172.78, 245.81, 98.02, 30.6, 63.9, 125, 64.56, 87.89, , , , , 
1/30/2020 10:47:07 PM, 3292.5, 9230.75, 1650.2, 327.68, 222.6, 163.93, 323.87, 172.78, 245.81, 98.02, 30.6, 63.9, 125, 64.56, 87.89, , , , , 
1/30/2020 10:47:10 PM, 3292.5, 9230.75, 1650.2, 327.68, 222.6, 163.93, 323.87, 172.78, 245.81, 98.02, 30.6, 63.9, 125, 64.56, 87.89, , , , , 
1/30/2020 10:47:13 PM, 3292.5, 9230.25, 1650.2, 327.68, 222.6, 163.93, 323.87, 172.78, 245.81, 98.02, 30.6, 63.9, 125, 64.56, 87.89, , , , , 
1/30/2020 10:47:16 PM, 3292.5, 9230.25, 1650.2, 327.68, 222.6, 163.93, 323.87, 172.78, 245.81, 98.02, 30.6, 63.9, 125, 64.56, 87.89, , , , , 
1/30/2020 10:47:19 PM, 3292.5, 9230.25, 1650.2, 327.68, 222.6, 163.93, 323.87, 172.78, 245.81, 98.02, 30.6, 63.9, 125, 64.56, 87.89, , , , , 
1/30/2020 10:47:22 PM, 3292.75, 9231.5, 1650.4, 327.68, 222.6, 163.93, 323.87, 172.78, 245.81, 98.02, 30.6, 63.9, 125, 64.56, 87.89, , , , , 
1/30/2020 10:47:25 PM, 3292.5, 9231.5, 1650.3, 327.68, 222.6, 163.93, 323.87, 172.78, 245.81, 98.02, 30.6, 63.9, 125, 64.56, 87.89, , , , , 
1/30/2020 10:47:28 PM, 3292.5, 9231.5, 1650.3, 327.68, 222.6, 163.93, 323.87, 172.78, 245.81, 98.02, 30.6, 63.9, 125, 64.56, 87.89, , , , , 
1/30/2020 10:47:31 PM, 3292.5, 9231.5, 1650.3, 327.68, 222.6, 163.93, 323.87, 172.78, 245.81, 98.02, 30.6, 63.9, 125, 64.56, 87.89, , , , , 
1/30/2020 10:47:35 PM, 3292.5, 9231.5, 1650.3, 327.68, 222.6, 163.93, 323.87, 172.78, 245.81, 98.02, 30.6, 63.9, 125, 64.56, 87.89, , , , , 
1/30/2020 10:47:38 PM, 3292.5, 9230.75, 1650.3, 327.68, 222.6, 163.93, 323.87, 172.78, 245.81, 98.02, 30.6, 63.9, 125, 64.56, 87.89, , , , , 
1/30/2020 10:47:41 PM, 3292.5, 9230.5, 1650.3, 327.68, 222.6, 163.93, 323.87, 172.78, 245.81, 98.02, 30.6, 63.9, 125, 64.56, 87.89, , , , , 
1/30/2020 10:47:44 PM, 3292.5, 9230.5, 1650.3, 327.68, 222.6, 163.93, 323.87, 172.78, 245.81, 98.02, 30.6, 63.9, 125, 64.56, 87.89, , , , , 
1/30/2020 10:47:47 PM, 3292.5, 9230.5, 1650.3, 327.68, 222.6, 163.93, 323.87, 172.78, 245.81, 98.02, 30.6, 63.9, 125, 64.56, 87.89, , , , , 
1/30/2020 10:47:50 PM, 3292.5, 9230.75, 1650.3, 327.68, 222.6, 163.93, 323.87, 172.78, 245.81, 98.02, 30.6, 63.9, 125, 64.56, 87.89, , , , , 
1/30/2020 10:47:53 PM, 3292.5, 9230.75, 1650.3, 327.68, 222.6, 163.93, 323.87, 172.78, 245.81, 98.02, 30.6, 63.9, 125, 64.56, 87.89, , , , , 
1/30/2020 10:47:56 PM, 3292.5, 9231, 1650.3, 327.68, 222.6, 163.93, 323.87, 172.78, 245.81, 98.02, 30.6, 63.9, 125, 64.56, 87.89, , , , , 
1/30/2020 10:47:59 PM, 3292.5, 9230.5, 1650.3, 327.68, 222.6, 163.93, 323.87, 172.78, 245.81, 98.02, 30.6, 63.9, 125, 64.56, 87.89, , , , , 
1/30/2020 10:48:02 PM, 3292.5, 9230.5, 1650.3, 327.68, 222.6, 163.93, 323.87, 172.78, 245.81, 98.02, 30.6, 63.9, 125, 64.56, 87.89, , , , , 
1/30/2020 10:48:05 PM, 3292.5, 9230.75, 1650.3, 327.68, 222.6, 163.93, 323.87, 172.78, 245.81, 98.02, 30.6, 63.9, 125, 64.56, 87.89, , , , , 
1/30/2020 10:48:09 PM, 3292.5, 9230.75, 1650.2, 327.68, 222.6, 163.93, 323.87, 172.78, 245.81, 98.02, 30.6, 63.9, 125, 64.56, 87.89, , , , , 
1/30/2020 10:48:12 PM, 3292.5, 9230.5, 1650.2, 327.68, 222.6, 163.93, 323.87, 172.78, 245.81, 98.02, 30.6, 63.9, 125, 64.56, 87.89, , , , , 
1/30/2020 10:48:15 PM, 3292.5, 9230.25, 1650.2, 327.68, 222.6, 163.93, 323.87, 172.78, 245.81, 98.02, 30.6, 63.9, 125, 64.56, 87.89, , , , , 
1/30/2020 10:48:18 PM, 3292.5, 9230.25, 1650.2, 327.68, 222.6, 163.93, 323.87, 172.78, 245.81, 98.02, 30.6, 63.9, 125, 64.56, 87.89, , , , , 
1/30/2020 10:48:21 PM, 3292.5, 9230.25, 1650.2, 327.68, 222.6, 163.93, 323.87, 172.78, 245.81, 98.02, 30.6, 63.9, 125, 64.56, 87.89, , , , , 
1/30/2020 10:48:24 PM, 3292.25, 9230.25, 1650.2, 327.68, 222.6, 163.93, 323.87, 172.78, 245.81, 98.02, 30.6, 63.9, 125, 64.56, 87.89, , , , , 
1/30/2020 10:48:27 PM, 3292.25, 9230.5, 1650.2, 327.68, 222.6, 163.93, 323.87, 172.78, 245.81, 98.02, 30.6, 63.9, 125, 64.56, 87.89, , , , , 
1/30/2020 10:48:30 PM, 3292.5, 9230.5, 1650.2, 327.68, 222.6, 163.93, 323.87, 172.78, 245.81, 98.02, 30.6, 63.9, 125, 64.56, 87.89, , , , , 
1/30/2020 10:48:33 PM, 3292.5, 9231, 1650.2, 327.68, 222.6, 163.93, 323.87, 172.78, 245.81, 98.02, 30.6, 63.9, 125, 64.56, 87.89, , , , , 
1/30/2020 10:48:36 PM, 3292.5, 9231, 1650.2, 327.68, 222.6, 163.93, 323.87, 172.78, 245.81, 98.02, 30.6, 63.9, 125, 64.56, 87.89, , , , , 
1/30/2020 10:48:39 PM, 3292.5, 9231, 1650.2, 327.68, 222.6, 163.93, 323.87, 172.78, 245.81, 98.02, 30.6, 63.9, 125, 64.56, 87.89, , , , , 
1/30/2020 10:48:42 PM, 3292.5, 9231, 1650.2, 327.68, 222.6, 163.93, 323.87, 172.78, 245.81, 98.02, 30.6, 63.9, 125, 64.56, 87.89, , , , , 
1/30/2020 10:48:46 PM, 3292.5, 9231, 1650.2, 327.68, 222.6, 163.93, 323.87, 172.78, 245.81, 98.02, 30.6, 63.9, 125, 64.56, 87.89, , , , , 
1/30/2020 10:48:49 PM, 3292.25, 9229.25, 1650, 327.68, 222.6, 163.93, 323.87, 172.78, 245.81, 98.02, 30.6, 63.9, 125, 64.56, 87.89, , , , , 
1/30/2020 10:48:52 PM, 3292.25, 9230, 1650, 327.68, 222.6, 163.93, 323.87, 172.78, 245.81, 98.02, 30.6, 63.9, 125, 64.56, 87.89, , , , , 
1/30/2020 10:48:55 PM, 3292.25, 9230, 1650, 327.68, 222.6, 163.93, 323.87, 172.78, 245.81, 98.02, 30.6, 63.9, 125, 64.56, 87.89, , , , , 
1/30/2020 10:48:58 PM, 3292.25, 9230, 1650, 327.68, 222.6, 163.93, 323.87, 172.78, 245.81, 98.02, 30.6, 63.9, 125, 64.56, 87.89, , , , , 
1/30/2020 10:49:01 PM, 3292.25, 9230, 1650, 327.68, 222.6, 163.93, 323.87, 172.78, 245.81, 98.02, 30.6, 63.9, 125, 64.56, 87.89, , , , , 
1/30/2020 10:49:04 PM, 3292.25, 9230, 1650, 327.68, 222.6, 163.93, 323.87, 172.78, 245.81, 98.02, 30.6, 63.9, 125, 64.56, 87.89, , , , , 
1/30/2020 10:49:07 PM, 3292.25, 9230, 1650, 327.68, 222.6, 163.93, 323.87, 172.78, 245.81, 98.02, 30.6, 63.9, 125, 64.56, 87.89, , , , , 
1/30/2020 10:49:10 PM, 3292.25, 9230, 1650, 327.68, 222.6, 163.93, 323.87, 172.78, 245.81, 98.02, 30.6, 63.9, 125, 64.56, 87.89, , , , , 
1/30/2020 10:49:13 PM, 3292.25, 9230, 1650, 327.68, 222.6, 163.93, 323.87, 172.78, 245.81, 98.02, 30.6, 63.9, 125, 64.56, 87.89, , , , , 
1/30/2020 10:49:16 PM, 3292.25, 9229.75, 1650, 327.68, 222.6, 163.93, 323.87, 172.78, 245.81, 98.02, 30.6, 63.9, 125, 64.56, 87.89, , , , , 
1/30/2020 10:49:19 PM, 3292.25, 9229.75, 1650, 327.68, 222.6, 163.93, 323.87, 172.78, 245.81, 98.02, 30.6, 63.9, 125, 64.56, 87.89, , , , , 
1/30/2020 10:49:23 PM, 3292.25, 9230.25, 1650, 327.68, 222.6, 163.93, 323.87, 172.78, 245.81, 98.02, 30.6, 63.9, 125, 64.56, 87.89, , , , , 
1/30/2020 10:49:26 PM, 3292.25, 9230, 1650, 327.68, 222.6, 163.93, 323.87, 172.78, 245.81, 98.02, 30.6, 63.9, 125, 64.56, 87.89, , , , , 
1/30/2020 10:49:29 PM, 3292, 9230, 1650, 327.68, 222.6, 163.93, 323.87, 172.78, 245.81, 98.02, 30.6, 63.9, 125, 64.56, 87.89, , , , , 
1/30/2020 10:49:32 PM, 3292, 9230, 1649.9, 327.68, 222.6, 163.93, 323.87, 172.78, 245.81, 98.02, 30.6, 63.9, 125, 64.56, 87.89, , , , , 
1/30/2020 10:49:35 PM, 3292, 9230, 1649.9, 327.68, 222.6, 163.93, 323.87, 172.78, 245.81, 98.02, 30.6, 63.9, 125, 64.56, 87.89, , , , , 
1/30/2020 10:49:38 PM, 3292, 9230, 1649.9, 327.68, 222.6, 163.93, 323.87, 172.78, 245.81, 98.02, 30.6, 63.9, 125, 64.56, 87.89, , , , , 
1/30/2020 10:49:41 PM, 3292, 9230, 1649.9, 327.68, 222.6, 163.93, 323.87, 172.78, 245.81, 98.02, 30.6, 63.9, 125, 64.56, 87.89, , , , , 
1/30/2020 10:49:44 PM, 3292, 9230.25, 1649.9, 327.68, 222.6, 163.93, 323.87, 172.78, 245.81, 98.02, 30.6, 63.9, 125, 64.56, 87.89, , , , , 
1/30/2020 10:49:47 PM, 3292, 9230.25, 1649.9, 327.68, 222.6, 163.93, 323.87, 172.78, 245.81, 98.02, 30.6, 63.9, 125, 64.56, 87.89, , , , , 
1/30/2020 10:49:50 PM, 3292, 9230.25, 1649.9, 327.68, 222.6, 163.93, 323.87, 172.78, 245.81, 98.02, 30.6, 63.9, 125, 64.56, 87.89, , , , , 
1/30/2020 10:49:53 PM, 3292, 9230.25, 1649.9, 327.68, 222.6, 163.93, 323.87, 172.78, 245.81, 98.02, 30.6, 63.9, 125, 64.56, 87.89, , , , , 
1/30/2020 10:49:57 PM, 3292, 9230.75, 1649.9, 327.68, 222.6, 163.93, 323.87, 172.78, 245.81, 98.02, 30.6, 63.9, 125, 64.56, 87.89, , , , , 
1/30/2020 10:50:00 PM, 3292, 9230.75, 1649.9, 327.68, 222.6, 163.93, 323.87, 172.78, 245.81, 98.02, 30.6, 63.9, 125, 64.56, 87.89, , , , , 
1/30/2020 10:50:03 PM, 3292.25, 9230.75, 1649.9, 327.68, 222.6, 163.93, 323.87, 172.78, 245.81, 98.02, 30.6, 63.9, 125, 64.56, 87.89, , , , , 
1/30/2020 10:50:06 PM, 3292, 9230.75, 1649.9, 327.68, 222.6, 163.93, 323.87, 172.78, 245.81, 98.02, 30.6, 63.9, 125, 64.56, 87.89, , , , , 
1/30/2020 10:50:09 PM, 3292, 9230.75, 1649.9, 327.68, 222.6, 163.93, 323.87, 172.78, 245.81, 98.02, 30.6, 63.9, 125, 64.56, 87.89, , , , , 
1/30/2020 10:50:12 PM, 3292, 9230.75, 1649.9, 327.68, 222.6, 163.93, 323.87, 172.78, 245.81, 98.02, 30.6, 63.9, 125, 64.56, 87.89, , , , , 
1/30/2020 10:50:15 PM, 3292, 9230.75, 1649.9, 327.68, 222.6, 163.93, 323.87, 172.78, 245.81, 98.02, 30.6, 63.9, 125, 64.56, 87.89, , , , , 
1/30/2020 10:50:18 PM, 3292, 9230, 1649.9, 327.68, 222.6, 163.93, 323.87, 172.78, 245.81, 98.02, 30.6, 63.9, 125, 64.56, 87.89, , , , , 
1/30/2020 10:50:21 PM, 3292, 9230.5, 1649.9, 327.68, 222.6, 163.93, 323.87, 172.78, 245.81, 98.02, 30.6, 63.9, 125, 64.56, 87.89, , , , , 
1/30/2020 10:50:24 PM, 3292, 9230.5, 1649.9, 327.68, 222.6, 163.93, 323.87, 172.78, 245.81, 98.02, 30.6, 63.9, 125, 64.56, 87.89, , , , , 
1/30/2020 10:50:27 PM, 3292, 9230.5, 1650, 327.68, 222.6, 163.93, 323.87, 172.78, 245.81, 98.02, 30.6, 63.9, 125, 64.56, 87.89, , , , , 
1/30/2020 10:50:31 PM, 3292.25, 9230.5, 1650, 327.68, 222.6, 163.93, 323.87, 172.78, 245.81, 98.02, 30.6, 63.9, 125, 64.56, 87.89, , , , , 
1/30/2020 10:50:34 PM, 3292.25, 9230.5, 1650, 327.68, 222.6, 163.93, 323.87, 172.78, 245.81, 98.02, 30.6, 63.9, 125, 64.56, 87.89, , , , , 
1/30/2020 10:50:37 PM, 3292.25, 9230.5, 1650, 327.68, 222.6, 163.93, 323.87, 172.78, 245.81, 98.02, 30.6, 63.9, 125, 64.56, 87.89, , , , , 
1/30/2020 10:50:40 PM, 3292.25, 9231, 1650, 327.68, 222.6, 163.93, 323.87, 172.78, 245.81, 98.02, 30.6, 63.9, 125, 64.56, 87.89, , , , , 
1/30/2020 10:50:43 PM, 3292.25, 9231.25, 1650, 327.68, 222.6, 163.93, 323.87, 172.78, 245.81, 98.02, 30.6, 63.9, 125, 64.56, 87.89, , , , , 
1/30/2020 10:50:46 PM, 3292.5, 9231, 1650, 327.68, 222.6, 163.93, 323.87, 172.78, 245.81, 98.02, 30.6, 63.9, 125, 64.56, 87.89, , , , , 
1/30/2020 10:50:49 PM, 3292.5, 9231, 1650, 327.68, 222.6, 163.93, 323.87, 172.78, 245.81, 98.02, 30.6, 63.9, 125, 64.56, 87.89, , , , , 
1/30/2020 10:50:52 PM, 3292.5, 9231, 1650, 327.68, 222.6, 163.93, 323.87, 172.78, 245.81, 98.02, 30.6, 63.9, 125, 64.56, 87.89, , , , , 
1/30/2020 10:50:55 PM, 3292.5, 9231.5, 1650, 327.68, 222.6, 163.93, 323.87, 172.78, 245.81, 98.02, 30.6, 63.9, 125, 64.56, 87.89, , , , , 
1/30/2020 10:50:58 PM, 3292.5, 9231.5, 1650, 327.68, 222.6, 163.93, 323.87, 172.78, 245.81, 98.02, 30.6, 63.9, 125, 64.56, 87.89, , , , , 
1/30/2020 10:51:02 PM, 3292.5, 9231.5, 1650, 327.68, 222.6, 163.93, 323.87, 172.78, 245.81, 98.02, 30.6, 63.9, 125, 64.56, 87.89, , , , , 
1/30/2020 10:51:05 PM, 3292.5, 9231.5, 1650, 327.68, 222.6, 163.93, 323.87, 172.78, 245.81, 98.02, 30.6, 63.9, 125, 64.56, 87.89, , , , , 
1/30/2020 10:51:08 PM, 3292.25, 9230, 1650, 327.68, 222.6, 163.93, 323.87, 172.78, 245.81, 98.02, 30.6, 63.9, 125, 64.56, 87.89, , , , , 
1/30/2020 10:51:11 PM, 3292.25, 9230, 1649.9, 327.68, 222.6, 163.93, 323.87, 172.78, 245.81, 98.02, 30.6, 63.9, 125, 64.56, 87.89, , , , , 
1/30/2020 10:51:14 PM, 3292.25, 9230, 1649.9, 327.68, 222.6, 163.93, 323.87, 172.78, 245.81, 98.02, 30.6, 63.9, 125, 64.56, 87.89, , , , , 
1/30/2020 10:51:17 PM, 3292.25, 9230, 1649.9, 327.68, 222.6, 163.93, 323.87, 172.78, 245.81, 98.02, 30.6, 63.9, 125, 64.56, 87.89, , , , , 
1/30/2020 10:51:20 PM, 3292.25, 9230, 1649.9, 327.68, 222.6, 163.93, 323.87, 172.78, 245.81, 98.02, 30.6, 63.9, 125, 64.56, 87.89, , , , , 
1/30/2020 10:51:23 PM, 3292.25, 9230.25, 1649.9, 327.68, 222.6, 163.93, 323.87, 172.78, 245.81, 98.02, 30.6, 63.9, 125, 64.56, 87.89, , , , , 
1/30/2020 10:51:26 PM, 3292.25, 9230.25, 1649.9, 327.68, 222.6, 163.93, 323.87, 172.78, 245.81, 98.02, 30.6, 63.9, 125, 64.56, 87.89, , , , , 
1/30/2020 10:51:29 PM, 3292.25, 9230.25, 1649.9, 327.68, 222.6, 163.93, 323.87, 172.78, 245.81, 98.02, 30.6, 63.9, 125, 64.56, 87.89, , , , , 
1/30/2020 10:51:32 PM, 3292.25, 9230.25, 1649.9, 327.68, 222.6, 163.93, 323.87, 172.78, 245.81, 98.02, 30.6, 63.9, 125, 64.56, 87.89, , , , , 
1/30/2020 10:51:35 PM, 3292.25, 9230.25, 1649.9, 327.68, 222.6, 163.93, 323.87, 172.78, 245.81, 98.02, 30.6, 63.9, 125, 64.56, 87.89, , , , , 
1/30/2020 10:51:38 PM, 3292.25, 9230.5, 1649.9, 327.68, 222.6, 163.93, 323.87, 172.78, 245.81, 98.02, 30.6, 63.9, 125, 64.56, 87.89, , , , , 
1/30/2020 10:51:42 PM, 3292.25, 9230.5, 1649.9, 327.68, 222.6, 163.93, 323.87, 172.78, 245.81, 98.02, 30.6, 63.9, 125, 64.56, 87.89, , , , , 
1/30/2020 10:51:45 PM, 3292.25, 9230.5, 1649.9, 327.68, 222.6, 163.93, 323.87, 172.78, 245.81, 98.02, 30.6, 63.9, 125, 64.56, 87.89, , , , , 
1/30/2020 10:51:48 PM, 3292.25, 9230.5, 1649.9, 327.68, 222.6, 163.93, 323.87, 172.78, 245.81, 98.02, 30.6, 63.9, 125, 64.56, 87.89, , , , , 
1/30/2020 10:51:51 PM, 3292.25, 9230.5, 1649.9, 327.68, 222.6, 163.93, 323.87, 172.78, 245.81, 98.02, 30.6, 63.9, 125, 64.56, 87.89, , , , , 
1/30/2020 10:51:54 PM, 3292.25, 9230.5, 1649.9, 327.68, 222.6, 163.93, 323.87, 172.78, 245.81, 98.02, 30.6, 63.9, 125, 64.56, 87.89, , , , , 
1/30/2020 10:51:57 PM, 3292.25, 9230.5, 1649.9, 327.68, 222.6, 163.93, 323.87, 172.78, 245.81, 98.02, 30.6, 63.9, 125, 64.56, 87.89, , , , , 
1/30/2020 10:52:00 PM, 3292.25, 9230.5, 1649.9, 327.68, 222.6, 163.93, 323.87, 172.78, 245.81, 98.02, 30.6, 63.9, 125, 64.56, 87.89, , , , , 
1/30/2020 10:52:03 PM, 3292.25, 9230.5, 1649.9, 327.68, 222.6, 163.93, 323.87, 172.78, 245.81, 98.02, 30.6, 63.9, 125, 64.56, 87.89, , , , , 
1/30/2020 10:52:06 PM, 3292.25, 9230.75, 1649.9, 327.68, 222.6, 163.93, 323.87, 172.78, 245.81, 98.02, 30.6, 63.9, 125, 64.56, 87.89, , , , , 
1/30/2020 10:52:09 PM, 3292.25, 9230.75, 1649.9, 327.68, 222.6, 163.93, 323.87, 172.78, 245.81, 98.02, 30.6, 63.9, 125, 64.56, 87.89, , , , , 
1/30/2020 10:52:12 PM, 3292.25, 9230.75, 1649.9, 327.68, 222.6, 163.93, 323.87, 172.78, 245.81, 98.02, 30.6, 63.9, 125, 64.56, 87.89, , , , , 
1/30/2020 10:52:16 PM, 3292.25, 9231, 1649.9, 327.68, 222.6, 163.93, 323.87, 172.78, 245.81, 98.02, 30.6, 63.9, 125, 64.56, 87.89, , , , , 
1/30/2020 10:52:19 PM, 3292.25, 9230.5, 1649.9, 327.68, 222.6, 163.93, 323.87, 172.78, 245.81, 98.02, 30.6, 63.9, 125, 64.56, 87.89, , , , , 
1/30/2020 10:52:22 PM, 3292.25, 9230.5, 1649.9, 327.68, 222.6, 163.93, 323.87, 172.78, 245.81, 98.02, 30.6, 63.9, 125, 64.56, 87.89, , , , , 
1/30/2020 10:52:25 PM, 3292.25, 9230.5, 1649.9, 327.68, 222.6, 163.93, 323.87, 172.78, 245.81, 98.02, 30.6, 63.9, 125, 64.56, 87.89, , , , , 
1/30/2020 10:52:28 PM, 3292.25, 9229.5, 1649.9, 327.68, 222.6, 163.93, 323.87, 172.78, 245.81, 98.02, 30.6, 63.9, 125, 64.56, 87.89, , , , , 
1/30/2020 10:52:31 PM, 3292.25, 9229.5, 1649.9, 327.68, 222.6, 163.93, 323.87, 172.78, 245.81, 98.02, 30.6, 63.9, 125, 64.56, 87.89, , , , , 
1/30/2020 10:52:34 PM, 3292.25, 9229.5, 1649.9, 327.68, 222.6, 163.93, 323.87, 172.78, 245.81, 98.02, 30.6, 63.9, 125, 64.56, 87.89, , , , , 
1/30/2020 10:52:37 PM, 3292.25, 9229.5, 1649.9, 327.68, 222.6, 163.93, 323.87, 172.78, 245.81, 98.02, 30.6, 63.9, 125, 64.56, 87.89, , , , , 
1/30/2020 10:52:40 PM, 3292.25, 9230, 1650, 327.68, 222.6, 163.93, 323.87, 172.78, 245.81, 98.02, 30.6, 63.9, 125, 64.56, 87.89, , , , , 
1/30/2020 10:52:43 PM, 3292.25, 9230, 1650, 327.68, 222.6, 163.93, 323.87, 172.78, 245.81, 98.02, 30.6, 63.9, 125, 64.56, 87.89, , , , , 
1/30/2020 10:52:46 PM, 3292.25, 9230.25, 1650, 327.68, 222.6, 163.93, 323.87, 172.78, 245.81, 98.02, 30.6, 63.9, 125, 64.56, 87.89, , , , , 
1/30/2020 10:52:49 PM, 3292.5, 9231.25, 1650, 327.68, 222.6, 163.93, 323.87, 172.78, 245.81, 98.02, 30.6, 63.9, 125, 64.56, 87.89, , , , , 
1/30/2020 10:52:53 PM, 3292.5, 9231.25, 1650, 327.68, 222.6, 163.93, 323.87, 172.78, 245.81, 98.02, 30.6, 63.9, 125, 64.56, 87.89, , , , , 
1/30/2020 10:52:56 PM, 3292.75, 9231.75, 1650, 327.68, 222.6, 163.93, 323.87, 172.78, 245.81, 98.02, 30.6, 63.9, 125, 64.56, 87.89, , , , , 
1/30/2020 10:52:59 PM, 3292.75, 9231.75, 1650, 327.68, 222.6, 163.93, 323.87, 172.78, 245.81, 98.02, 30.6, 63.9, 125, 64.56, 87.89, , , , , 
1/30/2020 10:53:02 PM, 3292.5, 9230.5, 1650, 327.68, 222.6, 163.93, 323.87, 172.78, 245.81, 98.02, 30.6, 63.9, 125, 64.56, 87.89, , , , , 
1/30/2020 10:53:05 PM, 3292.5, 9230.5, 1650, 327.68, 222.6, 163.93, 323.87, 172.78, 245.81, 98.02, 30.6, 63.9, 125, 64.56, 87.89, , , , , 
1/30/2020 10:53:08 PM, 3292.5, 9230.75, 1650, 327.68, 222.6, 163.93, 323.87, 172.78, 245.81, 98.02, 30.6, 63.9, 125, 64.56, 87.89, , , , , 
1/30/2020 10:53:11 PM, 3292.5, 9230.75, 1650, 327.68, 222.6, 163.93, 323.87, 172.78, 245.81, 98.02, 30.6, 63.9, 125, 64.56, 87.89, , , , , 
1/30/2020 10:53:14 PM, 3292.5, 9231, 1650, 327.68, 222.6, 163.93, 323.87, 172.78, 245.81, 98.02, 30.6, 63.9, 125, 64.56, 87.89, , , , , 
1/30/2020 10:53:17 PM, 3292.5, 9231, 1650, 327.68, 222.6, 163.93, 323.87, 172.78, 245.81, 98.02, 30.6, 63.9, 125, 64.56, 87.89, , , , , 
1/30/2020 10:53:20 PM, 3292.5, 9231, 1650, 327.68, 222.6, 163.93, 323.87, 172.78, 245.81, 98.02, 30.6, 63.9, 125, 64.56, 87.89, , , , , 
1/30/2020 10:53:23 PM, 3292.75, 9231.25, 1650.1, 327.68, 222.6, 163.93, 323.87, 172.78, 245.81, 98.02, 30.6, 63.9, 125, 64.56, 87.89, , , , , 
1/30/2020 10:53:27 PM, 3292.75, 9231.25, 1650.1, 327.68, 222.6, 163.93, 323.87, 172.78, 245.81, 98.02, 30.6, 63.9, 125, 64.56, 87.89, , , , , 
1/30/2020 10:53:30 PM, 3292.75, 9231.5, 1650.1, 327.68, 222.6, 163.93, 323.87, 172.78, 245.81, 98.02, 30.6, 63.9, 125, 64.56, 87.89, , , , , 
1/30/2020 10:53:33 PM, 3292.5, 9231.5, 1650.1, 327.68, 222.6, 163.93, 323.87, 172.78, 245.81, 98.02, 30.6, 63.9, 125, 64.56, 87.89, , , , , 
1/30/2020 10:53:36 PM, 3292.75, 9232, 1650.1, 327.68, 222.6, 163.93, 323.87, 172.78, 245.81, 98.02, 30.6, 63.9, 125, 64.56, 87.89, , , , , 
1/30/2020 10:53:39 PM, 3292.75, 9232, 1650.1, 327.68, 222.6, 163.93, 323.87, 172.78, 245.81, 98.02, 30.6, 63.9, 125, 64.56, 87.89, , , , , 
1/30/2020 10:53:42 PM, 3292.75, 9232, 1650.1, 327.68, 222.6, 163.93, 323.87, 172.78, 245.81, 98.02, 30.6, 63.9, 125, 64.56, 87.89, , , , , 
1/30/2020 10:53:45 PM, 3292.75, 9232, 1650.1, 327.68, 222.6, 163.93, 323.87, 172.78, 245.81, 98.02, 30.6, 63.9, 125, 64.56, 87.89, , , , , 
1/30/2020 10:53:48 PM, 3292.75, 9231.75, 1650.1, 327.68, 222.6, 163.93, 323.87, 172.78, 245.81, 98.02, 30.6, 63.9, 125, 64.56, 87.89, , , , , 
1/30/2020 10:53:51 PM, 3292.75, 9231.75, 1650.1, 327.68, 222.6, 163.93, 323.87, 172.78, 245.81, 98.02, 30.6, 63.9, 125, 64.56, 87.89, , , , , 
1/30/2020 10:53:54 PM, 3292.75, 9231.5, 1650.1, 327.68, 222.6, 163.93, 323.87, 172.78, 245.81, 98.02, 30.6, 63.9, 125, 64.56, 87.89, , , , , 
1/30/2020 10:53:57 PM, 3292.75, 9231.5, 1650.1, 327.68, 222.6, 163.93, 323.87, 172.78, 245.81, 98.02, 30.6, 63.9, 125, 64.56, 87.89, , , , , 
1/30/2020 10:54:00 PM, 3292.75, 9231.5, 1650.1, 327.68, 222.6, 163.93, 323.87, 172.78, 245.81, 98.02, 30.6, 63.9, 125, 64.56, 87.89, , , , , 
1/30/2020 10:54:04 PM, 3292.75, 9231.5, 1650.1, 327.68, 222.6, 163.93, 323.87, 172.78, 245.81, 98.02, 30.6, 63.9, 125, 64.56, 87.89, , , , , 
1/30/2020 10:54:07 PM, 3292.75, 9231.5, 1650.1, 327.68, 222.6, 163.93, 323.87, 172.78, 245.81, 98.02, 30.6, 63.9, 125, 64.56, 87.89, , , , , 
1/30/2020 10:54:10 PM, 3292.75, 9231.5, 1650.1, 327.68, 222.6, 163.93, 323.87, 172.78, 245.81, 98.02, 30.6, 63.9, 125, 64.56, 87.89, , , , , 
1/30/2020 10:54:13 PM, 3293, 9232, 1650.1, 327.68, 222.6, 163.93, 323.87, 172.78, 245.81, 98.02, 30.6, 63.9, 125, 64.56, 87.89, , , , , 
1/30/2020 10:54:16 PM, 3293, 9232, 1650.1, 327.68, 222.6, 163.93, 323.87, 172.78, 245.81, 98.02, 30.6, 63.9, 125, 64.56, 87.89, , , , , 
1/30/2020 10:54:19 PM, 3293, 9232, 1650.1, 327.68, 222.6, 163.93, 323.87, 172.78, 245.81, 98.02, 30.6, 63.9, 125, 64.56, 87.89, , , , , 
1/30/2020 10:54:22 PM, 3293, 9232.25, 1650.1, 327.68, 222.6, 163.93, 323.87, 172.78, 245.81, 98.02, 30.6, 63.9, 125, 64.56, 87.89, , , , , 
1/30/2020 10:54:26 PM, 3293, 9232.75, 1650.1, 327.68, 222.6, 163.93, 323.87, 172.78, 245.81, 98.02, 30.6, 63.9, 125, 64.56, 87.89, , , , , 
1/30/2020 10:54:29 PM, 3293, 9232.75, 1650.1, 327.68, 222.6, 163.93, 323.87, 172.78, 245.81, 98.02, 30.6, 63.9, 125, 64.56, 87.89, , , , , 
1/30/2020 10:54:32 PM, 3293, 9232.75, 1650.1, 327.68, 222.6, 163.93, 323.87, 172.78, 245.81, 98.02, 30.6, 63.9, 125, 64.56, 87.89, , , , , 
1/30/2020 10:54:35 PM, 3293, 9233, 1650.1, 327.68, 222.6, 163.93, 323.87, 172.78, 245.81, 98.02, 30.6, 63.9, 125, 64.56, 87.89, , , , , 
1/30/2020 10:54:38 PM, 3293, 9232.75, 1650.1, 327.68, 222.6, 163.93, 323.87, 172.78, 245.81, 98.02, 30.6, 63.9, 125, 64.56, 87.89, , , , , 
1/30/2020 10:54:41 PM, 3292.75, 9232.75, 1650.1, 327.68, 222.6, 163.93, 323.87, 172.78, 245.81, 98.02, 30.6, 63.9, 125, 64.56, 87.89, , , , , 
1/30/2020 10:54:44 PM, 3292.75, 9232.75, 1650.1, 327.68, 222.6, 163.93, 323.87, 172.78, 245.81, 98.02, 30.6, 63.9, 125, 64.56, 87.89, , , , , 
1/30/2020 10:54:47 PM, 3292.75, 9232.75, 1650.1, 327.68, 222.6, 163.93, 323.87, 172.78, 245.81, 98.02, 30.6, 63.9, 125, 64.56, 87.89, , , , , 
1/30/2020 10:54:50 PM, 3293, 9232.75, 1650.1, 327.68, 222.6, 163.93, 323.87, 172.78, 245.81, 98.02, 30.6, 63.9, 125, 64.56, 87.89, , , , , 
1/30/2020 10:54:53 PM, 3293, 9233, 1650.1, 327.68, 222.6, 163.93, 323.87, 172.78, 245.81, 98.02, 30.6, 63.9, 125, 64.56, 87.89, , , , , 
1/30/2020 10:54:57 PM, 3293, 9233.5, 1650.2, 327.68, 222.6, 163.93, 323.87, 172.78, 245.81, 98.02, 30.6, 63.9, 125, 64.56, 87.89, , , , , 
1/30/2020 10:55:00 PM, 3293, 9233.5, 1650.2, 327.68, 222.6, 163.93, 323.87, 172.78, 245.81, 98.02, 30.6, 63.9, 125, 64.56, 87.89, , , , , 
1/30/2020 10:55:03 PM, 3293, 9233.5, 1650.2, 327.68, 222.6, 163.93, 323.87, 172.78, 245.81, 98.02, 30.6, 63.9, 125, 64.56, 87.89, , , , , 
1/30/2020 10:55:06 PM, 3293, 9233.5, 1650.2, 327.68, 222.6, 163.93, 323.87, 172.78, 245.81, 98.02, 30.6, 63.9, 125, 64.56, 87.89, , , , , 
1/30/2020 10:55:09 PM, 3293, 9233.5, 1650.2, 327.68, 222.6, 163.93, 323.87, 172.78, 245.81, 98.02, 30.6, 63.9, 125, 64.56, 87.89, , , , , 
1/30/2020 10:55:12 PM, 3293.25, 9233.5, 1650.2, 327.68, 222.6, 163.93, 323.87, 172.78, 245.81, 98.02, 30.6, 63.9, 125, 64.56, 87.89, , , , , 
1/30/2020 10:55:15 PM, 3293.25, 9233.5, 1650.2, 327.68, 222.6, 163.93, 323.87, 172.78, 245.81, 98.02, 30.6, 63.9, 125, 64.56, 87.89, , , , , 
1/30/2020 10:55:18 PM, 3293.25, 9233.5, 1650.2, 327.68, 222.6, 163.93, 323.87, 172.78, 245.81, 98.02, 30.6, 63.9, 125, 64.56, 87.89, , , , , 
1/30/2020 10:55:21 PM, 3293.25, 9233.5, 1650.2, 327.68, 222.6, 163.93, 323.87, 172.78, 245.81, 98.02, 30.6, 63.9, 125, 64.56, 87.89, , , , , 
1/30/2020 10:55:24 PM, 3293.25, 9233.5, 1650.2, 327.68, 222.6, 163.93, 323.87, 172.78, 245.81, 98.02, 30.6, 63.9, 125, 64.56, 87.89, , , , , 
1/30/2020 10:55:27 PM, 3293, 9233.5, 1650.3, 327.68, 222.6, 163.93, 323.87, 172.78, 245.81, 98.02, 30.6, 63.9, 125, 64.56, 87.89, , , , , 
1/30/2020 10:55:30 PM, 3293, 9233, 1650.3, 327.68, 222.6, 163.93, 323.87, 172.78, 245.81, 98.02, 30.6, 63.9, 125, 64.56, 87.89, , , , , 
1/30/2020 10:55:34 PM, 3293, 9233.5, 1650.4, 327.68, 222.6, 163.93, 323.87, 172.78, 245.81, 98.02, 30.6, 63.9, 125, 64.56, 87.89, , , , , 
1/30/2020 10:55:37 PM, 3293, 9233.5, 1650.4, 327.68, 222.6, 163.93, 323.87, 172.78, 245.81, 98.02, 30.6, 63.9, 125, 64.56, 87.89, , , , , 
1/30/2020 10:55:40 PM, 3293, 9233.5, 1650.4, 327.68, 222.6, 163.93, 323.87, 172.78, 245.81, 98.02, 30.6, 63.9, 125, 64.56, 87.89, , , , , 
1/30/2020 10:55:43 PM, 3292.75, 9232.75, 1650.4, 327.68, 222.6, 163.93, 323.87, 172.78, 245.81, 98.02, 30.6, 63.9, 125, 64.56, 87.89, , , , , 
1/30/2020 10:55:46 PM, 3292.75, 9232.75, 1650.4, 327.68, 222.6, 163.93, 323.87, 172.78, 245.81, 98.02, 30.6, 63.9, 125, 64.56, 87.89, , , , , 
1/30/2020 10:55:49 PM, 3292.75, 9232.75, 1650.4, 327.68, 222.6, 163.93, 323.87, 172.78, 245.81, 98.02, 30.6, 63.9, 125, 64.56, 87.89, , , , , 
1/30/2020 10:55:52 PM, 3292.75, 9232.75, 1650.4, 327.68, 222.6, 163.93, 323.87, 172.78, 245.81, 98.02, 30.6, 63.9, 125, 64.56, 87.89, , , , , 
1/30/2020 10:55:55 PM, 3293, 9233, 1650.4, 327.68, 222.6, 163.93, 323.87, 172.78, 245.81, 98.02, 30.6, 63.9, 125, 64.56, 87.89, , , , , 
1/30/2020 10:55:58 PM, 3293, 9233, 1650.4, 327.68, 222.6, 163.93, 323.87, 172.78, 245.81, 98.02, 30.6, 63.9, 125, 64.56, 87.89, , , , , 
1/30/2020 10:56:01 PM, 3293, 9232.75, 1650.4, 327.68, 222.6, 163.93, 323.87, 172.78, 245.81, 98.02, 30.6, 63.9, 125, 64.56, 87.89, , , , , 
1/30/2020 10:56:04 PM, 3293, 9232.75, 1650.4, 327.68, 222.6, 163.93, 323.87, 172.78, 245.81, 98.02, 30.6, 63.9, 125, 64.56, 87.89, , , , , 
1/30/2020 10:56:07 PM, 3293, 9232.75, 1650.4, 327.68, 222.6, 163.93, 323.87, 172.78, 245.81, 98.02, 30.6, 63.9, 125, 64.56, 87.89, , , , , 
1/30/2020 10:56:10 PM, 3293, 9232.75, 1650.4, 327.68, 222.6, 163.93, 323.87, 172.78, 245.81, 98.02, 30.6, 63.9, 125, 64.56, 87.89, , , , , 
1/30/2020 10:56:14 PM, 3293, 9232.75, 1650.4, 327.68, 222.6, 163.93, 323.87, 172.78, 245.81, 98.02, 30.6, 63.9, 125, 64.56, 87.89, , , , , 
1/30/2020 10:56:17 PM, 3293, 9232.75, 1650.4, 327.68, 222.6, 163.93, 323.87, 172.78, 245.81, 98.02, 30.6, 63.9, 125, 64.56, 87.89, , , , , 
1/30/2020 10:56:20 PM, 3293, 9232.75, 1650.4, 327.68, 222.6, 163.93, 323.87, 172.78, 245.81, 98.02, 30.6, 63.9, 125, 64.56, 87.89, , , , , 
1/30/2020 10:56:23 PM, 3293, 9232.75, 1650.4, 327.68, 222.6, 163.93, 323.87, 172.78, 245.81, 98.02, 30.6, 63.9, 125, 64.56, 87.89, , , , , 
1/30/2020 10:56:26 PM, 3293, 9232.75, 1650.2, 327.68, 222.6, 163.93, 323.87, 172.78, 245.81, 98.02, 30.6, 63.9, 125, 64.56, 87.89, , , , , 
1/30/2020 10:56:29 PM, 3293, 9232.75, 1650.2, 327.68, 222.6, 163.93, 323.87, 172.78, 245.81, 98.02, 30.6, 63.9, 125, 64.56, 87.89, , , , , 
1/30/2020 10:56:32 PM, 3293, 9232.75, 1650.2, 327.68, 222.6, 163.93, 323.87, 172.78, 245.81, 98.02, 30.6, 63.9, 125, 64.56, 87.89, , , , , 
1/30/2020 10:56:35 PM, 3293, 9233.25, 1650.2, 327.68, 222.6, 163.93, 323.87, 172.78, 245.81, 98.02, 30.6, 63.9, 125, 64.56, 87.89, , , , , 
1/30/2020 10:56:38 PM, 3293, 9233.25, 1650.2, 327.68, 222.6, 163.93, 323.87, 172.78, 245.81, 98.02, 30.6, 63.9, 125, 64.56, 87.89, , , , , 
1/30/2020 10:56:41 PM, 3293, 9233.25, 1650.2, 327.68, 222.6, 163.93, 323.87, 172.78, 245.81, 98.02, 30.6, 63.9, 125, 64.56, 87.89, , , , , 
1/30/2020 10:56:44 PM, 3292.75, 9233, 1650.2, 327.68, 222.6, 163.93, 323.87, 172.78, 245.81, 98.02, 30.6, 63.9, 125, 64.56, 87.89, , , , , 
1/30/2020 10:56:47 PM, 3292.75, 9232.5, 1650.2, 327.68, 222.6, 163.93, 323.87, 172.78, 245.81, 98.02, 30.6, 63.9, 125, 64.56, 87.89, , , , , 
1/30/2020 10:56:51 PM, 3292.75, 9232.5, 1650.2, 327.68, 222.6, 163.93, 323.87, 172.78, 245.81, 98.02, 30.6, 63.9, 125, 64.56, 87.89, , , , , 
1/30/2020 10:56:54 PM, 3292.75, 9232.5, 1650.2, 327.68, 222.6, 163.93, 323.87, 172.78, 245.81, 98.02, 30.6, 63.9, 125, 64.56, 87.89, , , , , 
1/30/2020 10:56:57 PM, 3292.75, 9232.5, 1650.2, 327.68, 222.6, 163.93, 323.87, 172.78, 245.81, 98.02, 30.6, 63.9, 125, 64.56, 87.89, , , , , 
1/30/2020 10:57:00 PM, 3292.75, 9232.5, 1650.2, 327.68, 222.6, 163.93, 323.87, 172.78, 245.81, 98.02, 30.6, 63.9, 125, 64.56, 87.89, , , , , 
1/30/2020 10:57:03 PM, 3292.5, 9232.25, 1650.2, 327.68, 222.6, 163.93, 323.87, 172.78, 245.81, 98.02, 30.6, 63.9, 125, 64.56, 87.89, , , , , 
1/30/2020 10:57:06 PM, 3292.5, 9232.25, 1650.2, 327.68, 222.6, 163.93, 323.87, 172.78, 245.81, 98.02, 30.6, 63.9, 125, 64.56, 87.89, , , , , 
1/30/2020 10:57:09 PM, 3292.5, 9231.5, 1650.2, 327.68, 222.6, 163.93, 323.87, 172.78, 245.81, 98.02, 30.6, 63.9, 125, 64.56, 87.89, , , , , 
1/30/2020 10:57:12 PM, 3292.25, 9231.5, 1650.2, 327.68, 222.6, 163.93, 323.87, 172.78, 245.81, 98.02, 30.6, 63.9, 125, 64.56, 87.89, , , , , 
1/30/2020 10:57:15 PM, 3292.25, 9231.5, 1650.2, 327.68, 222.6, 163.93, 323.87, 172.78, 245.81, 98.02, 30.6, 63.9, 125, 64.56, 87.89, , , , , 
1/30/2020 10:57:18 PM, 3292.25, 9232, 1650.2, 327.68, 222.6, 163.93, 323.87, 172.78, 245.81, 98.02, 30.6, 63.9, 125, 64.56, 87.89, , , , , 
1/30/2020 10:57:21 PM, 3292.5, 9232, 1650.2, 327.68, 222.6, 163.93, 323.87, 172.78, 245.81, 98.02, 30.6, 63.9, 125, 64.56, 87.89, , , , , 
1/30/2020 10:57:25 PM, 3292.5, 9231.5, 1650.2, 327.68, 222.6, 163.93, 323.87, 172.78, 245.81, 98.02, 30.6, 63.9, 125, 64.56, 87.89, , , , , 
1/30/2020 10:57:28 PM, 3292.5, 9231.5, 1649.9, 327.68, 222.6, 163.93, 323.87, 172.78, 245.81, 98.02, 30.6, 63.9, 125, 64.56, 87.89, , , , , 
1/30/2020 10:57:31 PM, 3292.5, 9231, 1649.9, 327.68, 222.6, 163.93, 323.87, 172.78, 245.81, 98.02, 30.6, 63.9, 125, 64.56, 87.89, , , , , 
1/30/2020 10:57:34 PM, 3292.5, 9231.5, 1649.9, 327.68, 222.6, 163.93, 323.87, 172.78, 245.81, 98.02, 30.6, 63.9, 125, 64.56, 87.89, , , , , 
1/30/2020 10:57:37 PM, 3292.5, 9231, 1649.9, 327.68, 222.6, 163.93, 323.87, 172.78, 245.81, 98.02, 30.6, 63.9, 125, 64.56, 87.89, , , , , 
1/30/2020 10:57:40 PM, 3292.5, 9231, 1649.9, 327.68, 222.6, 163.93, 323.87, 172.78, 245.81, 98.02, 30.6, 63.9, 125, 64.56, 87.89, , , , , 
1/30/2020 10:57:43 PM, 3292.5, 9231.25, 1649.9, 327.68, 222.6, 163.93, 323.87, 172.78, 245.81, 98.02, 30.6, 63.9, 125, 64.56, 87.89, , , , , 
1/30/2020 10:57:46 PM, 3292.5, 9231.25, 1649.9, 327.68, 222.6, 163.93, 323.87, 172.78, 245.81, 98.02, 30.6, 63.9, 125, 64.56, 87.89, , , , , 
1/30/2020 10:57:49 PM, 3292.5, 9231.25, 1649.9, 327.68, 222.6, 163.93, 323.87, 172.78, 245.81, 98.02, 30.6, 63.9, 125, 64.56, 87.89, , , , , 
1/30/2020 10:57:52 PM, 3292.5, 9231.25, 1649.9, 327.68, 222.6, 163.93, 323.87, 172.78, 245.81, 98.02, 30.6, 63.9, 125, 64.56, 87.89, , , , , 
1/30/2020 10:57:55 PM, 3292.5, 9231.25, 1649.9, 327.68, 222.6, 163.93, 323.87, 172.78, 245.81, 98.02, 30.6, 63.9, 125, 64.56, 87.89, , , , , 
1/30/2020 10:57:58 PM, 3292.5, 9231.25, 1649.9, 327.68, 222.6, 163.93, 323.87, 172.78, 245.81, 98.02, 30.6, 63.9, 125, 64.56, 87.89, , , , , 
1/30/2020 10:58:02 PM, 3292.5, 9231.25, 1649.9, 327.68, 222.6, 163.93, 323.87, 172.78, 245.81, 98.02, 30.6, 63.9, 125, 64.56, 87.89, , , , , 
1/30/2020 10:58:05 PM, 3292.5, 9231.75, 1649.9, 327.68, 222.6, 163.93, 323.87, 172.78, 245.81, 98.02, 30.6, 63.9, 125, 64.56, 87.89, , , , , 
1/30/2020 10:58:08 PM, 3292.75, 9231.75, 1649.9, 327.68, 222.6, 163.93, 323.87, 172.78, 245.81, 98.02, 30.6, 63.9, 125, 64.56, 87.89, , , , , 
1/30/2020 10:58:11 PM, 3292.75, 9232, 1649.9, 327.68, 222.6, 163.93, 323.87, 172.78, 245.81, 98.02, 30.6, 63.9, 125, 64.56, 87.89, , , , , 
1/30/2020 10:58:14 PM, 3292.75, 9232, 1649.9, 327.68, 222.6, 163.93, 323.87, 172.78, 245.81, 98.02, 30.6, 63.9, 125, 64.56, 87.89, , , , , 
1/30/2020 10:58:17 PM, 3292.75, 9232, 1649.9, 327.68, 222.6, 163.93, 323.87, 172.78, 245.81, 98.02, 30.6, 63.9, 125, 64.56, 87.89, , , , , 
1/30/2020 10:58:20 PM, 3292.75, 9232, 1649.9, 327.68, 222.6, 163.93, 323.87, 172.78, 245.81, 98.02, 30.6, 63.9, 125, 64.56, 87.89, , , , , 
1/30/2020 10:58:23 PM, 3292.75, 9232, 1649.9, 327.68, 222.6, 163.93, 323.87, 172.78, 245.81, 98.02, 30.6, 63.9, 125, 64.56, 87.89, , , , , 
1/30/2020 10:58:26 PM, 3292.75, 9232, 1649.9, 327.68, 222.6, 163.93, 323.87, 172.78, 245.81, 98.02, 30.6, 63.9, 125, 64.56, 87.89, , , , , 
1/30/2020 10:58:29 PM, 3292.75, 9232, 1649.9, 327.68, 222.6, 163.93, 323.87, 172.78, 245.81, 98.02, 30.6, 63.9, 125, 64.56, 87.89, , , , , 
1/30/2020 10:58:32 PM, 3292.75, 9231.75, 1649.9, 327.68, 222.6, 163.93, 323.87, 172.78, 245.81, 98.02, 30.6, 63.9, 125, 64.56, 87.89, , , , , 
1/30/2020 10:58:35 PM, 3292.75, 9231.75, 1649.9, 327.68, 222.6, 163.93, 323.87, 172.78, 245.81, 98.02, 30.6, 63.9, 125, 64.56, 87.89, , , , , 
1/30/2020 10:58:39 PM, 3292.75, 9231.75, 1649.9, 327.68, 222.6, 163.93, 323.87, 172.78, 245.81, 98.02, 30.6, 63.9, 125, 64.56, 87.89, , , , , 
1/30/2020 10:58:42 PM, 3292.75, 9231.75, 1649.9, 327.68, 222.6, 163.93, 323.87, 172.78, 245.81, 98.02, 30.6, 63.9, 125, 64.56, 87.89, , , , , 
1/30/2020 10:58:45 PM, 3292.75, 9232, 1649.9, 327.68, 222.6, 163.93, 323.87, 172.78, 245.81, 98.02, 30.6, 63.9, 125, 64.56, 87.89, , , , , 
1/30/2020 10:58:48 PM, 3292.75, 9232, 1649.9, 327.68, 222.6, 163.93, 323.87, 172.78, 245.81, 98.02, 30.6, 63.9, 125, 64.56, 87.89, , , , , 
1/30/2020 10:58:51 PM, 3292.75, 9232.25, 1649.9, 327.68, 222.6, 163.93, 323.87, 172.78, 245.81, 98.02, 30.6, 63.9, 125, 64.56, 87.89, , , , , 
1/30/2020 10:58:54 PM, 3292.75, 9232.75, 1650.2, 327.68, 222.6, 163.93, 323.87, 172.78, 245.81, 98.02, 30.6, 63.9, 125, 64.56, 87.89, , , , , 
1/30/2020 10:58:57 PM, 3292.75, 9232.75, 1650.2, 327.68, 222.6, 163.93, 323.87, 172.78, 245.81, 98.02, 30.6, 63.9, 125, 64.56, 87.89, , , , , 
1/30/2020 10:59:00 PM, 3292.75, 9232.5, 1650.2, 327.68, 222.6, 163.93, 323.87, 172.78, 245.81, 98.02, 30.6, 63.9, 125, 64.56, 87.89, , , , , 
1/30/2020 10:59:03 PM, 3292.75, 9232.5, 1650.2, 327.68, 222.6, 163.93, 323.87, 172.78, 245.81, 98.02, 30.6, 63.9, 125, 64.56, 87.89, , , , , 
1/30/2020 10:59:06 PM, 3292.75, 9232.75, 1650.2, 327.68, 222.6, 163.93, 323.87, 172.78, 245.81, 98.02, 30.6, 63.9, 125, 64.56, 87.89, , , , , 
1/30/2020 10:59:09 PM, 3292.75, 9232.75, 1650.2, 327.68, 222.6, 163.93, 323.87, 172.78, 245.81, 98.02, 30.6, 63.9, 125, 64.56, 87.89, , , , , 
1/30/2020 10:59:12 PM, 3292.75, 9232.25, 1650.2, 327.68, 222.6, 163.93, 323.87, 172.78, 245.81, 98.02, 30.6, 63.9, 125, 64.56, 87.89, , , , , 
1/30/2020 10:59:16 PM, 3292.75, 9232.25, 1650.2, 327.68, 222.6, 163.93, 323.87, 172.78, 245.81, 98.02, 30.6, 63.9, 125, 64.56, 87.89, , , , , 
1/30/2020 10:59:19 PM, 3292.75, 9232.25, 1650.2, 327.68, 222.6, 163.93, 323.87, 172.78, 245.81, 98.02, 30.6, 63.9, 125, 64.56, 87.89, , , , , 
1/30/2020 10:59:22 PM, 3292.75, 9232.25, 1650.2, 327.68, 222.6, 163.93, 323.87, 172.78, 245.81, 98.02, 30.6, 63.9, 125, 64.56, 87.89, , , , , 
1/30/2020 10:59:25 PM, 3292.75, 9232.25, 1650.2, 327.68, 222.6, 163.93, 323.87, 172.78, 245.81, 98.02, 30.6, 63.9, 125, 64.56, 87.89, , , , , 
1/30/2020 10:59:28 PM, 3292.75, 9232.25, 1650.2, 327.68, 222.6, 163.93, 323.87, 172.78, 245.81, 98.02, 30.6, 63.9, 125, 64.56, 87.89, , , , , 
1/30/2020 10:59:31 PM, 3292.75, 9232.25, 1650.2, 327.68, 222.6, 163.93, 323.87, 172.78, 245.81, 98.02, 30.6, 63.9, 125, 64.56, 87.89, , , , , 
1/30/2020 10:59:34 PM, 3292.75, 9232.5, 1650.1, 327.68, 222.6, 163.93, 323.87, 172.78, 245.81, 98.02, 30.6, 63.9, 125, 64.56, 87.89, , , , , 
1/30/2020 10:59:37 PM, 3292.75, 9232.5, 1650.2, 327.68, 222.6, 163.93, 323.87, 172.78, 245.81, 98.02, 30.6, 63.9, 125, 64.56, 87.89, , , , , 
1/30/2020 10:59:40 PM, 3292.75, 9232.25, 1650.2, 327.68, 222.6, 163.93, 323.87, 172.78, 245.81, 98.02, 30.6, 63.9, 125, 64.56, 87.89, , , , , 
1/30/2020 10:59:43 PM, 3292.75, 9232.25, 1650.2, 327.68, 222.6, 163.93, 323.87, 172.78, 245.81, 98.02, 30.6, 63.9, 125, 64.56, 87.89, , , , , 
1/30/2020 10:59:47 PM, 3292.75, 9232, 1650.2, 327.68, 222.6, 163.93, 323.87, 172.78, 245.81, 98.02, 30.6, 63.9, 125, 64.56, 87.89, , , , , 
1/30/2020 10:59:50 PM, 3292.75, 9232, 1650.2, 327.68, 222.6, 163.93, 323.87, 172.78, 245.81, 98.02, 30.6, 63.9, 125, 64.56, 87.89, , , , , 
1/30/2020 10:59:53 PM, 3292.75, 9232, 1650.2, 327.68, 222.6, 163.93, 323.87, 172.78, 245.81, 98.02, 30.6, 63.9, 125, 64.56, 87.89, , , , , 
1/30/2020 10:59:56 PM, 3292.75, 9232, 1650.2, 327.68, 222.6, 163.93, 323.87, 172.78, 245.81, 98.02, 30.6, 63.9, 125, 64.56, 87.89, , , , , 
1/30/2020 10:59:59 PM, 3292.75, 9232, 1650.2, 327.68, 222.6, 163.93, 323.87, 172.78, 245.81, 98.02, 30.6, 63.9, 125, 64.56, 87.89, , , , , 
1/30/2020 11:00:02 PM, 3292.5, 9232, 1650.2, 327.68, 222.6, 163.93, 323.87, 172.78, 245.81, 98.02, 30.6, 63.9, 125, 64.56, 87.89, , , , , 
1/30/2020 11:00:05 PM, 3292.75, 9231.75, 1650.2, 327.68, 222.6, 163.93, 323.87, 172.78, 245.81, 98.02, 30.6, 63.9, 125, 64.56, 87.89, , , , , 
1/30/2020 11:00:08 PM, 3292.75, 9231.75, 1650.2, 327.68, 222.6, 163.93, 323.87, 172.78, 245.81, 98.02, 30.6, 63.9, 125, 64.56, 87.89, , , , , 
1/30/2020 11:00:11 PM, 3292.75, 9232.5, 1650.1, 327.68, 222.6, 163.93, 323.87, 172.78, 245.81, 98.02, 30.6, 63.9, 125, 64.56, 87.89, , , , , 
1/30/2020 11:00:14 PM, 3292.75, 9232, 1650.1, 327.68, 222.6, 163.93, 323.87, 172.78, 245.81, 98.02, 30.6, 63.9, 125, 64.56, 87.89, , , , , 
1/30/2020 11:00:17 PM, 3292.75, 9232, 1650.1, 327.68, 222.6, 163.93, 323.87, 172.78, 245.81, 98.02, 30.6, 63.9, 125, 64.56, 87.89, , , , , 
1/30/2020 11:00:20 PM, 3292.75, 9232.25, 1650.2, 327.68, 222.6, 163.93, 323.87, 172.78, 245.81, 98.02, 30.6, 63.9, 125, 64.56, 87.89, , , , , 
1/30/2020 11:00:24 PM, 3292.75, 9232.25, 1650.2, 327.68, 222.6, 163.93, 323.87, 172.78, 245.81, 98.02, 30.6, 63.9, 125, 64.56, 87.89, , , , , 
1/30/2020 11:00:27 PM, 3292.75, 9232.5, 1650.2, 327.68, 222.6, 163.93, 323.87, 172.78, 245.81, 98.02, 30.6, 63.9, 125, 64.56, 87.89, , , , , 
1/30/2020 11:00:30 PM, 3292.75, 9232.5, 1650.2, 327.68, 222.6, 163.93, 323.87, 172.78, 245.81, 98.02, 30.6, 63.9, 125, 64.56, 87.89, , , , , 
1/30/2020 11:00:33 PM, 3292.75, 9231.75, 1650.2, 327.68, 222.6, 163.93, 323.87, 172.78, 245.81, 98.02, 30.6, 63.9, 125, 64.56, 87.89, , , , , 
1/30/2020 11:00:36 PM, 3292.75, 9231.75, 1650.2, 327.68, 222.6, 163.93, 323.87, 172.78, 245.81, 98.02, 30.6, 63.9, 125, 64.56, 87.89, , , , , 
1/30/2020 11:00:39 PM, 3292.75, 9231.75, 1650.2, 327.68, 222.6, 163.93, 323.87, 172.78, 245.81, 98.02, 30.6, 63.9, 125, 64.56, 87.89, , , , , 
1/30/2020 11:00:42 PM, 3292.75, 9231.5, 1650.2, 327.68, 222.6, 163.93, 323.87, 172.78, 245.81, 98.02, 30.6, 63.9, 125, 64.56, 87.89, , , , , 
1/30/2020 11:00:45 PM, 3292.75, 9231.5, 1650.2, 327.68, 222.6, 163.93, 323.87, 172.78, 245.81, 98.02, 30.6, 63.9, 125, 64.56, 87.89, , , , , 
1/30/2020 11:00:48 PM, 3292.75, 9231.5, 1650.2, 327.68, 222.6, 163.93, 323.87, 172.78, 245.81, 98.02, 30.6, 63.9, 125, 64.56, 87.89, , , , , 
1/30/2020 11:00:51 PM, 3292.75, 9231.5, 1650.2, 327.68, 222.6, 163.93, 323.87, 172.78, 245.81, 98.02, 30.6, 63.9, 125, 64.56, 87.89, , , , , 
1/30/2020 11:00:54 PM, 3292.75, 9231.5, 1650.2, 327.68, 222.6, 163.93, 323.87, 172.78, 245.81, 98.02, 30.6, 63.9, 125, 64.56, 87.89, , , , , 
1/30/2020 11:00:57 PM, 3292.75, 9231.5, 1650.2, 327.68, 222.6, 163.93, 323.87, 172.78, 245.81, 98.02, 30.6, 63.9, 125, 64.56, 87.89, , , , , 
1/30/2020 11:01:01 PM, 3292.75, 9231.25, 1650.2, 327.68, 222.6, 163.93, 323.87, 172.78, 245.81, 98.02, 30.6, 63.9, 125, 64.56, 87.89, , , , , 
1/30/2020 11:01:04 PM, 3292.75, 9231.5, 1650.2, 327.68, 222.6, 163.93, 323.87, 172.78, 245.81, 98.02, 30.6, 63.9, 125, 64.56, 87.89, , , , , 
1/30/2020 11:01:07 PM, 3292.75, 9231.5, 1650.2, 327.68, 222.6, 163.93, 323.87, 172.78, 245.81, 98.02, 30.6, 63.9, 125, 64.56, 87.89, , , , , 
1/30/2020 11:01:10 PM, 3292.75, 9231.5, 1650.2, 327.68, 222.6, 163.93, 323.87, 172.78, 245.81, 98.02, 30.6, 63.9, 125, 64.56, 87.89, , , , , 
1/30/2020 11:01:13 PM, 3292.75, 9231.5, 1650.2, 327.68, 222.6, 163.93, 323.87, 172.78, 245.81, 98.02, 30.6, 63.9, 125, 64.56, 87.89, , , , , 
1/30/2020 11:01:16 PM, 3292.75, 9231.5, 1650.2, 327.68, 222.6, 163.93, 323.87, 172.78, 245.81, 98.02, 30.6, 63.9, 125, 64.56, 87.89, , , , , 
1/30/2020 11:01:19 PM, 3292.75, 9231.5, 1650.2, 327.68, 222.6, 163.93, 323.87, 172.78, 245.81, 98.02, 30.6, 63.9, 125, 64.56, 87.89, , , , , 
1/30/2020 11:01:22 PM, 3292.75, 9231.5, 1650.2, 327.68, 222.6, 163.93, 323.87, 172.78, 245.81, 98.02, 30.6, 63.9, 125, 64.56, 87.89, , , , , 
1/30/2020 11:01:25 PM, 3292.75, 9232, 1650.2, 327.68, 222.6, 163.93, 323.87, 172.78, 245.81, 98.02, 30.6, 63.9, 125, 64.56, 87.89, , , , , 
1/30/2020 11:01:28 PM, 3292.75, 9232, 1650.2, 327.68, 222.6, 163.93, 323.87, 172.78, 245.81, 98.02, 30.6, 63.9, 125, 64.56, 87.89, , , , , 
1/30/2020 11:01:31 PM, 3292.75, 9232.25, 1650.2, 327.68, 222.6, 163.93, 323.87, 172.78, 245.81, 98.02, 30.6, 63.9, 125, 64.56, 87.89, , , , , 
1/30/2020 11:01:34 PM, 3292.75, 9232.25, 1650.2, 327.68, 222.6, 163.93, 323.87, 172.78, 245.81, 98.02, 30.6, 63.9, 125, 64.56, 87.89, , , , , 
1/30/2020 11:01:37 PM, 3292.75, 9232.25, 1650.2, 327.68, 222.6, 163.93, 323.87, 172.78, 245.81, 98.02, 30.6, 63.9, 125, 64.56, 87.89, , , , , 
1/30/2020 11:01:41 PM, 3292.75, 9232, 1650.2, 327.68, 222.6, 163.93, 323.87, 172.78, 245.81, 98.02, 30.6, 63.9, 125, 64.56, 87.89, , , , , 
1/30/2020 11:01:44 PM, 3292.75, 9232, 1650.2, 327.68, 222.6, 163.93, 323.87, 172.78, 245.81, 98.02, 30.6, 63.9, 125, 64.56, 87.89, , , , , 
1/30/2020 11:01:47 PM, 3292.75, 9232, 1650.2, 327.68, 222.6, 163.93, 323.87, 172.78, 245.81, 98.02, 30.6, 63.9, 125, 64.56, 87.89, , , , , 
1/30/2020 11:01:50 PM, 3292.75, 9232, 1650.2, 327.68, 222.6, 163.93, 323.87, 172.78, 245.81, 98.02, 30.6, 63.9, 125, 64.56, 87.89, , , , , 
1/30/2020 11:01:53 PM, 3292.5, 9232, 1650.2, 327.68, 222.6, 163.93, 323.87, 172.78, 245.81, 98.02, 30.6, 63.9, 125, 64.56, 87.89, , , , , 
1/30/2020 11:01:56 PM, 3292.5, 9232, 1650.2, 327.68, 222.6, 163.93, 323.87, 172.78, 245.81, 98.02, 30.6, 63.9, 125, 64.56, 87.89, , , , , 
1/30/2020 11:01:59 PM, 3292.75, 9232, 1650.2, 327.68, 222.6, 163.93, 323.87, 172.78, 245.81, 98.02, 30.6, 63.9, 125, 64.56, 87.89, , , , , 
1/30/2020 11:02:02 PM, 3292.75, 9232, 1650.2, 327.68, 222.6, 163.93, 323.87, 172.78, 245.81, 98.02, 30.6, 63.9, 125, 64.56, 87.89, , , , , 
1/30/2020 11:02:05 PM, 3292, 9229.5, 1649.8, 327.68, 222.6, 163.93, 323.87, 172.78, 245.81, 98.02, 30.6, 63.9, 125, 64.56, 87.89, , , , , 
1/30/2020 11:02:08 PM, 3292, 9229.5, 1649.8, 327.68, 222.6, 163.93, 323.87, 172.78, 245.81, 98.02, 30.6, 63.9, 125, 64.56, 87.89, , , , , 
1/30/2020 11:02:11 PM, 3292, 9229.25, 1649.8, 327.68, 222.6, 163.93, 323.87, 172.78, 245.81, 98.02, 30.6, 63.9, 125, 64.56, 87.89, , , , , 
1/30/2020 11:02:15 PM, 3292, 9229.25, 1649.8, 327.68, 222.6, 163.93, 323.87, 172.78, 245.81, 98.02, 30.6, 63.9, 125, 64.56, 87.89, , , , , 
1/30/2020 11:02:18 PM, 3292, 9230.5, 1649.8, 327.68, 222.6, 163.93, 323.87, 172.78, 245.81, 98.02, 30.6, 63.9, 125, 64.56, 87.89, , , , , 
1/30/2020 11:02:21 PM, 3292.25, 9229.75, 1649.8, 327.68, 222.6, 163.93, 323.87, 172.78, 245.81, 98.02, 30.6, 63.9, 125, 64.56, 87.89, , , , , 
1/30/2020 11:02:24 PM, 3291.75, 9229, 1649.8, 327.68, 222.6, 163.93, 323.87, 172.78, 245.81, 98.02, 30.6, 63.9, 125, 64.56, 87.89, , , , , 
1/30/2020 11:02:27 PM, 3292, 9229, 1649.8, 327.68, 222.6, 163.93, 323.87, 172.78, 245.81, 98.02, 30.6, 63.9, 125, 64.56, 87.89, , , , , 
1/30/2020 11:02:30 PM, 3292, 9229, 1649.8, 327.68, 222.6, 163.93, 323.87, 172.78, 245.81, 98.02, 30.6, 63.9, 125, 64.56, 87.89, , , , , 
1/30/2020 11:02:33 PM, 3292, 9229, 1649.7, 327.68, 222.6, 163.93, 323.87, 172.78, 245.81, 98.02, 30.6, 63.9, 125, 64.56, 87.89, , , , , 
1/30/2020 11:02:36 PM, 3292, 9229, 1649.7, 327.68, 222.6, 163.93, 323.87, 172.78, 245.81, 98.02, 30.6, 63.9, 125, 64.56, 87.89, , , , , 
1/30/2020 11:02:39 PM, 3292, 9229.75, 1649.7, 327.68, 222.6, 163.93, 323.87, 172.78, 245.81, 98.02, 30.6, 63.9, 125, 64.56, 87.89, , , , , 
1/30/2020 11:02:42 PM, 3292, 9229.75, 1649.7, 327.68, 222.6, 163.93, 323.87, 172.78, 245.81, 98.02, 30.6, 63.9, 125, 64.56, 87.89, , , , , 
1/30/2020 11:02:45 PM, 3292, 9229.75, 1649.7, 327.68, 222.6, 163.93, 323.87, 172.78, 245.81, 98.02, 30.6, 63.9, 125, 64.56, 87.89, , , , , 
1/30/2020 11:02:49 PM, 3292, 9229.75, 1649.7, 327.68, 222.6, 163.93, 323.87, 172.78, 245.81, 98.02, 30.6, 63.9, 125, 64.56, 87.89, , , , , 
1/30/2020 11:02:52 PM, 3292, 9229.75, 1649.7, 327.68, 222.6, 163.93, 323.87, 172.78, 245.81, 98.02, 30.6, 63.9, 125, 64.56, 87.89, , , , , 
1/30/2020 11:02:55 PM, 3292, 9229, 1649.7, 327.68, 222.6, 163.93, 323.87, 172.78, 245.81, 98.02, 30.6, 63.9, 125, 64.56, 87.89, , , , , 
1/30/2020 11:02:58 PM, 3292, 9229, 1649.7, 327.68, 222.6, 163.93, 323.87, 172.78, 245.81, 98.02, 30.6, 63.9, 125, 64.56, 87.89, , , , , 
1/30/2020 11:03:01 PM, 3292, 9230, 1649.7, 327.68, 222.6, 163.93, 323.87, 172.78, 245.81, 98.02, 30.6, 63.9, 125, 64.56, 87.89, , , , , 
1/30/2020 11:03:04 PM, 3292, 9230, 1649.7, 327.68, 222.6, 163.93, 323.87, 172.78, 245.81, 98.02, 30.6, 63.9, 125, 64.56, 87.89, , , , , 
1/30/2020 11:03:07 PM, 3292, 9229.75, 1649.7, 327.68, 222.6, 163.93, 323.87, 172.78, 245.81, 98.02, 30.6, 63.9, 125, 64.56, 87.89, , , , , 
1/30/2020 11:03:10 PM, 3292, 9229.25, 1649.7, 327.68, 222.6, 163.93, 323.87, 172.78, 245.81, 98.02, 30.6, 63.9, 125, 64.56, 87.89, , , , , 
1/30/2020 11:03:13 PM, 3292, 9229.5, 1649.8, 327.68, 222.6, 163.93, 323.87, 172.78, 245.81, 98.02, 30.6, 63.9, 125, 64.56, 87.89, , , , , 
1/30/2020 11:03:16 PM, 3292, 9229.75, 1649.8, 327.68, 222.6, 163.93, 323.87, 172.78, 245.81, 98.02, 30.6, 63.9, 125, 64.56, 87.89, , , , , 
1/30/2020 11:03:20 PM, 3292, 9229.75, 1649.8, 327.68, 222.6, 163.93, 323.87, 172.78, 245.81, 98.02, 30.6, 63.9, 125, 64.56, 87.89, , , , , 
1/30/2020 11:03:23 PM, 3292, 9229.75, 1649.8, 327.68, 222.6, 163.93, 323.87, 172.78, 245.81, 98.02, 30.6, 63.9, 125, 64.56, 87.89, , , , , 
1/30/2020 11:03:26 PM, 3292, 9229.75, 1649.8, 327.68, 222.6, 163.93, 323.87, 172.78, 245.81, 98.02, 30.6, 63.9, 125, 64.56, 87.89, , , , , 
1/30/2020 11:03:29 PM, 3292, 9229.75, 1649.8, 327.68, 222.6, 163.93, 323.87, 172.78, 245.81, 98.02, 30.6, 63.9, 125, 64.56, 87.89, , , , , 
1/30/2020 11:03:32 PM, 3292, 9229.75, 1649.8, 327.68, 222.6, 163.93, 323.87, 172.78, 245.81, 98.02, 30.6, 63.9, 125, 64.56, 87.89, , , , , 
1/30/2020 11:03:35 PM, 3292.25, 9230, 1649.8, 327.68, 222.6, 163.93, 323.87, 172.78, 245.81, 98.02, 30.6, 63.9, 125, 64.56, 87.89, , , , , 
1/30/2020 11:03:38 PM, 3292.25, 9230, 1649.8, 327.68, 222.6, 163.93, 323.87, 172.78, 245.81, 98.02, 30.6, 63.9, 125, 64.56, 87.89, , , , , 
1/30/2020 11:03:41 PM, 3292.25, 9230, 1649.8, 327.68, 222.6, 163.93, 323.87, 172.78, 245.81, 98.02, 30.6, 63.9, 125, 64.56, 87.89, , , , , 
1/30/2020 11:03:44 PM, 3292.25, 9230, 1649.8, 327.68, 222.6, 163.93, 323.87, 172.78, 245.81, 98.02, 30.6, 63.9, 125, 64.56, 87.89, , , , , 
1/30/2020 11:03:47 PM, 3292.25, 9230, 1649.8, 327.68, 222.6, 163.93, 323.87, 172.78, 245.81, 98.02, 30.6, 63.9, 125, 64.56, 87.89, , , , , 
1/30/2020 11:03:50 PM, 3292.25, 9230, 1649.8, 327.68, 222.6, 163.93, 323.87, 172.78, 245.81, 98.02, 30.6, 63.9, 125, 64.56, 87.89, , , , , 
1/30/2020 11:03:53 PM, 3292.25, 9229.75, 1649.8, 327.68, 222.6, 163.93, 323.87, 172.78, 245.81, 98.02, 30.6, 63.9, 125, 64.56, 87.89, , , , , 
1/30/2020 11:03:56 PM, 3292.25, 9229.75, 1649.8, 327.68, 222.6, 163.93, 323.87, 172.78, 245.81, 98.02, 30.6, 63.9, 125, 64.56, 87.89, , , , , 
1/30/2020 11:04:00 PM, 3292.25, 9229.75, 1649.8, 327.68, 222.6, 163.93, 323.87, 172.78, 245.81, 98.02, 30.6, 63.9, 125, 64.56, 87.89, , , , , 
1/30/2020 11:04:03 PM, 3292.25, 9229.75, 1649.8, 327.68, 222.6, 163.93, 323.87, 172.78, 245.81, 98.02, 30.6, 63.9, 125, 64.56, 87.89, , , , , 
1/30/2020 11:04:06 PM, 3292.25, 9229.75, 1649.8, 327.68, 222.6, 163.93, 323.87, 172.78, 245.81, 98.02, 30.6, 63.9, 125, 64.56, 87.89, , , , , 
1/30/2020 11:04:09 PM, 3292.25, 9229.75, 1649.7, 327.68, 222.6, 163.93, 323.87, 172.78, 245.81, 98.02, 30.6, 63.9, 125, 64.56, 87.89, , , , , 
1/30/2020 11:04:12 PM, 3292.25, 9229.75, 1649.7, 327.68, 222.6, 163.93, 323.87, 172.78, 245.81, 98.02, 30.6, 63.9, 125, 64.56, 87.89, , , , , 
1/30/2020 11:04:15 PM, 3292, 9229.75, 1649.7, 327.68, 222.6, 163.93, 323.87, 172.78, 245.81, 98.02, 30.6, 63.9, 125, 64.56, 87.89, , , , , 
1/30/2020 11:04:18 PM, 3292, 9229.75, 1649.7, 327.68, 222.6, 163.93, 323.87, 172.78, 245.81, 98.02, 30.6, 63.9, 125, 64.56, 87.89, , , , , 
1/30/2020 11:04:21 PM, 3292, 9229.75, 1649.7, 327.68, 222.6, 163.93, 323.87, 172.78, 245.81, 98.02, 30.6, 63.9, 125, 64.56, 87.89, , , , , 
1/30/2020 11:04:24 PM, 3292, 9229.75, 1649.7, 327.68, 222.6, 163.93, 323.87, 172.78, 245.81, 98.02, 30.6, 63.9, 125, 64.56, 87.89, , , , , 
1/30/2020 11:04:27 PM, 3292, 9229.75, 1649.7, 327.68, 222.6, 163.93, 323.87, 172.78, 245.81, 98.02, 30.6, 63.9, 125, 64.56, 87.89, , , , , 
1/30/2020 11:04:30 PM, 3292, 9229.75, 1649.7, 327.68, 222.6, 163.93, 323.87, 172.78, 245.81, 98.02, 30.6, 63.9, 125, 64.56, 87.89, , , , , 
1/30/2020 11:04:34 PM, 3291.75, 9229, 1649.7, 327.68, 222.6, 163.93, 323.87, 172.78, 245.81, 98.02, 30.6, 63.9, 125, 64.56, 87.89, , , , , 
1/30/2020 11:04:37 PM, 3291.75, 9229, 1649.7, 327.68, 222.6, 163.93, 323.87, 172.78, 245.81, 98.02, 30.6, 63.9, 125, 64.56, 87.89, , , , , 
1/30/2020 11:04:40 PM, 3292, 9229, 1649.7, 327.68, 222.6, 163.93, 323.87, 172.78, 245.81, 98.02, 30.6, 63.9, 125, 64.56, 87.89, , , , , 
1/30/2020 11:04:43 PM, 3292, 9229.25, 1649.7, 327.68, 222.6, 163.93, 323.87, 172.78, 245.81, 98.02, 30.6, 63.9, 125, 64.56, 87.89, , , , , 
1/30/2020 11:04:46 PM, 3292, 9229.5, 1649.7, 327.68, 222.6, 163.93, 323.87, 172.78, 245.81, 98.02, 30.6, 63.9, 125, 64.56, 87.89, , , , , 
1/30/2020 11:04:49 PM, 3292, 9229.5, 1649.7, 327.68, 222.6, 163.93, 323.87, 172.78, 245.81, 98.02, 30.6, 63.9, 125, 64.56, 87.89, , , , , 
1/30/2020 11:04:52 PM, 3292, 9229.25, 1649.7, 327.68, 222.6, 163.93, 323.87, 172.78, 245.81, 98.02, 30.6, 63.9, 125, 64.56, 87.89, , , , , 
1/30/2020 11:04:55 PM, 3292, 9229.5, 1649.7, 327.68, 222.6, 163.93, 323.87, 172.78, 245.81, 98.02, 30.6, 63.9, 125, 64.56, 87.89, , , , , 
1/30/2020 11:04:58 PM, 3292, 9229.5, 1649.7, 327.68, 222.6, 163.93, 323.87, 172.78, 245.81, 98.02, 30.6, 63.9, 125, 64.56, 87.89, , , , , 
1/30/2020 11:05:01 PM, 3292, 9229.5, 1649.7, 327.68, 222.6, 163.93, 323.87, 172.78, 245.81, 98.02, 30.6, 63.9, 125, 64.56, 87.89, , , , , 
1/30/2020 11:05:04 PM, 3292, 9229.5, 1649.7, 327.68, 222.6, 163.93, 323.87, 172.78, 245.81, 98.02, 30.6, 63.9, 125, 64.56, 87.89, , , , , 
1/30/2020 11:05:07 PM, 3292, 9229.5, 1649.7, 327.68, 222.6, 163.93, 323.87, 172.78, 245.81, 98.02, 30.6, 63.9, 125, 64.56, 87.89, , , , , 
1/30/2020 11:05:10 PM, 3292, 9229.25, 1649.7, 327.68, 222.6, 163.93, 323.87, 172.78, 245.81, 98.02, 30.6, 63.9, 125, 64.56, 87.89, , , , , 
1/30/2020 11:05:13 PM, 3291.75, 9229.5, 1649.7, 327.68, 222.6, 163.93, 323.87, 172.78, 245.81, 98.02, 30.6, 63.9, 125, 64.56, 87.89, , , , , 
1/30/2020 11:05:16 PM, 3291.75, 9229, 1649.7, 327.68, 222.6, 163.93, 323.87, 172.78, 245.81, 98.02, 30.6, 63.9, 125, 64.56, 87.89, , , , , 
1/30/2020 11:05:19 PM, 3291.75, 9229.5, 1649.8, 327.68, 222.6, 163.93, 323.87, 172.78, 245.81, 98.02, 30.6, 63.9, 125, 64.56, 87.89, , , , , 
1/30/2020 11:05:22 PM, 3292, 9229.5, 1649.8, 327.68, 222.6, 163.93, 323.87, 172.78, 245.81, 98.02, 30.6, 63.9, 125, 64.56, 87.89, , , , , 
1/30/2020 11:05:25 PM, 3291.75, 9229.5, 1649.8, 327.68, 222.6, 163.93, 323.87, 172.78, 245.81, 98.02, 30.6, 63.9, 125, 64.56, 87.89, , , , , 
1/30/2020 11:05:28 PM, 3291.75, 9229.5, 1649.7, 327.68, 222.6, 163.93, 323.87, 172.78, 245.81, 98.02, 30.6, 63.9, 125, 64.56, 87.89, , , , , 
1/30/2020 11:05:31 PM, 3291.75, 9229.5, 1649.7, 327.68, 222.6, 163.93, 323.87, 172.78, 245.81, 98.02, 30.6, 63.9, 125, 64.56, 87.89, , , , , 
1/30/2020 11:05:35 PM, 3292, 9229.5, 1649.7, 327.68, 222.6, 163.93, 323.87, 172.78, 245.81, 98.02, 30.6, 63.9, 125, 64.56, 87.89, , , , , 
1/30/2020 11:05:38 PM, 3292, 9229.5, 1649.7, 327.68, 222.6, 163.93, 323.87, 172.78, 245.81, 98.02, 30.6, 63.9, 125, 64.56, 87.89, , , , , 
1/30/2020 11:05:41 PM, 3292, 9229.5, 1649.7, 327.68, 222.6, 163.93, 323.87, 172.78, 245.81, 98.02, 30.6, 63.9, 125, 64.56, 87.89, , , , , 
1/30/2020 11:05:44 PM, 3292, 9229.5, 1649.7, 327.68, 222.6, 163.93, 323.87, 172.78, 245.81, 98.02, 30.6, 63.9, 125, 64.56, 87.89, , , , , 
1/30/2020 11:05:47 PM, 3292, 9229.5, 1649.7, 327.68, 222.6, 163.93, 323.87, 172.78, 245.81, 98.02, 30.6, 63.9, 125, 64.56, 87.89, , , , , 
1/30/2020 11:05:50 PM, 3292, 9229.5, 1649.7, 327.68, 222.6, 163.93, 323.87, 172.78, 245.81, 98.02, 30.6, 63.9, 125, 64.56, 87.89, , , , , 
1/30/2020 11:05:53 PM, 3292, 9229.5, 1649.7, 327.68, 222.6, 163.93, 323.87, 172.78, 245.81, 98.02, 30.6, 63.9, 125, 64.56, 87.89, , , , , 
1/30/2020 11:05:56 PM, 3292, 9229.5, 1649.7, 327.68, 222.6, 163.93, 323.87, 172.78, 245.81, 98.02, 30.6, 63.9, 125, 64.56, 87.89, , , , , 
1/30/2020 11:05:59 PM, 3292, 9229.5, 1649.7, 327.68, 222.6, 163.93, 323.87, 172.78, 245.81, 98.02, 30.6, 63.9, 125, 64.56, 87.89, , , , , 
1/30/2020 11:06:02 PM, 3292, 9229.5, 1649.7, 327.68, 222.6, 163.93, 323.87, 172.78, 245.81, 98.02, 30.6, 63.9, 125, 64.56, 87.89, , , , , 
1/30/2020 11:06:05 PM, 3292, 9229, 1649.7, 327.68, 222.6, 163.93, 323.87, 172.78, 245.81, 98.02, 30.6, 63.9, 125, 64.56, 87.89, , , , , 
1/30/2020 11:06:08 PM, 3292, 9229, 1649.7, 327.68, 222.6, 163.93, 323.87, 172.78, 245.81, 98.02, 30.6, 63.9, 125, 64.56, 87.89, , , , , 
1/30/2020 11:06:11 PM, 3292, 9229, 1649.7, 327.68, 222.6, 163.93, 323.87, 172.78, 245.81, 98.02, 30.6, 63.9, 125, 64.56, 87.89, , , , , 
1/30/2020 11:06:14 PM, 3292, 9229, 1649.7, 327.68, 222.6, 163.93, 323.87, 172.78, 245.81, 98.02, 30.6, 63.9, 125, 64.56, 87.89, , , , , 
1/30/2020 11:06:17 PM, 3292, 9229, 1649.7, 327.68, 222.6, 163.93, 323.87, 172.78, 245.81, 98.02, 30.6, 63.9, 125, 64.56, 87.89, , , , , 
1/30/2020 11:06:20 PM, 3292, 9229, 1649.7, 327.68, 222.6, 163.93, 323.87, 172.78, 245.81, 98.02, 30.6, 63.9, 125, 64.56, 87.89, , , , , 
1/30/2020 11:06:23 PM, 3292, 9229, 1649.7, 327.68, 222.6, 163.93, 323.87, 172.78, 245.81, 98.02, 30.6, 63.9, 125, 64.56, 87.89, , , , , 
1/30/2020 11:06:26 PM, 3292, 9229, 1649.7, 327.68, 222.6, 163.93, 323.87, 172.78, 245.81, 98.02, 30.6, 63.9, 125, 64.56, 87.89, , , , , 
1/30/2020 11:06:29 PM, 3292, 9229, 1649.7, 327.68, 222.6, 163.93, 323.87, 172.78, 245.81, 98.02, 30.6, 63.9, 125, 64.56, 87.89, , , , , 
1/30/2020 11:06:32 PM, 3292, 9229.5, 1649.7, 327.68, 222.6, 163.93, 323.87, 172.78, 245.81, 98.02, 30.6, 63.9, 125, 64.56, 87.89, , , , , 
1/30/2020 11:06:35 PM, 3292, 9229.5, 1649.8, 327.68, 222.6, 163.93, 323.87, 172.78, 245.81, 98.02, 30.6, 63.9, 125, 64.56, 87.89, , , , , 
1/30/2020 11:06:38 PM, 3292, 9229.5, 1649.8, 327.68, 222.6, 163.93, 323.87, 172.78, 245.81, 98.02, 30.6, 63.9, 125, 64.56, 87.89, , , , , 
1/30/2020 11:06:41 PM, 3292, 9230, 1649.8, 327.68, 222.6, 163.93, 323.87, 172.78, 245.81, 98.02, 30.6, 63.9, 125, 64.56, 87.89, , , , , 
1/30/2020 11:06:44 PM, 3292, 9230, 1649.8, 327.68, 222.6, 163.93, 323.87, 172.78, 245.81, 98.02, 30.6, 63.9, 125, 64.56, 87.89, , , , , 
1/30/2020 11:06:47 PM, 3292, 9230.25, 1649.8, 327.68, 222.6, 163.93, 323.87, 172.78, 245.81, 98.02, 30.6, 63.9, 125, 64.56, 87.89, , , , , 
1/30/2020 11:06:50 PM, 3292, 9230.25, 1649.8, 327.68, 222.6, 163.93, 323.87, 172.78, 245.81, 98.02, 30.6, 63.9, 125, 64.56, 87.89, , , , , 
1/30/2020 11:06:53 PM, 3292, 9230.25, 1649.8, 327.68, 222.6, 163.93, 323.87, 172.78, 245.81, 98.02, 30.6, 63.9, 125, 64.56, 87.89, , , , , 
1/30/2020 11:06:56 PM, 3292, 9230.25, 1649.8, 327.68, 222.6, 163.93, 323.87, 172.78, 245.81, 98.02, 30.6, 63.9, 125, 64.56, 87.89, , , , , 
1/30/2020 11:06:59 PM, 3292, 9230.25, 1649.8, 327.68, 222.6, 163.93, 323.87, 172.78, 245.81, 98.02, 30.6, 63.9, 125, 64.56, 87.89, , , , , 
1/30/2020 11:07:02 PM, 3292, 9230.25, 1649.8, 327.68, 222.6, 163.93, 323.87, 172.78, 245.81, 98.02, 30.6, 63.9, 125, 64.56, 87.89, , , , , 
1/30/2020 11:07:05 PM, 3292, 9230, 1649.8, 327.68, 222.6, 163.93, 323.87, 172.78, 245.81, 98.02, 30.6, 63.9, 125, 64.56, 87.89, , , , , 
1/30/2020 11:07:08 PM, 3292, 9230, 1649.8, 327.68, 222.6, 163.93, 323.87, 172.78, 245.81, 98.02, 30.6, 63.9, 125, 64.56, 87.89, , , , , 
1/30/2020 11:07:11 PM, 3292, 9230, 1649.8, 327.68, 222.6, 163.93, 323.87, 172.78, 245.81, 98.02, 30.6, 63.9, 125, 64.56, 87.89, , , , , 
1/30/2020 11:07:14 PM, 3292, 9229.5, 1649.8, 327.68, 222.6, 163.93, 323.87, 172.78, 245.81, 98.02, 30.6, 63.9, 125, 64.56, 87.89, , , , , 
1/30/2020 11:07:17 PM, 3292, 9229.5, 1649.8, 327.68, 222.6, 163.93, 323.87, 172.78, 245.81, 98.02, 30.6, 63.9, 125, 64.56, 87.89, , , , , 
1/30/2020 11:07:20 PM, 3292, 9230, 1649.8, 327.68, 222.6, 163.93, 323.87, 172.78, 245.81, 98.02, 30.6, 63.9, 125, 64.56, 87.89, , , , , 
1/30/2020 11:07:23 PM, 3292.25, 9230, 1649.8, 327.68, 222.6, 163.93, 323.87, 172.78, 245.81, 98.02, 30.6, 63.9, 125, 64.56, 87.89, , , , , 
1/30/2020 11:07:27 PM, 3292.25, 9230, 1649.8, 327.68, 222.6, 163.93, 323.87, 172.78, 245.81, 98.02, 30.6, 63.9, 125, 64.56, 87.89, , , , , 
1/30/2020 11:07:30 PM, 3292.25, 9230, 1649.8, 327.68, 222.6, 163.93, 323.87, 172.78, 245.81, 98.02, 30.6, 63.9, 125, 64.56, 87.89, , , , , 
1/30/2020 11:07:33 PM, 3292, 9229.75, 1649.8, 327.68, 222.6, 163.93, 323.87, 172.78, 245.81, 98.02, 30.6, 63.9, 125, 64.56, 87.89, , , , , 
1/30/2020 11:07:36 PM, 3292, 9229.75, 1649.8, 327.68, 222.6, 163.93, 323.87, 172.78, 245.81, 98.02, 30.6, 63.9, 125, 64.56, 87.89, , , , , 
1/30/2020 11:07:39 PM, 3292.25, 9230, 1649.9, 327.68, 222.6, 163.93, 323.87, 172.78, 245.81, 98.02, 30.6, 63.9, 125, 64.56, 87.89, , , , , 
1/30/2020 11:07:42 PM, 3292.25, 9230, 1649.9, 327.68, 222.6, 163.93, 323.87, 172.78, 245.81, 98.02, 30.6, 63.9, 125, 64.56, 87.89, , , , , 
1/30/2020 11:07:45 PM, 3292.25, 9230, 1649.9, 327.68, 222.6, 163.93, 323.87, 172.78, 245.81, 98.02, 30.6, 63.9, 125, 64.56, 87.89, , , , , 
1/30/2020 11:07:48 PM, 3292.25, 9230, 1649.9, 327.68, 222.6, 163.93, 323.87, 172.78, 245.81, 98.02, 30.6, 63.9, 125, 64.56, 87.89, , , , , 
1/30/2020 11:07:51 PM, 3292.25, 9230, 1649.9, 327.68, 222.6, 163.93, 323.87, 172.78, 245.81, 98.02, 30.6, 63.9, 125, 64.56, 87.89, , , , , 
1/30/2020 11:07:54 PM, 3292.25, 9230, 1649.9, 327.68, 222.6, 163.93, 323.87, 172.78, 245.81, 98.02, 30.6, 63.9, 125, 64.56, 87.89, , , , , 
1/30/2020 11:07:57 PM, 3292.25, 9230, 1649.9, 327.68, 222.6, 163.93, 323.87, 172.78, 245.81, 98.02, 30.6, 63.9, 125, 64.56, 87.89, , , , , 
1/30/2020 11:08:00 PM, 3292.25, 9230.5, 1649.9, 327.68, 222.6, 163.93, 323.87, 172.78, 245.81, 98.02, 30.6, 63.9, 125, 64.56, 87.89, , , , , 
1/30/2020 11:08:03 PM, 3292.25, 9230.5, 1649.9, 327.68, 222.6, 163.93, 323.87, 172.78, 245.81, 98.02, 30.6, 63.9, 125, 64.56, 87.89, , , , , 
1/30/2020 11:08:06 PM, 3292.25, 9231, 1649.9, 327.68, 222.6, 163.93, 323.87, 172.78, 245.81, 98.02, 30.6, 63.9, 125, 64.56, 87.89, , , , , 
1/30/2020 11:08:09 PM, 3292.25, 9230.75, 1649.9, 327.68, 222.6, 163.93, 323.87, 172.78, 245.81, 98.02, 30.6, 63.9, 125, 64.56, 87.89, , , , , 
1/30/2020 11:08:12 PM, 3292.25, 9230.75, 1649.9, 327.68, 222.6, 163.93, 323.87, 172.78, 245.81, 98.02, 30.6, 63.9, 125, 64.56, 87.89, , , , , 
1/30/2020 11:08:15 PM, 3292.25, 9230.5, 1649.9, 327.68, 222.6, 163.93, 323.87, 172.78, 245.81, 98.02, 30.6, 63.9, 125, 64.56, 87.89, , , , , 
1/30/2020 11:08:18 PM, 3292.25, 9230.5, 1649.9, 327.68, 222.6, 163.93, 323.87, 172.78, 245.81, 98.02, 30.6, 63.9, 125, 64.56, 87.89, , , , , 
1/30/2020 11:08:21 PM, 3292.25, 9230.5, 1649.9, 327.68, 222.6, 163.93, 323.87, 172.78, 245.81, 98.02, 30.6, 63.9, 125, 64.56, 87.89, , , , , 
1/30/2020 11:08:24 PM, 3292.25, 9230.5, 1649.9, 327.68, 222.6, 163.93, 323.87, 172.78, 245.81, 98.02, 30.6, 63.9, 125, 64.56, 87.89, , , , , 
1/30/2020 11:08:27 PM, 3292.25, 9230.5, 1649.9, 327.68, 222.6, 163.93, 323.87, 172.78, 245.81, 98.02, 30.6, 63.9, 125, 64.56, 87.89, , , , , 
1/30/2020 11:08:30 PM, 3292.25, 9230.5, 1649.9, 327.68, 222.6, 163.93, 323.87, 172.78, 245.81, 98.02, 30.6, 63.9, 125, 64.56, 87.89, , , , , 
1/30/2020 11:08:33 PM, 3292.25, 9230.5, 1649.9, 327.68, 222.6, 163.93, 323.87, 172.78, 245.81, 98.02, 30.6, 63.9, 125, 64.56, 87.89, , , , , 
1/30/2020 11:08:36 PM, 3292.25, 9230.5, 1649.9, 327.68, 222.6, 163.93, 323.87, 172.78, 245.81, 98.02, 30.6, 63.9, 125, 64.56, 87.89, , , , , 
1/30/2020 11:08:39 PM, 3292.25, 9230.5, 1649.9, 327.68, 222.6, 163.93, 323.87, 172.78, 245.81, 98.02, 30.6, 63.9, 125, 64.56, 87.89, , , , , 
1/30/2020 11:08:42 PM, 3292.25, 9230.5, 1649.9, 327.68, 222.6, 163.93, 323.87, 172.78, 245.81, 98.02, 30.6, 63.9, 125, 64.56, 87.89, , , , , 
1/30/2020 11:08:45 PM, 3292.5, 9231, 1649.9, 327.68, 222.6, 163.93, 323.87, 172.78, 245.81, 98.02, 30.6, 63.9, 125, 64.56, 87.89, , , , , 
1/30/2020 11:08:48 PM, 3292.5, 9231, 1649.9, 327.68, 222.6, 163.93, 323.87, 172.78, 245.81, 98.02, 30.6, 63.9, 125, 64.56, 87.89, , , , , 
1/30/2020 11:08:51 PM, 3292.5, 9231, 1649.9, 327.68, 222.6, 163.93, 323.87, 172.78, 245.81, 98.02, 30.6, 63.9, 125, 64.56, 87.89, , , , , 
1/30/2020 11:08:54 PM, 3292.5, 9231, 1649.9, 327.68, 222.6, 163.93, 323.87, 172.78, 245.81, 98.02, 30.6, 63.9, 125, 64.56, 87.89, , , , , 
1/30/2020 11:08:57 PM, 3292.5, 9231.25, 1649.9, 327.68, 222.6, 163.93, 323.87, 172.78, 245.81, 98.02, 30.6, 63.9, 125, 64.56, 87.89, , , , , 
1/30/2020 11:09:00 PM, 3292.5, 9231.25, 1649.9, 327.68, 222.6, 163.93, 323.87, 172.78, 245.81, 98.02, 30.6, 63.9, 125, 64.56, 87.89, , , , , 
1/30/2020 11:09:03 PM, 3292.5, 9231.25, 1649.9, 327.68, 222.6, 163.93, 323.87, 172.78, 245.81, 98.02, 30.6, 63.9, 125, 64.56, 87.89, , , , , 
1/30/2020 11:09:06 PM, 3292.5, 9231.25, 1649.9, 327.68, 222.6, 163.93, 323.87, 172.78, 245.81, 98.02, 30.6, 63.9, 125, 64.56, 87.89, , , , , 
1/30/2020 11:09:10 PM, 3292.5, 9231.25, 1649.9, 327.68, 222.6, 163.93, 323.87, 172.78, 245.81, 98.02, 30.6, 63.9, 125, 64.56, 87.89, , , , , 
1/30/2020 11:09:13 PM, 3292.5, 9231.25, 1649.9, 327.68, 222.6, 163.93, 323.87, 172.78, 245.81, 98.02, 30.6, 63.9, 125, 64.56, 87.89, , , , , 
1/30/2020 11:09:16 PM, 3292.75, 9231.25, 1649.9, 327.68, 222.6, 163.93, 323.87, 172.78, 245.81, 98.02, 30.6, 63.9, 125, 64.56, 87.89, , , , , 
1/30/2020 11:09:19 PM, 3292.75, 9231.25, 1649.9, 327.68, 222.6, 163.93, 323.87, 172.78, 245.81, 98.02, 30.6, 63.9, 125, 64.56, 87.89, , , , , 
1/30/2020 11:09:22 PM, 3292.75, 9231, 1649.9, 327.68, 222.6, 163.93, 323.87, 172.78, 245.81, 98.02, 30.6, 63.9, 125, 64.56, 87.89, , , , , 
1/30/2020 11:09:25 PM, 3292.5, 9231.25, 1649.9, 327.68, 222.6, 163.93, 323.87, 172.78, 245.81, 98.02, 30.6, 63.9, 125, 64.56, 87.89, , , , , 
1/30/2020 11:09:28 PM, 3292.5, 9229.75, 1650, 327.68, 222.6, 163.93, 323.87, 172.78, 245.81, 98.02, 30.6, 63.9, 125, 64.56, 87.89, , , , , 
1/30/2020 11:09:31 PM, 3292.5, 9230.5, 1650, 327.68, 222.6, 163.93, 323.87, 172.78, 245.81, 98.02, 30.6, 63.9, 125, 64.56, 87.89, , , , , 
1/30/2020 11:09:34 PM, 3292.5, 9231, 1650, 327.68, 222.6, 163.93, 323.87, 172.78, 245.81, 98.02, 30.6, 63.9, 125, 64.56, 87.89, , , , , 
1/30/2020 11:09:37 PM, 3292.5, 9231, 1650, 327.68, 222.6, 163.93, 323.87, 172.78, 245.81, 98.02, 30.6, 63.9, 125, 64.56, 87.89, , , , , 
1/30/2020 11:09:40 PM, 3292.5, 9230.75, 1650, 327.68, 222.6, 163.93, 323.87, 172.78, 245.81, 98.02, 30.6, 63.9, 125, 64.56, 87.89, , , , , 
1/30/2020 11:09:43 PM, 3292.5, 9230.75, 1650, 327.68, 222.6, 163.93, 323.87, 172.78, 245.81, 98.02, 30.6, 63.9, 125, 64.56, 87.89, , , , , 
1/30/2020 11:09:46 PM, 3292.5, 9230.75, 1650, 327.68, 222.6, 163.93, 323.87, 172.78, 245.81, 98.02, 30.6, 63.9, 125, 64.56, 87.89, , , , , 
1/30/2020 11:09:49 PM, 3292.5, 9230.75, 1650, 327.68, 222.6, 163.93, 323.87, 172.78, 245.81, 98.02, 30.6, 63.9, 125, 64.56, 87.89, , , , , 
1/30/2020 11:09:52 PM, 3292.5, 9230.75, 1650, 327.68, 222.6, 163.93, 323.87, 172.78, 245.81, 98.02, 30.6, 63.9, 125, 64.56, 87.89, , , , , 
1/30/2020 11:09:55 PM, 3292.5, 9231, 1650, 327.68, 222.6, 163.93, 323.87, 172.78, 245.81, 98.02, 30.6, 63.9, 125, 64.56, 87.89, , , , , 
1/30/2020 11:09:58 PM, 3292.5, 9231, 1650, 327.68, 222.6, 163.93, 323.87, 172.78, 245.81, 98.02, 30.6, 63.9, 125, 64.56, 87.89, , , , , 
1/30/2020 11:10:01 PM, 3292.5, 9231, 1650, 327.68, 222.6, 163.93, 323.87, 172.78, 245.81, 98.02, 30.6, 63.9, 125, 64.56, 87.89, , , , , 
1/30/2020 11:10:04 PM, 3292.5, 9230.75, 1650, 327.68, 222.6, 163.93, 323.87, 172.78, 245.81, 98.02, 30.6, 63.9, 125, 64.56, 87.89, , , , , 
1/30/2020 11:10:07 PM, 3292.5, 9230.75, 1650, 327.68, 222.6, 163.93, 323.87, 172.78, 245.81, 98.02, 30.6, 63.9, 125, 64.56, 87.89, , , , , 
1/30/2020 11:10:10 PM, 3292.5, 9230, 1650, 327.68, 222.6, 163.93, 323.87, 172.78, 245.81, 98.02, 30.6, 63.9, 125, 64.56, 87.89, , , , , 
1/30/2020 11:10:13 PM, 3292.5, 9230, 1650, 327.68, 222.6, 163.93, 323.87, 172.78, 245.81, 98.02, 30.6, 63.9, 125, 64.56, 87.89, , , , , 
1/30/2020 11:10:16 PM, 3292.5, 9230, 1650, 327.68, 222.6, 163.93, 323.87, 172.78, 245.81, 98.02, 30.6, 63.9, 125, 64.56, 87.89, , , , , 
1/30/2020 11:10:19 PM, 3292.25, 9230, 1649.9, 327.68, 222.6, 163.93, 323.87, 172.78, 245.81, 98.02, 30.6, 63.9, 125, 64.56, 87.89, , , , , 
1/30/2020 11:10:22 PM, 3292.25, 9229.5, 1649.9, 327.68, 222.6, 163.93, 323.87, 172.78, 245.81, 98.02, 30.6, 63.9, 125, 64.56, 87.89, , , , , 
1/30/2020 11:10:25 PM, 3292, 9229, 1649.9, 327.68, 222.6, 163.93, 323.87, 172.78, 245.81, 98.02, 30.6, 63.9, 125, 64.56, 87.89, , , , , 
1/30/2020 11:10:28 PM, 3291.75, 9228.5, 1649.6, 327.68, 222.6, 163.93, 323.87, 172.78, 245.81, 98.02, 30.6, 63.9, 125, 64.56, 87.89, , , , , 
1/30/2020 11:10:31 PM, 3291.75, 9229, 1649.6, 327.68, 222.6, 163.93, 323.87, 172.78, 245.81, 98.02, 30.6, 63.9, 125, 64.56, 87.89, , , , , 
1/30/2020 11:10:34 PM, 3291.75, 9229, 1649.6, 327.68, 222.6, 163.93, 323.87, 172.78, 245.81, 98.02, 30.6, 63.9, 125, 64.56, 87.89, , , , , 
1/30/2020 11:10:37 PM, 3292, 9229, 1649.6, 327.68, 222.6, 163.93, 323.87, 172.78, 245.81, 98.02, 30.6, 63.9, 125, 64.56, 87.89, , , , , 
1/30/2020 11:10:40 PM, 3292, 9229, 1649.6, 327.68, 222.6, 163.93, 323.87, 172.78, 245.81, 98.02, 30.6, 63.9, 125, 64.56, 87.89, , , , , 
1/30/2020 11:10:43 PM, 3292, 9229, 1649.6, 327.68, 222.6, 163.93, 323.87, 172.78, 245.81, 98.02, 30.6, 63.9, 125, 64.56, 87.89, , , , , 
1/30/2020 11:10:46 PM, 3291.75, 9229.25, 1649.6, 327.68, 222.6, 163.93, 323.87, 172.78, 245.81, 98.02, 30.6, 63.9, 125, 64.56, 87.89, , , , , 
1/30/2020 11:10:49 PM, 3291.75, 9229.25, 1649.6, 327.68, 222.6, 163.93, 323.87, 172.78, 245.81, 98.02, 30.6, 63.9, 125, 64.56, 87.89, , , , , 
1/30/2020 11:10:52 PM, 3291.75, 9229.25, 1649.6, 327.68, 222.6, 163.93, 323.87, 172.78, 245.81, 98.02, 30.6, 63.9, 125, 64.56, 87.89, , , , , 
1/30/2020 11:10:55 PM, 3291.75, 9229.25, 1649.6, 327.68, 222.6, 163.93, 323.87, 172.78, 245.81, 98.02, 30.6, 63.9, 125, 64.56, 87.89, , , , , 
1/30/2020 11:10:59 PM, 3291.75, 9229.25, 1649.6, 327.68, 222.6, 163.93, 323.87, 172.78, 245.81, 98.02, 30.6, 63.9, 125, 64.56, 87.89, , , , , 
1/30/2020 11:11:02 PM, 3292, 9229, 1649.6, 327.68, 222.6, 163.93, 323.87, 172.78, 245.81, 98.02, 30.6, 63.9, 125, 64.56, 87.89, , , , , 
1/30/2020 11:11:05 PM, 3292, 9229, 1649.6, 327.68, 222.6, 163.93, 323.87, 172.78, 245.81, 98.02, 30.6, 63.9, 125, 64.56, 87.89, , , , , 
1/30/2020 11:11:08 PM, 3292, 9229, 1649.6, 327.68, 222.6, 163.93, 323.87, 172.78, 245.81, 98.02, 30.6, 63.9, 125, 64.56, 87.89, , , , , 
1/30/2020 11:11:11 PM, 3292, 9229.75, 1649.8, 327.68, 222.6, 163.93, 323.87, 172.78, 245.81, 98.02, 30.6, 63.9, 125, 64.56, 87.89, , , , , 
1/30/2020 11:11:14 PM, 3292, 9229.75, 1649.8, 327.68, 222.6, 163.93, 323.87, 172.78, 245.81, 98.02, 30.6, 63.9, 125, 64.56, 87.89, , , , , 
1/30/2020 11:11:17 PM, 3292, 9229.5, 1649.8, 327.68, 222.6, 163.93, 323.87, 172.78, 245.81, 98.02, 30.6, 63.9, 125, 64.56, 87.89, , , , , 
1/30/2020 11:11:20 PM, 3292, 9229.5, 1649.7, 327.68, 222.6, 163.93, 323.87, 172.78, 245.81, 98.02, 30.6, 63.9, 125, 64.56, 87.89, , , , , 
1/30/2020 11:11:23 PM, 3292, 9229.5, 1649.7, 327.68, 222.6, 163.93, 323.87, 172.78, 245.81, 98.02, 30.6, 63.9, 125, 64.56, 87.89, , , , , 
1/30/2020 11:11:26 PM, 3292, 9229.5, 1649.7, 327.68, 222.6, 163.93, 323.87, 172.78, 245.81, 98.02, 30.6, 63.9, 125, 64.56, 87.89, , , , , 
1/30/2020 11:11:29 PM, 3292, 9229.75, 1649.8, 327.68, 222.6, 163.93, 323.87, 172.78, 245.81, 98.02, 30.6, 63.9, 125, 64.56, 87.89, , , , , 
1/30/2020 11:11:32 PM, 3292, 9229.75, 1649.8, 327.68, 222.6, 163.93, 323.87, 172.78, 245.81, 98.02, 30.6, 63.9, 125, 64.56, 87.89, , , , , 
1/30/2020 11:11:35 PM, 3292, 9229.75, 1649.8, 327.68, 222.6, 163.93, 323.87, 172.78, 245.81, 98.02, 30.6, 63.9, 125, 64.56, 87.89, , , , , 
1/30/2020 11:11:38 PM, 3292, 9229.75, 1649.8, 327.68, 222.6, 163.93, 323.87, 172.78, 245.81, 98.02, 30.6, 63.9, 125, 64.56, 87.89, , , , , 
1/30/2020 11:11:41 PM, 3292.25, 9230.25, 1649.8, 327.68, 222.6, 163.93, 323.87, 172.78, 245.81, 98.02, 30.6, 63.9, 125, 64.56, 87.89, , , , , 
1/30/2020 11:11:44 PM, 3292.25, 9230.25, 1649.8, 327.68, 222.6, 163.93, 323.87, 172.78, 245.81, 98.02, 30.6, 63.9, 125, 64.56, 87.89, , , , , 
1/30/2020 11:11:47 PM, 3292.25, 9230.25, 1649.8, 327.68, 222.6, 163.93, 323.87, 172.78, 245.81, 98.02, 30.6, 63.9, 125, 64.56, 87.89, , , , , 
1/30/2020 11:11:50 PM, 3292, 9230.25, 1649.8, 327.68, 222.6, 163.93, 323.87, 172.78, 245.81, 98.02, 30.6, 63.9, 125, 64.56, 87.89, , , , , 
1/30/2020 11:11:53 PM, 3292, 9230.25, 1649.8, 327.68, 222.6, 163.93, 323.87, 172.78, 245.81, 98.02, 30.6, 63.9, 125, 64.56, 87.89, , , , , 
1/30/2020 11:11:56 PM, 3292.25, 9230.75, 1649.8, 327.68, 222.6, 163.93, 323.87, 172.78, 245.81, 98.02, 30.6, 63.9, 125, 64.56, 87.89, , , , , 
1/30/2020 11:11:59 PM, 3292.5, 9231.25, 1649.8, 327.68, 222.6, 163.93, 323.87, 172.78, 245.81, 98.02, 30.6, 63.9, 125, 64.56, 87.89, , , , , 
1/30/2020 11:12:02 PM, 3292.5, 9231.25, 1649.8, 327.68, 222.6, 163.93, 323.87, 172.78, 245.81, 98.02, 30.6, 63.9, 125, 64.56, 87.89, , , , , 
1/30/2020 11:12:05 PM, 3292.5, 9231.25, 1649.8, 327.68, 222.6, 163.93, 323.87, 172.78, 245.81, 98.02, 30.6, 63.9, 125, 64.56, 87.89, , , , , 
1/30/2020 11:12:08 PM, 3292.5, 9231.25, 1649.8, 327.68, 222.6, 163.93, 323.87, 172.78, 245.81, 98.02, 30.6, 63.9, 125, 64.56, 87.89, , , , , 
1/30/2020 11:12:11 PM, 3292.5, 9231.25, 1649.8, 327.68, 222.6, 163.93, 323.87, 172.78, 245.81, 98.02, 30.6, 63.9, 125, 64.56, 87.89, , , , , 
1/30/2020 11:12:14 PM, 3292.5, 9231.25, 1649.8, 327.68, 222.6, 163.93, 323.87, 172.78, 245.81, 98.02, 30.6, 63.9, 125, 64.56, 87.89, , , , , 
1/30/2020 11:12:17 PM, 3292.5, 9231.25, 1649.8, 327.68, 222.6, 163.93, 323.87, 172.78, 245.81, 98.02, 30.6, 63.9, 125, 64.56, 87.89, , , , , 
1/30/2020 11:12:20 PM, 3292.5, 9231.25, 1649.8, 327.68, 222.6, 163.93, 323.87, 172.78, 245.81, 98.02, 30.6, 63.9, 125, 64.56, 87.89, , , , , 
1/30/2020 11:12:23 PM, 3292.5, 9231.25, 1649.8, 327.68, 222.6, 163.93, 323.87, 172.78, 245.81, 98.02, 30.6, 63.9, 125, 64.56, 87.89, , , , , 
1/30/2020 11:12:26 PM, 3292.5, 9231.25, 1649.8, 327.68, 222.6, 163.93, 323.87, 172.78, 245.81, 98.02, 30.6, 63.9, 125, 64.56, 87.89, , , , , 
1/30/2020 11:12:29 PM, 3292.25, 9231, 1649.8, 327.68, 222.6, 163.93, 323.87, 172.78, 245.81, 98.02, 30.6, 63.9, 125, 64.56, 87.89, , , , , 
1/30/2020 11:12:32 PM, 3292.25, 9231, 1649.8, 327.68, 222.6, 163.93, 323.87, 172.78, 245.81, 98.02, 30.6, 63.9, 125, 64.56, 87.89, , , , , 
1/30/2020 11:12:35 PM, 3292.25, 9230.25, 1649.8, 327.68, 222.6, 163.93, 323.87, 172.78, 245.81, 98.02, 30.6, 63.9, 125, 64.56, 87.89, , , , , 
1/30/2020 11:12:38 PM, 3292.25, 9230.25, 1649.8, 327.68, 222.6, 163.93, 323.87, 172.78, 245.81, 98.02, 30.6, 63.9, 125, 64.56, 87.89, , , , , 
1/30/2020 11:12:42 PM, 3292.25, 9230.25, 1649.8, 327.68, 222.6, 163.93, 323.87, 172.78, 245.81, 98.02, 30.6, 63.9, 125, 64.56, 87.89, , , , , 
1/30/2020 11:12:45 PM, 3292.25, 9230.25, 1649.8, 327.68, 222.6, 163.93, 323.87, 172.78, 245.81, 98.02, 30.6, 63.9, 125, 64.56, 87.89, , , , , 
1/30/2020 11:12:48 PM, 3292.25, 9230.25, 1649.8, 327.68, 222.6, 163.93, 323.87, 172.78, 245.81, 98.02, 30.6, 63.9, 125, 64.56, 87.89, , , , , 
1/30/2020 11:12:51 PM, 3292.25, 9230.25, 1649.8, 327.68, 222.6, 163.93, 323.87, 172.78, 245.81, 98.02, 30.6, 63.9, 125, 64.56, 87.89, , , , , 
1/30/2020 11:12:54 PM, 3292.25, 9230.25, 1649.8, 327.68, 222.6, 163.93, 323.87, 172.78, 245.81, 98.02, 30.6, 63.9, 125, 64.56, 87.89, , , , , 
1/30/2020 11:12:57 PM, 3292.25, 9230.25, 1649.8, 327.68, 222.6, 163.93, 323.87, 172.78, 245.81, 98.02, 30.6, 63.9, 125, 64.56, 87.89, , , , , 
1/30/2020 11:13:00 PM, 3292.5, 9231.25, 1649.8, 327.68, 222.6, 163.93, 323.87, 172.78, 245.81, 98.02, 30.6, 63.9, 125, 64.56, 87.89, , , , , 
1/30/2020 11:13:03 PM, 3292.5, 9231.25, 1649.8, 327.68, 222.6, 163.93, 323.87, 172.78, 245.81, 98.02, 30.6, 63.9, 125, 64.56, 87.89, , , , , 
1/30/2020 11:13:06 PM, 3292.5, 9230.75, 1649.8, 327.68, 222.6, 163.93, 323.87, 172.78, 245.81, 98.02, 30.6, 63.9, 125, 64.56, 87.89, , , , , 
1/30/2020 11:13:09 PM, 3292.5, 9230.75, 1649.8, 327.68, 222.6, 163.93, 323.87, 172.78, 245.81, 98.02, 30.6, 63.9, 125, 64.56, 87.89, , , , , 
1/30/2020 11:13:12 PM, 3292.5, 9230.75, 1649.8, 327.68, 222.6, 163.93, 323.87, 172.78, 245.81, 98.02, 30.6, 63.9, 125, 64.56, 87.89, , , , , 
1/30/2020 11:13:15 PM, 3292.5, 9230.75, 1649.8, 327.68, 222.6, 163.93, 323.87, 172.78, 245.81, 98.02, 30.6, 63.9, 125, 64.56, 87.89, , , , , 
1/30/2020 11:13:18 PM, 3292.25, 9230.75, 1649.8, 327.68, 222.6, 163.93, 323.87, 172.78, 245.81, 98.02, 30.6, 63.9, 125, 64.56, 87.89, , , , , 
1/30/2020 11:13:21 PM, 3292.25, 9230.75, 1649.8, 327.68, 222.6, 163.93, 323.87, 172.78, 245.81, 98.02, 30.6, 63.9, 125, 64.56, 87.89, , , , , 
1/30/2020 11:13:24 PM, 3292.5, 9230.75, 1649.8, 327.68, 222.6, 163.93, 323.87, 172.78, 245.81, 98.02, 30.6, 63.9, 125, 64.56, 87.89, , , , , 
1/30/2020 11:13:27 PM, 3292.5, 9231.5, 1649.8, 327.68, 222.6, 163.93, 323.87, 172.78, 245.81, 98.02, 30.6, 63.9, 125, 64.56, 87.89, , , , , 
1/30/2020 11:13:30 PM, 3292.5, 9231.5, 1649.8, 327.68, 222.6, 163.93, 323.87, 172.78, 245.81, 98.02, 30.6, 63.9, 125, 64.56, 87.89, , , , , 
1/30/2020 11:13:33 PM, 3292.5, 9231.5, 1649.8, 327.68, 222.6, 163.93, 323.87, 172.78, 245.81, 98.02, 30.6, 63.9, 125, 64.56, 87.89, , , , , 
1/30/2020 11:13:36 PM, 3292.5, 9231.5, 1649.8, 327.68, 222.6, 163.93, 323.87, 172.78, 245.81, 98.02, 30.6, 63.9, 125, 64.56, 87.89, , , , , 
1/30/2020 11:13:39 PM, 3292.75, 9231.5, 1649.8, 327.68, 222.6, 163.93, 323.87, 172.78, 245.81, 98.02, 30.6, 63.9, 125, 64.56, 87.89, , , , , 
1/30/2020 11:13:42 PM, 3292.75, 9231.5, 1649.8, 327.68, 222.6, 163.93, 323.87, 172.78, 245.81, 98.02, 30.6, 63.9, 125, 64.56, 87.89, , , , , 
1/30/2020 11:13:45 PM, 3292.75, 9231.5, 1649.8, 327.68, 222.6, 163.93, 323.87, 172.78, 245.81, 98.02, 30.6, 63.9, 125, 64.56, 87.89, , , , , 
1/30/2020 11:13:48 PM, 3292.5, 9231.5, 1649.8, 327.68, 222.6, 163.93, 323.87, 172.78, 245.81, 98.02, 30.6, 63.9, 125, 64.56, 87.89, , , , , 
1/30/2020 11:13:51 PM, 3292.5, 9231.5, 1649.8, 327.68, 222.6, 163.93, 323.87, 172.78, 245.81, 98.02, 30.6, 63.9, 125, 64.56, 87.89, , , , , 
1/30/2020 11:13:54 PM, 3292.5, 9231.5, 1649.8, 327.68, 222.6, 163.93, 323.87, 172.78, 245.81, 98.02, 30.6, 63.9, 125, 64.56, 87.89, , , , , 
1/30/2020 11:13:57 PM, 3292.5, 9231.5, 1649.8, 327.68, 222.6, 163.93, 323.87, 172.78, 245.81, 98.02, 30.6, 63.9, 125, 64.56, 87.89, , , , , 
1/30/2020 11:14:00 PM, 3292.5, 9232, 1650, 327.68, 222.6, 163.93, 323.87, 172.78, 245.81, 98.02, 30.6, 63.9, 125, 64.56, 87.89, , , , , 
1/30/2020 11:14:03 PM, 3292.5, 9232, 1650, 327.68, 222.6, 163.93, 323.87, 172.78, 245.81, 98.02, 30.6, 63.9, 125, 64.56, 87.89, , , , , 
1/30/2020 11:14:06 PM, 3292.75, 9232.25, 1650, 327.68, 222.6, 163.93, 323.87, 172.78, 245.81, 98.02, 30.6, 63.9, 125, 64.56, 87.89, , , , , 
1/30/2020 11:14:09 PM, 3292.75, 9232.25, 1650, 327.68, 222.6, 163.93, 323.87, 172.78, 245.81, 98.02, 30.6, 63.9, 125, 64.56, 87.89, , , , , 
1/30/2020 11:14:12 PM, 3292.5, 9232.25, 1650, 327.68, 222.6, 163.93, 323.87, 172.78, 245.81, 98.02, 30.6, 63.9, 125, 64.56, 87.89, , , , , 
1/30/2020 11:14:15 PM, 3292.75, 9232.25, 1650, 327.68, 222.6, 163.93, 323.87, 172.78, 245.81, 98.02, 30.6, 63.9, 125, 64.56, 87.89, , , , , 
1/30/2020 11:14:18 PM, 3292.75, 9231.75, 1650, 327.68, 222.6, 163.93, 323.87, 172.78, 245.81, 98.02, 30.6, 63.9, 125, 64.56, 87.89, , , , , 
1/30/2020 11:14:21 PM, 3292.75, 9231.75, 1650, 327.68, 222.6, 163.93, 323.87, 172.78, 245.81, 98.02, 30.6, 63.9, 125, 64.56, 87.89, , , , , 
1/30/2020 11:14:24 PM, 3292.75, 9232, 1650, 327.68, 222.6, 163.93, 323.87, 172.78, 245.81, 98.02, 30.6, 63.9, 125, 64.56, 87.89, , , , , 
1/30/2020 11:14:27 PM, 3292.75, 9232, 1650, 327.68, 222.6, 163.93, 323.87, 172.78, 245.81, 98.02, 30.6, 63.9, 125, 64.56, 87.89, , , , , 
1/30/2020 11:14:30 PM, 3292.75, 9232, 1650, 327.68, 222.6, 163.93, 323.87, 172.78, 245.81, 98.02, 30.6, 63.9, 125, 64.56, 87.89, , , , , 
1/30/2020 11:14:33 PM, 3292.75, 9232, 1650, 327.68, 222.6, 163.93, 323.87, 172.78, 245.81, 98.02, 30.6, 63.9, 125, 64.56, 87.89, , , , , 
1/30/2020 11:14:37 PM, 3292.75, 9232, 1650, 327.68, 222.6, 163.93, 323.87, 172.78, 245.81, 98.02, 30.6, 63.9, 125, 64.56, 87.89, , , , , 
1/30/2020 11:14:40 PM, 3292.75, 9232, 1650, 327.68, 222.6, 163.93, 323.87, 172.78, 245.81, 98.02, 30.6, 63.9, 125, 64.56, 87.89, , , , , 
1/30/2020 11:14:43 PM, 3292.75, 9232, 1650, 327.68, 222.6, 163.93, 323.87, 172.78, 245.81, 98.02, 30.6, 63.9, 125, 64.56, 87.89, , , , , 
1/30/2020 11:14:46 PM, 3292.75, 9232, 1650, 327.68, 222.6, 163.93, 323.87, 172.78, 245.81, 98.02, 30.6, 63.9, 125, 64.56, 87.89, , , , , 
1/30/2020 11:14:49 PM, 3292.75, 9232, 1650, 327.68, 222.6, 163.93, 323.87, 172.78, 245.81, 98.02, 30.6, 63.9, 125, 64.56, 87.89, , , , , 
1/30/2020 11:14:52 PM, 3292.5, 9231.75, 1650, 327.68, 222.6, 163.93, 323.87, 172.78, 245.81, 98.02, 30.6, 63.9, 125, 64.56, 87.89, , , , , 
1/30/2020 11:14:55 PM, 3292.5, 9231.75, 1650, 327.68, 222.6, 163.93, 323.87, 172.78, 245.81, 98.02, 30.6, 63.9, 125, 64.56, 87.89, , , , , 
1/30/2020 11:14:58 PM, 3292.5, 9231.5, 1649.9, 327.68, 222.6, 163.93, 323.87, 172.78, 245.81, 98.02, 30.6, 63.9, 125, 64.56, 87.89, , , , , 
1/30/2020 11:15:01 PM, 3292.5, 9231.5, 1649.9, 327.68, 222.6, 163.93, 323.87, 172.78, 245.81, 98.02, 30.6, 63.9, 125, 64.56, 87.89, , , , , 
1/30/2020 11:15:04 PM, 3292.5, 9231.75, 1649.9, 327.68, 222.6, 163.93, 323.87, 172.78, 245.81, 98.02, 30.6, 63.9, 125, 64.56, 87.89, , , , , 
1/30/2020 11:15:07 PM, 3292.5, 9231.75, 1649.9, 327.68, 222.6, 163.93, 323.87, 172.78, 245.81, 98.02, 30.6, 63.9, 125, 64.56, 87.89, , , , , 
1/30/2020 11:15:10 PM, 3292.5, 9232, 1650, 327.68, 222.6, 163.93, 323.87, 172.78, 245.81, 98.02, 30.6, 63.9, 125, 64.56, 87.89, , , , , 
1/30/2020 11:15:13 PM, 3292.5, 9231.75, 1650, 327.68, 222.6, 163.93, 323.87, 172.78, 245.81, 98.02, 30.6, 63.9, 125, 64.56, 87.89, , , , , 
1/30/2020 11:15:16 PM, 3292.5, 9231.75, 1650, 327.68, 222.6, 163.93, 323.87, 172.78, 245.81, 98.02, 30.6, 63.9, 125, 64.56, 87.89, , , , , 
1/30/2020 11:15:19 PM, 3292.5, 9231.75, 1650, 327.68, 222.6, 163.93, 323.87, 172.78, 245.81, 98.02, 30.6, 63.9, 125, 64.56, 87.89, , , , , 
1/30/2020 11:15:22 PM, 3292.5, 9231.75, 1650, 327.68, 222.6, 163.93, 323.87, 172.78, 245.81, 98.02, 30.6, 63.9, 125, 64.56, 87.89, , , , , 
1/30/2020 11:15:25 PM, 3292.5, 9232.25, 1650, 327.68, 222.6, 163.93, 323.87, 172.78, 245.81, 98.02, 30.6, 63.9, 125, 64.56, 87.89, , , , , 
1/30/2020 11:15:28 PM, 3292.5, 9232.25, 1650, 327.68, 222.6, 163.93, 323.87, 172.78, 245.81, 98.02, 30.6, 63.9, 125, 64.56, 87.89, , , , , 
1/30/2020 11:15:31 PM, 3292.5, 9232, 1650, 327.68, 222.6, 163.93, 323.87, 172.78, 245.81, 98.02, 30.6, 63.9, 125, 64.56, 87.89, , , , , 
1/30/2020 11:15:34 PM, 3292.5, 9232, 1650, 327.68, 222.6, 163.93, 323.87, 172.78, 245.81, 98.02, 30.6, 63.9, 125, 64.56, 87.89, , , , , 
1/30/2020 11:15:37 PM, 3292.5, 9232, 1650, 327.68, 222.6, 163.93, 323.87, 172.78, 245.81, 98.02, 30.6, 63.9, 125, 64.56, 87.89, , , , , 
1/30/2020 11:15:40 PM, 3292.5, 9232, 1650, 327.68, 222.6, 163.93, 323.87, 172.78, 245.81, 98.02, 30.6, 63.9, 125, 64.56, 87.89, , , , , 
1/30/2020 11:15:43 PM, 3292.5, 9232, 1650, 327.68, 222.6, 163.93, 323.87, 172.78, 245.81, 98.02, 30.6, 63.9, 125, 64.56, 87.89, , , , , 
1/30/2020 11:15:46 PM, 3292.5, 9232, 1650, 327.68, 222.6, 163.93, 323.87, 172.78, 245.81, 98.02, 30.6, 63.9, 125, 64.56, 87.89, , , , , 
1/30/2020 11:15:49 PM, 3292.75, 9233, 1650, 327.68, 222.6, 163.93, 323.87, 172.78, 245.81, 98.02, 30.6, 63.9, 125, 64.56, 87.89, , , , , 
1/30/2020 11:15:52 PM, 3293, 9233.5, 1650.1, 327.68, 222.6, 163.93, 323.87, 172.78, 245.81, 98.02, 30.6, 63.9, 125, 64.56, 87.89, , , , , 
1/30/2020 11:15:55 PM, 3292.75, 9234, 1650.1, 327.68, 222.6, 163.93, 323.87, 172.78, 245.81, 98.02, 30.6, 63.9, 125, 64.56, 87.89, , , , , 
1/30/2020 11:15:58 PM, 3292.75, 9234, 1650.1, 327.68, 222.6, 163.93, 323.87, 172.78, 245.81, 98.02, 30.6, 63.9, 125, 64.56, 87.89, , , , , 
1/30/2020 11:16:01 PM, 3292.75, 9234.25, 1650.1, 327.68, 222.6, 163.93, 323.87, 172.78, 245.81, 98.02, 30.6, 63.9, 125, 64.56, 87.89, , , , , 
1/30/2020 11:16:04 PM, 3293, 9235, 1650.1, 327.68, 222.6, 163.93, 323.87, 172.78, 245.81, 98.02, 30.6, 63.9, 125, 64.56, 87.89, , , , , 
1/30/2020 11:16:07 PM, 3293, 9234.75, 1650.1, 327.68, 222.6, 163.93, 323.87, 172.78, 245.81, 98.02, 30.6, 63.9, 125, 64.56, 87.89, , , , , 
1/30/2020 11:16:10 PM, 3293, 9234.5, 1650.1, 327.68, 222.6, 163.93, 323.87, 172.78, 245.81, 98.02, 30.6, 63.9, 125, 64.56, 87.89, , , , , 
1/30/2020 11:16:13 PM, 3293, 9234.5, 1650.1, 327.68, 222.6, 163.93, 323.87, 172.78, 245.81, 98.02, 30.6, 63.9, 125, 64.56, 87.89, , , , , 
1/30/2020 11:16:16 PM, 3293, 9234.25, 1650.1, 327.68, 222.6, 163.93, 323.87, 172.78, 245.81, 98.02, 30.6, 63.9, 125, 64.56, 87.89, , , , , 
1/30/2020 11:16:20 PM, 3293, 9234.25, 1650.1, 327.68, 222.6, 163.93, 323.87, 172.78, 245.81, 98.02, 30.6, 63.9, 125, 64.56, 87.89, , , , , 
1/30/2020 11:16:23 PM, 3293, 9233.75, 1650.1, 327.68, 222.6, 163.93, 323.87, 172.78, 245.81, 98.02, 30.6, 63.9, 125, 64.56, 87.89, , , , , 
1/30/2020 11:16:26 PM, 3293, 9233.5, 1650.1, 327.68, 222.6, 163.93, 323.87, 172.78, 245.81, 98.02, 30.6, 63.9, 125, 64.56, 87.89, , , , , 
1/30/2020 11:16:29 PM, 3293, 9234.75, 1650.2, 327.68, 222.6, 163.93, 323.87, 172.78, 245.81, 98.02, 30.6, 63.9, 125, 64.56, 87.89, , , , , 
1/30/2020 11:16:32 PM, 3293.25, 9234.75, 1650.2, 327.68, 222.6, 163.93, 323.87, 172.78, 245.81, 98.02, 30.6, 63.9, 125, 64.56, 87.89, , , , , 
1/30/2020 11:16:35 PM, 3293.25, 9234.25, 1650.2, 327.68, 222.6, 163.93, 323.87, 172.78, 245.81, 98.02, 30.6, 63.9, 125, 64.56, 87.89, , , , , 
1/30/2020 11:16:38 PM, 3293.25, 9234.25, 1650.2, 327.68, 222.6, 163.93, 323.87, 172.78, 245.81, 98.02, 30.6, 63.9, 125, 64.56, 87.89, , , , , 
1/30/2020 11:16:41 PM, 3293.25, 9234.5, 1650.2, 327.68, 222.6, 163.93, 323.87, 172.78, 245.81, 98.02, 30.6, 63.9, 125, 64.56, 87.89, , , , , 
1/30/2020 11:16:44 PM, 3293.25, 9234.5, 1650.2, 327.68, 222.6, 163.93, 323.87, 172.78, 245.81, 98.02, 30.6, 63.9, 125, 64.56, 87.89, , , , , 
1/30/2020 11:16:47 PM, 3293.25, 9234.75, 1650.2, 327.68, 222.6, 163.93, 323.87, 172.78, 245.81, 98.02, 30.6, 63.9, 125, 64.56, 87.89, , , , , 
1/30/2020 11:16:50 PM, 3293.25, 9234.75, 1650.2, 327.68, 222.6, 163.93, 323.87, 172.78, 245.81, 98.02, 30.6, 63.9, 125, 64.56, 87.89, , , , , 
1/30/2020 11:16:53 PM, 3293.25, 9234.75, 1650.2, 327.68, 222.6, 163.93, 323.87, 172.78, 245.81, 98.02, 30.6, 63.9, 125, 64.56, 87.89, , , , , 
1/30/2020 11:16:56 PM, 3293, 9234.75, 1650.2, 327.68, 222.6, 163.93, 323.87, 172.78, 245.81, 98.02, 30.6, 63.9, 125, 64.56, 87.89, , , , , 
1/30/2020 11:16:59 PM, 3293, 9234.75, 1650.2, 327.68, 222.6, 163.93, 323.87, 172.78, 245.81, 98.02, 30.6, 63.9, 125, 64.56, 87.89, , , , , 
1/30/2020 11:17:02 PM, 3293, 9234.75, 1650.2, 327.68, 222.6, 163.93, 323.87, 172.78, 245.81, 98.02, 30.6, 63.9, 125, 64.56, 87.89, , , , , 
1/30/2020 11:17:05 PM, 3293.25, 9234.5, 1650.2, 327.68, 222.6, 163.93, 323.87, 172.78, 245.81, 98.02, 30.6, 63.9, 125, 64.56, 87.89, , , , , 
1/30/2020 11:17:08 PM, 3293.25, 9234.5, 1650.2, 327.68, 222.6, 163.93, 323.87, 172.78, 245.81, 98.02, 30.6, 63.9, 125, 64.56, 87.89, , , , , 
1/30/2020 11:17:11 PM, 3293.25, 9234.5, 1650.2, 327.68, 222.6, 163.93, 323.87, 172.78, 245.81, 98.02, 30.6, 63.9, 125, 64.56, 87.89, , , , , 
1/30/2020 11:17:14 PM, 3293, 9234.5, 1650.2, 327.68, 222.6, 163.93, 323.87, 172.78, 245.81, 98.02, 30.6, 63.9, 125, 64.56, 87.89, , , , , 
1/30/2020 11:17:17 PM, 3293, 9234.5, 1650.2, 327.68, 222.6, 163.93, 323.87, 172.78, 245.81, 98.02, 30.6, 63.9, 125, 64.56, 87.89, , , , , 
1/30/2020 11:17:20 PM, 3293, 9234.5, 1650.2, 327.68, 222.6, 163.93, 323.87, 172.78, 245.81, 98.02, 30.6, 63.9, 125, 64.56, 87.89, , , , , 
1/30/2020 11:17:23 PM, 3293, 9234.5, 1650.2, 327.68, 222.6, 163.93, 323.87, 172.78, 245.81, 98.02, 30.6, 63.9, 125, 64.56, 87.89, , , , , 
1/30/2020 11:17:26 PM, 3293, 9234.5, 1650.2, 327.68, 222.6, 163.93, 323.87, 172.78, 245.81, 98.02, 30.6, 63.9, 125, 64.56, 87.89, , , , , 
1/30/2020 11:17:29 PM, 3293, 9234.5, 1650.2, 327.68, 222.6, 163.93, 323.87, 172.78, 245.81, 98.02, 30.6, 63.9, 125, 64.56, 87.89, , , , , 
1/30/2020 11:17:32 PM, 3293, 9234.5, 1650.2, 327.68, 222.6, 163.93, 323.87, 172.78, 245.81, 98.02, 30.6, 63.9, 125, 64.56, 87.89, , , , , 
1/30/2020 11:17:35 PM, 3293, 9234.5, 1650.2, 327.68, 222.6, 163.93, 323.87, 172.78, 245.81, 98.02, 30.6, 63.9, 125, 64.56, 87.89, , , , , 
1/30/2020 11:17:38 PM, 3293, 9234.5, 1650.2, 327.68, 222.6, 163.93, 323.87, 172.78, 245.81, 98.02, 30.6, 63.9, 125, 64.56, 87.89, , , , , 
1/30/2020 11:17:41 PM, 3293, 9234.5, 1650.2, 327.68, 222.6, 163.93, 323.87, 172.78, 245.81, 98.02, 30.6, 63.9, 125, 64.56, 87.89, , , , , 
1/30/2020 11:17:44 PM, 3293, 9234.5, 1650.2, 327.68, 222.6, 163.93, 323.87, 172.78, 245.81, 98.02, 30.6, 63.9, 125, 64.56, 87.89, , , , , 
1/30/2020 11:17:47 PM, 3292.75, 9234.25, 1650.1, 327.68, 222.6, 163.93, 323.87, 172.78, 245.81, 98.02, 30.6, 63.9, 125, 64.56, 87.89, , , , , 
1/30/2020 11:17:50 PM, 3292.75, 9234.25, 1650.1, 327.68, 222.6, 163.93, 323.87, 172.78, 245.81, 98.02, 30.6, 63.9, 125, 64.56, 87.89, , , , , 
1/30/2020 11:17:53 PM, 3292.75, 9233.5, 1650.1, 327.68, 222.6, 163.93, 323.87, 172.78, 245.81, 98.02, 30.6, 63.9, 125, 64.56, 87.89, , , , , 
1/30/2020 11:17:56 PM, 3292.75, 9233.5, 1650.1, 327.68, 222.6, 163.93, 323.87, 172.78, 245.81, 98.02, 30.6, 63.9, 125, 64.56, 87.89, , , , , 
1/30/2020 11:17:59 PM, 3292.75, 9233.25, 1650.1, 327.68, 222.6, 163.93, 323.87, 172.78, 245.81, 98.02, 30.6, 63.9, 125, 64.56, 87.89, , , , , 
1/30/2020 11:18:02 PM, 3292.5, 9233.25, 1650.1, 327.68, 222.6, 163.93, 323.87, 172.78, 245.81, 98.02, 30.6, 63.9, 125, 64.56, 87.89, , , , , 
1/30/2020 11:18:06 PM, 3292.5, 9233.25, 1650.1, 327.68, 222.6, 163.93, 323.87, 172.78, 245.81, 98.02, 30.6, 63.9, 125, 64.56, 87.89, , , , , 
1/30/2020 11:18:09 PM, 3292.5, 9233, 1650, 327.68, 222.6, 163.93, 323.87, 172.78, 245.81, 98.02, 30.6, 63.9, 125, 64.56, 87.89, , , , , 
1/30/2020 11:18:12 PM, 3292.5, 9233, 1650, 327.68, 222.6, 163.93, 323.87, 172.78, 245.81, 98.02, 30.6, 63.9, 125, 64.56, 87.89, , , , , 
1/30/2020 11:18:15 PM, 3292.5, 9233.25, 1650, 327.68, 222.6, 163.93, 323.87, 172.78, 245.81, 98.02, 30.6, 63.9, 125, 64.56, 87.89, , , , , 
1/30/2020 11:18:18 PM, 3292.5, 9233, 1650, 327.68, 222.6, 163.93, 323.87, 172.78, 245.81, 98.02, 30.6, 63.9, 125, 64.56, 87.89, , , , , 
1/30/2020 11:18:21 PM, 3292.5, 9233, 1650, 327.68, 222.6, 163.93, 323.87, 172.78, 245.81, 98.02, 30.6, 63.9, 125, 64.56, 87.89, , , , , 
1/30/2020 11:18:24 PM, 3292.5, 9233, 1650, 327.68, 222.6, 163.93, 323.87, 172.78, 245.81, 98.02, 30.6, 63.9, 125, 64.56, 87.89, , , , , 
1/30/2020 11:18:27 PM, 3292.5, 9233, 1650, 327.68, 222.6, 163.93, 323.87, 172.78, 245.81, 98.02, 30.6, 63.9, 125, 64.56, 87.89, , , , , 
1/30/2020 11:18:30 PM, 3292.5, 9232.5, 1650, 327.68, 222.6, 163.93, 323.87, 172.78, 245.81, 98.02, 30.6, 63.9, 125, 64.56, 87.89, , , , , 
1/30/2020 11:18:33 PM, 3292.5, 9232.5, 1650, 327.68, 222.6, 163.93, 323.87, 172.78, 245.81, 98.02, 30.6, 63.9, 125, 64.56, 87.89, , , , , 
1/30/2020 11:18:36 PM, 3292.5, 9232.5, 1650, 327.68, 222.6, 163.93, 323.87, 172.78, 245.81, 98.02, 30.6, 63.9, 125, 64.56, 87.89, , , , , 
1/30/2020 11:18:39 PM, 3292.5, 9232.25, 1650, 327.68, 222.6, 163.93, 323.87, 172.78, 245.81, 98.02, 30.6, 63.9, 125, 64.56, 87.89, , , , , 
1/30/2020 11:18:42 PM, 3292.75, 9232.75, 1650, 327.68, 222.6, 163.93, 323.87, 172.78, 245.81, 98.02, 30.6, 63.9, 125, 64.56, 87.89, , , , , 
1/30/2020 11:18:45 PM, 3292.75, 9233.25, 1650, 327.68, 222.6, 163.93, 323.87, 172.78, 245.81, 98.02, 30.6, 63.9, 125, 64.56, 87.89, , , , , 
1/30/2020 11:18:48 PM, 3292.75, 9233.5, 1650, 327.68, 222.6, 163.93, 323.87, 172.78, 245.81, 98.02, 30.6, 63.9, 125, 64.56, 87.89, , , , , 
1/30/2020 11:18:51 PM, 3292.75, 9233.5, 1650, 327.68, 222.6, 163.93, 323.87, 172.78, 245.81, 98.02, 30.6, 63.9, 125, 64.56, 87.89, , , , , 
1/30/2020 11:18:54 PM, 3292.75, 9233.5, 1650, 327.68, 222.6, 163.93, 323.87, 172.78, 245.81, 98.02, 30.6, 63.9, 125, 64.56, 87.89, , , , , 
1/30/2020 11:18:57 PM, 3292.75, 9233.25, 1650, 327.68, 222.6, 163.93, 323.87, 172.78, 245.81, 98.02, 30.6, 63.9, 125, 64.56, 87.89, , , , , 
1/30/2020 11:19:00 PM, 3292.75, 9233.25, 1650, 327.68, 222.6, 163.93, 323.87, 172.78, 245.81, 98.02, 30.6, 63.9, 125, 64.56, 87.89, , , , , 
1/30/2020 11:19:03 PM, 3292.5, 9233.25, 1650, 327.68, 222.6, 163.93, 323.87, 172.78, 245.81, 98.02, 30.6, 63.9, 125, 64.56, 87.89, , , , , 
1/30/2020 11:19:06 PM, 3292.5, 9233.25, 1650, 327.68, 222.6, 163.93, 323.87, 172.78, 245.81, 98.02, 30.6, 63.9, 125, 64.56, 87.89, , , , , 
1/30/2020 11:19:09 PM, 3292.5, 9233.25, 1650, 327.68, 222.6, 163.93, 323.87, 172.78, 245.81, 98.02, 30.6, 63.9, 125, 64.56, 87.89, , , , , 
1/30/2020 11:19:12 PM, 3292.5, 9233.25, 1650, 327.68, 222.6, 163.93, 323.87, 172.78, 245.81, 98.02, 30.6, 63.9, 125, 64.56, 87.89, , , , , 
1/30/2020 11:19:15 PM, 3292.5, 9232.25, 1650, 327.68, 222.6, 163.93, 323.87, 172.78, 245.81, 98.02, 30.6, 63.9, 125, 64.56, 87.89, , , , , 
1/30/2020 11:19:18 PM, 3292.5, 9232.25, 1650, 327.68, 222.6, 163.93, 323.87, 172.78, 245.81, 98.02, 30.6, 63.9, 125, 64.56, 87.89, , , , , 
1/30/2020 11:19:21 PM, 3292.5, 9232, 1649.9, 327.68, 222.6, 163.93, 323.87, 172.78, 245.81, 98.02, 30.6, 63.9, 125, 64.56, 87.89, , , , , 
1/30/2020 11:19:24 PM, 3292.25, 9232, 1649.9, 327.68, 222.6, 163.93, 323.87, 172.78, 245.81, 98.02, 30.6, 63.9, 125, 64.56, 87.89, , , , , 
1/30/2020 11:19:27 PM, 3292.25, 9232, 1649.9, 327.68, 222.6, 163.93, 323.87, 172.78, 245.81, 98.02, 30.6, 63.9, 125, 64.56, 87.89, , , , , 
1/30/2020 11:19:30 PM, 3292.25, 9232, 1649.9, 327.68, 222.6, 163.93, 323.87, 172.78, 245.81, 98.02, 30.6, 63.9, 125, 64.56, 87.89, , , , , 
1/30/2020 11:19:33 PM, 3292.5, 9232.25, 1649.9, 327.68, 222.6, 163.93, 323.87, 172.78, 245.81, 98.02, 30.6, 63.9, 125, 64.56, 87.89, , , , , 
1/30/2020 11:19:36 PM, 3292.5, 9232, 1649.9, 327.68, 222.6, 163.93, 323.87, 172.78, 245.81, 98.02, 30.6, 63.9, 125, 64.56, 87.89, , , , , 
1/30/2020 11:19:39 PM, 3292.5, 9231.75, 1649.9, 327.68, 222.6, 163.93, 323.87, 172.78, 245.81, 98.02, 30.6, 63.9, 125, 64.56, 87.89, , , , , 
1/30/2020 11:19:42 PM, 3292.5, 9231.75, 1649.9, 327.68, 222.6, 163.93, 323.87, 172.78, 245.81, 98.02, 30.6, 63.9, 125, 64.56, 87.89, , , , , 
1/30/2020 11:19:45 PM, 3292.5, 9231.75, 1649.9, 327.68, 222.6, 163.93, 323.87, 172.78, 245.81, 98.02, 30.6, 63.9, 125, 64.56, 87.89, , , , , 
1/30/2020 11:19:48 PM, 3292.5, 9231.75, 1649.9, 327.68, 222.6, 163.93, 323.87, 172.78, 245.81, 98.02, 30.6, 63.9, 125, 64.56, 87.89, , , , , 
1/30/2020 11:19:51 PM, 3292.5, 9232, 1649.9, 327.68, 222.6, 163.93, 323.87, 172.78, 245.81, 98.02, 30.6, 63.9, 125, 64.56, 87.89, , , , , 
1/30/2020 11:19:55 PM, 3292.25, 9232, 1649.9, 327.68, 222.6, 163.93, 323.87, 172.78, 245.81, 98.02, 30.6, 63.9, 125, 64.56, 87.89, , , , , 
1/30/2020 11:19:58 PM, 3292.25, 9232, 1649.9, 327.68, 222.6, 163.93, 323.87, 172.78, 245.81, 98.02, 30.6, 63.9, 125, 64.56, 87.89, , , , , 
1/30/2020 11:20:01 PM, 3292.25, 9232, 1649.9, 327.68, 222.6, 163.93, 323.87, 172.78, 245.81, 98.02, 30.6, 63.9, 125, 64.56, 87.89, , , , , 
1/30/2020 11:20:04 PM, 3292.25, 9232, 1649.8, 327.68, 222.6, 163.93, 323.87, 172.78, 245.81, 98.02, 30.6, 63.9, 125, 64.56, 87.89, , , , , 
1/30/2020 11:20:07 PM, 3292.25, 9232, 1649.8, 327.68, 222.6, 163.93, 323.87, 172.78, 245.81, 98.02, 30.6, 63.9, 125, 64.56, 87.89, , , , , 
1/30/2020 11:20:10 PM, 3292, 9232, 1649.8, 327.68, 222.6, 163.93, 323.87, 172.78, 245.81, 98.02, 30.6, 63.9, 125, 64.56, 87.89, , , , , 
1/30/2020 11:20:13 PM, 3292, 9232, 1649.8, 327.68, 222.6, 163.93, 323.87, 172.78, 245.81, 98.02, 30.6, 63.9, 125, 64.56, 87.89, , , , , 
1/30/2020 11:20:16 PM, 3292.25, 9231.75, 1649.6, 327.68, 222.6, 163.93, 323.87, 172.78, 245.81, 98.02, 30.6, 63.9, 125, 64.56, 87.89, , , , , 
1/30/2020 11:20:19 PM, 3292.25, 9231.75, 1649.8, 327.68, 222.6, 163.93, 323.87, 172.78, 245.81, 98.02, 30.6, 63.9, 125, 64.56, 87.89, , , , , 
1/30/2020 11:20:22 PM, 3292.25, 9231.75, 1649.8, 327.68, 222.6, 163.93, 323.87, 172.78, 245.81, 98.02, 30.6, 63.9, 125, 64.56, 87.89, , , , , 
1/30/2020 11:20:25 PM, 3292.25, 9232, 1649.8, 327.68, 222.6, 163.93, 323.87, 172.78, 245.81, 98.02, 30.6, 63.9, 125, 64.56, 87.89, , , , , 
1/30/2020 11:20:28 PM, 3292.25, 9232, 1649.8, 327.68, 222.6, 163.93, 323.87, 172.78, 245.81, 98.02, 30.6, 63.9, 125, 64.56, 87.89, , , , , 
1/30/2020 11:20:31 PM, 3292.25, 9232, 1649.8, 327.68, 222.6, 163.93, 323.87, 172.78, 245.81, 98.02, 30.6, 63.9, 125, 64.56, 87.89, , , , , 
1/30/2020 11:20:34 PM, 3292.25, 9232, 1649.8, 327.68, 222.6, 163.93, 323.87, 172.78, 245.81, 98.02, 30.6, 63.9, 125, 64.56, 87.89, , , , , 
1/30/2020 11:20:37 PM, 3292.25, 9232.25, 1649.8, 327.68, 222.6, 163.93, 323.87, 172.78, 245.81, 98.02, 30.6, 63.9, 125, 64.56, 87.89, , , , , 
1/30/2020 11:20:40 PM, 3292.25, 9232.25, 1649.8, 327.68, 222.6, 163.93, 323.87, 172.78, 245.81, 98.02, 30.6, 63.9, 125, 64.56, 87.89, , , , , 
1/30/2020 11:20:43 PM, 3292.25, 9232.25, 1649.8, 327.68, 222.6, 163.93, 323.87, 172.78, 245.81, 98.02, 30.6, 63.9, 125, 64.56, 87.89, , , , , 
1/30/2020 11:20:46 PM, 3292.25, 9232.25, 1649.8, 327.68, 222.6, 163.93, 323.87, 172.78, 245.81, 98.02, 30.6, 63.9, 125, 64.56, 87.89, , , , , 
1/30/2020 11:20:49 PM, 3292.25, 9232.25, 1649.8, 327.68, 222.6, 163.93, 323.87, 172.78, 245.81, 98.02, 30.6, 63.9, 125, 64.56, 87.89, , , , , 
1/30/2020 11:20:52 PM, 3292.25, 9232.75, 1649.8, 327.68, 222.6, 163.93, 323.87, 172.78, 245.81, 98.02, 30.6, 63.9, 125, 64.56, 87.89, , , , , 
1/30/2020 11:20:55 PM, 3292.25, 9232.75, 1649.8, 327.68, 222.6, 163.93, 323.87, 172.78, 245.81, 98.02, 30.6, 63.9, 125, 64.56, 87.89, , , , , 
1/30/2020 11:20:58 PM, 3292.25, 9232.75, 1649.8, 327.68, 222.6, 163.93, 323.87, 172.78, 245.81, 98.02, 30.6, 63.9, 125, 64.56, 87.89, , , , , 
1/30/2020 11:21:01 PM, 3292.5, 9232.75, 1649.8, 327.68, 222.6, 163.93, 323.87, 172.78, 245.81, 98.02, 30.6, 63.9, 125, 64.56, 87.89, , , , , 
1/30/2020 11:21:04 PM, 3292.5, 9232, 1649.8, 327.68, 222.6, 163.93, 323.87, 172.78, 245.81, 98.02, 30.6, 63.9, 125, 64.56, 87.89, , , , , 
1/30/2020 11:21:07 PM, 3292.25, 9232, 1649.8, 327.68, 222.6, 163.93, 323.87, 172.78, 245.81, 98.02, 30.6, 63.9, 125, 64.56, 87.89, , , , , 
1/30/2020 11:21:10 PM, 3292.25, 9232, 1649.8, 327.68, 222.6, 163.93, 323.87, 172.78, 245.81, 98.02, 30.6, 63.9, 125, 64.56, 87.89, , , , , 
1/30/2020 11:21:13 PM, 3292.25, 9232, 1649.8, 327.68, 222.6, 163.93, 323.87, 172.78, 245.81, 98.02, 30.6, 63.9, 125, 64.56, 87.89, , , , , 
1/30/2020 11:21:16 PM, 3292.25, 9232, 1649.8, 327.68, 222.6, 163.93, 323.87, 172.78, 245.81, 98.02, 30.6, 63.9, 125, 64.56, 87.89, , , , , 
1/30/2020 11:21:19 PM, 3292.25, 9231.75, 1649.8, 327.68, 222.6, 163.93, 323.87, 172.78, 245.81, 98.02, 30.6, 63.9, 125, 64.56, 87.89, , , , , 
1/30/2020 11:21:22 PM, 3292.25, 9231.75, 1649.8, 327.68, 222.6, 163.93, 323.87, 172.78, 245.81, 98.02, 30.6, 63.9, 125, 64.56, 87.89, , , , , 
1/30/2020 11:21:25 PM, 3292.25, 9231.75, 1649.8, 327.68, 222.6, 163.93, 323.87, 172.78, 245.81, 98.02, 30.6, 63.9, 125, 64.56, 87.89, , , , , 
1/30/2020 11:21:28 PM, 3292.25, 9231.75, 1649.8, 327.68, 222.6, 163.93, 323.87, 172.78, 245.81, 98.02, 30.6, 63.9, 125, 64.56, 87.89, , , , , 
1/30/2020 11:21:31 PM, 3292.25, 9231.75, 1649.8, 327.68, 222.6, 163.93, 323.87, 172.78, 245.81, 98.02, 30.6, 63.9, 125, 64.56, 87.89, , , , , 
1/30/2020 11:21:34 PM, 3292.25, 9231.75, 1649.8, 327.68, 222.6, 163.93, 323.87, 172.78, 245.81, 98.02, 30.6, 63.9, 125, 64.56, 87.89, , , , , 
1/30/2020 11:21:37 PM, 3292.25, 9231.5, 1649.8, 327.68, 222.6, 163.93, 323.87, 172.78, 245.81, 98.02, 30.6, 63.9, 125, 64.56, 87.89, , , , , 
1/30/2020 11:21:40 PM, 3292.25, 9231.5, 1649.8, 327.68, 222.6, 163.93, 323.87, 172.78, 245.81, 98.02, 30.6, 63.9, 125, 64.56, 87.89, , , , , 
1/30/2020 11:21:43 PM, 3292.25, 9231.5, 1649.8, 327.68, 222.6, 163.93, 323.87, 172.78, 245.81, 98.02, 30.6, 63.9, 125, 64.56, 87.89, , , , , 
1/30/2020 11:21:46 PM, 3292.25, 9231.5, 1649.8, 327.68, 222.6, 163.93, 323.87, 172.78, 245.81, 98.02, 30.6, 63.9, 125, 64.56, 87.89, , , , , 
1/30/2020 11:21:50 PM, 3292, 9231.5, 1649.8, 327.68, 222.6, 163.93, 323.87, 172.78, 245.81, 98.02, 30.6, 63.9, 125, 64.56, 87.89, , , , , 
1/30/2020 11:21:53 PM, 3292, 9231.5, 1649.8, 327.68, 222.6, 163.93, 323.87, 172.78, 245.81, 98.02, 30.6, 63.9, 125, 64.56, 87.89, , , , , 
1/30/2020 11:21:56 PM, 3292.25, 9231.5, 1649.6, 327.68, 222.6, 163.93, 323.87, 172.78, 245.81, 98.02, 30.6, 63.9, 125, 64.56, 87.89, , , , , 
1/30/2020 11:21:59 PM, 3292.25, 9231.5, 1649.6, 327.68, 222.6, 163.93, 323.87, 172.78, 245.81, 98.02, 30.6, 63.9, 125, 64.56, 87.89, , , , , 
1/30/2020 11:22:02 PM, 3292.25, 9231.5, 1649.6, 327.68, 222.6, 163.93, 323.87, 172.78, 245.81, 98.02, 30.6, 63.9, 125, 64.56, 87.89, , , , , 
1/30/2020 11:22:05 PM, 3292, 9231.5, 1649.6, 327.68, 222.6, 163.93, 323.87, 172.78, 245.81, 98.02, 30.6, 63.9, 125, 64.56, 87.89, , , , , 
1/30/2020 11:22:08 PM, 3292, 9231.25, 1649.6, 327.68, 222.6, 163.93, 323.87, 172.78, 245.81, 98.02, 30.6, 63.9, 125, 64.56, 87.89, , , , , 
1/30/2020 11:22:11 PM, 3292, 9231.25, 1649.6, 327.68, 222.6, 163.93, 323.87, 172.78, 245.81, 98.02, 30.6, 63.9, 125, 64.56, 87.89, , , , , 
1/30/2020 11:22:14 PM, 3292, 9231, 1649.6, 327.68, 222.6, 163.93, 323.87, 172.78, 245.81, 98.02, 30.6, 63.9, 125, 64.56, 87.89, , , , , 
1/30/2020 11:22:17 PM, 3292, 9231, 1649.6, 327.68, 222.6, 163.93, 323.87, 172.78, 245.81, 98.02, 30.6, 63.9, 125, 64.56, 87.89, , , , , 
1/30/2020 11:22:20 PM, 3292, 9231, 1649.6, 327.68, 222.6, 163.93, 323.87, 172.78, 245.81, 98.02, 30.6, 63.9, 125, 64.56, 87.89, , , , , 
1/30/2020 11:22:23 PM, 3292, 9231, 1649.6, 327.68, 222.6, 163.93, 323.87, 172.78, 245.81, 98.02, 30.6, 63.9, 125, 64.56, 87.89, , , , , 
1/30/2020 11:22:26 PM, 3292.25, 9231.25, 1649.6, 327.68, 222.6, 163.93, 323.87, 172.78, 245.81, 98.02, 30.6, 63.9, 125, 64.56, 87.89, , , , , 
1/30/2020 11:22:29 PM, 3292.25, 9231.25, 1649.6, 327.68, 222.6, 163.93, 323.87, 172.78, 245.81, 98.02, 30.6, 63.9, 125, 64.56, 87.89, , , , , 
1/30/2020 11:22:32 PM, 3292.25, 9231.25, 1649.6, 327.68, 222.6, 163.93, 323.87, 172.78, 245.81, 98.02, 30.6, 63.9, 125, 64.56, 87.89, , , , , 
1/30/2020 11:22:35 PM, 3292.25, 9231.5, 1649.7, 327.68, 222.6, 163.93, 323.87, 172.78, 245.81, 98.02, 30.6, 63.9, 125, 64.56, 87.89, , , , , 
1/30/2020 11:22:38 PM, 3292.25, 9231.5, 1649.7, 327.68, 222.6, 163.93, 323.87, 172.78, 245.81, 98.02, 30.6, 63.9, 125, 64.56, 87.89, , , , , 
1/30/2020 11:22:41 PM, 3292.25, 9231.5, 1649.7, 327.68, 222.6, 163.93, 323.87, 172.78, 245.81, 98.02, 30.6, 63.9, 125, 64.56, 87.89, , , , , 
1/30/2020 11:22:44 PM, 3292.25, 9231.5, 1649.7, 327.68, 222.6, 163.93, 323.87, 172.78, 245.81, 98.02, 30.6, 63.9, 125, 64.56, 87.89, , , , , 
1/30/2020 11:22:47 PM, 3292.25, 9231.5, 1649.7, 327.68, 222.6, 163.93, 323.87, 172.78, 245.81, 98.02, 30.6, 63.9, 125, 64.56, 87.89, , , , , 
1/30/2020 11:22:50 PM, 3292.25, 9232, 1649.7, 327.68, 222.6, 163.93, 323.87, 172.78, 245.81, 98.02, 30.6, 63.9, 125, 64.56, 87.89, , , , , 
1/30/2020 11:22:53 PM, 3292.25, 9232, 1649.7, 327.68, 222.6, 163.93, 323.87, 172.78, 245.81, 98.02, 30.6, 63.9, 125, 64.56, 87.89, , , , , 
1/30/2020 11:22:56 PM, 3292.5, 9231.5, 1649.7, 327.68, 222.6, 163.93, 323.87, 172.78, 245.81, 98.02, 30.6, 63.9, 125, 64.56, 87.89, , , , , 
1/30/2020 11:22:59 PM, 3292.5, 9231.5, 1649.7, 327.68, 222.6, 163.93, 323.87, 172.78, 245.81, 98.02, 30.6, 63.9, 125, 64.56, 87.89, , , , , 
1/30/2020 11:23:02 PM, 3292.5, 9231.5, 1649.7, 327.68, 222.6, 163.93, 323.87, 172.78, 245.81, 98.02, 30.6, 63.9, 125, 64.56, 87.89, , , , , 
1/30/2020 11:23:05 PM, 3292.5, 9231.75, 1649.7, 327.68, 222.6, 163.93, 323.87, 172.78, 245.81, 98.02, 30.6, 63.9, 125, 64.56, 87.89, , , , , 
1/30/2020 11:23:08 PM, 3292.5, 9231.75, 1649.7, 327.68, 222.6, 163.93, 323.87, 172.78, 245.81, 98.02, 30.6, 63.9, 125, 64.56, 87.89, , , , , 
1/30/2020 11:23:11 PM, 3292.5, 9231.75, 1649.7, 327.68, 222.6, 163.93, 323.87, 172.78, 245.81, 98.02, 30.6, 63.9, 125, 64.56, 87.89, , , , , 
1/30/2020 11:23:14 PM, 3292.5, 9231.75, 1649.7, 327.68, 222.6, 163.93, 323.87, 172.78, 245.81, 98.02, 30.6, 63.9, 125, 64.56, 87.89, , , , , 
1/30/2020 11:23:17 PM, 3292.5, 9231.75, 1649.7, 327.68, 222.6, 163.93, 323.87, 172.78, 245.81, 98.02, 30.6, 63.9, 125, 64.56, 87.89, , , , , 
1/30/2020 11:23:20 PM, 3292.25, 9231.75, 1649.7, 327.68, 222.6, 163.93, 323.87, 172.78, 245.81, 98.02, 30.6, 63.9, 125, 64.56, 87.89, , , , , 
1/30/2020 11:23:23 PM, 3292.25, 9231.5, 1649.7, 327.68, 222.6, 163.93, 323.87, 172.78, 245.81, 98.02, 30.6, 63.9, 125, 64.56, 87.89, , , , , 
1/30/2020 11:23:26 PM, 3292.25, 9231.5, 1649.7, 327.68, 222.6, 163.93, 323.87, 172.78, 245.81, 98.02, 30.6, 63.9, 125, 64.56, 87.89, , , , , 
1/30/2020 11:23:30 PM, 3292.25, 9231.5, 1649.7, 327.68, 222.6, 163.93, 323.87, 172.78, 245.81, 98.02, 30.6, 63.9, 125, 64.56, 87.89, , , , , 
1/30/2020 11:23:33 PM, 3292.5, 9231.5, 1649.7, 327.68, 222.6, 163.93, 323.87, 172.78, 245.81, 98.02, 30.6, 63.9, 125, 64.56, 87.89, , , , , 
1/30/2020 11:23:36 PM, 3292.5, 9231.5, 1649.7, 327.68, 222.6, 163.93, 323.87, 172.78, 245.81, 98.02, 30.6, 63.9, 125, 64.56, 87.89, , , , , 
1/30/2020 11:23:39 PM, 3292.5, 9231.5, 1649.7, 327.68, 222.6, 163.93, 323.87, 172.78, 245.81, 98.02, 30.6, 63.9, 125, 64.56, 87.89, , , , , 
1/30/2020 11:23:42 PM, 3292.5, 9231.5, 1649.7, 327.68, 222.6, 163.93, 323.87, 172.78, 245.81, 98.02, 30.6, 63.9, 125, 64.56, 87.89, , , , , 
1/30/2020 11:23:45 PM, 3292.5, 9231.5, 1649.7, 327.68, 222.6, 163.93, 323.87, 172.78, 245.81, 98.02, 30.6, 63.9, 125, 64.56, 87.89, , , , , 
1/30/2020 11:23:48 PM, 3292.5, 9231.5, 1649.7, 327.68, 222.6, 163.93, 323.87, 172.78, 245.81, 98.02, 30.6, 63.9, 125, 64.56, 87.89, , , , , 
1/30/2020 11:23:51 PM, 3292.5, 9231.5, 1649.7, 327.68, 222.6, 163.93, 323.87, 172.78, 245.81, 98.02, 30.6, 63.9, 125, 64.56, 87.89, , , , , 
1/30/2020 11:23:54 PM, 3292.25, 9231.5, 1649.7, 327.68, 222.6, 163.93, 323.87, 172.78, 245.81, 98.02, 30.6, 63.9, 125, 64.56, 87.89, , , , , 
1/30/2020 11:23:57 PM, 3292.25, 9231.5, 1649.7, 327.68, 222.6, 163.93, 323.87, 172.78, 245.81, 98.02, 30.6, 63.9, 125, 64.56, 87.89, , , , , 
1/30/2020 11:24:00 PM, 3292.25, 9231.5, 1649.7, 327.68, 222.6, 163.93, 323.87, 172.78, 245.81, 98.02, 30.6, 63.9, 125, 64.56, 87.89, , , , , 
1/30/2020 11:24:03 PM, 3292.25, 9231.5, 1649.7, 327.68, 222.6, 163.93, 323.87, 172.78, 245.81, 98.02, 30.6, 63.9, 125, 64.56, 87.89, , , , , 
1/30/2020 11:24:06 PM, 3292.25, 9231.5, 1649.7, 327.68, 222.6, 163.93, 323.87, 172.78, 245.81, 98.02, 30.6, 63.9, 125, 64.56, 87.89, , , , , 
1/30/2020 11:24:09 PM, 3292.25, 9231.5, 1649.7, 327.68, 222.6, 163.93, 323.87, 172.78, 245.81, 98.02, 30.6, 63.9, 125, 64.56, 87.89, , , , , 
1/30/2020 11:24:12 PM, 3292.25, 9231.5, 1649.7, 327.68, 222.6, 163.93, 323.87, 172.78, 245.81, 98.02, 30.6, 63.9, 125, 64.56, 87.89, , , , , 
1/30/2020 11:24:15 PM, 3292.25, 9231.5, 1649.7, 327.68, 222.6, 163.93, 323.87, 172.78, 245.81, 98.02, 30.6, 63.9, 125, 64.56, 87.89, , , , , 
1/30/2020 11:24:18 PM, 3292.25, 9231.75, 1649.7, 327.68, 222.6, 163.93, 323.87, 172.78, 245.81, 98.02, 30.6, 63.9, 125, 64.56, 87.89, , , , , 
1/30/2020 11:24:21 PM, 3292.25, 9232, 1649.7, 327.68, 222.6, 163.93, 323.87, 172.78, 245.81, 98.02, 30.6, 63.9, 125, 64.56, 87.89, , , , , 
1/30/2020 11:24:24 PM, 3292.25, 9232, 1649.7, 327.68, 222.6, 163.93, 323.87, 172.78, 245.81, 98.02, 30.6, 63.9, 125, 64.56, 87.89, , , , , 
1/30/2020 11:24:27 PM, 3292.25, 9231.75, 1649.7, 327.68, 222.6, 163.93, 323.87, 172.78, 245.81, 98.02, 30.6, 63.9, 125, 64.56, 87.89, , , , , 
1/30/2020 11:24:30 PM, 3292.25, 9231.75, 1649.7, 327.68, 222.6, 163.93, 323.87, 172.78, 245.81, 98.02, 30.6, 63.9, 125, 64.56, 87.89, , , , , 
1/30/2020 11:24:33 PM, 3292.25, 9232, 1649.7, 327.68, 222.6, 163.93, 323.87, 172.78, 245.81, 98.02, 30.6, 63.9, 125, 64.56, 87.89, , , , , 
1/30/2020 11:24:36 PM, 3292.25, 9232, 1649.7, 327.68, 222.6, 163.93, 323.87, 172.78, 245.81, 98.02, 30.6, 63.9, 125, 64.56, 87.89, , , , , 
1/30/2020 11:24:39 PM, 3292.25, 9231.75, 1649.7, 327.68, 222.6, 163.93, 323.87, 172.78, 245.81, 98.02, 30.6, 63.9, 125, 64.56, 87.89, , , , , 
1/30/2020 11:24:42 PM, 3292.25, 9231.75, 1649.7, 327.68, 222.6, 163.93, 323.87, 172.78, 245.81, 98.02, 30.6, 63.9, 125, 64.56, 87.89, , , , , 
1/30/2020 11:24:45 PM, 3292.25, 9231.75, 1649.7, 327.68, 222.6, 163.93, 323.87, 172.78, 245.81, 98.02, 30.6, 63.9, 125, 64.56, 87.89, , , , , 
1/30/2020 11:24:48 PM, 3292.25, 9232, 1649.7, 327.68, 222.6, 163.93, 323.87, 172.78, 245.81, 98.02, 30.6, 63.9, 125, 64.56, 87.89, , , , , 
1/30/2020 11:24:51 PM, 3292.25, 9232, 1649.7, 327.68, 222.6, 163.93, 323.87, 172.78, 245.81, 98.02, 30.6, 63.9, 125, 64.56, 87.89, , , , , 
1/30/2020 11:24:54 PM, 3292.25, 9231.75, 1649.7, 327.68, 222.6, 163.93, 323.87, 172.78, 245.81, 98.02, 30.6, 63.9, 125, 64.56, 87.89, , , , , 
1/30/2020 11:24:57 PM, 3292.25, 9231.75, 1649.7, 327.68, 222.6, 163.93, 323.87, 172.78, 245.81, 98.02, 30.6, 63.9, 125, 64.56, 87.89, , , , , 
1/30/2020 11:25:00 PM, 3292.5, 9231.75, 1649.7, 327.68, 222.6, 163.93, 323.87, 172.78, 245.81, 98.02, 30.6, 63.9, 125, 64.56, 87.89, , , , , 
1/30/2020 11:25:03 PM, 3292.5, 9231.75, 1649.7, 327.68, 222.6, 163.93, 323.87, 172.78, 245.81, 98.02, 30.6, 63.9, 125, 64.56, 87.89, , , , , 
1/30/2020 11:25:06 PM, 3292.5, 9231.75, 1649.7, 327.68, 222.6, 163.93, 323.87, 172.78, 245.81, 98.02, 30.6, 63.9, 125, 64.56, 87.89, , , , , 
1/30/2020 11:25:10 PM, 3292.5, 9231.75, 1649.7, 327.68, 222.6, 163.93, 323.87, 172.78, 245.81, 98.02, 30.6, 63.9, 125, 64.56, 87.89, , , , , 
1/30/2020 11:25:13 PM, 3292.5, 9231.75, 1649.7, 327.68, 222.6, 163.93, 323.87, 172.78, 245.81, 98.02, 30.6, 63.9, 125, 64.56, 87.89, , , , , 
1/30/2020 11:25:16 PM, 3292.5, 9231.5, 1649.7, 327.68, 222.6, 163.93, 323.87, 172.78, 245.81, 98.02, 30.6, 63.9, 125, 64.56, 87.89, , , , , 
1/30/2020 11:25:19 PM, 3292.5, 9231.5, 1649.7, 327.68, 222.6, 163.93, 323.87, 172.78, 245.81, 98.02, 30.6, 63.9, 125, 64.56, 87.89, , , , , 
1/30/2020 11:25:22 PM, 3292.5, 9231.5, 1649.7, 327.68, 222.6, 163.93, 323.87, 172.78, 245.81, 98.02, 30.6, 63.9, 125, 64.56, 87.89, , , , , 
1/30/2020 11:25:25 PM, 3292.5, 9232, 1649.7, 327.68, 222.6, 163.93, 323.87, 172.78, 245.81, 98.02, 30.6, 63.9, 125, 64.56, 87.89, , , , , 
1/30/2020 11:25:28 PM, 3292.25, 9231.5, 1649.6, 327.68, 222.6, 163.93, 323.87, 172.78, 245.81, 98.02, 30.6, 63.9, 125, 64.56, 87.89, , , , , 
1/30/2020 11:25:31 PM, 3291.75, 9230.75, 1649.6, 327.68, 222.6, 163.93, 323.87, 172.78, 245.81, 98.02, 30.6, 63.9, 125, 64.56, 87.89, , , , , 
1/30/2020 11:25:34 PM, 3292, 9230.75, 1649.6, 327.68, 222.6, 163.93, 323.87, 172.78, 245.81, 98.02, 30.6, 63.9, 125, 64.56, 87.89, , , , , 
1/30/2020 11:25:37 PM, 3291.75, 9230.5, 1649.6, 327.68, 222.6, 163.93, 323.87, 172.78, 245.81, 98.02, 30.6, 63.9, 125, 64.56, 87.89, , , , , 
1/30/2020 11:25:40 PM, 3291.75, 9230.5, 1649.6, 327.68, 222.6, 163.93, 323.87, 172.78, 245.81, 98.02, 30.6, 63.9, 125, 64.56, 87.89, , , , , 
1/30/2020 11:25:43 PM, 3291.75, 9230.25, 1649.6, 327.68, 222.6, 163.93, 323.87, 172.78, 245.81, 98.02, 30.6, 63.9, 125, 64.56, 87.89, , , , , 
1/30/2020 11:25:46 PM, 3291.75, 9230.25, 1649.4, 327.68, 222.6, 163.93, 323.87, 172.78, 245.81, 98.02, 30.6, 63.9, 125, 64.56, 87.89, , , , , 
1/30/2020 11:25:49 PM, 3292, 9230.25, 1649.4, 327.68, 222.6, 163.93, 323.87, 172.78, 245.81, 98.02, 30.6, 63.9, 125, 64.56, 87.89, , , , , 
1/30/2020 11:25:52 PM, 3291.75, 9230.25, 1649.4, 327.68, 222.6, 163.93, 323.87, 172.78, 245.81, 98.02, 30.6, 63.9, 125, 64.56, 87.89, , , , , 
1/30/2020 11:25:55 PM, 3291.75, 9230.25, 1649.4, 327.68, 222.6, 163.93, 323.87, 172.78, 245.81, 98.02, 30.6, 63.9, 125, 64.56, 87.89, , , , , 
1/30/2020 11:25:58 PM, 3291.75, 9230.5, 1649.4, 327.68, 222.6, 163.93, 323.87, 172.78, 245.81, 98.02, 30.6, 63.9, 125, 64.56, 87.89, , , , , 
1/30/2020 11:26:01 PM, 3291.75, 9230.5, 1649.4, 327.68, 222.6, 163.93, 323.87, 172.78, 245.81, 98.02, 30.6, 63.9, 125, 64.56, 87.89, , , , , 
1/30/2020 11:26:04 PM, 3291.75, 9230.5, 1649.3, 327.68, 222.6, 163.93, 323.87, 172.78, 245.81, 98.02, 30.6, 63.9, 125, 64.56, 87.89, , , , , 
1/30/2020 11:26:07 PM, 3291.75, 9230.5, 1649.3, 327.68, 222.6, 163.93, 323.87, 172.78, 245.81, 98.02, 30.6, 63.9, 125, 64.56, 87.89, , , , , 
1/30/2020 11:26:10 PM, 3291.75, 9230.5, 1649.3, 327.68, 222.6, 163.93, 323.87, 172.78, 245.81, 98.02, 30.6, 63.9, 125, 64.56, 87.89, , , , , 
1/30/2020 11:26:13 PM, 3291.75, 9230.5, 1649.3, 327.68, 222.6, 163.93, 323.87, 172.78, 245.81, 98.02, 30.6, 63.9, 125, 64.56, 87.89, , , , , 
1/30/2020 11:26:16 PM, 3291.5, 9230.5, 1649.3, 327.68, 222.6, 163.93, 323.87, 172.78, 245.81, 98.02, 30.6, 63.9, 125, 64.56, 87.89, , , , , 
1/30/2020 11:26:19 PM, 3291.5, 9231, 1649.2, 327.68, 222.6, 163.93, 323.87, 172.78, 245.81, 98.02, 30.6, 63.9, 125, 64.56, 87.89, , , , , 
1/30/2020 11:26:22 PM, 3291.5, 9231, 1649.2, 327.68, 222.6, 163.93, 323.87, 172.78, 245.81, 98.02, 30.6, 63.9, 125, 64.56, 87.89, , , , , 
1/30/2020 11:26:25 PM, 3291.5, 9230.75, 1649.2, 327.68, 222.6, 163.93, 323.87, 172.78, 245.81, 98.02, 30.6, 63.9, 125, 64.56, 87.89, , , , , 
1/30/2020 11:26:28 PM, 3291.75, 9230.75, 1649.2, 327.68, 222.6, 163.93, 323.87, 172.78, 245.81, 98.02, 30.6, 63.9, 125, 64.56, 87.89, , , , , 
1/30/2020 11:26:31 PM, 3291.75, 9230.5, 1649.2, 327.68, 222.6, 163.93, 323.87, 172.78, 245.81, 98.02, 30.6, 63.9, 125, 64.56, 87.89, , , , , 
1/30/2020 11:26:34 PM, 3291.75, 9230.5, 1649.2, 327.68, 222.6, 163.93, 323.87, 172.78, 245.81, 98.02, 30.6, 63.9, 125, 64.56, 87.89, , , , , 
1/30/2020 11:26:37 PM, 3291.75, 9231, 1649.2, 327.68, 222.6, 163.93, 323.87, 172.78, 245.81, 98.02, 30.6, 63.9, 125, 64.56, 87.89, , , , , 
1/30/2020 11:26:40 PM, 3291.75, 9231, 1649.2, 327.68, 222.6, 163.93, 323.87, 172.78, 245.81, 98.02, 30.6, 63.9, 125, 64.56, 87.89, , , , , 
1/30/2020 11:26:43 PM, 3292, 9231.25, 1649.4, 327.68, 222.6, 163.93, 323.87, 172.78, 245.81, 98.02, 30.6, 63.9, 125, 64.56, 87.89, , , , , 
1/30/2020 11:26:46 PM, 3292, 9231.25, 1649.4, 327.68, 222.6, 163.93, 323.87, 172.78, 245.81, 98.02, 30.6, 63.9, 125, 64.56, 87.89, , , , , 
1/30/2020 11:26:49 PM, 3292, 9231.25, 1649.4, 327.68, 222.6, 163.93, 323.87, 172.78, 245.81, 98.02, 30.6, 63.9, 125, 64.56, 87.89, , , , , 
1/30/2020 11:26:52 PM, 3292, 9231.25, 1649.4, 327.68, 222.6, 163.93, 323.87, 172.78, 245.81, 98.02, 30.6, 63.9, 125, 64.56, 87.89, , , , , 
1/30/2020 11:26:55 PM, 3291.75, 9231.25, 1649.4, 327.68, 222.6, 163.93, 323.87, 172.78, 245.81, 98.02, 30.6, 63.9, 125, 64.56, 87.89, , , , , 
1/30/2020 11:26:59 PM, 3291.75, 9231, 1649.4, 327.68, 222.6, 163.93, 323.87, 172.78, 245.81, 98.02, 30.6, 63.9, 125, 64.56, 87.89, , , , , 
1/30/2020 11:27:02 PM, 3291.75, 9231, 1649.4, 327.68, 222.6, 163.93, 323.87, 172.78, 245.81, 98.02, 30.6, 63.9, 125, 64.56, 87.89, , , , , 
1/30/2020 11:27:05 PM, 3291.75, 9231, 1649.4, 327.68, 222.6, 163.93, 323.87, 172.78, 245.81, 98.02, 30.6, 63.9, 125, 64.56, 87.89, , , , , 
1/30/2020 11:27:08 PM, 3291.75, 9231, 1649.4, 327.68, 222.6, 163.93, 323.87, 172.78, 245.81, 98.02, 30.6, 63.9, 125, 64.56, 87.89, , , , , 
1/30/2020 11:27:11 PM, 3291.75, 9231, 1649.4, 327.68, 222.6, 163.93, 323.87, 172.78, 245.81, 98.02, 30.6, 63.9, 125, 64.56, 87.89, , , , , 
1/30/2020 11:27:14 PM, 3291.75, 9231, 1649.4, 327.68, 222.6, 163.93, 323.87, 172.78, 245.81, 98.02, 30.6, 63.9, 125, 64.56, 87.89, , , , , 
1/30/2020 11:27:17 PM, 3291.75, 9231, 1649.4, 327.68, 222.6, 163.93, 323.87, 172.78, 245.81, 98.02, 30.6, 63.9, 125, 64.56, 87.89, , , , , 
1/30/2020 11:27:20 PM, 3291.75, 9231, 1649.4, 327.68, 222.6, 163.93, 323.87, 172.78, 245.81, 98.02, 30.6, 63.9, 125, 64.56, 87.89, , , , , 
1/30/2020 11:27:23 PM, 3291.75, 9231, 1649.4, 327.68, 222.6, 163.93, 323.87, 172.78, 245.81, 98.02, 30.6, 63.9, 125, 64.56, 87.89, , , , , 
1/30/2020 11:27:26 PM, 3291.75, 9231, 1649.4, 327.68, 222.6, 163.93, 323.87, 172.78, 245.81, 98.02, 30.6, 63.9, 125, 64.56, 87.89, , , , , 
1/30/2020 11:27:29 PM, 3291.75, 9230.75, 1649.4, 327.68, 222.6, 163.93, 323.87, 172.78, 245.81, 98.02, 30.6, 63.9, 125, 64.56, 87.89, , , , , 
1/30/2020 11:27:32 PM, 3291.75, 9231, 1649.4, 327.68, 222.6, 163.93, 323.87, 172.78, 245.81, 98.02, 30.6, 63.9, 125, 64.56, 87.89, , , , , 
1/30/2020 11:27:35 PM, 3291.75, 9231, 1649.4, 327.68, 222.6, 163.93, 323.87, 172.78, 245.81, 98.02, 30.6, 63.9, 125, 64.56, 87.89, , , , , 
1/30/2020 11:27:38 PM, 3291.75, 9231, 1649.4, 327.68, 222.6, 163.93, 323.87, 172.78, 245.81, 98.02, 30.6, 63.9, 125, 64.56, 87.89, , , , , 
1/30/2020 11:27:41 PM, 3291.75, 9231, 1649.4, 327.68, 222.6, 163.93, 323.87, 172.78, 245.81, 98.02, 30.6, 63.9, 125, 64.56, 87.89, , , , , 
1/30/2020 11:27:44 PM, 3291.75, 9231, 1649.4, 327.68, 222.6, 163.93, 323.87, 172.78, 245.81, 98.02, 30.6, 63.9, 125, 64.56, 87.89, , , , , 
1/30/2020 11:27:47 PM, 3291.75, 9231.25, 1649.4, 327.68, 222.6, 163.93, 323.87, 172.78, 245.81, 98.02, 30.6, 63.9, 125, 64.56, 87.89, , , , , 
1/30/2020 11:27:50 PM, 3291.75, 9231.25, 1649.4, 327.68, 222.6, 163.93, 323.87, 172.78, 245.81, 98.02, 30.6, 63.9, 125, 64.56, 87.89, , , , , 
1/30/2020 11:27:53 PM, 3291.75, 9231.25, 1649.4, 327.68, 222.6, 163.93, 323.87, 172.78, 245.81, 98.02, 30.6, 63.9, 125, 64.56, 87.89, , , , , 
1/30/2020 11:27:56 PM, 3291.75, 9231.25, 1649.4, 327.68, 222.6, 163.93, 323.87, 172.78, 245.81, 98.02, 30.6, 63.9, 125, 64.56, 87.89, , , , , 
1/30/2020 11:27:59 PM, 3291.75, 9231.25, 1649.4, 327.68, 222.6, 163.93, 323.87, 172.78, 245.81, 98.02, 30.6, 63.9, 125, 64.56, 87.89, , , , , 
1/30/2020 11:28:02 PM, 3291.75, 9231, 1649.4, 327.68, 222.6, 163.93, 323.87, 172.78, 245.81, 98.02, 30.6, 63.9, 125, 64.56, 87.89, , , , , 
1/30/2020 11:28:05 PM, 3291.75, 9231, 1649.4, 327.68, 222.6, 163.93, 323.87, 172.78, 245.81, 98.02, 30.6, 63.9, 125, 64.56, 87.89, , , , , 
1/30/2020 11:28:08 PM, 3292, 9231.5, 1649.6, 327.68, 222.6, 163.93, 323.87, 172.78, 245.81, 98.02, 30.6, 63.9, 125, 64.56, 87.89, , , , , 
1/30/2020 11:28:11 PM, 3292, 9231.5, 1649.6, 327.68, 222.6, 163.93, 323.87, 172.78, 245.81, 98.02, 30.6, 63.9, 125, 64.56, 87.89, , , , , 
1/30/2020 11:28:14 PM, 3292, 9231.5, 1649.6, 327.68, 222.6, 163.93, 323.87, 172.78, 245.81, 98.02, 30.6, 63.9, 125, 64.56, 87.89, , , , , 
1/30/2020 11:28:17 PM, 3292, 9231.5, 1649.6, 327.68, 222.6, 163.93, 323.87, 172.78, 245.81, 98.02, 30.6, 63.9, 125, 64.56, 87.89, , , , , 
1/30/2020 11:28:20 PM, 3292, 9231.5, 1649.6, 327.68, 222.6, 163.93, 323.87, 172.78, 245.81, 98.02, 30.6, 63.9, 125, 64.56, 87.89, , , , , 
1/30/2020 11:28:23 PM, 3292, 9231.5, 1649.6, 327.68, 222.6, 163.93, 323.87, 172.78, 245.81, 98.02, 30.6, 63.9, 125, 64.56, 87.89, , , , , 
1/30/2020 11:28:26 PM, 3292, 9231.25, 1649.6, 327.68, 222.6, 163.93, 323.87, 172.78, 245.81, 98.02, 30.6, 63.9, 125, 64.56, 87.89, , , , , 
1/30/2020 11:28:29 PM, 3292, 9231.25, 1649.6, 327.68, 222.6, 163.93, 323.87, 172.78, 245.81, 98.02, 30.6, 63.9, 125, 64.56, 87.89, , , , , 
1/30/2020 11:28:32 PM, 3292, 9231.5, 1649.6, 327.68, 222.6, 163.93, 323.87, 172.78, 245.81, 98.02, 30.6, 63.9, 125, 64.56, 87.89, , , , , 
1/30/2020 11:28:35 PM, 3292, 9231.5, 1649.6, 327.68, 222.6, 163.93, 323.87, 172.78, 245.81, 98.02, 30.6, 63.9, 125, 64.56, 87.89, , , , , 
1/30/2020 11:28:38 PM, 3292, 9231.5, 1649.6, 327.68, 222.6, 163.93, 323.87, 172.78, 245.81, 98.02, 30.6, 63.9, 125, 64.56, 87.89, , , , , 
1/30/2020 11:28:42 PM, 3292, 9231.5, 1649.6, 327.68, 222.6, 163.93, 323.87, 172.78, 245.81, 98.02, 30.6, 63.9, 125, 64.56, 87.89, , , , , 
1/30/2020 11:28:45 PM, 3292, 9232, 1649.5, 327.68, 222.6, 163.93, 323.87, 172.78, 245.81, 98.02, 30.6, 63.9, 125, 64.56, 87.89, , , , , 
1/30/2020 11:28:48 PM, 3292, 9232, 1649.5, 327.68, 222.6, 163.93, 323.87, 172.78, 245.81, 98.02, 30.6, 63.9, 125, 64.56, 87.89, , , , , 
1/30/2020 11:28:51 PM, 3292, 9232, 1649.5, 327.68, 222.6, 163.93, 323.87, 172.78, 245.81, 98.02, 30.6, 63.9, 125, 64.56, 87.89, , , , , 
1/30/2020 11:28:54 PM, 3292, 9231.75, 1649.5, 327.68, 222.6, 163.93, 323.87, 172.78, 245.81, 98.02, 30.6, 63.9, 125, 64.56, 87.89, , , , , 
1/30/2020 11:28:57 PM, 3292.25, 9231.75, 1649.5, 327.68, 222.6, 163.93, 323.87, 172.78, 245.81, 98.02, 30.6, 63.9, 125, 64.56, 87.89, , , , , 
1/30/2020 11:29:00 PM, 3292.25, 9231.75, 1649.5, 327.68, 222.6, 163.93, 323.87, 172.78, 245.81, 98.02, 30.6, 63.9, 125, 64.56, 87.89, , , , , 
1/30/2020 11:29:03 PM, 3292.25, 9231.75, 1649.5, 327.68, 222.6, 163.93, 323.87, 172.78, 245.81, 98.02, 30.6, 63.9, 125, 64.56, 87.89, , , , , 
1/30/2020 11:29:06 PM, 3292, 9232, 1649.5, 327.68, 222.6, 163.93, 323.87, 172.78, 245.81, 98.02, 30.6, 63.9, 125, 64.56, 87.89, , , , , 
1/30/2020 11:29:09 PM, 3292, 9232, 1649.5, 327.68, 222.6, 163.93, 323.87, 172.78, 245.81, 98.02, 30.6, 63.9, 125, 64.56, 87.89, , , , , 
1/30/2020 11:29:12 PM, 3292, 9232, 1649.5, 327.68, 222.6, 163.93, 323.87, 172.78, 245.81, 98.02, 30.6, 63.9, 125, 64.56, 87.89, , , , , 
1/30/2020 11:29:15 PM, 3292, 9232, 1649.5, 327.68, 222.6, 163.93, 323.87, 172.78, 245.81, 98.02, 30.6, 63.9, 125, 64.56, 87.89, , , , , 
1/30/2020 11:29:18 PM, 3292, 9231.75, 1649.5, 327.68, 222.6, 163.93, 323.87, 172.78, 245.81, 98.02, 30.6, 63.9, 125, 64.56, 87.89, , , , , 
1/30/2020 11:29:21 PM, 3292, 9231.75, 1649.5, 327.68, 222.6, 163.93, 323.87, 172.78, 245.81, 98.02, 30.6, 63.9, 125, 64.56, 87.89, , , , , 
1/30/2020 11:29:24 PM, 3292, 9231.5, 1649.5, 327.68, 222.6, 163.93, 323.87, 172.78, 245.81, 98.02, 30.6, 63.9, 125, 64.56, 87.89, , , , , 
1/30/2020 11:29:27 PM, 3292, 9231.5, 1649.5, 327.68, 222.6, 163.93, 323.87, 172.78, 245.81, 98.02, 30.6, 63.9, 125, 64.56, 87.89, , , , , 
1/30/2020 11:29:30 PM, 3292, 9231.5, 1649.5, 327.68, 222.6, 163.93, 323.87, 172.78, 245.81, 98.02, 30.6, 63.9, 125, 64.56, 87.89, , , , , 
1/30/2020 11:29:33 PM, 3292, 9231.25, 1649.5, 327.68, 222.6, 163.93, 323.87, 172.78, 245.81, 98.02, 30.6, 63.9, 125, 64.56, 87.89, , , , , 
1/30/2020 11:29:36 PM, 3292, 9231.25, 1649.5, 327.68, 222.6, 163.93, 323.87, 172.78, 245.81, 98.02, 30.6, 63.9, 125, 64.56, 87.89, , , , , 
1/30/2020 11:29:39 PM, 3292.25, 9231.25, 1649.5, 327.68, 222.6, 163.93, 323.87, 172.78, 245.81, 98.02, 30.6, 63.9, 125, 64.56, 87.89, , , , , 
1/30/2020 11:29:42 PM, 3292.25, 9231.25, 1649.5, 327.68, 222.6, 163.93, 323.87, 172.78, 245.81, 98.02, 30.6, 63.9, 125, 64.56, 87.89, , , , , 
1/30/2020 11:29:45 PM, 3292.25, 9231.25, 1649.5, 327.68, 222.6, 163.93, 323.87, 172.78, 245.81, 98.02, 30.6, 63.9, 125, 64.56, 87.89, , , , , 
1/30/2020 11:29:48 PM, 3292, 9231.5, 1649.5, 327.68, 222.6, 163.93, 323.87, 172.78, 245.81, 98.02, 30.6, 63.9, 125, 64.56, 87.89, , , , , 
1/30/2020 11:29:51 PM, 3292, 9231.5, 1649.5, 327.68, 222.6, 163.93, 323.87, 172.78, 245.81, 98.02, 30.6, 63.9, 125, 64.56, 87.89, , , , , 
1/30/2020 11:29:54 PM, 3292, 9231.25, 1649.5, 327.68, 222.6, 163.93, 323.87, 172.78, 245.81, 98.02, 30.6, 63.9, 125, 64.56, 87.89, , , , , 
1/30/2020 11:29:57 PM, 3292.25, 9231.25, 1649.5, 327.68, 222.6, 163.93, 323.87, 172.78, 245.81, 98.02, 30.6, 63.9, 125, 64.56, 87.89, , , , , 
1/30/2020 11:30:00 PM, 3292.25, 9231.25, 1649.5, 327.68, 222.6, 163.93, 323.87, 172.78, 245.81, 98.02, 30.6, 63.9, 125, 64.56, 87.89, , , , , 
1/30/2020 11:30:03 PM, 3292, 9231.25, 1649.5, 327.68, 222.6, 163.93, 323.87, 172.78, 245.81, 98.02, 30.6, 63.9, 125, 64.56, 87.89, , , , , 
1/30/2020 11:30:06 PM, 3292, 9231.25, 1649.5, 327.68, 222.6, 163.93, 323.87, 172.78, 245.81, 98.02, 30.6, 63.9, 125, 64.56, 87.89, , , , , 
1/30/2020 11:30:09 PM, 3292, 9231.25, 1649.5, 327.68, 222.6, 163.93, 323.87, 172.78, 245.81, 98.02, 30.6, 63.9, 125, 64.56, 87.89, , , , , 
1/30/2020 11:30:12 PM, 3292, 9231.25, 1649.5, 327.68, 222.6, 163.93, 323.87, 172.78, 245.81, 98.02, 30.6, 63.9, 125, 64.56, 87.89, , , , , 
1/30/2020 11:30:15 PM, 3292, 9231.75, 1649.5, 327.68, 222.6, 163.93, 323.87, 172.78, 245.81, 98.02, 30.6, 63.9, 125, 64.56, 87.89, , , , , 
1/30/2020 11:30:18 PM, 3292, 9231.75, 1649.5, 327.68, 222.6, 163.93, 323.87, 172.78, 245.81, 98.02, 30.6, 63.9, 125, 64.56, 87.89, , , , , 
1/30/2020 11:30:21 PM, 3292.25, 9232, 1649.8, 327.68, 222.6, 163.93, 323.87, 172.78, 245.81, 98.02, 30.6, 63.9, 125, 64.56, 87.89, , , , , 
1/30/2020 11:30:24 PM, 3292.25, 9232, 1649.8, 327.68, 222.6, 163.93, 323.87, 172.78, 245.81, 98.02, 30.6, 63.9, 125, 64.56, 87.89, , , , , 
1/30/2020 11:30:27 PM, 3292.25, 9232.25, 1649.8, 327.68, 222.6, 163.93, 323.87, 172.78, 245.81, 98.02, 30.6, 63.9, 125, 64.56, 87.89, , , , , 
1/30/2020 11:30:31 PM, 3292.25, 9232.25, 1649.8, 327.68, 222.6, 163.93, 323.87, 172.78, 245.81, 98.02, 30.6, 63.9, 125, 64.56, 87.89, , , , , 
1/30/2020 11:30:34 PM, 3292.25, 9232.5, 1649.8, 327.68, 222.6, 163.93, 323.87, 172.78, 245.81, 98.02, 30.6, 63.9, 125, 64.56, 87.89, , , , , 
1/30/2020 11:30:37 PM, 3292.25, 9232, 1649.8, 327.68, 222.6, 163.93, 323.87, 172.78, 245.81, 98.02, 30.6, 63.9, 125, 64.56, 87.89, , , , , 
1/30/2020 11:30:40 PM, 3292.25, 9232.5, 1649.8, 327.68, 222.6, 163.93, 323.87, 172.78, 245.81, 98.02, 30.6, 63.9, 125, 64.56, 87.89, , , , , 
1/30/2020 11:30:43 PM, 3292.25, 9232.5, 1649.8, 327.68, 222.6, 163.93, 323.87, 172.78, 245.81, 98.02, 30.6, 63.9, 125, 64.56, 87.89, , , , , 
1/30/2020 11:30:46 PM, 3292.25, 9232.75, 1649.8, 327.68, 222.6, 163.93, 323.87, 172.78, 245.81, 98.02, 30.6, 63.9, 125, 64.56, 87.89, , , , , 
1/30/2020 11:30:49 PM, 3292.25, 9232.75, 1649.8, 327.68, 222.6, 163.93, 323.87, 172.78, 245.81, 98.02, 30.6, 63.9, 125, 64.56, 87.89, , , , , 
1/30/2020 11:30:52 PM, 3292.75, 9234, 1650.1, 327.68, 222.6, 163.93, 323.87, 172.78, 245.81, 98.02, 30.6, 63.9, 125, 64.56, 87.89, , , , , 
1/30/2020 11:30:55 PM, 3293, 9233.75, 1650.1, 327.68, 222.6, 163.93, 323.87, 172.78, 245.81, 98.02, 30.6, 63.9, 125, 64.56, 87.89, , , , , 
1/30/2020 11:30:58 PM, 3293, 9233.5, 1650.1, 327.68, 222.6, 163.93, 323.87, 172.78, 245.81, 98.02, 30.6, 63.9, 125, 64.56, 87.89, , , , , 
1/30/2020 11:31:01 PM, 3292.75, 9233.25, 1650.1, 327.68, 222.6, 163.93, 323.87, 172.78, 245.81, 98.02, 30.6, 63.9, 125, 64.56, 87.89, , , , , 
1/30/2020 11:31:04 PM, 3292.75, 9233.75, 1650.1, 327.68, 222.6, 163.93, 323.87, 172.78, 245.81, 98.02, 30.6, 63.9, 125, 64.56, 87.89, , , , , 
1/30/2020 11:31:07 PM, 3292.75, 9233.5, 1650, 327.68, 222.6, 163.93, 323.87, 172.78, 245.81, 98.02, 30.6, 63.9, 125, 64.56, 87.89, , , , , 
1/30/2020 11:31:10 PM, 3292.75, 9233.5, 1650, 327.68, 222.6, 163.93, 323.87, 172.78, 245.81, 98.02, 30.6, 63.9, 125, 64.56, 87.89, , , , , 
1/30/2020 11:31:13 PM, 3292.75, 9233.5, 1650, 327.68, 222.6, 163.93, 323.87, 172.78, 245.81, 98.02, 30.6, 63.9, 125, 64.56, 87.89, , , , , 
1/30/2020 11:31:16 PM, 3292.75, 9234, 1650, 327.68, 222.6, 163.93, 323.87, 172.78, 245.81, 98.02, 30.6, 63.9, 125, 64.56, 87.89, , , , , 
1/30/2020 11:31:19 PM, 3293, 9234, 1650, 327.68, 222.6, 163.93, 323.87, 172.78, 245.81, 98.02, 30.6, 63.9, 125, 64.56, 87.89, , , , , 
1/30/2020 11:31:22 PM, 3293, 9234, 1650, 327.68, 222.6, 163.93, 323.87, 172.78, 245.81, 98.02, 30.6, 63.9, 125, 64.56, 87.89, , , , , 
1/30/2020 11:31:25 PM, 3293, 9234.25, 1650, 327.68, 222.6, 163.93, 323.87, 172.78, 245.81, 98.02, 30.6, 63.9, 125, 64.56, 87.89, , , , , 
1/30/2020 11:31:28 PM, 3293, 9234.25, 1650, 327.68, 222.6, 163.93, 323.87, 172.78, 245.81, 98.02, 30.6, 63.9, 125, 64.56, 87.89, , , , , 
1/30/2020 11:31:31 PM, 3293, 9234, 1650, 327.68, 222.6, 163.93, 323.87, 172.78, 245.81, 98.02, 30.6, 63.9, 125, 64.56, 87.89, , , , , 
1/30/2020 11:31:34 PM, 3293, 9234, 1650, 327.68, 222.6, 163.93, 323.87, 172.78, 245.81, 98.02, 30.6, 63.9, 125, 64.56, 87.89, , , , , 
1/30/2020 11:31:37 PM, 3293, 9233.5, 1650, 327.68, 222.6, 163.93, 323.87, 172.78, 245.81, 98.02, 30.6, 63.9, 125, 64.56, 87.89, , , , , 
1/30/2020 11:31:40 PM, 3293, 9233.25, 1650, 327.68, 222.6, 163.93, 323.87, 172.78, 245.81, 98.02, 30.6, 63.9, 125, 64.56, 87.89, , , , , 
1/30/2020 11:31:43 PM, 3293, 9233, 1650, 327.68, 222.6, 163.93, 323.87, 172.78, 245.81, 98.02, 30.6, 63.9, 125, 64.56, 87.89, , , , , 
1/30/2020 11:31:46 PM, 3292.75, 9233, 1650, 327.68, 222.6, 163.93, 323.87, 172.78, 245.81, 98.02, 30.6, 63.9, 125, 64.56, 87.89, , , , , 
1/30/2020 11:31:49 PM, 3292.75, 9233, 1650, 327.68, 222.6, 163.93, 323.87, 172.78, 245.81, 98.02, 30.6, 63.9, 125, 64.56, 87.89, , , , , 
1/30/2020 11:31:52 PM, 3292.75, 9233, 1650, 327.68, 222.6, 163.93, 323.87, 172.78, 245.81, 98.02, 30.6, 63.9, 125, 64.56, 87.89, , , , , 
1/30/2020 11:31:55 PM, 3292.75, 9233, 1650, 327.68, 222.6, 163.93, 323.87, 172.78, 245.81, 98.02, 30.6, 63.9, 125, 64.56, 87.89, , , , , 
1/30/2020 11:31:58 PM, 3292.75, 9233, 1650, 327.68, 222.6, 163.93, 323.87, 172.78, 245.81, 98.02, 30.6, 63.9, 125, 64.56, 87.89, , , , , 
1/30/2020 11:32:01 PM, 3292.75, 9233, 1650, 327.68, 222.6, 163.93, 323.87, 172.78, 245.81, 98.02, 30.6, 63.9, 125, 64.56, 87.89, , , , , 
1/30/2020 11:32:04 PM, 3292.75, 9233, 1650, 327.68, 222.6, 163.93, 323.87, 172.78, 245.81, 98.02, 30.6, 63.9, 125, 64.56, 87.89, , , , , 
1/30/2020 11:32:08 PM, 3292.5, 9232.75, 1650, 327.68, 222.6, 163.93, 323.87, 172.78, 245.81, 98.02, 30.6, 63.9, 125, 64.56, 87.89, , , , , 
1/30/2020 11:32:11 PM, 3292.5, 9232.75, 1650, 327.68, 222.6, 163.93, 323.87, 172.78, 245.81, 98.02, 30.6, 63.9, 125, 64.56, 87.89, , , , , 
1/30/2020 11:32:14 PM, 3292.5, 9232.75, 1650, 327.68, 222.6, 163.93, 323.87, 172.78, 245.81, 98.02, 30.6, 63.9, 125, 64.56, 87.89, , , , , 
1/30/2020 11:32:17 PM, 3292.5, 9233, 1650, 327.68, 222.6, 163.93, 323.87, 172.78, 245.81, 98.02, 30.6, 63.9, 125, 64.56, 87.89, , , , , 
1/30/2020 11:32:20 PM, 3292.5, 9233, 1650, 327.68, 222.6, 163.93, 323.87, 172.78, 245.81, 98.02, 30.6, 63.9, 125, 64.56, 87.89, , , , , 
1/30/2020 11:32:23 PM, 3292.5, 9233, 1650, 327.68, 222.6, 163.93, 323.87, 172.78, 245.81, 98.02, 30.6, 63.9, 125, 64.56, 87.89, , , , , 
1/30/2020 11:32:26 PM, 3292.5, 9233, 1650, 327.68, 222.6, 163.93, 323.87, 172.78, 245.81, 98.02, 30.6, 63.9, 125, 64.56, 87.89, , , , , 
1/30/2020 11:32:29 PM, 3292.5, 9233, 1650, 327.68, 222.6, 163.93, 323.87, 172.78, 245.81, 98.02, 30.6, 63.9, 125, 64.56, 87.89, , , , , 
1/30/2020 11:32:32 PM, 3292.75, 9233.25, 1650, 327.68, 222.6, 163.93, 323.87, 172.78, 245.81, 98.02, 30.6, 63.9, 125, 64.56, 87.89, , , , , 
1/30/2020 11:32:35 PM, 3292.75, 9233.25, 1650, 327.68, 222.6, 163.93, 323.87, 172.78, 245.81, 98.02, 30.6, 63.9, 125, 64.56, 87.89, , , , , 
1/30/2020 11:32:38 PM, 3292.75, 9233.25, 1650, 327.68, 222.6, 163.93, 323.87, 172.78, 245.81, 98.02, 30.6, 63.9, 125, 64.56, 87.89, , , , , 
1/30/2020 11:32:41 PM, 3293, 9233.25, 1650, 327.68, 222.6, 163.93, 323.87, 172.78, 245.81, 98.02, 30.6, 63.9, 125, 64.56, 87.89, , , , , 
1/30/2020 11:32:44 PM, 3293.25, 9234.5, 1650.2, 327.68, 222.6, 163.93, 323.87, 172.78, 245.81, 98.02, 30.6, 63.9, 125, 64.56, 87.89, , , , , 
1/30/2020 11:32:47 PM, 3293.25, 9235, 1650.2, 327.68, 222.6, 163.93, 323.87, 172.78, 245.81, 98.02, 30.6, 63.9, 125, 64.56, 87.89, , , , , 
1/30/2020 11:32:50 PM, 3293.25, 9235, 1650.2, 327.68, 222.6, 163.93, 323.87, 172.78, 245.81, 98.02, 30.6, 63.9, 125, 64.56, 87.89, , , , , 
1/30/2020 11:32:53 PM, 3293.25, 9234.75, 1650.2, 327.68, 222.6, 163.93, 323.87, 172.78, 245.81, 98.02, 30.6, 63.9, 125, 64.56, 87.89, , , , , 
1/30/2020 11:32:56 PM, 3293.25, 9234.75, 1650.2, 327.68, 222.6, 163.93, 323.87, 172.78, 245.81, 98.02, 30.6, 63.9, 125, 64.56, 87.89, , , , , 
1/30/2020 11:32:59 PM, 3293.25, 9234.5, 1650.2, 327.68, 222.6, 163.93, 323.87, 172.78, 245.81, 98.02, 30.6, 63.9, 125, 64.56, 87.89, , , , , 
1/30/2020 11:33:02 PM, 3293.25, 9234.5, 1650.2, 327.68, 222.6, 163.93, 323.87, 172.78, 245.81, 98.02, 30.6, 63.9, 125, 64.56, 87.89, , , , , 
1/30/2020 11:33:05 PM, 3293.25, 9234.25, 1650.2, 327.68, 222.6, 163.93, 323.87, 172.78, 245.81, 98.02, 30.6, 63.9, 125, 64.56, 87.89, , , , , 
1/30/2020 11:33:08 PM, 3293.25, 9234.25, 1650.2, 327.68, 222.6, 163.93, 323.87, 172.78, 245.81, 98.02, 30.6, 63.9, 125, 64.56, 87.89, , , , , 
1/30/2020 11:33:11 PM, 3293.25, 9234.25, 1650.2, 327.68, 222.6, 163.93, 323.87, 172.78, 245.81, 98.02, 30.6, 63.9, 125, 64.56, 87.89, , , , , 
1/30/2020 11:33:14 PM, 3293.25, 9234.25, 1650.2, 327.68, 222.6, 163.93, 323.87, 172.78, 245.81, 98.02, 30.6, 63.9, 125, 64.56, 87.89, , , , , 
1/30/2020 11:33:17 PM, 3293, 9235, 1650.2, 327.68, 222.6, 163.93, 323.87, 172.78, 245.81, 98.02, 30.6, 63.9, 125, 64.56, 87.89, , , , , 
1/30/2020 11:33:20 PM, 3293, 9235, 1650.2, 327.68, 222.6, 163.93, 323.87, 172.78, 245.81, 98.02, 30.6, 63.9, 125, 64.56, 87.89, , , , , 
1/30/2020 11:33:23 PM, 3293.25, 9235, 1650.2, 327.68, 222.6, 163.93, 323.87, 172.78, 245.81, 98.02, 30.6, 63.9, 125, 64.56, 87.89, , , , , 
1/30/2020 11:33:26 PM, 3293.25, 9235, 1650.2, 327.68, 222.6, 163.93, 323.87, 172.78, 245.81, 98.02, 30.6, 63.9, 125, 64.56, 87.89, , , , , 
1/30/2020 11:33:29 PM, 3293.25, 9235, 1650.2, 327.68, 222.6, 163.93, 323.87, 172.78, 245.81, 98.02, 30.6, 63.9, 125, 64.56, 87.89, , , , , 
1/30/2020 11:33:32 PM, 3293.25, 9235, 1650.2, 327.68, 222.6, 163.93, 323.87, 172.78, 245.81, 98.02, 30.6, 63.9, 125, 64.56, 87.89, , , , , 
1/30/2020 11:33:35 PM, 3293.25, 9235, 1650.2, 327.68, 222.6, 163.93, 323.87, 172.78, 245.81, 98.02, 30.6, 63.9, 125, 64.56, 87.89, , , , , 
1/30/2020 11:33:38 PM, 3293.25, 9235.25, 1650.2, 327.68, 222.6, 163.93, 323.87, 172.78, 245.81, 98.02, 30.6, 63.9, 125, 64.56, 87.89, , , , , 
1/30/2020 11:33:41 PM, 3293.25, 9235.25, 1650.2, 327.68, 222.6, 163.93, 323.87, 172.78, 245.81, 98.02, 30.6, 63.9, 125, 64.56, 87.89, , , , , 
1/30/2020 11:33:44 PM, 3293.25, 9235.25, 1650.2, 327.68, 222.6, 163.93, 323.87, 172.78, 245.81, 98.02, 30.6, 63.9, 125, 64.56, 87.89, , , , , 
1/30/2020 11:33:47 PM, 3293.25, 9235.25, 1650.2, 327.68, 222.6, 163.93, 323.87, 172.78, 245.81, 98.02, 30.6, 63.9, 125, 64.56, 87.89, , , , , 
1/30/2020 11:33:50 PM, 3293.25, 9234.5, 1650.2, 327.68, 222.6, 163.93, 323.87, 172.78, 245.81, 98.02, 30.6, 63.9, 125, 64.56, 87.89, , , , , 
1/30/2020 11:33:54 PM, 3293, 9234.5, 1650.2, 327.68, 222.6, 163.93, 323.87, 172.78, 245.81, 98.02, 30.6, 63.9, 125, 64.56, 87.89, , , , , 
1/30/2020 11:33:57 PM, 3293, 9234.5, 1650.1, 327.68, 222.6, 163.93, 323.87, 172.78, 245.81, 98.02, 30.6, 63.9, 125, 64.56, 87.89, , , , , 
1/30/2020 11:34:00 PM, 3293, 9234.5, 1650.1, 327.68, 222.6, 163.93, 323.87, 172.78, 245.81, 98.02, 30.6, 63.9, 125, 64.56, 87.89, , , , , 
1/30/2020 11:34:03 PM, 3293, 9234.5, 1650.1, 327.68, 222.6, 163.93, 323.87, 172.78, 245.81, 98.02, 30.6, 63.9, 125, 64.56, 87.89, , , , , 
1/30/2020 11:34:06 PM, 3293.25, 9235, 1650.1, 327.68, 222.6, 163.93, 323.87, 172.78, 245.81, 98.02, 30.6, 63.9, 125, 64.56, 87.89, , , , , 
1/30/2020 11:34:09 PM, 3293.25, 9235, 1650.2, 327.68, 222.6, 163.93, 323.87, 172.78, 245.81, 98.02, 30.6, 63.9, 125, 64.56, 87.89, , , , , 
1/30/2020 11:34:12 PM, 3293.25, 9234.75, 1650.2, 327.68, 222.6, 163.93, 323.87, 172.78, 245.81, 98.02, 30.6, 63.9, 125, 64.56, 87.89, , , , , 
1/30/2020 11:34:15 PM, 3293.25, 9234.75, 1650.2, 327.68, 222.6, 163.93, 323.87, 172.78, 245.81, 98.02, 30.6, 63.9, 125, 64.56, 87.89, , , , , 
1/30/2020 11:34:18 PM, 3293.25, 9234.75, 1650.2, 327.68, 222.6, 163.93, 323.87, 172.78, 245.81, 98.02, 30.6, 63.9, 125, 64.56, 87.89, , , , , 
1/30/2020 11:34:21 PM, 3293.25, 9234.5, 1650.2, 327.68, 222.6, 163.93, 323.87, 172.78, 245.81, 98.02, 30.6, 63.9, 125, 64.56, 87.89, , , , , 
1/30/2020 11:34:30 PM, 3293.5, 9234.25, 1650.2, 327.68, 222.6, 163.93, 323.87, 172.78, 245.81, 98.02, 30.6, 63.9, 125, 64.56, 87.89, , , , , 
1/30/2020 11:34:33 PM, 3293.5, 9234.25, 1650.2, 327.68, 222.6, 163.93, 323.87, 172.78, 245.81, 98.02, 30.6, 63.9, 125, 64.56, 87.89, , , , , 
1/30/2020 11:34:36 PM, 3293.25, 9234.75, 1650.2, 327.68, 222.6, 163.93, 323.87, 172.78, 245.81, 98.02, 30.6, 63.9, 125, 64.56, 87.89, , , , , 
1/30/2020 11:34:39 PM, 3293.25, 9234.25, 1650.2, 327.68, 222.6, 163.93, 323.87, 172.78, 245.81, 98.02, 30.6, 63.9, 125, 64.56, 87.89, , , , , 
1/30/2020 11:34:42 PM, 3293.25, 9234.25, 1650.2, 327.68, 222.6, 163.93, 323.87, 172.78, 245.81, 98.02, 30.6, 63.9, 125, 64.56, 87.89, , , , , 
1/30/2020 11:34:45 PM, 3293.25, 9234.5, 1650.2, 327.68, 222.6, 163.93, 323.87, 172.78, 245.81, 98.02, 30.6, 63.9, 125, 64.56, 87.89, , , , , 
1/30/2020 11:34:48 PM, 3293.25, 9234.25, 1650.2, 327.68, 222.6, 163.93, 323.87, 172.78, 245.81, 98.02, 30.6, 63.9, 125, 64.56, 87.89, , , , , 
1/30/2020 11:34:51 PM, 3293.25, 9234.5, 1650.1, 327.68, 222.6, 163.93, 323.87, 172.78, 245.81, 98.02, 30.6, 63.9, 125, 64.56, 87.89, , , , , 
1/30/2020 11:34:54 PM, 3293.25, 9234.5, 1650.1, 327.68, 222.6, 163.93, 323.87, 172.78, 245.81, 98.02, 30.6, 63.9, 125, 64.56, 87.89, , , , , 
1/30/2020 11:34:57 PM, 3293.25, 9234.5, 1650.1, 327.68, 222.6, 163.93, 323.87, 172.78, 245.81, 98.02, 30.6, 63.9, 125, 64.56, 87.89, , , , , 
1/30/2020 11:35:00 PM, 3293.25, 9234.5, 1650.1, 327.68, 222.6, 163.93, 323.87, 172.78, 245.81, 98.02, 30.6, 63.9, 125, 64.56, 87.89, , , , , 
1/30/2020 11:35:03 PM, 3293.25, 9234.25, 1650.1, 327.68, 222.6, 163.93, 323.87, 172.78, 245.81, 98.02, 30.6, 63.9, 125, 64.56, 87.89, , , , , 
1/30/2020 11:35:06 PM, 3293.25, 9234.25, 1650.1, 327.68, 222.6, 163.93, 323.87, 172.78, 245.81, 98.02, 30.6, 63.9, 125, 64.56, 87.89, , , , , 
1/30/2020 11:35:09 PM, 3293, 9233.5, 1650.1, 327.68, 222.6, 163.93, 323.87, 172.78, 245.81, 98.02, 30.6, 63.9, 125, 64.56, 87.89, , , , , 
1/30/2020 11:35:12 PM, 3293, 9233.5, 1650.1, 327.68, 222.6, 163.93, 323.87, 172.78, 245.81, 98.02, 30.6, 63.9, 125, 64.56, 87.89, , , , , 
1/30/2020 11:35:15 PM, 3293, 9233.5, 1650.1, 327.68, 222.6, 163.93, 323.87, 172.78, 245.81, 98.02, 30.6, 63.9, 125, 64.56, 87.89, , , , , 
1/30/2020 11:35:18 PM, 3293, 9233.5, 1650.1, 327.68, 222.6, 163.93, 323.87, 172.78, 245.81, 98.02, 30.6, 63.9, 125, 64.56, 87.89, , , , , 
1/30/2020 11:35:21 PM, 3293.25, 9233.75, 1650.1, 327.68, 222.6, 163.93, 323.87, 172.78, 245.81, 98.02, 30.6, 63.9, 125, 64.56, 87.89, , , , , 
1/30/2020 11:35:24 PM, 3293.25, 9233.75, 1650.1, 327.68, 222.6, 163.93, 323.87, 172.78, 245.81, 98.02, 30.6, 63.9, 125, 64.56, 87.89, , , , , 
1/30/2020 11:35:27 PM, 3293.25, 9233.75, 1650.1, 327.68, 222.6, 163.93, 323.87, 172.78, 245.81, 98.02, 30.6, 63.9, 125, 64.56, 87.89, , , , , 
1/30/2020 11:35:30 PM, 3293.25, 9233.75, 1650.1, 327.68, 222.6, 163.93, 323.87, 172.78, 245.81, 98.02, 30.6, 63.9, 125, 64.56, 87.89, , , , , 
1/30/2020 11:35:33 PM, 3293, 9233.5, 1650.1, 327.68, 222.6, 163.93, 323.87, 172.78, 245.81, 98.02, 30.6, 63.9, 125, 64.56, 87.89, , , , , 
1/30/2020 11:35:37 PM, 3292.75, 9233.5, 1650.1, 327.68, 222.6, 163.93, 323.87, 172.78, 245.81, 98.02, 30.6, 63.9, 125, 64.56, 87.89, , , , , 
1/30/2020 11:35:40 PM, 3292.75, 9233.5, 1650.1, 327.68, 222.6, 163.93, 323.87, 172.78, 245.81, 98.02, 30.6, 63.9, 125, 64.56, 87.89, , , , , 
1/30/2020 11:35:43 PM, 3292.75, 9233.5, 1650.1, 327.68, 222.6, 163.93, 323.87, 172.78, 245.81, 98.02, 30.6, 63.9, 125, 64.56, 87.89, , , , , 
1/30/2020 11:35:46 PM, 3292.75, 9233.5, 1650.1, 327.68, 222.6, 163.93, 323.87, 172.78, 245.81, 98.02, 30.6, 63.9, 125, 64.56, 87.89, , , , , 
1/30/2020 11:35:49 PM, 3293, 9233.75, 1650.1, 327.68, 222.6, 163.93, 323.87, 172.78, 245.81, 98.02, 30.6, 63.9, 125, 64.56, 87.89, , , , , 
1/30/2020 11:35:52 PM, 3293, 9233.75, 1650.1, 327.68, 222.6, 163.93, 323.87, 172.78, 245.81, 98.02, 30.6, 63.9, 125, 64.56, 87.89, , , , , 
1/30/2020 11:35:55 PM, 3293, 9233.75, 1650.1, 327.68, 222.6, 163.93, 323.87, 172.78, 245.81, 98.02, 30.6, 63.9, 125, 64.56, 87.89, , , , , 
1/30/2020 11:35:58 PM, 3293, 9233.75, 1650.1, 327.68, 222.6, 163.93, 323.87, 172.78, 245.81, 98.02, 30.6, 63.9, 125, 64.56, 87.89, , , , , 
1/30/2020 11:36:01 PM, 3293, 9233.75, 1650.1, 327.68, 222.6, 163.93, 323.87, 172.78, 245.81, 98.02, 30.6, 63.9, 125, 64.56, 87.89, , , , , 
1/30/2020 11:36:04 PM, 3293, 9233.75, 1650.1, 327.68, 222.6, 163.93, 323.87, 172.78, 245.81, 98.02, 30.6, 63.9, 125, 64.56, 87.89, , , , , 
1/30/2020 11:36:07 PM, 3293, 9233.75, 1650.1, 327.68, 222.6, 163.93, 323.87, 172.78, 245.81, 98.02, 30.6, 63.9, 125, 64.56, 87.89, , , , , 
1/30/2020 11:36:10 PM, 3293, 9233.5, 1650.1, 327.68, 222.6, 163.93, 323.87, 172.78, 245.81, 98.02, 30.6, 63.9, 125, 64.56, 87.89, , , , , 
1/30/2020 11:36:13 PM, 3293, 9233.5, 1650.1, 327.68, 222.6, 163.93, 323.87, 172.78, 245.81, 98.02, 30.6, 63.9, 125, 64.56, 87.89, , , , , 
1/30/2020 11:36:16 PM, 3293, 9233.5, 1650.1, 327.68, 222.6, 163.93, 323.87, 172.78, 245.81, 98.02, 30.6, 63.9, 125, 64.56, 87.89, , , , , 
1/30/2020 11:36:19 PM, 3293, 9233.5, 1650.1, 327.68, 222.6, 163.93, 323.87, 172.78, 245.81, 98.02, 30.6, 63.9, 125, 64.56, 87.89, , , , , 
1/30/2020 11:36:22 PM, 3293, 9233.5, 1650.1, 327.68, 222.6, 163.93, 323.87, 172.78, 245.81, 98.02, 30.6, 63.9, 125, 64.56, 87.89, , , , , 
1/30/2020 11:36:25 PM, 3293, 9233.5, 1650.1, 327.68, 222.6, 163.93, 323.87, 172.78, 245.81, 98.02, 30.6, 63.9, 125, 64.56, 87.89, , , , , 
1/30/2020 11:36:28 PM, 3293, 9233.5, 1650.1, 327.68, 222.6, 163.93, 323.87, 172.78, 245.81, 98.02, 30.6, 63.9, 125, 64.56, 87.89, , , , , 
1/30/2020 11:36:31 PM, 3292.75, 9233.25, 1650.1, 327.68, 222.6, 163.93, 323.87, 172.78, 245.81, 98.02, 30.6, 63.9, 125, 64.56, 87.89, , , , , 
1/30/2020 11:36:34 PM, 3292.75, 9233.25, 1650.1, 327.68, 222.6, 163.93, 323.87, 172.78, 245.81, 98.02, 30.6, 63.9, 125, 64.56, 87.89, , , , , 
1/30/2020 11:36:37 PM, 3292.75, 9233.25, 1650.1, 327.68, 222.6, 163.93, 323.87, 172.78, 245.81, 98.02, 30.6, 63.9, 125, 64.56, 87.89, , , , , 
1/30/2020 11:36:40 PM, 3292.75, 9233.25, 1650.1, 327.68, 222.6, 163.93, 323.87, 172.78, 245.81, 98.02, 30.6, 63.9, 125, 64.56, 87.89, , , , , 
1/30/2020 11:36:43 PM, 3293, 9233.25, 1650.1, 327.68, 222.6, 163.93, 323.87, 172.78, 245.81, 98.02, 30.6, 63.9, 125, 64.56, 87.89, , , , , 
1/30/2020 11:36:46 PM, 3293, 9233.25, 1650.1, 327.68, 222.6, 163.93, 323.87, 172.78, 245.81, 98.02, 30.6, 63.9, 125, 64.56, 87.89, , , , , 
1/30/2020 11:36:49 PM, 3293, 9233.25, 1650.1, 327.68, 222.6, 163.93, 323.87, 172.78, 245.81, 98.02, 30.6, 63.9, 125, 64.56, 87.89, , , , , 
1/30/2020 11:36:52 PM, 3293, 9233.25, 1650.1, 327.68, 222.6, 163.93, 323.87, 172.78, 245.81, 98.02, 30.6, 63.9, 125, 64.56, 87.89, , , , , 
1/30/2020 11:36:55 PM, 3292.75, 9233.75, 1650.1, 327.68, 222.6, 163.93, 323.87, 172.78, 245.81, 98.02, 30.6, 63.9, 125, 64.56, 87.89, , , , , 
1/30/2020 11:36:58 PM, 3292.75, 9233.75, 1650.1, 327.68, 222.6, 163.93, 323.87, 172.78, 245.81, 98.02, 30.6, 63.9, 125, 64.56, 87.89, , , , , 
1/30/2020 11:37:01 PM, 3292.75, 9233.75, 1650.1, 327.68, 222.6, 163.93, 323.87, 172.78, 245.81, 98.02, 30.6, 63.9, 125, 64.56, 87.89, , , , , 
1/30/2020 11:37:04 PM, 3292.75, 9233.5, 1650.1, 327.68, 222.6, 163.93, 323.87, 172.78, 245.81, 98.02, 30.6, 63.9, 125, 64.56, 87.89, , , , , 
1/30/2020 11:37:07 PM, 3292.75, 9233.5, 1650.1, 327.68, 222.6, 163.93, 323.87, 172.78, 245.81, 98.02, 30.6, 63.9, 125, 64.56, 87.89, , , , , 
1/30/2020 11:37:10 PM, 3292.75, 9233.5, 1650.1, 327.68, 222.6, 163.93, 323.87, 172.78, 245.81, 98.02, 30.6, 63.9, 125, 64.56, 87.89, , , , , 
1/30/2020 11:37:13 PM, 3292.75, 9233.25, 1650.1, 327.68, 222.6, 163.93, 323.87, 172.78, 245.81, 98.02, 30.6, 63.9, 125, 64.56, 87.89, , , , , 
1/30/2020 11:37:16 PM, 3292.75, 9233.25, 1650.1, 327.68, 222.6, 163.93, 323.87, 172.78, 245.81, 98.02, 30.6, 63.9, 125, 64.56, 87.89, , , , , 
1/30/2020 11:37:20 PM, 3292.75, 9233.25, 1650.1, 327.68, 222.6, 163.93, 323.87, 172.78, 245.81, 98.02, 30.6, 63.9, 125, 64.56, 87.89, , , , , 
1/30/2020 11:37:23 PM, 3292.75, 9233.25, 1650.1, 327.68, 222.6, 163.93, 323.87, 172.78, 245.81, 98.02, 30.6, 63.9, 125, 64.56, 87.89, , , , , 
1/30/2020 11:37:26 PM, 3292.75, 9233.25, 1650.1, 327.68, 222.6, 163.93, 323.87, 172.78, 245.81, 98.02, 30.6, 63.9, 125, 64.56, 87.89, , , , , 
1/30/2020 11:37:29 PM, 3292.5, 9233, 1649.9, 327.68, 222.6, 163.93, 323.87, 172.78, 245.81, 98.02, 30.6, 63.9, 125, 64.56, 87.89, , , , , 
1/30/2020 11:37:32 PM, 3292.5, 9232.5, 1649.9, 327.68, 222.6, 163.93, 323.87, 172.78, 245.81, 98.02, 30.6, 63.9, 125, 64.56, 87.89, , , , , 
1/30/2020 11:37:35 PM, 3292.5, 9233.25, 1649.9, 327.68, 222.6, 163.93, 323.87, 172.78, 245.81, 98.02, 30.6, 63.9, 125, 64.56, 87.89, , , , , 
1/30/2020 11:37:38 PM, 3292.5, 9232.75, 1649.9, 327.68, 222.6, 163.93, 323.87, 172.78, 245.81, 98.02, 30.6, 63.9, 125, 64.56, 87.89, , , , , 
1/30/2020 11:37:41 PM, 3292.5, 9233, 1649.9, 327.68, 222.6, 163.93, 323.87, 172.78, 245.81, 98.02, 30.6, 63.9, 125, 64.56, 87.89, , , , , 
1/30/2020 11:37:44 PM, 3292.5, 9233, 1649.9, 327.68, 222.6, 163.93, 323.87, 172.78, 245.81, 98.02, 30.6, 63.9, 125, 64.56, 87.89, , , , , 
1/30/2020 11:37:47 PM, 3292.5, 9233, 1649.9, 327.68, 222.6, 163.93, 323.87, 172.78, 245.81, 98.02, 30.6, 63.9, 125, 64.56, 87.89, , , , , 
1/30/2020 11:37:50 PM, 3292.5, 9233.25, 1649.9, 327.68, 222.6, 163.93, 323.87, 172.78, 245.81, 98.02, 30.6, 63.9, 125, 64.56, 87.89, , , , , 
1/30/2020 11:37:53 PM, 3292.5, 9233.25, 1649.9, 327.68, 222.6, 163.93, 323.87, 172.78, 245.81, 98.02, 30.6, 63.9, 125, 64.56, 87.89, , , , , 
1/30/2020 11:37:56 PM, 3292.5, 9233, 1649.9, 327.68, 222.6, 163.93, 323.87, 172.78, 245.81, 98.02, 30.6, 63.9, 125, 64.56, 87.89, , , , , 
1/30/2020 11:37:59 PM, 3292.5, 9233, 1649.9, 327.68, 222.6, 163.93, 323.87, 172.78, 245.81, 98.02, 30.6, 63.9, 125, 64.56, 87.89, , , , , 
1/30/2020 11:38:02 PM, 3292.5, 9233, 1649.9, 327.68, 222.6, 163.93, 323.87, 172.78, 245.81, 98.02, 30.6, 63.9, 125, 64.56, 87.89, , , , , 
1/30/2020 11:38:05 PM, 3292.5, 9233, 1649.9, 327.68, 222.6, 163.93, 323.87, 172.78, 245.81, 98.02, 30.6, 63.9, 125, 64.56, 87.89, , , , , 
1/30/2020 11:38:08 PM, 3292.5, 9233.25, 1649.9, 327.68, 222.6, 163.93, 323.87, 172.78, 245.81, 98.02, 30.6, 63.9, 125, 64.56, 87.89, , , , , 
1/30/2020 11:38:11 PM, 3292.5, 9233, 1649.8, 327.68, 222.6, 163.93, 323.87, 172.78, 245.81, 98.02, 30.6, 63.9, 125, 64.56, 87.89, , , , , 
1/30/2020 11:38:14 PM, 3292.5, 9233, 1649.8, 327.68, 222.6, 163.93, 323.87, 172.78, 245.81, 98.02, 30.6, 63.9, 125, 64.56, 87.89, , , , , 
1/30/2020 11:38:17 PM, 3292.75, 9233, 1649.8, 327.68, 222.6, 163.93, 323.87, 172.78, 245.81, 98.02, 30.6, 63.9, 125, 64.56, 87.89, , , , , 
1/30/2020 11:38:20 PM, 3292.75, 9233, 1649.8, 327.68, 222.6, 163.93, 323.87, 172.78, 245.81, 98.02, 30.6, 63.9, 125, 64.56, 87.89, , , , , 
1/30/2020 11:38:23 PM, 3292.75, 9233, 1649.8, 327.68, 222.6, 163.93, 323.87, 172.78, 245.81, 98.02, 30.6, 63.9, 125, 64.56, 87.89, , , , , 
1/30/2020 11:38:26 PM, 3292.75, 9233, 1649.8, 327.68, 222.6, 163.93, 323.87, 172.78, 245.81, 98.02, 30.6, 63.9, 125, 64.56, 87.89, , , , , 
1/30/2020 11:38:29 PM, 3292.75, 9233.5, 1649.8, 327.68, 222.6, 163.93, 323.87, 172.78, 245.81, 98.02, 30.6, 63.9, 125, 64.56, 87.89, , , , , 
1/30/2020 11:38:32 PM, 3292.75, 9233.5, 1649.8, 327.68, 222.6, 163.93, 323.87, 172.78, 245.81, 98.02, 30.6, 63.9, 125, 64.56, 87.89, , , , , 
1/30/2020 11:38:35 PM, 3292.75, 9234, 1650, 327.68, 222.6, 163.93, 323.87, 172.78, 245.81, 98.02, 30.6, 63.9, 125, 64.56, 87.89, , , , , 
1/30/2020 11:38:38 PM, 3293, 9234, 1650, 327.68, 222.6, 163.93, 323.87, 172.78, 245.81, 98.02, 30.6, 63.9, 125, 64.56, 87.89, , , , , 
1/30/2020 11:38:41 PM, 3293, 9234, 1650, 327.68, 222.6, 163.93, 323.87, 172.78, 245.81, 98.02, 30.6, 63.9, 125, 64.56, 87.89, , , , , 
1/30/2020 11:38:44 PM, 3293, 9233.75, 1650, 327.68, 222.6, 163.93, 323.87, 172.78, 245.81, 98.02, 30.6, 63.9, 125, 64.56, 87.89, , , , , 
1/30/2020 11:38:47 PM, 3293, 9233.75, 1650, 327.68, 222.6, 163.93, 323.87, 172.78, 245.81, 98.02, 30.6, 63.9, 125, 64.56, 87.89, , , , , 
1/30/2020 11:38:50 PM, 3292.75, 9233.75, 1650, 327.68, 222.6, 163.93, 323.87, 172.78, 245.81, 98.02, 30.6, 63.9, 125, 64.56, 87.89, , , , , 
1/30/2020 11:38:53 PM, 3292.75, 9233.75, 1650, 327.68, 222.6, 163.93, 323.87, 172.78, 245.81, 98.02, 30.6, 63.9, 125, 64.56, 87.89, , , , , 
1/30/2020 11:38:56 PM, 3292.75, 9233.75, 1650, 327.68, 222.6, 163.93, 323.87, 172.78, 245.81, 98.02, 30.6, 63.9, 125, 64.56, 87.89, , , , , 
1/30/2020 11:38:59 PM, 3292.75, 9233.75, 1650, 327.68, 222.6, 163.93, 323.87, 172.78, 245.81, 98.02, 30.6, 63.9, 125, 64.56, 87.89, , , , , 
1/30/2020 11:39:02 PM, 3292.75, 9233.75, 1650, 327.68, 222.6, 163.93, 323.87, 172.78, 245.81, 98.02, 30.6, 63.9, 125, 64.56, 87.89, , , , , 
1/30/2020 11:39:06 PM, 3292.75, 9233.75, 1650, 327.68, 222.6, 163.93, 323.87, 172.78, 245.81, 98.02, 30.6, 63.9, 125, 64.56, 87.89, , , , , 
1/30/2020 11:39:09 PM, 3292.75, 9233.75, 1650, 327.68, 222.6, 163.93, 323.87, 172.78, 245.81, 98.02, 30.6, 63.9, 125, 64.56, 87.89, , , , , 
1/30/2020 11:39:12 PM, 3292.75, 9234, 1650, 327.68, 222.6, 163.93, 323.87, 172.78, 245.81, 98.02, 30.6, 63.9, 125, 64.56, 87.89, , , , , 
1/30/2020 11:39:15 PM, 3292.75, 9233.5, 1649.9, 327.68, 222.6, 163.93, 323.87, 172.78, 245.81, 98.02, 30.6, 63.9, 125, 64.56, 87.89, , , , , 
1/30/2020 11:39:18 PM, 3292.75, 9233.5, 1649.8, 327.68, 222.6, 163.93, 323.87, 172.78, 245.81, 98.02, 30.6, 63.9, 125, 64.56, 87.89, , , , , 
1/30/2020 11:39:21 PM, 3292.75, 9233.75, 1649.8, 327.68, 222.6, 163.93, 323.87, 172.78, 245.81, 98.02, 30.6, 63.9, 125, 64.56, 87.89, , , , , 
1/30/2020 11:39:24 PM, 3292.75, 9233.25, 1649.8, 327.68, 222.6, 163.93, 323.87, 172.78, 245.81, 98.02, 30.6, 63.9, 125, 64.56, 87.89, , , , , 
1/30/2020 11:39:27 PM, 3292.75, 9233.25, 1649.8, 327.68, 222.6, 163.93, 323.87, 172.78, 245.81, 98.02, 30.6, 63.9, 125, 64.56, 87.89, , , , , 
1/30/2020 11:39:30 PM, 3292.75, 9233.25, 1649.8, 327.68, 222.6, 163.93, 323.87, 172.78, 245.81, 98.02, 30.6, 63.9, 125, 64.56, 87.89, , , , , 
1/30/2020 11:39:33 PM, 3292.75, 9233.25, 1649.7, 327.68, 222.6, 163.93, 323.87, 172.78, 245.81, 98.02, 30.6, 63.9, 125, 64.56, 87.89, , , , , 
1/30/2020 11:39:36 PM, 3292.5, 9233.25, 1649.7, 327.68, 222.6, 163.93, 323.87, 172.78, 245.81, 98.02, 30.6, 63.9, 125, 64.56, 87.89, , , , , 
1/30/2020 11:39:39 PM, 3292.5, 9233.25, 1649.7, 327.68, 222.6, 163.93, 323.87, 172.78, 245.81, 98.02, 30.6, 63.9, 125, 64.56, 87.89, , , , , 
1/30/2020 11:39:42 PM, 3292.5, 9233.25, 1649.7, 327.68, 222.6, 163.93, 323.87, 172.78, 245.81, 98.02, 30.6, 63.9, 125, 64.56, 87.89, , , , , 
1/30/2020 11:39:45 PM, 3292.5, 9233.25, 1649.7, 327.68, 222.6, 163.93, 323.87, 172.78, 245.81, 98.02, 30.6, 63.9, 125, 64.56, 87.89, , , , , 
1/30/2020 11:39:48 PM, 3292.5, 9233.25, 1649.7, 327.68, 222.6, 163.93, 323.87, 172.78, 245.81, 98.02, 30.6, 63.9, 125, 64.56, 87.89, , , , , 
1/30/2020 11:39:51 PM, 3292.5, 9233, 1649.7, 327.68, 222.6, 163.93, 323.87, 172.78, 245.81, 98.02, 30.6, 63.9, 125, 64.56, 87.89, , , , , 
1/30/2020 11:39:54 PM, 3292.5, 9233, 1649.7, 327.68, 222.6, 163.93, 323.87, 172.78, 245.81, 98.02, 30.6, 63.9, 125, 64.56, 87.89, , , , , 
1/30/2020 11:39:57 PM, 3292.25, 9233, 1649.7, 327.68, 222.6, 163.93, 323.87, 172.78, 245.81, 98.02, 30.6, 63.9, 125, 64.56, 87.89, , , , , 
1/30/2020 11:40:00 PM, 3292.25, 9233, 1649.7, 327.68, 222.6, 163.93, 323.87, 172.78, 245.81, 98.02, 30.6, 63.9, 125, 64.56, 87.89, , , , , 
1/30/2020 11:40:03 PM, 3292.25, 9232.75, 1649.7, 327.68, 222.6, 163.93, 323.87, 172.78, 245.81, 98.02, 30.6, 63.9, 125, 64.56, 87.89, , , , , 
1/30/2020 11:40:06 PM, 3292.25, 9232.75, 1649.7, 327.68, 222.6, 163.93, 323.87, 172.78, 245.81, 98.02, 30.6, 63.9, 125, 64.56, 87.89, , , , , 
1/30/2020 11:40:09 PM, 3292.25, 9232.75, 1649.7, 327.68, 222.6, 163.93, 323.87, 172.78, 245.81, 98.02, 30.6, 63.9, 125, 64.56, 87.89, , , , , 
1/30/2020 11:40:12 PM, 3292.25, 9232.75, 1649.7, 327.68, 222.6, 163.93, 323.87, 172.78, 245.81, 98.02, 30.6, 63.9, 125, 64.56, 87.89, , , , , 
1/30/2020 11:40:15 PM, 3292.25, 9232.75, 1649.7, 327.68, 222.6, 163.93, 323.87, 172.78, 245.81, 98.02, 30.6, 63.9, 125, 64.56, 87.89, , , , , 
1/30/2020 11:40:18 PM, 3292.25, 9232.75, 1649.7, 327.68, 222.6, 163.93, 323.87, 172.78, 245.81, 98.02, 30.6, 63.9, 125, 64.56, 87.89, , , , , 
1/30/2020 11:40:21 PM, 3292.25, 9233, 1649.7, 327.68, 222.6, 163.93, 323.87, 172.78, 245.81, 98.02, 30.6, 63.9, 125, 64.56, 87.89, , , , , 
1/30/2020 11:40:24 PM, 3292.25, 9233, 1649.7, 327.68, 222.6, 163.93, 323.87, 172.78, 245.81, 98.02, 30.6, 63.9, 125, 64.56, 87.89, , , , , 
1/30/2020 11:40:27 PM, 3292.25, 9233.25, 1649.7, 327.68, 222.6, 163.93, 323.87, 172.78, 245.81, 98.02, 30.6, 63.9, 125, 64.56, 87.89, , , , , 
1/30/2020 11:40:30 PM, 3292.25, 9233.25, 1649.7, 327.68, 222.6, 163.93, 323.87, 172.78, 245.81, 98.02, 30.6, 63.9, 125, 64.56, 87.89, , , , , 
1/30/2020 11:40:33 PM, 3292.25, 9233, 1649.7, 327.68, 222.6, 163.93, 323.87, 172.78, 245.81, 98.02, 30.6, 63.9, 125, 64.56, 87.89, , , , , 
1/30/2020 11:40:36 PM, 3292.25, 9233, 1649.7, 327.68, 222.6, 163.93, 323.87, 172.78, 245.81, 98.02, 30.6, 63.9, 125, 64.56, 87.89, , , , , 
1/30/2020 11:40:39 PM, 3292.25, 9233, 1649.7, 327.68, 222.6, 163.93, 323.87, 172.78, 245.81, 98.02, 30.6, 63.9, 125, 64.56, 87.89, , , , , 
1/30/2020 11:40:42 PM, 3292.25, 9233, 1649.7, 327.68, 222.6, 163.93, 323.87, 172.78, 245.81, 98.02, 30.6, 63.9, 125, 64.56, 87.89, , , , , 
1/30/2020 11:40:46 PM, 3292.5, 9233, 1649.7, 327.68, 222.6, 163.93, 323.87, 172.78, 245.81, 98.02, 30.6, 63.9, 125, 64.56, 87.89, , , , , 
1/30/2020 11:40:49 PM, 3292.5, 9233, 1649.7, 327.68, 222.6, 163.93, 323.87, 172.78, 245.81, 98.02, 30.6, 63.9, 125, 64.56, 87.89, , , , , 
1/30/2020 11:40:52 PM, 3292.5, 9233, 1649.7, 327.68, 222.6, 163.93, 323.87, 172.78, 245.81, 98.02, 30.6, 63.9, 125, 64.56, 87.89, , , , , 
1/30/2020 11:40:55 PM, 3292.5, 9233, 1649.7, 327.68, 222.6, 163.93, 323.87, 172.78, 245.81, 98.02, 30.6, 63.9, 125, 64.56, 87.89, , , , , 
1/30/2020 11:40:58 PM, 3292.5, 9233, 1649.7, 327.68, 222.6, 163.93, 323.87, 172.78, 245.81, 98.02, 30.6, 63.9, 125, 64.56, 87.89, , , , , 
1/30/2020 11:41:01 PM, 3292.5, 9233, 1649.7, 327.68, 222.6, 163.93, 323.87, 172.78, 245.81, 98.02, 30.6, 63.9, 125, 64.56, 87.89, , , , , 
1/30/2020 11:41:04 PM, 3292.5, 9233, 1649.7, 327.68, 222.6, 163.93, 323.87, 172.78, 245.81, 98.02, 30.6, 63.9, 125, 64.56, 87.89, , , , , 
1/30/2020 11:41:07 PM, 3292.5, 9233, 1649.7, 327.68, 222.6, 163.93, 323.87, 172.78, 245.81, 98.02, 30.6, 63.9, 125, 64.56, 87.89, , , , , 
1/30/2020 11:41:10 PM, 3292.5, 9233, 1649.7, 327.68, 222.6, 163.93, 323.87, 172.78, 245.81, 98.02, 30.6, 63.9, 125, 64.56, 87.89, , , , , 
1/30/2020 11:41:13 PM, 3292.5, 9233.5, 1649.7, 327.68, 222.6, 163.93, 323.87, 172.78, 245.81, 98.02, 30.6, 63.9, 125, 64.56, 87.89, , , , , 
1/30/2020 11:41:16 PM, 3292.5, 9234, 1649.7, 327.68, 222.6, 163.93, 323.87, 172.78, 245.81, 98.02, 30.6, 63.9, 125, 64.56, 87.89, , , , , 
1/30/2020 11:41:19 PM, 3292.5, 9234, 1649.7, 327.68, 222.6, 163.93, 323.87, 172.78, 245.81, 98.02, 30.6, 63.9, 125, 64.56, 87.89, , , , , 
1/30/2020 11:41:22 PM, 3293, 9234.25, 1649.9, 327.68, 222.6, 163.93, 323.87, 172.78, 245.81, 98.02, 30.6, 63.9, 125, 64.56, 87.89, , , , , 
1/30/2020 11:41:25 PM, 3292.75, 9234.25, 1649.9, 327.68, 222.6, 163.93, 323.87, 172.78, 245.81, 98.02, 30.6, 63.9, 125, 64.56, 87.89, , , , , 
1/30/2020 11:41:28 PM, 3292.75, 9234.5, 1650, 327.68, 222.6, 163.93, 323.87, 172.78, 245.81, 98.02, 30.6, 63.9, 125, 64.56, 87.89, , , , , 
1/30/2020 11:41:31 PM, 3293, 9234, 1650, 327.68, 222.6, 163.93, 323.87, 172.78, 245.81, 98.02, 30.6, 63.9, 125, 64.56, 87.89, , , , , 
1/30/2020 11:41:34 PM, 3293, 9234, 1650, 327.68, 222.6, 163.93, 323.87, 172.78, 245.81, 98.02, 30.6, 63.9, 125, 64.56, 87.89, , , , , 
1/30/2020 11:41:37 PM, 3293, 9234, 1650, 327.68, 222.6, 163.93, 323.87, 172.78, 245.81, 98.02, 30.6, 63.9, 125, 64.56, 87.89, , , , , 
1/30/2020 11:41:40 PM, 3293, 9234.75, 1650, 327.68, 222.6, 163.93, 323.87, 172.78, 245.81, 98.02, 30.6, 63.9, 125, 64.56, 87.89, , , , , 
1/30/2020 11:41:43 PM, 3293.25, 9235.5, 1650.1, 327.68, 222.6, 163.93, 323.87, 172.78, 245.81, 98.02, 30.6, 63.9, 125, 64.56, 87.89, , , , , 
1/30/2020 11:41:46 PM, 3293, 9234.75, 1649.9, 327.68, 222.6, 163.93, 323.87, 172.78, 245.81, 98.02, 30.6, 63.9, 125, 64.56, 87.89, , , , , 
1/30/2020 11:41:49 PM, 3293, 9234.75, 1649.9, 327.68, 222.6, 163.93, 323.87, 172.78, 245.81, 98.02, 30.6, 63.9, 125, 64.56, 87.89, , , , , 
1/30/2020 11:41:52 PM, 3293.25, 9235.25, 1650.1, 327.68, 222.6, 163.93, 323.87, 172.78, 245.81, 98.02, 30.6, 63.9, 125, 64.56, 87.89, , , , , 
1/30/2020 11:41:55 PM, 3293.25, 9235.25, 1650.1, 327.68, 222.6, 163.93, 323.87, 172.78, 245.81, 98.02, 30.6, 63.9, 125, 64.56, 87.89, , , , , 
1/30/2020 11:41:58 PM, 3293.25, 9235.25, 1650.1, 327.68, 222.6, 163.93, 323.87, 172.78, 245.81, 98.02, 30.6, 63.9, 125, 64.56, 87.89, , , , , 
1/30/2020 11:42:01 PM, 3293.25, 9235.75, 1650.1, 327.68, 222.6, 163.93, 323.87, 172.78, 245.81, 98.02, 30.6, 63.9, 125, 64.56, 87.89, , , , , 
1/30/2020 11:42:04 PM, 3293.25, 9235.5, 1650.1, 327.68, 222.6, 163.93, 323.87, 172.78, 245.81, 98.02, 30.6, 63.9, 125, 64.56, 87.89, , , , , 
1/30/2020 11:42:07 PM, 3293, 9235, 1650.1, 327.68, 222.6, 163.93, 323.87, 172.78, 245.81, 98.02, 30.6, 63.9, 125, 64.56, 87.89, , , , , 
1/30/2020 11:42:10 PM, 3293, 9235, 1650.1, 327.68, 222.6, 163.93, 323.87, 172.78, 245.81, 98.02, 30.6, 63.9, 125, 64.56, 87.89, , , , , 
1/30/2020 11:42:13 PM, 3293.25, 9235, 1650.1, 327.68, 222.6, 163.93, 323.87, 172.78, 245.81, 98.02, 30.6, 63.9, 125, 64.56, 87.89, , , , , 
1/30/2020 11:42:16 PM, 3293, 9235, 1650.1, 327.68, 222.6, 163.93, 323.87, 172.78, 245.81, 98.02, 30.6, 63.9, 125, 64.56, 87.89, , , , , 
1/30/2020 11:42:19 PM, 3293.25, 9235, 1650.1, 327.68, 222.6, 163.93, 323.87, 172.78, 245.81, 98.02, 30.6, 63.9, 125, 64.56, 87.89, , , , , 
1/30/2020 11:42:22 PM, 3293.25, 9235, 1650.1, 327.68, 222.6, 163.93, 323.87, 172.78, 245.81, 98.02, 30.6, 63.9, 125, 64.56, 87.89, , , , , 
1/30/2020 11:42:25 PM, 3293.25, 9234.75, 1650.1, 327.68, 222.6, 163.93, 323.87, 172.78, 245.81, 98.02, 30.6, 63.9, 125, 64.56, 87.89, , , , , 
1/30/2020 11:42:29 PM, 3293.25, 9235, 1650.2, 327.68, 222.6, 163.93, 323.87, 172.78, 245.81, 98.02, 30.6, 63.9, 125, 64.56, 87.89, , , , , 
1/30/2020 11:42:32 PM, 3293.25, 9234.75, 1650.2, 327.68, 222.6, 163.93, 323.87, 172.78, 245.81, 98.02, 30.6, 63.9, 125, 64.56, 87.89, , , , , 
1/30/2020 11:42:35 PM, 3293.5, 9234.75, 1650.2, 327.68, 222.6, 163.93, 323.87, 172.78, 245.81, 98.02, 30.6, 63.9, 125, 64.56, 87.89, , , , , 
1/30/2020 11:42:38 PM, 3293.5, 9235.5, 1650.2, 327.68, 222.6, 163.93, 323.87, 172.78, 245.81, 98.02, 30.6, 63.9, 125, 64.56, 87.89, , , , , 
1/30/2020 11:42:41 PM, 3293.5, 9235.5, 1650.2, 327.68, 222.6, 163.93, 323.87, 172.78, 245.81, 98.02, 30.6, 63.9, 125, 64.56, 87.89, , , , , 
1/30/2020 11:42:44 PM, 3293.5, 9236, 1650.2, 327.68, 222.6, 163.93, 323.87, 172.78, 245.81, 98.02, 30.6, 63.9, 125, 64.56, 87.89, , , , , 
1/30/2020 11:42:47 PM, 3293.5, 9236, 1650.3, 327.68, 222.6, 163.93, 323.87, 172.78, 245.81, 98.02, 30.6, 63.9, 125, 64.56, 87.89, , , , , 
1/30/2020 11:42:50 PM, 3293.5, 9236.25, 1650.3, 327.68, 222.6, 163.93, 323.87, 172.78, 245.81, 98.02, 30.6, 63.9, 125, 64.56, 87.89, , , , , 
1/30/2020 11:42:53 PM, 3293.5, 9236.75, 1650.3, 327.68, 222.6, 163.93, 323.87, 172.78, 245.81, 98.02, 30.6, 63.9, 125, 64.56, 87.89, , , , , 
1/30/2020 11:42:56 PM, 3293.5, 9236.75, 1650.3, 327.68, 222.6, 163.93, 323.87, 172.78, 245.81, 98.02, 30.6, 63.9, 125, 64.56, 87.89, , , , , 
1/30/2020 11:42:59 PM, 3293.5, 9236.5, 1650.3, 327.68, 222.6, 163.93, 323.87, 172.78, 245.81, 98.02, 30.6, 63.9, 125, 64.56, 87.89, , , , , 
1/30/2020 11:43:02 PM, 3293.5, 9236.5, 1650.3, 327.68, 222.6, 163.93, 323.87, 172.78, 245.81, 98.02, 30.6, 63.9, 125, 64.56, 87.89, , , , , 
1/30/2020 11:43:05 PM, 3293.5, 9236.75, 1650.3, 327.68, 222.6, 163.93, 323.87, 172.78, 245.81, 98.02, 30.6, 63.9, 125, 64.56, 87.89, , , , , 
1/30/2020 11:43:08 PM, 3293.5, 9236.5, 1650.3, 327.68, 222.6, 163.93, 323.87, 172.78, 245.81, 98.02, 30.6, 63.9, 125, 64.56, 87.89, , , , , 
1/30/2020 11:43:11 PM, 3293.5, 9236.5, 1650.3, 327.68, 222.6, 163.93, 323.87, 172.78, 245.81, 98.02, 30.6, 63.9, 125, 64.56, 87.89, , , , , 
1/30/2020 11:43:14 PM, 3293.5, 9236.5, 1650.3, 327.68, 222.6, 163.93, 323.87, 172.78, 245.81, 98.02, 30.6, 63.9, 125, 64.56, 87.89, , , , , 
1/30/2020 11:43:17 PM, 3293.5, 9237, 1650.3, 327.68, 222.6, 163.93, 323.87, 172.78, 245.81, 98.02, 30.6, 63.9, 125, 64.56, 87.89, , , , , 
1/30/2020 11:43:20 PM, 3293.5, 9237, 1650.3, 327.68, 222.6, 163.93, 323.87, 172.78, 245.81, 98.02, 30.6, 63.9, 125, 64.56, 87.89, , , , , 
1/30/2020 11:43:23 PM, 3293.75, 9238.25, 1650.4, 327.68, 222.6, 163.93, 323.87, 172.78, 245.81, 98.02, 30.6, 63.9, 125, 64.56, 87.89, , , , , 
1/30/2020 11:43:26 PM, 3293.75, 9238.25, 1650.4, 327.68, 222.6, 163.93, 323.87, 172.78, 245.81, 98.02, 30.6, 63.9, 125, 64.56, 87.89, , , , , 
1/30/2020 11:43:29 PM, 3294.25, 9239.25, 1650.6, 327.68, 222.6, 163.93, 323.87, 172.78, 245.81, 98.02, 30.6, 63.9, 125, 64.56, 87.89, , , , , 
1/30/2020 11:43:32 PM, 3294.25, 9239.25, 1650.6, 327.68, 222.6, 163.93, 323.87, 172.78, 245.81, 98.02, 30.6, 63.9, 125, 64.56, 87.89, , , , , 
1/30/2020 11:43:35 PM, 3294.25, 9239.5, 1650.6, 327.68, 222.6, 163.93, 323.87, 172.78, 245.81, 98.02, 30.6, 63.9, 125, 64.56, 87.89, , , , , 
1/30/2020 11:43:38 PM, 3294.25, 9239, 1650.6, 327.68, 222.6, 163.93, 323.87, 172.78, 245.81, 98.02, 30.6, 63.9, 125, 64.56, 87.89, , , , , 
1/30/2020 11:43:41 PM, 3294.25, 9239, 1650.6, 327.68, 222.6, 163.93, 323.87, 172.78, 245.81, 98.02, 30.6, 63.9, 125, 64.56, 87.89, , , , , 
1/30/2020 11:43:44 PM, 3294, 9239.25, 1650.6, 327.68, 222.6, 163.93, 323.87, 172.78, 245.81, 98.02, 30.6, 63.9, 125, 64.56, 87.89, , , , , 
1/30/2020 11:43:47 PM, 3294, 9239.25, 1650.6, 327.68, 222.6, 163.93, 323.87, 172.78, 245.81, 98.02, 30.6, 63.9, 125, 64.56, 87.89, , , , , 
1/30/2020 11:43:50 PM, 3294, 9238.75, 1650.6, 327.68, 222.6, 163.93, 323.87, 172.78, 245.81, 98.02, 30.6, 63.9, 125, 64.56, 87.89, , , , , 
1/30/2020 11:43:53 PM, 3294, 9238.75, 1650.6, 327.68, 222.6, 163.93, 323.87, 172.78, 245.81, 98.02, 30.6, 63.9, 125, 64.56, 87.89, , , , , 
1/30/2020 11:43:56 PM, 3294.25, 9239, 1650.6, 327.68, 222.6, 163.93, 323.87, 172.78, 245.81, 98.02, 30.6, 63.9, 125, 64.56, 87.89, , , , , 
1/30/2020 11:43:59 PM, 3294.25, 9239, 1650.6, 327.68, 222.6, 163.93, 323.87, 172.78, 245.81, 98.02, 30.6, 63.9, 125, 64.56, 87.89, , , , , 
1/30/2020 11:44:02 PM, 3294.25, 9239.25, 1650.6, 327.68, 222.6, 163.93, 323.87, 172.78, 245.81, 98.02, 30.6, 63.9, 125, 64.56, 87.89, , , , , 
1/30/2020 11:44:05 PM, 3294, 9239.5, 1650.6, 327.68, 222.6, 163.93, 323.87, 172.78, 245.81, 98.02, 30.6, 63.9, 125, 64.56, 87.89, , , , , 
1/30/2020 11:44:08 PM, 3294, 9239.5, 1650.6, 327.68, 222.6, 163.93, 323.87, 172.78, 245.81, 98.02, 30.6, 63.9, 125, 64.56, 87.89, , , , , 
1/30/2020 11:44:11 PM, 3294, 9239.25, 1650.6, 327.68, 222.6, 163.93, 323.87, 172.78, 245.81, 98.02, 30.6, 63.9, 125, 64.56, 87.89, , , , , 
1/30/2020 11:44:15 PM, 3294, 9239.25, 1650.6, 327.68, 222.6, 163.93, 323.87, 172.78, 245.81, 98.02, 30.6, 63.9, 125, 64.56, 87.89, , , , , 
1/30/2020 11:44:18 PM, 3294.25, 9239.25, 1650.6, 327.68, 222.6, 163.93, 323.87, 172.78, 245.81, 98.02, 30.6, 63.9, 125, 64.56, 87.89, , , , , 
1/30/2020 11:44:21 PM, 3294.25, 9239.25, 1650.6, 327.68, 222.6, 163.93, 323.87, 172.78, 245.81, 98.02, 30.6, 63.9, 125, 64.56, 87.89, , , , , 
1/30/2020 11:44:24 PM, 3294.25, 9238.75, 1650.6, 327.68, 222.6, 163.93, 323.87, 172.78, 245.81, 98.02, 30.6, 63.9, 125, 64.56, 87.89, , , , , 
1/30/2020 11:44:27 PM, 3294.25, 9239, 1650.6, 327.68, 222.6, 163.93, 323.87, 172.78, 245.81, 98.02, 30.6, 63.9, 125, 64.56, 87.89, , , , , 
1/30/2020 11:44:30 PM, 3294.25, 9239.25, 1650.6, 327.68, 222.6, 163.93, 323.87, 172.78, 245.81, 98.02, 30.6, 63.9, 125, 64.56, 87.89, , , , , 
1/30/2020 11:44:33 PM, 3294, 9239.75, 1650.6, 327.68, 222.6, 163.93, 323.87, 172.78, 245.81, 98.02, 30.6, 63.9, 125, 64.56, 87.89, , , , , 
1/30/2020 11:44:36 PM, 3294.25, 9239.75, 1650.6, 327.68, 222.6, 163.93, 323.87, 172.78, 245.81, 98.02, 30.6, 63.9, 125, 64.56, 87.89, , , , , 
1/30/2020 11:44:39 PM, 3294.25, 9239.75, 1650.6, 327.68, 222.6, 163.93, 323.87, 172.78, 245.81, 98.02, 30.6, 63.9, 125, 64.56, 87.89, , , , , 
1/30/2020 11:44:42 PM, 3294.25, 9240, 1650.6, 327.68, 222.6, 163.93, 323.87, 172.78, 245.81, 98.02, 30.6, 63.9, 125, 64.56, 87.89, , , , , 
1/30/2020 11:44:45 PM, 3294.25, 9240, 1650.6, 327.68, 222.6, 163.93, 323.87, 172.78, 245.81, 98.02, 30.6, 63.9, 125, 64.56, 87.89, , , , , 
1/30/2020 11:44:48 PM, 3294.25, 9240, 1650.6, 327.68, 222.6, 163.93, 323.87, 172.78, 245.81, 98.02, 30.6, 63.9, 125, 64.56, 87.89, , , , , 
1/30/2020 11:44:51 PM, 3294.25, 9240, 1650.6, 327.68, 222.6, 163.93, 323.87, 172.78, 245.81, 98.02, 30.6, 63.9, 125, 64.56, 87.89, , , , , 
1/30/2020 11:44:54 PM, 3294.25, 9240, 1650.8, 327.68, 222.6, 163.93, 323.87, 172.78, 245.81, 98.02, 30.6, 63.9, 125, 64.56, 87.89, , , , , 
1/30/2020 11:44:57 PM, 3294.25, 9239.75, 1650.7, 327.68, 222.6, 163.93, 323.87, 172.78, 245.81, 98.02, 30.6, 63.9, 125, 64.56, 87.89, , , , , 
1/30/2020 11:45:00 PM, 3294.25, 9240, 1650.7, 327.68, 222.6, 163.93, 323.87, 172.78, 245.81, 98.02, 30.6, 63.9, 125, 64.56, 87.89, , , , , 
1/30/2020 11:45:03 PM, 3294.25, 9239.5, 1650.7, 327.68, 222.6, 163.93, 323.87, 172.78, 245.81, 98.02, 30.6, 63.9, 125, 64.56, 87.89, , , , , 
1/30/2020 11:45:06 PM, 3294.25, 9239.75, 1650.8, 327.68, 222.6, 163.93, 323.87, 172.78, 245.81, 98.02, 30.6, 63.9, 125, 64.56, 87.89, , , , , 
1/30/2020 11:45:09 PM, 3294.25, 9239.75, 1650.8, 327.68, 222.6, 163.93, 323.87, 172.78, 245.81, 98.02, 30.6, 63.9, 125, 64.56, 87.89, , , , , 
1/30/2020 11:45:12 PM, 3294.25, 9239.25, 1650.8, 327.68, 222.6, 163.93, 323.87, 172.78, 245.81, 98.02, 30.6, 63.9, 125, 64.56, 87.89, , , , , 
1/30/2020 11:45:15 PM, 3294.25, 9239.5, 1650.8, 327.68, 222.6, 163.93, 323.87, 172.78, 245.81, 98.02, 30.6, 63.9, 125, 64.56, 87.89, , , , , 
1/30/2020 11:45:18 PM, 3294.25, 9239.5, 1650.8, 327.68, 222.6, 163.93, 323.87, 172.78, 245.81, 98.02, 30.6, 63.9, 125, 64.56, 87.89, , , , , 
1/30/2020 11:45:21 PM, 3294.25, 9239.5, 1650.8, 327.68, 222.6, 163.93, 323.87, 172.78, 245.81, 98.02, 30.6, 63.9, 125, 64.56, 87.89, , , , , 
1/30/2020 11:45:24 PM, 3294.25, 9239.75, 1650.8, 327.68, 222.6, 163.93, 323.87, 172.78, 245.81, 98.02, 30.6, 63.9, 125, 64.56, 87.89, , , , , 
1/30/2020 11:45:27 PM, 3294.25, 9239.75, 1650.8, 327.68, 222.6, 163.93, 323.87, 172.78, 245.81, 98.02, 30.6, 63.9, 125, 64.56, 87.89, , , , , 
1/30/2020 11:45:30 PM, 3294.25, 9239.75, 1650.8, 327.68, 222.6, 163.93, 323.87, 172.78, 245.81, 98.02, 30.6, 63.9, 125, 64.56, 87.89, , , , , 
1/30/2020 11:45:33 PM, 3294.25, 9239.75, 1650.8, 327.68, 222.6, 163.93, 323.87, 172.78, 245.81, 98.02, 30.6, 63.9, 125, 64.56, 87.89, , , , , 
1/30/2020 11:45:36 PM, 3294.25, 9238.75, 1650.8, 327.68, 222.6, 163.93, 323.87, 172.78, 245.81, 98.02, 30.6, 63.9, 125, 64.56, 87.89, , , , , 
1/30/2020 11:45:39 PM, 3294.25, 9238.75, 1650.8, 327.68, 222.6, 163.93, 323.87, 172.78, 245.81, 98.02, 30.6, 63.9, 125, 64.56, 87.89, , , , , 
1/30/2020 11:45:42 PM, 3294.25, 9239.5, 1650.8, 327.68, 222.6, 163.93, 323.87, 172.78, 245.81, 98.02, 30.6, 63.9, 125, 64.56, 87.89, , , , , 
1/30/2020 11:45:45 PM, 3294.25, 9239.5, 1650.8, 327.68, 222.6, 163.93, 323.87, 172.78, 245.81, 98.02, 30.6, 63.9, 125, 64.56, 87.89, , , , , 
1/30/2020 11:45:48 PM, 3294.25, 9239.25, 1650.7, 327.68, 222.6, 163.93, 323.87, 172.78, 245.81, 98.02, 30.6, 63.9, 125, 64.56, 87.89, , , , , 
1/30/2020 11:45:51 PM, 3294.25, 9239.25, 1650.7, 327.68, 222.6, 163.93, 323.87, 172.78, 245.81, 98.02, 30.6, 63.9, 125, 64.56, 87.89, , , , , 
1/30/2020 11:45:55 PM, 3294.25, 9239, 1650.7, 327.68, 222.6, 163.93, 323.87, 172.78, 245.81, 98.02, 30.6, 63.9, 125, 64.56, 87.89, , , , , 
1/30/2020 11:45:58 PM, 3294.25, 9239, 1650.7, 327.68, 222.6, 163.93, 323.87, 172.78, 245.81, 98.02, 30.6, 63.9, 125, 64.56, 87.89, , , , , 
1/30/2020 11:46:01 PM, 3294.25, 9239, 1650.7, 327.68, 222.6, 163.93, 323.87, 172.78, 245.81, 98.02, 30.6, 63.9, 125, 64.56, 87.89, , , , , 
1/30/2020 11:46:04 PM, 3294.25, 9239, 1650.7, 327.68, 222.6, 163.93, 323.87, 172.78, 245.81, 98.02, 30.6, 63.9, 125, 64.56, 87.89, , , , , 
1/30/2020 11:46:07 PM, 3294.25, 9238.75, 1650.7, 327.68, 222.6, 163.93, 323.87, 172.78, 245.81, 98.02, 30.6, 63.9, 125, 64.56, 87.89, , , , , 
1/30/2020 11:46:10 PM, 3294.25, 9238.75, 1650.7, 327.68, 222.6, 163.93, 323.87, 172.78, 245.81, 98.02, 30.6, 63.9, 125, 64.56, 87.89, , , , , 
1/30/2020 11:46:13 PM, 3294.25, 9238.75, 1650.7, 327.68, 222.6, 163.93, 323.87, 172.78, 245.81, 98.02, 30.6, 63.9, 125, 64.56, 87.89, , , , , 
1/30/2020 11:46:16 PM, 3294.25, 9238.75, 1650.7, 327.68, 222.6, 163.93, 323.87, 172.78, 245.81, 98.02, 30.6, 63.9, 125, 64.56, 87.89, , , , , 
1/30/2020 11:46:19 PM, 3294.25, 9238.25, 1650.7, 327.68, 222.6, 163.93, 323.87, 172.78, 245.81, 98.02, 30.6, 63.9, 125, 64.56, 87.89, , , , , 
1/30/2020 11:46:22 PM, 3294.25, 9238.25, 1650.7, 327.68, 222.6, 163.93, 323.87, 172.78, 245.81, 98.02, 30.6, 63.9, 125, 64.56, 87.89, , , , , 
1/30/2020 11:46:25 PM, 3294, 9238.25, 1650.7, 327.68, 222.6, 163.93, 323.87, 172.78, 245.81, 98.02, 30.6, 63.9, 125, 64.56, 87.89, , , , , 
1/30/2020 11:46:28 PM, 3294, 9238.25, 1650.7, 327.68, 222.6, 163.93, 323.87, 172.78, 245.81, 98.02, 30.6, 63.9, 125, 64.56, 87.89, , , , , 
1/30/2020 11:46:31 PM, 3294, 9238.25, 1650.7, 327.68, 222.6, 163.93, 323.87, 172.78, 245.81, 98.02, 30.6, 63.9, 125, 64.56, 87.89, , , , , 
1/30/2020 11:46:34 PM, 3294, 9238.25, 1650.6, 327.68, 222.6, 163.93, 323.87, 172.78, 245.81, 98.02, 30.6, 63.9, 125, 64.56, 87.89, , , , , 
1/30/2020 11:46:37 PM, 3294, 9238.25, 1650.6, 327.68, 222.6, 163.93, 323.87, 172.78, 245.81, 98.02, 30.6, 63.9, 125, 64.56, 87.89, , , , , 
1/30/2020 11:46:40 PM, 3294, 9238.25, 1650.6, 327.68, 222.6, 163.93, 323.87, 172.78, 245.81, 98.02, 30.6, 63.9, 125, 64.56, 87.89, , , , , 
1/30/2020 11:46:43 PM, 3294, 9239, 1650.6, 327.68, 222.6, 163.93, 323.87, 172.78, 245.81, 98.02, 30.6, 63.9, 125, 64.56, 87.89, , , , , 
1/30/2020 11:46:46 PM, 3294, 9239, 1650.6, 327.68, 222.6, 163.93, 323.87, 172.78, 245.81, 98.02, 30.6, 63.9, 125, 64.56, 87.89, , , , , 
1/30/2020 11:46:49 PM, 3294, 9239, 1650.6, 327.68, 222.6, 163.93, 323.87, 172.78, 245.81, 98.02, 30.6, 63.9, 125, 64.56, 87.89, , , , , 
1/30/2020 11:46:52 PM, 3294, 9239, 1650.6, 327.68, 222.6, 163.93, 323.87, 172.78, 245.81, 98.02, 30.6, 63.9, 125, 64.56, 87.89, , , , , 
1/30/2020 11:46:55 PM, 3294, 9239, 1650.6, 327.68, 222.6, 163.93, 323.87, 172.78, 245.81, 98.02, 30.6, 63.9, 125, 64.56, 87.89, , , , , 
1/30/2020 11:46:58 PM, 3294, 9239, 1650.6, 327.68, 222.6, 163.93, 323.87, 172.78, 245.81, 98.02, 30.6, 63.9, 125, 64.56, 87.89, , , , , 
1/30/2020 11:47:01 PM, 3294, 9239, 1650.6, 327.68, 222.6, 163.93, 323.87, 172.78, 245.81, 98.02, 30.6, 63.9, 125, 64.56, 87.89, , , , , 
1/30/2020 11:47:04 PM, 3294, 9238.75, 1650.6, 327.68, 222.6, 163.93, 323.87, 172.78, 245.81, 98.02, 30.6, 63.9, 125, 64.56, 87.89, , , , , 
1/30/2020 11:47:07 PM, 3294, 9238.75, 1650.6, 327.68, 222.6, 163.93, 323.87, 172.78, 245.81, 98.02, 30.6, 63.9, 125, 64.56, 87.89, , , , , 
1/30/2020 11:47:10 PM, 3294, 9238.75, 1650.6, 327.68, 222.6, 163.93, 323.87, 172.78, 245.81, 98.02, 30.6, 63.9, 125, 64.56, 87.89, , , , , 
1/30/2020 11:47:13 PM, 3294.25, 9239, 1650.6, 327.68, 222.6, 163.93, 323.87, 172.78, 245.81, 98.02, 30.6, 63.9, 125, 64.56, 87.89, , , , , 
1/30/2020 11:47:16 PM, 3294.25, 9239, 1650.6, 327.68, 222.6, 163.93, 323.87, 172.78, 245.81, 98.02, 30.6, 63.9, 125, 64.56, 87.89, , , , , 
1/30/2020 11:47:19 PM, 3294.25, 9238.75, 1650.6, 327.68, 222.6, 163.93, 323.87, 172.78, 245.81, 98.02, 30.6, 63.9, 125, 64.56, 87.89, , , , , 
1/30/2020 11:47:22 PM, 3294.25, 9238.75, 1650.6, 327.68, 222.6, 163.93, 323.87, 172.78, 245.81, 98.02, 30.6, 63.9, 125, 64.56, 87.89, , , , , 
1/30/2020 11:47:25 PM, 3294.25, 9238.75, 1650.6, 327.68, 222.6, 163.93, 323.87, 172.78, 245.81, 98.02, 30.6, 63.9, 125, 64.56, 87.89, , , , , 
1/30/2020 11:47:28 PM, 3294.25, 9238.5, 1650.6, 327.68, 222.6, 163.93, 323.87, 172.78, 245.81, 98.02, 30.6, 63.9, 125, 64.56, 87.89, , , , , 
1/30/2020 11:47:31 PM, 3294.25, 9238.5, 1650.6, 327.68, 222.6, 163.93, 323.87, 172.78, 245.81, 98.02, 30.6, 63.9, 125, 64.56, 87.89, , , , , 
1/30/2020 11:47:34 PM, 3294.25, 9238.5, 1650.6, 327.68, 222.6, 163.93, 323.87, 172.78, 245.81, 98.02, 30.6, 63.9, 125, 64.56, 87.89, , , , , 
1/30/2020 11:47:37 PM, 3294, 9238.25, 1650.7, 327.68, 222.6, 163.93, 323.87, 172.78, 245.81, 98.02, 30.6, 63.9, 125, 64.56, 87.89, , , , , 
1/30/2020 11:47:40 PM, 3294, 9238.5, 1650.7, 327.68, 222.6, 163.93, 323.87, 172.78, 245.81, 98.02, 30.6, 63.9, 125, 64.56, 87.89, , , , , 
1/30/2020 11:47:43 PM, 3294, 9238.5, 1650.7, 327.68, 222.6, 163.93, 323.87, 172.78, 245.81, 98.02, 30.6, 63.9, 125, 64.56, 87.89, , , , , 
1/30/2020 11:47:46 PM, 3294, 9238.5, 1650.7, 327.68, 222.6, 163.93, 323.87, 172.78, 245.81, 98.02, 30.6, 63.9, 125, 64.56, 87.89, , , , , 
1/30/2020 11:47:50 PM, 3294, 9238.5, 1650.7, 327.68, 222.6, 163.93, 323.87, 172.78, 245.81, 98.02, 30.6, 63.9, 125, 64.56, 87.89, , , , , 
1/30/2020 11:47:53 PM, 3294, 9238.5, 1650.7, 327.68, 222.6, 163.93, 323.87, 172.78, 245.81, 98.02, 30.6, 63.9, 125, 64.56, 87.89, , , , , 
1/30/2020 11:47:56 PM, 3294, 9238.5, 1650.7, 327.68, 222.6, 163.93, 323.87, 172.78, 245.81, 98.02, 30.6, 63.9, 125, 64.56, 87.89, , , , , 
1/30/2020 11:47:59 PM, 3294, 9238, 1650.7, 327.68, 222.6, 163.93, 323.87, 172.78, 245.81, 98.02, 30.6, 63.9, 125, 64.56, 87.89, , , , , 
1/30/2020 11:48:02 PM, 3294, 9238, 1650.7, 327.68, 222.6, 163.93, 323.87, 172.78, 245.81, 98.02, 30.6, 63.9, 125, 64.56, 87.89, , , , , 
1/30/2020 11:48:05 PM, 3294, 9238.25, 1650.7, 327.68, 222.6, 163.93, 323.87, 172.78, 245.81, 98.02, 30.6, 63.9, 125, 64.56, 87.89, , , , , 
1/30/2020 11:48:08 PM, 3294, 9238.25, 1650.7, 327.68, 222.6, 163.93, 323.87, 172.78, 245.81, 98.02, 30.6, 63.9, 125, 64.56, 87.89, , , , , 
1/30/2020 11:48:11 PM, 3294, 9238, 1650.7, 327.68, 222.6, 163.93, 323.87, 172.78, 245.81, 98.02, 30.6, 63.9, 125, 64.56, 87.89, , , , , 
1/30/2020 11:48:14 PM, 3294, 9238, 1650.7, 327.68, 222.6, 163.93, 323.87, 172.78, 245.81, 98.02, 30.6, 63.9, 125, 64.56, 87.89, , , , , 
1/30/2020 11:48:17 PM, 3294, 9238, 1650.7, 327.68, 222.6, 163.93, 323.87, 172.78, 245.81, 98.02, 30.6, 63.9, 125, 64.56, 87.89, , , , , 
1/30/2020 11:48:20 PM, 3293.75, 9238, 1650.7, 327.68, 222.6, 163.93, 323.87, 172.78, 245.81, 98.02, 30.6, 63.9, 125, 64.56, 87.89, , , , , 
1/30/2020 11:48:23 PM, 3293.75, 9238, 1650.7, 327.68, 222.6, 163.93, 323.87, 172.78, 245.81, 98.02, 30.6, 63.9, 125, 64.56, 87.89, , , , , 
1/30/2020 11:48:26 PM, 3293.75, 9237.75, 1650.7, 327.68, 222.6, 163.93, 323.87, 172.78, 245.81, 98.02, 30.6, 63.9, 125, 64.56, 87.89, , , , , 
1/30/2020 11:48:29 PM, 3293.75, 9237.75, 1650.7, 327.68, 222.6, 163.93, 323.87, 172.78, 245.81, 98.02, 30.6, 63.9, 125, 64.56, 87.89, , , , , 
1/30/2020 11:48:32 PM, 3293.75, 9237.5, 1650.6, 327.68, 222.6, 163.93, 323.87, 172.78, 245.81, 98.02, 30.6, 63.9, 125, 64.56, 87.89, , , , , 
1/30/2020 11:48:35 PM, 3293.75, 9237.5, 1650.6, 327.68, 222.6, 163.93, 323.87, 172.78, 245.81, 98.02, 30.6, 63.9, 125, 64.56, 87.89, , , , , 
1/30/2020 11:48:38 PM, 3293.75, 9237.5, 1650.6, 327.68, 222.6, 163.93, 323.87, 172.78, 245.81, 98.02, 30.6, 63.9, 125, 64.56, 87.89, , , , , 
1/30/2020 11:48:41 PM, 3293.75, 9237.25, 1650.6, 327.68, 222.6, 163.93, 323.87, 172.78, 245.81, 98.02, 30.6, 63.9, 125, 64.56, 87.89, , , , , 
1/30/2020 11:48:44 PM, 3293.75, 9237.25, 1650.6, 327.68, 222.6, 163.93, 323.87, 172.78, 245.81, 98.02, 30.6, 63.9, 125, 64.56, 87.89, , , , , 
1/30/2020 11:48:47 PM, 3293.75, 9237.25, 1650.6, 327.68, 222.6, 163.93, 323.87, 172.78, 245.81, 98.02, 30.6, 63.9, 125, 64.56, 87.89, , , , , 
1/30/2020 11:48:50 PM, 3293.75, 9237.25, 1650.6, 327.68, 222.6, 163.93, 323.87, 172.78, 245.81, 98.02, 30.6, 63.9, 125, 64.56, 87.89, , , , , 
1/30/2020 11:48:53 PM, 3293.5, 9237.25, 1650.6, 327.68, 222.6, 163.93, 323.87, 172.78, 245.81, 98.02, 30.6, 63.9, 125, 64.56, 87.89, , , , , 
1/30/2020 11:48:56 PM, 3293.75, 9237.5, 1650.6, 327.68, 222.6, 163.93, 323.87, 172.78, 245.81, 98.02, 30.6, 63.9, 125, 64.56, 87.89, , , , , 
1/30/2020 11:48:59 PM, 3293.75, 9237.5, 1650.6, 327.68, 222.6, 163.93, 323.87, 172.78, 245.81, 98.02, 30.6, 63.9, 125, 64.56, 87.89, , , , , 
1/30/2020 11:49:02 PM, 3293.75, 9237.5, 1650.6, 327.68, 222.6, 163.93, 323.87, 172.78, 245.81, 98.02, 30.6, 63.9, 125, 64.56, 87.89, , , , , 
1/30/2020 11:49:05 PM, 3293.75, 9237.5, 1650.6, 327.68, 222.6, 163.93, 323.87, 172.78, 245.81, 98.02, 30.6, 63.9, 125, 64.56, 87.89, , , , , 
1/30/2020 11:49:08 PM, 3293.5, 9237.5, 1650.6, 327.68, 222.6, 163.93, 323.87, 172.78, 245.81, 98.02, 30.6, 63.9, 125, 64.56, 87.89, , , , , 
1/30/2020 11:49:11 PM, 3293.5, 9237, 1650.6, 327.68, 222.6, 163.93, 323.87, 172.78, 245.81, 98.02, 30.6, 63.9, 125, 64.56, 87.89, , , , , 
1/30/2020 11:49:14 PM, 3293.5, 9237, 1650.6, 327.68, 222.6, 163.93, 323.87, 172.78, 245.81, 98.02, 30.6, 63.9, 125, 64.56, 87.89, , , , , 
1/30/2020 11:49:17 PM, 3293.5, 9236.5, 1650.6, 327.68, 222.6, 163.93, 323.87, 172.78, 245.81, 98.02, 30.6, 63.9, 125, 64.56, 87.89, , , , , 
1/30/2020 11:49:20 PM, 3293.5, 9236.75, 1650.6, 327.68, 222.6, 163.93, 323.87, 172.78, 245.81, 98.02, 30.6, 63.9, 125, 64.56, 87.89, , , , , 
1/30/2020 11:49:23 PM, 3293.75, 9237.25, 1650.5, 327.68, 222.6, 163.93, 323.87, 172.78, 245.81, 98.02, 30.6, 63.9, 125, 64.56, 87.89, , , , , 
1/30/2020 11:49:26 PM, 3293.75, 9237.5, 1650.5, 327.68, 222.6, 163.93, 323.87, 172.78, 245.81, 98.02, 30.6, 63.9, 125, 64.56, 87.89, , , , , 
1/30/2020 11:49:29 PM, 3293.75, 9238, 1650.5, 327.68, 222.6, 163.93, 323.87, 172.78, 245.81, 98.02, 30.6, 63.9, 125, 64.56, 87.89, , , , , 
1/30/2020 11:49:32 PM, 3293.75, 9237.5, 1650.5, 327.68, 222.6, 163.93, 323.87, 172.78, 245.81, 98.02, 30.6, 63.9, 125, 64.56, 87.89, , , , , 
1/30/2020 11:49:35 PM, 3293.75, 9237.5, 1650.5, 327.68, 222.6, 163.93, 323.87, 172.78, 245.81, 98.02, 30.6, 63.9, 125, 64.56, 87.89, , , , , 
1/30/2020 11:49:38 PM, 3293.75, 9237.5, 1650.5, 327.68, 222.6, 163.93, 323.87, 172.78, 245.81, 98.02, 30.6, 63.9, 125, 64.56, 87.89, , , , , 
1/30/2020 11:49:42 PM, 3293.75, 9237.5, 1650.5, 327.68, 222.6, 163.93, 323.87, 172.78, 245.81, 98.02, 30.6, 63.9, 125, 64.56, 87.89, , , , , 
1/30/2020 11:49:45 PM, 3293.75, 9237, 1650.5, 327.68, 222.6, 163.93, 323.87, 172.78, 245.81, 98.02, 30.6, 63.9, 125, 64.56, 87.89, , , , , 
1/30/2020 11:49:48 PM, 3293.75, 9237.25, 1650.5, 327.68, 222.6, 163.93, 323.87, 172.78, 245.81, 98.02, 30.6, 63.9, 125, 64.56, 87.89, , , , , 
1/30/2020 11:49:51 PM, 3293.75, 9237.25, 1650.5, 327.68, 222.6, 163.93, 323.87, 172.78, 245.81, 98.02, 30.6, 63.9, 125, 64.56, 87.89, , , , , 
1/30/2020 11:49:54 PM, 3293.75, 9237.25, 1650.5, 327.68, 222.6, 163.93, 323.87, 172.78, 245.81, 98.02, 30.6, 63.9, 125, 64.56, 87.89, , , , , 
1/30/2020 11:49:57 PM, 3293.75, 9237.5, 1650.5, 327.68, 222.6, 163.93, 323.87, 172.78, 245.81, 98.02, 30.6, 63.9, 125, 64.56, 87.89, , , , , 
1/30/2020 11:50:00 PM, 3293.75, 9237.5, 1650.5, 327.68, 222.6, 163.93, 323.87, 172.78, 245.81, 98.02, 30.6, 63.9, 125, 64.56, 87.89, , , , , 
1/30/2020 11:50:03 PM, 3293.75, 9237.5, 1650.5, 327.68, 222.6, 163.93, 323.87, 172.78, 245.81, 98.02, 30.6, 63.9, 125, 64.56, 87.89, , , , , 
1/30/2020 11:50:06 PM, 3293.75, 9237.25, 1650.5, 327.68, 222.6, 163.93, 323.87, 172.78, 245.81, 98.02, 30.6, 63.9, 125, 64.56, 87.89, , , , , 
1/30/2020 11:50:09 PM, 3293.75, 9237.25, 1650.5, 327.68, 222.6, 163.93, 323.87, 172.78, 245.81, 98.02, 30.6, 63.9, 125, 64.56, 87.89, , , , , 
1/30/2020 11:50:12 PM, 3293.75, 9237.75, 1650.5, 327.68, 222.6, 163.93, 323.87, 172.78, 245.81, 98.02, 30.6, 63.9, 125, 64.56, 87.89, , , , , 
1/30/2020 11:50:15 PM, 3293.75, 9237.75, 1650.5, 327.68, 222.6, 163.93, 323.87, 172.78, 245.81, 98.02, 30.6, 63.9, 125, 64.56, 87.89, , , , , 
1/30/2020 11:50:18 PM, 3293.75, 9237.75, 1650.5, 327.68, 222.6, 163.93, 323.87, 172.78, 245.81, 98.02, 30.6, 63.9, 125, 64.56, 87.89, , , , , 
1/30/2020 11:50:21 PM, 3293.75, 9238, 1650.5, 327.68, 222.6, 163.93, 323.87, 172.78, 245.81, 98.02, 30.6, 63.9, 125, 64.56, 87.89, , , , , 
1/30/2020 11:50:24 PM, 3293.75, 9238, 1650.5, 327.68, 222.6, 163.93, 323.87, 172.78, 245.81, 98.02, 30.6, 63.9, 125, 64.56, 87.89, , , , , 
1/30/2020 11:50:27 PM, 3293.75, 9238, 1650.5, 327.68, 222.6, 163.93, 323.87, 172.78, 245.81, 98.02, 30.6, 63.9, 125, 64.56, 87.89, , , , , 
1/30/2020 11:50:30 PM, 3293.75, 9238, 1650.5, 327.68, 222.6, 163.93, 323.87, 172.78, 245.81, 98.02, 30.6, 63.9, 125, 64.56, 87.89, , , , , 
1/30/2020 11:50:33 PM, 3293.75, 9238, 1650.5, 327.68, 222.6, 163.93, 323.87, 172.78, 245.81, 98.02, 30.6, 63.9, 125, 64.56, 87.89, , , , , 
1/30/2020 11:50:36 PM, 3293.75, 9238, 1650.5, 327.68, 222.6, 163.93, 323.87, 172.78, 245.81, 98.02, 30.6, 63.9, 125, 64.56, 87.89, , , , , 
1/30/2020 11:50:39 PM, 3293.75, 9238, 1650.5, 327.68, 222.6, 163.93, 323.87, 172.78, 245.81, 98.02, 30.6, 63.9, 125, 64.56, 87.89, , , , , 
1/30/2020 11:50:42 PM, 3293.75, 9238, 1650.5, 327.68, 222.6, 163.93, 323.87, 172.78, 245.81, 98.02, 30.6, 63.9, 125, 64.56, 87.89, , , , , 
1/30/2020 11:50:45 PM, 3293.75, 9238, 1650.5, 327.68, 222.6, 163.93, 323.87, 172.78, 245.81, 98.02, 30.6, 63.9, 125, 64.56, 87.89, , , , , 
1/30/2020 11:50:48 PM, 3293.75, 9238, 1650.5, 327.68, 222.6, 163.93, 323.87, 172.78, 245.81, 98.02, 30.6, 63.9, 125, 64.56, 87.89, , , , , 
1/30/2020 11:50:51 PM, 3293.75, 9238.25, 1650.5, 327.68, 222.6, 163.93, 323.87, 172.78, 245.81, 98.02, 30.6, 63.9, 125, 64.56, 87.89, , , , , 
1/30/2020 11:50:54 PM, 3294, 9238.5, 1650.7, 327.68, 222.6, 163.93, 323.87, 172.78, 245.81, 98.02, 30.6, 63.9, 125, 64.56, 87.89, , , , , 
1/30/2020 11:50:57 PM, 3294.25, 9238.25, 1650.7, 327.68, 222.6, 163.93, 323.87, 172.78, 245.81, 98.02, 30.6, 63.9, 125, 64.56, 87.89, , , , , 
1/30/2020 11:51:00 PM, 3294.25, 9238.25, 1650.7, 327.68, 222.6, 163.93, 323.87, 172.78, 245.81, 98.02, 30.6, 63.9, 125, 64.56, 87.89, , , , , 
1/30/2020 11:51:03 PM, 3294.25, 9238.25, 1650.7, 327.68, 222.6, 163.93, 323.87, 172.78, 245.81, 98.02, 30.6, 63.9, 125, 64.56, 87.89, , , , , 
1/30/2020 11:51:06 PM, 3294, 9238.5, 1650.7, 327.68, 222.6, 163.93, 323.87, 172.78, 245.81, 98.02, 30.6, 63.9, 125, 64.56, 87.89, , , , , 
1/30/2020 11:51:09 PM, 3294, 9238.5, 1650.7, 327.68, 222.6, 163.93, 323.87, 172.78, 245.81, 98.02, 30.6, 63.9, 125, 64.56, 87.89, , , , , 
1/30/2020 11:51:12 PM, 3294, 9238.5, 1650.7, 327.68, 222.6, 163.93, 323.87, 172.78, 245.81, 98.02, 30.6, 63.9, 125, 64.56, 87.89, , , , , 
1/30/2020 11:51:15 PM, 3294, 9238.5, 1650.7, 327.68, 222.6, 163.93, 323.87, 172.78, 245.81, 98.02, 30.6, 63.9, 125, 64.56, 87.89, , , , , 
1/30/2020 11:51:19 PM, 3294, 9238.5, 1650.7, 327.68, 222.6, 163.93, 323.87, 172.78, 245.81, 98.02, 30.6, 63.9, 125, 64.56, 87.89, , , , , 
1/30/2020 11:51:22 PM, 3294, 9238.75, 1650.7, 327.68, 222.6, 163.93, 323.87, 172.78, 245.81, 98.02, 30.6, 63.9, 125, 64.56, 87.89, , , , , 
1/30/2020 11:51:25 PM, 3294, 9238.5, 1650.7, 327.68, 222.6, 163.93, 323.87, 172.78, 245.81, 98.02, 30.6, 63.9, 125, 64.56, 87.89, , , , , 
1/30/2020 11:51:28 PM, 3294, 9239, 1650.7, 327.68, 222.6, 163.93, 323.87, 172.78, 245.81, 98.02, 30.6, 63.9, 125, 64.56, 87.89, , , , , 
1/30/2020 11:51:31 PM, 3294, 9239, 1650.7, 327.68, 222.6, 163.93, 323.87, 172.78, 245.81, 98.02, 30.6, 63.9, 125, 64.56, 87.89, , , , , 
1/30/2020 11:51:34 PM, 3294, 9239, 1650.7, 327.68, 222.6, 163.93, 323.87, 172.78, 245.81, 98.02, 30.6, 63.9, 125, 64.56, 87.89, , , , , 
1/30/2020 11:51:37 PM, 3294, 9239, 1650.7, 327.68, 222.6, 163.93, 323.87, 172.78, 245.81, 98.02, 30.6, 63.9, 125, 64.56, 87.89, , , , , 
1/30/2020 11:51:40 PM, 3294.25, 9239, 1650.8, 327.68, 222.6, 163.93, 323.87, 172.78, 245.81, 98.02, 30.6, 63.9, 125, 64.56, 87.89, , , , , 
1/30/2020 11:51:43 PM, 3294.25, 9239, 1650.8, 327.68, 222.6, 163.93, 323.87, 172.78, 245.81, 98.02, 30.6, 63.9, 125, 64.56, 87.89, , , , , 
1/30/2020 11:51:46 PM, 3294.25, 9239.25, 1650.8, 327.68, 222.6, 163.93, 323.87, 172.78, 245.81, 98.02, 30.6, 63.9, 125, 64.56, 87.89, , , , , 
1/30/2020 11:51:49 PM, 3294.25, 9239.25, 1650.8, 327.68, 222.6, 163.93, 323.87, 172.78, 245.81, 98.02, 30.6, 63.9, 125, 64.56, 87.89, , , , , 
1/30/2020 11:51:52 PM, 3294.25, 9239.25, 1650.8, 327.68, 222.6, 163.93, 323.87, 172.78, 245.81, 98.02, 30.6, 63.9, 125, 64.56, 87.89, , , , , 
1/30/2020 11:51:55 PM, 3294.25, 9239.25, 1650.8, 327.68, 222.6, 163.93, 323.87, 172.78, 245.81, 98.02, 30.6, 63.9, 125, 64.56, 87.89, , , , , 
1/30/2020 11:51:58 PM, 3294.25, 9239.25, 1650.8, 327.68, 222.6, 163.93, 323.87, 172.78, 245.81, 98.02, 30.6, 63.9, 125, 64.56, 87.89, , , , , 
1/30/2020 11:52:01 PM, 3294.25, 9239.25, 1650.8, 327.68, 222.6, 163.93, 323.87, 172.78, 245.81, 98.02, 30.6, 63.9, 125, 64.56, 87.89, , , , , 
1/30/2020 11:52:04 PM, 3294, 9238.75, 1650.8, 327.68, 222.6, 163.93, 323.87, 172.78, 245.81, 98.02, 30.6, 63.9, 125, 64.56, 87.89, , , , , 
1/30/2020 11:52:07 PM, 3294, 9238.75, 1650.8, 327.68, 222.6, 163.93, 323.87, 172.78, 245.81, 98.02, 30.6, 63.9, 125, 64.56, 87.89, , , , , 
1/30/2020 11:52:10 PM, 3294, 9238.25, 1650.8, 327.68, 222.6, 163.93, 323.87, 172.78, 245.81, 98.02, 30.6, 63.9, 125, 64.56, 87.89, , , , , 
1/30/2020 11:52:13 PM, 3294, 9238.25, 1650.8, 327.68, 222.6, 163.93, 323.87, 172.78, 245.81, 98.02, 30.6, 63.9, 125, 64.56, 87.89, , , , , 
1/30/2020 11:52:16 PM, 3294, 9238.25, 1650.8, 327.68, 222.6, 163.93, 323.87, 172.78, 245.81, 98.02, 30.6, 63.9, 125, 64.56, 87.89, , , , , 
1/30/2020 11:52:19 PM, 3294, 9238.25, 1650.8, 327.68, 222.6, 163.93, 323.87, 172.78, 245.81, 98.02, 30.6, 63.9, 125, 64.56, 87.89, , , , , 
1/30/2020 11:52:22 PM, 3294, 9238.25, 1650.8, 327.68, 222.6, 163.93, 323.87, 172.78, 245.81, 98.02, 30.6, 63.9, 125, 64.56, 87.89, , , , , 
1/30/2020 11:52:25 PM, 3294, 9238.25, 1650.8, 327.68, 222.6, 163.93, 323.87, 172.78, 245.81, 98.02, 30.6, 63.9, 125, 64.56, 87.89, , , , , 
1/30/2020 11:52:28 PM, 3294, 9237.25, 1650.8, 327.68, 222.6, 163.93, 323.87, 172.78, 245.81, 98.02, 30.6, 63.9, 125, 64.56, 87.89, , , , , 
1/30/2020 11:52:31 PM, 3294, 9237.25, 1650.8, 327.68, 222.6, 163.93, 323.87, 172.78, 245.81, 98.02, 30.6, 63.9, 125, 64.56, 87.89, , , , , 
1/30/2020 11:52:34 PM, 3294, 9237.75, 1650.8, 327.68, 222.6, 163.93, 323.87, 172.78, 245.81, 98.02, 30.6, 63.9, 125, 64.56, 87.89, , , , , 
1/30/2020 11:52:37 PM, 3294, 9237.75, 1650.8, 327.68, 222.6, 163.93, 323.87, 172.78, 245.81, 98.02, 30.6, 63.9, 125, 64.56, 87.89, , , , , 
1/30/2020 11:52:40 PM, 3294, 9237.75, 1650.8, 327.68, 222.6, 163.93, 323.87, 172.78, 245.81, 98.02, 30.6, 63.9, 125, 64.56, 87.89, , , , , 
1/30/2020 11:52:43 PM, 3294, 9237.75, 1650.8, 327.68, 222.6, 163.93, 323.87, 172.78, 245.81, 98.02, 30.6, 63.9, 125, 64.56, 87.89, , , , , 
1/30/2020 11:52:46 PM, 3294, 9237.75, 1650.7, 327.68, 222.6, 163.93, 323.87, 172.78, 245.81, 98.02, 30.6, 63.9, 125, 64.56, 87.89, , , , , 
1/30/2020 11:52:49 PM, 3294, 9237.75, 1650.7, 327.68, 222.6, 163.93, 323.87, 172.78, 245.81, 98.02, 30.6, 63.9, 125, 64.56, 87.89, , , , , 
1/30/2020 11:52:52 PM, 3294, 9237.75, 1650.7, 327.68, 222.6, 163.93, 323.87, 172.78, 245.81, 98.02, 30.6, 63.9, 125, 64.56, 87.89, , , , , 
1/30/2020 11:52:55 PM, 3294, 9237.75, 1650.7, 327.68, 222.6, 163.93, 323.87, 172.78, 245.81, 98.02, 30.6, 63.9, 125, 64.56, 87.89, , , , , 
1/30/2020 11:52:58 PM, 3294, 9237.75, 1650.7, 327.68, 222.6, 163.93, 323.87, 172.78, 245.81, 98.02, 30.6, 63.9, 125, 64.56, 87.89, , , , , 
1/30/2020 11:53:01 PM, 3294, 9237.75, 1650.7, 327.68, 222.6, 163.93, 323.87, 172.78, 245.81, 98.02, 30.6, 63.9, 125, 64.56, 87.89, , , , , 
1/30/2020 11:53:04 PM, 3294, 9237.5, 1650.7, 327.68, 222.6, 163.93, 323.87, 172.78, 245.81, 98.02, 30.6, 63.9, 125, 64.56, 87.89, , , , , 
1/30/2020 11:53:07 PM, 3294, 9237.75, 1650.7, 327.68, 222.6, 163.93, 323.87, 172.78, 245.81, 98.02, 30.6, 63.9, 125, 64.56, 87.89, , , , , 
1/30/2020 11:53:11 PM, 3294, 9237.75, 1650.7, 327.68, 222.6, 163.93, 323.87, 172.78, 245.81, 98.02, 30.6, 63.9, 125, 64.56, 87.89, , , , , 
1/30/2020 11:53:14 PM, 3294, 9238, 1650.7, 327.68, 222.6, 163.93, 323.87, 172.78, 245.81, 98.02, 30.6, 63.9, 125, 64.56, 87.89, , , , , 
1/30/2020 11:53:17 PM, 3294, 9238, 1650.7, 327.68, 222.6, 163.93, 323.87, 172.78, 245.81, 98.02, 30.6, 63.9, 125, 64.56, 87.89, , , , , 
1/30/2020 11:53:20 PM, 3294, 9238, 1650.7, 327.68, 222.6, 163.93, 323.87, 172.78, 245.81, 98.02, 30.6, 63.9, 125, 64.56, 87.89, , , , , 
1/30/2020 11:53:23 PM, 3294, 9238.25, 1650.7, 327.68, 222.6, 163.93, 323.87, 172.78, 245.81, 98.02, 30.6, 63.9, 125, 64.56, 87.89, , , , , 
1/30/2020 11:53:26 PM, 3294, 9238.25, 1650.7, 327.68, 222.6, 163.93, 323.87, 172.78, 245.81, 98.02, 30.6, 63.9, 125, 64.56, 87.89, , , , , 
1/30/2020 11:53:29 PM, 3294, 9238.25, 1650.7, 327.68, 222.6, 163.93, 323.87, 172.78, 245.81, 98.02, 30.6, 63.9, 125, 64.56, 87.89, , , , , 
1/30/2020 11:53:32 PM, 3294, 9237.5, 1650.7, 327.68, 222.6, 163.93, 323.87, 172.78, 245.81, 98.02, 30.6, 63.9, 125, 64.56, 87.89, , , , , 
1/30/2020 11:53:35 PM, 3294, 9237.5, 1650.7, 327.68, 222.6, 163.93, 323.87, 172.78, 245.81, 98.02, 30.6, 63.9, 125, 64.56, 87.89, , , , , 
1/30/2020 11:53:38 PM, 3294, 9237.5, 1650.7, 327.68, 222.6, 163.93, 323.87, 172.78, 245.81, 98.02, 30.6, 63.9, 125, 64.56, 87.89, , , , , 
1/30/2020 11:53:41 PM, 3294, 9237.5, 1650.7, 327.68, 222.6, 163.93, 323.87, 172.78, 245.81, 98.02, 30.6, 63.9, 125, 64.56, 87.89, , , , , 
1/30/2020 11:53:44 PM, 3294, 9237.5, 1650.7, 327.68, 222.6, 163.93, 323.87, 172.78, 245.81, 98.02, 30.6, 63.9, 125, 64.56, 87.89, , , , , 
1/30/2020 11:53:47 PM, 3294, 9237.5, 1650.7, 327.68, 222.6, 163.93, 323.87, 172.78, 245.81, 98.02, 30.6, 63.9, 125, 64.56, 87.89, , , , , 
1/30/2020 11:53:50 PM, 3294, 9237.5, 1650.7, 327.68, 222.6, 163.93, 323.87, 172.78, 245.81, 98.02, 30.6, 63.9, 125, 64.56, 87.89, , , , , 
1/30/2020 11:53:53 PM, 3293.75, 9237.5, 1650.7, 327.68, 222.6, 163.93, 323.87, 172.78, 245.81, 98.02, 30.6, 63.9, 125, 64.56, 87.89, , , , , 
1/30/2020 11:53:56 PM, 3293.75, 9237.5, 1650.7, 327.68, 222.6, 163.93, 323.87, 172.78, 245.81, 98.02, 30.6, 63.9, 125, 64.56, 87.89, , , , , 
1/30/2020 11:53:59 PM, 3293.75, 9237.5, 1650.7, 327.68, 222.6, 163.93, 323.87, 172.78, 245.81, 98.02, 30.6, 63.9, 125, 64.56, 87.89, , , , , 
1/30/2020 11:54:02 PM, 3293.75, 9237.5, 1650.7, 327.68, 222.6, 163.93, 323.87, 172.78, 245.81, 98.02, 30.6, 63.9, 125, 64.56, 87.89, , , , , 
1/30/2020 11:54:05 PM, 3294, 9238, 1650.7, 327.68, 222.6, 163.93, 323.87, 172.78, 245.81, 98.02, 30.6, 63.9, 125, 64.56, 87.89, , , , , 
1/30/2020 11:54:08 PM, 3294, 9238, 1650.7, 327.68, 222.6, 163.93, 323.87, 172.78, 245.81, 98.02, 30.6, 63.9, 125, 64.56, 87.89, , , , , 
1/30/2020 11:54:11 PM, 3294, 9238, 1650.7, 327.68, 222.6, 163.93, 323.87, 172.78, 245.81, 98.02, 30.6, 63.9, 125, 64.56, 87.89, , , , , 
1/30/2020 11:54:14 PM, 3294, 9238, 1650.7, 327.68, 222.6, 163.93, 323.87, 172.78, 245.81, 98.02, 30.6, 63.9, 125, 64.56, 87.89, , , , , 
1/30/2020 11:54:17 PM, 3294, 9238, 1650.7, 327.68, 222.6, 163.93, 323.87, 172.78, 245.81, 98.02, 30.6, 63.9, 125, 64.56, 87.89, , , , , 
1/30/2020 11:54:20 PM, 3294, 9238, 1650.7, 327.68, 222.6, 163.93, 323.87, 172.78, 245.81, 98.02, 30.6, 63.9, 125, 64.56, 87.89, , , , , 
1/30/2020 11:54:23 PM, 3293.75, 9237.75, 1650.7, 327.68, 222.6, 163.93, 323.87, 172.78, 245.81, 98.02, 30.6, 63.9, 125, 64.56, 87.89, , , , , 
1/30/2020 11:54:26 PM, 3293.75, 9237.5, 1650.5, 327.68, 222.6, 163.93, 323.87, 172.78, 245.81, 98.02, 30.6, 63.9, 125, 64.56, 87.89, , , , , 
1/30/2020 11:54:29 PM, 3293.75, 9237.25, 1650.5, 327.68, 222.6, 163.93, 323.87, 172.78, 245.81, 98.02, 30.6, 63.9, 125, 64.56, 87.89, , , , , 
1/30/2020 11:54:32 PM, 3293.75, 9237.25, 1650.5, 327.68, 222.6, 163.93, 323.87, 172.78, 245.81, 98.02, 30.6, 63.9, 125, 64.56, 87.89, , , , , 
1/30/2020 11:54:35 PM, 3293.75, 9237.25, 1650.5, 327.68, 222.6, 163.93, 323.87, 172.78, 245.81, 98.02, 30.6, 63.9, 125, 64.56, 87.89, , , , , 
1/30/2020 11:54:38 PM, 3293.75, 9237.25, 1650.5, 327.68, 222.6, 163.93, 323.87, 172.78, 245.81, 98.02, 30.6, 63.9, 125, 64.56, 87.89, , , , , 
1/30/2020 11:54:41 PM, 3293.75, 9237.25, 1650.5, 327.68, 222.6, 163.93, 323.87, 172.78, 245.81, 98.02, 30.6, 63.9, 125, 64.56, 87.89, , , , , 
1/30/2020 11:54:44 PM, 3293.75, 9237.25, 1650.5, 327.68, 222.6, 163.93, 323.87, 172.78, 245.81, 98.02, 30.6, 63.9, 125, 64.56, 87.89, , , , , 
1/30/2020 11:54:47 PM, 3294, 9237.5, 1650.5, 327.68, 222.6, 163.93, 323.87, 172.78, 245.81, 98.02, 30.6, 63.9, 125, 64.56, 87.89, , , , , 
1/30/2020 11:54:50 PM, 3294, 9237.5, 1650.5, 327.68, 222.6, 163.93, 323.87, 172.78, 245.81, 98.02, 30.6, 63.9, 125, 64.56, 87.89, , , , , 
1/30/2020 11:54:53 PM, 3294, 9237.5, 1650.5, 327.68, 222.6, 163.93, 323.87, 172.78, 245.81, 98.02, 30.6, 63.9, 125, 64.56, 87.89, , , , , 
1/30/2020 11:54:56 PM, 3294, 9237.5, 1650.5, 327.68, 222.6, 163.93, 323.87, 172.78, 245.81, 98.02, 30.6, 63.9, 125, 64.56, 87.89, , , , , 
1/30/2020 11:55:00 PM, 3294, 9237.5, 1650.5, 327.68, 222.6, 163.93, 323.87, 172.78, 245.81, 98.02, 30.6, 63.9, 125, 64.56, 87.89, , , , , 
1/30/2020 11:55:03 PM, 3293.75, 9237.5, 1650.5, 327.68, 222.6, 163.93, 323.87, 172.78, 245.81, 98.02, 30.6, 63.9, 125, 64.56, 87.89, , , , , 
1/30/2020 11:55:06 PM, 3293.75, 9237.5, 1650.5, 327.68, 222.6, 163.93, 323.87, 172.78, 245.81, 98.02, 30.6, 63.9, 125, 64.56, 87.89, , , , , 
1/30/2020 11:55:09 PM, 3293.75, 9237.75, 1650.5, 327.68, 222.6, 163.93, 323.87, 172.78, 245.81, 98.02, 30.6, 63.9, 125, 64.56, 87.89, , , , , 
1/30/2020 11:55:12 PM, 3293.75, 9237.75, 1650.5, 327.68, 222.6, 163.93, 323.87, 172.78, 245.81, 98.02, 30.6, 63.9, 125, 64.56, 87.89, , , , , 
1/30/2020 11:55:15 PM, 3293.75, 9237.75, 1650.5, 327.68, 222.6, 163.93, 323.87, 172.78, 245.81, 98.02, 30.6, 63.9, 125, 64.56, 87.89, , , , , 
1/30/2020 11:55:18 PM, 3293.75, 9237.75, 1650.5, 327.68, 222.6, 163.93, 323.87, 172.78, 245.81, 98.02, 30.6, 63.9, 125, 64.56, 87.89, , , , , 
1/30/2020 11:55:21 PM, 3293.75, 9237.75, 1650.5, 327.68, 222.6, 163.93, 323.87, 172.78, 245.81, 98.02, 30.6, 63.9, 125, 64.56, 87.89, , , , , 
1/30/2020 11:55:24 PM, 3293.75, 9237.75, 1650.5, 327.68, 222.6, 163.93, 323.87, 172.78, 245.81, 98.02, 30.6, 63.9, 125, 64.56, 87.89, , , , , 
1/30/2020 11:55:27 PM, 3293.75, 9238, 1650.5, 327.68, 222.6, 163.93, 323.87, 172.78, 245.81, 98.02, 30.6, 63.9, 125, 64.56, 87.89, , , , , 
1/30/2020 11:55:30 PM, 3293.75, 9238, 1650.5, 327.68, 222.6, 163.93, 323.87, 172.78, 245.81, 98.02, 30.6, 63.9, 125, 64.56, 87.89, , , , , 
1/30/2020 11:55:33 PM, 3294, 9238, 1650.5, 327.68, 222.6, 163.93, 323.87, 172.78, 245.81, 98.02, 30.6, 63.9, 125, 64.56, 87.89, , , , , 
1/30/2020 11:55:36 PM, 3294, 9238.25, 1650.5, 327.68, 222.6, 163.93, 323.87, 172.78, 245.81, 98.02, 30.6, 63.9, 125, 64.56, 87.89, , , , , 
1/30/2020 11:55:39 PM, 3294, 9238.25, 1650.5, 327.68, 222.6, 163.93, 323.87, 172.78, 245.81, 98.02, 30.6, 63.9, 125, 64.56, 87.89, , , , , 
1/30/2020 11:55:42 PM, 3294, 9238.25, 1650.5, 327.68, 222.6, 163.93, 323.87, 172.78, 245.81, 98.02, 30.6, 63.9, 125, 64.56, 87.89, , , , , 
1/30/2020 11:55:45 PM, 3294, 9238.25, 1650.5, 327.68, 222.6, 163.93, 323.87, 172.78, 245.81, 98.02, 30.6, 63.9, 125, 64.56, 87.89, , , , , 
1/30/2020 11:55:48 PM, 3294, 9238.25, 1650.5, 327.68, 222.6, 163.93, 323.87, 172.78, 245.81, 98.02, 30.6, 63.9, 125, 64.56, 87.89, , , , , 
1/30/2020 11:55:51 PM, 3294, 9238.25, 1650.5, 327.68, 222.6, 163.93, 323.87, 172.78, 245.81, 98.02, 30.6, 63.9, 125, 64.56, 87.89, , , , , 
1/30/2020 11:55:54 PM, 3294, 9238.25, 1650.5, 327.68, 222.6, 163.93, 323.87, 172.78, 245.81, 98.02, 30.6, 63.9, 125, 64.56, 87.89, , , , , 
1/30/2020 11:55:57 PM, 3294, 9238.25, 1650.5, 327.68, 222.6, 163.93, 323.87, 172.78, 245.81, 98.02, 30.6, 63.9, 125, 64.56, 87.89, , , , , 
1/30/2020 11:56:00 PM, 3294, 9238, 1650.5, 327.68, 222.6, 163.93, 323.87, 172.78, 245.81, 98.02, 30.6, 63.9, 125, 64.56, 87.89, , , , , 
1/30/2020 11:56:03 PM, 3294, 9238, 1650.5, 327.68, 222.6, 163.93, 323.87, 172.78, 245.81, 98.02, 30.6, 63.9, 125, 64.56, 87.89, , , , , 
1/30/2020 11:56:06 PM, 3294, 9238.25, 1650.5, 327.68, 222.6, 163.93, 323.87, 172.78, 245.81, 98.02, 30.6, 63.9, 125, 64.56, 87.89, , , , , 
1/30/2020 11:56:09 PM, 3294, 9238.25, 1650.5, 327.68, 222.6, 163.93, 323.87, 172.78, 245.81, 98.02, 30.6, 63.9, 125, 64.56, 87.89, , , , , 
1/30/2020 11:56:12 PM, 3294, 9238.25, 1650.5, 327.68, 222.6, 163.93, 323.87, 172.78, 245.81, 98.02, 30.6, 63.9, 125, 64.56, 87.89, , , , , 
1/30/2020 11:56:15 PM, 3294, 9238.25, 1650.5, 327.68, 222.6, 163.93, 323.87, 172.78, 245.81, 98.02, 30.6, 63.9, 125, 64.56, 87.89, , , , , 
1/30/2020 11:56:18 PM, 3294, 9238.25, 1650.5, 327.68, 222.6, 163.93, 323.87, 172.78, 245.81, 98.02, 30.6, 63.9, 125, 64.56, 87.89, , , , , 
1/30/2020 11:56:21 PM, 3294, 9238.25, 1650.5, 327.68, 222.6, 163.93, 323.87, 172.78, 245.81, 98.02, 30.6, 63.9, 125, 64.56, 87.89, , , , , 
1/30/2020 11:56:24 PM, 3294, 9238.25, 1650.5, 327.68, 222.6, 163.93, 323.87, 172.78, 245.81, 98.02, 30.6, 63.9, 125, 64.56, 87.89, , , , , 
1/30/2020 11:56:27 PM, 3294, 9238.25, 1650.5, 327.68, 222.6, 163.93, 323.87, 172.78, 245.81, 98.02, 30.6, 63.9, 125, 64.56, 87.89, , , , , 
1/30/2020 11:56:30 PM, 3294, 9238.25, 1650.5, 327.68, 222.6, 163.93, 323.87, 172.78, 245.81, 98.02, 30.6, 63.9, 125, 64.56, 87.89, , , , , 
1/30/2020 11:56:33 PM, 3294, 9238.25, 1650.5, 327.68, 222.6, 163.93, 323.87, 172.78, 245.81, 98.02, 30.6, 63.9, 125, 64.56, 87.89, , , , , 
1/30/2020 11:56:36 PM, 3294, 9238.25, 1650.5, 327.68, 222.6, 163.93, 323.87, 172.78, 245.81, 98.02, 30.6, 63.9, 125, 64.56, 87.89, , , , , 
1/30/2020 11:56:39 PM, 3294, 9238.25, 1650.5, 327.68, 222.6, 163.93, 323.87, 172.78, 245.81, 98.02, 30.6, 63.9, 125, 64.56, 87.89, , , , , 
1/30/2020 11:56:42 PM, 3294, 9238, 1650.5, 327.68, 222.6, 163.93, 323.87, 172.78, 245.81, 98.02, 30.6, 63.9, 125, 64.56, 87.89, , , , , 
1/30/2020 11:56:45 PM, 3294, 9238, 1650.5, 327.68, 222.6, 163.93, 323.87, 172.78, 245.81, 98.02, 30.6, 63.9, 125, 64.56, 87.89, , , , , 
1/30/2020 11:56:49 PM, 3294, 9238.25, 1650.5, 327.68, 222.6, 163.93, 323.87, 172.78, 245.81, 98.02, 30.6, 63.9, 125, 64.56, 87.89, , , , , 
1/30/2020 11:56:52 PM, 3294, 9238.25, 1650.5, 327.68, 222.6, 163.93, 323.87, 172.78, 245.81, 98.02, 30.6, 63.9, 125, 64.56, 87.89, , , , , 
1/30/2020 11:56:55 PM, 3294, 9238.25, 1650.5, 327.68, 222.6, 163.93, 323.87, 172.78, 245.81, 98.02, 30.6, 63.9, 125, 64.56, 87.89, , , , , 
1/30/2020 11:56:58 PM, 3294, 9238.25, 1650.5, 327.68, 222.6, 163.93, 323.87, 172.78, 245.81, 98.02, 30.6, 63.9, 125, 64.56, 87.89, , , , , 
1/30/2020 11:57:01 PM, 3294, 9238.25, 1650.5, 327.68, 222.6, 163.93, 323.87, 172.78, 245.81, 98.02, 30.6, 63.9, 125, 64.56, 87.89, , , , , 
1/30/2020 11:57:04 PM, 3294, 9238.25, 1650.5, 327.68, 222.6, 163.93, 323.87, 172.78, 245.81, 98.02, 30.6, 63.9, 125, 64.56, 87.89, , , , , 
1/30/2020 11:57:07 PM, 3294, 9238.25, 1650.5, 327.68, 222.6, 163.93, 323.87, 172.78, 245.81, 98.02, 30.6, 63.9, 125, 64.56, 87.89, , , , , 
1/30/2020 11:57:10 PM, 3294, 9238.25, 1650.5, 327.68, 222.6, 163.93, 323.87, 172.78, 245.81, 98.02, 30.6, 63.9, 125, 64.56, 87.89, , , , , 
1/30/2020 11:57:13 PM, 3294, 9238.25, 1650.5, 327.68, 222.6, 163.93, 323.87, 172.78, 245.81, 98.02, 30.6, 63.9, 125, 64.56, 87.89, , , , , 
1/30/2020 11:57:16 PM, 3294, 9238.5, 1650.5, 327.68, 222.6, 163.93, 323.87, 172.78, 245.81, 98.02, 30.6, 63.9, 125, 64.56, 87.89, , , , , 
1/30/2020 11:57:19 PM, 3294, 9238.5, 1650.5, 327.68, 222.6, 163.93, 323.87, 172.78, 245.81, 98.02, 30.6, 63.9, 125, 64.56, 87.89, , , , , 
1/30/2020 11:57:22 PM, 3294, 9238.5, 1650.5, 327.68, 222.6, 163.93, 323.87, 172.78, 245.81, 98.02, 30.6, 63.9, 125, 64.56, 87.89, , , , , 
1/30/2020 11:57:25 PM, 3294, 9238.25, 1650.5, 327.68, 222.6, 163.93, 323.87, 172.78, 245.81, 98.02, 30.6, 63.9, 125, 64.56, 87.89, , , , , 
1/30/2020 11:57:28 PM, 3294, 9238, 1650.5, 327.68, 222.6, 163.93, 323.87, 172.78, 245.81, 98.02, 30.6, 63.9, 125, 64.56, 87.89, , , , , 
1/30/2020 11:57:31 PM, 3294, 9238, 1650.5, 327.68, 222.6, 163.93, 323.87, 172.78, 245.81, 98.02, 30.6, 63.9, 125, 64.56, 87.89, , , , , 
1/30/2020 11:57:34 PM, 3294.25, 9238, 1650.5, 327.68, 222.6, 163.93, 323.87, 172.78, 245.81, 98.02, 30.6, 63.9, 125, 64.56, 87.89, , , , , 
1/30/2020 11:57:37 PM, 3294.25, 9238, 1650.5, 327.68, 222.6, 163.93, 323.87, 172.78, 245.81, 98.02, 30.6, 63.9, 125, 64.56, 87.89, , , , , 
1/30/2020 11:57:40 PM, 3294.25, 9238, 1650.5, 327.68, 222.6, 163.93, 323.87, 172.78, 245.81, 98.02, 30.6, 63.9, 125, 64.56, 87.89, , , , , 
1/30/2020 11:57:43 PM, 3294.25, 9238, 1650.5, 327.68, 222.6, 163.93, 323.87, 172.78, 245.81, 98.02, 30.6, 63.9, 125, 64.56, 87.89, , , , , 
1/30/2020 11:57:46 PM, 3294.25, 9238, 1650.5, 327.68, 222.6, 163.93, 323.87, 172.78, 245.81, 98.02, 30.6, 63.9, 125, 64.56, 87.89, , , , , 
1/30/2020 11:57:49 PM, 3294.25, 9238, 1650.5, 327.68, 222.6, 163.93, 323.87, 172.78, 245.81, 98.02, 30.6, 63.9, 125, 64.56, 87.89, , , , , 
1/30/2020 11:57:52 PM, 3294.25, 9238, 1650.5, 327.68, 222.6, 163.93, 323.87, 172.78, 245.81, 98.02, 30.6, 63.9, 125, 64.56, 87.89, , , , , 
1/30/2020 11:57:55 PM, 3294.25, 9238, 1650.5, 327.68, 222.6, 163.93, 323.87, 172.78, 245.81, 98.02, 30.6, 63.9, 125, 64.56, 87.89, , , , , 
1/30/2020 11:57:58 PM, 3294.25, 9238, 1650.5, 327.68, 222.6, 163.93, 323.87, 172.78, 245.81, 98.02, 30.6, 63.9, 125, 64.56, 87.89, , , , , 
1/30/2020 11:58:01 PM, 3294.25, 9238, 1650.5, 327.68, 222.6, 163.93, 323.87, 172.78, 245.81, 98.02, 30.6, 63.9, 125, 64.56, 87.89, , , , , 
1/30/2020 11:58:04 PM, 3294, 9238.25, 1650.5, 327.68, 222.6, 163.93, 323.87, 172.78, 245.81, 98.02, 30.6, 63.9, 125, 64.56, 87.89, , , , , 
1/30/2020 11:58:07 PM, 3294, 9238, 1650.5, 327.68, 222.6, 163.93, 323.87, 172.78, 245.81, 98.02, 30.6, 63.9, 125, 64.56, 87.89, , , , , 
1/30/2020 11:58:10 PM, 3294, 9238, 1650.5, 327.68, 222.6, 163.93, 323.87, 172.78, 245.81, 98.02, 30.6, 63.9, 125, 64.56, 87.89, , , , , 
1/30/2020 11:58:13 PM, 3294.25, 9238, 1650.5, 327.68, 222.6, 163.93, 323.87, 172.78, 245.81, 98.02, 30.6, 63.9, 125, 64.56, 87.89, , , , , 
1/30/2020 11:58:16 PM, 3294.25, 9238, 1650.5, 327.68, 222.6, 163.93, 323.87, 172.78, 245.81, 98.02, 30.6, 63.9, 125, 64.56, 87.89, , , , , 
1/30/2020 11:58:19 PM, 3294.25, 9238, 1650.5, 327.68, 222.6, 163.93, 323.87, 172.78, 245.81, 98.02, 30.6, 63.9, 125, 64.56, 87.89, , , , , 
1/30/2020 11:58:22 PM, 3294.25, 9238, 1650.5, 327.68, 222.6, 163.93, 323.87, 172.78, 245.81, 98.02, 30.6, 63.9, 125, 64.56, 87.89, , , , , 
1/30/2020 11:58:25 PM, 3294.25, 9238, 1650.5, 327.68, 222.6, 163.93, 323.87, 172.78, 245.81, 98.02, 30.6, 63.9, 125, 64.56, 87.89, , , , , 
1/30/2020 11:58:28 PM, 3294.25, 9238.5, 1650.5, 327.68, 222.6, 163.93, 323.87, 172.78, 245.81, 98.02, 30.6, 63.9, 125, 64.56, 87.89, , , , , 
1/30/2020 11:58:31 PM, 3294.25, 9238.5, 1650.5, 327.68, 222.6, 163.93, 323.87, 172.78, 245.81, 98.02, 30.6, 63.9, 125, 64.56, 87.89, , , , , 
1/30/2020 11:58:35 PM, 3294.5, 9239.25, 1650.9, 327.68, 222.6, 163.93, 323.87, 172.78, 245.81, 98.02, 30.6, 63.9, 125, 64.56, 87.89, , , , , 
1/30/2020 11:58:38 PM, 3294.5, 9239.25, 1650.9, 327.68, 222.6, 163.93, 323.87, 172.78, 245.81, 98.02, 30.6, 63.9, 125, 64.56, 87.89, , , , , 
1/30/2020 11:58:41 PM, 3294.5, 9239.25, 1650.9, 327.68, 222.6, 163.93, 323.87, 172.78, 245.81, 98.02, 30.6, 63.9, 125, 64.56, 87.89, , , , , 
1/30/2020 11:58:44 PM, 3294.5, 9238.75, 1650.8, 327.68, 222.6, 163.93, 323.87, 172.78, 245.81, 98.02, 30.6, 63.9, 125, 64.56, 87.89, , , , , 
1/30/2020 11:58:47 PM, 3294.5, 9238.75, 1650.8, 327.68, 222.6, 163.93, 323.87, 172.78, 245.81, 98.02, 30.6, 63.9, 125, 64.56, 87.89, , , , , 
1/30/2020 11:58:50 PM, 3294.5, 9238.75, 1650.8, 327.68, 222.6, 163.93, 323.87, 172.78, 245.81, 98.02, 30.6, 63.9, 125, 64.56, 87.89, , , , , 
1/30/2020 11:58:53 PM, 3294.5, 9238.75, 1650.8, 327.68, 222.6, 163.93, 323.87, 172.78, 245.81, 98.02, 30.6, 63.9, 125, 64.56, 87.89, , , , , 
1/30/2020 11:58:56 PM, 3294.5, 9238.75, 1650.8, 327.68, 222.6, 163.93, 323.87, 172.78, 245.81, 98.02, 30.6, 63.9, 125, 64.56, 87.89, , , , , 
1/30/2020 11:58:59 PM, 3294.5, 9238.75, 1650.8, 327.68, 222.6, 163.93, 323.87, 172.78, 245.81, 98.02, 30.6, 63.9, 125, 64.56, 87.89, , , , , 
1/30/2020 11:59:02 PM, 3294.5, 9239, 1650.8, 327.68, 222.6, 163.93, 323.87, 172.78, 245.81, 98.02, 30.6, 63.9, 125, 64.56, 87.89, , , , , 
1/30/2020 11:59:05 PM, 3294.5, 9239, 1650.8, 327.68, 222.6, 163.93, 323.87, 172.78, 245.81, 98.02, 30.6, 63.9, 125, 64.56, 87.89, , , , , 
1/30/2020 11:59:08 PM, 3294.5, 9239, 1650.8, 327.68, 222.6, 163.93, 323.87, 172.78, 245.81, 98.02, 30.6, 63.9, 125, 64.56, 87.89, , , , , 
1/30/2020 11:59:11 PM, 3294.5, 9239, 1650.8, 327.68, 222.6, 163.93, 323.87, 172.78, 245.81, 98.02, 30.6, 63.9, 125, 64.56, 87.89, , , , , 
1/30/2020 11:59:14 PM, 3294.5, 9239, 1650.8, 327.68, 222.6, 163.93, 323.87, 172.78, 245.81, 98.02, 30.6, 63.9, 125, 64.56, 87.89, , , , , 
1/30/2020 11:59:17 PM, 3294.5, 9239, 1650.8, 327.68, 222.6, 163.93, 323.87, 172.78, 245.81, 98.02, 30.6, 63.9, 125, 64.56, 87.89, , , , , 
1/30/2020 11:59:20 PM, 3294.5, 9239, 1650.8, 327.68, 222.6, 163.93, 323.87, 172.78, 245.81, 98.02, 30.6, 63.9, 125, 64.56, 87.89, , , , , 
1/30/2020 11:59:23 PM, 3294.5, 9239, 1650.8, 327.68, 222.6, 163.93, 323.87, 172.78, 245.81, 98.02, 30.6, 63.9, 125, 64.56, 87.89, , , , , 
1/30/2020 11:59:26 PM, 3294.5, 9239, 1650.8, 327.68, 222.6, 163.93, 323.87, 172.78, 245.81, 98.02, 30.6, 63.9, 125, 64.56, 87.89, , , , , 
1/30/2020 11:59:29 PM, 3294.5, 9239, 1650.7, 327.68, 222.6, 163.93, 323.87, 172.78, 245.81, 98.02, 30.6, 63.9, 125, 64.56, 87.89, , , , , 
1/30/2020 11:59:32 PM, 3294.5, 9239, 1650.7, 327.68, 222.6, 163.93, 323.87, 172.78, 245.81, 98.02, 30.6, 63.9, 125, 64.56, 87.89, , , , , 
1/30/2020 11:59:35 PM, 3294.5, 9238.75, 1650.7, 327.68, 222.6, 163.93, 323.87, 172.78, 245.81, 98.02, 30.6, 63.9, 125, 64.56, 87.89, , , , , 
1/30/2020 11:59:38 PM, 3294.5, 9238.75, 1650.7, 327.68, 222.6, 163.93, 323.87, 172.78, 245.81, 98.02, 30.6, 63.9, 125, 64.56, 87.89, , , , , 
1/30/2020 11:59:41 PM, 3294.5, 9238.75, 1650.7, 327.68, 222.6, 163.93, 323.87, 172.78, 245.81, 98.02, 30.6, 63.9, 125, 64.56, 87.89, , , , , 
1/30/2020 11:59:44 PM, 3294.5, 9238.75, 1650.7, 327.68, 222.6, 163.93, 323.87, 172.78, 245.81, 98.02, 30.6, 63.9, 125, 64.56, 87.89, , , , , 
1/30/2020 11:59:47 PM, 3294.5, 9239, 1650.7, 327.68, 222.6, 163.93, 323.87, 172.78, 245.81, 98.02, 30.6, 63.9, 125, 64.56, 87.89, , , , , 
1/30/2020 11:59:50 PM, 3294.5, 9239, 1650.7, 327.68, 222.6, 163.93, 323.87, 172.78, 245.81, 98.02, 30.6, 63.9, 125, 64.56, 87.89, , , , , 
1/30/2020 11:59:53 PM, 3294.5, 9239, 1650.7, 327.68, 222.6, 163.93, 323.87, 172.78, 245.81, 98.02, 30.6, 63.9, 125, 64.56, 87.89, , , , , 
1/30/2020 11:59:56 PM, 3294.5, 9239, 1650.7, 327.68, 222.6, 163.93, 323.87, 172.78, 245.81, 98.02, 30.6, 63.9, 125, 64.56, 87.89, , , , , 
1/30/2020 11:59:59 PM, 3294.75, 9239, 1650.7, 327.68, 222.6, 163.93, 323.87, 172.78, 245.81, 98.02, 30.6, 63.9, 125, 64.56, 87.89, , , , , 
1/31/2020 12:00:02 AM, 3295, 9240.75, 1651, 327.68, 222.6, 163.93, 323.87, 172.78, 245.81, 98.02, 30.6, 63.9, 125, 64.56, 87.89, , , , , 
1/31/2020 12:00:05 AM, 3295, 9240, 1651, 327.68, 222.6, 163.93, 323.87, 172.78, 245.81, 98.02, 30.6, 63.9, 125, 64.56, 87.89, , , , , 
1/31/2020 12:00:08 AM, 3295, 9239.75, 1651, 327.68, 222.6, 163.93, 323.87, 172.78, 245.81, 98.02, 30.6, 63.9, 125, 64.56, 87.89, , , , , 
1/31/2020 12:00:11 AM, 3295, 9240.25, 1651, 327.68, 222.6, 163.93, 323.87, 172.78, 245.81, 98.02, 30.6, 63.9, 125, 64.56, 87.89, , , , , 
1/31/2020 12:00:14 AM, 3295.25, 9241.5, 1651, 327.68, 222.6, 163.93, 323.87, 172.78, 245.81, 98.02, 30.6, 63.9, 125, 64.56, 87.89, , , , , 
1/31/2020 12:00:17 AM, 3295.5, 9241.75, 1651, 327.68, 222.6, 163.93, 323.87, 172.78, 245.81, 98.02, 30.6, 63.9, 125, 64.56, 87.89, , , , , 
1/31/2020 12:00:21 AM, 3295.25, 9242.25, 1651.3, 327.68, 222.6, 163.93, 323.87, 172.78, 245.81, 98.02, 30.6, 63.9, 125, 64.56, 87.89, , , , , 
1/31/2020 12:00:24 AM, 3295.5, 9242.5, 1651.4, 327.68, 222.6, 163.93, 323.87, 172.78, 245.81, 98.02, 30.6, 63.9, 125, 64.56, 87.89, , , , , 
1/31/2020 12:00:27 AM, 3295.75, 9242.75, 1651.5, 327.68, 222.6, 163.93, 323.87, 172.78, 245.81, 98.02, 30.6, 63.9, 125, 64.56, 87.89, , , , , 
1/31/2020 12:00:30 AM, 3295.5, 9242, 1651.5, 327.68, 222.6, 163.93, 323.87, 172.78, 245.81, 98.02, 30.6, 63.9, 125, 64.56, 87.89, , , , , 
1/31/2020 12:00:33 AM, 3295.75, 9242.5, 1651.5, 327.68, 222.6, 163.93, 323.87, 172.78, 245.81, 98.02, 30.6, 63.9, 125, 64.56, 87.89, , , , , 
1/31/2020 12:00:36 AM, 3296, 9243.25, 1651.6, 327.68, 222.6, 163.93, 323.87, 172.78, 245.81, 98.02, 30.6, 63.9, 125, 64.56, 87.89, , , , , 
1/31/2020 12:00:39 AM, 3296.25, 9243.25, 1651.6, 327.68, 222.6, 163.93, 323.87, 172.78, 245.81, 98.02, 30.6, 63.9, 125, 64.56, 87.89, , , , , 
1/31/2020 12:00:42 AM, 3296.25, 9243, 1651.5, 327.68, 222.6, 163.93, 323.87, 172.78, 245.81, 98.02, 30.6, 63.9, 125, 64.56, 87.89, , , , , 
1/31/2020 12:00:45 AM, 3296.25, 9243.25, 1651.5, 327.68, 222.6, 163.93, 323.87, 172.78, 245.81, 98.02, 30.6, 63.9, 125, 64.56, 87.89, , , , , 
1/31/2020 12:00:48 AM, 3296, 9243.25, 1651.5, 327.68, 222.6, 163.93, 323.87, 172.78, 245.81, 98.02, 30.6, 63.9, 125, 64.56, 87.89, , , , , 
1/31/2020 12:00:51 AM, 3296, 9242.75, 1651.5, 327.68, 222.6, 163.93, 323.87, 172.78, 245.81, 98.02, 30.6, 63.9, 125, 64.56, 87.89, , , , , 
1/31/2020 12:00:54 AM, 3296, 9242.75, 1651.5, 327.68, 222.6, 163.93, 323.87, 172.78, 245.81, 98.02, 30.6, 63.9, 125, 64.56, 87.89, , , , , 
1/31/2020 12:00:57 AM, 3295.75, 9242.75, 1651.5, 327.68, 222.6, 163.93, 323.87, 172.78, 245.81, 98.02, 30.6, 63.9, 125, 64.56, 87.89, , , , , 
1/31/2020 12:01:00 AM, 3295.75, 9242.75, 1651.5, 327.68, 222.6, 163.93, 323.87, 172.78, 245.81, 98.02, 30.6, 63.9, 125, 64.56, 87.89, , , , , 
1/31/2020 12:01:03 AM, 3296, 9242.25, 1651.5, 327.68, 222.6, 163.93, 323.87, 172.78, 245.81, 98.02, 30.6, 63.9, 125, 64.56, 87.89, , , , , 
1/31/2020 12:01:06 AM, 3296, 9242.25, 1651.5, 327.68, 222.6, 163.93, 323.87, 172.78, 245.81, 98.02, 30.6, 63.9, 125, 64.56, 87.89, , , , , 
1/31/2020 12:01:09 AM, 3295.5, 9241.25, 1651.5, 327.68, 222.6, 163.93, 323.87, 172.78, 245.81, 98.02, 30.6, 63.9, 125, 64.56, 87.89, , , , , 
1/31/2020 12:01:12 AM, 3295.5, 9241.25, 1651.5, 327.68, 222.6, 163.93, 323.87, 172.78, 245.81, 98.02, 30.6, 63.9, 125, 64.56, 87.89, , , , , 
1/31/2020 12:01:15 AM, 3295.25, 9241.25, 1651.3, 327.68, 222.6, 163.93, 323.87, 172.78, 245.81, 98.02, 30.6, 63.9, 125, 64.56, 87.89, , , , , 
1/31/2020 12:01:18 AM, 3295.25, 9241.25, 1651.3, 327.68, 222.6, 163.93, 323.87, 172.78, 245.81, 98.02, 30.6, 63.9, 125, 64.56, 87.89, , , , , 
1/31/2020 12:01:21 AM, 3295.5, 9241.25, 1651.3, 327.68, 222.6, 163.93, 323.87, 172.78, 245.81, 98.02, 30.6, 63.9, 125, 64.56, 87.89, , , , , 
1/31/2020 12:01:24 AM, 3295.5, 9241.25, 1651.3, 327.68, 222.6, 163.93, 323.87, 172.78, 245.81, 98.02, 30.6, 63.9, 125, 64.56, 87.89, , , , , 
1/31/2020 12:01:27 AM, 3295.75, 9241.25, 1651.3, 327.68, 222.6, 163.93, 323.87, 172.78, 245.81, 98.02, 30.6, 63.9, 125, 64.56, 87.89, , , , , 
1/31/2020 12:01:30 AM, 3295.75, 9241.25, 1651.3, 327.68, 222.6, 163.93, 323.87, 172.78, 245.81, 98.02, 30.6, 63.9, 125, 64.56, 87.89, , , , , 
1/31/2020 12:01:33 AM, 3295.5, 9241, 1651.3, 327.68, 222.6, 163.93, 323.87, 172.78, 245.81, 98.02, 30.6, 63.9, 125, 64.56, 87.89, , , , , 
1/31/2020 12:01:36 AM, 3295.5, 9241, 1651.3, 327.68, 222.6, 163.93, 323.87, 172.78, 245.81, 98.02, 30.6, 63.9, 125, 64.56, 87.89, , , , , 
1/31/2020 12:01:39 AM, 3295.5, 9241.5, 1651.3, 327.68, 222.6, 163.93, 323.87, 172.78, 245.81, 98.02, 30.6, 63.9, 125, 64.56, 87.89, , , , , 
1/31/2020 12:01:42 AM, 3295.5, 9241.5, 1651.3, 327.68, 222.6, 163.93, 323.87, 172.78, 245.81, 98.02, 30.6, 63.9, 125, 64.56, 87.89, , , , , 
1/31/2020 12:01:45 AM, 3295.5, 9241, 1651.3, 327.68, 222.6, 163.93, 323.87, 172.78, 245.81, 98.02, 30.6, 63.9, 125, 64.56, 87.89, , , , , 
1/31/2020 12:01:48 AM, 3295.5, 9241, 1651.3, 327.68, 222.6, 163.93, 323.87, 172.78, 245.81, 98.02, 30.6, 63.9, 125, 64.56, 87.89, , , , , 
1/31/2020 12:01:51 AM, 3295.5, 9241, 1651.3, 327.68, 222.6, 163.93, 323.87, 172.78, 245.81, 98.02, 30.6, 63.9, 125, 64.56, 87.89, , , , , 
1/31/2020 12:01:54 AM, 3295.5, 9241, 1651.3, 327.68, 222.6, 163.93, 323.87, 172.78, 245.81, 98.02, 30.6, 63.9, 125, 64.56, 87.89, , , , , 
1/31/2020 12:01:57 AM, 3295.5, 9240.75, 1651.3, 327.68, 222.6, 163.93, 323.87, 172.78, 245.81, 98.02, 30.6, 63.9, 125, 64.56, 87.89, , , , , 
1/31/2020 12:02:00 AM, 3295.5, 9240.75, 1651.3, 327.68, 222.6, 163.93, 323.87, 172.78, 245.81, 98.02, 30.6, 63.9, 125, 64.56, 87.89, , , , , 
1/31/2020 12:02:03 AM, 3295.5, 9241, 1651.3, 327.68, 222.6, 163.93, 323.87, 172.78, 245.81, 98.02, 30.6, 63.9, 125, 64.56, 87.89, , , , , 
1/31/2020 12:02:06 AM, 3295.5, 9241, 1651.3, 327.68, 222.6, 163.93, 323.87, 172.78, 245.81, 98.02, 30.6, 63.9, 125, 64.56, 87.89, , , , , 
1/31/2020 12:02:09 AM, 3295.5, 9241.5, 1651.3, 327.68, 222.6, 163.93, 323.87, 172.78, 245.81, 98.02, 30.6, 63.9, 125, 64.56, 87.89, , , , , 
1/31/2020 12:02:13 AM, 3295.5, 9241.5, 1651.3, 327.68, 222.6, 163.93, 323.87, 172.78, 245.81, 98.02, 30.6, 63.9, 125, 64.56, 87.89, , , , , 
1/31/2020 12:02:16 AM, 3295.5, 9241.25, 1651.3, 327.68, 222.6, 163.93, 323.87, 172.78, 245.81, 98.02, 30.6, 63.9, 125, 64.56, 87.89, , , , , 
1/31/2020 12:02:19 AM, 3295.5, 9241.25, 1651.3, 327.68, 222.6, 163.93, 323.87, 172.78, 245.81, 98.02, 30.6, 63.9, 125, 64.56, 87.89, , , , , 
1/31/2020 12:02:22 AM, 3295.5, 9241.25, 1651.3, 327.68, 222.6, 163.93, 323.87, 172.78, 245.81, 98.02, 30.6, 63.9, 125, 64.56, 87.89, , , , , 
1/31/2020 12:02:25 AM, 3295.5, 9241.25, 1651.3, 327.68, 222.6, 163.93, 323.87, 172.78, 245.81, 98.02, 30.6, 63.9, 125, 64.56, 87.89, , , , , 
1/31/2020 12:02:28 AM, 3295, 9239.5, 1651.1, 327.68, 222.6, 163.93, 323.87, 172.78, 245.81, 98.02, 30.6, 63.9, 125, 64.56, 87.89, , , , , 
1/31/2020 12:02:31 AM, 3294.75, 9239.25, 1651, 327.68, 222.6, 163.93, 323.87, 172.78, 245.81, 98.02, 30.6, 63.9, 125, 64.56, 87.89, , , , , 
1/31/2020 12:02:34 AM, 3294.75, 9239, 1651, 327.68, 222.6, 163.93, 323.87, 172.78, 245.81, 98.02, 30.6, 63.9, 125, 64.56, 87.89, , , , , 
1/31/2020 12:02:37 AM, 3294.75, 9239.5, 1651, 327.68, 222.6, 163.93, 323.87, 172.78, 245.81, 98.02, 30.6, 63.9, 125, 64.56, 87.89, , , , , 
1/31/2020 12:02:40 AM, 3294.75, 9239.25, 1651, 327.68, 222.6, 163.93, 323.87, 172.78, 245.81, 98.02, 30.6, 63.9, 125, 64.56, 87.89, , , , , 
1/31/2020 12:02:43 AM, 3294.75, 9239.25, 1651, 327.68, 222.6, 163.93, 323.87, 172.78, 245.81, 98.02, 30.6, 63.9, 125, 64.56, 87.89, , , , , 
1/31/2020 12:02:46 AM, 3295, 9239.75, 1651, 327.68, 222.6, 163.93, 323.87, 172.78, 245.81, 98.02, 30.6, 63.9, 125, 64.56, 87.89, , , , , 
1/31/2020 12:02:49 AM, 3295, 9239.75, 1651, 327.68, 222.6, 163.93, 323.87, 172.78, 245.81, 98.02, 30.6, 63.9, 125, 64.56, 87.89, , , , , 
1/31/2020 12:02:52 AM, 3295, 9239.75, 1651, 327.68, 222.6, 163.93, 323.87, 172.78, 245.81, 98.02, 30.6, 63.9, 125, 64.56, 87.89, , , , , 
1/31/2020 12:02:55 AM, 3295, 9240, 1651, 327.68, 222.6, 163.93, 323.87, 172.78, 245.81, 98.02, 30.6, 63.9, 125, 64.56, 87.89, , , , , 
1/31/2020 12:02:58 AM, 3295, 9240, 1651, 327.68, 222.6, 163.93, 323.87, 172.78, 245.81, 98.02, 30.6, 63.9, 125, 64.56, 87.89, , , , , 
1/31/2020 12:03:01 AM, 3295, 9240, 1651, 327.68, 222.6, 163.93, 323.87, 172.78, 245.81, 98.02, 30.6, 63.9, 125, 64.56, 87.89, , , , , 
1/31/2020 12:03:04 AM, 3295, 9240, 1651, 327.68, 222.6, 163.93, 323.87, 172.78, 245.81, 98.02, 30.6, 63.9, 125, 64.56, 87.89, , , , , 
1/31/2020 12:03:07 AM, 3295, 9240.25, 1651.2, 327.68, 222.6, 163.93, 323.87, 172.78, 245.81, 98.02, 30.6, 63.9, 125, 64.56, 87.89, , , , , 
1/31/2020 12:03:10 AM, 3295, 9240.25, 1651.2, 327.68, 222.6, 163.93, 323.87, 172.78, 245.81, 98.02, 30.6, 63.9, 125, 64.56, 87.89, , , , , 
1/31/2020 12:03:13 AM, 3295, 9240.5, 1651.2, 327.68, 222.6, 163.93, 323.87, 172.78, 245.81, 98.02, 30.6, 63.9, 125, 64.56, 87.89, , , , , 
1/31/2020 12:03:16 AM, 3295, 9240.5, 1651.2, 327.68, 222.6, 163.93, 323.87, 172.78, 245.81, 98.02, 30.6, 63.9, 125, 64.56, 87.89, , , , , 
1/31/2020 12:03:19 AM, 3295, 9239.75, 1651.2, 327.68, 222.6, 163.93, 323.87, 172.78, 245.81, 98.02, 30.6, 63.9, 125, 64.56, 87.89, , , , , 
1/31/2020 12:03:22 AM, 3295, 9240, 1651.2, 327.68, 222.6, 163.93, 323.87, 172.78, 245.81, 98.02, 30.6, 63.9, 125, 64.56, 87.89, , , , , 
1/31/2020 12:03:25 AM, 3294.75, 9239.25, 1651.1, 327.68, 222.6, 163.93, 323.87, 172.78, 245.81, 98.02, 30.6, 63.9, 125, 64.56, 87.89, , , , , 
1/31/2020 12:03:28 AM, 3294.75, 9239.25, 1651.1, 327.68, 222.6, 163.93, 323.87, 172.78, 245.81, 98.02, 30.6, 63.9, 125, 64.56, 87.89, , , , , 
1/31/2020 12:03:31 AM, 3294.75, 9239, 1651.1, 327.68, 222.6, 163.93, 323.87, 172.78, 245.81, 98.02, 30.6, 63.9, 125, 64.56, 87.89, , , , , 
1/31/2020 12:03:34 AM, 3294.75, 9239, 1651, 327.68, 222.6, 163.93, 323.87, 172.78, 245.81, 98.02, 30.6, 63.9, 125, 64.56, 87.89, , , , , 
1/31/2020 12:03:37 AM, 3294.75, 9239, 1651, 327.68, 222.6, 163.93, 323.87, 172.78, 245.81, 98.02, 30.6, 63.9, 125, 64.56, 87.89, , , , , 
1/31/2020 12:03:40 AM, 3294.75, 9239, 1651, 327.68, 222.6, 163.93, 323.87, 172.78, 245.81, 98.02, 30.6, 63.9, 125, 64.56, 87.89, , , , , 
1/31/2020 12:03:43 AM, 3294.75, 9239, 1651, 327.68, 222.6, 163.93, 323.87, 172.78, 245.81, 98.02, 30.6, 63.9, 125, 64.56, 87.89, , , , , 
1/31/2020 12:03:46 AM, 3295, 9239.75, 1651, 327.68, 222.6, 163.93, 323.87, 172.78, 245.81, 98.02, 30.6, 63.9, 125, 64.56, 87.89, , , , , 
1/31/2020 12:03:49 AM, 3295, 9239.75, 1651, 327.68, 222.6, 163.93, 323.87, 172.78, 245.81, 98.02, 30.6, 63.9, 125, 64.56, 87.89, , , , , 
1/31/2020 12:03:52 AM, 3295, 9240, 1651, 327.68, 222.6, 163.93, 323.87, 172.78, 245.81, 98.02, 30.6, 63.9, 125, 64.56, 87.89, , , , , 
1/31/2020 12:03:55 AM, 3295, 9239.75, 1651, 327.68, 222.6, 163.93, 323.87, 172.78, 245.81, 98.02, 30.6, 63.9, 125, 64.56, 87.89, , , , , 
1/31/2020 12:03:59 AM, 3295, 9239.25, 1651, 327.68, 222.6, 163.93, 323.87, 172.78, 245.81, 98.02, 30.6, 63.9, 125, 64.56, 87.89, , , , , 
1/31/2020 12:04:02 AM, 3295, 9239.75, 1651, 327.68, 222.6, 163.93, 323.87, 172.78, 245.81, 98.02, 30.6, 63.9, 125, 64.56, 87.89, , , , , 
1/31/2020 12:04:05 AM, 3295, 9239.25, 1651, 327.68, 222.6, 163.93, 323.87, 172.78, 245.81, 98.02, 30.6, 63.9, 125, 64.56, 87.89, , , , , 
1/31/2020 12:04:08 AM, 3295, 9239.25, 1651, 327.68, 222.6, 163.93, 323.87, 172.78, 245.81, 98.02, 30.6, 63.9, 125, 64.56, 87.89, , , , , 
1/31/2020 12:04:11 AM, 3294.75, 9239, 1651, 327.68, 222.6, 163.93, 323.87, 172.78, 245.81, 98.02, 30.6, 63.9, 125, 64.56, 87.89, , , , , 
1/31/2020 12:04:14 AM, 3294.75, 9239, 1651, 327.68, 222.6, 163.93, 323.87, 172.78, 245.81, 98.02, 30.6, 63.9, 125, 64.56, 87.89, , , , , 
1/31/2020 12:04:17 AM, 3294.75, 9239, 1651, 327.68, 222.6, 163.93, 323.87, 172.78, 245.81, 98.02, 30.6, 63.9, 125, 64.56, 87.89, , , , , 
1/31/2020 12:04:20 AM, 3294.75, 9239, 1651, 327.68, 222.6, 163.93, 323.87, 172.78, 245.81, 98.02, 30.6, 63.9, 125, 64.56, 87.89, , , , , 
1/31/2020 12:04:23 AM, 3294.75, 9239, 1651, 327.68, 222.6, 163.93, 323.87, 172.78, 245.81, 98.02, 30.6, 63.9, 125, 64.56, 87.89, , , , , 
1/31/2020 12:04:26 AM, 3294.75, 9239, 1651, 327.68, 222.6, 163.93, 323.87, 172.78, 245.81, 98.02, 30.6, 63.9, 125, 64.56, 87.89, , , , , 
1/31/2020 12:04:29 AM, 3294.75, 9239, 1651, 327.68, 222.6, 163.93, 323.87, 172.78, 245.81, 98.02, 30.6, 63.9, 125, 64.56, 87.89, , , , , 
1/31/2020 12:04:32 AM, 3294.75, 9239, 1651, 327.68, 222.6, 163.93, 323.87, 172.78, 245.81, 98.02, 30.6, 63.9, 125, 64.56, 87.89, , , , , 
1/31/2020 12:04:35 AM, 3294.75, 9239, 1650.9, 327.68, 222.6, 163.93, 323.87, 172.78, 245.81, 98.02, 30.6, 63.9, 125, 64.56, 87.89, , , , , 
1/31/2020 12:04:38 AM, 3294.75, 9239, 1650.9, 327.68, 222.6, 163.93, 323.87, 172.78, 245.81, 98.02, 30.6, 63.9, 125, 64.56, 87.89, , , , , 
1/31/2020 12:04:41 AM, 3294.75, 9239.25, 1650.9, 327.68, 222.6, 163.93, 323.87, 172.78, 245.81, 98.02, 30.6, 63.9, 125, 64.56, 87.89, , , , , 
1/31/2020 12:04:44 AM, 3294.75, 9239.25, 1650.9, 327.68, 222.6, 163.93, 323.87, 172.78, 245.81, 98.02, 30.6, 63.9, 125, 64.56, 87.89, , , , , 
1/31/2020 12:04:47 AM, 3294.75, 9239.25, 1650.9, 327.68, 222.6, 163.93, 323.87, 172.78, 245.81, 98.02, 30.6, 63.9, 125, 64.56, 87.89, , , , , 
1/31/2020 12:04:50 AM, 3294.75, 9239.25, 1650.9, 327.68, 222.6, 163.93, 323.87, 172.78, 245.81, 98.02, 30.6, 63.9, 125, 64.56, 87.89, , , , , 
1/31/2020 12:04:53 AM, 3294.75, 9239.25, 1650.9, 327.68, 222.6, 163.93, 323.87, 172.78, 245.81, 98.02, 30.6, 63.9, 125, 64.56, 87.89, , , , , 
1/31/2020 12:04:56 AM, 3294.75, 9239.25, 1650.9, 327.68, 222.6, 163.93, 323.87, 172.78, 245.81, 98.02, 30.6, 63.9, 125, 64.56, 87.89, , , , , 
1/31/2020 12:04:59 AM, 3294.75, 9239.25, 1650.9, 327.68, 222.6, 163.93, 323.87, 172.78, 245.81, 98.02, 30.6, 63.9, 125, 64.56, 87.89, , , , , 
1/31/2020 12:05:02 AM, 3294.75, 9239.25, 1650.9, 327.68, 222.6, 163.93, 323.87, 172.78, 245.81, 98.02, 30.6, 63.9, 125, 64.56, 87.89, , , , , 
1/31/2020 12:05:05 AM, 3295.25, 9240, 1651.1, 327.68, 222.6, 163.93, 323.87, 172.78, 245.81, 98.02, 30.6, 63.9, 125, 64.56, 87.89, , , , , 
1/31/2020 12:05:08 AM, 3295.25, 9240, 1651.1, 327.68, 222.6, 163.93, 323.87, 172.78, 245.81, 98.02, 30.6, 63.9, 125, 64.56, 87.89, , , , , 
1/31/2020 12:05:11 AM, 3295, 9239.5, 1651, 327.68, 222.6, 163.93, 323.87, 172.78, 245.81, 98.02, 30.6, 63.9, 125, 64.56, 87.89, , , , , 
1/31/2020 12:05:14 AM, 3295, 9239.5, 1651, 327.68, 222.6, 163.93, 323.87, 172.78, 245.81, 98.02, 30.6, 63.9, 125, 64.56, 87.89, , , , , 
1/31/2020 12:05:17 AM, 3295, 9239.25, 1651.1, 327.68, 222.6, 163.93, 323.87, 172.78, 245.81, 98.02, 30.6, 63.9, 125, 64.56, 87.89, , , , , 
1/31/2020 12:05:20 AM, 3295, 9239.25, 1651.1, 327.68, 222.6, 163.93, 323.87, 172.78, 245.81, 98.02, 30.6, 63.9, 125, 64.56, 87.89, , , , , 
1/31/2020 12:05:23 AM, 3295, 9239.75, 1651.1, 327.68, 222.6, 163.93, 323.87, 172.78, 245.81, 98.02, 30.6, 63.9, 125, 64.56, 87.89, , , , , 
1/31/2020 12:05:26 AM, 3295, 9239.75, 1651.1, 327.68, 222.6, 163.93, 323.87, 172.78, 245.81, 98.02, 30.6, 63.9, 125, 64.56, 87.89, , , , , 
1/31/2020 12:05:29 AM, 3295, 9239.75, 1651.1, 327.68, 222.6, 163.93, 323.87, 172.78, 245.81, 98.02, 30.6, 63.9, 125, 64.56, 87.89, , , , , 
1/31/2020 12:05:32 AM, 3295, 9239.75, 1651.1, 327.68, 222.6, 163.93, 323.87, 172.78, 245.81, 98.02, 30.6, 63.9, 125, 64.56, 87.89, , , , , 
1/31/2020 12:05:35 AM, 3295, 9240, 1651.1, 327.68, 222.6, 163.93, 323.87, 172.78, 245.81, 98.02, 30.6, 63.9, 125, 64.56, 87.89, , , , , 
1/31/2020 12:05:38 AM, 3295, 9240, 1651.1, 327.68, 222.6, 163.93, 323.87, 172.78, 245.81, 98.02, 30.6, 63.9, 125, 64.56, 87.89, , , , , 
1/31/2020 12:05:41 AM, 3295, 9240, 1651.1, 327.68, 222.6, 163.93, 323.87, 172.78, 245.81, 98.02, 30.6, 63.9, 125, 64.56, 87.89, , , , , 
1/31/2020 12:05:45 AM, 3295, 9240, 1651.1, 327.68, 222.6, 163.93, 323.87, 172.78, 245.81, 98.02, 30.6, 63.9, 125, 64.56, 87.89, , , , , 
1/31/2020 12:05:48 AM, 3295, 9240, 1651.1, 327.68, 222.6, 163.93, 323.87, 172.78, 245.81, 98.02, 30.6, 63.9, 125, 64.56, 87.89, , , , , 
1/31/2020 12:05:51 AM, 3295, 9240, 1651.1, 327.68, 222.6, 163.93, 323.87, 172.78, 245.81, 98.02, 30.6, 63.9, 125, 64.56, 87.89, , , , , 
1/31/2020 12:05:54 AM, 3295, 9239.5, 1651.1, 327.68, 222.6, 163.93, 323.87, 172.78, 245.81, 98.02, 30.6, 63.9, 125, 64.56, 87.89, , , , , 
1/31/2020 12:05:57 AM, 3295, 9239.5, 1651.1, 327.68, 222.6, 163.93, 323.87, 172.78, 245.81, 98.02, 30.6, 63.9, 125, 64.56, 87.89, , , , , 
1/31/2020 12:06:00 AM, 3295, 9239.5, 1651.1, 327.68, 222.6, 163.93, 323.87, 172.78, 245.81, 98.02, 30.6, 63.9, 125, 64.56, 87.89, , , , , 
1/31/2020 12:06:03 AM, 3295, 9239.5, 1651.1, 327.68, 222.6, 163.93, 323.87, 172.78, 245.81, 98.02, 30.6, 63.9, 125, 64.56, 87.89, , , , , 
1/31/2020 12:06:06 AM, 3295, 9239.5, 1651.1, 327.68, 222.6, 163.93, 323.87, 172.78, 245.81, 98.02, 30.6, 63.9, 125, 64.56, 87.89, , , , , 
1/31/2020 12:06:09 AM, 3295, 9239.5, 1651.1, 327.68, 222.6, 163.93, 323.87, 172.78, 245.81, 98.02, 30.6, 63.9, 125, 64.56, 87.89, , , , , 
1/31/2020 12:06:12 AM, 3295, 9239.5, 1651.1, 327.68, 222.6, 163.93, 323.87, 172.78, 245.81, 98.02, 30.6, 63.9, 125, 64.56, 87.89, , , , , 
1/31/2020 12:06:15 AM, 3294.75, 9238.75, 1651.1, 327.68, 222.6, 163.93, 323.87, 172.78, 245.81, 98.02, 30.6, 63.9, 125, 64.56, 87.89, , , , , 
1/31/2020 12:06:18 AM, 3294.75, 9238.75, 1651.1, 327.68, 222.6, 163.93, 323.87, 172.78, 245.81, 98.02, 30.6, 63.9, 125, 64.56, 87.89, , , , , 
1/31/2020 12:06:21 AM, 3294.75, 9239.25, 1651, 327.68, 222.6, 163.93, 323.87, 172.78, 245.81, 98.02, 30.6, 63.9, 125, 64.56, 87.89, , , , , 
1/31/2020 12:06:24 AM, 3294.75, 9238.75, 1651, 327.68, 222.6, 163.93, 323.87, 172.78, 245.81, 98.02, 30.6, 63.9, 125, 64.56, 87.89, , , , , 
1/31/2020 12:06:27 AM, 3294.75, 9238.75, 1651, 327.68, 222.6, 163.93, 323.87, 172.78, 245.81, 98.02, 30.6, 63.9, 125, 64.56, 87.89, , , , , 
1/31/2020 12:06:30 AM, 3294.75, 9238.75, 1651, 327.68, 222.6, 163.93, 323.87, 172.78, 245.81, 98.02, 30.6, 63.9, 125, 64.56, 87.89, , , , , 
1/31/2020 12:06:33 AM, 3294.75, 9238.75, 1651, 327.68, 222.6, 163.93, 323.87, 172.78, 245.81, 98.02, 30.6, 63.9, 125, 64.56, 87.89, , , , , 
1/31/2020 12:06:36 AM, 3294.75, 9238.75, 1651, 327.68, 222.6, 163.93, 323.87, 172.78, 245.81, 98.02, 30.6, 63.9, 125, 64.56, 87.89, , , , , 
1/31/2020 12:06:39 AM, 3294.75, 9238.75, 1651, 327.68, 222.6, 163.93, 323.87, 172.78, 245.81, 98.02, 30.6, 63.9, 125, 64.56, 87.89, , , , , 
1/31/2020 12:06:42 AM, 3294.5, 9238.75, 1651, 327.68, 222.6, 163.93, 323.87, 172.78, 245.81, 98.02, 30.6, 63.9, 125, 64.56, 87.89, , , , , 
1/31/2020 12:06:45 AM, 3294.5, 9238.5, 1651, 327.68, 222.6, 163.93, 323.87, 172.78, 245.81, 98.02, 30.6, 63.9, 125, 64.56, 87.89, , , , , 
1/31/2020 12:06:48 AM, 3294.5, 9238.5, 1651, 327.68, 222.6, 163.93, 323.87, 172.78, 245.81, 98.02, 30.6, 63.9, 125, 64.56, 87.89, , , , , 
1/31/2020 12:06:51 AM, 3294.5, 9238.5, 1650.8, 327.68, 222.6, 163.93, 323.87, 172.78, 245.81, 98.02, 30.6, 63.9, 125, 64.56, 87.89, , , , , 
1/31/2020 12:06:54 AM, 3294.5, 9238.5, 1650.8, 327.68, 222.6, 163.93, 323.87, 172.78, 245.81, 98.02, 30.6, 63.9, 125, 64.56, 87.89, , , , , 
1/31/2020 12:06:57 AM, 3294.5, 9238.5, 1650.8, 327.68, 222.6, 163.93, 323.87, 172.78, 245.81, 98.02, 30.6, 63.9, 125, 64.56, 87.89, , , , , 
1/31/2020 12:07:00 AM, 3294.5, 9238.5, 1650.7, 327.68, 222.6, 163.93, 323.87, 172.78, 245.81, 98.02, 30.6, 63.9, 125, 64.56, 87.89, , , , , 
1/31/2020 12:07:03 AM, 3294.5, 9238.5, 1650.7, 327.68, 222.6, 163.93, 323.87, 172.78, 245.81, 98.02, 30.6, 63.9, 125, 64.56, 87.89, , , , , 
1/31/2020 12:07:06 AM, 3294.5, 9239, 1650.7, 327.68, 222.6, 163.93, 323.87, 172.78, 245.81, 98.02, 30.6, 63.9, 125, 64.56, 87.89, , , , , 
1/31/2020 12:07:09 AM, 3294.5, 9238.75, 1650.7, 327.68, 222.6, 163.93, 323.87, 172.78, 245.81, 98.02, 30.6, 63.9, 125, 64.56, 87.89, , , , , 
1/31/2020 12:07:12 AM, 3294.5, 9238.75, 1650.7, 327.68, 222.6, 163.93, 323.87, 172.78, 245.81, 98.02, 30.6, 63.9, 125, 64.56, 87.89, , , , , 
1/31/2020 12:07:15 AM, 3294.5, 9238.5, 1650.8, 327.68, 222.6, 163.93, 323.87, 172.78, 245.81, 98.02, 30.6, 63.9, 125, 64.56, 87.89, , , , , 
1/31/2020 12:07:18 AM, 3294.5, 9238.5, 1650.8, 327.68, 222.6, 163.93, 323.87, 172.78, 245.81, 98.02, 30.6, 63.9, 125, 64.56, 87.89, , , , , 
1/31/2020 12:07:21 AM, 3294.5, 9237.75, 1650.8, 327.68, 222.6, 163.93, 323.87, 172.78, 245.81, 98.02, 30.6, 63.9, 125, 64.56, 87.89, , , , , 
1/31/2020 12:07:24 AM, 3294.25, 9237, 1650.8, 327.68, 222.6, 163.93, 323.87, 172.78, 245.81, 98.02, 30.6, 63.9, 125, 64.56, 87.89, , , , , 
1/31/2020 12:07:27 AM, 3294.25, 9236.75, 1650.8, 327.68, 222.6, 163.93, 323.87, 172.78, 245.81, 98.02, 30.6, 63.9, 125, 64.56, 87.89, , , , , 
1/31/2020 12:07:31 AM, 3294.25, 9237.25, 1650.6, 327.68, 222.6, 163.93, 323.87, 172.78, 245.81, 98.02, 30.6, 63.9, 125, 64.56, 87.89, , , , , 
1/31/2020 12:07:34 AM, 3294.25, 9237, 1650.6, 327.68, 222.6, 163.93, 323.87, 172.78, 245.81, 98.02, 30.6, 63.9, 125, 64.56, 87.89, , , , , 
1/31/2020 12:07:37 AM, 3294.25, 9236.5, 1650.6, 327.68, 222.6, 163.93, 323.87, 172.78, 245.81, 98.02, 30.6, 63.9, 125, 64.56, 87.89, , , , , 
1/31/2020 12:07:40 AM, 3294.25, 9236.5, 1650.6, 327.68, 222.6, 163.93, 323.87, 172.78, 245.81, 98.02, 30.6, 63.9, 125, 64.56, 87.89, , , , , 
1/31/2020 12:07:43 AM, 3294.25, 9237, 1650.6, 327.68, 222.6, 163.93, 323.87, 172.78, 245.81, 98.02, 30.6, 63.9, 125, 64.56, 87.89, , , , , 
1/31/2020 12:07:46 AM, 3294, 9237.25, 1650.6, 327.68, 222.6, 163.93, 323.87, 172.78, 245.81, 98.02, 30.6, 63.9, 125, 64.56, 87.89, , , , , 
1/31/2020 12:07:49 AM, 3294, 9237.25, 1650.6, 327.68, 222.6, 163.93, 323.87, 172.78, 245.81, 98.02, 30.6, 63.9, 125, 64.56, 87.89, , , , , 
1/31/2020 12:07:52 AM, 3294, 9237.25, 1650.6, 327.68, 222.6, 163.93, 323.87, 172.78, 245.81, 98.02, 30.6, 63.9, 125, 64.56, 87.89, , , , , 
1/31/2020 12:07:55 AM, 3294, 9237, 1650.6, 327.68, 222.6, 163.93, 323.87, 172.78, 245.81, 98.02, 30.6, 63.9, 125, 64.56, 87.89, , , , , 
1/31/2020 12:07:58 AM, 3294, 9237, 1650.6, 327.68, 222.6, 163.93, 323.87, 172.78, 245.81, 98.02, 30.6, 63.9, 125, 64.56, 87.89, , , , , 
1/31/2020 12:08:01 AM, 3294, 9237.25, 1650.6, 327.68, 222.6, 163.93, 323.87, 172.78, 245.81, 98.02, 30.6, 63.9, 125, 64.56, 87.89, , , , , 
1/31/2020 12:08:04 AM, 3294.25, 9237.5, 1650.6, 327.68, 222.6, 163.93, 323.87, 172.78, 245.81, 98.02, 30.6, 63.9, 125, 64.56, 87.89, , , , , 
1/31/2020 12:08:07 AM, 3294.25, 9237.5, 1650.6, 327.68, 222.6, 163.93, 323.87, 172.78, 245.81, 98.02, 30.6, 63.9, 125, 64.56, 87.89, , , , , 
1/31/2020 12:08:10 AM, 3294.25, 9237.5, 1650.6, 327.68, 222.6, 163.93, 323.87, 172.78, 245.81, 98.02, 30.6, 63.9, 125, 64.56, 87.89, , , , , 
1/31/2020 12:08:13 AM, 3294.25, 9237.5, 1650.6, 327.68, 222.6, 163.93, 323.87, 172.78, 245.81, 98.02, 30.6, 63.9, 125, 64.56, 87.89, , , , , 
1/31/2020 12:08:16 AM, 3294, 9237, 1650.7, 327.68, 222.6, 163.93, 323.87, 172.78, 245.81, 98.02, 30.6, 63.9, 125, 64.56, 87.89, , , , , 
1/31/2020 12:08:19 AM, 3294, 9237, 1650.7, 327.68, 222.6, 163.93, 323.87, 172.78, 245.81, 98.02, 30.6, 63.9, 125, 64.56, 87.89, , , , , 
1/31/2020 12:08:22 AM, 3293.75, 9236.5, 1650.7, 327.68, 222.6, 163.93, 323.87, 172.78, 245.81, 98.02, 30.6, 63.9, 125, 64.56, 87.89, , , , , 
1/31/2020 12:08:25 AM, 3293.75, 9236.5, 1650.7, 327.68, 222.6, 163.93, 323.87, 172.78, 245.81, 98.02, 30.6, 63.9, 125, 64.56, 87.89, , , , , 
1/31/2020 12:08:28 AM, 3294, 9236.75, 1650.7, 327.68, 222.6, 163.93, 323.87, 172.78, 245.81, 98.02, 30.6, 63.9, 125, 64.56, 87.89, , , , , 
1/31/2020 12:08:31 AM, 3294, 9236.75, 1650.7, 327.68, 222.6, 163.93, 323.87, 172.78, 245.81, 98.02, 30.6, 63.9, 125, 64.56, 87.89, , , , , 
1/31/2020 12:08:34 AM, 3294, 9236.75, 1650.6, 327.68, 222.6, 163.93, 323.87, 172.78, 245.81, 98.02, 30.6, 63.9, 125, 64.56, 87.89, , , , , 
1/31/2020 12:08:37 AM, 3294, 9236.75, 1650.6, 327.68, 222.6, 163.93, 323.87, 172.78, 245.81, 98.02, 30.6, 63.9, 125, 64.56, 87.89, , , , , 
1/31/2020 12:08:40 AM, 3294, 9236.5, 1650.6, 327.68, 222.6, 163.93, 323.87, 172.78, 245.81, 98.02, 30.6, 63.9, 125, 64.56, 87.89, , , , , 
1/31/2020 12:08:43 AM, 3294, 9236.5, 1650.6, 327.68, 222.6, 163.93, 323.87, 172.78, 245.81, 98.02, 30.6, 63.9, 125, 64.56, 87.89, , , , , 
1/31/2020 12:08:46 AM, 3293.75, 9236.25, 1650.6, 327.68, 222.6, 163.93, 323.87, 172.78, 245.81, 98.02, 30.6, 63.9, 125, 64.56, 87.89, , , , , 
1/31/2020 12:08:49 AM, 3293.75, 9236.25, 1650.6, 327.68, 222.6, 163.93, 323.87, 172.78, 245.81, 98.02, 30.6, 63.9, 125, 64.56, 87.89, , , , , 
1/31/2020 12:08:52 AM, 3293.75, 9235.5, 1650.4, 327.68, 222.6, 163.93, 323.87, 172.78, 245.81, 98.02, 30.6, 63.9, 125, 64.56, 87.89, , , , , 
1/31/2020 12:08:55 AM, 3293.75, 9235.5, 1650.4, 327.68, 222.6, 163.93, 323.87, 172.78, 245.81, 98.02, 30.6, 63.9, 125, 64.56, 87.89, , , , , 
1/31/2020 12:08:58 AM, 3293.75, 9235.75, 1650.5, 327.68, 222.6, 163.93, 323.87, 172.78, 245.81, 98.02, 30.6, 63.9, 125, 64.56, 87.89, , , , , 
1/31/2020 12:09:01 AM, 3293.75, 9235.75, 1650.5, 327.68, 222.6, 163.93, 323.87, 172.78, 245.81, 98.02, 30.6, 63.9, 125, 64.56, 87.89, , , , , 
1/31/2020 12:09:04 AM, 3293.75, 9236.25, 1650.5, 327.68, 222.6, 163.93, 323.87, 172.78, 245.81, 98.02, 30.6, 63.9, 125, 64.56, 87.89, , , , , 
1/31/2020 12:09:07 AM, 3293.75, 9236.25, 1650.5, 327.68, 222.6, 163.93, 323.87, 172.78, 245.81, 98.02, 30.6, 63.9, 125, 64.56, 87.89, , , , , 
1/31/2020 12:09:10 AM, 3294, 9236.25, 1650.5, 327.68, 222.6, 163.93, 323.87, 172.78, 245.81, 98.02, 30.6, 63.9, 125, 64.56, 87.89, , , , , 
1/31/2020 12:09:13 AM, 3294, 9236.25, 1650.5, 327.68, 222.6, 163.93, 323.87, 172.78, 245.81, 98.02, 30.6, 63.9, 125, 64.56, 87.89, , , , , 
1/31/2020 12:09:16 AM, 3294, 9236, 1650.5, 327.68, 222.6, 163.93, 323.87, 172.78, 245.81, 98.02, 30.6, 63.9, 125, 64.56, 87.89, , , , , 
1/31/2020 12:09:19 AM, 3293.75, 9236, 1650.5, 327.68, 222.6, 163.93, 323.87, 172.78, 245.81, 98.02, 30.6, 63.9, 125, 64.56, 87.89, , , , , 
1/31/2020 12:09:22 AM, 3294, 9236.25, 1650.5, 327.68, 222.6, 163.93, 323.87, 172.78, 245.81, 98.02, 30.6, 63.9, 125, 64.56, 87.89, , , , , 
1/31/2020 12:09:25 AM, 3294, 9236.25, 1650.5, 327.68, 222.6, 163.93, 323.87, 172.78, 245.81, 98.02, 30.6, 63.9, 125, 64.56, 87.89, , , , , 
1/31/2020 12:09:28 AM, 3294, 9236.25, 1650.5, 327.68, 222.6, 163.93, 323.87, 172.78, 245.81, 98.02, 30.6, 63.9, 125, 64.56, 87.89, , , , , 
1/31/2020 12:09:31 AM, 3294, 9236.75, 1650.7, 327.68, 222.6, 163.93, 323.87, 172.78, 245.81, 98.02, 30.6, 63.9, 125, 64.56, 87.89, , , , , 
1/31/2020 12:09:34 AM, 3294, 9236.75, 1650.7, 327.68, 222.6, 163.93, 323.87, 172.78, 245.81, 98.02, 30.6, 63.9, 125, 64.56, 87.89, , , , , 
1/31/2020 12:09:37 AM, 3294, 9236.75, 1650.7, 327.68, 222.6, 163.93, 323.87, 172.78, 245.81, 98.02, 30.6, 63.9, 125, 64.56, 87.89, , , , , 
1/31/2020 12:09:40 AM, 3294, 9236.75, 1650.7, 327.68, 222.6, 163.93, 323.87, 172.78, 245.81, 98.02, 30.6, 63.9, 125, 64.56, 87.89, , , , , 
1/31/2020 12:09:44 AM, 3294, 9236.75, 1650.7, 327.68, 222.6, 163.93, 323.87, 172.78, 245.81, 98.02, 30.6, 63.9, 125, 64.56, 87.89, , , , , 
1/31/2020 12:09:47 AM, 3293.75, 9236.75, 1650.7, 327.68, 222.6, 163.93, 323.87, 172.78, 245.81, 98.02, 30.6, 63.9, 125, 64.56, 87.89, , , , , 
1/31/2020 12:09:50 AM, 3293.75, 9236.5, 1650.7, 327.68, 222.6, 163.93, 323.87, 172.78, 245.81, 98.02, 30.6, 63.9, 125, 64.56, 87.89, , , , , 
1/31/2020 12:09:53 AM, 3293.75, 9236.25, 1650.7, 327.68, 222.6, 163.93, 323.87, 172.78, 245.81, 98.02, 30.6, 63.9, 125, 64.56, 87.89, , , , , 
1/31/2020 12:09:56 AM, 3293.75, 9236, 1650.7, 327.68, 222.6, 163.93, 323.87, 172.78, 245.81, 98.02, 30.6, 63.9, 125, 64.56, 87.89, , , , , 
1/31/2020 12:09:59 AM, 3293.75, 9235.75, 1650.7, 327.68, 222.6, 163.93, 323.87, 172.78, 245.81, 98.02, 30.6, 63.9, 125, 64.56, 87.89, , , , , 
1/31/2020 12:10:02 AM, 3293.75, 9235.75, 1650.7, 327.68, 222.6, 163.93, 323.87, 172.78, 245.81, 98.02, 30.6, 63.9, 125, 64.56, 87.89, , , , , 
1/31/2020 12:10:05 AM, 3293.75, 9235.75, 1650.7, 327.68, 222.6, 163.93, 323.87, 172.78, 245.81, 98.02, 30.6, 63.9, 125, 64.56, 87.89, , , , , 
1/31/2020 12:10:08 AM, 3293.75, 9235.75, 1650.7, 327.68, 222.6, 163.93, 323.87, 172.78, 245.81, 98.02, 30.6, 63.9, 125, 64.56, 87.89, , , , , 
1/31/2020 12:10:11 AM, 3293.5, 9235.75, 1650.7, 327.68, 222.6, 163.93, 323.87, 172.78, 245.81, 98.02, 30.6, 63.9, 125, 64.56, 87.89, , , , , 
1/31/2020 12:10:14 AM, 3293.5, 9235.75, 1650.7, 327.68, 222.6, 163.93, 323.87, 172.78, 245.81, 98.02, 30.6, 63.9, 125, 64.56, 87.89, , , , , 
1/31/2020 12:10:17 AM, 3293.75, 9235.75, 1650.7, 327.68, 222.6, 163.93, 323.87, 172.78, 245.81, 98.02, 30.6, 63.9, 125, 64.56, 87.89, , , , , 
1/31/2020 12:10:20 AM, 3293.75, 9235.75, 1650.7, 327.68, 222.6, 163.93, 323.87, 172.78, 245.81, 98.02, 30.6, 63.9, 125, 64.56, 87.89, , , , , 
1/31/2020 12:10:23 AM, 3293.75, 9235.75, 1650.6, 327.68, 222.6, 163.93, 323.87, 172.78, 245.81, 98.02, 30.6, 63.9, 125, 64.56, 87.89, , , , , 
1/31/2020 12:10:26 AM, 3293.75, 9235.75, 1650.6, 327.68, 222.6, 163.93, 323.87, 172.78, 245.81, 98.02, 30.6, 63.9, 125, 64.56, 87.89, , , , , 
1/31/2020 12:10:29 AM, 3294, 9236.5, 1650.6, 327.68, 222.6, 163.93, 323.87, 172.78, 245.81, 98.02, 30.6, 63.9, 125, 64.56, 87.89, , , , , 
1/31/2020 12:10:32 AM, 3293.75, 9236, 1650.6, 327.68, 222.6, 163.93, 323.87, 172.78, 245.81, 98.02, 30.6, 63.9, 125, 64.56, 87.89, , , , , 
1/31/2020 12:10:35 AM, 3293.75, 9236, 1650.6, 327.68, 222.6, 163.93, 323.87, 172.78, 245.81, 98.02, 30.6, 63.9, 125, 64.56, 87.89, , , , , 
1/31/2020 12:10:38 AM, 3293.75, 9236, 1650.6, 327.68, 222.6, 163.93, 323.87, 172.78, 245.81, 98.02, 30.6, 63.9, 125, 64.56, 87.89, , , , , 
1/31/2020 12:10:41 AM, 3293.75, 9236, 1650.6, 327.68, 222.6, 163.93, 323.87, 172.78, 245.81, 98.02, 30.6, 63.9, 125, 64.56, 87.89, , , , , 
1/31/2020 12:10:44 AM, 3293.75, 9236.25, 1650.6, 327.68, 222.6, 163.93, 323.87, 172.78, 245.81, 98.02, 30.6, 63.9, 125, 64.56, 87.89, , , , , 
1/31/2020 12:10:47 AM, 3294, 9236.25, 1650.6, 327.68, 222.6, 163.93, 323.87, 172.78, 245.81, 98.02, 30.6, 63.9, 125, 64.56, 87.89, , , , , 
1/31/2020 12:10:50 AM, 3294, 9236.25, 1650.6, 327.68, 222.6, 163.93, 323.87, 172.78, 245.81, 98.02, 30.6, 63.9, 125, 64.56, 87.89, , , , , 
1/31/2020 12:10:53 AM, 3294, 9236.25, 1650.6, 327.68, 222.6, 163.93, 323.87, 172.78, 245.81, 98.02, 30.6, 63.9, 125, 64.56, 87.89, , , , , 
1/31/2020 12:10:56 AM, 3293.75, 9236.5, 1650.6, 327.68, 222.6, 163.93, 323.87, 172.78, 245.81, 98.02, 30.6, 63.9, 125, 64.56, 87.89, , , , , 
1/31/2020 12:10:59 AM, 3293.75, 9236, 1650.6, 327.68, 222.6, 163.93, 323.87, 172.78, 245.81, 98.02, 30.6, 63.9, 125, 64.56, 87.89, , , , , 
1/31/2020 12:11:02 AM, 3293.75, 9236.5, 1650.6, 327.68, 222.6, 163.93, 323.87, 172.78, 245.81, 98.02, 30.6, 63.9, 125, 64.56, 87.89, , , , , 
1/31/2020 12:11:05 AM, 3293.75, 9236.5, 1650.6, 327.68, 222.6, 163.93, 323.87, 172.78, 245.81, 98.02, 30.6, 63.9, 125, 64.56, 87.89, , , , , 
1/31/2020 12:11:08 AM, 3293.75, 9236.5, 1650.6, 327.68, 222.6, 163.93, 323.87, 172.78, 245.81, 98.02, 30.6, 63.9, 125, 64.56, 87.89, , , , , 
1/31/2020 12:11:11 AM, 3293.75, 9236.5, 1650.6, 327.68, 222.6, 163.93, 323.87, 172.78, 245.81, 98.02, 30.6, 63.9, 125, 64.56, 87.89, , , , , 
1/31/2020 12:11:14 AM, 3294, 9236.5, 1650.6, 327.68, 222.6, 163.93, 323.87, 172.78, 245.81, 98.02, 30.6, 63.9, 125, 64.56, 87.89, , , , , 
1/31/2020 12:11:17 AM, 3293.75, 9236.5, 1650.6, 327.68, 222.6, 163.93, 323.87, 172.78, 245.81, 98.02, 30.6, 63.9, 125, 64.56, 87.89, , , , , 
1/31/2020 12:11:20 AM, 3294, 9236.5, 1650.6, 327.68, 222.6, 163.93, 323.87, 172.78, 245.81, 98.02, 30.6, 63.9, 125, 64.56, 87.89, , , , , 
1/31/2020 12:11:23 AM, 3294, 9237, 1650.6, 327.68, 222.6, 163.93, 323.87, 172.78, 245.81, 98.02, 30.6, 63.9, 125, 64.56, 87.89, , , , , 
1/31/2020 12:11:26 AM, 3294, 9236.75, 1650.6, 327.68, 222.6, 163.93, 323.87, 172.78, 245.81, 98.02, 30.6, 63.9, 125, 64.56, 87.89, , , , , 
1/31/2020 12:11:29 AM, 3294, 9236.75, 1650.6, 327.68, 222.6, 163.93, 323.87, 172.78, 245.81, 98.02, 30.6, 63.9, 125, 64.56, 87.89, , , , , 
1/31/2020 12:11:32 AM, 3294, 9236.75, 1650.6, 327.68, 222.6, 163.93, 323.87, 172.78, 245.81, 98.02, 30.6, 63.9, 125, 64.56, 87.89, , , , , 
1/31/2020 12:11:35 AM, 3294, 9236.75, 1650.6, 327.68, 222.6, 163.93, 323.87, 172.78, 245.81, 98.02, 30.6, 63.9, 125, 64.56, 87.89, , , , , 
1/31/2020 12:11:38 AM, 3294.25, 9236.75, 1650.6, 327.68, 222.6, 163.93, 323.87, 172.78, 245.81, 98.02, 30.6, 63.9, 125, 64.56, 87.89, , , , , 
1/31/2020 12:11:41 AM, 3294.25, 9236.75, 1650.6, 327.68, 222.6, 163.93, 323.87, 172.78, 245.81, 98.02, 30.6, 63.9, 125, 64.56, 87.89, , , , , 
1/31/2020 12:11:44 AM, 3294, 9236.75, 1650.6, 327.68, 222.6, 163.93, 323.87, 172.78, 245.81, 98.02, 30.6, 63.9, 125, 64.56, 87.89, , , , , 
1/31/2020 12:11:47 AM, 3294, 9236.75, 1650.6, 327.68, 222.6, 163.93, 323.87, 172.78, 245.81, 98.02, 30.6, 63.9, 125, 64.56, 87.89, , , , , 
1/31/2020 12:11:50 AM, 3294.25, 9238, 1650.8, 327.68, 222.6, 163.93, 323.87, 172.78, 245.81, 98.02, 30.6, 63.9, 125, 64.56, 87.89, , , , , 
1/31/2020 12:11:53 AM, 3294.25, 9238, 1650.8, 327.68, 222.6, 163.93, 323.87, 172.78, 245.81, 98.02, 30.6, 63.9, 125, 64.56, 87.89, , , , , 
1/31/2020 12:11:56 AM, 3294.5, 9237.75, 1650.8, 327.68, 222.6, 163.93, 323.87, 172.78, 245.81, 98.02, 30.6, 63.9, 125, 64.56, 87.89, , , , , 
1/31/2020 12:11:59 AM, 3294.5, 9237.75, 1650.8, 327.68, 222.6, 163.93, 323.87, 172.78, 245.81, 98.02, 30.6, 63.9, 125, 64.56, 87.89, , , , , 
1/31/2020 12:12:02 AM, 3294.5, 9237.75, 1650.8, 327.68, 222.6, 163.93, 323.87, 172.78, 245.81, 98.02, 30.6, 63.9, 125, 64.56, 87.89, , , , , 
1/31/2020 12:12:05 AM, 3294.5, 9237.75, 1650.8, 327.68, 222.6, 163.93, 323.87, 172.78, 245.81, 98.02, 30.6, 63.9, 125, 64.56, 87.89, , , , , 
1/31/2020 12:12:08 AM, 3294.25, 9237.75, 1650.8, 327.68, 222.6, 163.93, 323.87, 172.78, 245.81, 98.02, 30.6, 63.9, 125, 64.56, 87.89, , , , , 
1/31/2020 12:12:12 AM, 3294.25, 9237.75, 1650.8, 327.68, 222.6, 163.93, 323.87, 172.78, 245.81, 98.02, 30.6, 63.9, 125, 64.56, 87.89, , , , , 
1/31/2020 12:12:15 AM, 3294.25, 9237.75, 1650.8, 327.68, 222.6, 163.93, 323.87, 172.78, 245.81, 98.02, 30.6, 63.9, 125, 64.56, 87.89, , , , , 
1/31/2020 12:12:18 AM, 3294.25, 9237.5, 1650.8, 327.68, 222.6, 163.93, 323.87, 172.78, 245.81, 98.02, 30.6, 63.9, 125, 64.56, 87.89, , , , , 
1/31/2020 12:12:21 AM, 3294.25, 9237.5, 1650.8, 327.68, 222.6, 163.93, 323.87, 172.78, 245.81, 98.02, 30.6, 63.9, 125, 64.56, 87.89, , , , , 
1/31/2020 12:12:24 AM, 3294.25, 9238, 1650.8, 327.68, 222.6, 163.93, 323.87, 172.78, 245.81, 98.02, 30.6, 63.9, 125, 64.56, 87.89, , , , , 
1/31/2020 12:12:27 AM, 3294.5, 9238, 1650.8, 327.68, 222.6, 163.93, 323.87, 172.78, 245.81, 98.02, 30.6, 63.9, 125, 64.56, 87.89, , , , , 
1/31/2020 12:12:30 AM, 3294.25, 9237.75, 1650.9, 327.68, 222.6, 163.93, 323.87, 172.78, 245.81, 98.02, 30.6, 63.9, 125, 64.56, 87.89, , , , , 
1/31/2020 12:12:33 AM, 3294.25, 9237.5, 1650.9, 327.68, 222.6, 163.93, 323.87, 172.78, 245.81, 98.02, 30.6, 63.9, 125, 64.56, 87.89, , , , , 
1/31/2020 12:12:36 AM, 3294.25, 9237.5, 1650.9, 327.68, 222.6, 163.93, 323.87, 172.78, 245.81, 98.02, 30.6, 63.9, 125, 64.56, 87.89, , , , , 
1/31/2020 12:12:39 AM, 3294.25, 9237.5, 1650.9, 327.68, 222.6, 163.93, 323.87, 172.78, 245.81, 98.02, 30.6, 63.9, 125, 64.56, 87.89, , , , , 
1/31/2020 12:12:42 AM, 3294.25, 9237.5, 1650.9, 327.68, 222.6, 163.93, 323.87, 172.78, 245.81, 98.02, 30.6, 63.9, 125, 64.56, 87.89, , , , , 
1/31/2020 12:12:45 AM, 3294.25, 9237.5, 1650.8, 327.68, 222.6, 163.93, 323.87, 172.78, 245.81, 98.02, 30.6, 63.9, 125, 64.56, 87.89, , , , , 
1/31/2020 12:12:48 AM, 3294, 9236.75, 1650.8, 327.68, 222.6, 163.93, 323.87, 172.78, 245.81, 98.02, 30.6, 63.9, 125, 64.56, 87.89, , , , , 
1/31/2020 12:12:51 AM, 3294, 9236.75, 1650.8, 327.68, 222.6, 163.93, 323.87, 172.78, 245.81, 98.02, 30.6, 63.9, 125, 64.56, 87.89, , , , , 
1/31/2020 12:12:54 AM, 3294, 9236.75, 1650.8, 327.68, 222.6, 163.93, 323.87, 172.78, 245.81, 98.02, 30.6, 63.9, 125, 64.56, 87.89, , , , , 
1/31/2020 12:12:57 AM, 3294, 9236, 1650.8, 327.68, 222.6, 163.93, 323.87, 172.78, 245.81, 98.02, 30.6, 63.9, 125, 64.56, 87.89, , , , , 
1/31/2020 12:13:00 AM, 3293.75, 9236, 1650.7, 327.68, 222.6, 163.93, 323.87, 172.78, 245.81, 98.02, 30.6, 63.9, 125, 64.56, 87.89, , , , , 
1/31/2020 12:13:03 AM, 3294, 9236, 1650.7, 327.68, 222.6, 163.93, 323.87, 172.78, 245.81, 98.02, 30.6, 63.9, 125, 64.56, 87.89, , , , , 
1/31/2020 12:13:06 AM, 3294, 9236, 1650.7, 327.68, 222.6, 163.93, 323.87, 172.78, 245.81, 98.02, 30.6, 63.9, 125, 64.56, 87.89, , , , , 
1/31/2020 12:13:09 AM, 3294, 9236, 1650.7, 327.68, 222.6, 163.93, 323.87, 172.78, 245.81, 98.02, 30.6, 63.9, 125, 64.56, 87.89, , , , , 
1/31/2020 12:13:12 AM, 3294, 9236, 1650.7, 327.68, 222.6, 163.93, 323.87, 172.78, 245.81, 98.02, 30.6, 63.9, 125, 64.56, 87.89, , , , , 
1/31/2020 12:13:15 AM, 3294, 9236, 1650.7, 327.68, 222.6, 163.93, 323.87, 172.78, 245.81, 98.02, 30.6, 63.9, 125, 64.56, 87.89, , , , , 
1/31/2020 12:13:18 AM, 3294, 9236, 1650.7, 327.68, 222.6, 163.93, 323.87, 172.78, 245.81, 98.02, 30.6, 63.9, 125, 64.56, 87.89, , , , , 
1/31/2020 12:13:21 AM, 3293.75, 9236.25, 1650.7, 327.68, 222.6, 163.93, 323.87, 172.78, 245.81, 98.02, 30.6, 63.9, 125, 64.56, 87.89, , , , , 
1/31/2020 12:13:24 AM, 3293.75, 9236.25, 1650.7, 327.68, 222.6, 163.93, 323.87, 172.78, 245.81, 98.02, 30.6, 63.9, 125, 64.56, 87.89, , , , , 
1/31/2020 12:13:27 AM, 3294, 9236.25, 1650.7, 327.68, 222.6, 163.93, 323.87, 172.78, 245.81, 98.02, 30.6, 63.9, 125, 64.56, 87.89, , , , , 
1/31/2020 12:13:30 AM, 3293.75, 9236.5, 1650.7, 327.68, 222.6, 163.93, 323.87, 172.78, 245.81, 98.02, 30.6, 63.9, 125, 64.56, 87.89, , , , , 
1/31/2020 12:13:33 AM, 3293.75, 9236.5, 1650.7, 327.68, 222.6, 163.93, 323.87, 172.78, 245.81, 98.02, 30.6, 63.9, 125, 64.56, 87.89, , , , , 
1/31/2020 12:13:36 AM, 3293.75, 9236.5, 1650.7, 327.68, 222.6, 163.93, 323.87, 172.78, 245.81, 98.02, 30.6, 63.9, 125, 64.56, 87.89, , , , , 
1/31/2020 12:13:39 AM, 3293.75, 9236.5, 1650.7, 327.68, 222.6, 163.93, 323.87, 172.78, 245.81, 98.02, 30.6, 63.9, 125, 64.56, 87.89, , , , , 
1/31/2020 12:13:42 AM, 3294, 9236.5, 1650.7, 327.68, 222.6, 163.93, 323.87, 172.78, 245.81, 98.02, 30.6, 63.9, 125, 64.56, 87.89, , , , , 
1/31/2020 12:13:45 AM, 3294, 9236.5, 1650.7, 327.68, 222.6, 163.93, 323.87, 172.78, 245.81, 98.02, 30.6, 63.9, 125, 64.56, 87.89, , , , , 
1/31/2020 12:13:48 AM, 3294, 9236.5, 1650.7, 327.68, 222.6, 163.93, 323.87, 172.78, 245.81, 98.02, 30.6, 63.9, 125, 64.56, 87.89, , , , , 
1/31/2020 12:13:51 AM, 3294, 9236.5, 1650.7, 327.68, 222.6, 163.93, 323.87, 172.78, 245.81, 98.02, 30.6, 63.9, 125, 64.56, 87.89, , , , , 
1/31/2020 12:13:54 AM, 3294, 9236.5, 1650.7, 327.68, 222.6, 163.93, 323.87, 172.78, 245.81, 98.02, 30.6, 63.9, 125, 64.56, 87.89, , , , , 
1/31/2020 12:13:57 AM, 3294, 9236.75, 1650.7, 327.68, 222.6, 163.93, 323.87, 172.78, 245.81, 98.02, 30.6, 63.9, 125, 64.56, 87.89, , , , , 
1/31/2020 12:14:00 AM, 3294, 9236.75, 1650.7, 327.68, 222.6, 163.93, 323.87, 172.78, 245.81, 98.02, 30.6, 63.9, 125, 64.56, 87.89, , , , , 
1/31/2020 12:14:03 AM, 3294, 9236.75, 1650.7, 327.68, 222.6, 163.93, 323.87, 172.78, 245.81, 98.02, 30.6, 63.9, 125, 64.56, 87.89, , , , , 
1/31/2020 12:14:06 AM, 3294, 9236.5, 1650.7, 327.68, 222.6, 163.93, 323.87, 172.78, 245.81, 98.02, 30.6, 63.9, 125, 64.56, 87.89, , , , , 
1/31/2020 12:14:09 AM, 3293.75, 9236.5, 1650.7, 327.68, 222.6, 163.93, 323.87, 172.78, 245.81, 98.02, 30.6, 63.9, 125, 64.56, 87.89, , , , , 
1/31/2020 12:14:12 AM, 3293.75, 9236.5, 1650.7, 327.68, 222.6, 163.93, 323.87, 172.78, 245.81, 98.02, 30.6, 63.9, 125, 64.56, 87.89, , , , , 
1/31/2020 12:14:15 AM, 3293.75, 9236.25, 1650.7, 327.68, 222.6, 163.93, 323.87, 172.78, 245.81, 98.02, 30.6, 63.9, 125, 64.56, 87.89, , , , , 
1/31/2020 12:14:18 AM, 3293.75, 9236.25, 1650.7, 327.68, 222.6, 163.93, 323.87, 172.78, 245.81, 98.02, 30.6, 63.9, 125, 64.56, 87.89, , , , , 
1/31/2020 12:14:21 AM, 3293.75, 9235.75, 1650.6, 327.68, 222.6, 163.93, 323.87, 172.78, 245.81, 98.02, 30.6, 63.9, 125, 64.56, 87.89, , , , , 
1/31/2020 12:14:25 AM, 3293.75, 9235.75, 1650.6, 327.68, 222.6, 163.93, 323.87, 172.78, 245.81, 98.02, 30.6, 63.9, 125, 64.56, 87.89, , , , , 
1/31/2020 12:14:28 AM, 3294, 9236, 1650.7, 327.68, 222.6, 163.93, 323.87, 172.78, 245.81, 98.02, 30.6, 63.9, 125, 64.56, 87.89, , , , , 
1/31/2020 12:14:31 AM, 3294, 9236, 1650.7, 327.68, 222.6, 163.93, 323.87, 172.78, 245.81, 98.02, 30.6, 63.9, 125, 64.56, 87.89, , , , , 
1/31/2020 12:14:34 AM, 3294, 9236, 1650.7, 327.68, 222.6, 163.93, 323.87, 172.78, 245.81, 98.02, 30.6, 63.9, 125, 64.56, 87.89, , , , , 
1/31/2020 12:14:37 AM, 3294, 9236, 1650.7, 327.68, 222.6, 163.93, 323.87, 172.78, 245.81, 98.02, 30.6, 63.9, 125, 64.56, 87.89, , , , , 
1/31/2020 12:14:40 AM, 3293.75, 9236, 1650.7, 327.68, 222.6, 163.93, 323.87, 172.78, 245.81, 98.02, 30.6, 63.9, 125, 64.56, 87.89, , , , , 
1/31/2020 12:14:43 AM, 3293.75, 9236, 1650.7, 327.68, 222.6, 163.93, 323.87, 172.78, 245.81, 98.02, 30.6, 63.9, 125, 64.56, 87.89, , , , , 
1/31/2020 12:14:46 AM, 3293.75, 9236, 1650.7, 327.68, 222.6, 163.93, 323.87, 172.78, 245.81, 98.02, 30.6, 63.9, 125, 64.56, 87.89, , , , , 
1/31/2020 12:14:49 AM, 3293.75, 9236, 1650.7, 327.68, 222.6, 163.93, 323.87, 172.78, 245.81, 98.02, 30.6, 63.9, 125, 64.56, 87.89, , , , , 
1/31/2020 12:14:52 AM, 3294, 9236.5, 1650.7, 327.68, 222.6, 163.93, 323.87, 172.78, 245.81, 98.02, 30.6, 63.9, 125, 64.56, 87.89, , , , , 
1/31/2020 12:14:55 AM, 3294, 9236.5, 1650.7, 327.68, 222.6, 163.93, 323.87, 172.78, 245.81, 98.02, 30.6, 63.9, 125, 64.56, 87.89, , , , , 
1/31/2020 12:14:58 AM, 3294, 9236.5, 1650.7, 327.68, 222.6, 163.93, 323.87, 172.78, 245.81, 98.02, 30.6, 63.9, 125, 64.56, 87.89, , , , , 
1/31/2020 12:15:01 AM, 3294, 9236.5, 1650.7, 327.68, 222.6, 163.93, 323.87, 172.78, 245.81, 98.02, 30.6, 63.9, 125, 64.56, 87.89, , , , , 
1/31/2020 12:15:04 AM, 3294, 9236.5, 1650.7, 327.68, 222.6, 163.93, 323.87, 172.78, 245.81, 98.02, 30.6, 63.9, 125, 64.56, 87.89, , , , , 
1/31/2020 12:15:07 AM, 3294, 9236.25, 1650.6, 327.68, 222.6, 163.93, 323.87, 172.78, 245.81, 98.02, 30.6, 63.9, 125, 64.56, 87.89, , , , , 
1/31/2020 12:15:10 AM, 3294, 9236.25, 1650.6, 327.68, 222.6, 163.93, 323.87, 172.78, 245.81, 98.02, 30.6, 63.9, 125, 64.56, 87.89, , , , , 
1/31/2020 12:15:13 AM, 3294, 9236.25, 1650.6, 327.68, 222.6, 163.93, 323.87, 172.78, 245.81, 98.02, 30.6, 63.9, 125, 64.56, 87.89, , , , , 
1/31/2020 12:15:16 AM, 3294, 9236.25, 1650.6, 327.68, 222.6, 163.93, 323.87, 172.78, 245.81, 98.02, 30.6, 63.9, 125, 64.56, 87.89, , , , , 
1/31/2020 12:15:19 AM, 3294, 9236, 1650.6, 327.68, 222.6, 163.93, 323.87, 172.78, 245.81, 98.02, 30.6, 63.9, 125, 64.56, 87.89, , , , , 
1/31/2020 12:15:22 AM, 3293.75, 9236.25, 1650.6, 327.68, 222.6, 163.93, 323.87, 172.78, 245.81, 98.02, 30.6, 63.9, 125, 64.56, 87.89, , , , , 
1/31/2020 12:15:25 AM, 3293.75, 9236.25, 1650.6, 327.68, 222.6, 163.93, 323.87, 172.78, 245.81, 98.02, 30.6, 63.9, 125, 64.56, 87.89, , , , , 
1/31/2020 12:15:28 AM, 3293.75, 9236.25, 1650.6, 327.68, 222.6, 163.93, 323.87, 172.78, 245.81, 98.02, 30.6, 63.9, 125, 64.56, 87.89, , , , , 
1/31/2020 12:15:31 AM, 3293.75, 9235.75, 1650.6, 327.68, 222.6, 163.93, 323.87, 172.78, 245.81, 98.02, 30.6, 63.9, 125, 64.56, 87.89, , , , , 
1/31/2020 12:15:34 AM, 3293.75, 9235.75, 1650.6, 327.68, 222.6, 163.93, 323.87, 172.78, 245.81, 98.02, 30.6, 63.9, 125, 64.56, 87.89, , , , , 
1/31/2020 12:15:37 AM, 3293.75, 9235.75, 1650.6, 327.68, 222.6, 163.93, 323.87, 172.78, 245.81, 98.02, 30.6, 63.9, 125, 64.56, 87.89, , , , , 
1/31/2020 12:15:40 AM, 3293.75, 9235.75, 1650.6, 327.68, 222.6, 163.93, 323.87, 172.78, 245.81, 98.02, 30.6, 63.9, 125, 64.56, 87.89, , , , , 
1/31/2020 12:15:43 AM, 3293.75, 9236, 1650.6, 327.68, 222.6, 163.93, 323.87, 172.78, 245.81, 98.02, 30.6, 63.9, 125, 64.56, 87.89, , , , , 
1/31/2020 12:15:46 AM, 3293.75, 9236, 1650.6, 327.68, 222.6, 163.93, 323.87, 172.78, 245.81, 98.02, 30.6, 63.9, 125, 64.56, 87.89, , , , , 
1/31/2020 12:15:49 AM, 3293.75, 9235.5, 1650.5, 327.68, 222.6, 163.93, 323.87, 172.78, 245.81, 98.02, 30.6, 63.9, 125, 64.56, 87.89, , , , , 
1/31/2020 12:15:52 AM, 3293.75, 9235.5, 1650.5, 327.68, 222.6, 163.93, 323.87, 172.78, 245.81, 98.02, 30.6, 63.9, 125, 64.56, 87.89, , , , , 
1/31/2020 12:15:55 AM, 3293.75, 9235.75, 1650.5, 327.68, 222.6, 163.93, 323.87, 172.78, 245.81, 98.02, 30.6, 63.9, 125, 64.56, 87.89, , , , , 
1/31/2020 12:15:58 AM, 3293.75, 9235.75, 1650.5, 327.68, 222.6, 163.93, 323.87, 172.78, 245.81, 98.02, 30.6, 63.9, 125, 64.56, 87.89, , , , , 
1/31/2020 12:16:01 AM, 3293.75, 9235.75, 1650.5, 327.68, 222.6, 163.93, 323.87, 172.78, 245.81, 98.02, 30.6, 63.9, 125, 64.56, 87.89, , , , , 
1/31/2020 12:16:04 AM, 3293.75, 9235.75, 1650.5, 327.68, 222.6, 163.93, 323.87, 172.78, 245.81, 98.02, 30.6, 63.9, 125, 64.56, 87.89, , , , , 
1/31/2020 12:16:07 AM, 3293.75, 9235.75, 1650.5, 327.68, 222.6, 163.93, 323.87, 172.78, 245.81, 98.02, 30.6, 63.9, 125, 64.56, 87.89, , , , , 
1/31/2020 12:16:10 AM, 3293.75, 9235.75, 1650.5, 327.68, 222.6, 163.93, 323.87, 172.78, 245.81, 98.02, 30.6, 63.9, 125, 64.56, 87.89, , , , , 
1/31/2020 12:16:13 AM, 3293.75, 9236, 1650.5, 327.68, 222.6, 163.93, 323.87, 172.78, 245.81, 98.02, 30.6, 63.9, 125, 64.56, 87.89, , , , , 
1/31/2020 12:16:16 AM, 3293.75, 9236, 1650.5, 327.68, 222.6, 163.93, 323.87, 172.78, 245.81, 98.02, 30.6, 63.9, 125, 64.56, 87.89, , , , , 
1/31/2020 12:16:19 AM, 3294, 9235.5, 1650.5, 327.68, 222.6, 163.93, 323.87, 172.78, 245.81, 98.02, 30.6, 63.9, 125, 64.56, 87.89, , , , , 
1/31/2020 12:16:22 AM, 3294, 9235.5, 1650.5, 327.68, 222.6, 163.93, 323.87, 172.78, 245.81, 98.02, 30.6, 63.9, 125, 64.56, 87.89, , , , , 
1/31/2020 12:16:25 AM, 3293.75, 9235.5, 1650.3, 327.68, 222.6, 163.93, 323.87, 172.78, 245.81, 98.02, 30.6, 63.9, 125, 64.56, 87.89, , , , , 
1/31/2020 12:16:28 AM, 3293.75, 9235.5, 1650.3, 327.68, 222.6, 163.93, 323.87, 172.78, 245.81, 98.02, 30.6, 63.9, 125, 64.56, 87.89, , , , , 
1/31/2020 12:16:31 AM, 3293.75, 9235.5, 1650.3, 327.68, 222.6, 163.93, 323.87, 172.78, 245.81, 98.02, 30.6, 63.9, 125, 64.56, 87.89, , , , , 
1/31/2020 12:16:34 AM, 3293.75, 9235.5, 1650.3, 327.68, 222.6, 163.93, 323.87, 172.78, 245.81, 98.02, 30.6, 63.9, 125, 64.56, 87.89, , , , , 
1/31/2020 12:16:37 AM, 3293.75, 9235.5, 1650.3, 327.68, 222.6, 163.93, 323.87, 172.78, 245.81, 98.02, 30.6, 63.9, 125, 64.56, 87.89, , , , , 
1/31/2020 12:16:40 AM, 3293.75, 9235.5, 1650.3, 327.68, 222.6, 163.93, 323.87, 172.78, 245.81, 98.02, 30.6, 63.9, 125, 64.56, 87.89, , , , , 
1/31/2020 12:16:44 AM, 3293.75, 9235.5, 1650.3, 327.68, 222.6, 163.93, 323.87, 172.78, 245.81, 98.02, 30.6, 63.9, 125, 64.56, 87.89, , , , , 
1/31/2020 12:16:47 AM, 3293.75, 9235.25, 1650.3, 327.68, 222.6, 163.93, 323.87, 172.78, 245.81, 98.02, 30.6, 63.9, 125, 64.56, 87.89, , , , , 
1/31/2020 12:16:50 AM, 3293.75, 9235.25, 1650.3, 327.68, 222.6, 163.93, 323.87, 172.78, 245.81, 98.02, 30.6, 63.9, 125, 64.56, 87.89, , , , , 
1/31/2020 12:16:53 AM, 3293.75, 9236, 1650.3, 327.68, 222.6, 163.93, 323.87, 172.78, 245.81, 98.02, 30.6, 63.9, 125, 64.56, 87.89, , , , , 
1/31/2020 12:16:56 AM, 3293.75, 9236, 1650.3, 327.68, 222.6, 163.93, 323.87, 172.78, 245.81, 98.02, 30.6, 63.9, 125, 64.56, 87.89, , , , , 
1/31/2020 12:16:59 AM, 3293.75, 9236, 1650.3, 327.68, 222.6, 163.93, 323.87, 172.78, 245.81, 98.02, 30.6, 63.9, 125, 64.56, 87.89, , , , , 
1/31/2020 12:17:02 AM, 3293.75, 9236, 1650.3, 327.68, 222.6, 163.93, 323.87, 172.78, 245.81, 98.02, 30.6, 63.9, 125, 64.56, 87.89, , , , , 
1/31/2020 12:17:05 AM, 3293.75, 9236, 1650.3, 327.68, 222.6, 163.93, 323.87, 172.78, 245.81, 98.02, 30.6, 63.9, 125, 64.56, 87.89, , , , , 
1/31/2020 12:17:08 AM, 3293.75, 9236, 1650.3, 327.68, 222.6, 163.93, 323.87, 172.78, 245.81, 98.02, 30.6, 63.9, 125, 64.56, 87.89, , , , , 
1/31/2020 12:17:11 AM, 3293.75, 9235.5, 1650.4, 327.68, 222.6, 163.93, 323.87, 172.78, 245.81, 98.02, 30.6, 63.9, 125, 64.56, 87.89, , , , , 
1/31/2020 12:17:14 AM, 3293.75, 9235.25, 1650.4, 327.68, 222.6, 163.93, 323.87, 172.78, 245.81, 98.02, 30.6, 63.9, 125, 64.56, 87.89, , , , , 
1/31/2020 12:17:17 AM, 3293.75, 9235.25, 1650.4, 327.68, 222.6, 163.93, 323.87, 172.78, 245.81, 98.02, 30.6, 63.9, 125, 64.56, 87.89, , , , , 
1/31/2020 12:17:20 AM, 3293.75, 9235.25, 1650.4, 327.68, 222.6, 163.93, 323.87, 172.78, 245.81, 98.02, 30.6, 63.9, 125, 64.56, 87.89, , , , , 
1/31/2020 12:17:23 AM, 3293.75, 9235.25, 1650.4, 327.68, 222.6, 163.93, 323.87, 172.78, 245.81, 98.02, 30.6, 63.9, 125, 64.56, 87.89, , , , , 
1/31/2020 12:17:26 AM, 3293.75, 9235, 1650.4, 327.68, 222.6, 163.93, 323.87, 172.78, 245.81, 98.02, 30.6, 63.9, 125, 64.56, 87.89, , , , , 
1/31/2020 12:17:29 AM, 3293.75, 9235, 1650.4, 327.68, 222.6, 163.93, 323.87, 172.78, 245.81, 98.02, 30.6, 63.9, 125, 64.56, 87.89, , , , , 
1/31/2020 12:17:32 AM, 3293.75, 9235, 1650.4, 327.68, 222.6, 163.93, 323.87, 172.78, 245.81, 98.02, 30.6, 63.9, 125, 64.56, 87.89, , , , , 
1/31/2020 12:17:35 AM, 3293.75, 9235, 1650.4, 327.68, 222.6, 163.93, 323.87, 172.78, 245.81, 98.02, 30.6, 63.9, 125, 64.56, 87.89, , , , , 
1/31/2020 12:17:38 AM, 3293.75, 9235, 1650.4, 327.68, 222.6, 163.93, 323.87, 172.78, 245.81, 98.02, 30.6, 63.9, 125, 64.56, 87.89, , , , , 
1/31/2020 12:17:41 AM, 3293.75, 9235, 1650.4, 327.68, 222.6, 163.93, 323.87, 172.78, 245.81, 98.02, 30.6, 63.9, 125, 64.56, 87.89, , , , , 
1/31/2020 12:17:44 AM, 3293.75, 9235, 1650.4, 327.68, 222.6, 163.93, 323.87, 172.78, 245.81, 98.02, 30.6, 63.9, 125, 64.56, 87.89, , , , , 
1/31/2020 12:17:47 AM, 3293.75, 9235, 1650.4, 327.68, 222.6, 163.93, 323.87, 172.78, 245.81, 98.02, 30.6, 63.9, 125, 64.56, 87.89, , , , , 
1/31/2020 12:17:50 AM, 3293.75, 9235.75, 1650.4, 327.68, 222.6, 163.93, 323.87, 172.78, 245.81, 98.02, 30.6, 63.9, 125, 64.56, 87.89, , , , , 
1/31/2020 12:17:53 AM, 3293.75, 9235.75, 1650.4, 327.68, 222.6, 163.93, 323.87, 172.78, 245.81, 98.02, 30.6, 63.9, 125, 64.56, 87.89, , , , , 
1/31/2020 12:17:56 AM, 3293.75, 9235.5, 1650.4, 327.68, 222.6, 163.93, 323.87, 172.78, 245.81, 98.02, 30.6, 63.9, 125, 64.56, 87.89, , , , , 
1/31/2020 12:17:59 AM, 3293.75, 9235.5, 1650.4, 327.68, 222.6, 163.93, 323.87, 172.78, 245.81, 98.02, 30.6, 63.9, 125, 64.56, 87.89, , , , , 
1/31/2020 12:18:02 AM, 3293.75, 9235.25, 1650.4, 327.68, 222.6, 163.93, 323.87, 172.78, 245.81, 98.02, 30.6, 63.9, 125, 64.56, 87.89, , , , , 
1/31/2020 12:18:05 AM, 3293.75, 9235.25, 1650.4, 327.68, 222.6, 163.93, 323.87, 172.78, 245.81, 98.02, 30.6, 63.9, 125, 64.56, 87.89, , , , , 
1/31/2020 12:18:08 AM, 3293.75, 9235.25, 1650.4, 327.68, 222.6, 163.93, 323.87, 172.78, 245.81, 98.02, 30.6, 63.9, 125, 64.56, 87.89, , , , , 
1/31/2020 12:18:11 AM, 3293.75, 9235.25, 1650.4, 327.68, 222.6, 163.93, 323.87, 172.78, 245.81, 98.02, 30.6, 63.9, 125, 64.56, 87.89, , , , , 
1/31/2020 12:18:14 AM, 3293.5, 9235.25, 1650.4, 327.68, 222.6, 163.93, 323.87, 172.78, 245.81, 98.02, 30.6, 63.9, 125, 64.56, 87.89, , , , , 
1/31/2020 12:18:17 AM, 3293.5, 9235.25, 1650.4, 327.68, 222.6, 163.93, 323.87, 172.78, 245.81, 98.02, 30.6, 63.9, 125, 64.56, 87.89, , , , , 
1/31/2020 12:18:20 AM, 3293.75, 9235.25, 1650.4, 327.68, 222.6, 163.93, 323.87, 172.78, 245.81, 98.02, 30.6, 63.9, 125, 64.56, 87.89, , , , , 
1/31/2020 12:18:23 AM, 3293.75, 9235.25, 1650.4, 327.68, 222.6, 163.93, 323.87, 172.78, 245.81, 98.02, 30.6, 63.9, 125, 64.56, 87.89, , , , , 
1/31/2020 12:18:26 AM, 3293.75, 9235.25, 1650.4, 327.68, 222.6, 163.93, 323.87, 172.78, 245.81, 98.02, 30.6, 63.9, 125, 64.56, 87.89, , , , , 
1/31/2020 12:18:29 AM, 3293.75, 9235.25, 1650.4, 327.68, 222.6, 163.93, 323.87, 172.78, 245.81, 98.02, 30.6, 63.9, 125, 64.56, 87.89, , , , , 
1/31/2020 12:18:32 AM, 3293.75, 9235.25, 1650.4, 327.68, 222.6, 163.93, 323.87, 172.78, 245.81, 98.02, 30.6, 63.9, 125, 64.56, 87.89, , , , , 
1/31/2020 12:18:35 AM, 3293.75, 9235.5, 1650.4, 327.68, 222.6, 163.93, 323.87, 172.78, 245.81, 98.02, 30.6, 63.9, 125, 64.56, 87.89, , , , , 
1/31/2020 12:18:38 AM, 3293.75, 9235.5, 1650.4, 327.68, 222.6, 163.93, 323.87, 172.78, 245.81, 98.02, 30.6, 63.9, 125, 64.56, 87.89, , , , , 
1/31/2020 12:18:41 AM, 3293.75, 9235.5, 1650.4, 327.68, 222.6, 163.93, 323.87, 172.78, 245.81, 98.02, 30.6, 63.9, 125, 64.56, 87.89, , , , , 
1/31/2020 12:18:44 AM, 3293.75, 9235.5, 1650.4, 327.68, 222.6, 163.93, 323.87, 172.78, 245.81, 98.02, 30.6, 63.9, 125, 64.56, 87.89, , , , , 
1/31/2020 12:18:47 AM, 3293.75, 9235.5, 1650.4, 327.68, 222.6, 163.93, 323.87, 172.78, 245.81, 98.02, 30.6, 63.9, 125, 64.56, 87.89, , , , , 
1/31/2020 12:18:50 AM, 3293.75, 9235.5, 1650.4, 327.68, 222.6, 163.93, 323.87, 172.78, 245.81, 98.02, 30.6, 63.9, 125, 64.56, 87.89, , , , , 
1/31/2020 12:18:53 AM, 3294, 9235.75, 1650.4, 327.68, 222.6, 163.93, 323.87, 172.78, 245.81, 98.02, 30.6, 63.9, 125, 64.56, 87.89, , , , , 
1/31/2020 12:18:56 AM, 3294, 9235.75, 1650.4, 327.68, 222.6, 163.93, 323.87, 172.78, 245.81, 98.02, 30.6, 63.9, 125, 64.56, 87.89, , , , , 
1/31/2020 12:18:59 AM, 3294, 9236.25, 1650.4, 327.68, 222.6, 163.93, 323.87, 172.78, 245.81, 98.02, 30.6, 63.9, 125, 64.56, 87.89, , , , , 
1/31/2020 12:19:02 AM, 3294.25, 9237, 1650.4, 327.68, 222.6, 163.93, 323.87, 172.78, 245.81, 98.02, 30.6, 63.9, 125, 64.56, 87.89, , , , , 
1/31/2020 12:19:06 AM, 3294.25, 9237.5, 1650.8, 327.68, 222.6, 163.93, 323.87, 172.78, 245.81, 98.02, 30.6, 63.9, 125, 64.56, 87.89, , , , , 
1/31/2020 12:19:09 AM, 3294.25, 9237.5, 1650.8, 327.68, 222.6, 163.93, 323.87, 172.78, 245.81, 98.02, 30.6, 63.9, 125, 64.56, 87.89, , , , , 
1/31/2020 12:19:12 AM, 3294.5, 9237.25, 1650.7, 327.68, 222.6, 163.93, 323.87, 172.78, 245.81, 98.02, 30.6, 63.9, 125, 64.56, 87.89, , , , , 
1/31/2020 12:19:15 AM, 3294.5, 9237.25, 1650.7, 327.68, 222.6, 163.93, 323.87, 172.78, 245.81, 98.02, 30.6, 63.9, 125, 64.56, 87.89, , , , , 
1/31/2020 12:19:18 AM, 3294.5, 9237.25, 1650.7, 327.68, 222.6, 163.93, 323.87, 172.78, 245.81, 98.02, 30.6, 63.9, 125, 64.56, 87.89, , , , , 
1/31/2020 12:19:21 AM, 3294.5, 9237.25, 1650.7, 327.68, 222.6, 163.93, 323.87, 172.78, 245.81, 98.02, 30.6, 63.9, 125, 64.56, 87.89, , , , , 
1/31/2020 12:19:24 AM, 3294.5, 9237.25, 1650.7, 327.68, 222.6, 163.93, 323.87, 172.78, 245.81, 98.02, 30.6, 63.9, 125, 64.56, 87.89, , , , , 
1/31/2020 12:19:27 AM, 3294.5, 9237.75, 1650.8, 327.68, 222.6, 163.93, 323.87, 172.78, 245.81, 98.02, 30.6, 63.9, 125, 64.56, 87.89, , , , , 
1/31/2020 12:19:30 AM, 3294.5, 9237.75, 1650.8, 327.68, 222.6, 163.93, 323.87, 172.78, 245.81, 98.02, 30.6, 63.9, 125, 64.56, 87.89, , , , , 
1/31/2020 12:19:33 AM, 3294.5, 9237.5, 1650.8, 327.68, 222.6, 163.93, 323.87, 172.78, 245.81, 98.02, 30.6, 63.9, 125, 64.56, 87.89, , , , , 
1/31/2020 12:19:36 AM, 3294.5, 9237.5, 1650.8, 327.68, 222.6, 163.93, 323.87, 172.78, 245.81, 98.02, 30.6, 63.9, 125, 64.56, 87.89, , , , , 
1/31/2020 12:19:39 AM, 3294.5, 9237.5, 1650.8, 327.68, 222.6, 163.93, 323.87, 172.78, 245.81, 98.02, 30.6, 63.9, 125, 64.56, 87.89, , , , , 
1/31/2020 12:19:42 AM, 3294.25, 9236.75, 1650.6, 327.68, 222.6, 163.93, 323.87, 172.78, 245.81, 98.02, 30.6, 63.9, 125, 64.56, 87.89, , , , , 
1/31/2020 12:19:45 AM, 3294.25, 9236.75, 1650.6, 327.68, 222.6, 163.93, 323.87, 172.78, 245.81, 98.02, 30.6, 63.9, 125, 64.56, 87.89, , , , , 
1/31/2020 12:19:48 AM, 3294.25, 9236.5, 1650.6, 327.68, 222.6, 163.93, 323.87, 172.78, 245.81, 98.02, 30.6, 63.9, 125, 64.56, 87.89, , , , , 
1/31/2020 12:19:51 AM, 3294.25, 9236.75, 1650.6, 327.68, 222.6, 163.93, 323.87, 172.78, 245.81, 98.02, 30.6, 63.9, 125, 64.56, 87.89, , , , , 
1/31/2020 12:19:54 AM, 3294.25, 9236.75, 1650.6, 327.68, 222.6, 163.93, 323.87, 172.78, 245.81, 98.02, 30.6, 63.9, 125, 64.56, 87.89, , , , , 
1/31/2020 12:19:57 AM, 3294.25, 9236.75, 1650.6, 327.68, 222.6, 163.93, 323.87, 172.78, 245.81, 98.02, 30.6, 63.9, 125, 64.56, 87.89, , , , , 
1/31/2020 12:20:00 AM, 3294.25, 9236.75, 1650.6, 327.68, 222.6, 163.93, 323.87, 172.78, 245.81, 98.02, 30.6, 63.9, 125, 64.56, 87.89, , , , , 
1/31/2020 12:20:03 AM, 3294.25, 9236.75, 1650.6, 327.68, 222.6, 163.93, 323.87, 172.78, 245.81, 98.02, 30.6, 63.9, 125, 64.56, 87.89, , , , , 
1/31/2020 12:20:06 AM, 3294, 9236.75, 1650.6, 327.68, 222.6, 163.93, 323.87, 172.78, 245.81, 98.02, 30.6, 63.9, 125, 64.56, 87.89, , , , , 
1/31/2020 12:20:09 AM, 3294.25, 9236.5, 1650.6, 327.68, 222.6, 163.93, 323.87, 172.78, 245.81, 98.02, 30.6, 63.9, 125, 64.56, 87.89, , , , , 
1/31/2020 12:20:12 AM, 3294.25, 9236.5, 1650.6, 327.68, 222.6, 163.93, 323.87, 172.78, 245.81, 98.02, 30.6, 63.9, 125, 64.56, 87.89, , , , , 
1/31/2020 12:20:15 AM, 3294.25, 9236.5, 1650.6, 327.68, 222.6, 163.93, 323.87, 172.78, 245.81, 98.02, 30.6, 63.9, 125, 64.56, 87.89, , , , , 
1/31/2020 12:20:18 AM, 3294.25, 9236.5, 1650.6, 327.68, 222.6, 163.93, 323.87, 172.78, 245.81, 98.02, 30.6, 63.9, 125, 64.56, 87.89, , , , , 
1/31/2020 12:20:21 AM, 3294, 9236.5, 1650.6, 327.68, 222.6, 163.93, 323.87, 172.78, 245.81, 98.02, 30.6, 63.9, 125, 64.56, 87.89, , , , , 
1/31/2020 12:20:24 AM, 3294, 9236.5, 1650.6, 327.68, 222.6, 163.93, 323.87, 172.78, 245.81, 98.02, 30.6, 63.9, 125, 64.56, 87.89, , , , , 
1/31/2020 12:20:27 AM, 3294, 9236.25, 1650.6, 327.68, 222.6, 163.93, 323.87, 172.78, 245.81, 98.02, 30.6, 63.9, 125, 64.56, 87.89, , , , , 
1/31/2020 12:20:30 AM, 3294, 9236.25, 1650.6, 327.68, 222.6, 163.93, 323.87, 172.78, 245.81, 98.02, 30.6, 63.9, 125, 64.56, 87.89, , , , , 
1/31/2020 12:20:33 AM, 3294, 9236.75, 1650.6, 327.68, 222.6, 163.93, 323.87, 172.78, 245.81, 98.02, 30.6, 63.9, 125, 64.56, 87.89, , , , , 
1/31/2020 12:20:36 AM, 3294, 9236.75, 1650.6, 327.68, 222.6, 163.93, 323.87, 172.78, 245.81, 98.02, 30.6, 63.9, 125, 64.56, 87.89, , , , , 
1/31/2020 12:20:39 AM, 3294, 9236.75, 1650.6, 327.68, 222.6, 163.93, 323.87, 172.78, 245.81, 98.02, 30.6, 63.9, 125, 64.56, 87.89, , , , , 
1/31/2020 12:20:42 AM, 3294, 9236.75, 1650.6, 327.68, 222.6, 163.93, 323.87, 172.78, 245.81, 98.02, 30.6, 63.9, 125, 64.56, 87.89, , , , , 
1/31/2020 12:20:45 AM, 3294, 9236.75, 1650.6, 327.68, 222.6, 163.93, 323.87, 172.78, 245.81, 98.02, 30.6, 63.9, 125, 64.56, 87.89, , , , , 
1/31/2020 12:20:48 AM, 3294, 9236.75, 1650.6, 327.68, 222.6, 163.93, 323.87, 172.78, 245.81, 98.02, 30.6, 63.9, 125, 64.56, 87.89, , , , , 
1/31/2020 12:20:51 AM, 3294, 9236.75, 1650.6, 327.68, 222.6, 163.93, 323.87, 172.78, 245.81, 98.02, 30.6, 63.9, 125, 64.56, 87.89, , , , , 
1/31/2020 12:20:54 AM, 3294, 9236.75, 1650.6, 327.68, 222.6, 163.93, 323.87, 172.78, 245.81, 98.02, 30.6, 63.9, 125, 64.56, 87.89, , , , , 
1/31/2020 12:20:57 AM, 3294, 9236.75, 1650.6, 327.68, 222.6, 163.93, 323.87, 172.78, 245.81, 98.02, 30.6, 63.9, 125, 64.56, 87.89, , , , , 
1/31/2020 12:21:00 AM, 3294, 9236.75, 1650.6, 327.68, 222.6, 163.93, 323.87, 172.78, 245.81, 98.02, 30.6, 63.9, 125, 64.56, 87.89, , , , , 
1/31/2020 12:21:03 AM, 3294, 9237, 1650.6, 327.68, 222.6, 163.93, 323.87, 172.78, 245.81, 98.02, 30.6, 63.9, 125, 64.56, 87.89, , , , , 
1/31/2020 12:21:06 AM, 3294, 9237, 1650.6, 327.68, 222.6, 163.93, 323.87, 172.78, 245.81, 98.02, 30.6, 63.9, 125, 64.56, 87.89, , , , , 
1/31/2020 12:21:09 AM, 3294, 9237, 1650.6, 327.68, 222.6, 163.93, 323.87, 172.78, 245.81, 98.02, 30.6, 63.9, 125, 64.56, 87.89, , , , , 
1/31/2020 12:21:12 AM, 3294, 9237, 1650.6, 327.68, 222.6, 163.93, 323.87, 172.78, 245.81, 98.02, 30.6, 63.9, 125, 64.56, 87.89, , , , , 
1/31/2020 12:21:15 AM, 3294, 9237, 1650.6, 327.68, 222.6, 163.93, 323.87, 172.78, 245.81, 98.02, 30.6, 63.9, 125, 64.56, 87.89, , , , , 
1/31/2020 12:21:18 AM, 3294, 9237, 1650.6, 327.68, 222.6, 163.93, 323.87, 172.78, 245.81, 98.02, 30.6, 63.9, 125, 64.56, 87.89, , , , , 
1/31/2020 12:21:21 AM, 3294, 9237, 1650.6, 327.68, 222.6, 163.93, 323.87, 172.78, 245.81, 98.02, 30.6, 63.9, 125, 64.56, 87.89, , , , , 
1/31/2020 12:21:25 AM, 3294, 9237, 1650.6, 327.68, 222.6, 163.93, 323.87, 172.78, 245.81, 98.02, 30.6, 63.9, 125, 64.56, 87.89, , , , , 
1/31/2020 12:21:28 AM, 3294, 9236.5, 1650.5, 327.68, 222.6, 163.93, 323.87, 172.78, 245.81, 98.02, 30.6, 63.9, 125, 64.56, 87.89, , , , , 
1/31/2020 12:21:31 AM, 3294, 9236.5, 1650.5, 327.68, 222.6, 163.93, 323.87, 172.78, 245.81, 98.02, 30.6, 63.9, 125, 64.56, 87.89, , , , , 
1/31/2020 12:21:34 AM, 3294, 9236.25, 1650.5, 327.68, 222.6, 163.93, 323.87, 172.78, 245.81, 98.02, 30.6, 63.9, 125, 64.56, 87.89, , , , , 
1/31/2020 12:21:37 AM, 3293.75, 9236.25, 1650.5, 327.68, 222.6, 163.93, 323.87, 172.78, 245.81, 98.02, 30.6, 63.9, 125, 64.56, 87.89, , , , , 
1/31/2020 12:21:40 AM, 3293.5, 9235.75, 1650.5, 327.68, 222.6, 163.93, 323.87, 172.78, 245.81, 98.02, 30.6, 63.9, 125, 64.56, 87.89, , , , , 
1/31/2020 12:21:43 AM, 3293.75, 9236.25, 1650.5, 327.68, 222.6, 163.93, 323.87, 172.78, 245.81, 98.02, 30.6, 63.9, 125, 64.56, 87.89, , , , , 
1/31/2020 12:21:46 AM, 3293.75, 9236.25, 1650.4, 327.68, 222.6, 163.93, 323.87, 172.78, 245.81, 98.02, 30.6, 63.9, 125, 64.56, 87.89, , , , , 
1/31/2020 12:21:49 AM, 3293.75, 9236.25, 1650.4, 327.68, 222.6, 163.93, 323.87, 172.78, 245.81, 98.02, 30.6, 63.9, 125, 64.56, 87.89, , , , , 
1/31/2020 12:21:52 AM, 3293.75, 9236.25, 1650.4, 327.68, 222.6, 163.93, 323.87, 172.78, 245.81, 98.02, 30.6, 63.9, 125, 64.56, 87.89, , , , , 
1/31/2020 12:21:55 AM, 3293.75, 9236.25, 1650.4, 327.68, 222.6, 163.93, 323.87, 172.78, 245.81, 98.02, 30.6, 63.9, 125, 64.56, 87.89, , , , , 
1/31/2020 12:21:58 AM, 3293.75, 9236.25, 1650.4, 327.68, 222.6, 163.93, 323.87, 172.78, 245.81, 98.02, 30.6, 63.9, 125, 64.56, 87.89, , , , , 
1/31/2020 12:22:01 AM, 3293.75, 9236.25, 1650.4, 327.68, 222.6, 163.93, 323.87, 172.78, 245.81, 98.02, 30.6, 63.9, 125, 64.56, 87.89, , , , , 
1/31/2020 12:22:04 AM, 3293.75, 9236.25, 1650.3, 327.68, 222.6, 163.93, 323.87, 172.78, 245.81, 98.02, 30.6, 63.9, 125, 64.56, 87.89, , , , , 
1/31/2020 12:22:07 AM, 3293.5, 9236.25, 1650.3, 327.68, 222.6, 163.93, 323.87, 172.78, 245.81, 98.02, 30.6, 63.9, 125, 64.56, 87.89, , , , , 
1/31/2020 12:22:10 AM, 3293.5, 9235.75, 1650.3, 327.68, 222.6, 163.93, 323.87, 172.78, 245.81, 98.02, 30.6, 63.9, 125, 64.56, 87.89, , , , , 
1/31/2020 12:22:13 AM, 3293.5, 9235.75, 1650.3, 327.68, 222.6, 163.93, 323.87, 172.78, 245.81, 98.02, 30.6, 63.9, 125, 64.56, 87.89, , , , , 
1/31/2020 12:22:16 AM, 3293.5, 9235.75, 1650.3, 327.68, 222.6, 163.93, 323.87, 172.78, 245.81, 98.02, 30.6, 63.9, 125, 64.56, 87.89, , , , , 
1/31/2020 12:22:19 AM, 3293.5, 9235.75, 1650.3, 327.68, 222.6, 163.93, 323.87, 172.78, 245.81, 98.02, 30.6, 63.9, 125, 64.56, 87.89, , , , , 
1/31/2020 12:22:22 AM, 3293.5, 9235.75, 1650.3, 327.68, 222.6, 163.93, 323.87, 172.78, 245.81, 98.02, 30.6, 63.9, 125, 64.56, 87.89, , , , , 
1/31/2020 12:22:25 AM, 3293.5, 9235.75, 1650.3, 327.68, 222.6, 163.93, 323.87, 172.78, 245.81, 98.02, 30.6, 63.9, 125, 64.56, 87.89, , , , , 
1/31/2020 12:22:28 AM, 3293.75, 9236.25, 1650.4, 327.68, 222.6, 163.93, 323.87, 172.78, 245.81, 98.02, 30.6, 63.9, 125, 64.56, 87.89, , , , , 
1/31/2020 12:22:31 AM, 3293.75, 9236.25, 1650.4, 327.68, 222.6, 163.93, 323.87, 172.78, 245.81, 98.02, 30.6, 63.9, 125, 64.56, 87.89, , , , , 
1/31/2020 12:22:34 AM, 3294, 9236.5, 1650.4, 327.68, 222.6, 163.93, 323.87, 172.78, 245.81, 98.02, 30.6, 63.9, 125, 64.56, 87.89, , , , , 
1/31/2020 12:22:37 AM, 3294, 9236.5, 1650.4, 327.68, 222.6, 163.93, 323.87, 172.78, 245.81, 98.02, 30.6, 63.9, 125, 64.56, 87.89, , , , , 
1/31/2020 12:22:40 AM, 3294, 9236.5, 1650.4, 327.68, 222.6, 163.93, 323.87, 172.78, 245.81, 98.02, 30.6, 63.9, 125, 64.56, 87.89, , , , , 
1/31/2020 12:22:43 AM, 3294, 9236.75, 1650.4, 327.68, 222.6, 163.93, 323.87, 172.78, 245.81, 98.02, 30.6, 63.9, 125, 64.56, 87.89, , , , , 
1/31/2020 12:22:46 AM, 3293.75, 9236.75, 1650.4, 327.68, 222.6, 163.93, 323.87, 172.78, 245.81, 98.02, 30.6, 63.9, 125, 64.56, 87.89, , , , , 
1/31/2020 12:22:49 AM, 3293.75, 9236.5, 1650.4, 327.68, 222.6, 163.93, 323.87, 172.78, 245.81, 98.02, 30.6, 63.9, 125, 64.56, 87.89, , , , , 
1/31/2020 12:22:52 AM, 3293.75, 9236.5, 1650.4, 327.68, 222.6, 163.93, 323.87, 172.78, 245.81, 98.02, 30.6, 63.9, 125, 64.56, 87.89, , , , , 
1/31/2020 12:22:55 AM, 3293.75, 9236.5, 1650.4, 327.68, 222.6, 163.93, 323.87, 172.78, 245.81, 98.02, 30.6, 63.9, 125, 64.56, 87.89, , , , , 
1/31/2020 12:22:58 AM, 3293.75, 9236.5, 1650.4, 327.68, 222.6, 163.93, 323.87, 172.78, 245.81, 98.02, 30.6, 63.9, 125, 64.56, 87.89, , , , , 
1/31/2020 12:23:01 AM, 3293.75, 9236.5, 1650.4, 327.68, 222.6, 163.93, 323.87, 172.78, 245.81, 98.02, 30.6, 63.9, 125, 64.56, 87.89, , , , , 
1/31/2020 12:23:04 AM, 3293.75, 9236.25, 1650.4, 327.68, 222.6, 163.93, 323.87, 172.78, 245.81, 98.02, 30.6, 63.9, 125, 64.56, 87.89, , , , , 
1/31/2020 12:23:07 AM, 3293.75, 9236.75, 1650.4, 327.68, 222.6, 163.93, 323.87, 172.78, 245.81, 98.02, 30.6, 63.9, 125, 64.56, 87.89, , , , , 
1/31/2020 12:23:10 AM, 3294, 9236.75, 1650.4, 327.68, 222.6, 163.93, 323.87, 172.78, 245.81, 98.02, 30.6, 63.9, 125, 64.56, 87.89, , , , , 
1/31/2020 12:23:13 AM, 3294, 9237.25, 1650.4, 327.68, 222.6, 163.93, 323.87, 172.78, 245.81, 98.02, 30.6, 63.9, 125, 64.56, 87.89, , , , , 
1/31/2020 12:23:16 AM, 3294, 9237.25, 1650.4, 327.68, 222.6, 163.93, 323.87, 172.78, 245.81, 98.02, 30.6, 63.9, 125, 64.56, 87.89, , , , , 
1/31/2020 12:23:19 AM, 3294, 9237, 1650.4, 327.68, 222.6, 163.93, 323.87, 172.78, 245.81, 98.02, 30.6, 63.9, 125, 64.56, 87.89, , , , , 
1/31/2020 12:23:22 AM, 3294, 9237, 1650.4, 327.68, 222.6, 163.93, 323.87, 172.78, 245.81, 98.02, 30.6, 63.9, 125, 64.56, 87.89, , , , , 
1/31/2020 12:23:25 AM, 3294, 9236.75, 1650.4, 327.68, 222.6, 163.93, 323.87, 172.78, 245.81, 98.02, 30.6, 63.9, 125, 64.56, 87.89, , , , , 
1/31/2020 12:23:28 AM, 3294, 9236.75, 1650.4, 327.68, 222.6, 163.93, 323.87, 172.78, 245.81, 98.02, 30.6, 63.9, 125, 64.56, 87.89, , , , , 
1/31/2020 12:23:31 AM, 3294, 9237.5, 1650.4, 327.68, 222.6, 163.93, 323.87, 172.78, 245.81, 98.02, 30.6, 63.9, 125, 64.56, 87.89, , , , , 
1/31/2020 12:23:34 AM, 3294, 9237.5, 1650.4, 327.68, 222.6, 163.93, 323.87, 172.78, 245.81, 98.02, 30.6, 63.9, 125, 64.56, 87.89, , , , , 
1/31/2020 12:23:37 AM, 3294, 9237.5, 1650.4, 327.68, 222.6, 163.93, 323.87, 172.78, 245.81, 98.02, 30.6, 63.9, 125, 64.56, 87.89, , , , , 
1/31/2020 12:23:40 AM, 3294, 9237.75, 1650.4, 327.68, 222.6, 163.93, 323.87, 172.78, 245.81, 98.02, 30.6, 63.9, 125, 64.56, 87.89, , , , , 
1/31/2020 12:23:43 AM, 3294, 9237.5, 1650.4, 327.68, 222.6, 163.93, 323.87, 172.78, 245.81, 98.02, 30.6, 63.9, 125, 64.56, 87.89, , , , , 
1/31/2020 12:23:46 AM, 3294, 9237.5, 1650.4, 327.68, 222.6, 163.93, 323.87, 172.78, 245.81, 98.02, 30.6, 63.9, 125, 64.56, 87.89, , , , , 
1/31/2020 12:23:49 AM, 3294, 9237.5, 1650.4, 327.68, 222.6, 163.93, 323.87, 172.78, 245.81, 98.02, 30.6, 63.9, 125, 64.56, 87.89, , , , , 
1/31/2020 12:23:52 AM, 3294.25, 9238, 1650.6, 327.68, 222.6, 163.93, 323.87, 172.78, 245.81, 98.02, 30.6, 63.9, 125, 64.56, 87.89, , , , , 
1/31/2020 12:23:56 AM, 3294.25, 9238, 1650.6, 327.68, 222.6, 163.93, 323.87, 172.78, 245.81, 98.02, 30.6, 63.9, 125, 64.56, 87.89, , , , , 
1/31/2020 12:23:59 AM, 3294.25, 9238, 1650.6, 327.68, 222.6, 163.93, 323.87, 172.78, 245.81, 98.02, 30.6, 63.9, 125, 64.56, 87.89, , , , , 
1/31/2020 12:24:02 AM, 3294.5, 9238, 1650.6, 327.68, 222.6, 163.93, 323.87, 172.78, 245.81, 98.02, 30.6, 63.9, 125, 64.56, 87.89, , , , , 
1/31/2020 12:24:05 AM, 3294, 9237.5, 1650.6, 327.68, 222.6, 163.93, 323.87, 172.78, 245.81, 98.02, 30.6, 63.9, 125, 64.56, 87.89, , , , , 
1/31/2020 12:24:08 AM, 3294, 9237.5, 1650.6, 327.68, 222.6, 163.93, 323.87, 172.78, 245.81, 98.02, 30.6, 63.9, 125, 64.56, 87.89, , , , , 
1/31/2020 12:24:11 AM, 3294, 9237.5, 1650.6, 327.68, 222.6, 163.93, 323.87, 172.78, 245.81, 98.02, 30.6, 63.9, 125, 64.56, 87.89, , , , , 
1/31/2020 12:24:14 AM, 3294, 9237.5, 1650.6, 327.68, 222.6, 163.93, 323.87, 172.78, 245.81, 98.02, 30.6, 63.9, 125, 64.56, 87.89, , , , , 
1/31/2020 12:24:17 AM, 3294, 9237.5, 1650.6, 327.68, 222.6, 163.93, 323.87, 172.78, 245.81, 98.02, 30.6, 63.9, 125, 64.56, 87.89, , , , , 
1/31/2020 12:24:20 AM, 3294, 9237.5, 1650.6, 327.68, 222.6, 163.93, 323.87, 172.78, 245.81, 98.02, 30.6, 63.9, 125, 64.56, 87.89, , , , , 
1/31/2020 12:24:23 AM, 3294, 9237.5, 1650.6, 327.68, 222.6, 163.93, 323.87, 172.78, 245.81, 98.02, 30.6, 63.9, 125, 64.56, 87.89, , , , , 
1/31/2020 12:24:26 AM, 3294.25, 9237.75, 1650.6, 327.68, 222.6, 163.93, 323.87, 172.78, 245.81, 98.02, 30.6, 63.9, 125, 64.56, 87.89, , , , , 
1/31/2020 12:24:29 AM, 3294.25, 9238, 1650.6, 327.68, 222.6, 163.93, 323.87, 172.78, 245.81, 98.02, 30.6, 63.9, 125, 64.56, 87.89, , , , , 
1/31/2020 12:24:32 AM, 3294.25, 9238, 1650.6, 327.68, 222.6, 163.93, 323.87, 172.78, 245.81, 98.02, 30.6, 63.9, 125, 64.56, 87.89, , , , , 
1/31/2020 12:24:35 AM, 3294.25, 9237.75, 1650.6, 327.68, 222.6, 163.93, 323.87, 172.78, 245.81, 98.02, 30.6, 63.9, 125, 64.56, 87.89, , , , , 
1/31/2020 12:24:38 AM, 3294.25, 9237.75, 1650.6, 327.68, 222.6, 163.93, 323.87, 172.78, 245.81, 98.02, 30.6, 63.9, 125, 64.56, 87.89, , , , , 
1/31/2020 12:24:41 AM, 3294.25, 9237.75, 1650.6, 327.68, 222.6, 163.93, 323.87, 172.78, 245.81, 98.02, 30.6, 63.9, 125, 64.56, 87.89, , , , , 
1/31/2020 12:24:44 AM, 3294.25, 9237.75, 1650.6, 327.68, 222.6, 163.93, 323.87, 172.78, 245.81, 98.02, 30.6, 63.9, 125, 64.56, 87.89, , , , , 
1/31/2020 12:24:47 AM, 3294.25, 9237.75, 1650.6, 327.68, 222.6, 163.93, 323.87, 172.78, 245.81, 98.02, 30.6, 63.9, 125, 64.56, 87.89, , , , , 
1/31/2020 12:24:50 AM, 3294, 9237.75, 1650.6, 327.68, 222.6, 163.93, 323.87, 172.78, 245.81, 98.02, 30.6, 63.9, 125, 64.56, 87.89, , , , , 
1/31/2020 12:24:53 AM, 3294.25, 9237.75, 1650.6, 327.68, 222.6, 163.93, 323.87, 172.78, 245.81, 98.02, 30.6, 63.9, 125, 64.56, 87.89, , , , , 
1/31/2020 12:24:56 AM, 3294.25, 9237.75, 1650.6, 327.68, 222.6, 163.93, 323.87, 172.78, 245.81, 98.02, 30.6, 63.9, 125, 64.56, 87.89, , , , , 
1/31/2020 12:24:59 AM, 3294.25, 9237.75, 1650.6, 327.68, 222.6, 163.93, 323.87, 172.78, 245.81, 98.02, 30.6, 63.9, 125, 64.56, 87.89, , , , , 
1/31/2020 12:25:02 AM, 3294.25, 9237.75, 1650.6, 327.68, 222.6, 163.93, 323.87, 172.78, 245.81, 98.02, 30.6, 63.9, 125, 64.56, 87.89, , , , , 
1/31/2020 12:25:05 AM, 3294, 9237, 1650.6, 327.68, 222.6, 163.93, 323.87, 172.78, 245.81, 98.02, 30.6, 63.9, 125, 64.56, 87.89, , , , , 
1/31/2020 12:25:08 AM, 3294, 9237, 1650.6, 327.68, 222.6, 163.93, 323.87, 172.78, 245.81, 98.02, 30.6, 63.9, 125, 64.56, 87.89, , , , , 
1/31/2020 12:25:11 AM, 3294, 9237, 1650.6, 327.68, 222.6, 163.93, 323.87, 172.78, 245.81, 98.02, 30.6, 63.9, 125, 64.56, 87.89, , , , , 
1/31/2020 12:25:14 AM, 3294, 9237, 1650.6, 327.68, 222.6, 163.93, 323.87, 172.78, 245.81, 98.02, 30.6, 63.9, 125, 64.56, 87.89, , , , , 
1/31/2020 12:25:17 AM, 3294.25, 9237, 1650.6, 327.68, 222.6, 163.93, 323.87, 172.78, 245.81, 98.02, 30.6, 63.9, 125, 64.56, 87.89, , , , , 
1/31/2020 12:25:20 AM, 3294.25, 9237, 1650.6, 327.68, 222.6, 163.93, 323.87, 172.78, 245.81, 98.02, 30.6, 63.9, 125, 64.56, 87.89, , , , , 
1/31/2020 12:25:23 AM, 3294.25, 9237, 1650.6, 327.68, 222.6, 163.93, 323.87, 172.78, 245.81, 98.02, 30.6, 63.9, 125, 64.56, 87.89, , , , , 
1/31/2020 12:25:26 AM, 3294.25, 9237.75, 1650.6, 327.68, 222.6, 163.93, 323.87, 172.78, 245.81, 98.02, 30.6, 63.9, 125, 64.56, 87.89, , , , , 
1/31/2020 12:25:29 AM, 3294.25, 9237.75, 1650.6, 327.68, 222.6, 163.93, 323.87, 172.78, 245.81, 98.02, 30.6, 63.9, 125, 64.56, 87.89, , , , , 
1/31/2020 12:25:32 AM, 3294.25, 9237.25, 1650.6, 327.68, 222.6, 163.93, 323.87, 172.78, 245.81, 98.02, 30.6, 63.9, 125, 64.56, 87.89, , , , , 
1/31/2020 12:25:35 AM, 3294.25, 9237.25, 1650.6, 327.68, 222.6, 163.93, 323.87, 172.78, 245.81, 98.02, 30.6, 63.9, 125, 64.56, 87.89, , , , , 
1/31/2020 12:25:38 AM, 3294.25, 9237.5, 1650.5, 327.68, 222.6, 163.93, 323.87, 172.78, 245.81, 98.02, 30.6, 63.9, 125, 64.56, 87.89, , , , , 
1/31/2020 12:25:41 AM, 3294.25, 9237.75, 1650.5, 327.68, 222.6, 163.93, 323.87, 172.78, 245.81, 98.02, 30.6, 63.9, 125, 64.56, 87.89, , , , , 
1/31/2020 12:25:44 AM, 3294.25, 9237.25, 1650.5, 327.68, 222.6, 163.93, 323.87, 172.78, 245.81, 98.02, 30.6, 63.9, 125, 64.56, 87.89, , , , , 
1/31/2020 12:25:47 AM, 3294, 9237.25, 1650.5, 327.68, 222.6, 163.93, 323.87, 172.78, 245.81, 98.02, 30.6, 63.9, 125, 64.56, 87.89, , , , , 
1/31/2020 12:25:50 AM, 3294, 9236.75, 1650.4, 327.68, 222.6, 163.93, 323.87, 172.78, 245.81, 98.02, 30.6, 63.9, 125, 64.56, 87.89, , , , , 
1/31/2020 12:25:53 AM, 3294, 9236.75, 1650.4, 327.68, 222.6, 163.93, 323.87, 172.78, 245.81, 98.02, 30.6, 63.9, 125, 64.56, 87.89, , , , , 
1/31/2020 12:25:56 AM, 3294, 9236.75, 1650.4, 327.68, 222.6, 163.93, 323.87, 172.78, 245.81, 98.02, 30.6, 63.9, 125, 64.56, 87.89, , , , , 
1/31/2020 12:25:59 AM, 3294, 9237, 1650.4, 327.68, 222.6, 163.93, 323.87, 172.78, 245.81, 98.02, 30.6, 63.9, 125, 64.56, 87.89, , , , , 
1/31/2020 12:26:02 AM, 3294, 9237, 1650.4, 327.68, 222.6, 163.93, 323.87, 172.78, 245.81, 98.02, 30.6, 63.9, 125, 64.56, 87.89, , , , , 
1/31/2020 12:26:05 AM, 3294, 9237, 1650.4, 327.68, 222.6, 163.93, 323.87, 172.78, 245.81, 98.02, 30.6, 63.9, 125, 64.56, 87.89, , , , , 
1/31/2020 12:26:08 AM, 3294, 9237, 1650.4, 327.68, 222.6, 163.93, 323.87, 172.78, 245.81, 98.02, 30.6, 63.9, 125, 64.56, 87.89, , , , , 
1/31/2020 12:26:11 AM, 3294, 9236.75, 1650.4, 327.68, 222.6, 163.93, 323.87, 172.78, 245.81, 98.02, 30.6, 63.9, 125, 64.56, 87.89, , , , , 
1/31/2020 12:26:14 AM, 3294, 9236.5, 1650.4, 327.68, 222.6, 163.93, 323.87, 172.78, 245.81, 98.02, 30.6, 63.9, 125, 64.56, 87.89, , , , , 
1/31/2020 12:26:17 AM, 3294, 9236.5, 1650.4, 327.68, 222.6, 163.93, 323.87, 172.78, 245.81, 98.02, 30.6, 63.9, 125, 64.56, 87.89, , , , , 
1/31/2020 12:26:21 AM, 3293.75, 9236, 1650.2, 327.68, 222.6, 163.93, 323.87, 172.78, 245.81, 98.02, 30.6, 63.9, 125, 64.56, 87.89, , , , , 
1/31/2020 12:26:24 AM, 3293.75, 9236, 1650.2, 327.68, 222.6, 163.93, 323.87, 172.78, 245.81, 98.02, 30.6, 63.9, 125, 64.56, 87.89, , , , , 
1/31/2020 12:26:27 AM, 3293.75, 9235.5, 1650.2, 327.68, 222.6, 163.93, 323.87, 172.78, 245.81, 98.02, 30.6, 63.9, 125, 64.56, 87.89, , , , , 
1/31/2020 12:26:30 AM, 3293.75, 9235.5, 1650.2, 327.68, 222.6, 163.93, 323.87, 172.78, 245.81, 98.02, 30.6, 63.9, 125, 64.56, 87.89, , , , , 
1/31/2020 12:26:33 AM, 3293.5, 9236, 1650.2, 327.68, 222.6, 163.93, 323.87, 172.78, 245.81, 98.02, 30.6, 63.9, 125, 64.56, 87.89, , , , , 
1/31/2020 12:26:36 AM, 3293.5, 9236, 1650.2, 327.68, 222.6, 163.93, 323.87, 172.78, 245.81, 98.02, 30.6, 63.9, 125, 64.56, 87.89, , , , , 
1/31/2020 12:26:39 AM, 3293.5, 9236, 1650.2, 327.68, 222.6, 163.93, 323.87, 172.78, 245.81, 98.02, 30.6, 63.9, 125, 64.56, 87.89, , , , , 
1/31/2020 12:26:42 AM, 3293.5, 9235.75, 1650.2, 327.68, 222.6, 163.93, 323.87, 172.78, 245.81, 98.02, 30.6, 63.9, 125, 64.56, 87.89, , , , , 
1/31/2020 12:26:45 AM, 3293.5, 9236, 1650.2, 327.68, 222.6, 163.93, 323.87, 172.78, 245.81, 98.02, 30.6, 63.9, 125, 64.56, 87.89, , , , , 
1/31/2020 12:26:48 AM, 3293.5, 9236, 1650.2, 327.68, 222.6, 163.93, 323.87, 172.78, 245.81, 98.02, 30.6, 63.9, 125, 64.56, 87.89, , , , , 
1/31/2020 12:26:51 AM, 3293.5, 9236, 1650.2, 327.68, 222.6, 163.93, 323.87, 172.78, 245.81, 98.02, 30.6, 63.9, 125, 64.56, 87.89, , , , , 
1/31/2020 12:26:54 AM, 3293.5, 9236, 1650.2, 327.68, 222.6, 163.93, 323.87, 172.78, 245.81, 98.02, 30.6, 63.9, 125, 64.56, 87.89, , , , , 
1/31/2020 12:26:57 AM, 3293.5, 9236, 1650.2, 327.68, 222.6, 163.93, 323.87, 172.78, 245.81, 98.02, 30.6, 63.9, 125, 64.56, 87.89, , , , , 
1/31/2020 12:27:00 AM, 3293.5, 9236, 1650.2, 327.68, 222.6, 163.93, 323.87, 172.78, 245.81, 98.02, 30.6, 63.9, 125, 64.56, 87.89, , , , , 
1/31/2020 12:27:03 AM, 3293.5, 9236, 1650.2, 327.68, 222.6, 163.93, 323.87, 172.78, 245.81, 98.02, 30.6, 63.9, 125, 64.56, 87.89, , , , , 
1/31/2020 12:27:06 AM, 3293.5, 9235.75, 1650.2, 327.68, 222.6, 163.93, 323.87, 172.78, 245.81, 98.02, 30.6, 63.9, 125, 64.56, 87.89, , , , , 
1/31/2020 12:27:09 AM, 3293.75, 9235.75, 1650.2, 327.68, 222.6, 163.93, 323.87, 172.78, 245.81, 98.02, 30.6, 63.9, 125, 64.56, 87.89, , , , , 
1/31/2020 12:27:12 AM, 3293.75, 9236.25, 1650.3, 327.68, 222.6, 163.93, 323.87, 172.78, 245.81, 98.02, 30.6, 63.9, 125, 64.56, 87.89, , , , , 
1/31/2020 12:27:15 AM, 3293.75, 9236.75, 1650.3, 327.68, 222.6, 163.93, 323.87, 172.78, 245.81, 98.02, 30.6, 63.9, 125, 64.56, 87.89, , , , , 
1/31/2020 12:27:18 AM, 3293.75, 9236.75, 1650.3, 327.68, 222.6, 163.93, 323.87, 172.78, 245.81, 98.02, 30.6, 63.9, 125, 64.56, 87.89, , , , , 
1/31/2020 12:27:21 AM, 3294, 9236.75, 1650.3, 327.68, 222.6, 163.93, 323.87, 172.78, 245.81, 98.02, 30.6, 63.9, 125, 64.56, 87.89, , , , , 
1/31/2020 12:27:24 AM, 3294, 9236.75, 1650.3, 327.68, 222.6, 163.93, 323.87, 172.78, 245.81, 98.02, 30.6, 63.9, 125, 64.56, 87.89, , , , , 
1/31/2020 12:27:27 AM, 3293.75, 9236.75, 1650.3, 327.68, 222.6, 163.93, 323.87, 172.78, 245.81, 98.02, 30.6, 63.9, 125, 64.56, 87.89, , , , , 
1/31/2020 12:27:30 AM, 3293.75, 9236.75, 1650.3, 327.68, 222.6, 163.93, 323.87, 172.78, 245.81, 98.02, 30.6, 63.9, 125, 64.56, 87.89, , , , , 
1/31/2020 12:27:33 AM, 3293.75, 9236.75, 1650.3, 327.68, 222.6, 163.93, 323.87, 172.78, 245.81, 98.02, 30.6, 63.9, 125, 64.56, 87.89, , , , , 
1/31/2020 12:27:36 AM, 3293.75, 9236.75, 1650.3, 327.68, 222.6, 163.93, 323.87, 172.78, 245.81, 98.02, 30.6, 63.9, 125, 64.56, 87.89, , , , , 
1/31/2020 12:27:39 AM, 3293.75, 9236, 1650.2, 327.68, 222.6, 163.93, 323.87, 172.78, 245.81, 98.02, 30.6, 63.9, 125, 64.56, 87.89, , , , , 
1/31/2020 12:27:42 AM, 3293.75, 9236, 1650.2, 327.68, 222.6, 163.93, 323.87, 172.78, 245.81, 98.02, 30.6, 63.9, 125, 64.56, 87.89, , , , , 
1/31/2020 12:27:45 AM, 3293.75, 9236.25, 1650.2, 327.68, 222.6, 163.93, 323.87, 172.78, 245.81, 98.02, 30.6, 63.9, 125, 64.56, 87.89, , , , , 
1/31/2020 12:27:48 AM, 3293.75, 9236.25, 1650.2, 327.68, 222.6, 163.93, 323.87, 172.78, 245.81, 98.02, 30.6, 63.9, 125, 64.56, 87.89, , , , , 
1/31/2020 12:27:51 AM, 3294, 9236.25, 1650.2, 327.68, 222.6, 163.93, 323.87, 172.78, 245.81, 98.02, 30.6, 63.9, 125, 64.56, 87.89, , , , , 
1/31/2020 12:27:54 AM, 3294, 9236.25, 1650.2, 327.68, 222.6, 163.93, 323.87, 172.78, 245.81, 98.02, 30.6, 63.9, 125, 64.56, 87.89, , , , , 
1/31/2020 12:27:57 AM, 3294, 9236.25, 1650.2, 327.68, 222.6, 163.93, 323.87, 172.78, 245.81, 98.02, 30.6, 63.9, 125, 64.56, 87.89, , , , , 
1/31/2020 12:28:00 AM, 3294, 9236.25, 1650.3, 327.68, 222.6, 163.93, 323.87, 172.78, 245.81, 98.02, 30.6, 63.9, 125, 64.56, 87.89, , , , , 
1/31/2020 12:28:03 AM, 3294, 9236.75, 1650.3, 327.68, 222.6, 163.93, 323.87, 172.78, 245.81, 98.02, 30.6, 63.9, 125, 64.56, 87.89, , , , , 
1/31/2020 12:28:06 AM, 3294, 9236.5, 1650.3, 327.68, 222.6, 163.93, 323.87, 172.78, 245.81, 98.02, 30.6, 63.9, 125, 64.56, 87.89, , , , , 
1/31/2020 12:28:09 AM, 3294, 9236.5, 1650.3, 327.68, 222.6, 163.93, 323.87, 172.78, 245.81, 98.02, 30.6, 63.9, 125, 64.56, 87.89, , , , , 
1/31/2020 12:28:12 AM, 3294, 9236.5, 1650.3, 327.68, 222.6, 163.93, 323.87, 172.78, 245.81, 98.02, 30.6, 63.9, 125, 64.56, 87.89, , , , , 
1/31/2020 12:28:15 AM, 3294, 9236.75, 1650.3, 327.68, 222.6, 163.93, 323.87, 172.78, 245.81, 98.02, 30.6, 63.9, 125, 64.56, 87.89, , , , , 
1/31/2020 12:28:18 AM, 3294, 9236.75, 1650.3, 327.68, 222.6, 163.93, 323.87, 172.78, 245.81, 98.02, 30.6, 63.9, 125, 64.56, 87.89, , , , , 
1/31/2020 12:28:21 AM, 3294.25, 9237.5, 1650.5, 327.68, 222.6, 163.93, 323.87, 172.78, 245.81, 98.02, 30.6, 63.9, 125, 64.56, 87.89, , , , , 
1/31/2020 12:28:24 AM, 3294.5, 9237.75, 1650.5, 327.68, 222.6, 163.93, 323.87, 172.78, 245.81, 98.02, 30.6, 63.9, 125, 64.56, 87.89, , , , , 
1/31/2020 12:28:27 AM, 3294.5, 9237.75, 1650.5, 327.68, 222.6, 163.93, 323.87, 172.78, 245.81, 98.02, 30.6, 63.9, 125, 64.56, 87.89, , , , , 
1/31/2020 12:28:30 AM, 3294.5, 9237.5, 1650.5, 327.68, 222.6, 163.93, 323.87, 172.78, 245.81, 98.02, 30.6, 63.9, 125, 64.56, 87.89, , , , , 
1/31/2020 12:28:33 AM, 3294.5, 9237.5, 1650.5, 327.68, 222.6, 163.93, 323.87, 172.78, 245.81, 98.02, 30.6, 63.9, 125, 64.56, 87.89, , , , , 
1/31/2020 12:28:37 AM, 3294.25, 9237.25, 1650.5, 327.68, 222.6, 163.93, 323.87, 172.78, 245.81, 98.02, 30.6, 63.9, 125, 64.56, 87.89, , , , , 
1/31/2020 12:28:40 AM, 3294.25, 9237.25, 1650.5, 327.68, 222.6, 163.93, 323.87, 172.78, 245.81, 98.02, 30.6, 63.9, 125, 64.56, 87.89, , , , , 
1/31/2020 12:28:43 AM, 3294.25, 9237.25, 1650.5, 327.68, 222.6, 163.93, 323.87, 172.78, 245.81, 98.02, 30.6, 63.9, 125, 64.56, 87.89, , , , , 
1/31/2020 12:28:46 AM, 3294.5, 9237.25, 1650.5, 327.68, 222.6, 163.93, 323.87, 172.78, 245.81, 98.02, 30.6, 63.9, 125, 64.56, 87.89, , , , , 
1/31/2020 12:28:49 AM, 3294.5, 9237.25, 1650.4, 327.68, 222.6, 163.93, 323.87, 172.78, 245.81, 98.02, 30.6, 63.9, 125, 64.56, 87.89, , , , , 
1/31/2020 12:28:52 AM, 3294.5, 9237.5, 1650.4, 327.68, 222.6, 163.93, 323.87, 172.78, 245.81, 98.02, 30.6, 63.9, 125, 64.56, 87.89, , , , , 
1/31/2020 12:28:55 AM, 3294.5, 9237.5, 1650.4, 327.68, 222.6, 163.93, 323.87, 172.78, 245.81, 98.02, 30.6, 63.9, 125, 64.56, 87.89, , , , , 
1/31/2020 12:28:58 AM, 3294.5, 9237.5, 1650.4, 327.68, 222.6, 163.93, 323.87, 172.78, 245.81, 98.02, 30.6, 63.9, 125, 64.56, 87.89, , , , , 
1/31/2020 12:29:01 AM, 3294.5, 9237.75, 1650.4, 327.68, 222.6, 163.93, 323.87, 172.78, 245.81, 98.02, 30.6, 63.9, 125, 64.56, 87.89, , , , , 
1/31/2020 12:29:04 AM, 3294.5, 9237.75, 1650.4, 327.68, 222.6, 163.93, 323.87, 172.78, 245.81, 98.02, 30.6, 63.9, 125, 64.56, 87.89, , , , , 
1/31/2020 12:29:07 AM, 3294.5, 9237.75, 1650.4, 327.68, 222.6, 163.93, 323.87, 172.78, 245.81, 98.02, 30.6, 63.9, 125, 64.56, 87.89, , , , , 
1/31/2020 12:29:10 AM, 3294.5, 9237.75, 1650.4, 327.68, 222.6, 163.93, 323.87, 172.78, 245.81, 98.02, 30.6, 63.9, 125, 64.56, 87.89, , , , , 
1/31/2020 12:29:13 AM, 3294.5, 9237.75, 1650.4, 327.68, 222.6, 163.93, 323.87, 172.78, 245.81, 98.02, 30.6, 63.9, 125, 64.56, 87.89, , , , , 
1/31/2020 12:29:16 AM, 3294.5, 9237.75, 1650.5, 327.68, 222.6, 163.93, 323.87, 172.78, 245.81, 98.02, 30.6, 63.9, 125, 64.56, 87.89, , , , , 
1/31/2020 12:29:19 AM, 3294.5, 9238, 1650.5, 327.68, 222.6, 163.93, 323.87, 172.78, 245.81, 98.02, 30.6, 63.9, 125, 64.56, 87.89, , , , , 
1/31/2020 12:29:22 AM, 3294.75, 9237.75, 1650.5, 327.68, 222.6, 163.93, 323.87, 172.78, 245.81, 98.02, 30.6, 63.9, 125, 64.56, 87.89, , , , , 
1/31/2020 12:29:25 AM, 3294.75, 9237.75, 1650.5, 327.68, 222.6, 163.93, 323.87, 172.78, 245.81, 98.02, 30.6, 63.9, 125, 64.56, 87.89, , , , , 
1/31/2020 12:29:28 AM, 3294.75, 9237.5, 1650.5, 327.68, 222.6, 163.93, 323.87, 172.78, 245.81, 98.02, 30.6, 63.9, 125, 64.56, 87.89, , , , , 
1/31/2020 12:29:31 AM, 3294.75, 9237.75, 1650.5, 327.68, 222.6, 163.93, 323.87, 172.78, 245.81, 98.02, 30.6, 63.9, 125, 64.56, 87.89, , , , , 
1/31/2020 12:29:34 AM, 3294.5, 9237.5, 1650.5, 327.68, 222.6, 163.93, 323.87, 172.78, 245.81, 98.02, 30.6, 63.9, 125, 64.56, 87.89, , , , , 
1/31/2020 12:29:37 AM, 3294.5, 9237.75, 1650.5, 327.68, 222.6, 163.93, 323.87, 172.78, 245.81, 98.02, 30.6, 63.9, 125, 64.56, 87.89, , , , , 
1/31/2020 12:29:40 AM, 3294.5, 9237.75, 1650.5, 327.68, 222.6, 163.93, 323.87, 172.78, 245.81, 98.02, 30.6, 63.9, 125, 64.56, 87.89, , , , , 
1/31/2020 12:29:43 AM, 3294.5, 9237.75, 1650.5, 327.68, 222.6, 163.93, 323.87, 172.78, 245.81, 98.02, 30.6, 63.9, 125, 64.56, 87.89, , , , , 
1/31/2020 12:29:46 AM, 3294.75, 9237.75, 1650.4, 327.68, 222.6, 163.93, 323.87, 172.78, 245.81, 98.02, 30.6, 63.9, 125, 64.56, 87.89, , , , , 
1/31/2020 12:29:49 AM, 3294.75, 9237.75, 1650.4, 327.68, 222.6, 163.93, 323.87, 172.78, 245.81, 98.02, 30.6, 63.9, 125, 64.56, 87.89, , , , , 
1/31/2020 12:29:52 AM, 3294.75, 9237.75, 1650.4, 327.68, 222.6, 163.93, 323.87, 172.78, 245.81, 98.02, 30.6, 63.9, 125, 64.56, 87.89, , , , , 
1/31/2020 12:29:55 AM, 3294.75, 9237.75, 1650.4, 327.68, 222.6, 163.93, 323.87, 172.78, 245.81, 98.02, 30.6, 63.9, 125, 64.56, 87.89, , , , , 
1/31/2020 12:29:58 AM, 3294.75, 9238.75, 1650.6, 327.68, 222.6, 163.93, 323.87, 172.78, 245.81, 98.02, 30.6, 63.9, 125, 64.56, 87.89, , , , , 
1/31/2020 12:30:01 AM, 3294.75, 9238.75, 1650.6, 327.68, 222.6, 163.93, 323.87, 172.78, 245.81, 98.02, 30.6, 63.9, 125, 64.56, 87.89, , , , , 
1/31/2020 12:30:04 AM, 3294.5, 9237.75, 1650.5, 327.68, 222.6, 163.93, 323.87, 172.78, 245.81, 98.02, 30.6, 63.9, 125, 64.56, 87.89, , , , , 
1/31/2020 12:30:07 AM, 3294.5, 9237.75, 1650.5, 327.68, 222.6, 163.93, 323.87, 172.78, 245.81, 98.02, 30.6, 63.9, 125, 64.56, 87.89, , , , , 
1/31/2020 12:30:10 AM, 3294.5, 9237.75, 1650.5, 327.68, 222.6, 163.93, 323.87, 172.78, 245.81, 98.02, 30.6, 63.9, 125, 64.56, 87.89, , , , , 
1/31/2020 12:30:13 AM, 3294.25, 9237, 1650.4, 327.68, 222.6, 163.93, 323.87, 172.78, 245.81, 98.02, 30.6, 63.9, 125, 64.56, 87.89, , , , , 
1/31/2020 12:30:16 AM, 3294.25, 9237, 1650.4, 327.68, 222.6, 163.93, 323.87, 172.78, 245.81, 98.02, 30.6, 63.9, 125, 64.56, 87.89, , , , , 
1/31/2020 12:30:19 AM, 3294.5, 9237.25, 1650.4, 327.68, 222.6, 163.93, 323.87, 172.78, 245.81, 98.02, 30.6, 63.9, 125, 64.56, 87.89, , , , , 
1/31/2020 12:30:22 AM, 3294.5, 9237.25, 1650.4, 327.68, 222.6, 163.93, 323.87, 172.78, 245.81, 98.02, 30.6, 63.9, 125, 64.56, 87.89, , , , , 
1/31/2020 12:30:25 AM, 3294.25, 9237.75, 1650.6, 327.68, 222.6, 163.93, 323.87, 172.78, 245.81, 98.02, 30.6, 63.9, 125, 64.56, 87.89, , , , , 
1/31/2020 12:30:28 AM, 3294.25, 9237.75, 1650.6, 327.68, 222.6, 163.93, 323.87, 172.78, 245.81, 98.02, 30.6, 63.9, 125, 64.56, 87.89, , , , , 
1/31/2020 12:30:31 AM, 3294.5, 9237.75, 1650.6, 327.68, 222.6, 163.93, 323.87, 172.78, 245.81, 98.02, 30.6, 63.9, 125, 64.56, 87.89, , , , , 
1/31/2020 12:30:34 AM, 3294.5, 9237.75, 1650.6, 327.68, 222.6, 163.93, 323.87, 172.78, 245.81, 98.02, 30.6, 63.9, 125, 64.56, 87.89, , , , , 
1/31/2020 12:30:37 AM, 3294.5, 9237.75, 1650.6, 327.68, 222.6, 163.93, 323.87, 172.78, 245.81, 98.02, 30.6, 63.9, 125, 64.56, 87.89, , , , , 
1/31/2020 12:30:40 AM, 3294.25, 9237.75, 1650.6, 327.68, 222.6, 163.93, 323.87, 172.78, 245.81, 98.02, 30.6, 63.9, 125, 64.56, 87.89, , , , , 
1/31/2020 12:30:43 AM, 3294.25, 9237.75, 1650.6, 327.68, 222.6, 163.93, 323.87, 172.78, 245.81, 98.02, 30.6, 63.9, 125, 64.56, 87.89, , , , , 
1/31/2020 12:30:46 AM, 3294.5, 9237.75, 1650.6, 327.68, 222.6, 163.93, 323.87, 172.78, 245.81, 98.02, 30.6, 63.9, 125, 64.56, 87.89, , , , , 
1/31/2020 12:30:49 AM, 3294.5, 9237.75, 1650.6, 327.68, 222.6, 163.93, 323.87, 172.78, 245.81, 98.02, 30.6, 63.9, 125, 64.56, 87.89, , , , , 
1/31/2020 12:30:52 AM, 3294.5, 9237, 1650.6, 327.68, 222.6, 163.93, 323.87, 172.78, 245.81, 98.02, 30.6, 63.9, 125, 64.56, 87.89, , , , , 
1/31/2020 12:30:55 AM, 3294.5, 9237, 1650.6, 327.68, 222.6, 163.93, 323.87, 172.78, 245.81, 98.02, 30.6, 63.9, 125, 64.56, 87.89, , , , , 
1/31/2020 12:30:58 AM, 3294.5, 9237.75, 1650.6, 327.68, 222.6, 163.93, 323.87, 172.78, 245.81, 98.02, 30.6, 63.9, 125, 64.56, 87.89, , , , , 
1/31/2020 12:31:01 AM, 3294.5, 9237.5, 1650.6, 327.68, 222.6, 163.93, 323.87, 172.78, 245.81, 98.02, 30.6, 63.9, 125, 64.56, 87.89, , , , , 
1/31/2020 12:31:04 AM, 3294.5, 9237.5, 1650.6, 327.68, 222.6, 163.93, 323.87, 172.78, 245.81, 98.02, 30.6, 63.9, 125, 64.56, 87.89, , , , , 
1/31/2020 12:31:08 AM, 3294.5, 9237.5, 1650.6, 327.68, 222.6, 163.93, 323.87, 172.78, 245.81, 98.02, 30.6, 63.9, 125, 64.56, 87.89, , , , , 
1/31/2020 12:31:11 AM, 3294.5, 9237.5, 1650.6, 327.68, 222.6, 163.93, 323.87, 172.78, 245.81, 98.02, 30.6, 63.9, 125, 64.56, 87.89, , , , , 
1/31/2020 12:31:14 AM, 3294.5, 9237.5, 1650.6, 327.68, 222.6, 163.93, 323.87, 172.78, 245.81, 98.02, 30.6, 63.9, 125, 64.56, 87.89, , , , , 
1/31/2020 12:31:17 AM, 3294.5, 9237.5, 1650.6, 327.68, 222.6, 163.93, 323.87, 172.78, 245.81, 98.02, 30.6, 63.9, 125, 64.56, 87.89, , , , , 
1/31/2020 12:31:20 AM, 3294.5, 9237.5, 1650.6, 327.68, 222.6, 163.93, 323.87, 172.78, 245.81, 98.02, 30.6, 63.9, 125, 64.56, 87.89, , , , , 
1/31/2020 12:31:23 AM, 3294.5, 9237.5, 1650.6, 327.68, 222.6, 163.93, 323.87, 172.78, 245.81, 98.02, 30.6, 63.9, 125, 64.56, 87.89, , , , , 
1/31/2020 12:31:26 AM, 3294.5, 9237.5, 1650.6, 327.68, 222.6, 163.93, 323.87, 172.78, 245.81, 98.02, 30.6, 63.9, 125, 64.56, 87.89, , , , , 
1/31/2020 12:31:29 AM, 3294.5, 9237.5, 1650.6, 327.68, 222.6, 163.93, 323.87, 172.78, 245.81, 98.02, 30.6, 63.9, 125, 64.56, 87.89, , , , , 
1/31/2020 12:31:32 AM, 3294.5, 9237.5, 1650.6, 327.68, 222.6, 163.93, 323.87, 172.78, 245.81, 98.02, 30.6, 63.9, 125, 64.56, 87.89, , , , , 
1/31/2020 12:31:35 AM, 3294.25, 9237.5, 1650.7, 327.68, 222.6, 163.93, 323.87, 172.78, 245.81, 98.02, 30.6, 63.9, 125, 64.56, 87.89, , , , , 
1/31/2020 12:31:38 AM, 3294.25, 9237.5, 1650.7, 327.68, 222.6, 163.93, 323.87, 172.78, 245.81, 98.02, 30.6, 63.9, 125, 64.56, 87.89, , , , , 
1/31/2020 12:31:41 AM, 3294.75, 9237.5, 1650.7, 327.68, 222.6, 163.93, 323.87, 172.78, 245.81, 98.02, 30.6, 63.9, 125, 64.56, 87.89, , , , , 
1/31/2020 12:31:44 AM, 3294.75, 9237.5, 1650.7, 327.68, 222.6, 163.93, 323.87, 172.78, 245.81, 98.02, 30.6, 63.9, 125, 64.56, 87.89, , , , , 
1/31/2020 12:31:47 AM, 3294.75, 9238.5, 1650.7, 327.68, 222.6, 163.93, 323.87, 172.78, 245.81, 98.02, 30.6, 63.9, 125, 64.56, 87.89, , , , , 
1/31/2020 12:31:50 AM, 3294.75, 9238.5, 1650.7, 327.68, 222.6, 163.93, 323.87, 172.78, 245.81, 98.02, 30.6, 63.9, 125, 64.56, 87.89, , , , , 
1/31/2020 12:31:53 AM, 3294.5, 9238.25, 1650.7, 327.68, 222.6, 163.93, 323.87, 172.78, 245.81, 98.02, 30.6, 63.9, 125, 64.56, 87.89, , , , , 
1/31/2020 12:31:56 AM, 3294.5, 9238.25, 1650.7, 327.68, 222.6, 163.93, 323.87, 172.78, 245.81, 98.02, 30.6, 63.9, 125, 64.56, 87.89, , , , , 
1/31/2020 12:31:59 AM, 3294.5, 9237.5, 1650.7, 327.68, 222.6, 163.93, 323.87, 172.78, 245.81, 98.02, 30.6, 63.9, 125, 64.56, 87.89, , , , , 
1/31/2020 12:32:02 AM, 3294.25, 9237.25, 1650.7, 327.68, 222.6, 163.93, 323.87, 172.78, 245.81, 98.02, 30.6, 63.9, 125, 64.56, 87.89, , , , , 
1/31/2020 12:32:05 AM, 3294.25, 9237.25, 1650.7, 327.68, 222.6, 163.93, 323.87, 172.78, 245.81, 98.02, 30.6, 63.9, 125, 64.56, 87.89, , , , , 
1/31/2020 12:32:08 AM, 3294.25, 9237.25, 1650.7, 327.68, 222.6, 163.93, 323.87, 172.78, 245.81, 98.02, 30.6, 63.9, 125, 64.56, 87.89, , , , , 
1/31/2020 12:32:11 AM, 3294.25, 9237.25, 1650.7, 327.68, 222.6, 163.93, 323.87, 172.78, 245.81, 98.02, 30.6, 63.9, 125, 64.56, 87.89, , , , , 
1/31/2020 12:32:14 AM, 3294.25, 9237.25, 1650.7, 327.68, 222.6, 163.93, 323.87, 172.78, 245.81, 98.02, 30.6, 63.9, 125, 64.56, 87.89, , , , , 
1/31/2020 12:32:17 AM, 3294, 9237, 1650.7, 327.68, 222.6, 163.93, 323.87, 172.78, 245.81, 98.02, 30.6, 63.9, 125, 64.56, 87.89, , , , , 
1/31/2020 12:32:20 AM, 3294, 9236.75, 1650.5, 327.68, 222.6, 163.93, 323.87, 172.78, 245.81, 98.02, 30.6, 63.9, 125, 64.56, 87.89, , , , , 
1/31/2020 12:32:23 AM, 3293.75, 9236.5, 1650.5, 327.68, 222.6, 163.93, 323.87, 172.78, 245.81, 98.02, 30.6, 63.9, 125, 64.56, 87.89, , , , , 
1/31/2020 12:32:26 AM, 3293.75, 9236.25, 1650.5, 327.68, 222.6, 163.93, 323.87, 172.78, 245.81, 98.02, 30.6, 63.9, 125, 64.56, 87.89, , , , , 
1/31/2020 12:32:29 AM, 3294, 9236, 1650.5, 327.68, 222.6, 163.93, 323.87, 172.78, 245.81, 98.02, 30.6, 63.9, 125, 64.56, 87.89, , , , , 
1/31/2020 12:32:32 AM, 3294, 9236, 1650.5, 327.68, 222.6, 163.93, 323.87, 172.78, 245.81, 98.02, 30.6, 63.9, 125, 64.56, 87.89, , , , , 
1/31/2020 12:32:35 AM, 3294, 9236, 1650.5, 327.68, 222.6, 163.93, 323.87, 172.78, 245.81, 98.02, 30.6, 63.9, 125, 64.56, 87.89, , , , , 
1/31/2020 12:32:38 AM, 3294, 9236, 1650.5, 327.68, 222.6, 163.93, 323.87, 172.78, 245.81, 98.02, 30.6, 63.9, 125, 64.56, 87.89, , , , , 
1/31/2020 12:32:41 AM, 3294, 9236.5, 1650.5, 327.68, 222.6, 163.93, 323.87, 172.78, 245.81, 98.02, 30.6, 63.9, 125, 64.56, 87.89, , , , , 
1/31/2020 12:32:44 AM, 3294, 9236.5, 1650.5, 327.68, 222.6, 163.93, 323.87, 172.78, 245.81, 98.02, 30.6, 63.9, 125, 64.56, 87.89, , , , , 
1/31/2020 12:32:47 AM, 3294, 9236.5, 1650.5, 327.68, 222.6, 163.93, 323.87, 172.78, 245.81, 98.02, 30.6, 63.9, 125, 64.56, 87.89, , , , , 
1/31/2020 12:32:50 AM, 3293.75, 9235.75, 1650.5, 327.68, 222.6, 163.93, 323.87, 172.78, 245.81, 98.02, 30.6, 63.9, 125, 64.56, 87.89, , , , , 
1/31/2020 12:32:53 AM, 3293.75, 9235.75, 1650.5, 327.68, 222.6, 163.93, 323.87, 172.78, 245.81, 98.02, 30.6, 63.9, 125, 64.56, 87.89, , , , , 
1/31/2020 12:32:56 AM, 3293.75, 9235.75, 1650.5, 327.68, 222.6, 163.93, 323.87, 172.78, 245.81, 98.02, 30.6, 63.9, 125, 64.56, 87.89, , , , , 
1/31/2020 12:32:59 AM, 3293.75, 9235.25, 1650.5, 327.68, 222.6, 163.93, 323.87, 172.78, 245.81, 98.02, 30.6, 63.9, 125, 64.56, 87.89, , , , , 
1/31/2020 12:33:02 AM, 3293.5, 9235.5, 1650.5, 327.68, 222.6, 163.93, 323.87, 172.78, 245.81, 98.02, 30.6, 63.9, 125, 64.56, 87.89, , , , , 
1/31/2020 12:33:05 AM, 3293.5, 9235.25, 1650.5, 327.68, 222.6, 163.93, 323.87, 172.78, 245.81, 98.02, 30.6, 63.9, 125, 64.56, 87.89, , , , , 
1/31/2020 12:33:08 AM, 3293.5, 9235.25, 1650.5, 327.68, 222.6, 163.93, 323.87, 172.78, 245.81, 98.02, 30.6, 63.9, 125, 64.56, 87.89, , , , , 
1/31/2020 12:33:11 AM, 3293.5, 9235.25, 1650.5, 327.68, 222.6, 163.93, 323.87, 172.78, 245.81, 98.02, 30.6, 63.9, 125, 64.56, 87.89, , , , , 
1/31/2020 12:33:14 AM, 3293.5, 9235.25, 1650.5, 327.68, 222.6, 163.93, 323.87, 172.78, 245.81, 98.02, 30.6, 63.9, 125, 64.56, 87.89, , , , , 
1/31/2020 12:33:17 AM, 3293.5, 9235.25, 1650.5, 327.68, 222.6, 163.93, 323.87, 172.78, 245.81, 98.02, 30.6, 63.9, 125, 64.56, 87.89, , , , , 
1/31/2020 12:33:20 AM, 3293.5, 9235.25, 1650.5, 327.68, 222.6, 163.93, 323.87, 172.78, 245.81, 98.02, 30.6, 63.9, 125, 64.56, 87.89, , , , , 
1/31/2020 12:33:23 AM, 3293.5, 9235.25, 1650.5, 327.68, 222.6, 163.93, 323.87, 172.78, 245.81, 98.02, 30.6, 63.9, 125, 64.56, 87.89, , , , , 
1/31/2020 12:33:26 AM, 3293.5, 9235.25, 1650.5, 327.68, 222.6, 163.93, 323.87, 172.78, 245.81, 98.02, 30.6, 63.9, 125, 64.56, 87.89, , , , , 
1/31/2020 12:33:29 AM, 3293.5, 9235, 1650.5, 327.68, 222.6, 163.93, 323.87, 172.78, 245.81, 98.02, 30.6, 63.9, 125, 64.56, 87.89, , , , , 
1/31/2020 12:33:33 AM, 3293.5, 9235, 1650.5, 327.68, 222.6, 163.93, 323.87, 172.78, 245.81, 98.02, 30.6, 63.9, 125, 64.56, 87.89, , , , , 
1/31/2020 12:33:36 AM, 3293.5, 9235.25, 1650.5, 327.68, 222.6, 163.93, 323.87, 172.78, 245.81, 98.02, 30.6, 63.9, 125, 64.56, 87.89, , , , , 
1/31/2020 12:33:39 AM, 3293.5, 9235.25, 1650.5, 327.68, 222.6, 163.93, 323.87, 172.78, 245.81, 98.02, 30.6, 63.9, 125, 64.56, 87.89, , , , , 
1/31/2020 12:33:42 AM, 3293.5, 9235, 1650.5, 327.68, 222.6, 163.93, 323.87, 172.78, 245.81, 98.02, 30.6, 63.9, 125, 64.56, 87.89, , , , , 
1/31/2020 12:33:45 AM, 3293.5, 9235, 1650.5, 327.68, 222.6, 163.93, 323.87, 172.78, 245.81, 98.02, 30.6, 63.9, 125, 64.56, 87.89, , , , , 
1/31/2020 12:33:48 AM, 3293.5, 9235, 1650.5, 327.68, 222.6, 163.93, 323.87, 172.78, 245.81, 98.02, 30.6, 63.9, 125, 64.56, 87.89, , , , , 
1/31/2020 12:33:51 AM, 3293.5, 9235, 1650.5, 327.68, 222.6, 163.93, 323.87, 172.78, 245.81, 98.02, 30.6, 63.9, 125, 64.56, 87.89, , , , , 
1/31/2020 12:33:54 AM, 3293.5, 9235, 1650.5, 327.68, 222.6, 163.93, 323.87, 172.78, 245.81, 98.02, 30.6, 63.9, 125, 64.56, 87.89, , , , , 
1/31/2020 12:33:57 AM, 3293.5, 9235, 1650.5, 327.68, 222.6, 163.93, 323.87, 172.78, 245.81, 98.02, 30.6, 63.9, 125, 64.56, 87.89, , , , , 
1/31/2020 12:34:00 AM, 3293.5, 9235, 1650.5, 327.68, 222.6, 163.93, 323.87, 172.78, 245.81, 98.02, 30.6, 63.9, 125, 64.56, 87.89, , , , , 
1/31/2020 12:34:03 AM, 3293.5, 9235, 1650.5, 327.68, 222.6, 163.93, 323.87, 172.78, 245.81, 98.02, 30.6, 63.9, 125, 64.56, 87.89, , , , , 
1/31/2020 12:34:06 AM, 3293.5, 9236, 1650.5, 327.68, 222.6, 163.93, 323.87, 172.78, 245.81, 98.02, 30.6, 63.9, 125, 64.56, 87.89, , , , , 
1/31/2020 12:34:09 AM, 3293.5, 9235.5, 1650.4, 327.68, 222.6, 163.93, 323.87, 172.78, 245.81, 98.02, 30.6, 63.9, 125, 64.56, 87.89, , , , , 
1/31/2020 12:34:12 AM, 3293.5, 9235.5, 1650.3, 327.68, 222.6, 163.93, 323.87, 172.78, 245.81, 98.02, 30.6, 63.9, 125, 64.56, 87.89, , , , , 
1/31/2020 12:34:15 AM, 3293.5, 9235.5, 1650.3, 327.68, 222.6, 163.93, 323.87, 172.78, 245.81, 98.02, 30.6, 63.9, 125, 64.56, 87.89, , , , , 
1/31/2020 12:34:18 AM, 3293.5, 9235.5, 1650.3, 327.68, 222.6, 163.93, 323.87, 172.78, 245.81, 98.02, 30.6, 63.9, 125, 64.56, 87.89, , , , , 
1/31/2020 12:34:21 AM, 3293.5, 9235.25, 1650.3, 327.68, 222.6, 163.93, 323.87, 172.78, 245.81, 98.02, 30.6, 63.9, 125, 64.56, 87.89, , , , , 
1/31/2020 12:34:24 AM, 3293.5, 9234.75, 1650.3, 327.68, 222.6, 163.93, 323.87, 172.78, 245.81, 98.02, 30.6, 63.9, 125, 64.56, 87.89, , , , , 
1/31/2020 12:34:27 AM, 3293.5, 9234.75, 1650.3, 327.68, 222.6, 163.93, 323.87, 172.78, 245.81, 98.02, 30.6, 63.9, 125, 64.56, 87.89, , , , , 
1/31/2020 12:34:30 AM, 3293.5, 9234.75, 1650.3, 327.68, 222.6, 163.93, 323.87, 172.78, 245.81, 98.02, 30.6, 63.9, 125, 64.56, 87.89, , , , , 
1/31/2020 12:34:33 AM, 3293.5, 9234.75, 1650.3, 327.68, 222.6, 163.93, 323.87, 172.78, 245.81, 98.02, 30.6, 63.9, 125, 64.56, 87.89, , , , , 
1/31/2020 12:34:36 AM, 3293.5, 9235, 1650.2, 327.68, 222.6, 163.93, 323.87, 172.78, 245.81, 98.02, 30.6, 63.9, 125, 64.56, 87.89, , , , , 
1/31/2020 12:34:50 AM, 3293.75, 9235, 1650.3, 327.68, 222.6, 163.93, 323.87, 172.78, 245.81, 98.02, 30.6, 63.9, 125, 64.56, 87.89, , , , , 
1/31/2020 12:34:53 AM, 3293.75, 9235, 1650.3, 327.68, 222.6, 163.93, 323.87, 172.78, 245.81, 98.02, 30.6, 63.9, 125, 64.56, 87.89, , , , , 
1/31/2020 12:34:56 AM, 3293.75, 9235.5, 1650.3, 327.68, 222.6, 163.93, 323.87, 172.78, 245.81, 98.02, 30.6, 63.9, 125, 64.56, 87.89, , , , , 
1/31/2020 12:34:59 AM, 3293.75, 9235.5, 1650.3, 327.68, 222.6, 163.93, 323.87, 172.78, 245.81, 98.02, 30.6, 63.9, 125, 64.56, 87.89, , , , , 
1/31/2020 12:35:02 AM, 3293.75, 9235.5, 1650.3, 327.68, 222.6, 163.93, 323.87, 172.78, 245.81, 98.02, 30.6, 63.9, 125, 64.56, 87.89, , , , , 
1/31/2020 12:35:05 AM, 3293.75, 9235.5, 1650.3, 327.68, 222.6, 163.93, 323.87, 172.78, 245.81, 98.02, 30.6, 63.9, 125, 64.56, 87.89, , , , , 
1/31/2020 12:35:08 AM, 3293.75, 9235.5, 1650.3, 327.68, 222.6, 163.93, 323.87, 172.78, 245.81, 98.02, 30.6, 63.9, 125, 64.56, 87.89, , , , , 
1/31/2020 12:35:11 AM, 3293.75, 9235.5, 1650.3, 327.68, 222.6, 163.93, 323.87, 172.78, 245.81, 98.02, 30.6, 63.9, 125, 64.56, 87.89, , , , , 
1/31/2020 12:35:14 AM, 3293.75, 9235.5, 1650.3, 327.68, 222.6, 163.93, 323.87, 172.78, 245.81, 98.02, 30.6, 63.9, 125, 64.56, 87.89, , , , , 
1/31/2020 12:35:17 AM, 3293.75, 9235.5, 1650.3, 327.68, 222.6, 163.93, 323.87, 172.78, 245.81, 98.02, 30.6, 63.9, 125, 64.56, 87.89, , , , , 
1/31/2020 12:35:20 AM, 3293.75, 9235.5, 1650.4, 327.68, 222.6, 163.93, 323.87, 172.78, 245.81, 98.02, 30.6, 63.9, 125, 64.56, 87.89, , , , , 
1/31/2020 12:35:23 AM, 3293.75, 9235.5, 1650.4, 327.68, 222.6, 163.93, 323.87, 172.78, 245.81, 98.02, 30.6, 63.9, 125, 64.56, 87.89, , , , , 
1/31/2020 12:35:26 AM, 3293.75, 9235.5, 1650.4, 327.68, 222.6, 163.93, 323.87, 172.78, 245.81, 98.02, 30.6, 63.9, 125, 64.56, 87.89, , , , , 
1/31/2020 12:35:29 AM, 3293.75, 9235, 1650.4, 327.68, 222.6, 163.93, 323.87, 172.78, 245.81, 98.02, 30.6, 63.9, 125, 64.56, 87.89, , , , , 
1/31/2020 12:35:32 AM, 3293.75, 9235, 1650.4, 327.68, 222.6, 163.93, 323.87, 172.78, 245.81, 98.02, 30.6, 63.9, 125, 64.56, 87.89, , , , , 
1/31/2020 12:35:35 AM, 3293.75, 9235, 1650.4, 327.68, 222.6, 163.93, 323.87, 172.78, 245.81, 98.02, 30.6, 63.9, 125, 64.56, 87.89, , , , , 
1/31/2020 12:35:38 AM, 3293.75, 9235, 1650.4, 327.68, 222.6, 163.93, 323.87, 172.78, 245.81, 98.02, 30.6, 63.9, 125, 64.56, 87.89, , , , , 
1/31/2020 12:35:41 AM, 3293.75, 9235, 1650.4, 327.68, 222.6, 163.93, 323.87, 172.78, 245.81, 98.02, 30.6, 63.9, 125, 64.56, 87.89, , , , , 
1/31/2020 12:35:44 AM, 3293.75, 9235, 1650.2, 327.68, 222.6, 163.93, 323.87, 172.78, 245.81, 98.02, 30.6, 63.9, 125, 64.56, 87.89, , , , , 
1/31/2020 12:35:47 AM, 3293.75, 9235, 1650.2, 327.68, 222.6, 163.93, 323.87, 172.78, 245.81, 98.02, 30.6, 63.9, 125, 64.56, 87.89, , , , , 
1/31/2020 12:35:50 AM, 3293.75, 9235, 1650.2, 327.68, 222.6, 163.93, 323.87, 172.78, 245.81, 98.02, 30.6, 63.9, 125, 64.56, 87.89, , , , , 
1/31/2020 12:35:53 AM, 3293.5, 9235, 1650.2, 327.68, 222.6, 163.93, 323.87, 172.78, 245.81, 98.02, 30.6, 63.9, 125, 64.56, 87.89, , , , , 
1/31/2020 12:35:56 AM, 3293.5, 9234.5, 1650.2, 327.68, 222.6, 163.93, 323.87, 172.78, 245.81, 98.02, 30.6, 63.9, 125, 64.56, 87.89, , , , , 
1/31/2020 12:35:59 AM, 3293.5, 9235, 1650.2, 327.68, 222.6, 163.93, 323.87, 172.78, 245.81, 98.02, 30.6, 63.9, 125, 64.56, 87.89, , , , , 
1/31/2020 12:36:02 AM, 3293.5, 9235, 1650.2, 327.68, 222.6, 163.93, 323.87, 172.78, 245.81, 98.02, 30.6, 63.9, 125, 64.56, 87.89, , , , , 
1/31/2020 12:36:05 AM, 3293.5, 9234.5, 1650.2, 327.68, 222.6, 163.93, 323.87, 172.78, 245.81, 98.02, 30.6, 63.9, 125, 64.56, 87.89, , , , , 
1/31/2020 12:36:08 AM, 3293.5, 9234.5, 1650.2, 327.68, 222.6, 163.93, 323.87, 172.78, 245.81, 98.02, 30.6, 63.9, 125, 64.56, 87.89, , , , , 
1/31/2020 12:36:12 AM, 3293.5, 9235.25, 1650.2, 327.68, 222.6, 163.93, 323.87, 172.78, 245.81, 98.02, 30.6, 63.9, 125, 64.56, 87.89, , , , , 
1/31/2020 12:36:15 AM, 3293.5, 9235.25, 1650.2, 327.68, 222.6, 163.93, 323.87, 172.78, 245.81, 98.02, 30.6, 63.9, 125, 64.56, 87.89, , , , , 
1/31/2020 12:36:18 AM, 3293.5, 9235.25, 1650.2, 327.68, 222.6, 163.93, 323.87, 172.78, 245.81, 98.02, 30.6, 63.9, 125, 64.56, 87.89, , , , , 
1/31/2020 12:36:21 AM, 3293.5, 9235.25, 1650.2, 327.68, 222.6, 163.93, 323.87, 172.78, 245.81, 98.02, 30.6, 63.9, 125, 64.56, 87.89, , , , , 
1/31/2020 12:36:24 AM, 3293.5, 9235.25, 1650.2, 327.68, 222.6, 163.93, 323.87, 172.78, 245.81, 98.02, 30.6, 63.9, 125, 64.56, 87.89, , , , , 
1/31/2020 12:36:27 AM, 3293.5, 9235.25, 1650.2, 327.68, 222.6, 163.93, 323.87, 172.78, 245.81, 98.02, 30.6, 63.9, 125, 64.56, 87.89, , , , , 
1/31/2020 12:36:30 AM, 3293.5, 9235, 1650.2, 327.68, 222.6, 163.93, 323.87, 172.78, 245.81, 98.02, 30.6, 63.9, 125, 64.56, 87.89, , , , , 
1/31/2020 12:36:33 AM, 3293.5, 9235.25, 1650.2, 327.68, 222.6, 163.93, 323.87, 172.78, 245.81, 98.02, 30.6, 63.9, 125, 64.56, 87.89, , , , , 
1/31/2020 12:36:36 AM, 3293.5, 9235.25, 1650.2, 327.68, 222.6, 163.93, 323.87, 172.78, 245.81, 98.02, 30.6, 63.9, 125, 64.56, 87.89, , , , , 
1/31/2020 12:36:39 AM, 3293.5, 9235.5, 1650.4, 327.68, 222.6, 163.93, 323.87, 172.78, 245.81, 98.02, 30.6, 63.9, 125, 64.56, 87.89, , , , , 
1/31/2020 12:36:42 AM, 3293.5, 9235.5, 1650.4, 327.68, 222.6, 163.93, 323.87, 172.78, 245.81, 98.02, 30.6, 63.9, 125, 64.56, 87.89, , , , , 
1/31/2020 12:36:45 AM, 3293.75, 9235, 1650.4, 327.68, 222.6, 163.93, 323.87, 172.78, 245.81, 98.02, 30.6, 63.9, 125, 64.56, 87.89, , , , , 
1/31/2020 12:36:48 AM, 3293.75, 9234.75, 1650.4, 327.68, 222.6, 163.93, 323.87, 172.78, 245.81, 98.02, 30.6, 63.9, 125, 64.56, 87.89, , , , , 
1/31/2020 12:36:51 AM, 3293.5, 9234.75, 1650.4, 327.68, 222.6, 163.93, 323.87, 172.78, 245.81, 98.02, 30.6, 63.9, 125, 64.56, 87.89, , , , , 
1/31/2020 12:36:54 AM, 3293.5, 9235, 1650.3, 327.68, 222.6, 163.93, 323.87, 172.78, 245.81, 98.02, 30.6, 63.9, 125, 64.56, 87.89, , , , , 
1/31/2020 12:36:57 AM, 3293.5, 9235, 1650.3, 327.68, 222.6, 163.93, 323.87, 172.78, 245.81, 98.02, 30.6, 63.9, 125, 64.56, 87.89, , , , , 
1/31/2020 12:37:00 AM, 3293.5, 9235, 1650.3, 327.68, 222.6, 163.93, 323.87, 172.78, 245.81, 98.02, 30.6, 63.9, 125, 64.56, 87.89, , , , , 
1/31/2020 12:37:03 AM, 3293.5, 9235, 1650.3, 327.68, 222.6, 163.93, 323.87, 172.78, 245.81, 98.02, 30.6, 63.9, 125, 64.56, 87.89, , , , , 
1/31/2020 12:37:06 AM, 3293.5, 9235, 1650.3, 327.68, 222.6, 163.93, 323.87, 172.78, 245.81, 98.02, 30.6, 63.9, 125, 64.56, 87.89, , , , , 
1/31/2020 12:37:09 AM, 3293.5, 9235, 1650.3, 327.68, 222.6, 163.93, 323.87, 172.78, 245.81, 98.02, 30.6, 63.9, 125, 64.56, 87.89, , , , , 
1/31/2020 12:37:12 AM, 3293.5, 9235.25, 1650.3, 327.68, 222.6, 163.93, 323.87, 172.78, 245.81, 98.02, 30.6, 63.9, 125, 64.56, 87.89, , , , , 
1/31/2020 12:37:15 AM, 3293.5, 9235.25, 1650.3, 327.68, 222.6, 163.93, 323.87, 172.78, 245.81, 98.02, 30.6, 63.9, 125, 64.56, 87.89, , , , , 
1/31/2020 12:37:18 AM, 3293.75, 9235.5, 1650.3, 327.68, 222.6, 163.93, 323.87, 172.78, 245.81, 98.02, 30.6, 63.9, 125, 64.56, 87.89, , , , , 
1/31/2020 12:37:21 AM, 3293.75, 9235.5, 1650.3, 327.68, 222.6, 163.93, 323.87, 172.78, 245.81, 98.02, 30.6, 63.9, 125, 64.56, 87.89, , , , , 
1/31/2020 12:37:24 AM, 3293.75, 9235.25, 1650.3, 327.68, 222.6, 163.93, 323.87, 172.78, 245.81, 98.02, 30.6, 63.9, 125, 64.56, 87.89, , , , , 
1/31/2020 12:37:27 AM, 3293.75, 9235.25, 1650.3, 327.68, 222.6, 163.93, 323.87, 172.78, 245.81, 98.02, 30.6, 63.9, 125, 64.56, 87.89, , , , , 
1/31/2020 12:37:30 AM, 3293.5, 9235, 1650.3, 327.68, 222.6, 163.93, 323.87, 172.78, 245.81, 98.02, 30.6, 63.9, 125, 64.56, 87.89, , , , , 
1/31/2020 12:37:33 AM, 3293.5, 9235, 1650.3, 327.68, 222.6, 163.93, 323.87, 172.78, 245.81, 98.02, 30.6, 63.9, 125, 64.56, 87.89, , , , , 
1/31/2020 12:37:36 AM, 3293.5, 9235, 1650.3, 327.68, 222.6, 163.93, 323.87, 172.78, 245.81, 98.02, 30.6, 63.9, 125, 64.56, 87.89, , , , , 
1/31/2020 12:37:39 AM, 3293.25, 9233.75, 1650.3, 327.68, 222.6, 163.93, 323.87, 172.78, 245.81, 98.02, 30.6, 63.9, 125, 64.56, 87.89, , , , , 
1/31/2020 12:37:42 AM, 3293.25, 9233.75, 1650.3, 327.68, 222.6, 163.93, 323.87, 172.78, 245.81, 98.02, 30.6, 63.9, 125, 64.56, 87.89, , , , , 
1/31/2020 12:37:45 AM, 3293.25, 9233.5, 1650.3, 327.68, 222.6, 163.93, 323.87, 172.78, 245.81, 98.02, 30.6, 63.9, 125, 64.56, 87.89, , , , , 
1/31/2020 12:37:48 AM, 3293.25, 9234, 1650.3, 327.68, 222.6, 163.93, 323.87, 172.78, 245.81, 98.02, 30.6, 63.9, 125, 64.56, 87.89, , , , , 
1/31/2020 12:37:51 AM, 3293.25, 9234, 1650.3, 327.68, 222.6, 163.93, 323.87, 172.78, 245.81, 98.02, 30.6, 63.9, 125, 64.56, 87.89, , , , , 
1/31/2020 12:37:54 AM, 3293.25, 9233.75, 1650.1, 327.68, 222.6, 163.93, 323.87, 172.78, 245.81, 98.02, 30.6, 63.9, 125, 64.56, 87.89, , , , , 
1/31/2020 12:37:57 AM, 3293.25, 9233.75, 1650.1, 327.68, 222.6, 163.93, 323.87, 172.78, 245.81, 98.02, 30.6, 63.9, 125, 64.56, 87.89, , , , , 
1/31/2020 12:38:00 AM, 3293.25, 9233.5, 1650.1, 327.68, 222.6, 163.93, 323.87, 172.78, 245.81, 98.02, 30.6, 63.9, 125, 64.56, 87.89, , , , , 
1/31/2020 12:38:03 AM, 3293.25, 9234, 1649.9, 327.68, 222.6, 163.93, 323.87, 172.78, 245.81, 98.02, 30.6, 63.9, 125, 64.56, 87.89, , , , , 
1/31/2020 12:38:06 AM, 3293.25, 9234, 1649.9, 327.68, 222.6, 163.93, 323.87, 172.78, 245.81, 98.02, 30.6, 63.9, 125, 64.56, 87.89, , , , , 
1/31/2020 12:38:09 AM, 3293.25, 9234.25, 1649.9, 327.68, 222.6, 163.93, 323.87, 172.78, 245.81, 98.02, 30.6, 63.9, 125, 64.56, 87.89, , , , , 
1/31/2020 12:38:12 AM, 3293.25, 9233.75, 1649.9, 327.68, 222.6, 163.93, 323.87, 172.78, 245.81, 98.02, 30.6, 63.9, 125, 64.56, 87.89, , , , , 
1/31/2020 12:38:15 AM, 3293.25, 9233.75, 1649.9, 327.68, 222.6, 163.93, 323.87, 172.78, 245.81, 98.02, 30.6, 63.9, 125, 64.56, 87.89, , , , , 
1/31/2020 12:38:18 AM, 3293.25, 9234, 1649.9, 327.68, 222.6, 163.93, 323.87, 172.78, 245.81, 98.02, 30.6, 63.9, 125, 64.56, 87.89, , , , , 
1/31/2020 12:38:21 AM, 3293.25, 9234, 1649.9, 327.68, 222.6, 163.93, 323.87, 172.78, 245.81, 98.02, 30.6, 63.9, 125, 64.56, 87.89, , , , , 
1/31/2020 12:38:24 AM, 3293.25, 9234, 1650.2, 327.68, 222.6, 163.93, 323.87, 172.78, 245.81, 98.02, 30.6, 63.9, 125, 64.56, 87.89, , , , , 
1/31/2020 12:38:27 AM, 3293.25, 9234, 1650.2, 327.68, 222.6, 163.93, 323.87, 172.78, 245.81, 98.02, 30.6, 63.9, 125, 64.56, 87.89, , , , , 
1/31/2020 12:38:30 AM, 3293.5, 9233.75, 1650.2, 327.68, 222.6, 163.93, 323.87, 172.78, 245.81, 98.02, 30.6, 63.9, 125, 64.56, 87.89, , , , , 
1/31/2020 12:38:34 AM, 3293.5, 9233.75, 1650.2, 327.68, 222.6, 163.93, 323.87, 172.78, 245.81, 98.02, 30.6, 63.9, 125, 64.56, 87.89, , , , , 
1/31/2020 12:38:37 AM, 3293.5, 9234, 1650.2, 327.68, 222.6, 163.93, 323.87, 172.78, 245.81, 98.02, 30.6, 63.9, 125, 64.56, 87.89, , , , , 
1/31/2020 12:38:40 AM, 3293.5, 9234, 1650.2, 327.68, 222.6, 163.93, 323.87, 172.78, 245.81, 98.02, 30.6, 63.9, 125, 64.56, 87.89, , , , , 
1/31/2020 12:38:43 AM, 3293.5, 9234, 1650.2, 327.68, 222.6, 163.93, 323.87, 172.78, 245.81, 98.02, 30.6, 63.9, 125, 64.56, 87.89, , , , , 
1/31/2020 12:38:46 AM, 3293.5, 9234, 1650.2, 327.68, 222.6, 163.93, 323.87, 172.78, 245.81, 98.02, 30.6, 63.9, 125, 64.56, 87.89, , , , , 
1/31/2020 12:38:49 AM, 3293.25, 9234.5, 1650.2, 327.68, 222.6, 163.93, 323.87, 172.78, 245.81, 98.02, 30.6, 63.9, 125, 64.56, 87.89, , , , , 
1/31/2020 12:38:52 AM, 3293.25, 9234.5, 1650.2, 327.68, 222.6, 163.93, 323.87, 172.78, 245.81, 98.02, 30.6, 63.9, 125, 64.56, 87.89, , , , , 
1/31/2020 12:38:55 AM, 3293.25, 9234.5, 1650.2, 327.68, 222.6, 163.93, 323.87, 172.78, 245.81, 98.02, 30.6, 63.9, 125, 64.56, 87.89, , , , , 
1/31/2020 12:38:58 AM, 3293.25, 9234.75, 1650.2, 327.68, 222.6, 163.93, 323.87, 172.78, 245.81, 98.02, 30.6, 63.9, 125, 64.56, 87.89, , , , , 
1/31/2020 12:39:01 AM, 3293.25, 9234.75, 1650.2, 327.68, 222.6, 163.93, 323.87, 172.78, 245.81, 98.02, 30.6, 63.9, 125, 64.56, 87.89, , , , , 
1/31/2020 12:39:04 AM, 3293.5, 9235, 1650.2, 327.68, 222.6, 163.93, 323.87, 172.78, 245.81, 98.02, 30.6, 63.9, 125, 64.56, 87.89, , , , , 
1/31/2020 12:39:07 AM, 3293.5, 9235, 1650.2, 327.68, 222.6, 163.93, 323.87, 172.78, 245.81, 98.02, 30.6, 63.9, 125, 64.56, 87.89, , , , , 
1/31/2020 12:39:10 AM, 3293.5, 9234.5, 1650.2, 327.68, 222.6, 163.93, 323.87, 172.78, 245.81, 98.02, 30.6, 63.9, 125, 64.56, 87.89, , , , , 
1/31/2020 12:39:13 AM, 3293.5, 9234.5, 1650.2, 327.68, 222.6, 163.93, 323.87, 172.78, 245.81, 98.02, 30.6, 63.9, 125, 64.56, 87.89, , , , , 
1/31/2020 12:39:16 AM, 3293.5, 9234.5, 1650.2, 327.68, 222.6, 163.93, 323.87, 172.78, 245.81, 98.02, 30.6, 63.9, 125, 64.56, 87.89, , , , , 
1/31/2020 12:39:19 AM, 3293.5, 9234.5, 1650.2, 327.68, 222.6, 163.93, 323.87, 172.78, 245.81, 98.02, 30.6, 63.9, 125, 64.56, 87.89, , , , , 
1/31/2020 12:39:22 AM, 3293.5, 9234.25, 1650.2, 327.68, 222.6, 163.93, 323.87, 172.78, 245.81, 98.02, 30.6, 63.9, 125, 64.56, 87.89, , , , , 
1/31/2020 12:39:25 AM, 3293.5, 9234.5, 1650.2, 327.68, 222.6, 163.93, 323.87, 172.78, 245.81, 98.02, 30.6, 63.9, 125, 64.56, 87.89, , , , , 
1/31/2020 12:39:28 AM, 3293.5, 9234.5, 1650.2, 327.68, 222.6, 163.93, 323.87, 172.78, 245.81, 98.02, 30.6, 63.9, 125, 64.56, 87.89, , , , , 
1/31/2020 12:39:31 AM, 3293.5, 9234.5, 1650.2, 327.68, 222.6, 163.93, 323.87, 172.78, 245.81, 98.02, 30.6, 63.9, 125, 64.56, 87.89, , , , , 
1/31/2020 12:39:34 AM, 3293.5, 9234.25, 1650.2, 327.68, 222.6, 163.93, 323.87, 172.78, 245.81, 98.02, 30.6, 63.9, 125, 64.56, 87.89, , , , , 
1/31/2020 12:39:37 AM, 3293.5, 9234.25, 1650.2, 327.68, 222.6, 163.93, 323.87, 172.78, 245.81, 98.02, 30.6, 63.9, 125, 64.56, 87.89, , , , , 
1/31/2020 12:39:40 AM, 3293.5, 9234, 1650.2, 327.68, 222.6, 163.93, 323.87, 172.78, 245.81, 98.02, 30.6, 63.9, 125, 64.56, 87.89, , , , , 
1/31/2020 12:39:43 AM, 3293.25, 9233.75, 1650.2, 327.68, 222.6, 163.93, 323.87, 172.78, 245.81, 98.02, 30.6, 63.9, 125, 64.56, 87.89, , , , , 
1/31/2020 12:39:46 AM, 3293.25, 9233.75, 1650.2, 327.68, 222.6, 163.93, 323.87, 172.78, 245.81, 98.02, 30.6, 63.9, 125, 64.56, 87.89, , , , , 
1/31/2020 12:39:49 AM, 3293.25, 9233.75, 1650.2, 327.68, 222.6, 163.93, 323.87, 172.78, 245.81, 98.02, 30.6, 63.9, 125, 64.56, 87.89, , , , , 
1/31/2020 12:39:52 AM, 3293.25, 9233.75, 1650.2, 327.68, 222.6, 163.93, 323.87, 172.78, 245.81, 98.02, 30.6, 63.9, 125, 64.56, 87.89, , , , , 
1/31/2020 12:39:55 AM, 3293.25, 9233.75, 1650.2, 327.68, 222.6, 163.93, 323.87, 172.78, 245.81, 98.02, 30.6, 63.9, 125, 64.56, 87.89, , , , , 
1/31/2020 12:39:58 AM, 3293.25, 9233.75, 1650.2, 327.68, 222.6, 163.93, 323.87, 172.78, 245.81, 98.02, 30.6, 63.9, 125, 64.56, 87.89, , , , , 
1/31/2020 12:40:01 AM, 3293.25, 9233.75, 1650.1, 327.68, 222.6, 163.93, 323.87, 172.78, 245.81, 98.02, 30.6, 63.9, 125, 64.56, 87.89, , , , , 
1/31/2020 12:40:04 AM, 3293, 9233.75, 1650.1, 327.68, 222.6, 163.93, 323.87, 172.78, 245.81, 98.02, 30.6, 63.9, 125, 64.56, 87.89, , , , , 
1/31/2020 12:40:07 AM, 3293, 9233.75, 1650.1, 327.68, 222.6, 163.93, 323.87, 172.78, 245.81, 98.02, 30.6, 63.9, 125, 64.56, 87.89, , , , , 
1/31/2020 12:40:10 AM, 3293, 9233.75, 1650.1, 327.68, 222.6, 163.93, 323.87, 172.78, 245.81, 98.02, 30.6, 63.9, 125, 64.56, 87.89, , , , , 
1/31/2020 12:40:13 AM, 3293, 9233.75, 1650.1, 327.68, 222.6, 163.93, 323.87, 172.78, 245.81, 98.02, 30.6, 63.9, 125, 64.56, 87.89, , , , , 
1/31/2020 12:40:16 AM, 3293, 9233.5, 1650.1, 327.68, 222.6, 163.93, 323.87, 172.78, 245.81, 98.02, 30.6, 63.9, 125, 64.56, 87.89, , , , , 
1/31/2020 12:40:19 AM, 3293.25, 9233.5, 1650.1, 327.68, 222.6, 163.93, 323.87, 172.78, 245.81, 98.02, 30.6, 63.9, 125, 64.56, 87.89, , , , , 
1/31/2020 12:40:22 AM, 3293.25, 9234.25, 1650.1, 327.68, 222.6, 163.93, 323.87, 172.78, 245.81, 98.02, 30.6, 63.9, 125, 64.56, 87.89, , , , , 
1/31/2020 12:40:25 AM, 3293.25, 9234.25, 1650.1, 327.68, 222.6, 163.93, 323.87, 172.78, 245.81, 98.02, 30.6, 63.9, 125, 64.56, 87.89, , , , , 
1/31/2020 12:40:28 AM, 3293.25, 9234.25, 1650.1, 327.68, 222.6, 163.93, 323.87, 172.78, 245.81, 98.02, 30.6, 63.9, 125, 64.56, 87.89, , , , , 
1/31/2020 12:40:31 AM, 3293.25, 9234.25, 1650.1, 327.68, 222.6, 163.93, 323.87, 172.78, 245.81, 98.02, 30.6, 63.9, 125, 64.56, 87.89, , , , , 
1/31/2020 12:40:34 AM, 3293.25, 9234.25, 1650.1, 327.68, 222.6, 163.93, 323.87, 172.78, 245.81, 98.02, 30.6, 63.9, 125, 64.56, 87.89, , , , , 
1/31/2020 12:40:37 AM, 3293.25, 9234.25, 1650.1, 327.68, 222.6, 163.93, 323.87, 172.78, 245.81, 98.02, 30.6, 63.9, 125, 64.56, 87.89, , , , , 
1/31/2020 12:40:40 AM, 3293, 9234, 1650.1, 327.68, 222.6, 163.93, 323.87, 172.78, 245.81, 98.02, 30.6, 63.9, 125, 64.56, 87.89, , , , , 
1/31/2020 12:40:43 AM, 3293, 9234, 1650.1, 327.68, 222.6, 163.93, 323.87, 172.78, 245.81, 98.02, 30.6, 63.9, 125, 64.56, 87.89, , , , , 
1/31/2020 12:40:46 AM, 3293, 9234, 1650.1, 327.68, 222.6, 163.93, 323.87, 172.78, 245.81, 98.02, 30.6, 63.9, 125, 64.56, 87.89, , , , , 
1/31/2020 12:40:50 AM, 3293.25, 9234.5, 1650.1, 327.68, 222.6, 163.93, 323.87, 172.78, 245.81, 98.02, 30.6, 63.9, 125, 64.56, 87.89, , , , , 
1/31/2020 12:40:53 AM, 3293.25, 9234.5, 1650.1, 327.68, 222.6, 163.93, 323.87, 172.78, 245.81, 98.02, 30.6, 63.9, 125, 64.56, 87.89, , , , , 
1/31/2020 12:40:56 AM, 3293.25, 9234.5, 1650.1, 327.68, 222.6, 163.93, 323.87, 172.78, 245.81, 98.02, 30.6, 63.9, 125, 64.56, 87.89, , , , , 
1/31/2020 12:40:59 AM, 3293.25, 9234.5, 1650.1, 327.68, 222.6, 163.93, 323.87, 172.78, 245.81, 98.02, 30.6, 63.9, 125, 64.56, 87.89, , , , , 
1/31/2020 12:41:02 AM, 3293.25, 9234.5, 1650.1, 327.68, 222.6, 163.93, 323.87, 172.78, 245.81, 98.02, 30.6, 63.9, 125, 64.56, 87.89, , , , , 
1/31/2020 12:41:05 AM, 3293.25, 9234.5, 1650.1, 327.68, 222.6, 163.93, 323.87, 172.78, 245.81, 98.02, 30.6, 63.9, 125, 64.56, 87.89, , , , , 
1/31/2020 12:41:08 AM, 3293, 9234.5, 1650.1, 327.68, 222.6, 163.93, 323.87, 172.78, 245.81, 98.02, 30.6, 63.9, 125, 64.56, 87.89, , , , , 
1/31/2020 12:41:11 AM, 3293, 9234.25, 1650.1, 327.68, 222.6, 163.93, 323.87, 172.78, 245.81, 98.02, 30.6, 63.9, 125, 64.56, 87.89, , , , , 
1/31/2020 12:41:14 AM, 3293, 9234.5, 1650.1, 327.68, 222.6, 163.93, 323.87, 172.78, 245.81, 98.02, 30.6, 63.9, 125, 64.56, 87.89, , , , , 
1/31/2020 12:41:17 AM, 3293, 9234, 1650.1, 327.68, 222.6, 163.93, 323.87, 172.78, 245.81, 98.02, 30.6, 63.9, 125, 64.56, 87.89, , , , , 
1/31/2020 12:41:20 AM, 3293, 9234, 1650.1, 327.68, 222.6, 163.93, 323.87, 172.78, 245.81, 98.02, 30.6, 63.9, 125, 64.56, 87.89, , , , , 
1/31/2020 12:41:23 AM, 3293, 9234, 1650.1, 327.68, 222.6, 163.93, 323.87, 172.78, 245.81, 98.02, 30.6, 63.9, 125, 64.56, 87.89, , , , , 
1/31/2020 12:41:26 AM, 3293, 9234, 1650.1, 327.68, 222.6, 163.93, 323.87, 172.78, 245.81, 98.02, 30.6, 63.9, 125, 64.56, 87.89, , , , , 
1/31/2020 12:41:29 AM, 3293, 9234, 1650.1, 327.68, 222.6, 163.93, 323.87, 172.78, 245.81, 98.02, 30.6, 63.9, 125, 64.56, 87.89, , , , , 
1/31/2020 12:41:32 AM, 3293, 9234, 1650.1, 327.68, 222.6, 163.93, 323.87, 172.78, 245.81, 98.02, 30.6, 63.9, 125, 64.56, 87.89, , , , , 
1/31/2020 12:41:35 AM, 3293.25, 9234, 1650.1, 327.68, 222.6, 163.93, 323.87, 172.78, 245.81, 98.02, 30.6, 63.9, 125, 64.56, 87.89, , , , , 
1/31/2020 12:41:38 AM, 3293.25, 9234.75, 1650.1, 327.68, 222.6, 163.93, 323.87, 172.78, 245.81, 98.02, 30.6, 63.9, 125, 64.56, 87.89, , , , , 
1/31/2020 12:41:41 AM, 3293.25, 9234.5, 1650.1, 327.68, 222.6, 163.93, 323.87, 172.78, 245.81, 98.02, 30.6, 63.9, 125, 64.56, 87.89, , , , , 
1/31/2020 12:41:44 AM, 3293.25, 9234.5, 1650.1, 327.68, 222.6, 163.93, 323.87, 172.78, 245.81, 98.02, 30.6, 63.9, 125, 64.56, 87.89, , , , , 
1/31/2020 12:41:47 AM, 3293.5, 9234.5, 1650.1, 327.68, 222.6, 163.93, 323.87, 172.78, 245.81, 98.02, 30.6, 63.9, 125, 64.56, 87.89, , , , , 
1/31/2020 12:41:50 AM, 3293.5, 9234.5, 1650.1, 327.68, 222.6, 163.93, 323.87, 172.78, 245.81, 98.02, 30.6, 63.9, 125, 64.56, 87.89, , , , , 
1/31/2020 12:41:53 AM, 3293.5, 9234.5, 1650.1, 327.68, 222.6, 163.93, 323.87, 172.78, 245.81, 98.02, 30.6, 63.9, 125, 64.56, 87.89, , , , , 
1/31/2020 12:41:56 AM, 3293.25, 9234.5, 1650.1, 327.68, 222.6, 163.93, 323.87, 172.78, 245.81, 98.02, 30.6, 63.9, 125, 64.56, 87.89, , , , , 
1/31/2020 12:41:59 AM, 3293.25, 9234.5, 1650.1, 327.68, 222.6, 163.93, 323.87, 172.78, 245.81, 98.02, 30.6, 63.9, 125, 64.56, 87.89, , , , , 
1/31/2020 12:42:02 AM, 3293.25, 9234.75, 1650.1, 327.68, 222.6, 163.93, 323.87, 172.78, 245.81, 98.02, 30.6, 63.9, 125, 64.56, 87.89, , , , , 
1/31/2020 12:42:05 AM, 3293.25, 9234.75, 1650.1, 327.68, 222.6, 163.93, 323.87, 172.78, 245.81, 98.02, 30.6, 63.9, 125, 64.56, 87.89, , , , , 
1/31/2020 12:42:08 AM, 3293.25, 9234.75, 1650.1, 327.68, 222.6, 163.93, 323.87, 172.78, 245.81, 98.02, 30.6, 63.9, 125, 64.56, 87.89, , , , , 
1/31/2020 12:42:11 AM, 3293.25, 9234.75, 1650.1, 327.68, 222.6, 163.93, 323.87, 172.78, 245.81, 98.02, 30.6, 63.9, 125, 64.56, 87.89, , , , , 
1/31/2020 12:42:14 AM, 3293.5, 9234.75, 1650.3, 327.68, 222.6, 163.93, 323.87, 172.78, 245.81, 98.02, 30.6, 63.9, 125, 64.56, 87.89, , , , , 
1/31/2020 12:42:17 AM, 3293.5, 9234.75, 1650.3, 327.68, 222.6, 163.93, 323.87, 172.78, 245.81, 98.02, 30.6, 63.9, 125, 64.56, 87.89, , , , , 
1/31/2020 12:42:20 AM, 3293.5, 9234.75, 1650.3, 327.68, 222.6, 163.93, 323.87, 172.78, 245.81, 98.02, 30.6, 63.9, 125, 64.56, 87.89, , , , , 
1/31/2020 12:42:23 AM, 3293.5, 9234.75, 1650.3, 327.68, 222.6, 163.93, 323.87, 172.78, 245.81, 98.02, 30.6, 63.9, 125, 64.56, 87.89, , , , , 
1/31/2020 12:42:26 AM, 3293.5, 9234.75, 1650.3, 327.68, 222.6, 163.93, 323.87, 172.78, 245.81, 98.02, 30.6, 63.9, 125, 64.56, 87.89, , , , , 
1/31/2020 12:42:29 AM, 3293.5, 9235, 1650.3, 327.68, 222.6, 163.93, 323.87, 172.78, 245.81, 98.02, 30.6, 63.9, 125, 64.56, 87.89, , , , , 
1/31/2020 12:42:32 AM, 3293.5, 9235, 1650.3, 327.68, 222.6, 163.93, 323.87, 172.78, 245.81, 98.02, 30.6, 63.9, 125, 64.56, 87.89, , , , , 
1/31/2020 12:42:35 AM, 3293.5, 9235, 1650.3, 327.68, 222.6, 163.93, 323.87, 172.78, 245.81, 98.02, 30.6, 63.9, 125, 64.56, 87.89, , , , , 
1/31/2020 12:42:38 AM, 3293.5, 9235.25, 1650.3, 327.68, 222.6, 163.93, 323.87, 172.78, 245.81, 98.02, 30.6, 63.9, 125, 64.56, 87.89, , , , , 
1/31/2020 12:42:41 AM, 3293.5, 9235.25, 1650.3, 327.68, 222.6, 163.93, 323.87, 172.78, 245.81, 98.02, 30.6, 63.9, 125, 64.56, 87.89, , , , , 
1/31/2020 12:42:44 AM, 3293.5, 9235.25, 1650.3, 327.68, 222.6, 163.93, 323.87, 172.78, 245.81, 98.02, 30.6, 63.9, 125, 64.56, 87.89, , , , , 
1/31/2020 12:42:47 AM, 3293.5, 9235.25, 1650.3, 327.68, 222.6, 163.93, 323.87, 172.78, 245.81, 98.02, 30.6, 63.9, 125, 64.56, 87.89, , , , , 
1/31/2020 12:42:50 AM, 3293.75, 9235.75, 1650.3, 327.68, 222.6, 163.93, 323.87, 172.78, 245.81, 98.02, 30.6, 63.9, 125, 64.56, 87.89, , , , , 
1/31/2020 12:42:53 AM, 3293.75, 9235.75, 1650.3, 327.68, 222.6, 163.93, 323.87, 172.78, 245.81, 98.02, 30.6, 63.9, 125, 64.56, 87.89, , , , , 
1/31/2020 12:42:56 AM, 3293.75, 9235.5, 1650.3, 327.68, 222.6, 163.93, 323.87, 172.78, 245.81, 98.02, 30.6, 63.9, 125, 64.56, 87.89, , , , , 
1/31/2020 12:42:59 AM, 3293.75, 9235.5, 1650.3, 327.68, 222.6, 163.93, 323.87, 172.78, 245.81, 98.02, 30.6, 63.9, 125, 64.56, 87.89, , , , , 
1/31/2020 12:43:02 AM, 3293.5, 9234.75, 1650.2, 327.68, 222.6, 163.93, 323.87, 172.78, 245.81, 98.02, 30.6, 63.9, 125, 64.56, 87.89, , , , , 
1/31/2020 12:43:05 AM, 3293.5, 9234.75, 1650.2, 327.68, 222.6, 163.93, 323.87, 172.78, 245.81, 98.02, 30.6, 63.9, 125, 64.56, 87.89, , , , , 
1/31/2020 12:43:08 AM, 3293.5, 9234.75, 1650.2, 327.68, 222.6, 163.93, 323.87, 172.78, 245.81, 98.02, 30.6, 63.9, 125, 64.56, 87.89, , , , , 
1/31/2020 12:43:11 AM, 3293.5, 9234.75, 1650.2, 327.68, 222.6, 163.93, 323.87, 172.78, 245.81, 98.02, 30.6, 63.9, 125, 64.56, 87.89, , , , , 
1/31/2020 12:43:15 AM, 3293.5, 9234.75, 1650.2, 327.68, 222.6, 163.93, 323.87, 172.78, 245.81, 98.02, 30.6, 63.9, 125, 64.56, 87.89, , , , , 
1/31/2020 12:43:18 AM, 3293.5, 9234.75, 1650.2, 327.68, 222.6, 163.93, 323.87, 172.78, 245.81, 98.02, 30.6, 63.9, 125, 64.56, 87.89, , , , , 
1/31/2020 12:43:21 AM, 3293.5, 9235, 1650.2, 327.68, 222.6, 163.93, 323.87, 172.78, 245.81, 98.02, 30.6, 63.9, 125, 64.56, 87.89, , , , , 
1/31/2020 12:43:24 AM, 3293.5, 9235, 1650.2, 327.68, 222.6, 163.93, 323.87, 172.78, 245.81, 98.02, 30.6, 63.9, 125, 64.56, 87.89, , , , , 
1/31/2020 12:43:27 AM, 3293.5, 9235, 1650.2, 327.68, 222.6, 163.93, 323.87, 172.78, 245.81, 98.02, 30.6, 63.9, 125, 64.56, 87.89, , , , , 
1/31/2020 12:43:30 AM, 3293.5, 9234.5, 1650.2, 327.68, 222.6, 163.93, 323.87, 172.78, 245.81, 98.02, 30.6, 63.9, 125, 64.56, 87.89, , , , , 
1/31/2020 12:43:33 AM, 3293.5, 9234.5, 1650.2, 327.68, 222.6, 163.93, 323.87, 172.78, 245.81, 98.02, 30.6, 63.9, 125, 64.56, 87.89, , , , , 
1/31/2020 12:43:36 AM, 3293.5, 9234, 1650.2, 327.68, 222.6, 163.93, 323.87, 172.78, 245.81, 98.02, 30.6, 63.9, 125, 64.56, 87.89, , , , , 
1/31/2020 12:43:39 AM, 3293.5, 9234, 1650.2, 327.68, 222.6, 163.93, 323.87, 172.78, 245.81, 98.02, 30.6, 63.9, 125, 64.56, 87.89, , , , , 
1/31/2020 12:43:42 AM, 3293.5, 9233.75, 1650.2, 327.68, 222.6, 163.93, 323.87, 172.78, 245.81, 98.02, 30.6, 63.9, 125, 64.56, 87.89, , , , , 
1/31/2020 12:43:45 AM, 3293.25, 9233.5, 1650.2, 327.68, 222.6, 163.93, 323.87, 172.78, 245.81, 98.02, 30.6, 63.9, 125, 64.56, 87.89, , , , , 
1/31/2020 12:43:48 AM, 3293.25, 9234, 1650.2, 327.68, 222.6, 163.93, 323.87, 172.78, 245.81, 98.02, 30.6, 63.9, 125, 64.56, 87.89, , , , , 
1/31/2020 12:43:51 AM, 3293.5, 9234, 1650.2, 327.68, 222.6, 163.93, 323.87, 172.78, 245.81, 98.02, 30.6, 63.9, 125, 64.56, 87.89, , , , , 
1/31/2020 12:43:54 AM, 3293.25, 9234, 1650.2, 327.68, 222.6, 163.93, 323.87, 172.78, 245.81, 98.02, 30.6, 63.9, 125, 64.56, 87.89, , , , , 
1/31/2020 12:43:57 AM, 3293.25, 9234, 1650.2, 327.68, 222.6, 163.93, 323.87, 172.78, 245.81, 98.02, 30.6, 63.9, 125, 64.56, 87.89, , , , , 
1/31/2020 12:44:00 AM, 3293.25, 9233.75, 1650.2, 327.68, 222.6, 163.93, 323.87, 172.78, 245.81, 98.02, 30.6, 63.9, 125, 64.56, 87.89, , , , , 
1/31/2020 12:44:03 AM, 3293.25, 9233.75, 1650.2, 327.68, 222.6, 163.93, 323.87, 172.78, 245.81, 98.02, 30.6, 63.9, 125, 64.56, 87.89, , , , , 
1/31/2020 12:44:06 AM, 3293.25, 9233.5, 1650.2, 327.68, 222.6, 163.93, 323.87, 172.78, 245.81, 98.02, 30.6, 63.9, 125, 64.56, 87.89, , , , , 
1/31/2020 12:44:09 AM, 3293.25, 9233.5, 1650.2, 327.68, 222.6, 163.93, 323.87, 172.78, 245.81, 98.02, 30.6, 63.9, 125, 64.56, 87.89, , , , , 
1/31/2020 12:44:12 AM, 3293.25, 9233, 1650.2, 327.68, 222.6, 163.93, 323.87, 172.78, 245.81, 98.02, 30.6, 63.9, 125, 64.56, 87.89, , , , , 
1/31/2020 12:44:15 AM, 3293, 9233.25, 1649.9, 327.68, 222.6, 163.93, 323.87, 172.78, 245.81, 98.02, 30.6, 63.9, 125, 64.56, 87.89, , , , , 
1/31/2020 12:44:18 AM, 3293, 9233.25, 1649.9, 327.68, 222.6, 163.93, 323.87, 172.78, 245.81, 98.02, 30.6, 63.9, 125, 64.56, 87.89, , , , , 
1/31/2020 12:44:21 AM, 3293.25, 9233.25, 1649.9, 327.68, 222.6, 163.93, 323.87, 172.78, 245.81, 98.02, 30.6, 63.9, 125, 64.56, 87.89, , , , , 
1/31/2020 12:44:24 AM, 3293.25, 9233.25, 1649.9, 327.68, 222.6, 163.93, 323.87, 172.78, 245.81, 98.02, 30.6, 63.9, 125, 64.56, 87.89, , , , , 
1/31/2020 12:44:27 AM, 3293, 9233, 1649.9, 327.68, 222.6, 163.93, 323.87, 172.78, 245.81, 98.02, 30.6, 63.9, 125, 64.56, 87.89, , , , , 
1/31/2020 12:44:30 AM, 3293, 9233.25, 1649.9, 327.68, 222.6, 163.93, 323.87, 172.78, 245.81, 98.02, 30.6, 63.9, 125, 64.56, 87.89, , , , , 
1/31/2020 12:44:33 AM, 3293, 9233.25, 1649.9, 327.68, 222.6, 163.93, 323.87, 172.78, 245.81, 98.02, 30.6, 63.9, 125, 64.56, 87.89, , , , , 
1/31/2020 12:44:36 AM, 3293, 9233.25, 1649.9, 327.68, 222.6, 163.93, 323.87, 172.78, 245.81, 98.02, 30.6, 63.9, 125, 64.56, 87.89, , , , , 
1/31/2020 12:44:39 AM, 3293, 9232.5, 1649.9, 327.68, 222.6, 163.93, 323.87, 172.78, 245.81, 98.02, 30.6, 63.9, 125, 64.56, 87.89, , , , , 
1/31/2020 12:44:42 AM, 3293, 9232.5, 1649.9, 327.68, 222.6, 163.93, 323.87, 172.78, 245.81, 98.02, 30.6, 63.9, 125, 64.56, 87.89, , , , , 
1/31/2020 12:44:45 AM, 3293, 9232, 1649.9, 327.68, 222.6, 163.93, 323.87, 172.78, 245.81, 98.02, 30.6, 63.9, 125, 64.56, 87.89, , , , , 
1/31/2020 12:44:48 AM, 3292.75, 9231.75, 1649.9, 327.68, 222.6, 163.93, 323.87, 172.78, 245.81, 98.02, 30.6, 63.9, 125, 64.56, 87.89, , , , , 
1/31/2020 12:44:51 AM, 3293, 9232.75, 1649.9, 327.68, 222.6, 163.93, 323.87, 172.78, 245.81, 98.02, 30.6, 63.9, 125, 64.56, 87.89, , , , , 
1/31/2020 12:44:54 AM, 3293, 9232.75, 1649.9, 327.68, 222.6, 163.93, 323.87, 172.78, 245.81, 98.02, 30.6, 63.9, 125, 64.56, 87.89, , , , , 
1/31/2020 12:44:57 AM, 3293, 9232.75, 1649.9, 327.68, 222.6, 163.93, 323.87, 172.78, 245.81, 98.02, 30.6, 63.9, 125, 64.56, 87.89, , , , , 
1/31/2020 12:45:00 AM, 3293, 9232.75, 1649.9, 327.68, 222.6, 163.93, 323.87, 172.78, 245.81, 98.02, 30.6, 63.9, 125, 64.56, 87.89, , , , , 
1/31/2020 12:45:03 AM, 3292.75, 9232.5, 1650, 327.68, 222.6, 163.93, 323.87, 172.78, 245.81, 98.02, 30.6, 63.9, 125, 64.56, 87.89, , , , , 
1/31/2020 12:45:06 AM, 3292.75, 9232.5, 1650, 327.68, 222.6, 163.93, 323.87, 172.78, 245.81, 98.02, 30.6, 63.9, 125, 64.56, 87.89, , , , , 
1/31/2020 12:45:09 AM, 3292.75, 9232, 1649.9, 327.68, 222.6, 163.93, 323.87, 172.78, 245.81, 98.02, 30.6, 63.9, 125, 64.56, 87.89, , , , , 
1/31/2020 12:45:12 AM, 3292.75, 9232, 1649.9, 327.68, 222.6, 163.93, 323.87, 172.78, 245.81, 98.02, 30.6, 63.9, 125, 64.56, 87.89, , , , , 
1/31/2020 12:45:15 AM, 3293, 9232.25, 1649.9, 327.68, 222.6, 163.93, 323.87, 172.78, 245.81, 98.02, 30.6, 63.9, 125, 64.56, 87.89, , , , , 
1/31/2020 12:45:18 AM, 3293, 9232.25, 1649.9, 327.68, 222.6, 163.93, 323.87, 172.78, 245.81, 98.02, 30.6, 63.9, 125, 64.56, 87.89, , , , , 
1/31/2020 12:45:21 AM, 3292.75, 9232, 1649.8, 327.68, 222.6, 163.93, 323.87, 172.78, 245.81, 98.02, 30.6, 63.9, 125, 64.56, 87.89, , , , , 
1/31/2020 12:45:24 AM, 3292.75, 9232, 1649.8, 327.68, 222.6, 163.93, 323.87, 172.78, 245.81, 98.02, 30.6, 63.9, 125, 64.56, 87.89, , , , , 
1/31/2020 12:45:27 AM, 3292.75, 9232, 1649.8, 327.68, 222.6, 163.93, 323.87, 172.78, 245.81, 98.02, 30.6, 63.9, 125, 64.56, 87.89, , , , , 
1/31/2020 12:45:30 AM, 3292.75, 9232.5, 1649.9, 327.68, 222.6, 163.93, 323.87, 172.78, 245.81, 98.02, 30.6, 63.9, 125, 64.56, 87.89, , , , , 
1/31/2020 12:45:33 AM, 3292.75, 9232.75, 1649.8, 327.68, 222.6, 163.93, 323.87, 172.78, 245.81, 98.02, 30.6, 63.9, 125, 64.56, 87.89, , , , , 
1/31/2020 12:45:36 AM, 3292.75, 9232.75, 1649.8, 327.68, 222.6, 163.93, 323.87, 172.78, 245.81, 98.02, 30.6, 63.9, 125, 64.56, 87.89, , , , , 
1/31/2020 12:45:40 AM, 3292.75, 9232.5, 1649.8, 327.68, 222.6, 163.93, 323.87, 172.78, 245.81, 98.02, 30.6, 63.9, 125, 64.56, 87.89, , , , , 
1/31/2020 12:45:43 AM, 3292.75, 9233.25, 1649.8, 327.68, 222.6, 163.93, 323.87, 172.78, 245.81, 98.02, 30.6, 63.9, 125, 64.56, 87.89, , , , , 
1/31/2020 12:45:46 AM, 3292.5, 9233, 1649.8, 327.68, 222.6, 163.93, 323.87, 172.78, 245.81, 98.02, 30.6, 63.9, 125, 64.56, 87.89, , , , , 
1/31/2020 12:45:49 AM, 3292.75, 9233, 1649.8, 327.68, 222.6, 163.93, 323.87, 172.78, 245.81, 98.02, 30.6, 63.9, 125, 64.56, 87.89, , , , , 
1/31/2020 12:45:52 AM, 3292.5, 9232.25, 1649.8, 327.68, 222.6, 163.93, 323.87, 172.78, 245.81, 98.02, 30.6, 63.9, 125, 64.56, 87.89, , , , , 
1/31/2020 12:45:55 AM, 3292.25, 9231.75, 1649.7, 327.68, 222.6, 163.93, 323.87, 172.78, 245.81, 98.02, 30.6, 63.9, 125, 64.56, 87.89, , , , , 
1/31/2020 12:45:58 AM, 3292.25, 9231.5, 1649.7, 327.68, 222.6, 163.93, 323.87, 172.78, 245.81, 98.02, 30.6, 63.9, 125, 64.56, 87.89, , , , , 
1/31/2020 12:46:01 AM, 3292.25, 9231.25, 1649.7, 327.68, 222.6, 163.93, 323.87, 172.78, 245.81, 98.02, 30.6, 63.9, 125, 64.56, 87.89, , , , , 
1/31/2020 12:46:04 AM, 3292.25, 9231.25, 1649.7, 327.68, 222.6, 163.93, 323.87, 172.78, 245.81, 98.02, 30.6, 63.9, 125, 64.56, 87.89, , , , , 
1/31/2020 12:46:07 AM, 3292.25, 9231, 1649.6, 327.68, 222.6, 163.93, 323.87, 172.78, 245.81, 98.02, 30.6, 63.9, 125, 64.56, 87.89, , , , , 
1/31/2020 12:46:10 AM, 3292.25, 9231, 1649.6, 327.68, 222.6, 163.93, 323.87, 172.78, 245.81, 98.02, 30.6, 63.9, 125, 64.56, 87.89, , , , , 
1/31/2020 12:46:13 AM, 3292.25, 9231.75, 1649.7, 327.68, 222.6, 163.93, 323.87, 172.78, 245.81, 98.02, 30.6, 63.9, 125, 64.56, 87.89, , , , , 
1/31/2020 12:46:16 AM, 3292.25, 9232, 1649.7, 327.68, 222.6, 163.93, 323.87, 172.78, 245.81, 98.02, 30.6, 63.9, 125, 64.56, 87.89, , , , , 
1/31/2020 12:46:19 AM, 3292.5, 9231.5, 1649.7, 327.68, 222.6, 163.93, 323.87, 172.78, 245.81, 98.02, 30.6, 63.9, 125, 64.56, 87.89, , , , , 
1/31/2020 12:46:22 AM, 3292.5, 9231.5, 1649.7, 327.68, 222.6, 163.93, 323.87, 172.78, 245.81, 98.02, 30.6, 63.9, 125, 64.56, 87.89, , , , , 
1/31/2020 12:46:25 AM, 3292.5, 9231.5, 1649.7, 327.68, 222.6, 163.93, 323.87, 172.78, 245.81, 98.02, 30.6, 63.9, 125, 64.56, 87.89, , , , , 
1/31/2020 12:46:28 AM, 3292.5, 9231.5, 1649.7, 327.68, 222.6, 163.93, 323.87, 172.78, 245.81, 98.02, 30.6, 63.9, 125, 64.56, 87.89, , , , , 
1/31/2020 12:46:31 AM, 3292.5, 9231.5, 1649.7, 327.68, 222.6, 163.93, 323.87, 172.78, 245.81, 98.02, 30.6, 63.9, 125, 64.56, 87.89, , , , , 
1/31/2020 12:46:34 AM, 3292.25, 9231.75, 1649.7, 327.68, 222.6, 163.93, 323.87, 172.78, 245.81, 98.02, 30.6, 63.9, 125, 64.56, 87.89, , , , , 
1/31/2020 12:46:37 AM, 3292.25, 9231.75, 1649.7, 327.68, 222.6, 163.93, 323.87, 172.78, 245.81, 98.02, 30.6, 63.9, 125, 64.56, 87.89, , , , , 
1/31/2020 12:46:40 AM, 3292.25, 9230.75, 1649.7, 327.68, 222.6, 163.93, 323.87, 172.78, 245.81, 98.02, 30.6, 63.9, 125, 64.56, 87.89, , , , , 
1/31/2020 12:46:43 AM, 3292.25, 9230.75, 1649.7, 327.68, 222.6, 163.93, 323.87, 172.78, 245.81, 98.02, 30.6, 63.9, 125, 64.56, 87.89, , , , , 
1/31/2020 12:46:46 AM, 3292.25, 9231, 1649.7, 327.68, 222.6, 163.93, 323.87, 172.78, 245.81, 98.02, 30.6, 63.9, 125, 64.56, 87.89, , , , , 
1/31/2020 12:46:49 AM, 3292.25, 9231, 1649.7, 327.68, 222.6, 163.93, 323.87, 172.78, 245.81, 98.02, 30.6, 63.9, 125, 64.56, 87.89, , , , , 
1/31/2020 12:46:52 AM, 3292.25, 9231, 1649.7, 327.68, 222.6, 163.93, 323.87, 172.78, 245.81, 98.02, 30.6, 63.9, 125, 64.56, 87.89, , , , , 
1/31/2020 12:46:55 AM, 3292.25, 9231, 1649.7, 327.68, 222.6, 163.93, 323.87, 172.78, 245.81, 98.02, 30.6, 63.9, 125, 64.56, 87.89, , , , , 
1/31/2020 12:46:58 AM, 3292.25, 9231, 1649.7, 327.68, 222.6, 163.93, 323.87, 172.78, 245.81, 98.02, 30.6, 63.9, 125, 64.56, 87.89, , , , , 
1/31/2020 12:47:01 AM, 3292.25, 9230.75, 1649.7, 327.68, 222.6, 163.93, 323.87, 172.78, 245.81, 98.02, 30.6, 63.9, 125, 64.56, 87.89, , , , , 
1/31/2020 12:47:04 AM, 3292.25, 9230.75, 1649.7, 327.68, 222.6, 163.93, 323.87, 172.78, 245.81, 98.02, 30.6, 63.9, 125, 64.56, 87.89, , , , , 
1/31/2020 12:47:07 AM, 3292, 9229.75, 1649.7, 327.68, 222.6, 163.93, 323.87, 172.78, 245.81, 98.02, 30.6, 63.9, 125, 64.56, 87.89, , , , , 
1/31/2020 12:47:10 AM, 3292, 9229.75, 1649.7, 327.68, 222.6, 163.93, 323.87, 172.78, 245.81, 98.02, 30.6, 63.9, 125, 64.56, 87.89, , , , , 
1/31/2020 12:47:13 AM, 3292, 9230, 1649.7, 327.68, 222.6, 163.93, 323.87, 172.78, 245.81, 98.02, 30.6, 63.9, 125, 64.56, 87.89, , , , , 
1/31/2020 12:47:16 AM, 3292, 9230, 1649.7, 327.68, 222.6, 163.93, 323.87, 172.78, 245.81, 98.02, 30.6, 63.9, 125, 64.56, 87.89, , , , , 
1/31/2020 12:47:19 AM, 3292, 9230.25, 1649.7, 327.68, 222.6, 163.93, 323.87, 172.78, 245.81, 98.02, 30.6, 63.9, 125, 64.56, 87.89, , , , , 
1/31/2020 12:47:22 AM, 3292, 9230.25, 1649.7, 327.68, 222.6, 163.93, 323.87, 172.78, 245.81, 98.02, 30.6, 63.9, 125, 64.56, 87.89, , , , , 
1/31/2020 12:47:25 AM, 3292.25, 9231.25, 1649.8, 327.68, 222.6, 163.93, 323.87, 172.78, 245.81, 98.02, 30.6, 63.9, 125, 64.56, 87.89, , , , , 
1/31/2020 12:47:28 AM, 3292.25, 9231.25, 1649.8, 327.68, 222.6, 163.93, 323.87, 172.78, 245.81, 98.02, 30.6, 63.9, 125, 64.56, 87.89, , , , , 
1/31/2020 12:47:31 AM, 3292.25, 9231.5, 1649.8, 327.68, 222.6, 163.93, 323.87, 172.78, 245.81, 98.02, 30.6, 63.9, 125, 64.56, 87.89, , , , , 
1/31/2020 12:47:34 AM, 3292.25, 9231.5, 1649.8, 327.68, 222.6, 163.93, 323.87, 172.78, 245.81, 98.02, 30.6, 63.9, 125, 64.56, 87.89, , , , , 
1/31/2020 12:47:37 AM, 3292.25, 9230.5, 1649.7, 327.68, 222.6, 163.93, 323.87, 172.78, 245.81, 98.02, 30.6, 63.9, 125, 64.56, 87.89, , , , , 
1/31/2020 12:47:40 AM, 3292.25, 9230.5, 1649.7, 327.68, 222.6, 163.93, 323.87, 172.78, 245.81, 98.02, 30.6, 63.9, 125, 64.56, 87.89, , , , , 
1/31/2020 12:47:43 AM, 3292.25, 9230.5, 1649.7, 327.68, 222.6, 163.93, 323.87, 172.78, 245.81, 98.02, 30.6, 63.9, 125, 64.56, 87.89, , , , , 
1/31/2020 12:47:46 AM, 3292, 9230.75, 1649.7, 327.68, 222.6, 163.93, 323.87, 172.78, 245.81, 98.02, 30.6, 63.9, 125, 64.56, 87.89, , , , , 
1/31/2020 12:47:49 AM, 3292, 9230.75, 1649.7, 327.68, 222.6, 163.93, 323.87, 172.78, 245.81, 98.02, 30.6, 63.9, 125, 64.56, 87.89, , , , , 
1/31/2020 12:47:52 AM, 3292.25, 9230.25, 1649.7, 327.68, 222.6, 163.93, 323.87, 172.78, 245.81, 98.02, 30.6, 63.9, 125, 64.56, 87.89, , , , , 
1/31/2020 12:47:55 AM, 3292.25, 9230.5, 1649.7, 327.68, 222.6, 163.93, 323.87, 172.78, 245.81, 98.02, 30.6, 63.9, 125, 64.56, 87.89, , , , , 
1/31/2020 12:47:58 AM, 3292, 9230.5, 1649.7, 327.68, 222.6, 163.93, 323.87, 172.78, 245.81, 98.02, 30.6, 63.9, 125, 64.56, 87.89, , , , , 
1/31/2020 12:48:01 AM, 3292, 9230.5, 1649.7, 327.68, 222.6, 163.93, 323.87, 172.78, 245.81, 98.02, 30.6, 63.9, 125, 64.56, 87.89, , , , , 
1/31/2020 12:48:05 AM, 3292, 9231, 1649.8, 327.68, 222.6, 163.93, 323.87, 172.78, 245.81, 98.02, 30.6, 63.9, 125, 64.56, 87.89, , , , , 
1/31/2020 12:48:08 AM, 3292, 9230.75, 1649.8, 327.68, 222.6, 163.93, 323.87, 172.78, 245.81, 98.02, 30.6, 63.9, 125, 64.56, 87.89, , , , , 
1/31/2020 12:48:11 AM, 3292, 9230.75, 1649.8, 327.68, 222.6, 163.93, 323.87, 172.78, 245.81, 98.02, 30.6, 63.9, 125, 64.56, 87.89, , , , , 
1/31/2020 12:48:14 AM, 3292, 9230.75, 1649.8, 327.68, 222.6, 163.93, 323.87, 172.78, 245.81, 98.02, 30.6, 63.9, 125, 64.56, 87.89, , , , , 
1/31/2020 12:48:17 AM, 3292, 9231.25, 1649.8, 327.68, 222.6, 163.93, 323.87, 172.78, 245.81, 98.02, 30.6, 63.9, 125, 64.56, 87.89, , , , , 
1/31/2020 12:48:20 AM, 3292, 9231, 1649.8, 327.68, 222.6, 163.93, 323.87, 172.78, 245.81, 98.02, 30.6, 63.9, 125, 64.56, 87.89, , , , , 
1/31/2020 12:48:23 AM, 3292, 9230.75, 1649.8, 327.68, 222.6, 163.93, 323.87, 172.78, 245.81, 98.02, 30.6, 63.9, 125, 64.56, 87.89, , , , , 
1/31/2020 12:48:26 AM, 3292, 9231.25, 1649.8, 327.68, 222.6, 163.93, 323.87, 172.78, 245.81, 98.02, 30.6, 63.9, 125, 64.56, 87.89, , , , , 
1/31/2020 12:48:29 AM, 3292, 9231.25, 1649.8, 327.68, 222.6, 163.93, 323.87, 172.78, 245.81, 98.02, 30.6, 63.9, 125, 64.56, 87.89, , , , , 
1/31/2020 12:48:32 AM, 3292.25, 9231.25, 1649.8, 327.68, 222.6, 163.93, 323.87, 172.78, 245.81, 98.02, 30.6, 63.9, 125, 64.56, 87.89, , , , , 
1/31/2020 12:48:35 AM, 3292, 9231, 1649.8, 327.68, 222.6, 163.93, 323.87, 172.78, 245.81, 98.02, 30.6, 63.9, 125, 64.56, 87.89, , , , , 
1/31/2020 12:48:38 AM, 3292.25, 9231.75, 1649.8, 327.68, 222.6, 163.93, 323.87, 172.78, 245.81, 98.02, 30.6, 63.9, 125, 64.56, 87.89, , , , , 
1/31/2020 12:48:41 AM, 3292.25, 9231.5, 1649.8, 327.68, 222.6, 163.93, 323.87, 172.78, 245.81, 98.02, 30.6, 63.9, 125, 64.56, 87.89, , , , , 
1/31/2020 12:48:44 AM, 3292.5, 9231, 1649.8, 327.68, 222.6, 163.93, 323.87, 172.78, 245.81, 98.02, 30.6, 63.9, 125, 64.56, 87.89, , , , , 
1/31/2020 12:48:47 AM, 3292.5, 9231, 1649.8, 327.68, 222.6, 163.93, 323.87, 172.78, 245.81, 98.02, 30.6, 63.9, 125, 64.56, 87.89, , , , , 
1/31/2020 12:48:50 AM, 3292.5, 9231, 1649.8, 327.68, 222.6, 163.93, 323.87, 172.78, 245.81, 98.02, 30.6, 63.9, 125, 64.56, 87.89, , , , , 
1/31/2020 12:48:53 AM, 3292.25, 9231, 1649.8, 327.68, 222.6, 163.93, 323.87, 172.78, 245.81, 98.02, 30.6, 63.9, 125, 64.56, 87.89, , , , , 
1/31/2020 12:48:56 AM, 3292.25, 9231, 1649.7, 327.68, 222.6, 163.93, 323.87, 172.78, 245.81, 98.02, 30.6, 63.9, 125, 64.56, 87.89, , , , , 
1/31/2020 12:48:59 AM, 3292.25, 9231, 1649.7, 327.68, 222.6, 163.93, 323.87, 172.78, 245.81, 98.02, 30.6, 63.9, 125, 64.56, 87.89, , , , , 
1/31/2020 12:49:02 AM, 3292.25, 9231, 1649.7, 327.68, 222.6, 163.93, 323.87, 172.78, 245.81, 98.02, 30.6, 63.9, 125, 64.56, 87.89, , , , , 
1/31/2020 12:49:05 AM, 3292.25, 9231.75, 1649.7, 327.68, 222.6, 163.93, 323.87, 172.78, 245.81, 98.02, 30.6, 63.9, 125, 64.56, 87.89, , , , , 
1/31/2020 12:49:08 AM, 3292.25, 9231.5, 1649.7, 327.68, 222.6, 163.93, 323.87, 172.78, 245.81, 98.02, 30.6, 63.9, 125, 64.56, 87.89, , , , , 
1/31/2020 12:49:11 AM, 3292.25, 9231.25, 1649.7, 327.68, 222.6, 163.93, 323.87, 172.78, 245.81, 98.02, 30.6, 63.9, 125, 64.56, 87.89, , , , , 
1/31/2020 12:49:14 AM, 3292.25, 9231.25, 1649.7, 327.68, 222.6, 163.93, 323.87, 172.78, 245.81, 98.02, 30.6, 63.9, 125, 64.56, 87.89, , , , , 
1/31/2020 12:49:17 AM, 3292.25, 9231.25, 1649.7, 327.68, 222.6, 163.93, 323.87, 172.78, 245.81, 98.02, 30.6, 63.9, 125, 64.56, 87.89, , , , , 
1/31/2020 12:49:20 AM, 3292.25, 9232, 1649.7, 327.68, 222.6, 163.93, 323.87, 172.78, 245.81, 98.02, 30.6, 63.9, 125, 64.56, 87.89, , , , , 
1/31/2020 12:49:23 AM, 3292.25, 9231, 1649.7, 327.68, 222.6, 163.93, 323.87, 172.78, 245.81, 98.02, 30.6, 63.9, 125, 64.56, 87.89, , , , , 
1/31/2020 12:49:26 AM, 3292, 9231, 1649.6, 327.68, 222.6, 163.93, 323.87, 172.78, 245.81, 98.02, 30.6, 63.9, 125, 64.56, 87.89, , , , , 
1/31/2020 12:49:29 AM, 3292, 9231, 1649.6, 327.68, 222.6, 163.93, 323.87, 172.78, 245.81, 98.02, 30.6, 63.9, 125, 64.56, 87.89, , , , , 
1/31/2020 12:49:32 AM, 3292, 9230.75, 1649.6, 327.68, 222.6, 163.93, 323.87, 172.78, 245.81, 98.02, 30.6, 63.9, 125, 64.56, 87.89, , , , , 
1/31/2020 12:49:35 AM, 3292, 9230.75, 1649.6, 327.68, 222.6, 163.93, 323.87, 172.78, 245.81, 98.02, 30.6, 63.9, 125, 64.56, 87.89, , , , , 
1/31/2020 12:49:38 AM, 3292, 9231.5, 1649.6, 327.68, 222.6, 163.93, 323.87, 172.78, 245.81, 98.02, 30.6, 63.9, 125, 64.56, 87.89, , , , , 
1/31/2020 12:49:41 AM, 3292, 9231.5, 1649.6, 327.68, 222.6, 163.93, 323.87, 172.78, 245.81, 98.02, 30.6, 63.9, 125, 64.56, 87.89, , , , , 
1/31/2020 12:49:44 AM, 3292, 9231, 1649.6, 327.68, 222.6, 163.93, 323.87, 172.78, 245.81, 98.02, 30.6, 63.9, 125, 64.56, 87.89, , , , , 
1/31/2020 12:49:47 AM, 3292, 9231, 1649.6, 327.68, 222.6, 163.93, 323.87, 172.78, 245.81, 98.02, 30.6, 63.9, 125, 64.56, 87.89, , , , , 
1/31/2020 12:49:50 AM, 3292, 9231, 1649.6, 327.68, 222.6, 163.93, 323.87, 172.78, 245.81, 98.02, 30.6, 63.9, 125, 64.56, 87.89, , , , , 
1/31/2020 12:49:53 AM, 3292, 9231, 1649.6, 327.68, 222.6, 163.93, 323.87, 172.78, 245.81, 98.02, 30.6, 63.9, 125, 64.56, 87.89, , , , , 
1/31/2020 12:49:56 AM, 3292, 9231.5, 1649.6, 327.68, 222.6, 163.93, 323.87, 172.78, 245.81, 98.02, 30.6, 63.9, 125, 64.56, 87.89, , , , , 
1/31/2020 12:49:59 AM, 3292, 9231.5, 1649.6, 327.68, 222.6, 163.93, 323.87, 172.78, 245.81, 98.02, 30.6, 63.9, 125, 64.56, 87.89, , , , , 
1/31/2020 12:50:02 AM, 3292, 9231.25, 1649.6, 327.68, 222.6, 163.93, 323.87, 172.78, 245.81, 98.02, 30.6, 63.9, 125, 64.56, 87.89, , , , , 
1/31/2020 12:50:05 AM, 3292, 9231, 1649.6, 327.68, 222.6, 163.93, 323.87, 172.78, 245.81, 98.02, 30.6, 63.9, 125, 64.56, 87.89, , , , , 
1/31/2020 12:50:08 AM, 3292, 9231.25, 1649.5, 327.68, 222.6, 163.93, 323.87, 172.78, 245.81, 98.02, 30.6, 63.9, 125, 64.56, 87.89, , , , , 
1/31/2020 12:50:11 AM, 3292.25, 9231.25, 1649.5, 327.68, 222.6, 163.93, 323.87, 172.78, 245.81, 98.02, 30.6, 63.9, 125, 64.56, 87.89, , , , , 
1/31/2020 12:50:14 AM, 3292, 9231.5, 1649.6, 327.68, 222.6, 163.93, 323.87, 172.78, 245.81, 98.02, 30.6, 63.9, 125, 64.56, 87.89, , , , , 
1/31/2020 12:50:17 AM, 3292, 9231.5, 1649.6, 327.68, 222.6, 163.93, 323.87, 172.78, 245.81, 98.02, 30.6, 63.9, 125, 64.56, 87.89, , , , , 
1/31/2020 12:50:20 AM, 3292, 9231.25, 1649.6, 327.68, 222.6, 163.93, 323.87, 172.78, 245.81, 98.02, 30.6, 63.9, 125, 64.56, 87.89, , , , , 
1/31/2020 12:50:23 AM, 3292, 9231.25, 1649.6, 327.68, 222.6, 163.93, 323.87, 172.78, 245.81, 98.02, 30.6, 63.9, 125, 64.56, 87.89, , , , , 
1/31/2020 12:50:26 AM, 3292, 9231.25, 1649.6, 327.68, 222.6, 163.93, 323.87, 172.78, 245.81, 98.02, 30.6, 63.9, 125, 64.56, 87.89, , , , , 
1/31/2020 12:50:30 AM, 3292, 9231.25, 1649.6, 327.68, 222.6, 163.93, 323.87, 172.78, 245.81, 98.02, 30.6, 63.9, 125, 64.56, 87.89, , , , , 
1/31/2020 12:50:33 AM, 3292, 9231, 1649.6, 327.68, 222.6, 163.93, 323.87, 172.78, 245.81, 98.02, 30.6, 63.9, 125, 64.56, 87.89, , , , , 
1/31/2020 12:50:36 AM, 3292, 9231, 1649.6, 327.68, 222.6, 163.93, 323.87, 172.78, 245.81, 98.02, 30.6, 63.9, 125, 64.56, 87.89, , , , , 
1/31/2020 12:50:39 AM, 3291.75, 9230, 1649.4, 327.68, 222.6, 163.93, 323.87, 172.78, 245.81, 98.02, 30.6, 63.9, 125, 64.56, 87.89, , , , , 
1/31/2020 12:50:42 AM, 3291.75, 9230, 1649.4, 327.68, 222.6, 163.93, 323.87, 172.78, 245.81, 98.02, 30.6, 63.9, 125, 64.56, 87.89, , , , , 
1/31/2020 12:50:45 AM, 3291.75, 9229.5, 1649.4, 327.68, 222.6, 163.93, 323.87, 172.78, 245.81, 98.02, 30.6, 63.9, 125, 64.56, 87.89, , , , , 
1/31/2020 12:50:48 AM, 3291.75, 9229.5, 1649.4, 327.68, 222.6, 163.93, 323.87, 172.78, 245.81, 98.02, 30.6, 63.9, 125, 64.56, 87.89, , , , , 
1/31/2020 12:50:51 AM, 3291.75, 9229.5, 1649.4, 327.68, 222.6, 163.93, 323.87, 172.78, 245.81, 98.02, 30.6, 63.9, 125, 64.56, 87.89, , , , , 
1/31/2020 12:50:54 AM, 3291.75, 9229.5, 1649.4, 327.68, 222.6, 163.93, 323.87, 172.78, 245.81, 98.02, 30.6, 63.9, 125, 64.56, 87.89, , , , , 
1/31/2020 12:50:57 AM, 3291.75, 9229.5, 1649.4, 327.68, 222.6, 163.93, 323.87, 172.78, 245.81, 98.02, 30.6, 63.9, 125, 64.56, 87.89, , , , , 
1/31/2020 12:51:00 AM, 3291.75, 9229.5, 1649.4, 327.68, 222.6, 163.93, 323.87, 172.78, 245.81, 98.02, 30.6, 63.9, 125, 64.56, 87.89, , , , , 
1/31/2020 12:51:03 AM, 3291.75, 9229.5, 1649.4, 327.68, 222.6, 163.93, 323.87, 172.78, 245.81, 98.02, 30.6, 63.9, 125, 64.56, 87.89, , , , , 
1/31/2020 12:51:06 AM, 3291.75, 9229.25, 1649.4, 327.68, 222.6, 163.93, 323.87, 172.78, 245.81, 98.02, 30.6, 63.9, 125, 64.56, 87.89, , , , , 
1/31/2020 12:51:09 AM, 3291.5, 9229.25, 1649.4, 327.68, 222.6, 163.93, 323.87, 172.78, 245.81, 98.02, 30.6, 63.9, 125, 64.56, 87.89, , , , , 
1/31/2020 12:51:12 AM, 3291.5, 9229.5, 1649.4, 327.68, 222.6, 163.93, 323.87, 172.78, 245.81, 98.02, 30.6, 63.9, 125, 64.56, 87.89, , , , , 
1/31/2020 12:51:15 AM, 3291.75, 9229.5, 1649.5, 327.68, 222.6, 163.93, 323.87, 172.78, 245.81, 98.02, 30.6, 63.9, 125, 64.56, 87.89, , , , , 
1/31/2020 12:51:18 AM, 3291.75, 9229.5, 1649.5, 327.68, 222.6, 163.93, 323.87, 172.78, 245.81, 98.02, 30.6, 63.9, 125, 64.56, 87.89, , , , , 
1/31/2020 12:51:21 AM, 3292, 9229.75, 1649.5, 327.68, 222.6, 163.93, 323.87, 172.78, 245.81, 98.02, 30.6, 63.9, 125, 64.56, 87.89, , , , , 
1/31/2020 12:51:24 AM, 3292, 9230.25, 1649.5, 327.68, 222.6, 163.93, 323.87, 172.78, 245.81, 98.02, 30.6, 63.9, 125, 64.56, 87.89, , , , , 
1/31/2020 12:51:27 AM, 3292, 9230.25, 1649.5, 327.68, 222.6, 163.93, 323.87, 172.78, 245.81, 98.02, 30.6, 63.9, 125, 64.56, 87.89, , , , , 
1/31/2020 12:51:30 AM, 3292, 9229.5, 1649.5, 327.68, 222.6, 163.93, 323.87, 172.78, 245.81, 98.02, 30.6, 63.9, 125, 64.56, 87.89, , , , , 
1/31/2020 12:51:33 AM, 3292, 9229.75, 1649.5, 327.68, 222.6, 163.93, 323.87, 172.78, 245.81, 98.02, 30.6, 63.9, 125, 64.56, 87.89, , , , , 
1/31/2020 12:51:36 AM, 3292, 9229.75, 1649.5, 327.68, 222.6, 163.93, 323.87, 172.78, 245.81, 98.02, 30.6, 63.9, 125, 64.56, 87.89, , , , , 
1/31/2020 12:51:39 AM, 3292, 9229.75, 1649.5, 327.68, 222.6, 163.93, 323.87, 172.78, 245.81, 98.02, 30.6, 63.9, 125, 64.56, 87.89, , , , , 
1/31/2020 12:51:42 AM, 3292, 9229.75, 1649.5, 327.68, 222.6, 163.93, 323.87, 172.78, 245.81, 98.02, 30.6, 63.9, 125, 64.56, 87.89, , , , , 
1/31/2020 12:51:45 AM, 3292, 9229.75, 1649.5, 327.68, 222.6, 163.93, 323.87, 172.78, 245.81, 98.02, 30.6, 63.9, 125, 64.56, 87.89, , , , , 
1/31/2020 12:51:48 AM, 3292, 9230, 1649.5, 327.68, 222.6, 163.93, 323.87, 172.78, 245.81, 98.02, 30.6, 63.9, 125, 64.56, 87.89, , , , , 
1/31/2020 12:51:51 AM, 3292, 9229.75, 1649.5, 327.68, 222.6, 163.93, 323.87, 172.78, 245.81, 98.02, 30.6, 63.9, 125, 64.56, 87.89, , , , , 
1/31/2020 12:51:54 AM, 3292, 9229.75, 1649.5, 327.68, 222.6, 163.93, 323.87, 172.78, 245.81, 98.02, 30.6, 63.9, 125, 64.56, 87.89, , , , , 
1/31/2020 12:51:57 AM, 3292, 9229.75, 1649.5, 327.68, 222.6, 163.93, 323.87, 172.78, 245.81, 98.02, 30.6, 63.9, 125, 64.56, 87.89, , , , , 
1/31/2020 12:52:00 AM, 3292, 9229.75, 1649.5, 327.68, 222.6, 163.93, 323.87, 172.78, 245.81, 98.02, 30.6, 63.9, 125, 64.56, 87.89, , , , , 
1/31/2020 12:52:03 AM, 3292, 9229.75, 1649.5, 327.68, 222.6, 163.93, 323.87, 172.78, 245.81, 98.02, 30.6, 63.9, 125, 64.56, 87.89, , , , , 
1/31/2020 12:52:06 AM, 3292, 9229.75, 1649.5, 327.68, 222.6, 163.93, 323.87, 172.78, 245.81, 98.02, 30.6, 63.9, 125, 64.56, 87.89, , , , , 
1/31/2020 12:52:09 AM, 3292, 9230.25, 1649.5, 327.68, 222.6, 163.93, 323.87, 172.78, 245.81, 98.02, 30.6, 63.9, 125, 64.56, 87.89, , , , , 
1/31/2020 12:52:12 AM, 3292, 9230.25, 1649.5, 327.68, 222.6, 163.93, 323.87, 172.78, 245.81, 98.02, 30.6, 63.9, 125, 64.56, 87.89, , , , , 
1/31/2020 12:52:15 AM, 3291.75, 9229.5, 1649.5, 327.68, 222.6, 163.93, 323.87, 172.78, 245.81, 98.02, 30.6, 63.9, 125, 64.56, 87.89, , , , , 
1/31/2020 12:52:18 AM, 3291.75, 9229.5, 1649.5, 327.68, 222.6, 163.93, 323.87, 172.78, 245.81, 98.02, 30.6, 63.9, 125, 64.56, 87.89, , , , , 
1/31/2020 12:52:21 AM, 3291.75, 9229.25, 1649.5, 327.68, 222.6, 163.93, 323.87, 172.78, 245.81, 98.02, 30.6, 63.9, 125, 64.56, 87.89, , , , , 
1/31/2020 12:52:24 AM, 3291.75, 9229.25, 1649.5, 327.68, 222.6, 163.93, 323.87, 172.78, 245.81, 98.02, 30.6, 63.9, 125, 64.56, 87.89, , , , , 
1/31/2020 12:52:27 AM, 3291.75, 9229, 1649.6, 327.68, 222.6, 163.93, 323.87, 172.78, 245.81, 98.02, 30.6, 63.9, 125, 64.56, 87.89, , , , , 
1/31/2020 12:52:30 AM, 3291.75, 9229, 1649.6, 327.68, 222.6, 163.93, 323.87, 172.78, 245.81, 98.02, 30.6, 63.9, 125, 64.56, 87.89, , , , , 
1/31/2020 12:52:33 AM, 3292, 9229.5, 1649.6, 327.68, 222.6, 163.93, 323.87, 172.78, 245.81, 98.02, 30.6, 63.9, 125, 64.56, 87.89, , , , , 
1/31/2020 12:52:36 AM, 3292, 9229.5, 1649.6, 327.68, 222.6, 163.93, 323.87, 172.78, 245.81, 98.02, 30.6, 63.9, 125, 64.56, 87.89, , , , , 
1/31/2020 12:52:39 AM, 3292, 9229.5, 1649.6, 327.68, 222.6, 163.93, 323.87, 172.78, 245.81, 98.02, 30.6, 63.9, 125, 64.56, 87.89, , , , , 
1/31/2020 12:52:42 AM, 3292, 9230, 1649.6, 327.68, 222.6, 163.93, 323.87, 172.78, 245.81, 98.02, 30.6, 63.9, 125, 64.56, 87.89, , , , , 
1/31/2020 12:52:45 AM, 3292, 9230.5, 1649.6, 327.68, 222.6, 163.93, 323.87, 172.78, 245.81, 98.02, 30.6, 63.9, 125, 64.56, 87.89, , , , , 
1/31/2020 12:52:49 AM, 3292, 9230.5, 1649.6, 327.68, 222.6, 163.93, 323.87, 172.78, 245.81, 98.02, 30.6, 63.9, 125, 64.56, 87.89, , , , , 
1/31/2020 12:52:52 AM, 3292, 9230.5, 1649.6, 327.68, 222.6, 163.93, 323.87, 172.78, 245.81, 98.02, 30.6, 63.9, 125, 64.56, 87.89, , , , , 
1/31/2020 12:52:55 AM, 3292, 9230, 1649.6, 327.68, 222.6, 163.93, 323.87, 172.78, 245.81, 98.02, 30.6, 63.9, 125, 64.56, 87.89, , , , , 
1/31/2020 12:52:58 AM, 3292, 9229.75, 1649.6, 327.68, 222.6, 163.93, 323.87, 172.78, 245.81, 98.02, 30.6, 63.9, 125, 64.56, 87.89, , , , , 
1/31/2020 12:53:01 AM, 3292, 9229.75, 1649.6, 327.68, 222.6, 163.93, 323.87, 172.78, 245.81, 98.02, 30.6, 63.9, 125, 64.56, 87.89, , , , , 
1/31/2020 12:53:04 AM, 3292, 9229.75, 1649.6, 327.68, 222.6, 163.93, 323.87, 172.78, 245.81, 98.02, 30.6, 63.9, 125, 64.56, 87.89, , , , , 
1/31/2020 12:53:07 AM, 3292.25, 9230, 1649.7, 327.68, 222.6, 163.93, 323.87, 172.78, 245.81, 98.02, 30.6, 63.9, 125, 64.56, 87.89, , , , , 
1/31/2020 12:53:10 AM, 3292.25, 9229.5, 1649.7, 327.68, 222.6, 163.93, 323.87, 172.78, 245.81, 98.02, 30.6, 63.9, 125, 64.56, 87.89, , , , , 
1/31/2020 12:53:13 AM, 3292, 9229.5, 1649.7, 327.68, 222.6, 163.93, 323.87, 172.78, 245.81, 98.02, 30.6, 63.9, 125, 64.56, 87.89, , , , , 
1/31/2020 12:53:16 AM, 3292, 9229.5, 1649.7, 327.68, 222.6, 163.93, 323.87, 172.78, 245.81, 98.02, 30.6, 63.9, 125, 64.56, 87.89, , , , , 
1/31/2020 12:53:19 AM, 3292, 9229.25, 1649.7, 327.68, 222.6, 163.93, 323.87, 172.78, 245.81, 98.02, 30.6, 63.9, 125, 64.56, 87.89, , , , , 
1/31/2020 12:53:22 AM, 3292, 9229.25, 1649.7, 327.68, 222.6, 163.93, 323.87, 172.78, 245.81, 98.02, 30.6, 63.9, 125, 64.56, 87.89, , , , , 
1/31/2020 12:53:25 AM, 3292, 9228.75, 1649.5, 327.68, 222.6, 163.93, 323.87, 172.78, 245.81, 98.02, 30.6, 63.9, 125, 64.56, 87.89, , , , , 
1/31/2020 12:53:28 AM, 3291.75, 9229, 1649.5, 327.68, 222.6, 163.93, 323.87, 172.78, 245.81, 98.02, 30.6, 63.9, 125, 64.56, 87.89, , , , , 
1/31/2020 12:53:31 AM, 3291.75, 9228.75, 1649.5, 327.68, 222.6, 163.93, 323.87, 172.78, 245.81, 98.02, 30.6, 63.9, 125, 64.56, 87.89, , , , , 
1/31/2020 12:53:34 AM, 3291.75, 9228.75, 1649.5, 327.68, 222.6, 163.93, 323.87, 172.78, 245.81, 98.02, 30.6, 63.9, 125, 64.56, 87.89, , , , , 
1/31/2020 12:53:37 AM, 3291.75, 9228.75, 1649.5, 327.68, 222.6, 163.93, 323.87, 172.78, 245.81, 98.02, 30.6, 63.9, 125, 64.56, 87.89, , , , , 
1/31/2020 12:53:40 AM, 3291.75, 9228.75, 1649.5, 327.68, 222.6, 163.93, 323.87, 172.78, 245.81, 98.02, 30.6, 63.9, 125, 64.56, 87.89, , , , , 
1/31/2020 12:53:43 AM, 3291.75, 9228.75, 1649.5, 327.68, 222.6, 163.93, 323.87, 172.78, 245.81, 98.02, 30.6, 63.9, 125, 64.56, 87.89, , , , , 
1/31/2020 12:53:46 AM, 3291.75, 9228.25, 1649.5, 327.68, 222.6, 163.93, 323.87, 172.78, 245.81, 98.02, 30.6, 63.9, 125, 64.56, 87.89, , , , , 
1/31/2020 12:53:49 AM, 3291.75, 9228.5, 1649.5, 327.68, 222.6, 163.93, 323.87, 172.78, 245.81, 98.02, 30.6, 63.9, 125, 64.56, 87.89, , , , , 
1/31/2020 12:53:52 AM, 3291.75, 9228.5, 1649.4, 327.68, 222.6, 163.93, 323.87, 172.78, 245.81, 98.02, 30.6, 63.9, 125, 64.56, 87.89, , , , , 
1/31/2020 12:53:55 AM, 3291.75, 9228.25, 1649.4, 327.68, 222.6, 163.93, 323.87, 172.78, 245.81, 98.02, 30.6, 63.9, 125, 64.56, 87.89, , , , , 
1/31/2020 12:53:58 AM, 3291.75, 9228.25, 1649.4, 327.68, 222.6, 163.93, 323.87, 172.78, 245.81, 98.02, 30.6, 63.9, 125, 64.56, 87.89, , , , , 
1/31/2020 12:54:01 AM, 3291.75, 9228.25, 1649.4, 327.68, 222.6, 163.93, 323.87, 172.78, 245.81, 98.02, 30.6, 63.9, 125, 64.56, 87.89, , , , , 
1/31/2020 12:54:04 AM, 3291.5, 9228.5, 1649.4, 327.68, 222.6, 163.93, 323.87, 172.78, 245.81, 98.02, 30.6, 63.9, 125, 64.56, 87.89, , , , , 
1/31/2020 12:54:07 AM, 3291.5, 9228.5, 1649.4, 327.68, 222.6, 163.93, 323.87, 172.78, 245.81, 98.02, 30.6, 63.9, 125, 64.56, 87.89, , , , , 
1/31/2020 12:54:10 AM, 3291.5, 9227.5, 1649.4, 327.68, 222.6, 163.93, 323.87, 172.78, 245.81, 98.02, 30.6, 63.9, 125, 64.56, 87.89, , , , , 
1/31/2020 12:54:13 AM, 3291.5, 9227.5, 1649.4, 327.68, 222.6, 163.93, 323.87, 172.78, 245.81, 98.02, 30.6, 63.9, 125, 64.56, 87.89, , , , , 
1/31/2020 12:54:16 AM, 3291, 9226.5, 1649.1, 327.68, 222.6, 163.93, 323.87, 172.78, 245.81, 98.02, 30.6, 63.9, 125, 64.56, 87.89, , , , , 
1/31/2020 12:54:19 AM, 3291, 9226.5, 1649.1, 327.68, 222.6, 163.93, 323.87, 172.78, 245.81, 98.02, 30.6, 63.9, 125, 64.56, 87.89, , , , , 
1/31/2020 12:54:22 AM, 3291.25, 9226.25, 1649.1, 327.68, 222.6, 163.93, 323.87, 172.78, 245.81, 98.02, 30.6, 63.9, 125, 64.56, 87.89, , , , , 
1/31/2020 12:54:25 AM, 3291.25, 9226.25, 1649.1, 327.68, 222.6, 163.93, 323.87, 172.78, 245.81, 98.02, 30.6, 63.9, 125, 64.56, 87.89, , , , , 
1/31/2020 12:54:28 AM, 3291, 9225.5, 1649.1, 327.68, 222.6, 163.93, 323.87, 172.78, 245.81, 98.02, 30.6, 63.9, 125, 64.56, 87.89, , , , , 
1/31/2020 12:54:31 AM, 3291, 9225.5, 1649.1, 327.68, 222.6, 163.93, 323.87, 172.78, 245.81, 98.02, 30.6, 63.9, 125, 64.56, 87.89, , , , , 
1/31/2020 12:54:34 AM, 3291, 9225.25, 1649.1, 327.68, 222.6, 163.93, 323.87, 172.78, 245.81, 98.02, 30.6, 63.9, 125, 64.56, 87.89, , , , , 
1/31/2020 12:54:37 AM, 3291, 9225.25, 1649.1, 327.68, 222.6, 163.93, 323.87, 172.78, 245.81, 98.02, 30.6, 63.9, 125, 64.56, 87.89, , , , , 
1/31/2020 12:54:40 AM, 3291, 9226, 1649.1, 327.68, 222.6, 163.93, 323.87, 172.78, 245.81, 98.02, 30.6, 63.9, 125, 64.56, 87.89, , , , , 
1/31/2020 12:54:43 AM, 3291, 9226, 1649.1, 327.68, 222.6, 163.93, 323.87, 172.78, 245.81, 98.02, 30.6, 63.9, 125, 64.56, 87.89, , , , , 
1/31/2020 12:54:46 AM, 3290.75, 9225.5, 1649.1, 327.68, 222.6, 163.93, 323.87, 172.78, 245.81, 98.02, 30.6, 63.9, 125, 64.56, 87.89, , , , , 
1/31/2020 12:54:49 AM, 3290.75, 9225.5, 1649.1, 327.68, 222.6, 163.93, 323.87, 172.78, 245.81, 98.02, 30.6, 63.9, 125, 64.56, 87.89, , , , , 
1/31/2020 12:54:52 AM, 3290.75, 9225.75, 1649.1, 327.68, 222.6, 163.93, 323.87, 172.78, 245.81, 98.02, 30.6, 63.9, 125, 64.56, 87.89, , , , , 
1/31/2020 12:54:55 AM, 3290.75, 9225.75, 1649.1, 327.68, 222.6, 163.93, 323.87, 172.78, 245.81, 98.02, 30.6, 63.9, 125, 64.56, 87.89, , , , , 
1/31/2020 12:54:58 AM, 3291, 9225.5, 1649.1, 327.68, 222.6, 163.93, 323.87, 172.78, 245.81, 98.02, 30.6, 63.9, 125, 64.56, 87.89, , , , , 
1/31/2020 12:55:01 AM, 3291, 9225.5, 1649.1, 327.68, 222.6, 163.93, 323.87, 172.78, 245.81, 98.02, 30.6, 63.9, 125, 64.56, 87.89, , , , , 
1/31/2020 12:55:04 AM, 3290.75, 9225.5, 1649.1, 327.68, 222.6, 163.93, 323.87, 172.78, 245.81, 98.02, 30.6, 63.9, 125, 64.56, 87.89, , , , , 
1/31/2020 12:55:07 AM, 3290.75, 9225, 1649, 327.68, 222.6, 163.93, 323.87, 172.78, 245.81, 98.02, 30.6, 63.9, 125, 64.56, 87.89, , , , , 
1/31/2020 12:55:10 AM, 3291, 9225.25, 1649, 327.68, 222.6, 163.93, 323.87, 172.78, 245.81, 98.02, 30.6, 63.9, 125, 64.56, 87.89, , , , , 
1/31/2020 12:55:13 AM, 3290.75, 9225.5, 1649.1, 327.68, 222.6, 163.93, 323.87, 172.78, 245.81, 98.02, 30.6, 63.9, 125, 64.56, 87.89, , , , , 
1/31/2020 12:55:17 AM, 3291, 9225.75, 1649.1, 327.68, 222.6, 163.93, 323.87, 172.78, 245.81, 98.02, 30.6, 63.9, 125, 64.56, 87.89, , , , , 
1/31/2020 12:55:20 AM, 3291.25, 9226.25, 1649.2, 327.68, 222.6, 163.93, 323.87, 172.78, 245.81, 98.02, 30.6, 63.9, 125, 64.56, 87.89, , , , , 
1/31/2020 12:55:23 AM, 3291.25, 9226, 1649.4, 327.68, 222.6, 163.93, 323.87, 172.78, 245.81, 98.02, 30.6, 63.9, 125, 64.56, 87.89, , , , , 
1/31/2020 12:55:26 AM, 3291.25, 9225.75, 1649.4, 327.68, 222.6, 163.93, 323.87, 172.78, 245.81, 98.02, 30.6, 63.9, 125, 64.56, 87.89, , , , , 
1/31/2020 12:55:29 AM, 3291.25, 9226, 1649.4, 327.68, 222.6, 163.93, 323.87, 172.78, 245.81, 98.02, 30.6, 63.9, 125, 64.56, 87.89, , , , , 
1/31/2020 12:55:32 AM, 3291.25, 9226.25, 1649.4, 327.68, 222.6, 163.93, 323.87, 172.78, 245.81, 98.02, 30.6, 63.9, 125, 64.56, 87.89, , , , , 
1/31/2020 12:55:35 AM, 3291.25, 9226.25, 1649.4, 327.68, 222.6, 163.93, 323.87, 172.78, 245.81, 98.02, 30.6, 63.9, 125, 64.56, 87.89, , , , , 
1/31/2020 12:55:38 AM, 3291.25, 9225.25, 1649.4, 327.68, 222.6, 163.93, 323.87, 172.78, 245.81, 98.02, 30.6, 63.9, 125, 64.56, 87.89, , , , , 
1/31/2020 12:55:41 AM, 3291, 9225.25, 1649.4, 327.68, 222.6, 163.93, 323.87, 172.78, 245.81, 98.02, 30.6, 63.9, 125, 64.56, 87.89, , , , , 
1/31/2020 12:55:44 AM, 3291, 9225.25, 1649.4, 327.68, 222.6, 163.93, 323.87, 172.78, 245.81, 98.02, 30.6, 63.9, 125, 64.56, 87.89, , , , , 
1/31/2020 12:55:47 AM, 3291, 9225.25, 1649.4, 327.68, 222.6, 163.93, 323.87, 172.78, 245.81, 98.02, 30.6, 63.9, 125, 64.56, 87.89, , , , , 
1/31/2020 12:55:50 AM, 3291, 9225.5, 1649.4, 327.68, 222.6, 163.93, 323.87, 172.78, 245.81, 98.02, 30.6, 63.9, 125, 64.56, 87.89, , , , , 
1/31/2020 12:55:53 AM, 3291.25, 9225.75, 1649.4, 327.68, 222.6, 163.93, 323.87, 172.78, 245.81, 98.02, 30.6, 63.9, 125, 64.56, 87.89, , , , , 
1/31/2020 12:55:56 AM, 3291.25, 9225.5, 1649.3, 327.68, 222.6, 163.93, 323.87, 172.78, 245.81, 98.02, 30.6, 63.9, 125, 64.56, 87.89, , , , , 
1/31/2020 12:55:59 AM, 3291.25, 9225.25, 1649.3, 327.68, 222.6, 163.93, 323.87, 172.78, 245.81, 98.02, 30.6, 63.9, 125, 64.56, 87.89, , , , , 
1/31/2020 12:56:02 AM, 3291, 9225, 1649.3, 327.68, 222.6, 163.93, 323.87, 172.78, 245.81, 98.02, 30.6, 63.9, 125, 64.56, 87.89, , , , , 
1/31/2020 12:56:05 AM, 3291, 9225, 1649.3, 327.68, 222.6, 163.93, 323.87, 172.78, 245.81, 98.02, 30.6, 63.9, 125, 64.56, 87.89, , , , , 
1/31/2020 12:56:08 AM, 3291, 9225.25, 1649.3, 327.68, 222.6, 163.93, 323.87, 172.78, 245.81, 98.02, 30.6, 63.9, 125, 64.56, 87.89, , , , , 
1/31/2020 12:56:11 AM, 3291, 9225.25, 1649.3, 327.68, 222.6, 163.93, 323.87, 172.78, 245.81, 98.02, 30.6, 63.9, 125, 64.56, 87.89, , , , , 
1/31/2020 12:56:14 AM, 3291, 9225.5, 1649.3, 327.68, 222.6, 163.93, 323.87, 172.78, 245.81, 98.02, 30.6, 63.9, 125, 64.56, 87.89, , , , , 
1/31/2020 12:56:17 AM, 3291, 9225.5, 1649.3, 327.68, 222.6, 163.93, 323.87, 172.78, 245.81, 98.02, 30.6, 63.9, 125, 64.56, 87.89, , , , , 
1/31/2020 12:56:20 AM, 3291, 9225.5, 1649.3, 327.68, 222.6, 163.93, 323.87, 172.78, 245.81, 98.02, 30.6, 63.9, 125, 64.56, 87.89, , , , , 
1/31/2020 12:56:23 AM, 3291.25, 9226.5, 1649.3, 327.68, 222.6, 163.93, 323.87, 172.78, 245.81, 98.02, 30.6, 63.9, 125, 64.56, 87.89, , , , , 
1/31/2020 12:56:26 AM, 3291.25, 9226.5, 1649.3, 327.68, 222.6, 163.93, 323.87, 172.78, 245.81, 98.02, 30.6, 63.9, 125, 64.56, 87.89, , , , , 
1/31/2020 12:56:29 AM, 3291.25, 9226, 1649.3, 327.68, 222.6, 163.93, 323.87, 172.78, 245.81, 98.02, 30.6, 63.9, 125, 64.56, 87.89, , , , , 
1/31/2020 12:56:32 AM, 3291.25, 9226, 1649.3, 327.68, 222.6, 163.93, 323.87, 172.78, 245.81, 98.02, 30.6, 63.9, 125, 64.56, 87.89, , , , , 
1/31/2020 12:56:35 AM, 3291.25, 9227, 1649.3, 327.68, 222.6, 163.93, 323.87, 172.78, 245.81, 98.02, 30.6, 63.9, 125, 64.56, 87.89, , , , , 
1/31/2020 12:56:38 AM, 3291.5, 9227.5, 1649.3, 327.68, 222.6, 163.93, 323.87, 172.78, 245.81, 98.02, 30.6, 63.9, 125, 64.56, 87.89, , , , , 
1/31/2020 12:56:41 AM, 3291.5, 9227.75, 1649.3, 327.68, 222.6, 163.93, 323.87, 172.78, 245.81, 98.02, 30.6, 63.9, 125, 64.56, 87.89, , , , , 
1/31/2020 12:56:44 AM, 3291.5, 9227.75, 1649.3, 327.68, 222.6, 163.93, 323.87, 172.78, 245.81, 98.02, 30.6, 63.9, 125, 64.56, 87.89, , , , , 
1/31/2020 12:56:47 AM, 3291.75, 9227.75, 1649.5, 327.68, 222.6, 163.93, 323.87, 172.78, 245.81, 98.02, 30.6, 63.9, 125, 64.56, 87.89, , , , , 
1/31/2020 12:56:50 AM, 3291.75, 9228, 1649.5, 327.68, 222.6, 163.93, 323.87, 172.78, 245.81, 98.02, 30.6, 63.9, 125, 64.56, 87.89, , , , , 
1/31/2020 12:56:53 AM, 3291.75, 9228.5, 1649.5, 327.68, 222.6, 163.93, 323.87, 172.78, 245.81, 98.02, 30.6, 63.9, 125, 64.56, 87.89, , , , , 
1/31/2020 12:56:56 AM, 3291.75, 9228, 1649.6, 327.68, 222.6, 163.93, 323.87, 172.78, 245.81, 98.02, 30.6, 63.9, 125, 64.56, 87.89, , , , , 
1/31/2020 12:56:59 AM, 3291.75, 9228.5, 1649.6, 327.68, 222.6, 163.93, 323.87, 172.78, 245.81, 98.02, 30.6, 63.9, 125, 64.56, 87.89, , , , , 
1/31/2020 12:57:02 AM, 3291.75, 9228, 1649.6, 327.68, 222.6, 163.93, 323.87, 172.78, 245.81, 98.02, 30.6, 63.9, 125, 64.56, 87.89, , , , , 
1/31/2020 12:57:05 AM, 3291.5, 9228.25, 1649.6, 327.68, 222.6, 163.93, 323.87, 172.78, 245.81, 98.02, 30.6, 63.9, 125, 64.56, 87.89, , , , , 
1/31/2020 12:57:08 AM, 3291.75, 9227.75, 1649.6, 327.68, 222.6, 163.93, 323.87, 172.78, 245.81, 98.02, 30.6, 63.9, 125, 64.56, 87.89, , , , , 
1/31/2020 12:57:11 AM, 3291.75, 9227.5, 1649.5, 327.68, 222.6, 163.93, 323.87, 172.78, 245.81, 98.02, 30.6, 63.9, 125, 64.56, 87.89, , , , , 
1/31/2020 12:57:14 AM, 3291.75, 9227.75, 1649.5, 327.68, 222.6, 163.93, 323.87, 172.78, 245.81, 98.02, 30.6, 63.9, 125, 64.56, 87.89, , , , , 
1/31/2020 12:57:17 AM, 3291.75, 9227.75, 1649.5, 327.68, 222.6, 163.93, 323.87, 172.78, 245.81, 98.02, 30.6, 63.9, 125, 64.56, 87.89, , , , , 
1/31/2020 12:57:21 AM, 3291.75, 9227.75, 1649.5, 327.68, 222.6, 163.93, 323.87, 172.78, 245.81, 98.02, 30.6, 63.9, 125, 64.56, 87.89, , , , , 
1/31/2020 12:57:24 AM, 3291.75, 9228.25, 1649.5, 327.68, 222.6, 163.93, 323.87, 172.78, 245.81, 98.02, 30.6, 63.9, 125, 64.56, 87.89, , , , , 
1/31/2020 12:57:27 AM, 3291.75, 9228.25, 1649.5, 327.68, 222.6, 163.93, 323.87, 172.78, 245.81, 98.02, 30.6, 63.9, 125, 64.56, 87.89, , , , , 
1/31/2020 12:57:30 AM, 3292, 9228, 1649.5, 327.68, 222.6, 163.93, 323.87, 172.78, 245.81, 98.02, 30.6, 63.9, 125, 64.56, 87.89, , , , , 
1/31/2020 12:57:33 AM, 3292, 9228.25, 1649.5, 327.68, 222.6, 163.93, 323.87, 172.78, 245.81, 98.02, 30.6, 63.9, 125, 64.56, 87.89, , , , , 
1/31/2020 12:57:36 AM, 3292, 9228.25, 1649.6, 327.68, 222.6, 163.93, 323.87, 172.78, 245.81, 98.02, 30.6, 63.9, 125, 64.56, 87.89, , , , , 
1/31/2020 12:57:39 AM, 3292, 9228.25, 1649.6, 327.68, 222.6, 163.93, 323.87, 172.78, 245.81, 98.02, 30.6, 63.9, 125, 64.56, 87.89, , , , , 
1/31/2020 12:57:42 AM, 3292, 9228.5, 1649.6, 327.68, 222.6, 163.93, 323.87, 172.78, 245.81, 98.02, 30.6, 63.9, 125, 64.56, 87.89, , , , , 
1/31/2020 12:57:45 AM, 3292, 9228.75, 1649.6, 327.68, 222.6, 163.93, 323.87, 172.78, 245.81, 98.02, 30.6, 63.9, 125, 64.56, 87.89, , , , , 
1/31/2020 12:57:48 AM, 3291.75, 9228.75, 1649.6, 327.68, 222.6, 163.93, 323.87, 172.78, 245.81, 98.02, 30.6, 63.9, 125, 64.56, 87.89, , , , , 
1/31/2020 12:57:51 AM, 3291.75, 9228, 1649.6, 327.68, 222.6, 163.93, 323.87, 172.78, 245.81, 98.02, 30.6, 63.9, 125, 64.56, 87.89, , , , , 
1/31/2020 12:57:54 AM, 3292, 9228, 1649.6, 327.68, 222.6, 163.93, 323.87, 172.78, 245.81, 98.02, 30.6, 63.9, 125, 64.56, 87.89, , , , , 
1/31/2020 12:57:57 AM, 3292, 9228, 1649.6, 327.68, 222.6, 163.93, 323.87, 172.78, 245.81, 98.02, 30.6, 63.9, 125, 64.56, 87.89, , , , , 
1/31/2020 12:58:00 AM, 3292, 9228.25, 1649.6, 327.68, 222.6, 163.93, 323.87, 172.78, 245.81, 98.02, 30.6, 63.9, 125, 64.56, 87.89, , , , , 
1/31/2020 12:58:03 AM, 3292, 9228, 1649.6, 327.68, 222.6, 163.93, 323.87, 172.78, 245.81, 98.02, 30.6, 63.9, 125, 64.56, 87.89, , , , , 
1/31/2020 12:58:06 AM, 3291.75, 9228, 1649.4, 327.68, 222.6, 163.93, 323.87, 172.78, 245.81, 98.02, 30.6, 63.9, 125, 64.56, 87.89, , , , , 
1/31/2020 12:58:09 AM, 3291.75, 9228, 1649.4, 327.68, 222.6, 163.93, 323.87, 172.78, 245.81, 98.02, 30.6, 63.9, 125, 64.56, 87.89, , , , , 
1/31/2020 12:58:12 AM, 3291.5, 9227.5, 1649.4, 327.68, 222.6, 163.93, 323.87, 172.78, 245.81, 98.02, 30.6, 63.9, 125, 64.56, 87.89, , , , , 
1/31/2020 12:58:15 AM, 3291.5, 9227.25, 1649.4, 327.68, 222.6, 163.93, 323.87, 172.78, 245.81, 98.02, 30.6, 63.9, 125, 64.56, 87.89, , , , , 
1/31/2020 12:58:18 AM, 3291.25, 9227, 1649.3, 327.68, 222.6, 163.93, 323.87, 172.78, 245.81, 98.02, 30.6, 63.9, 125, 64.56, 87.89, , , , , 
1/31/2020 12:58:21 AM, 3291.25, 9226.75, 1649.3, 327.68, 222.6, 163.93, 323.87, 172.78, 245.81, 98.02, 30.6, 63.9, 125, 64.56, 87.89, , , , , 
1/31/2020 12:58:24 AM, 3291.5, 9226.5, 1649.3, 327.68, 222.6, 163.93, 323.87, 172.78, 245.81, 98.02, 30.6, 63.9, 125, 64.56, 87.89, , , , , 
1/31/2020 12:58:27 AM, 3291.5, 9227, 1649.3, 327.68, 222.6, 163.93, 323.87, 172.78, 245.81, 98.02, 30.6, 63.9, 125, 64.56, 87.89, , , , , 
1/31/2020 12:58:30 AM, 3291.5, 9227, 1649.3, 327.68, 222.6, 163.93, 323.87, 172.78, 245.81, 98.02, 30.6, 63.9, 125, 64.56, 87.89, , , , , 
1/31/2020 12:58:33 AM, 3291.25, 9227.5, 1649.3, 327.68, 222.6, 163.93, 323.87, 172.78, 245.81, 98.02, 30.6, 63.9, 125, 64.56, 87.89, , , , , 
1/31/2020 12:58:36 AM, 3291.5, 9227.5, 1649.3, 327.68, 222.6, 163.93, 323.87, 172.78, 245.81, 98.02, 30.6, 63.9, 125, 64.56, 87.89, , , , , 
1/31/2020 12:58:39 AM, 3291.25, 9227.5, 1649.3, 327.68, 222.6, 163.93, 323.87, 172.78, 245.81, 98.02, 30.6, 63.9, 125, 64.56, 87.89, , , , , 
1/31/2020 12:58:42 AM, 3291.75, 9228, 1649.4, 327.68, 222.6, 163.93, 323.87, 172.78, 245.81, 98.02, 30.6, 63.9, 125, 64.56, 87.89, , , , , 
1/31/2020 12:58:45 AM, 3291.75, 9227.5, 1649.4, 327.68, 222.6, 163.93, 323.87, 172.78, 245.81, 98.02, 30.6, 63.9, 125, 64.56, 87.89, , , , , 
1/31/2020 12:58:48 AM, 3291.75, 9228.25, 1649.4, 327.68, 222.6, 163.93, 323.87, 172.78, 245.81, 98.02, 30.6, 63.9, 125, 64.56, 87.89, , , , , 
1/31/2020 12:58:51 AM, 3291.5, 9227.25, 1649.4, 327.68, 222.6, 163.93, 323.87, 172.78, 245.81, 98.02, 30.6, 63.9, 125, 64.56, 87.89, , , , , 
1/31/2020 12:58:54 AM, 3291.25, 9226.75, 1649.4, 327.68, 222.6, 163.93, 323.87, 172.78, 245.81, 98.02, 30.6, 63.9, 125, 64.56, 87.89, , , , , 
1/31/2020 12:58:57 AM, 3291.25, 9226.5, 1649.4, 327.68, 222.6, 163.93, 323.87, 172.78, 245.81, 98.02, 30.6, 63.9, 125, 64.56, 87.89, , , , , 
1/31/2020 12:59:00 AM, 3291.25, 9226.5, 1649.4, 327.68, 222.6, 163.93, 323.87, 172.78, 245.81, 98.02, 30.6, 63.9, 125, 64.56, 87.89, , , , , 
1/31/2020 12:59:03 AM, 3291, 9225.75, 1649.4, 327.68, 222.6, 163.93, 323.87, 172.78, 245.81, 98.02, 30.6, 63.9, 125, 64.56, 87.89, , , , , 
1/31/2020 12:59:06 AM, 3291, 9225, 1649.4, 327.68, 222.6, 163.93, 323.87, 172.78, 245.81, 98.02, 30.6, 63.9, 125, 64.56, 87.89, , , , , 
1/31/2020 12:59:09 AM, 3291, 9225.25, 1649.4, 327.68, 222.6, 163.93, 323.87, 172.78, 245.81, 98.02, 30.6, 63.9, 125, 64.56, 87.89, , , , , 
1/31/2020 12:59:12 AM, 3290.75, 9225.25, 1649, 327.68, 222.6, 163.93, 323.87, 172.78, 245.81, 98.02, 30.6, 63.9, 125, 64.56, 87.89, , , , , 
1/31/2020 12:59:15 AM, 3290.75, 9225.25, 1649, 327.68, 222.6, 163.93, 323.87, 172.78, 245.81, 98.02, 30.6, 63.9, 125, 64.56, 87.89, , , , , 
1/31/2020 12:59:18 AM, 3291, 9225, 1649.1, 327.68, 222.6, 163.93, 323.87, 172.78, 245.81, 98.02, 30.6, 63.9, 125, 64.56, 87.89, , , , , 
1/31/2020 12:59:21 AM, 3290.75, 9225.25, 1649.1, 327.68, 222.6, 163.93, 323.87, 172.78, 245.81, 98.02, 30.6, 63.9, 125, 64.56, 87.89, , , , , 
1/31/2020 12:59:24 AM, 3290.75, 9224.75, 1649.1, 327.68, 222.6, 163.93, 323.87, 172.78, 245.81, 98.02, 30.6, 63.9, 125, 64.56, 87.89, , , , , 
1/31/2020 12:59:27 AM, 3290.5, 9224.5, 1649.1, 327.68, 222.6, 163.93, 323.87, 172.78, 245.81, 98.02, 30.6, 63.9, 125, 64.56, 87.89, , , , , 
1/31/2020 12:59:30 AM, 3290.5, 9224, 1649.1, 327.68, 222.6, 163.93, 323.87, 172.78, 245.81, 98.02, 30.6, 63.9, 125, 64.56, 87.89, , , , , 
1/31/2020 12:59:34 AM, 3290.5, 9224.25, 1649.1, 327.68, 222.6, 163.93, 323.87, 172.78, 245.81, 98.02, 30.6, 63.9, 125, 64.56, 87.89, , , , , 
1/31/2020 12:59:37 AM, 3290.5, 9223.5, 1649.1, 327.68, 222.6, 163.93, 323.87, 172.78, 245.81, 98.02, 30.6, 63.9, 125, 64.56, 87.89, , , , , 
1/31/2020 12:59:40 AM, 3290.5, 9223, 1649.1, 327.68, 222.6, 163.93, 323.87, 172.78, 245.81, 98.02, 30.6, 63.9, 125, 64.56, 87.89, , , , , 
1/31/2020 12:59:43 AM, 3290.25, 9223.5, 1649.1, 327.68, 222.6, 163.93, 323.87, 172.78, 245.81, 98.02, 30.6, 63.9, 125, 64.56, 87.89, , , , , 
1/31/2020 12:59:46 AM, 3290.5, 9223.5, 1649.1, 327.68, 222.6, 163.93, 323.87, 172.78, 245.81, 98.02, 30.6, 63.9, 125, 64.56, 87.89, , , , , 
1/31/2020 12:59:49 AM, 3290.5, 9223.75, 1649.1, 327.68, 222.6, 163.93, 323.87, 172.78, 245.81, 98.02, 30.6, 63.9, 125, 64.56, 87.89, , , , , 
1/31/2020 12:59:52 AM, 3290.5, 9223.5, 1649.1, 327.68, 222.6, 163.93, 323.87, 172.78, 245.81, 98.02, 30.6, 63.9, 125, 64.56, 87.89, , , , , 
1/31/2020 12:59:55 AM, 3290.5, 9224, 1649.1, 327.68, 222.6, 163.93, 323.87, 172.78, 245.81, 98.02, 30.6, 63.9, 125, 64.56, 87.89, , , , , 
1/31/2020 12:59:58 AM, 3290.5, 9223.5, 1649.1, 327.68, 222.6, 163.93, 323.87, 172.78, 245.81, 98.02, 30.6, 63.9, 125, 64.56, 87.89, , , , , 
1/31/2020 1:00:01 AM, 3290.25, 9223, 1648.7, 327.68, 222.6, 163.93, 323.87, 172.78, 245.81, 98.02, 30.6, 63.9, 125, 64.56, 87.89, , , , , 
1/31/2020 1:00:04 AM, 3290, 9222, 1648.5, 327.68, 222.6, 163.93, 323.87, 172.78, 245.81, 98.02, 30.6, 63.9, 125, 64.56, 87.89, , , , , 
1/31/2020 1:00:07 AM, 3289.25, 9220.5, 1648.2, 327.68, 222.6, 163.93, 323.87, 172.78, 245.81, 98.02, 30.6, 63.9, 125, 64.56, 87.89, , , , , 
1/31/2020 1:00:10 AM, 3289.5, 9220.75, 1648.2, 327.68, 222.6, 163.93, 323.87, 172.78, 245.81, 98.02, 30.6, 63.9, 125, 64.56, 87.89, , , , , 
1/31/2020 1:00:13 AM, 3289, 9220, 1648.2, 327.68, 222.6, 163.93, 323.87, 172.78, 245.81, 98.02, 30.6, 63.9, 125, 64.56, 87.89, , , , , 
1/31/2020 1:00:16 AM, 3289.25, 9220, 1648, 327.68, 222.6, 163.93, 323.87, 172.78, 245.81, 98.02, 30.6, 63.9, 125, 64.56, 87.89, , , , , 
1/31/2020 1:00:19 AM, 3289.25, 9220, 1648, 327.68, 222.6, 163.93, 323.87, 172.78, 245.81, 98.02, 30.6, 63.9, 125, 64.56, 87.89, , , , , 
1/31/2020 1:00:22 AM, 3289, 9219, 1647.8, 327.68, 222.6, 163.93, 323.87, 172.78, 245.81, 98.02, 30.6, 63.9, 125, 64.56, 87.89, , , , , 
1/31/2020 1:00:25 AM, 3288.75, 9218.5, 1647.8, 327.68, 222.6, 163.93, 323.87, 172.78, 245.81, 98.02, 30.6, 63.9, 125, 64.56, 87.89, , , , , 
1/31/2020 1:00:28 AM, 3288.75, 9219, 1647.9, 327.68, 222.6, 163.93, 323.87, 172.78, 245.81, 98.02, 30.6, 63.9, 125, 64.56, 87.89, , , , , 
1/31/2020 1:00:31 AM, 3289, 9219, 1647.9, 327.68, 222.6, 163.93, 323.87, 172.78, 245.81, 98.02, 30.6, 63.9, 125, 64.56, 87.89, , , , , 
1/31/2020 1:00:34 AM, 3289.25, 9219.75, 1647.9, 327.68, 222.6, 163.93, 323.87, 172.78, 245.81, 98.02, 30.6, 63.9, 125, 64.56, 87.89, , , , , 
1/31/2020 1:00:37 AM, 3289.25, 9219, 1647.9, 327.68, 222.6, 163.93, 323.87, 172.78, 245.81, 98.02, 30.6, 63.9, 125, 64.56, 87.89, , , , , 
1/31/2020 1:00:40 AM, 3289.25, 9220.75, 1647.9, 327.68, 222.6, 163.93, 323.87, 172.78, 245.81, 98.02, 30.6, 63.9, 125, 64.56, 87.89, , , , , 
1/31/2020 1:00:43 AM, 3289, 9220, 1647.9, 327.68, 222.6, 163.93, 323.87, 172.78, 245.81, 98.02, 30.6, 63.9, 125, 64.56, 87.89, , , , , 
1/31/2020 1:00:46 AM, 3289, 9219.75, 1647.9, 327.68, 222.6, 163.93, 323.87, 172.78, 245.81, 98.02, 30.6, 63.9, 125, 64.56, 87.89, , , , , 
1/31/2020 1:00:49 AM, 3289.25, 9219.25, 1647.9, 327.68, 222.6, 163.93, 323.87, 172.78, 245.81, 98.02, 30.6, 63.9, 125, 64.56, 87.89, , , , , 
1/31/2020 1:00:52 AM, 3289.25, 9219.5, 1647.9, 327.68, 222.6, 163.93, 323.87, 172.78, 245.81, 98.02, 30.6, 63.9, 125, 64.56, 87.89, , , , , 
1/31/2020 1:00:55 AM, 3289.25, 9220.25, 1647.9, 327.68, 222.6, 163.93, 323.87, 172.78, 245.81, 98.02, 30.6, 63.9, 125, 64.56, 87.89, , , , , 
1/31/2020 1:00:58 AM, 3289, 9220, 1647.9, 327.68, 222.6, 163.93, 323.87, 172.78, 245.81, 98.02, 30.6, 63.9, 125, 64.56, 87.89, , , , , 
1/31/2020 1:01:01 AM, 3289, 9219.5, 1647.9, 327.68, 222.6, 163.93, 323.87, 172.78, 245.81, 98.02, 30.6, 63.9, 125, 64.56, 87.89, , , , , 
1/31/2020 1:01:04 AM, 3289, 9219.75, 1647.9, 327.68, 222.6, 163.93, 323.87, 172.78, 245.81, 98.02, 30.6, 63.9, 125, 64.56, 87.89, , , , , 
1/31/2020 1:01:07 AM, 3289.25, 9220, 1647.9, 327.68, 222.6, 163.93, 323.87, 172.78, 245.81, 98.02, 30.6, 63.9, 125, 64.56, 87.89, , , , , 
1/31/2020 1:01:10 AM, 3289.25, 9220.25, 1647.9, 327.68, 222.6, 163.93, 323.87, 172.78, 245.81, 98.02, 30.6, 63.9, 125, 64.56, 87.89, , , , , 
1/31/2020 1:01:13 AM, 3289.25, 9220.25, 1648.3, 327.68, 222.6, 163.93, 323.87, 172.78, 245.81, 98.02, 30.6, 63.9, 125, 64.56, 87.89, , , , , 
1/31/2020 1:01:16 AM, 3289.25, 9221, 1648.3, 327.68, 222.6, 163.93, 323.87, 172.78, 245.81, 98.02, 30.6, 63.9, 125, 64.56, 87.89, , , , , 
1/31/2020 1:01:19 AM, 3289.25, 9220.5, 1648.3, 327.68, 222.6, 163.93, 323.87, 172.78, 245.81, 98.02, 30.6, 63.9, 125, 64.56, 87.89, , , , , 
1/31/2020 1:01:22 AM, 3289.5, 9220.5, 1648.3, 327.68, 222.6, 163.93, 323.87, 172.78, 245.81, 98.02, 30.6, 63.9, 125, 64.56, 87.89, , , , , 
1/31/2020 1:01:25 AM, 3289.5, 9220.5, 1648.3, 327.68, 222.6, 163.93, 323.87, 172.78, 245.81, 98.02, 30.6, 63.9, 125, 64.56, 87.89, , , , , 
1/31/2020 1:01:28 AM, 3289.5, 9220.5, 1648.3, 327.68, 222.6, 163.93, 323.87, 172.78, 245.81, 98.02, 30.6, 63.9, 125, 64.56, 87.89, , , , , 
1/31/2020 1:01:31 AM, 3289.25, 9221, 1648.3, 327.68, 222.6, 163.93, 323.87, 172.78, 245.81, 98.02, 30.6, 63.9, 125, 64.56, 87.89, , , , , 
1/31/2020 1:01:34 AM, 3289.25, 9220.25, 1648.2, 327.68, 222.6, 163.93, 323.87, 172.78, 245.81, 98.02, 30.6, 63.9, 125, 64.56, 87.89, , , , , 
1/31/2020 1:01:37 AM, 3289.25, 9220.25, 1648.2, 327.68, 222.6, 163.93, 323.87, 172.78, 245.81, 98.02, 30.6, 63.9, 125, 64.56, 87.89, , , , , 
1/31/2020 1:01:40 AM, 3289.25, 9220.25, 1648.2, 327.68, 222.6, 163.93, 323.87, 172.78, 245.81, 98.02, 30.6, 63.9, 125, 64.56, 87.89, , , , , 
1/31/2020 1:01:43 AM, 3289.25, 9220.75, 1648.2, 327.68, 222.6, 163.93, 323.87, 172.78, 245.81, 98.02, 30.6, 63.9, 125, 64.56, 87.89, , , , , 
1/31/2020 1:01:46 AM, 3289.25, 9220.75, 1648.2, 327.68, 222.6, 163.93, 323.87, 172.78, 245.81, 98.02, 30.6, 63.9, 125, 64.56, 87.89, , , , , 
1/31/2020 1:01:49 AM, 3289.25, 9220.25, 1648.2, 327.68, 222.6, 163.93, 323.87, 172.78, 245.81, 98.02, 30.6, 63.9, 125, 64.56, 87.89, , , , , 
1/31/2020 1:01:52 AM, 3289.25, 9220.25, 1648.2, 327.68, 222.6, 163.93, 323.87, 172.78, 245.81, 98.02, 30.6, 63.9, 125, 64.56, 87.89, , , , , 
1/31/2020 1:01:56 AM, 3289.25, 9220.25, 1648.2, 327.68, 222.6, 163.93, 323.87, 172.78, 245.81, 98.02, 30.6, 63.9, 125, 64.56, 87.89, , , , , 
1/31/2020 1:01:59 AM, 3289.25, 9220.25, 1648.2, 327.68, 222.6, 163.93, 323.87, 172.78, 245.81, 98.02, 30.6, 63.9, 125, 64.56, 87.89, , , , , 
1/31/2020 1:02:02 AM, 3288.75, 9219.75, 1648.2, 327.68, 222.6, 163.93, 323.87, 172.78, 245.81, 98.02, 30.6, 63.9, 125, 64.56, 87.89, , , , , 
1/31/2020 1:02:05 AM, 3288.75, 9219.75, 1648.2, 327.68, 222.6, 163.93, 323.87, 172.78, 245.81, 98.02, 30.6, 63.9, 125, 64.56, 87.89, , , , , 
1/31/2020 1:02:08 AM, 3288.75, 9219, 1648.2, 327.68, 222.6, 163.93, 323.87, 172.78, 245.81, 98.02, 30.6, 63.9, 125, 64.56, 87.89, , , , , 
1/31/2020 1:02:11 AM, 3288.75, 9219, 1648.2, 327.68, 222.6, 163.93, 323.87, 172.78, 245.81, 98.02, 30.6, 63.9, 125, 64.56, 87.89, , , , , 
1/31/2020 1:02:14 AM, 3288.75, 9218.75, 1648.2, 327.68, 222.6, 163.93, 323.87, 172.78, 245.81, 98.02, 30.6, 63.9, 125, 64.56, 87.89, , , , , 
1/31/2020 1:02:17 AM, 3288.75, 9218.75, 1648.2, 327.68, 222.6, 163.93, 323.87, 172.78, 245.81, 98.02, 30.6, 63.9, 125, 64.56, 87.89, , , , , 
1/31/2020 1:02:20 AM, 3288.75, 9218.75, 1648.2, 327.68, 222.6, 163.93, 323.87, 172.78, 245.81, 98.02, 30.6, 63.9, 125, 64.56, 87.89, , , , , 
1/31/2020 1:02:23 AM, 3288.75, 9218.75, 1648.2, 327.68, 222.6, 163.93, 323.87, 172.78, 245.81, 98.02, 30.6, 63.9, 125, 64.56, 87.89, , , , , 
1/31/2020 1:02:26 AM, 3288.5, 9217.5, 1647.6, 327.68, 222.6, 163.93, 323.87, 172.78, 245.81, 98.02, 30.6, 63.9, 125, 64.56, 87.89, , , , , 
1/31/2020 1:02:29 AM, 3288.5, 9217.5, 1647.6, 327.68, 222.6, 163.93, 323.87, 172.78, 245.81, 98.02, 30.6, 63.9, 125, 64.56, 87.89, , , , , 
1/31/2020 1:02:32 AM, 3288.5, 9217.5, 1647.7, 327.68, 222.6, 163.93, 323.87, 172.78, 245.81, 98.02, 30.6, 63.9, 125, 64.56, 87.89, , , , , 
1/31/2020 1:02:35 AM, 3288.5, 9218.5, 1647.8, 327.68, 222.6, 163.93, 323.87, 172.78, 245.81, 98.02, 30.6, 63.9, 125, 64.56, 87.89, , , , , 
1/31/2020 1:02:38 AM, 3288.5, 9218.25, 1647.8, 327.68, 222.6, 163.93, 323.87, 172.78, 245.81, 98.02, 30.6, 63.9, 125, 64.56, 87.89, , , , , 
1/31/2020 1:02:41 AM, 3288.5, 9218, 1647.8, 327.68, 222.6, 163.93, 323.87, 172.78, 245.81, 98.02, 30.6, 63.9, 125, 64.56, 87.89, , , , , 
1/31/2020 1:02:44 AM, 3288.5, 9217.75, 1647.8, 327.68, 222.6, 163.93, 323.87, 172.78, 245.81, 98.02, 30.6, 63.9, 125, 64.56, 87.89, , , , , 
1/31/2020 1:02:47 AM, 3288.25, 9218, 1647.8, 327.68, 222.6, 163.93, 323.87, 172.78, 245.81, 98.02, 30.6, 63.9, 125, 64.56, 87.89, , , , , 
1/31/2020 1:02:50 AM, 3288.25, 9218, 1647.8, 327.68, 222.6, 163.93, 323.87, 172.78, 245.81, 98.02, 30.6, 63.9, 125, 64.56, 87.89, , , , , 
1/31/2020 1:02:53 AM, 3288.25, 9218, 1647.8, 327.68, 222.6, 163.93, 323.87, 172.78, 245.81, 98.02, 30.6, 63.9, 125, 64.56, 87.89, , , , , 
1/31/2020 1:02:56 AM, 3288.25, 9218, 1647.8, 327.68, 222.6, 163.93, 323.87, 172.78, 245.81, 98.02, 30.6, 63.9, 125, 64.56, 87.89, , , , , 
1/31/2020 1:02:59 AM, 3288.25, 9218, 1647.8, 327.68, 222.6, 163.93, 323.87, 172.78, 245.81, 98.02, 30.6, 63.9, 125, 64.56, 87.89, , , , , 
1/31/2020 1:03:02 AM, 3288.25, 9217.5, 1647.8, 327.68, 222.6, 163.93, 323.87, 172.78, 245.81, 98.02, 30.6, 63.9, 125, 64.56, 87.89, , , , , 
1/31/2020 1:03:05 AM, 3288.5, 9218, 1647.8, 327.68, 222.6, 163.93, 323.87, 172.78, 245.81, 98.02, 30.6, 63.9, 125, 64.56, 87.89, , , , , 
1/31/2020 1:03:08 AM, 3288.5, 9218, 1647.8, 327.68, 222.6, 163.93, 323.87, 172.78, 245.81, 98.02, 30.6, 63.9, 125, 64.56, 87.89, , , , , 
1/31/2020 1:03:11 AM, 3288.5, 9218.25, 1647.8, 327.68, 222.6, 163.93, 323.87, 172.78, 245.81, 98.02, 30.6, 63.9, 125, 64.56, 87.89, , , , , 
1/31/2020 1:03:14 AM, 3288.25, 9217, 1647.8, 327.68, 222.6, 163.93, 323.87, 172.78, 245.81, 98.02, 30.6, 63.9, 125, 64.56, 87.89, , , , , 
1/31/2020 1:03:17 AM, 3288, 9216.25, 1647.4, 327.68, 222.6, 163.93, 323.87, 172.78, 245.81, 98.02, 30.6, 63.9, 125, 64.56, 87.89, , , , , 
1/31/2020 1:03:20 AM, 3288, 9216.5, 1647.4, 327.68, 222.6, 163.93, 323.87, 172.78, 245.81, 98.02, 30.6, 63.9, 125, 64.56, 87.89, , , , , 
1/31/2020 1:03:23 AM, 3288, 9217, 1647.4, 327.68, 222.6, 163.93, 323.87, 172.78, 245.81, 98.02, 30.6, 63.9, 125, 64.56, 87.89, , , , , 
1/31/2020 1:03:26 AM, 3288, 9217, 1647.4, 327.68, 222.6, 163.93, 323.87, 172.78, 245.81, 98.02, 30.6, 63.9, 125, 64.56, 87.89, , , , , 
1/31/2020 1:03:29 AM, 3288.5, 9218, 1647.6, 327.68, 222.6, 163.93, 323.87, 172.78, 245.81, 98.02, 30.6, 63.9, 125, 64.56, 87.89, , , , , 
1/31/2020 1:03:32 AM, 3288.5, 9218.25, 1647.8, 327.68, 222.6, 163.93, 323.87, 172.78, 245.81, 98.02, 30.6, 63.9, 125, 64.56, 87.89, , , , , 
1/31/2020 1:03:35 AM, 3288.5, 9218, 1647.8, 327.68, 222.6, 163.93, 323.87, 172.78, 245.81, 98.02, 30.6, 63.9, 125, 64.56, 87.89, , , , , 
1/31/2020 1:03:38 AM, 3288.25, 9218.5, 1647.8, 327.68, 222.6, 163.93, 323.87, 172.78, 245.81, 98.02, 30.6, 63.9, 125, 64.56, 87.89, , , , , 
1/31/2020 1:03:41 AM, 3288.25, 9218.25, 1647.8, 327.68, 222.6, 163.93, 323.87, 172.78, 245.81, 98.02, 30.6, 63.9, 125, 64.56, 87.89, , , , , 
1/31/2020 1:03:44 AM, 3288.25, 9218.25, 1647.8, 327.68, 222.6, 163.93, 323.87, 172.78, 245.81, 98.02, 30.6, 63.9, 125, 64.56, 87.89, , , , , 
1/31/2020 1:03:47 AM, 3288.25, 9217.5, 1647.8, 327.68, 222.6, 163.93, 323.87, 172.78, 245.81, 98.02, 30.6, 63.9, 125, 64.56, 87.89, , , , , 
1/31/2020 1:03:50 AM, 3288.25, 9217.75, 1647.8, 327.68, 222.6, 163.93, 323.87, 172.78, 245.81, 98.02, 30.6, 63.9, 125, 64.56, 87.89, , , , , 
1/31/2020 1:03:53 AM, 3288.25, 9217.5, 1647.6, 327.68, 222.6, 163.93, 323.87, 172.78, 245.81, 98.02, 30.6, 63.9, 125, 64.56, 87.89, , , , , 
1/31/2020 1:03:56 AM, 3288.25, 9217.5, 1647.6, 327.68, 222.6, 163.93, 323.87, 172.78, 245.81, 98.02, 30.6, 63.9, 125, 64.56, 87.89, , , , , 
1/31/2020 1:03:59 AM, 3288.5, 9218.25, 1647.6, 327.68, 222.6, 163.93, 323.87, 172.78, 245.81, 98.02, 30.6, 63.9, 125, 64.56, 87.89, , , , , 
1/31/2020 1:04:02 AM, 3288.25, 9218, 1647.6, 327.68, 222.6, 163.93, 323.87, 172.78, 245.81, 98.02, 30.6, 63.9, 125, 64.56, 87.89, , , , , 
1/31/2020 1:04:05 AM, 3288, 9218, 1647.6, 327.68, 222.6, 163.93, 323.87, 172.78, 245.81, 98.02, 30.6, 63.9, 125, 64.56, 87.89, , , , , 
1/31/2020 1:04:08 AM, 3288, 9217.75, 1647.6, 327.68, 222.6, 163.93, 323.87, 172.78, 245.81, 98.02, 30.6, 63.9, 125, 64.56, 87.89, , , , , 
1/31/2020 1:04:11 AM, 3288, 9217.5, 1647.6, 327.68, 222.6, 163.93, 323.87, 172.78, 245.81, 98.02, 30.6, 63.9, 125, 64.56, 87.89, , , , , 
1/31/2020 1:04:15 AM, 3288.25, 9217.75, 1647.6, 327.68, 222.6, 163.93, 323.87, 172.78, 245.81, 98.02, 30.6, 63.9, 125, 64.56, 87.89, , , , , 
1/31/2020 1:04:18 AM, 3288, 9217.5, 1647.6, 327.68, 222.6, 163.93, 323.87, 172.78, 245.81, 98.02, 30.6, 63.9, 125, 64.56, 87.89, , , , , 
1/31/2020 1:04:21 AM, 3288.25, 9217.75, 1647.6, 327.68, 222.6, 163.93, 323.87, 172.78, 245.81, 98.02, 30.6, 63.9, 125, 64.56, 87.89, , , , , 
1/31/2020 1:04:24 AM, 3288.25, 9217.5, 1647.6, 327.68, 222.6, 163.93, 323.87, 172.78, 245.81, 98.02, 30.6, 63.9, 125, 64.56, 87.89, , , , , 
1/31/2020 1:04:27 AM, 3288.25, 9218, 1647.6, 327.68, 222.6, 163.93, 323.87, 172.78, 245.81, 98.02, 30.6, 63.9, 125, 64.56, 87.89, , , , , 
1/31/2020 1:04:30 AM, 3288.25, 9218, 1647.6, 327.68, 222.6, 163.93, 323.87, 172.78, 245.81, 98.02, 30.6, 63.9, 125, 64.56, 87.89, , , , , 
1/31/2020 1:04:33 AM, 3288.25, 9217.75, 1647.6, 327.68, 222.6, 163.93, 323.87, 172.78, 245.81, 98.02, 30.6, 63.9, 125, 64.56, 87.89, , , , , 
1/31/2020 1:04:36 AM, 3288.25, 9217.75, 1647.6, 327.68, 222.6, 163.93, 323.87, 172.78, 245.81, 98.02, 30.6, 63.9, 125, 64.56, 87.89, , , , , 
1/31/2020 1:04:39 AM, 3288.25, 9217.75, 1647.6, 327.68, 222.6, 163.93, 323.87, 172.78, 245.81, 98.02, 30.6, 63.9, 125, 64.56, 87.89, , , , , 
1/31/2020 1:04:42 AM, 3288, 9217.25, 1647.4, 327.68, 222.6, 163.93, 323.87, 172.78, 245.81, 98.02, 30.6, 63.9, 125, 64.56, 87.89, , , , , 
1/31/2020 1:04:45 AM, 3288, 9217.25, 1647.4, 327.68, 222.6, 163.93, 323.87, 172.78, 245.81, 98.02, 30.6, 63.9, 125, 64.56, 87.89, , , , , 
1/31/2020 1:04:48 AM, 3288, 9217.25, 1647.4, 327.68, 222.6, 163.93, 323.87, 172.78, 245.81, 98.02, 30.6, 63.9, 125, 64.56, 87.89, , , , , 
1/31/2020 1:04:51 AM, 3287.75, 9216.25, 1647.4, 327.68, 222.6, 163.93, 323.87, 172.78, 245.81, 98.02, 30.6, 63.9, 125, 64.56, 87.89, , , , , 
1/31/2020 1:04:54 AM, 3287.75, 9216.75, 1647.4, 327.68, 222.6, 163.93, 323.87, 172.78, 245.81, 98.02, 30.6, 63.9, 125, 64.56, 87.89, , , , , 
1/31/2020 1:04:57 AM, 3288, 9216.75, 1647.4, 327.68, 222.6, 163.93, 323.87, 172.78, 245.81, 98.02, 30.6, 63.9, 125, 64.56, 87.89, , , , , 
1/31/2020 1:05:00 AM, 3288, 9216.5, 1647.4, 327.68, 222.6, 163.93, 323.87, 172.78, 245.81, 98.02, 30.6, 63.9, 125, 64.56, 87.89, , , , , 
1/31/2020 1:05:03 AM, 3287.75, 9217, 1647.4, 327.68, 222.6, 163.93, 323.87, 172.78, 245.81, 98.02, 30.6, 63.9, 125, 64.56, 87.89, , , , , 
1/31/2020 1:05:06 AM, 3287.75, 9216.75, 1647.4, 327.68, 222.6, 163.93, 323.87, 172.78, 245.81, 98.02, 30.6, 63.9, 125, 64.56, 87.89, , , , , 
1/31/2020 1:05:09 AM, 3287.75, 9217, 1647.4, 327.68, 222.6, 163.93, 323.87, 172.78, 245.81, 98.02, 30.6, 63.9, 125, 64.56, 87.89, , , , , 
1/31/2020 1:05:12 AM, 3287.75, 9217.25, 1647.5, 327.68, 222.6, 163.93, 323.87, 172.78, 245.81, 98.02, 30.6, 63.9, 125, 64.56, 87.89, , , , , 
1/31/2020 1:05:15 AM, 3288, 9217.5, 1647.4, 327.68, 222.6, 163.93, 323.87, 172.78, 245.81, 98.02, 30.6, 63.9, 125, 64.56, 87.89, , , , , 
1/31/2020 1:05:18 AM, 3287.75, 9217.5, 1647.4, 327.68, 222.6, 163.93, 323.87, 172.78, 245.81, 98.02, 30.6, 63.9, 125, 64.56, 87.89, , , , , 
1/31/2020 1:05:21 AM, 3287.75, 9217.5, 1647.4, 327.68, 222.6, 163.93, 323.87, 172.78, 245.81, 98.02, 30.6, 63.9, 125, 64.56, 87.89, , , , , 
1/31/2020 1:05:24 AM, 3287.75, 9216.5, 1647.4, 327.68, 222.6, 163.93, 323.87, 172.78, 245.81, 98.02, 30.6, 63.9, 125, 64.56, 87.89, , , , , 
1/31/2020 1:05:27 AM, 3287.75, 9216.75, 1647.4, 327.68, 222.6, 163.93, 323.87, 172.78, 245.81, 98.02, 30.6, 63.9, 125, 64.56, 87.89, , , , , 
1/31/2020 1:05:30 AM, 3288, 9217.25, 1647.5, 327.68, 222.6, 163.93, 323.87, 172.78, 245.81, 98.02, 30.6, 63.9, 125, 64.56, 87.89, , , , , 
1/31/2020 1:05:33 AM, 3288, 9217.5, 1647.7, 327.68, 222.6, 163.93, 323.87, 172.78, 245.81, 98.02, 30.6, 63.9, 125, 64.56, 87.89, , , , , 
1/31/2020 1:05:36 AM, 3288, 9217.5, 1647.4, 327.68, 222.6, 163.93, 323.87, 172.78, 245.81, 98.02, 30.6, 63.9, 125, 64.56, 87.89, , , , , 
1/31/2020 1:05:39 AM, 3288, 9217, 1647.4, 327.68, 222.6, 163.93, 323.87, 172.78, 245.81, 98.02, 30.6, 63.9, 125, 64.56, 87.89, , , , , 
1/31/2020 1:05:42 AM, 3287.75, 9216.75, 1647.4, 327.68, 222.6, 163.93, 323.87, 172.78, 245.81, 98.02, 30.6, 63.9, 125, 64.56, 87.89, , , , , 
1/31/2020 1:05:45 AM, 3288, 9217, 1647.4, 327.68, 222.6, 163.93, 323.87, 172.78, 245.81, 98.02, 30.6, 63.9, 125, 64.56, 87.89, , , , , 
1/31/2020 1:05:48 AM, 3288, 9217.25, 1647.4, 327.68, 222.6, 163.93, 323.87, 172.78, 245.81, 98.02, 30.6, 63.9, 125, 64.56, 87.89, , , , , 
1/31/2020 1:05:51 AM, 3288, 9217.25, 1647.4, 327.68, 222.6, 163.93, 323.87, 172.78, 245.81, 98.02, 30.6, 63.9, 125, 64.56, 87.89, , , , , 
1/31/2020 1:05:54 AM, 3288, 9217.5, 1647.4, 327.68, 222.6, 163.93, 323.87, 172.78, 245.81, 98.02, 30.6, 63.9, 125, 64.56, 87.89, , , , , 
1/31/2020 1:05:57 AM, 3288, 9217.5, 1647.4, 327.68, 222.6, 163.93, 323.87, 172.78, 245.81, 98.02, 30.6, 63.9, 125, 64.56, 87.89, , , , , 
1/31/2020 1:06:00 AM, 3288, 9217.5, 1647.4, 327.68, 222.6, 163.93, 323.87, 172.78, 245.81, 98.02, 30.6, 63.9, 125, 64.56, 87.89, , , , , 
1/31/2020 1:06:03 AM, 3288, 9217.75, 1647.4, 327.68, 222.6, 163.93, 323.87, 172.78, 245.81, 98.02, 30.6, 63.9, 125, 64.56, 87.89, , , , , 
1/31/2020 1:06:06 AM, 3288.25, 9217.5, 1647.5, 327.68, 222.6, 163.93, 323.87, 172.78, 245.81, 98.02, 30.6, 63.9, 125, 64.56, 87.89, , , , , 
1/31/2020 1:06:09 AM, 3287.75, 9217.5, 1647.5, 327.68, 222.6, 163.93, 323.87, 172.78, 245.81, 98.02, 30.6, 63.9, 125, 64.56, 87.89, , , , , 
1/31/2020 1:06:12 AM, 3288, 9217.5, 1647.4, 327.68, 222.6, 163.93, 323.87, 172.78, 245.81, 98.02, 30.6, 63.9, 125, 64.56, 87.89, , , , , 
1/31/2020 1:06:15 AM, 3288.25, 9218.5, 1647.7, 327.68, 222.6, 163.93, 323.87, 172.78, 245.81, 98.02, 30.6, 63.9, 125, 64.56, 87.89, , , , , 
1/31/2020 1:06:18 AM, 3288.25, 9218.5, 1647.8, 327.68, 222.6, 163.93, 323.87, 172.78, 245.81, 98.02, 30.6, 63.9, 125, 64.56, 87.89, , , , , 
1/31/2020 1:06:21 AM, 3288.5, 9218.25, 1647.8, 327.68, 222.6, 163.93, 323.87, 172.78, 245.81, 98.02, 30.6, 63.9, 125, 64.56, 87.89, , , , , 
1/31/2020 1:06:24 AM, 3288.5, 9218.25, 1647.7, 327.68, 222.6, 163.93, 323.87, 172.78, 245.81, 98.02, 30.6, 63.9, 125, 64.56, 87.89, , , , , 
1/31/2020 1:06:27 AM, 3288.5, 9218.5, 1647.7, 327.68, 222.6, 163.93, 323.87, 172.78, 245.81, 98.02, 30.6, 63.9, 125, 64.56, 87.89, , , , , 
1/31/2020 1:06:30 AM, 3288.5, 9218.5, 1647.7, 327.68, 222.6, 163.93, 323.87, 172.78, 245.81, 98.02, 30.6, 63.9, 125, 64.56, 87.89, , , , , 
1/31/2020 1:06:33 AM, 3288.5, 9218.5, 1647.7, 327.68, 222.6, 163.93, 323.87, 172.78, 245.81, 98.02, 30.6, 63.9, 125, 64.56, 87.89, , , , , 
1/31/2020 1:06:36 AM, 3288.5, 9218.5, 1647.7, 327.68, 222.6, 163.93, 323.87, 172.78, 245.81, 98.02, 30.6, 63.9, 125, 64.56, 87.89, , , , , 
1/31/2020 1:06:39 AM, 3288.5, 9218.75, 1647.7, 327.68, 222.6, 163.93, 323.87, 172.78, 245.81, 98.02, 30.6, 63.9, 125, 64.56, 87.89, , , , , 
1/31/2020 1:06:43 AM, 3288.5, 9220, 1647.8, 327.68, 222.6, 163.93, 323.87, 172.78, 245.81, 98.02, 30.6, 63.9, 125, 64.56, 87.89, , , , , 
1/31/2020 1:06:46 AM, 3288.5, 9220.25, 1647.8, 327.68, 222.6, 163.93, 323.87, 172.78, 245.81, 98.02, 30.6, 63.9, 125, 64.56, 87.89, , , , , 
1/31/2020 1:06:49 AM, 3288.5, 9219.5, 1647.8, 327.68, 222.6, 163.93, 323.87, 172.78, 245.81, 98.02, 30.6, 63.9, 125, 64.56, 87.89, , , , , 
1/31/2020 1:06:52 AM, 3288.5, 9219.75, 1647.7, 327.68, 222.6, 163.93, 323.87, 172.78, 245.81, 98.02, 30.6, 63.9, 125, 64.56, 87.89, , , , , 
1/31/2020 1:06:55 AM, 3288.5, 9219.75, 1647.7, 327.68, 222.6, 163.93, 323.87, 172.78, 245.81, 98.02, 30.6, 63.9, 125, 64.56, 87.89, , , , , 
1/31/2020 1:06:58 AM, 3288.5, 9219.75, 1647.7, 327.68, 222.6, 163.93, 323.87, 172.78, 245.81, 98.02, 30.6, 63.9, 125, 64.56, 87.89, , , , , 
1/31/2020 1:07:01 AM, 3288.5, 9219.5, 1647.7, 327.68, 222.6, 163.93, 323.87, 172.78, 245.81, 98.02, 30.6, 63.9, 125, 64.56, 87.89, , , , , 
1/31/2020 1:07:04 AM, 3288.5, 9219, 1647.7, 327.68, 222.6, 163.93, 323.87, 172.78, 245.81, 98.02, 30.6, 63.9, 125, 64.56, 87.89, , , , , 
1/31/2020 1:07:07 AM, 3288.25, 9219.25, 1647.7, 327.68, 222.6, 163.93, 323.87, 172.78, 245.81, 98.02, 30.6, 63.9, 125, 64.56, 87.89, , , , , 
1/31/2020 1:07:10 AM, 3288.25, 9218.75, 1647.6, 327.68, 222.6, 163.93, 323.87, 172.78, 245.81, 98.02, 30.6, 63.9, 125, 64.56, 87.89, , , , , 
1/31/2020 1:07:13 AM, 3288.25, 9218.75, 1647.6, 327.68, 222.6, 163.93, 323.87, 172.78, 245.81, 98.02, 30.6, 63.9, 125, 64.56, 87.89, , , , , 
1/31/2020 1:07:16 AM, 3288.25, 9218.75, 1647.6, 327.68, 222.6, 163.93, 323.87, 172.78, 245.81, 98.02, 30.6, 63.9, 125, 64.56, 87.89, , , , , 
1/31/2020 1:07:19 AM, 3288.25, 9219, 1647.6, 327.68, 222.6, 163.93, 323.87, 172.78, 245.81, 98.02, 30.6, 63.9, 125, 64.56, 87.89, , , , , 
1/31/2020 1:07:22 AM, 3288.25, 9218.75, 1647.5, 327.68, 222.6, 163.93, 323.87, 172.78, 245.81, 98.02, 30.6, 63.9, 125, 64.56, 87.89, , , , , 
1/31/2020 1:07:25 AM, 3288.25, 9218.75, 1647.5, 327.68, 222.6, 163.93, 323.87, 172.78, 245.81, 98.02, 30.6, 63.9, 125, 64.56, 87.89, , , , , 
1/31/2020 1:07:28 AM, 3288.25, 9219.25, 1647.7, 327.68, 222.6, 163.93, 323.87, 172.78, 245.81, 98.02, 30.6, 63.9, 125, 64.56, 87.89, , , , , 
1/31/2020 1:07:31 AM, 3288.25, 9219.25, 1647.7, 327.68, 222.6, 163.93, 323.87, 172.78, 245.81, 98.02, 30.6, 63.9, 125, 64.56, 87.89, , , , , 
1/31/2020 1:07:34 AM, 3288.25, 9219.25, 1647.6, 327.68, 222.6, 163.93, 323.87, 172.78, 245.81, 98.02, 30.6, 63.9, 125, 64.56, 87.89, , , , , 
1/31/2020 1:07:37 AM, 3288.5, 9219.5, 1647.7, 327.68, 222.6, 163.93, 323.87, 172.78, 245.81, 98.02, 30.6, 63.9, 125, 64.56, 87.89, , , , , 
1/31/2020 1:07:40 AM, 3288.5, 9219.25, 1647.7, 327.68, 222.6, 163.93, 323.87, 172.78, 245.81, 98.02, 30.6, 63.9, 125, 64.56, 87.89, , , , , 
1/31/2020 1:07:43 AM, 3288.5, 9219.75, 1647.7, 327.68, 222.6, 163.93, 323.87, 172.78, 245.81, 98.02, 30.6, 63.9, 125, 64.56, 87.89, , , , , 
1/31/2020 1:07:46 AM, 3288.25, 9219.75, 1647.7, 327.68, 222.6, 163.93, 323.87, 172.78, 245.81, 98.02, 30.6, 63.9, 125, 64.56, 87.89, , , , , 
1/31/2020 1:07:49 AM, 3288.25, 9219.5, 1647.7, 327.68, 222.6, 163.93, 323.87, 172.78, 245.81, 98.02, 30.6, 63.9, 125, 64.56, 87.89, , , , , 
1/31/2020 1:07:52 AM, 3288.5, 9219.75, 1647.7, 327.68, 222.6, 163.93, 323.87, 172.78, 245.81, 98.02, 30.6, 63.9, 125, 64.56, 87.89, , , , , 
1/31/2020 1:07:55 AM, 3288.5, 9219.75, 1647.7, 327.68, 222.6, 163.93, 323.87, 172.78, 245.81, 98.02, 30.6, 63.9, 125, 64.56, 87.89, , , , , 
1/31/2020 1:07:58 AM, 3288.5, 9219.75, 1647.7, 327.68, 222.6, 163.93, 323.87, 172.78, 245.81, 98.02, 30.6, 63.9, 125, 64.56, 87.89, , , , , 
1/31/2020 1:08:01 AM, 3288.5, 9219.75, 1647.7, 327.68, 222.6, 163.93, 323.87, 172.78, 245.81, 98.02, 30.6, 63.9, 125, 64.56, 87.89, , , , , 
1/31/2020 1:08:04 AM, 3288.5, 9219.75, 1647.7, 327.68, 222.6, 163.93, 323.87, 172.78, 245.81, 98.02, 30.6, 63.9, 125, 64.56, 87.89, , , , , 
1/31/2020 1:08:07 AM, 3288.25, 9219, 1647.5, 327.68, 222.6, 163.93, 323.87, 172.78, 245.81, 98.02, 30.6, 63.9, 125, 64.56, 87.89, , , , , 
1/31/2020 1:08:10 AM, 3288.25, 9219, 1647.5, 327.68, 222.6, 163.93, 323.87, 172.78, 245.81, 98.02, 30.6, 63.9, 125, 64.56, 87.89, , , , , 
1/31/2020 1:08:13 AM, 3288, 9219.25, 1647.5, 327.68, 222.6, 163.93, 323.87, 172.78, 245.81, 98.02, 30.6, 63.9, 125, 64.56, 87.89, , , , , 
1/31/2020 1:08:16 AM, 3288, 9219.25, 1647.5, 327.68, 222.6, 163.93, 323.87, 172.78, 245.81, 98.02, 30.6, 63.9, 125, 64.56, 87.89, , , , , 
1/31/2020 1:08:19 AM, 3288, 9219, 1647.5, 327.68, 222.6, 163.93, 323.87, 172.78, 245.81, 98.02, 30.6, 63.9, 125, 64.56, 87.89, , , , , 
1/31/2020 1:08:22 AM, 3288, 9219, 1647.5, 327.68, 222.6, 163.93, 323.87, 172.78, 245.81, 98.02, 30.6, 63.9, 125, 64.56, 87.89, , , , , 
1/31/2020 1:08:25 AM, 3288, 9219, 1647.5, 327.68, 222.6, 163.93, 323.87, 172.78, 245.81, 98.02, 30.6, 63.9, 125, 64.56, 87.89, , , , , 
1/31/2020 1:08:28 AM, 3288, 9219, 1647.5, 327.68, 222.6, 163.93, 323.87, 172.78, 245.81, 98.02, 30.6, 63.9, 125, 64.56, 87.89, , , , , 
1/31/2020 1:08:31 AM, 3288, 9219.25, 1647.5, 327.68, 222.6, 163.93, 323.87, 172.78, 245.81, 98.02, 30.6, 63.9, 125, 64.56, 87.89, , , , , 
1/31/2020 1:08:34 AM, 3288, 9219, 1647.5, 327.68, 222.6, 163.93, 323.87, 172.78, 245.81, 98.02, 30.6, 63.9, 125, 64.56, 87.89, , , , , 
1/31/2020 1:08:37 AM, 3288, 9218.75, 1647.5, 327.68, 222.6, 163.93, 323.87, 172.78, 245.81, 98.02, 30.6, 63.9, 125, 64.56, 87.89, , , , , 
1/31/2020 1:08:40 AM, 3288, 9218.75, 1647.5, 327.68, 222.6, 163.93, 323.87, 172.78, 245.81, 98.02, 30.6, 63.9, 125, 64.56, 87.89, , , , , 
1/31/2020 1:08:43 AM, 3288, 9218.75, 1647.5, 327.68, 222.6, 163.93, 323.87, 172.78, 245.81, 98.02, 30.6, 63.9, 125, 64.56, 87.89, , , , , 
1/31/2020 1:08:46 AM, 3288, 9219, 1647.5, 327.68, 222.6, 163.93, 323.87, 172.78, 245.81, 98.02, 30.6, 63.9, 125, 64.56, 87.89, , , , , 
1/31/2020 1:08:49 AM, 3288, 9218.75, 1647.5, 327.68, 222.6, 163.93, 323.87, 172.78, 245.81, 98.02, 30.6, 63.9, 125, 64.56, 87.89, , , , , 
1/31/2020 1:08:52 AM, 3288, 9219, 1647.5, 327.68, 222.6, 163.93, 323.87, 172.78, 245.81, 98.02, 30.6, 63.9, 125, 64.56, 87.89, , , , , 
1/31/2020 1:08:55 AM, 3288, 9219, 1647.5, 327.68, 222.6, 163.93, 323.87, 172.78, 245.81, 98.02, 30.6, 63.9, 125, 64.56, 87.89, , , , , 
1/31/2020 1:08:58 AM, 3288, 9219, 1647.5, 327.68, 222.6, 163.93, 323.87, 172.78, 245.81, 98.02, 30.6, 63.9, 125, 64.56, 87.89, , , , , 
1/31/2020 1:09:01 AM, 3288, 9219, 1647.5, 327.68, 222.6, 163.93, 323.87, 172.78, 245.81, 98.02, 30.6, 63.9, 125, 64.56, 87.89, , , , , 
1/31/2020 1:09:04 AM, 3287.75, 9218.25, 1647.5, 327.68, 222.6, 163.93, 323.87, 172.78, 245.81, 98.02, 30.6, 63.9, 125, 64.56, 87.89, , , , , 
1/31/2020 1:09:07 AM, 3287.75, 9218.25, 1647.5, 327.68, 222.6, 163.93, 323.87, 172.78, 245.81, 98.02, 30.6, 63.9, 125, 64.56, 87.89, , , , , 
1/31/2020 1:09:11 AM, 3287.75, 9218.25, 1647.5, 327.68, 222.6, 163.93, 323.87, 172.78, 245.81, 98.02, 30.6, 63.9, 125, 64.56, 87.89, , , , , 
1/31/2020 1:09:14 AM, 3287.75, 9218.25, 1647.5, 327.68, 222.6, 163.93, 323.87, 172.78, 245.81, 98.02, 30.6, 63.9, 125, 64.56, 87.89, , , , , 
1/31/2020 1:09:17 AM, 3287.75, 9218.25, 1647.2, 327.68, 222.6, 163.93, 323.87, 172.78, 245.81, 98.02, 30.6, 63.9, 125, 64.56, 87.89, , , , , 
1/31/2020 1:09:20 AM, 3287.5, 9217.5, 1647.2, 327.68, 222.6, 163.93, 323.87, 172.78, 245.81, 98.02, 30.6, 63.9, 125, 64.56, 87.89, , , , , 
1/31/2020 1:09:23 AM, 3287.75, 9217.5, 1647.2, 327.68, 222.6, 163.93, 323.87, 172.78, 245.81, 98.02, 30.6, 63.9, 125, 64.56, 87.89, , , , , 
1/31/2020 1:09:26 AM, 3288, 9218.25, 1647.2, 327.68, 222.6, 163.93, 323.87, 172.78, 245.81, 98.02, 30.6, 63.9, 125, 64.56, 87.89, , , , , 
1/31/2020 1:09:29 AM, 3287.75, 9218.25, 1647.2, 327.68, 222.6, 163.93, 323.87, 172.78, 245.81, 98.02, 30.6, 63.9, 125, 64.56, 87.89, , , , , 
1/31/2020 1:09:32 AM, 3287.75, 9218.75, 1647.3, 327.68, 222.6, 163.93, 323.87, 172.78, 245.81, 98.02, 30.6, 63.9, 125, 64.56, 87.89, , , , , 
1/31/2020 1:09:35 AM, 3288, 9218.75, 1647.3, 327.68, 222.6, 163.93, 323.87, 172.78, 245.81, 98.02, 30.6, 63.9, 125, 64.56, 87.89, , , , , 
1/31/2020 1:09:38 AM, 3288, 9218.25, 1647.3, 327.68, 222.6, 163.93, 323.87, 172.78, 245.81, 98.02, 30.6, 63.9, 125, 64.56, 87.89, , , , , 
1/31/2020 1:09:41 AM, 3288, 9218.25, 1647.3, 327.68, 222.6, 163.93, 323.87, 172.78, 245.81, 98.02, 30.6, 63.9, 125, 64.56, 87.89, , , , , 
1/31/2020 1:09:44 AM, 3288, 9218.75, 1647.3, 327.68, 222.6, 163.93, 323.87, 172.78, 245.81, 98.02, 30.6, 63.9, 125, 64.56, 87.89, , , , , 
1/31/2020 1:09:47 AM, 3288, 9218.75, 1647.3, 327.68, 222.6, 163.93, 323.87, 172.78, 245.81, 98.02, 30.6, 63.9, 125, 64.56, 87.89, , , , , 
1/31/2020 1:09:50 AM, 3288, 9219, 1647.3, 327.68, 222.6, 163.93, 323.87, 172.78, 245.81, 98.02, 30.6, 63.9, 125, 64.56, 87.89, , , , , 
1/31/2020 1:09:53 AM, 3288, 9219, 1647.4, 327.68, 222.6, 163.93, 323.87, 172.78, 245.81, 98.02, 30.6, 63.9, 125, 64.56, 87.89, , , , , 
1/31/2020 1:09:56 AM, 3288, 9218.75, 1647.4, 327.68, 222.6, 163.93, 323.87, 172.78, 245.81, 98.02, 30.6, 63.9, 125, 64.56, 87.89, , , , , 
1/31/2020 1:09:59 AM, 3288, 9219, 1647.4, 327.68, 222.6, 163.93, 323.87, 172.78, 245.81, 98.02, 30.6, 63.9, 125, 64.56, 87.89, , , , , 
1/31/2020 1:10:02 AM, 3287.75, 9218.5, 1647.4, 327.68, 222.6, 163.93, 323.87, 172.78, 245.81, 98.02, 30.6, 63.9, 125, 64.56, 87.89, , , , , 
1/31/2020 1:10:05 AM, 3287.75, 9217, 1647.4, 327.68, 222.6, 163.93, 323.87, 172.78, 245.81, 98.02, 30.6, 63.9, 125, 64.56, 87.89, , , , , 
1/31/2020 1:10:08 AM, 3287.5, 9216.75, 1647.4, 327.68, 222.6, 163.93, 323.87, 172.78, 245.81, 98.02, 30.6, 63.9, 125, 64.56, 87.89, , , , , 
1/31/2020 1:10:11 AM, 3287.75, 9217, 1647.4, 327.68, 222.6, 163.93, 323.87, 172.78, 245.81, 98.02, 30.6, 63.9, 125, 64.56, 87.89, , , , , 
1/31/2020 1:10:14 AM, 3287.75, 9218, 1647.4, 327.68, 222.6, 163.93, 323.87, 172.78, 245.81, 98.02, 30.6, 63.9, 125, 64.56, 87.89, , , , , 
1/31/2020 1:10:17 AM, 3287.75, 9217.5, 1647.4, 327.68, 222.6, 163.93, 323.87, 172.78, 245.81, 98.02, 30.6, 63.9, 125, 64.56, 87.89, , , , , 
1/31/2020 1:10:20 AM, 3287.75, 9217.25, 1647.3, 327.68, 222.6, 163.93, 323.87, 172.78, 245.81, 98.02, 30.6, 63.9, 125, 64.56, 87.89, , , , , 
1/31/2020 1:10:23 AM, 3287.75, 9217.5, 1647.3, 327.68, 222.6, 163.93, 323.87, 172.78, 245.81, 98.02, 30.6, 63.9, 125, 64.56, 87.89, , , , , 
1/31/2020 1:10:26 AM, 3287.75, 9218, 1647.3, 327.68, 222.6, 163.93, 323.87, 172.78, 245.81, 98.02, 30.6, 63.9, 125, 64.56, 87.89, , , , , 
1/31/2020 1:10:29 AM, 3287.75, 9218, 1647.3, 327.68, 222.6, 163.93, 323.87, 172.78, 245.81, 98.02, 30.6, 63.9, 125, 64.56, 87.89, , , , , 
1/31/2020 1:10:32 AM, 3287.75, 9217.5, 1647.3, 327.68, 222.6, 163.93, 323.87, 172.78, 245.81, 98.02, 30.6, 63.9, 125, 64.56, 87.89, , , , , 
1/31/2020 1:10:35 AM, 3287.5, 9217, 1647.3, 327.68, 222.6, 163.93, 323.87, 172.78, 245.81, 98.02, 30.6, 63.9, 125, 64.56, 87.89, , , , , 
1/31/2020 1:10:38 AM, 3287.5, 9216.75, 1647.3, 327.68, 222.6, 163.93, 323.87, 172.78, 245.81, 98.02, 30.6, 63.9, 125, 64.56, 87.89, , , , , 
1/31/2020 1:10:41 AM, 3287.25, 9217, 1647.3, 327.68, 222.6, 163.93, 323.87, 172.78, 245.81, 98.02, 30.6, 63.9, 125, 64.56, 87.89, , , , , 
1/31/2020 1:10:44 AM, 3287.25, 9216.5, 1647.3, 327.68, 222.6, 163.93, 323.87, 172.78, 245.81, 98.02, 30.6, 63.9, 125, 64.56, 87.89, , , , , 
1/31/2020 1:10:47 AM, 3287.25, 9216.5, 1647.1, 327.68, 222.6, 163.93, 323.87, 172.78, 245.81, 98.02, 30.6, 63.9, 125, 64.56, 87.89, , , , , 
1/31/2020 1:10:50 AM, 3287.25, 9216.25, 1647.1, 327.68, 222.6, 163.93, 323.87, 172.78, 245.81, 98.02, 30.6, 63.9, 125, 64.56, 87.89, , , , , 
1/31/2020 1:10:53 AM, 3287.25, 9215.75, 1647.1, 327.68, 222.6, 163.93, 323.87, 172.78, 245.81, 98.02, 30.6, 63.9, 125, 64.56, 87.89, , , , , 
1/31/2020 1:10:56 AM, 3287, 9215.25, 1647, 327.68, 222.6, 163.93, 323.87, 172.78, 245.81, 98.02, 30.6, 63.9, 125, 64.56, 87.89, , , , , 
1/31/2020 1:10:59 AM, 3287.25, 9215.5, 1647, 327.68, 222.6, 163.93, 323.87, 172.78, 245.81, 98.02, 30.6, 63.9, 125, 64.56, 87.89, , , , , 
1/31/2020 1:11:02 AM, 3287.25, 9215.25, 1647, 327.68, 222.6, 163.93, 323.87, 172.78, 245.81, 98.02, 30.6, 63.9, 125, 64.56, 87.89, , , , , 
1/31/2020 1:11:05 AM, 3287.25, 9215.5, 1647, 327.68, 222.6, 163.93, 323.87, 172.78, 245.81, 98.02, 30.6, 63.9, 125, 64.56, 87.89, , , , , 
1/31/2020 1:11:08 AM, 3287.5, 9216.75, 1647, 327.68, 222.6, 163.93, 323.87, 172.78, 245.81, 98.02, 30.6, 63.9, 125, 64.56, 87.89, , , , , 
1/31/2020 1:11:11 AM, 3287.75, 9217.5, 1647.3, 327.68, 222.6, 163.93, 323.87, 172.78, 245.81, 98.02, 30.6, 63.9, 125, 64.56, 87.89, , , , , 
1/31/2020 1:11:14 AM, 3288, 9218, 1647.3, 327.68, 222.6, 163.93, 323.87, 172.78, 245.81, 98.02, 30.6, 63.9, 125, 64.56, 87.89, , , , , 
1/31/2020 1:11:17 AM, 3288, 9218, 1647.3, 327.68, 222.6, 163.93, 323.87, 172.78, 245.81, 98.02, 30.6, 63.9, 125, 64.56, 87.89, , , , , 
1/31/2020 1:11:20 AM, 3288, 9217.75, 1647.3, 327.68, 222.6, 163.93, 323.87, 172.78, 245.81, 98.02, 30.6, 63.9, 125, 64.56, 87.89, , , , , 
1/31/2020 1:11:23 AM, 3288, 9217.25, 1647.3, 327.68, 222.6, 163.93, 323.87, 172.78, 245.81, 98.02, 30.6, 63.9, 125, 64.56, 87.89, , , , , 
1/31/2020 1:11:27 AM, 3288, 9217.25, 1647.3, 327.68, 222.6, 163.93, 323.87, 172.78, 245.81, 98.02, 30.6, 63.9, 125, 64.56, 87.89, , , , , 
1/31/2020 1:11:30 AM, 3288, 9217.75, 1647.3, 327.68, 222.6, 163.93, 323.87, 172.78, 245.81, 98.02, 30.6, 63.9, 125, 64.56, 87.89, , , , , 
1/31/2020 1:11:33 AM, 3288, 9217.75, 1647.3, 327.68, 222.6, 163.93, 323.87, 172.78, 245.81, 98.02, 30.6, 63.9, 125, 64.56, 87.89, , , , , 
1/31/2020 1:11:36 AM, 3288, 9218, 1647.3, 327.68, 222.6, 163.93, 323.87, 172.78, 245.81, 98.02, 30.6, 63.9, 125, 64.56, 87.89, , , , , 
1/31/2020 1:11:39 AM, 3288, 9217.75, 1647.3, 327.68, 222.6, 163.93, 323.87, 172.78, 245.81, 98.02, 30.6, 63.9, 125, 64.56, 87.89, , , , , 
1/31/2020 1:11:42 AM, 3288, 9217.5, 1647.3, 327.68, 222.6, 163.93, 323.87, 172.78, 245.81, 98.02, 30.6, 63.9, 125, 64.56, 87.89, , , , , 
1/31/2020 1:11:45 AM, 3288, 9217.5, 1647.3, 327.68, 222.6, 163.93, 323.87, 172.78, 245.81, 98.02, 30.6, 63.9, 125, 64.56, 87.89, , , , , 
1/31/2020 1:11:48 AM, 3288, 9217.5, 1647.3, 327.68, 222.6, 163.93, 323.87, 172.78, 245.81, 98.02, 30.6, 63.9, 125, 64.56, 87.89, , , , , 
1/31/2020 1:11:51 AM, 3287.75, 9217.25, 1647.3, 327.68, 222.6, 163.93, 323.87, 172.78, 245.81, 98.02, 30.6, 63.9, 125, 64.56, 87.89, , , , , 
1/31/2020 1:11:54 AM, 3287.75, 9217.25, 1647.3, 327.68, 222.6, 163.93, 323.87, 172.78, 245.81, 98.02, 30.6, 63.9, 125, 64.56, 87.89, , , , , 
1/31/2020 1:11:57 AM, 3287.75, 9216.75, 1647.2, 327.68, 222.6, 163.93, 323.87, 172.78, 245.81, 98.02, 30.6, 63.9, 125, 64.56, 87.89, , , , , 
1/31/2020 1:12:00 AM, 3287.75, 9218.25, 1647.3, 327.68, 222.6, 163.93, 323.87, 172.78, 245.81, 98.02, 30.6, 63.9, 125, 64.56, 87.89, , , , , 
1/31/2020 1:12:03 AM, 3287.75, 9218, 1647.3, 327.68, 222.6, 163.93, 323.87, 172.78, 245.81, 98.02, 30.6, 63.9, 125, 64.56, 87.89, , , , , 
1/31/2020 1:12:06 AM, 3287.75, 9217.5, 1647.3, 327.68, 222.6, 163.93, 323.87, 172.78, 245.81, 98.02, 30.6, 63.9, 125, 64.56, 87.89, , , , , 
1/31/2020 1:12:09 AM, 3287.75, 9217.75, 1647.3, 327.68, 222.6, 163.93, 323.87, 172.78, 245.81, 98.02, 30.6, 63.9, 125, 64.56, 87.89, , , , , 
1/31/2020 1:12:12 AM, 3287.75, 9217.75, 1647.3, 327.68, 222.6, 163.93, 323.87, 172.78, 245.81, 98.02, 30.6, 63.9, 125, 64.56, 87.89, , , , , 
1/31/2020 1:12:15 AM, 3287.75, 9218.25, 1647.3, 327.68, 222.6, 163.93, 323.87, 172.78, 245.81, 98.02, 30.6, 63.9, 125, 64.56, 87.89, , , , , 
1/31/2020 1:12:18 AM, 3287.75, 9218.25, 1647.3, 327.68, 222.6, 163.93, 323.87, 172.78, 245.81, 98.02, 30.6, 63.9, 125, 64.56, 87.89, , , , , 
1/31/2020 1:12:21 AM, 3287.75, 9218, 1647.4, 327.68, 222.6, 163.93, 323.87, 172.78, 245.81, 98.02, 30.6, 63.9, 125, 64.56, 87.89, , , , , 
1/31/2020 1:12:24 AM, 3288, 9218.5, 1647.4, 327.68, 222.6, 163.93, 323.87, 172.78, 245.81, 98.02, 30.6, 63.9, 125, 64.56, 87.89, , , , , 
1/31/2020 1:12:27 AM, 3288, 9218.5, 1647.4, 327.68, 222.6, 163.93, 323.87, 172.78, 245.81, 98.02, 30.6, 63.9, 125, 64.56, 87.89, , , , , 
1/31/2020 1:12:30 AM, 3288, 9218.5, 1647.5, 327.68, 222.6, 163.93, 323.87, 172.78, 245.81, 98.02, 30.6, 63.9, 125, 64.56, 87.89, , , , , 
1/31/2020 1:12:33 AM, 3288, 9218.5, 1647.5, 327.68, 222.6, 163.93, 323.87, 172.78, 245.81, 98.02, 30.6, 63.9, 125, 64.56, 87.89, , , , , 
1/31/2020 1:12:36 AM, 3288, 9219, 1647.5, 327.68, 222.6, 163.93, 323.87, 172.78, 245.81, 98.02, 30.6, 63.9, 125, 64.56, 87.89, , , , , 
1/31/2020 1:12:39 AM, 3288, 9218.5, 1647.4, 327.68, 222.6, 163.93, 323.87, 172.78, 245.81, 98.02, 30.6, 63.9, 125, 64.56, 87.89, , , , , 
1/31/2020 1:12:42 AM, 3287.75, 9218.25, 1647.4, 327.68, 222.6, 163.93, 323.87, 172.78, 245.81, 98.02, 30.6, 63.9, 125, 64.56, 87.89, , , , , 
1/31/2020 1:12:45 AM, 3287.75, 9218.25, 1647.4, 327.68, 222.6, 163.93, 323.87, 172.78, 245.81, 98.02, 30.6, 63.9, 125, 64.56, 87.89, , , , , 
1/31/2020 1:12:48 AM, 3287.75, 9218, 1647.4, 327.68, 222.6, 163.93, 323.87, 172.78, 245.81, 98.02, 30.6, 63.9, 125, 64.56, 87.89, , , , , 
1/31/2020 1:12:51 AM, 3287.75, 9218, 1647.4, 327.68, 222.6, 163.93, 323.87, 172.78, 245.81, 98.02, 30.6, 63.9, 125, 64.56, 87.89, , , , , 
1/31/2020 1:12:54 AM, 3287.5, 9217.5, 1647.4, 327.68, 222.6, 163.93, 323.87, 172.78, 245.81, 98.02, 30.6, 63.9, 125, 64.56, 87.89, , , , , 
1/31/2020 1:12:57 AM, 3287.25, 9217.5, 1647.4, 327.68, 222.6, 163.93, 323.87, 172.78, 245.81, 98.02, 30.6, 63.9, 125, 64.56, 87.89, , , , , 
1/31/2020 1:13:00 AM, 3287.5, 9217.25, 1647.1, 327.68, 222.6, 163.93, 323.87, 172.78, 245.81, 98.02, 30.6, 63.9, 125, 64.56, 87.89, , , , , 
1/31/2020 1:13:03 AM, 3287.5, 9217.25, 1647.1, 327.68, 222.6, 163.93, 323.87, 172.78, 245.81, 98.02, 30.6, 63.9, 125, 64.56, 87.89, , , , , 
1/31/2020 1:13:06 AM, 3287.25, 9215.5, 1647, 327.68, 222.6, 163.93, 323.87, 172.78, 245.81, 98.02, 30.6, 63.9, 125, 64.56, 87.89, , , , , 
1/31/2020 1:13:09 AM, 3287.25, 9215.5, 1647, 327.68, 222.6, 163.93, 323.87, 172.78, 245.81, 98.02, 30.6, 63.9, 125, 64.56, 87.89, , , , , 
1/31/2020 1:13:12 AM, 3287.25, 9215.5, 1647, 327.68, 222.6, 163.93, 323.87, 172.78, 245.81, 98.02, 30.6, 63.9, 125, 64.56, 87.89, , , , , 
1/31/2020 1:13:15 AM, 3287.25, 9215.5, 1647, 327.68, 222.6, 163.93, 323.87, 172.78, 245.81, 98.02, 30.6, 63.9, 125, 64.56, 87.89, , , , , 
1/31/2020 1:13:18 AM, 3287.5, 9216.5, 1647.1, 327.68, 222.6, 163.93, 323.87, 172.78, 245.81, 98.02, 30.6, 63.9, 125, 64.56, 87.89, , , , , 
1/31/2020 1:13:21 AM, 3287.5, 9216.5, 1647.1, 327.68, 222.6, 163.93, 323.87, 172.78, 245.81, 98.02, 30.6, 63.9, 125, 64.56, 87.89, , , , , 
1/31/2020 1:13:24 AM, 3287.5, 9215.75, 1647.1, 327.68, 222.6, 163.93, 323.87, 172.78, 245.81, 98.02, 30.6, 63.9, 125, 64.56, 87.89, , , , , 
1/31/2020 1:13:27 AM, 3287.5, 9215.75, 1647.1, 327.68, 222.6, 163.93, 323.87, 172.78, 245.81, 98.02, 30.6, 63.9, 125, 64.56, 87.89, , , , , 
1/31/2020 1:13:30 AM, 3287.5, 9215.75, 1647.1, 327.68, 222.6, 163.93, 323.87, 172.78, 245.81, 98.02, 30.6, 63.9, 125, 64.56, 87.89, , , , , 
1/31/2020 1:13:33 AM, 3287.5, 9215.75, 1647.1, 327.68, 222.6, 163.93, 323.87, 172.78, 245.81, 98.02, 30.6, 63.9, 125, 64.56, 87.89, , , , , 
1/31/2020 1:13:36 AM, 3287.5, 9216, 1647.1, 327.68, 222.6, 163.93, 323.87, 172.78, 245.81, 98.02, 30.6, 63.9, 125, 64.56, 87.89, , , , , 
1/31/2020 1:13:39 AM, 3287.5, 9216, 1647.1, 327.68, 222.6, 163.93, 323.87, 172.78, 245.81, 98.02, 30.6, 63.9, 125, 64.56, 87.89, , , , , 
1/31/2020 1:13:42 AM, 3287.5, 9216.75, 1647.2, 327.68, 222.6, 163.93, 323.87, 172.78, 245.81, 98.02, 30.6, 63.9, 125, 64.56, 87.89, , , , , 
1/31/2020 1:13:45 AM, 3287.5, 9216.75, 1647.2, 327.68, 222.6, 163.93, 323.87, 172.78, 245.81, 98.02, 30.6, 63.9, 125, 64.56, 87.89, , , , , 
1/31/2020 1:13:48 AM, 3287.5, 9215.75, 1647.2, 327.68, 222.6, 163.93, 323.87, 172.78, 245.81, 98.02, 30.6, 63.9, 125, 64.56, 87.89, , , , , 
1/31/2020 1:13:51 AM, 3287.5, 9215.75, 1647.2, 327.68, 222.6, 163.93, 323.87, 172.78, 245.81, 98.02, 30.6, 63.9, 125, 64.56, 87.89, , , , , 
1/31/2020 1:13:55 AM, 3287.5, 9216, 1647.2, 327.68, 222.6, 163.93, 323.87, 172.78, 245.81, 98.02, 30.6, 63.9, 125, 64.56, 87.89, , , , , 
1/31/2020 1:13:58 AM, 3287.75, 9217, 1647.3, 327.68, 222.6, 163.93, 323.87, 172.78, 245.81, 98.02, 30.6, 63.9, 125, 64.56, 87.89, , , , , 
1/31/2020 1:14:01 AM, 3287.75, 9217, 1647.3, 327.68, 222.6, 163.93, 323.87, 172.78, 245.81, 98.02, 30.6, 63.9, 125, 64.56, 87.89, , , , , 
1/31/2020 1:14:04 AM, 3287.5, 9217, 1647.3, 327.68, 222.6, 163.93, 323.87, 172.78, 245.81, 98.02, 30.6, 63.9, 125, 64.56, 87.89, , , , , 
1/31/2020 1:14:07 AM, 3287.5, 9217, 1647.3, 327.68, 222.6, 163.93, 323.87, 172.78, 245.81, 98.02, 30.6, 63.9, 125, 64.56, 87.89, , , , , 
1/31/2020 1:14:10 AM, 3287.5, 9217, 1647.3, 327.68, 222.6, 163.93, 323.87, 172.78, 245.81, 98.02, 30.6, 63.9, 125, 64.56, 87.89, , , , , 
1/31/2020 1:14:13 AM, 3287.75, 9217, 1647.3, 327.68, 222.6, 163.93, 323.87, 172.78, 245.81, 98.02, 30.6, 63.9, 125, 64.56, 87.89, , , , , 
1/31/2020 1:14:16 AM, 3287.75, 9217, 1647.3, 327.68, 222.6, 163.93, 323.87, 172.78, 245.81, 98.02, 30.6, 63.9, 125, 64.56, 87.89, , , , , 
1/31/2020 1:14:19 AM, 3287.75, 9216.5, 1647.3, 327.68, 222.6, 163.93, 323.87, 172.78, 245.81, 98.02, 30.6, 63.9, 125, 64.56, 87.89, , , , , 
1/31/2020 1:14:22 AM, 3287.75, 9216.5, 1647.3, 327.68, 222.6, 163.93, 323.87, 172.78, 245.81, 98.02, 30.6, 63.9, 125, 64.56, 87.89, , , , , 
1/31/2020 1:14:25 AM, 3287.75, 9216.5, 1647.3, 327.68, 222.6, 163.93, 323.87, 172.78, 245.81, 98.02, 30.6, 63.9, 125, 64.56, 87.89, , , , , 
1/31/2020 1:14:28 AM, 3287.5, 9216.5, 1647.3, 327.68, 222.6, 163.93, 323.87, 172.78, 245.81, 98.02, 30.6, 63.9, 125, 64.56, 87.89, , , , , 
1/31/2020 1:14:31 AM, 3288, 9216.5, 1647.3, 327.68, 222.6, 163.93, 323.87, 172.78, 245.81, 98.02, 30.6, 63.9, 125, 64.56, 87.89, , , , , 
1/31/2020 1:14:34 AM, 3288, 9216.5, 1647.3, 327.68, 222.6, 163.93, 323.87, 172.78, 245.81, 98.02, 30.6, 63.9, 125, 64.56, 87.89, , , , , 
1/31/2020 1:14:37 AM, 3288, 9217, 1647.3, 327.68, 222.6, 163.93, 323.87, 172.78, 245.81, 98.02, 30.6, 63.9, 125, 64.56, 87.89, , , , , 
1/31/2020 1:14:40 AM, 3287.75, 9216.75, 1647.3, 327.68, 222.6, 163.93, 323.87, 172.78, 245.81, 98.02, 30.6, 63.9, 125, 64.56, 87.89, , , , , 
1/31/2020 1:14:43 AM, 3287.75, 9217.25, 1647.4, 327.68, 222.6, 163.93, 323.87, 172.78, 245.81, 98.02, 30.6, 63.9, 125, 64.56, 87.89, , , , , 
1/31/2020 1:14:46 AM, 3288, 9218.5, 1647.5, 327.68, 222.6, 163.93, 323.87, 172.78, 245.81, 98.02, 30.6, 63.9, 125, 64.56, 87.89, , , , , 
1/31/2020 1:14:49 AM, 3288, 9218.25, 1647.5, 327.68, 222.6, 163.93, 323.87, 172.78, 245.81, 98.02, 30.6, 63.9, 125, 64.56, 87.89, , , , , 
1/31/2020 1:14:52 AM, 3288.25, 9218.25, 1647.5, 327.68, 222.6, 163.93, 323.87, 172.78, 245.81, 98.02, 30.6, 63.9, 125, 64.56, 87.89, , , , , 
1/31/2020 1:14:55 AM, 3288.25, 9218.25, 1647.6, 327.68, 222.6, 163.93, 323.87, 172.78, 245.81, 98.02, 30.6, 63.9, 125, 64.56, 87.89, , , , , 
1/31/2020 1:14:58 AM, 3288.25, 9218.75, 1647.6, 327.68, 222.6, 163.93, 323.87, 172.78, 245.81, 98.02, 30.6, 63.9, 125, 64.56, 87.89, , , , , 
1/31/2020 1:15:01 AM, 3288, 9219.75, 1647.6, 327.68, 222.6, 163.93, 323.87, 172.78, 245.81, 98.02, 30.6, 63.9, 125, 64.56, 87.89, , , , , 
1/31/2020 1:15:04 AM, 3288.25, 9219, 1647.6, 327.68, 222.6, 163.93, 323.87, 172.78, 245.81, 98.02, 30.6, 63.9, 125, 64.56, 87.89, , , , , 
1/31/2020 1:15:07 AM, 3288.25, 9218.75, 1647.6, 327.68, 222.6, 163.93, 323.87, 172.78, 245.81, 98.02, 30.6, 63.9, 125, 64.56, 87.89, , , , , 
1/31/2020 1:15:10 AM, 3288.25, 9219, 1647.6, 327.68, 222.6, 163.93, 323.87, 172.78, 245.81, 98.02, 30.6, 63.9, 125, 64.56, 87.89, , , , , 
1/31/2020 1:15:13 AM, 3288.25, 9219, 1647.6, 327.68, 222.6, 163.93, 323.87, 172.78, 245.81, 98.02, 30.6, 63.9, 125, 64.56, 87.89, , , , , 
1/31/2020 1:15:16 AM, 3288, 9218.75, 1647.6, 327.68, 222.6, 163.93, 323.87, 172.78, 245.81, 98.02, 30.6, 63.9, 125, 64.56, 87.89, , , , , 
1/31/2020 1:15:19 AM, 3288.25, 9218.75, 1647.6, 327.68, 222.6, 163.93, 323.87, 172.78, 245.81, 98.02, 30.6, 63.9, 125, 64.56, 87.89, , , , , 
1/31/2020 1:15:22 AM, 3288.25, 9218.75, 1647.6, 327.68, 222.6, 163.93, 323.87, 172.78, 245.81, 98.02, 30.6, 63.9, 125, 64.56, 87.89, , , , , 
1/31/2020 1:15:25 AM, 3288, 9218.25, 1647.7, 327.68, 222.6, 163.93, 323.87, 172.78, 245.81, 98.02, 30.6, 63.9, 125, 64.56, 87.89, , , , , 
1/31/2020 1:15:28 AM, 3288.25, 9218.5, 1647.7, 327.68, 222.6, 163.93, 323.87, 172.78, 245.81, 98.02, 30.6, 63.9, 125, 64.56, 87.89, , , , , 
1/31/2020 1:15:31 AM, 3288.25, 9218.5, 1647.7, 327.68, 222.6, 163.93, 323.87, 172.78, 245.81, 98.02, 30.6, 63.9, 125, 64.56, 87.89, , , , , 
1/31/2020 1:15:34 AM, 3288.5, 9219, 1647.7, 327.68, 222.6, 163.93, 323.87, 172.78, 245.81, 98.02, 30.6, 63.9, 125, 64.56, 87.89, , , , , 
1/31/2020 1:15:37 AM, 3288.5, 9218.5, 1647.7, 327.68, 222.6, 163.93, 323.87, 172.78, 245.81, 98.02, 30.6, 63.9, 125, 64.56, 87.89, , , , , 
1/31/2020 1:15:40 AM, 3288.5, 9219.5, 1647.7, 327.68, 222.6, 163.93, 323.87, 172.78, 245.81, 98.02, 30.6, 63.9, 125, 64.56, 87.89, , , , , 
1/31/2020 1:15:43 AM, 3288.5, 9219.5, 1647.7, 327.68, 222.6, 163.93, 323.87, 172.78, 245.81, 98.02, 30.6, 63.9, 125, 64.56, 87.89, , , , , 
1/31/2020 1:15:46 AM, 3288.5, 9219.5, 1647.7, 327.68, 222.6, 163.93, 323.87, 172.78, 245.81, 98.02, 30.6, 63.9, 125, 64.56, 87.89, , , , , 
1/31/2020 1:15:49 AM, 3288.5, 9219.75, 1647.7, 327.68, 222.6, 163.93, 323.87, 172.78, 245.81, 98.02, 30.6, 63.9, 125, 64.56, 87.89, , , , , 
1/31/2020 1:15:52 AM, 3288.75, 9220.75, 1648, 327.68, 222.6, 163.93, 323.87, 172.78, 245.81, 98.02, 30.6, 63.9, 125, 64.56, 87.89, , , , , 
1/31/2020 1:15:55 AM, 3288.75, 9221.25, 1648, 327.68, 222.6, 163.93, 323.87, 172.78, 245.81, 98.02, 30.6, 63.9, 125, 64.56, 87.89, , , , , 
1/31/2020 1:15:58 AM, 3288.75, 9221.25, 1648, 327.68, 222.6, 163.93, 323.87, 172.78, 245.81, 98.02, 30.6, 63.9, 125, 64.56, 87.89, , , , , 
1/31/2020 1:16:01 AM, 3288.75, 9220.75, 1648, 327.68, 222.6, 163.93, 323.87, 172.78, 245.81, 98.02, 30.6, 63.9, 125, 64.56, 87.89, , , , , 
1/31/2020 1:16:04 AM, 3288.75, 9220.75, 1648, 327.68, 222.6, 163.93, 323.87, 172.78, 245.81, 98.02, 30.6, 63.9, 125, 64.56, 87.89, , , , , 
1/31/2020 1:16:07 AM, 3288.75, 9220.5, 1648, 327.68, 222.6, 163.93, 323.87, 172.78, 245.81, 98.02, 30.6, 63.9, 125, 64.56, 87.89, , , , , 
1/31/2020 1:16:10 AM, 3288.75, 9221, 1648, 327.68, 222.6, 163.93, 323.87, 172.78, 245.81, 98.02, 30.6, 63.9, 125, 64.56, 87.89, , , , , 
1/31/2020 1:16:13 AM, 3288.5, 9219.75, 1647.7, 327.68, 222.6, 163.93, 323.87, 172.78, 245.81, 98.02, 30.6, 63.9, 125, 64.56, 87.89, , , , , 
1/31/2020 1:16:16 AM, 3288.5, 9219.75, 1647.7, 327.68, 222.6, 163.93, 323.87, 172.78, 245.81, 98.02, 30.6, 63.9, 125, 64.56, 87.89, , , , , 
1/31/2020 1:16:19 AM, 3288.5, 9220.5, 1647.8, 327.68, 222.6, 163.93, 323.87, 172.78, 245.81, 98.02, 30.6, 63.9, 125, 64.56, 87.89, , , , , 
1/31/2020 1:16:22 AM, 3288.5, 9220.5, 1647.8, 327.68, 222.6, 163.93, 323.87, 172.78, 245.81, 98.02, 30.6, 63.9, 125, 64.56, 87.89, , , , , 
1/31/2020 1:16:26 AM, 3288.5, 9220.5, 1647.8, 327.68, 222.6, 163.93, 323.87, 172.78, 245.81, 98.02, 30.6, 63.9, 125, 64.56, 87.89, , , , , 
1/31/2020 1:16:29 AM, 3288.5, 9220.5, 1647.8, 327.68, 222.6, 163.93, 323.87, 172.78, 245.81, 98.02, 30.6, 63.9, 125, 64.56, 87.89, , , , , 
1/31/2020 1:16:32 AM, 3288.5, 9221, 1647.8, 327.68, 222.6, 163.93, 323.87, 172.78, 245.81, 98.02, 30.6, 63.9, 125, 64.56, 87.89, , , , , 
1/31/2020 1:16:35 AM, 3288.5, 9220.75, 1647.8, 327.68, 222.6, 163.93, 323.87, 172.78, 245.81, 98.02, 30.6, 63.9, 125, 64.56, 87.89, , , , , 
1/31/2020 1:16:38 AM, 3288.5, 9221, 1647.8, 327.68, 222.6, 163.93, 323.87, 172.78, 245.81, 98.02, 30.6, 63.9, 125, 64.56, 87.89, , , , , 
1/31/2020 1:16:41 AM, 3288.5, 9221, 1647.8, 327.68, 222.6, 163.93, 323.87, 172.78, 245.81, 98.02, 30.6, 63.9, 125, 64.56, 87.89, , , , , 
1/31/2020 1:16:44 AM, 3288.5, 9221.25, 1647.8, 327.68, 222.6, 163.93, 323.87, 172.78, 245.81, 98.02, 30.6, 63.9, 125, 64.56, 87.89, , , , , 
1/31/2020 1:16:47 AM, 3288.5, 9220.75, 1647.8, 327.68, 222.6, 163.93, 323.87, 172.78, 245.81, 98.02, 30.6, 63.9, 125, 64.56, 87.89, , , , , 
1/31/2020 1:16:50 AM, 3288.75, 9221.5, 1647.8, 327.68, 222.6, 163.93, 323.87, 172.78, 245.81, 98.02, 30.6, 63.9, 125, 64.56, 87.89, , , , , 
1/31/2020 1:16:53 AM, 3288.75, 9221.5, 1647.8, 327.68, 222.6, 163.93, 323.87, 172.78, 245.81, 98.02, 30.6, 63.9, 125, 64.56, 87.89, , , , , 
1/31/2020 1:16:56 AM, 3288.75, 9221.5, 1647.8, 327.68, 222.6, 163.93, 323.87, 172.78, 245.81, 98.02, 30.6, 63.9, 125, 64.56, 87.89, , , , , 
1/31/2020 1:16:59 AM, 3288.75, 9221.5, 1647.8, 327.68, 222.6, 163.93, 323.87, 172.78, 245.81, 98.02, 30.6, 63.9, 125, 64.56, 87.89, , , , , 
1/31/2020 1:17:02 AM, 3288.75, 9221.5, 1647.8, 327.68, 222.6, 163.93, 323.87, 172.78, 245.81, 98.02, 30.6, 63.9, 125, 64.56, 87.89, , , , , 
1/31/2020 1:17:05 AM, 3288.5, 9221.5, 1647.8, 327.68, 222.6, 163.93, 323.87, 172.78, 245.81, 98.02, 30.6, 63.9, 125, 64.56, 87.89, , , , , 
1/31/2020 1:17:08 AM, 3288.75, 9221.25, 1647.8, 327.68, 222.6, 163.93, 323.87, 172.78, 245.81, 98.02, 30.6, 63.9, 125, 64.56, 87.89, , , , , 
1/31/2020 1:17:11 AM, 3288.75, 9221.5, 1647.8, 327.68, 222.6, 163.93, 323.87, 172.78, 245.81, 98.02, 30.6, 63.9, 125, 64.56, 87.89, , , , , 
1/31/2020 1:17:14 AM, 3288.75, 9221.75, 1647.8, 327.68, 222.6, 163.93, 323.87, 172.78, 245.81, 98.02, 30.6, 63.9, 125, 64.56, 87.89, , , , , 
1/31/2020 1:17:17 AM, 3288.75, 9221.25, 1647.8, 327.68, 222.6, 163.93, 323.87, 172.78, 245.81, 98.02, 30.6, 63.9, 125, 64.56, 87.89, , , , , 
1/31/2020 1:17:20 AM, 3288.75, 9221.25, 1647.8, 327.68, 222.6, 163.93, 323.87, 172.78, 245.81, 98.02, 30.6, 63.9, 125, 64.56, 87.89, , , , , 
1/31/2020 1:17:23 AM, 3288.75, 9221.5, 1647.8, 327.68, 222.6, 163.93, 323.87, 172.78, 245.81, 98.02, 30.6, 63.9, 125, 64.56, 87.89, , , , , 
1/31/2020 1:17:26 AM, 3288.5, 9221.5, 1647.8, 327.68, 222.6, 163.93, 323.87, 172.78, 245.81, 98.02, 30.6, 63.9, 125, 64.56, 87.89, , , , , 
1/31/2020 1:17:29 AM, 3288.5, 9221.5, 1647.8, 327.68, 222.6, 163.93, 323.87, 172.78, 245.81, 98.02, 30.6, 63.9, 125, 64.56, 87.89, , , , , 
1/31/2020 1:17:32 AM, 3288.75, 9221.25, 1647.8, 327.68, 222.6, 163.93, 323.87, 172.78, 245.81, 98.02, 30.6, 63.9, 125, 64.56, 87.89, , , , , 
1/31/2020 1:17:35 AM, 3289, 9222, 1647.8, 327.68, 222.6, 163.93, 323.87, 172.78, 245.81, 98.02, 30.6, 63.9, 125, 64.56, 87.89, , , , , 
1/31/2020 1:17:38 AM, 3289, 9222.5, 1647.8, 327.68, 222.6, 163.93, 323.87, 172.78, 245.81, 98.02, 30.6, 63.9, 125, 64.56, 87.89, , , , , 
1/31/2020 1:17:41 AM, 3288.75, 9221.75, 1647.8, 327.68, 222.6, 163.93, 323.87, 172.78, 245.81, 98.02, 30.6, 63.9, 125, 64.56, 87.89, , , , , 
1/31/2020 1:17:44 AM, 3289, 9222.5, 1647.8, 327.68, 222.6, 163.93, 323.87, 172.78, 245.81, 98.02, 30.6, 63.9, 125, 64.56, 87.89, , , , , 
1/31/2020 1:17:47 AM, 3289, 9222.5, 1647.8, 327.68, 222.6, 163.93, 323.87, 172.78, 245.81, 98.02, 30.6, 63.9, 125, 64.56, 87.89, , , , , 
1/31/2020 1:17:50 AM, 3289, 9222.5, 1647.8, 327.68, 222.6, 163.93, 323.87, 172.78, 245.81, 98.02, 30.6, 63.9, 125, 64.56, 87.89, , , , , 
1/31/2020 1:17:53 AM, 3289, 9222.5, 1647.8, 327.68, 222.6, 163.93, 323.87, 172.78, 245.81, 98.02, 30.6, 63.9, 125, 64.56, 87.89, , , , , 
1/31/2020 1:17:56 AM, 3289.25, 9223.5, 1648.1, 327.68, 222.6, 163.93, 323.87, 172.78, 245.81, 98.02, 30.6, 63.9, 125, 64.56, 87.89, , , , , 
1/31/2020 1:17:59 AM, 3289.5, 9223.25, 1648.1, 327.68, 222.6, 163.93, 323.87, 172.78, 245.81, 98.02, 30.6, 63.9, 125, 64.56, 87.89, , , , , 
1/31/2020 1:18:02 AM, 3289.25, 9222.5, 1648.1, 327.68, 222.6, 163.93, 323.87, 172.78, 245.81, 98.02, 30.6, 63.9, 125, 64.56, 87.89, , , , , 
1/31/2020 1:18:05 AM, 3289.25, 9223.25, 1648.1, 327.68, 222.6, 163.93, 323.87, 172.78, 245.81, 98.02, 30.6, 63.9, 125, 64.56, 87.89, , , , , 
1/31/2020 1:18:08 AM, 3289.25, 9223, 1648.1, 327.68, 222.6, 163.93, 323.87, 172.78, 245.81, 98.02, 30.6, 63.9, 125, 64.56, 87.89, , , , , 
1/31/2020 1:18:11 AM, 3289, 9222.5, 1648.1, 327.68, 222.6, 163.93, 323.87, 172.78, 245.81, 98.02, 30.6, 63.9, 125, 64.56, 87.89, , , , , 
1/31/2020 1:18:14 AM, 3289, 9222.5, 1648.1, 327.68, 222.6, 163.93, 323.87, 172.78, 245.81, 98.02, 30.6, 63.9, 125, 64.56, 87.89, , , , , 
1/31/2020 1:18:17 AM, 3289.25, 9222.5, 1648.1, 327.68, 222.6, 163.93, 323.87, 172.78, 245.81, 98.02, 30.6, 63.9, 125, 64.56, 87.89, , , , , 
1/31/2020 1:18:20 AM, 3289.25, 9222.5, 1648.1, 327.68, 222.6, 163.93, 323.87, 172.78, 245.81, 98.02, 30.6, 63.9, 125, 64.56, 87.89, , , , , 
1/31/2020 1:18:23 AM, 3289.25, 9222.5, 1648.1, 327.68, 222.6, 163.93, 323.87, 172.78, 245.81, 98.02, 30.6, 63.9, 125, 64.56, 87.89, , , , , 
1/31/2020 1:18:26 AM, 3289.25, 9222.5, 1648.1, 327.68, 222.6, 163.93, 323.87, 172.78, 245.81, 98.02, 30.6, 63.9, 125, 64.56, 87.89, , , , , 
1/31/2020 1:18:29 AM, 3289, 9222.5, 1648.1, 327.68, 222.6, 163.93, 323.87, 172.78, 245.81, 98.02, 30.6, 63.9, 125, 64.56, 87.89, , , , , 
1/31/2020 1:18:32 AM, 3289, 9222.5, 1648.1, 327.68, 222.6, 163.93, 323.87, 172.78, 245.81, 98.02, 30.6, 63.9, 125, 64.56, 87.89, , , , , 
1/31/2020 1:18:35 AM, 3289, 9223, 1648.1, 327.68, 222.6, 163.93, 323.87, 172.78, 245.81, 98.02, 30.6, 63.9, 125, 64.56, 87.89, , , , , 
1/31/2020 1:18:38 AM, 3289, 9223, 1648.1, 327.68, 222.6, 163.93, 323.87, 172.78, 245.81, 98.02, 30.6, 63.9, 125, 64.56, 87.89, , , , , 
1/31/2020 1:18:41 AM, 3289, 9222.5, 1647.9, 327.68, 222.6, 163.93, 323.87, 172.78, 245.81, 98.02, 30.6, 63.9, 125, 64.56, 87.89, , , , , 
1/31/2020 1:18:44 AM, 3289, 9222.5, 1647.9, 327.68, 222.6, 163.93, 323.87, 172.78, 245.81, 98.02, 30.6, 63.9, 125, 64.56, 87.89, , , , , 
1/31/2020 1:18:47 AM, 3289, 9222.5, 1647.9, 327.68, 222.6, 163.93, 323.87, 172.78, 245.81, 98.02, 30.6, 63.9, 125, 64.56, 87.89, , , , , 
1/31/2020 1:18:50 AM, 3289, 9222.5, 1647.9, 327.68, 222.6, 163.93, 323.87, 172.78, 245.81, 98.02, 30.6, 63.9, 125, 64.56, 87.89, , , , , 
1/31/2020 1:18:53 AM, 3289, 9222.5, 1647.9, 327.68, 222.6, 163.93, 323.87, 172.78, 245.81, 98.02, 30.6, 63.9, 125, 64.56, 87.89, , , , , 
1/31/2020 1:18:57 AM, 3289, 9222.25, 1647.9, 327.68, 222.6, 163.93, 323.87, 172.78, 245.81, 98.02, 30.6, 63.9, 125, 64.56, 87.89, , , , , 
1/31/2020 1:19:00 AM, 3289, 9222.25, 1647.9, 327.68, 222.6, 163.93, 323.87, 172.78, 245.81, 98.02, 30.6, 63.9, 125, 64.56, 87.89, , , , , 
1/31/2020 1:19:03 AM, 3289, 9222.25, 1647.9, 327.68, 222.6, 163.93, 323.87, 172.78, 245.81, 98.02, 30.6, 63.9, 125, 64.56, 87.89, , , , , 
1/31/2020 1:19:06 AM, 3289, 9222.25, 1647.9, 327.68, 222.6, 163.93, 323.87, 172.78, 245.81, 98.02, 30.6, 63.9, 125, 64.56, 87.89, , , , , 
1/31/2020 1:19:09 AM, 3289, 9222.25, 1647.9, 327.68, 222.6, 163.93, 323.87, 172.78, 245.81, 98.02, 30.6, 63.9, 125, 64.56, 87.89, , , , , 
1/31/2020 1:19:12 AM, 3289, 9222.25, 1647.9, 327.68, 222.6, 163.93, 323.87, 172.78, 245.81, 98.02, 30.6, 63.9, 125, 64.56, 87.89, , , , , 
1/31/2020 1:19:15 AM, 3289, 9222, 1647.9, 327.68, 222.6, 163.93, 323.87, 172.78, 245.81, 98.02, 30.6, 63.9, 125, 64.56, 87.89, , , , , 
1/31/2020 1:19:18 AM, 3288.5, 9220.75, 1647.6, 327.68, 222.6, 163.93, 323.87, 172.78, 245.81, 98.02, 30.6, 63.9, 125, 64.56, 87.89, , , , , 
1/31/2020 1:19:21 AM, 3288.5, 9220.75, 1647.6, 327.68, 222.6, 163.93, 323.87, 172.78, 245.81, 98.02, 30.6, 63.9, 125, 64.56, 87.89, , , , , 
1/31/2020 1:19:24 AM, 3288.25, 9220.75, 1647.6, 327.68, 222.6, 163.93, 323.87, 172.78, 245.81, 98.02, 30.6, 63.9, 125, 64.56, 87.89, , , , , 
1/31/2020 1:19:27 AM, 3288.5, 9220.75, 1647.6, 327.68, 222.6, 163.93, 323.87, 172.78, 245.81, 98.02, 30.6, 63.9, 125, 64.56, 87.89, , , , , 
1/31/2020 1:19:30 AM, 3288.5, 9220.75, 1647.6, 327.68, 222.6, 163.93, 323.87, 172.78, 245.81, 98.02, 30.6, 63.9, 125, 64.56, 87.89, , , , , 
1/31/2020 1:19:33 AM, 3288.25, 9220.25, 1647.6, 327.68, 222.6, 163.93, 323.87, 172.78, 245.81, 98.02, 30.6, 63.9, 125, 64.56, 87.89, , , , , 
1/31/2020 1:19:36 AM, 3287.75, 9219.25, 1647.3, 327.68, 222.6, 163.93, 323.87, 172.78, 245.81, 98.02, 30.6, 63.9, 125, 64.56, 87.89, , , , , 
1/31/2020 1:19:39 AM, 3287.75, 9218.25, 1647.3, 327.68, 222.6, 163.93, 323.87, 172.78, 245.81, 98.02, 30.6, 63.9, 125, 64.56, 87.89, , , , , 
1/31/2020 1:19:42 AM, 3287.75, 9218.75, 1647.3, 327.68, 222.6, 163.93, 323.87, 172.78, 245.81, 98.02, 30.6, 63.9, 125, 64.56, 87.89, , , , , 
1/31/2020 1:19:45 AM, 3287.75, 9218.5, 1647.3, 327.68, 222.6, 163.93, 323.87, 172.78, 245.81, 98.02, 30.6, 63.9, 125, 64.56, 87.89, , , , , 
1/31/2020 1:19:48 AM, 3287.75, 9218.5, 1647.3, 327.68, 222.6, 163.93, 323.87, 172.78, 245.81, 98.02, 30.6, 63.9, 125, 64.56, 87.89, , , , , 
1/31/2020 1:19:51 AM, 3287.75, 9218.5, 1647.3, 327.68, 222.6, 163.93, 323.87, 172.78, 245.81, 98.02, 30.6, 63.9, 125, 64.56, 87.89, , , , , 
1/31/2020 1:19:54 AM, 3287.5, 9217.75, 1647.3, 327.68, 222.6, 163.93, 323.87, 172.78, 245.81, 98.02, 30.6, 63.9, 125, 64.56, 87.89, , , , , 
1/31/2020 1:19:57 AM, 3287.5, 9217.75, 1647.3, 327.68, 222.6, 163.93, 323.87, 172.78, 245.81, 98.02, 30.6, 63.9, 125, 64.56, 87.89, , , , , 
1/31/2020 1:20:00 AM, 3287.5, 9217.75, 1647.3, 327.68, 222.6, 163.93, 323.87, 172.78, 245.81, 98.02, 30.6, 63.9, 125, 64.56, 87.89, , , , , 
1/31/2020 1:20:03 AM, 3287.75, 9218, 1647.2, 327.68, 222.6, 163.93, 323.87, 172.78, 245.81, 98.02, 30.6, 63.9, 125, 64.56, 87.89, , , , , 
1/31/2020 1:20:06 AM, 3287.5, 9218, 1647.3, 327.68, 222.6, 163.93, 323.87, 172.78, 245.81, 98.02, 30.6, 63.9, 125, 64.56, 87.89, , , , , 
1/31/2020 1:20:09 AM, 3287.5, 9218, 1647.3, 327.68, 222.6, 163.93, 323.87, 172.78, 245.81, 98.02, 30.6, 63.9, 125, 64.56, 87.89, , , , , 
1/31/2020 1:20:12 AM, 3287.5, 9217.5, 1647.3, 327.68, 222.6, 163.93, 323.87, 172.78, 245.81, 98.02, 30.6, 63.9, 125, 64.56, 87.89, , , , , 
1/31/2020 1:20:15 AM, 3287.5, 9217.75, 1647.4, 327.68, 222.6, 163.93, 323.87, 172.78, 245.81, 98.02, 30.6, 63.9, 125, 64.56, 87.89, , , , , 
1/31/2020 1:20:18 AM, 3287.5, 9218, 1647.4, 327.68, 222.6, 163.93, 323.87, 172.78, 245.81, 98.02, 30.6, 63.9, 125, 64.56, 87.89, , , , , 
1/31/2020 1:20:21 AM, 3287.5, 9218, 1647.4, 327.68, 222.6, 163.93, 323.87, 172.78, 245.81, 98.02, 30.6, 63.9, 125, 64.56, 87.89, , , , , 
1/31/2020 1:20:24 AM, 3287.5, 9217.75, 1647.4, 327.68, 222.6, 163.93, 323.87, 172.78, 245.81, 98.02, 30.6, 63.9, 125, 64.56, 87.89, , , , , 
1/31/2020 1:20:27 AM, 3287.5, 9217.75, 1647.4, 327.68, 222.6, 163.93, 323.87, 172.78, 245.81, 98.02, 30.6, 63.9, 125, 64.56, 87.89, , , , , 
1/31/2020 1:20:30 AM, 3287.75, 9218.25, 1647.2, 327.68, 222.6, 163.93, 323.87, 172.78, 245.81, 98.02, 30.6, 63.9, 125, 64.56, 87.89, , , , , 
1/31/2020 1:20:33 AM, 3287.75, 9218.25, 1647.2, 327.68, 222.6, 163.93, 323.87, 172.78, 245.81, 98.02, 30.6, 63.9, 125, 64.56, 87.89, , , , , 
1/31/2020 1:20:36 AM, 3287.75, 9218, 1647.2, 327.68, 222.6, 163.93, 323.87, 172.78, 245.81, 98.02, 30.6, 63.9, 125, 64.56, 87.89, , , , , 
1/31/2020 1:20:39 AM, 3287.75, 9218, 1647.2, 327.68, 222.6, 163.93, 323.87, 172.78, 245.81, 98.02, 30.6, 63.9, 125, 64.56, 87.89, , , , , 
1/31/2020 1:20:42 AM, 3287.75, 9218.75, 1647.2, 327.68, 222.6, 163.93, 323.87, 172.78, 245.81, 98.02, 30.6, 63.9, 125, 64.56, 87.89, , , , , 
1/31/2020 1:20:45 AM, 3287.75, 9218.75, 1647.2, 327.68, 222.6, 163.93, 323.87, 172.78, 245.81, 98.02, 30.6, 63.9, 125, 64.56, 87.89, , , , , 
1/31/2020 1:20:48 AM, 3288, 9218.25, 1647.2, 327.68, 222.6, 163.93, 323.87, 172.78, 245.81, 98.02, 30.6, 63.9, 125, 64.56, 87.89, , , , , 
1/31/2020 1:20:51 AM, 3288, 9218.25, 1647.2, 327.68, 222.6, 163.93, 323.87, 172.78, 245.81, 98.02, 30.6, 63.9, 125, 64.56, 87.89, , , , , 
1/31/2020 1:20:54 AM, 3288, 9218.25, 1647.2, 327.68, 222.6, 163.93, 323.87, 172.78, 245.81, 98.02, 30.6, 63.9, 125, 64.56, 87.89, , , , , 
1/31/2020 1:20:57 AM, 3288, 9218.75, 1647.2, 327.68, 222.6, 163.93, 323.87, 172.78, 245.81, 98.02, 30.6, 63.9, 125, 64.56, 87.89, , , , , 
1/31/2020 1:21:00 AM, 3288, 9218.75, 1647.2, 327.68, 222.6, 163.93, 323.87, 172.78, 245.81, 98.02, 30.6, 63.9, 125, 64.56, 87.89, , , , , 
1/31/2020 1:21:03 AM, 3288, 9218.25, 1647.2, 327.68, 222.6, 163.93, 323.87, 172.78, 245.81, 98.02, 30.6, 63.9, 125, 64.56, 87.89, , , , , 
1/31/2020 1:21:06 AM, 3287.75, 9218.5, 1647.2, 327.68, 222.6, 163.93, 323.87, 172.78, 245.81, 98.02, 30.6, 63.9, 125, 64.56, 87.89, , , , , 
1/31/2020 1:21:09 AM, 3288, 9218.5, 1647.4, 327.68, 222.6, 163.93, 323.87, 172.78, 245.81, 98.02, 30.6, 63.9, 125, 64.56, 87.89, , , , , 
1/31/2020 1:21:12 AM, 3288, 9218.5, 1647.4, 327.68, 222.6, 163.93, 323.87, 172.78, 245.81, 98.02, 30.6, 63.9, 125, 64.56, 87.89, , , , , 
1/31/2020 1:21:15 AM, 3288, 9218.75, 1647.4, 327.68, 222.6, 163.93, 323.87, 172.78, 245.81, 98.02, 30.6, 63.9, 125, 64.56, 87.89, , , , , 
1/31/2020 1:21:19 AM, 3288.25, 9218.75, 1647.4, 327.68, 222.6, 163.93, 323.87, 172.78, 245.81, 98.02, 30.6, 63.9, 125, 64.56, 87.89, , , , , 
1/31/2020 1:21:22 AM, 3288.25, 9218.75, 1647.4, 327.68, 222.6, 163.93, 323.87, 172.78, 245.81, 98.02, 30.6, 63.9, 125, 64.56, 87.89, , , , , 
1/31/2020 1:21:25 AM, 3288.5, 9219.25, 1647.4, 327.68, 222.6, 163.93, 323.87, 172.78, 245.81, 98.02, 30.6, 63.9, 125, 64.56, 87.89, , , , , 
1/31/2020 1:21:28 AM, 3288.5, 9220, 1647.4, 327.68, 222.6, 163.93, 323.87, 172.78, 245.81, 98.02, 30.6, 63.9, 125, 64.56, 87.89, , , , , 
1/31/2020 1:21:31 AM, 3288.25, 9220, 1647.4, 327.68, 222.6, 163.93, 323.87, 172.78, 245.81, 98.02, 30.6, 63.9, 125, 64.56, 87.89, , , , , 
1/31/2020 1:21:34 AM, 3288.25, 9220.5, 1647.4, 327.68, 222.6, 163.93, 323.87, 172.78, 245.81, 98.02, 30.6, 63.9, 125, 64.56, 87.89, , , , , 
1/31/2020 1:21:37 AM, 3288.5, 9220.75, 1647.4, 327.68, 222.6, 163.93, 323.87, 172.78, 245.81, 98.02, 30.6, 63.9, 125, 64.56, 87.89, , , , , 
1/31/2020 1:21:40 AM, 3288.5, 9220.75, 1647.4, 327.68, 222.6, 163.93, 323.87, 172.78, 245.81, 98.02, 30.6, 63.9, 125, 64.56, 87.89, , , , , 
1/31/2020 1:21:43 AM, 3288.5, 9220.75, 1647.4, 327.68, 222.6, 163.93, 323.87, 172.78, 245.81, 98.02, 30.6, 63.9, 125, 64.56, 87.89, , , , , 
1/31/2020 1:21:46 AM, 3288.5, 9220.25, 1647.4, 327.68, 222.6, 163.93, 323.87, 172.78, 245.81, 98.02, 30.6, 63.9, 125, 64.56, 87.89, , , , , 
1/31/2020 1:21:49 AM, 3288.5, 9220, 1647.4, 327.68, 222.6, 163.93, 323.87, 172.78, 245.81, 98.02, 30.6, 63.9, 125, 64.56, 87.89, , , , , 
1/31/2020 1:21:52 AM, 3288.25, 9220, 1647.4, 327.68, 222.6, 163.93, 323.87, 172.78, 245.81, 98.02, 30.6, 63.9, 125, 64.56, 87.89, , , , , 
1/31/2020 1:21:55 AM, 3288.25, 9219.75, 1647.4, 327.68, 222.6, 163.93, 323.87, 172.78, 245.81, 98.02, 30.6, 63.9, 125, 64.56, 87.89, , , , , 
1/31/2020 1:21:58 AM, 3288.25, 9219.5, 1647.4, 327.68, 222.6, 163.93, 323.87, 172.78, 245.81, 98.02, 30.6, 63.9, 125, 64.56, 87.89, , , , , 
1/31/2020 1:22:01 AM, 3288.25, 9219.5, 1647.4, 327.68, 222.6, 163.93, 323.87, 172.78, 245.81, 98.02, 30.6, 63.9, 125, 64.56, 87.89, , , , , 
1/31/2020 1:22:04 AM, 3288, 9219, 1647.4, 327.68, 222.6, 163.93, 323.87, 172.78, 245.81, 98.02, 30.6, 63.9, 125, 64.56, 87.89, , , , , 
1/31/2020 1:22:07 AM, 3288, 9219, 1647.4, 327.68, 222.6, 163.93, 323.87, 172.78, 245.81, 98.02, 30.6, 63.9, 125, 64.56, 87.89, , , , , 
1/31/2020 1:22:10 AM, 3288, 9219, 1647.4, 327.68, 222.6, 163.93, 323.87, 172.78, 245.81, 98.02, 30.6, 63.9, 125, 64.56, 87.89, , , , , 
1/31/2020 1:22:13 AM, 3288, 9219.25, 1647.4, 327.68, 222.6, 163.93, 323.87, 172.78, 245.81, 98.02, 30.6, 63.9, 125, 64.56, 87.89, , , , , 
1/31/2020 1:22:16 AM, 3288, 9219.25, 1647.4, 327.68, 222.6, 163.93, 323.87, 172.78, 245.81, 98.02, 30.6, 63.9, 125, 64.56, 87.89, , , , , 
1/31/2020 1:22:19 AM, 3288, 9219.25, 1647.5, 327.68, 222.6, 163.93, 323.87, 172.78, 245.81, 98.02, 30.6, 63.9, 125, 64.56, 87.89, , , , , 
1/31/2020 1:22:22 AM, 3288, 9219.25, 1647.5, 327.68, 222.6, 163.93, 323.87, 172.78, 245.81, 98.02, 30.6, 63.9, 125, 64.56, 87.89, , , , , 
1/31/2020 1:22:25 AM, 3288, 9219.25, 1647.5, 327.68, 222.6, 163.93, 323.87, 172.78, 245.81, 98.02, 30.6, 63.9, 125, 64.56, 87.89, , , , , 
1/31/2020 1:22:28 AM, 3288, 9219.25, 1647.5, 327.68, 222.6, 163.93, 323.87, 172.78, 245.81, 98.02, 30.6, 63.9, 125, 64.56, 87.89, , , , , 
1/31/2020 1:22:31 AM, 3288, 9219.25, 1647.5, 327.68, 222.6, 163.93, 323.87, 172.78, 245.81, 98.02, 30.6, 63.9, 125, 64.56, 87.89, , , , , 
1/31/2020 1:22:34 AM, 3288, 9218.75, 1647.5, 327.68, 222.6, 163.93, 323.87, 172.78, 245.81, 98.02, 30.6, 63.9, 125, 64.56, 87.89, , , , , 
1/31/2020 1:22:37 AM, 3288, 9219, 1647.5, 327.68, 222.6, 163.93, 323.87, 172.78, 245.81, 98.02, 30.6, 63.9, 125, 64.56, 87.89, , , , , 
1/31/2020 1:22:40 AM, 3288.25, 9219.5, 1647.5, 327.68, 222.6, 163.93, 323.87, 172.78, 245.81, 98.02, 30.6, 63.9, 125, 64.56, 87.89, , , , , 
1/31/2020 1:22:43 AM, 3288.25, 9219, 1647.5, 327.68, 222.6, 163.93, 323.87, 172.78, 245.81, 98.02, 30.6, 63.9, 125, 64.56, 87.89, , , , , 
1/31/2020 1:22:46 AM, 3288.25, 9220, 1647.5, 327.68, 222.6, 163.93, 323.87, 172.78, 245.81, 98.02, 30.6, 63.9, 125, 64.56, 87.89, , , , , 
1/31/2020 1:22:49 AM, 3288.25, 9220.25, 1647.5, 327.68, 222.6, 163.93, 323.87, 172.78, 245.81, 98.02, 30.6, 63.9, 125, 64.56, 87.89, , , , , 
1/31/2020 1:22:52 AM, 3288.25, 9220.5, 1647.5, 327.68, 222.6, 163.93, 323.87, 172.78, 245.81, 98.02, 30.6, 63.9, 125, 64.56, 87.89, , , , , 
1/31/2020 1:22:55 AM, 3288.5, 9221.25, 1647.5, 327.68, 222.6, 163.93, 323.87, 172.78, 245.81, 98.02, 30.6, 63.9, 125, 64.56, 87.89, , , , , 
1/31/2020 1:22:58 AM, 3288.5, 9221.5, 1647.5, 327.68, 222.6, 163.93, 323.87, 172.78, 245.81, 98.02, 30.6, 63.9, 125, 64.56, 87.89, , , , , 
1/31/2020 1:23:01 AM, 3288.75, 9221.5, 1647.5, 327.68, 222.6, 163.93, 323.87, 172.78, 245.81, 98.02, 30.6, 63.9, 125, 64.56, 87.89, , , , , 
1/31/2020 1:23:04 AM, 3288.75, 9221.5, 1647.5, 327.68, 222.6, 163.93, 323.87, 172.78, 245.81, 98.02, 30.6, 63.9, 125, 64.56, 87.89, , , , , 
1/31/2020 1:23:07 AM, 3288.75, 9221.5, 1647.5, 327.68, 222.6, 163.93, 323.87, 172.78, 245.81, 98.02, 30.6, 63.9, 125, 64.56, 87.89, , , , , 
1/31/2020 1:23:10 AM, 3288.75, 9221.5, 1647.5, 327.68, 222.6, 163.93, 323.87, 172.78, 245.81, 98.02, 30.6, 63.9, 125, 64.56, 87.89, , , , , 
1/31/2020 1:23:13 AM, 3288.75, 9221.5, 1647.5, 327.68, 222.6, 163.93, 323.87, 172.78, 245.81, 98.02, 30.6, 63.9, 125, 64.56, 87.89, , , , , 
1/31/2020 1:23:16 AM, 3288.75, 9221.25, 1647.5, 327.68, 222.6, 163.93, 323.87, 172.78, 245.81, 98.02, 30.6, 63.9, 125, 64.56, 87.89, , , , , 
1/31/2020 1:23:19 AM, 3288.5, 9220.75, 1647.5, 327.68, 222.6, 163.93, 323.87, 172.78, 245.81, 98.02, 30.6, 63.9, 125, 64.56, 87.89, , , , , 
1/31/2020 1:23:22 AM, 3288.5, 9220.75, 1647.7, 327.68, 222.6, 163.93, 323.87, 172.78, 245.81, 98.02, 30.6, 63.9, 125, 64.56, 87.89, , , , , 
1/31/2020 1:23:25 AM, 3288.75, 9220.75, 1647.7, 327.68, 222.6, 163.93, 323.87, 172.78, 245.81, 98.02, 30.6, 63.9, 125, 64.56, 87.89, , , , , 
1/31/2020 1:23:28 AM, 3288.5, 9220.75, 1647.7, 327.68, 222.6, 163.93, 323.87, 172.78, 245.81, 98.02, 30.6, 63.9, 125, 64.56, 87.89, , , , , 
1/31/2020 1:23:31 AM, 3288.5, 9221, 1647.7, 327.68, 222.6, 163.93, 323.87, 172.78, 245.81, 98.02, 30.6, 63.9, 125, 64.56, 87.89, , , , , 
1/31/2020 1:23:34 AM, 3288.5, 9221, 1647.7, 327.68, 222.6, 163.93, 323.87, 172.78, 245.81, 98.02, 30.6, 63.9, 125, 64.56, 87.89, , , , , 
1/31/2020 1:23:37 AM, 3288.75, 9221, 1647.7, 327.68, 222.6, 163.93, 323.87, 172.78, 245.81, 98.02, 30.6, 63.9, 125, 64.56, 87.89, , , , , 
1/31/2020 1:23:40 AM, 3288.5, 9220.5, 1647.7, 327.68, 222.6, 163.93, 323.87, 172.78, 245.81, 98.02, 30.6, 63.9, 125, 64.56, 87.89, , , , , 
1/31/2020 1:23:44 AM, 3288.25, 9220.5, 1647.7, 327.68, 222.6, 163.93, 323.87, 172.78, 245.81, 98.02, 30.6, 63.9, 125, 64.56, 87.89, , , , , 
1/31/2020 1:23:47 AM, 3288.25, 9220.5, 1647.6, 327.68, 222.6, 163.93, 323.87, 172.78, 245.81, 98.02, 30.6, 63.9, 125, 64.56, 87.89, , , , , 
1/31/2020 1:23:50 AM, 3288.5, 9220.25, 1647.6, 327.68, 222.6, 163.93, 323.87, 172.78, 245.81, 98.02, 30.6, 63.9, 125, 64.56, 87.89, , , , , 
1/31/2020 1:23:53 AM, 3288.5, 9220.25, 1647.6, 327.68, 222.6, 163.93, 323.87, 172.78, 245.81, 98.02, 30.6, 63.9, 125, 64.56, 87.89, , , , , 
1/31/2020 1:23:56 AM, 3288.5, 9220.25, 1647.6, 327.68, 222.6, 163.93, 323.87, 172.78, 245.81, 98.02, 30.6, 63.9, 125, 64.56, 87.89, , , , , 
1/31/2020 1:23:59 AM, 3288.25, 9220.5, 1647.6, 327.68, 222.6, 163.93, 323.87, 172.78, 245.81, 98.02, 30.6, 63.9, 125, 64.56, 87.89, , , , , 
1/31/2020 1:24:02 AM, 3288.25, 9220.5, 1647.6, 327.68, 222.6, 163.93, 323.87, 172.78, 245.81, 98.02, 30.6, 63.9, 125, 64.56, 87.89, , , , , 
1/31/2020 1:24:05 AM, 3288.5, 9220.75, 1647.6, 327.68, 222.6, 163.93, 323.87, 172.78, 245.81, 98.02, 30.6, 63.9, 125, 64.56, 87.89, , , , , 
1/31/2020 1:24:08 AM, 3288.5, 9220.75, 1647.6, 327.68, 222.6, 163.93, 323.87, 172.78, 245.81, 98.02, 30.6, 63.9, 125, 64.56, 87.89, , , , , 
1/31/2020 1:24:11 AM, 3288.5, 9221, 1647.6, 327.68, 222.6, 163.93, 323.87, 172.78, 245.81, 98.02, 30.6, 63.9, 125, 64.56, 87.89, , , , , 
1/31/2020 1:24:14 AM, 3288.5, 9221, 1647.6, 327.68, 222.6, 163.93, 323.87, 172.78, 245.81, 98.02, 30.6, 63.9, 125, 64.56, 87.89, , , , , 
1/31/2020 1:24:17 AM, 3288.5, 9220.5, 1647.6, 327.68, 222.6, 163.93, 323.87, 172.78, 245.81, 98.02, 30.6, 63.9, 125, 64.56, 87.89, , , , , 
1/31/2020 1:24:20 AM, 3288.5, 9220.5, 1647.6, 327.68, 222.6, 163.93, 323.87, 172.78, 245.81, 98.02, 30.6, 63.9, 125, 64.56, 87.89, , , , , 
1/31/2020 1:24:23 AM, 3288, 9220.5, 1647.6, 327.68, 222.6, 163.93, 323.87, 172.78, 245.81, 98.02, 30.6, 63.9, 125, 64.56, 87.89, , , , , 
1/31/2020 1:24:26 AM, 3288, 9220.5, 1647.6, 327.68, 222.6, 163.93, 323.87, 172.78, 245.81, 98.02, 30.6, 63.9, 125, 64.56, 87.89, , , , , 
1/31/2020 1:24:29 AM, 3288.25, 9220.75, 1647.6, 327.68, 222.6, 163.93, 323.87, 172.78, 245.81, 98.02, 30.6, 63.9, 125, 64.56, 87.89, , , , , 
1/31/2020 1:24:32 AM, 3288.25, 9220.75, 1647.6, 327.68, 222.6, 163.93, 323.87, 172.78, 245.81, 98.02, 30.6, 63.9, 125, 64.56, 87.89, , , , , 
1/31/2020 1:24:35 AM, 3288.25, 9221, 1647.6, 327.68, 222.6, 163.93, 323.87, 172.78, 245.81, 98.02, 30.6, 63.9, 125, 64.56, 87.89, , , , , 
1/31/2020 1:24:38 AM, 3288.25, 9221, 1647.6, 327.68, 222.6, 163.93, 323.87, 172.78, 245.81, 98.02, 30.6, 63.9, 125, 64.56, 87.89, , , , , 
1/31/2020 1:24:41 AM, 3288.25, 9220.75, 1647.6, 327.68, 222.6, 163.93, 323.87, 172.78, 245.81, 98.02, 30.6, 63.9, 125, 64.56, 87.89, , , , , 
1/31/2020 1:24:44 AM, 3288.25, 9220.75, 1647.6, 327.68, 222.6, 163.93, 323.87, 172.78, 245.81, 98.02, 30.6, 63.9, 125, 64.56, 87.89, , , , , 
1/31/2020 1:24:47 AM, 3288.25, 9220.75, 1647.6, 327.68, 222.6, 163.93, 323.87, 172.78, 245.81, 98.02, 30.6, 63.9, 125, 64.56, 87.89, , , , , 
1/31/2020 1:24:50 AM, 3288.25, 9220.75, 1647.6, 327.68, 222.6, 163.93, 323.87, 172.78, 245.81, 98.02, 30.6, 63.9, 125, 64.56, 87.89, , , , , 
1/31/2020 1:24:53 AM, 3288.25, 9220.75, 1647.6, 327.68, 222.6, 163.93, 323.87, 172.78, 245.81, 98.02, 30.6, 63.9, 125, 64.56, 87.89, , , , , 
1/31/2020 1:24:56 AM, 3288.25, 9220.75, 1647.6, 327.68, 222.6, 163.93, 323.87, 172.78, 245.81, 98.02, 30.6, 63.9, 125, 64.56, 87.89, , , , , 
1/31/2020 1:24:59 AM, 3288.25, 9220.25, 1647.6, 327.68, 222.6, 163.93, 323.87, 172.78, 245.81, 98.02, 30.6, 63.9, 125, 64.56, 87.89, , , , , 
1/31/2020 1:25:02 AM, 3288.25, 9220.25, 1647.6, 327.68, 222.6, 163.93, 323.87, 172.78, 245.81, 98.02, 30.6, 63.9, 125, 64.56, 87.89, , , , , 
1/31/2020 1:25:05 AM, 3288.25, 9220.25, 1647.6, 327.68, 222.6, 163.93, 323.87, 172.78, 245.81, 98.02, 30.6, 63.9, 125, 64.56, 87.89, , , , , 
1/31/2020 1:25:08 AM, 3288.25, 9220.25, 1647.6, 327.68, 222.6, 163.93, 323.87, 172.78, 245.81, 98.02, 30.6, 63.9, 125, 64.56, 87.89, , , , , 
1/31/2020 1:25:11 AM, 3288.25, 9220.5, 1647.6, 327.68, 222.6, 163.93, 323.87, 172.78, 245.81, 98.02, 30.6, 63.9, 125, 64.56, 87.89, , , , , 
1/31/2020 1:25:14 AM, 3288.25, 9220.5, 1647.6, 327.68, 222.6, 163.93, 323.87, 172.78, 245.81, 98.02, 30.6, 63.9, 125, 64.56, 87.89, , , , , 
1/31/2020 1:25:17 AM, 3288.5, 9220.5, 1647.6, 327.68, 222.6, 163.93, 323.87, 172.78, 245.81, 98.02, 30.6, 63.9, 125, 64.56, 87.89, , , , , 
1/31/2020 1:25:20 AM, 3288.5, 9220.5, 1647.6, 327.68, 222.6, 163.93, 323.87, 172.78, 245.81, 98.02, 30.6, 63.9, 125, 64.56, 87.89, , , , , 
1/31/2020 1:25:23 AM, 3288.5, 9220.5, 1647.6, 327.68, 222.6, 163.93, 323.87, 172.78, 245.81, 98.02, 30.6, 63.9, 125, 64.56, 87.89, , , , , 
1/31/2020 1:25:26 AM, 3288.25, 9219.75, 1647.6, 327.68, 222.6, 163.93, 323.87, 172.78, 245.81, 98.02, 30.6, 63.9, 125, 64.56, 87.89, , , , , 
1/31/2020 1:25:29 AM, 3288.25, 9220.25, 1647.6, 327.68, 222.6, 163.93, 323.87, 172.78, 245.81, 98.02, 30.6, 63.9, 125, 64.56, 87.89, , , , , 
1/31/2020 1:25:32 AM, 3288.25, 9220.5, 1647.6, 327.68, 222.6, 163.93, 323.87, 172.78, 245.81, 98.02, 30.6, 63.9, 125, 64.56, 87.89, , , , , 
1/31/2020 1:25:35 AM, 3288.25, 9220.5, 1647.6, 327.68, 222.6, 163.93, 323.87, 172.78, 245.81, 98.02, 30.6, 63.9, 125, 64.56, 87.89, , , , , 
1/31/2020 1:25:38 AM, 3288.25, 9220.5, 1647.6, 327.68, 222.6, 163.93, 323.87, 172.78, 245.81, 98.02, 30.6, 63.9, 125, 64.56, 87.89, , , , , 
1/31/2020 1:25:41 AM, 3288.25, 9220.5, 1647.6, 327.68, 222.6, 163.93, 323.87, 172.78, 245.81, 98.02, 30.6, 63.9, 125, 64.56, 87.89, , , , , 
1/31/2020 1:25:44 AM, 3288.25, 9220.5, 1647.6, 327.68, 222.6, 163.93, 323.87, 172.78, 245.81, 98.02, 30.6, 63.9, 125, 64.56, 87.89, , , , , 
1/31/2020 1:25:47 AM, 3288.25, 9220.5, 1647.6, 327.68, 222.6, 163.93, 323.87, 172.78, 245.81, 98.02, 30.6, 63.9, 125, 64.56, 87.89, , , , , 
1/31/2020 1:25:50 AM, 3288.25, 9220.5, 1647.6, 327.68, 222.6, 163.93, 323.87, 172.78, 245.81, 98.02, 30.6, 63.9, 125, 64.56, 87.89, , , , , 
1/31/2020 1:25:53 AM, 3288.25, 9220.5, 1647.6, 327.68, 222.6, 163.93, 323.87, 172.78, 245.81, 98.02, 30.6, 63.9, 125, 64.56, 87.89, , , , , 
1/31/2020 1:25:56 AM, 3288, 9220.5, 1647.6, 327.68, 222.6, 163.93, 323.87, 172.78, 245.81, 98.02, 30.6, 63.9, 125, 64.56, 87.89, , , , , 
1/31/2020 1:25:59 AM, 3288.25, 9220.5, 1647.6, 327.68, 222.6, 163.93, 323.87, 172.78, 245.81, 98.02, 30.6, 63.9, 125, 64.56, 87.89, , , , , 
1/31/2020 1:26:02 AM, 3288, 9219.75, 1647.6, 327.68, 222.6, 163.93, 323.87, 172.78, 245.81, 98.02, 30.6, 63.9, 125, 64.56, 87.89, , , , , 
1/31/2020 1:26:05 AM, 3288, 9219.5, 1647.4, 327.68, 222.6, 163.93, 323.87, 172.78, 245.81, 98.02, 30.6, 63.9, 125, 64.56, 87.89, , , , , 
1/31/2020 1:26:08 AM, 3288, 9219.5, 1647.4, 327.68, 222.6, 163.93, 323.87, 172.78, 245.81, 98.02, 30.6, 63.9, 125, 64.56, 87.89, , , , , 
1/31/2020 1:26:11 AM, 3288, 9219.5, 1647.4, 327.68, 222.6, 163.93, 323.87, 172.78, 245.81, 98.02, 30.6, 63.9, 125, 64.56, 87.89, , , , , 
1/31/2020 1:26:15 AM, 3288, 9219.5, 1647.4, 327.68, 222.6, 163.93, 323.87, 172.78, 245.81, 98.02, 30.6, 63.9, 125, 64.56, 87.89, , , , , 
1/31/2020 1:26:18 AM, 3288, 9219.5, 1647.4, 327.68, 222.6, 163.93, 323.87, 172.78, 245.81, 98.02, 30.6, 63.9, 125, 64.56, 87.89, , , , , 
1/31/2020 1:26:21 AM, 3288, 9219.5, 1647.4, 327.68, 222.6, 163.93, 323.87, 172.78, 245.81, 98.02, 30.6, 63.9, 125, 64.56, 87.89, , , , , 
1/31/2020 1:26:24 AM, 3288, 9219.5, 1647.4, 327.68, 222.6, 163.93, 323.87, 172.78, 245.81, 98.02, 30.6, 63.9, 125, 64.56, 87.89, , , , , 
1/31/2020 1:26:27 AM, 3288, 9219.5, 1647.4, 327.68, 222.6, 163.93, 323.87, 172.78, 245.81, 98.02, 30.6, 63.9, 125, 64.56, 87.89, , , , , 
1/31/2020 1:26:30 AM, 3287.75, 9218.25, 1647.2, 327.68, 222.6, 163.93, 323.87, 172.78, 245.81, 98.02, 30.6, 63.9, 125, 64.56, 87.89, , , , , 
1/31/2020 1:26:33 AM, 3287.5, 9218, 1647.2, 327.68, 222.6, 163.93, 323.87, 172.78, 245.81, 98.02, 30.6, 63.9, 125, 64.56, 87.89, , , , , 
1/31/2020 1:26:36 AM, 3287.5, 9218.5, 1647.2, 327.68, 222.6, 163.93, 323.87, 172.78, 245.81, 98.02, 30.6, 63.9, 125, 64.56, 87.89, , , , , 
1/31/2020 1:26:39 AM, 3287.5, 9218, 1647.2, 327.68, 222.6, 163.93, 323.87, 172.78, 245.81, 98.02, 30.6, 63.9, 125, 64.56, 87.89, , , , , 
1/31/2020 1:26:42 AM, 3287.5, 9218.5, 1647.2, 327.68, 222.6, 163.93, 323.87, 172.78, 245.81, 98.02, 30.6, 63.9, 125, 64.56, 87.89, , , , , 
1/31/2020 1:26:45 AM, 3287.75, 9218.5, 1647.2, 327.68, 222.6, 163.93, 323.87, 172.78, 245.81, 98.02, 30.6, 63.9, 125, 64.56, 87.89, , , , , 
1/31/2020 1:26:48 AM, 3287.75, 9218.5, 1647.2, 327.68, 222.6, 163.93, 323.87, 172.78, 245.81, 98.02, 30.6, 63.9, 125, 64.56, 87.89, , , , , 
1/31/2020 1:26:51 AM, 3287.5, 9218.5, 1647.2, 327.68, 222.6, 163.93, 323.87, 172.78, 245.81, 98.02, 30.6, 63.9, 125, 64.56, 87.89, , , , , 
1/31/2020 1:26:54 AM, 3287.75, 9218.5, 1647.2, 327.68, 222.6, 163.93, 323.87, 172.78, 245.81, 98.02, 30.6, 63.9, 125, 64.56, 87.89, , , , , 
1/31/2020 1:26:57 AM, 3287.75, 9218.5, 1647.2, 327.68, 222.6, 163.93, 323.87, 172.78, 245.81, 98.02, 30.6, 63.9, 125, 64.56, 87.89, , , , , 
1/31/2020 1:27:00 AM, 3287.5, 9218, 1647.2, 327.68, 222.6, 163.93, 323.87, 172.78, 245.81, 98.02, 30.6, 63.9, 125, 64.56, 87.89, , , , , 
1/31/2020 1:27:03 AM, 3287.75, 9217.75, 1647.2, 327.68, 222.6, 163.93, 323.87, 172.78, 245.81, 98.02, 30.6, 63.9, 125, 64.56, 87.89, , , , , 
1/31/2020 1:27:06 AM, 3287.5, 9218.25, 1647.2, 327.68, 222.6, 163.93, 323.87, 172.78, 245.81, 98.02, 30.6, 63.9, 125, 64.56, 87.89, , , , , 
1/31/2020 1:27:09 AM, 3287.5, 9218.25, 1647.2, 327.68, 222.6, 163.93, 323.87, 172.78, 245.81, 98.02, 30.6, 63.9, 125, 64.56, 87.89, , , , , 
1/31/2020 1:27:12 AM, 3287.5, 9217.5, 1647.1, 327.68, 222.6, 163.93, 323.87, 172.78, 245.81, 98.02, 30.6, 63.9, 125, 64.56, 87.89, , , , , 
1/31/2020 1:27:15 AM, 3287.25, 9217, 1647.1, 327.68, 222.6, 163.93, 323.87, 172.78, 245.81, 98.02, 30.6, 63.9, 125, 64.56, 87.89, , , , , 
1/31/2020 1:27:18 AM, 3287, 9216.25, 1647, 327.68, 222.6, 163.93, 323.87, 172.78, 245.81, 98.02, 30.6, 63.9, 125, 64.56, 87.89, , , , , 
1/31/2020 1:27:21 AM, 3286.75, 9215.75, 1647, 327.68, 222.6, 163.93, 323.87, 172.78, 245.81, 98.02, 30.6, 63.9, 125, 64.56, 87.89, , , , , 
1/31/2020 1:27:24 AM, 3286.75, 9216, 1646.9, 327.68, 222.6, 163.93, 323.87, 172.78, 245.81, 98.02, 30.6, 63.9, 125, 64.56, 87.89, , , , , 
1/31/2020 1:27:27 AM, 3286.75, 9216, 1646.9, 327.68, 222.6, 163.93, 323.87, 172.78, 245.81, 98.02, 30.6, 63.9, 125, 64.56, 87.89, , , , , 
1/31/2020 1:27:30 AM, 3287, 9215.75, 1646.9, 327.68, 222.6, 163.93, 323.87, 172.78, 245.81, 98.02, 30.6, 63.9, 125, 64.56, 87.89, , , , , 
1/31/2020 1:27:33 AM, 3287, 9215.5, 1646.9, 327.68, 222.6, 163.93, 323.87, 172.78, 245.81, 98.02, 30.6, 63.9, 125, 64.56, 87.89, , , , , 
1/31/2020 1:27:36 AM, 3287, 9215.75, 1646.9, 327.68, 222.6, 163.93, 323.87, 172.78, 245.81, 98.02, 30.6, 63.9, 125, 64.56, 87.89, , , , , 
1/31/2020 1:27:39 AM, 3287.25, 9217.25, 1647.1, 327.68, 222.6, 163.93, 323.87, 172.78, 245.81, 98.02, 30.6, 63.9, 125, 64.56, 87.89, , , , , 
1/31/2020 1:27:42 AM, 3287, 9215.25, 1647.1, 327.68, 222.6, 163.93, 323.87, 172.78, 245.81, 98.02, 30.6, 63.9, 125, 64.56, 87.89, , , , , 
1/31/2020 1:27:45 AM, 3287, 9215.25, 1647.1, 327.68, 222.6, 163.93, 323.87, 172.78, 245.81, 98.02, 30.6, 63.9, 125, 64.56, 87.89, , , , , 
1/31/2020 1:27:48 AM, 3287, 9215.5, 1647.1, 327.68, 222.6, 163.93, 323.87, 172.78, 245.81, 98.02, 30.6, 63.9, 125, 64.56, 87.89, , , , , 
1/31/2020 1:27:51 AM, 3286.75, 9215.5, 1647.1, 327.68, 222.6, 163.93, 323.87, 172.78, 245.81, 98.02, 30.6, 63.9, 125, 64.56, 87.89, , , , , 
1/31/2020 1:27:54 AM, 3287, 9215.75, 1647.1, 327.68, 222.6, 163.93, 323.87, 172.78, 245.81, 98.02, 30.6, 63.9, 125, 64.56, 87.89, , , , , 
1/31/2020 1:27:57 AM, 3287, 9215.5, 1647.1, 327.68, 222.6, 163.93, 323.87, 172.78, 245.81, 98.02, 30.6, 63.9, 125, 64.56, 87.89, , , , , 
1/31/2020 1:28:00 AM, 3287, 9216.25, 1647.1, 327.68, 222.6, 163.93, 323.87, 172.78, 245.81, 98.02, 30.6, 63.9, 125, 64.56, 87.89, , , , , 
1/31/2020 1:28:03 AM, 3287.25, 9216.25, 1647.1, 327.68, 222.6, 163.93, 323.87, 172.78, 245.81, 98.02, 30.6, 63.9, 125, 64.56, 87.89, , , , , 
1/31/2020 1:28:06 AM, 3287.25, 9216.75, 1647.2, 327.68, 222.6, 163.93, 323.87, 172.78, 245.81, 98.02, 30.6, 63.9, 125, 64.56, 87.89, , , , , 
1/31/2020 1:28:09 AM, 3287.25, 9217.25, 1647.3, 327.68, 222.6, 163.93, 323.87, 172.78, 245.81, 98.02, 30.6, 63.9, 125, 64.56, 87.89, , , , , 
1/31/2020 1:28:12 AM, 3287.5, 9217.5, 1647.3, 327.68, 222.6, 163.93, 323.87, 172.78, 245.81, 98.02, 30.6, 63.9, 125, 64.56, 87.89, , , , , 
1/31/2020 1:28:15 AM, 3287.75, 9217.75, 1647.4, 327.68, 222.6, 163.93, 323.87, 172.78, 245.81, 98.02, 30.6, 63.9, 125, 64.56, 87.89, , , , , 
1/31/2020 1:28:18 AM, 3287.75, 9217.75, 1647.4, 327.68, 222.6, 163.93, 323.87, 172.78, 245.81, 98.02, 30.6, 63.9, 125, 64.56, 87.89, , , , , 
1/31/2020 1:28:21 AM, 3287.75, 9218.25, 1647.5, 327.68, 222.6, 163.93, 323.87, 172.78, 245.81, 98.02, 30.6, 63.9, 125, 64.56, 87.89, , , , , 
1/31/2020 1:28:24 AM, 3288, 9218.25, 1647.5, 327.68, 222.6, 163.93, 323.87, 172.78, 245.81, 98.02, 30.6, 63.9, 125, 64.56, 87.89, , , , , 
1/31/2020 1:28:27 AM, 3287.75, 9218.75, 1647.5, 327.68, 222.6, 163.93, 323.87, 172.78, 245.81, 98.02, 30.6, 63.9, 125, 64.56, 87.89, , , , , 
1/31/2020 1:28:30 AM, 3287.75, 9218.75, 1647.5, 327.68, 222.6, 163.93, 323.87, 172.78, 245.81, 98.02, 30.6, 63.9, 125, 64.56, 87.89, , , , , 
1/31/2020 1:28:33 AM, 3287.75, 9219, 1647.5, 327.68, 222.6, 163.93, 323.87, 172.78, 245.81, 98.02, 30.6, 63.9, 125, 64.56, 87.89, , , , , 
1/31/2020 1:28:37 AM, 3288, 9219.5, 1647.5, 327.68, 222.6, 163.93, 323.87, 172.78, 245.81, 98.02, 30.6, 63.9, 125, 64.56, 87.89, , , , , 
1/31/2020 1:28:40 AM, 3288, 9219.25, 1647.5, 327.68, 222.6, 163.93, 323.87, 172.78, 245.81, 98.02, 30.6, 63.9, 125, 64.56, 87.89, , , , , 
1/31/2020 1:28:43 AM, 3287.75, 9218, 1647.5, 327.68, 222.6, 163.93, 323.87, 172.78, 245.81, 98.02, 30.6, 63.9, 125, 64.56, 87.89, , , , , 
1/31/2020 1:28:46 AM, 3287.75, 9218.75, 1647.5, 327.68, 222.6, 163.93, 323.87, 172.78, 245.81, 98.02, 30.6, 63.9, 125, 64.56, 87.89, , , , , 
1/31/2020 1:28:49 AM, 3287.75, 9218.75, 1647.5, 327.68, 222.6, 163.93, 323.87, 172.78, 245.81, 98.02, 30.6, 63.9, 125, 64.56, 87.89, , , , , 
1/31/2020 1:28:52 AM, 3287.75, 9218.5, 1647.5, 327.68, 222.6, 163.93, 323.87, 172.78, 245.81, 98.02, 30.6, 63.9, 125, 64.56, 87.89, , , , , 
1/31/2020 1:28:55 AM, 3287.75, 9218.5, 1647.5, 327.68, 222.6, 163.93, 323.87, 172.78, 245.81, 98.02, 30.6, 63.9, 125, 64.56, 87.89, , , , , 
1/31/2020 1:28:58 AM, 3287.75, 9218.5, 1647.5, 327.68, 222.6, 163.93, 323.87, 172.78, 245.81, 98.02, 30.6, 63.9, 125, 64.56, 87.89, , , , , 
1/31/2020 1:29:01 AM, 3287.75, 9218.5, 1647.5, 327.68, 222.6, 163.93, 323.87, 172.78, 245.81, 98.02, 30.6, 63.9, 125, 64.56, 87.89, , , , , 
1/31/2020 1:29:04 AM, 3288, 9218.5, 1647.5, 327.68, 222.6, 163.93, 323.87, 172.78, 245.81, 98.02, 30.6, 63.9, 125, 64.56, 87.89, , , , , 
1/31/2020 1:29:07 AM, 3287.75, 9218.5, 1647.5, 327.68, 222.6, 163.93, 323.87, 172.78, 245.81, 98.02, 30.6, 63.9, 125, 64.56, 87.89, , , , , 
1/31/2020 1:29:10 AM, 3287.5, 9218.5, 1647.5, 327.68, 222.6, 163.93, 323.87, 172.78, 245.81, 98.02, 30.6, 63.9, 125, 64.56, 87.89, , , , , 
1/31/2020 1:29:13 AM, 3287.75, 9218.5, 1647.5, 327.68, 222.6, 163.93, 323.87, 172.78, 245.81, 98.02, 30.6, 63.9, 125, 64.56, 87.89, , , , , 
1/31/2020 1:29:16 AM, 3287.75, 9218.5, 1647.5, 327.68, 222.6, 163.93, 323.87, 172.78, 245.81, 98.02, 30.6, 63.9, 125, 64.56, 87.89, , , , , 
1/31/2020 1:29:19 AM, 3287.75, 9218.25, 1647.5, 327.68, 222.6, 163.93, 323.87, 172.78, 245.81, 98.02, 30.6, 63.9, 125, 64.56, 87.89, , , , , 
1/31/2020 1:29:22 AM, 3287.75, 9218.5, 1647.5, 327.68, 222.6, 163.93, 323.87, 172.78, 245.81, 98.02, 30.6, 63.9, 125, 64.56, 87.89, , , , , 
1/31/2020 1:29:25 AM, 3287.75, 9218.25, 1647.5, 327.68, 222.6, 163.93, 323.87, 172.78, 245.81, 98.02, 30.6, 63.9, 125, 64.56, 87.89, , , , , 
1/31/2020 1:29:28 AM, 3287.75, 9218.25, 1647.5, 327.68, 222.6, 163.93, 323.87, 172.78, 245.81, 98.02, 30.6, 63.9, 125, 64.56, 87.89, , , , , 
1/31/2020 1:29:31 AM, 3287.75, 9218.25, 1647.5, 327.68, 222.6, 163.93, 323.87, 172.78, 245.81, 98.02, 30.6, 63.9, 125, 64.56, 87.89, , , , , 
1/31/2020 1:29:34 AM, 3287.75, 9218, 1647.5, 327.68, 222.6, 163.93, 323.87, 172.78, 245.81, 98.02, 30.6, 63.9, 125, 64.56, 87.89, , , , , 
1/31/2020 1:29:37 AM, 3287.75, 9218, 1647.5, 327.68, 222.6, 163.93, 323.87, 172.78, 245.81, 98.02, 30.6, 63.9, 125, 64.56, 87.89, , , , , 
1/31/2020 1:29:40 AM, 3287.75, 9218.5, 1647.5, 327.68, 222.6, 163.93, 323.87, 172.78, 245.81, 98.02, 30.6, 63.9, 125, 64.56, 87.89, , , , , 
1/31/2020 1:29:43 AM, 3287.75, 9218.5, 1647.5, 327.68, 222.6, 163.93, 323.87, 172.78, 245.81, 98.02, 30.6, 63.9, 125, 64.56, 87.89, , , , , 
1/31/2020 1:29:46 AM, 3287.75, 9219, 1647.5, 327.68, 222.6, 163.93, 323.87, 172.78, 245.81, 98.02, 30.6, 63.9, 125, 64.56, 87.89, , , , , 
1/31/2020 1:29:49 AM, 3287.75, 9219, 1647.6, 327.68, 222.6, 163.93, 323.87, 172.78, 245.81, 98.02, 30.6, 63.9, 125, 64.56, 87.89, , , , , 
1/31/2020 1:29:52 AM, 3287.75, 9219.25, 1647.6, 327.68, 222.6, 163.93, 323.87, 172.78, 245.81, 98.02, 30.6, 63.9, 125, 64.56, 87.89, , , , , 
1/31/2020 1:29:55 AM, 3287.75, 9219.25, 1647.6, 327.68, 222.6, 163.93, 323.87, 172.78, 245.81, 98.02, 30.6, 63.9, 125, 64.56, 87.89, , , , , 
1/31/2020 1:29:58 AM, 3288, 9219.5, 1647.6, 327.68, 222.6, 163.93, 323.87, 172.78, 245.81, 98.02, 30.6, 63.9, 125, 64.56, 87.89, , , , , 
1/31/2020 1:30:01 AM, 3288, 9219.5, 1647.6, 327.68, 222.6, 163.93, 323.87, 172.78, 245.81, 98.02, 30.6, 63.9, 125, 64.56, 87.89, , , , , 
1/31/2020 1:30:04 AM, 3288, 9219.75, 1647.6, 327.68, 222.6, 163.93, 323.87, 172.78, 245.81, 98.02, 30.6, 63.9, 125, 64.56, 87.89, , , , , 
1/31/2020 1:30:07 AM, 3288, 9219.75, 1647.6, 327.68, 222.6, 163.93, 323.87, 172.78, 245.81, 98.02, 30.6, 63.9, 125, 64.56, 87.89, , , , , 
1/31/2020 1:30:10 AM, 3287.75, 9219.75, 1647.6, 327.68, 222.6, 163.93, 323.87, 172.78, 245.81, 98.02, 30.6, 63.9, 125, 64.56, 87.89, , , , , 
1/31/2020 1:30:13 AM, 3287.75, 9218.5, 1647.6, 327.68, 222.6, 163.93, 323.87, 172.78, 245.81, 98.02, 30.6, 63.9, 125, 64.56, 87.89, , , , , 
1/31/2020 1:30:16 AM, 3287.75, 9218.5, 1647.6, 327.68, 222.6, 163.93, 323.87, 172.78, 245.81, 98.02, 30.6, 63.9, 125, 64.56, 87.89, , , , , 
1/31/2020 1:30:19 AM, 3287.5, 9218, 1647.4, 327.68, 222.6, 163.93, 323.87, 172.78, 245.81, 98.02, 30.6, 63.9, 125, 64.56, 87.89, , , , , 
1/31/2020 1:30:22 AM, 3287.5, 9218, 1647.4, 327.68, 222.6, 163.93, 323.87, 172.78, 245.81, 98.02, 30.6, 63.9, 125, 64.56, 87.89, , , , , 
1/31/2020 1:30:25 AM, 3287.5, 9217.75, 1647.4, 327.68, 222.6, 163.93, 323.87, 172.78, 245.81, 98.02, 30.6, 63.9, 125, 64.56, 87.89, , , , , 
1/31/2020 1:30:28 AM, 3287.5, 9217.75, 1647.4, 327.68, 222.6, 163.93, 323.87, 172.78, 245.81, 98.02, 30.6, 63.9, 125, 64.56, 87.89, , , , , 
1/31/2020 1:30:31 AM, 3287, 9216.75, 1647.3, 327.68, 222.6, 163.93, 323.87, 172.78, 245.81, 98.02, 30.6, 63.9, 125, 64.56, 87.89, , , , , 
1/31/2020 1:30:34 AM, 3287.25, 9216, 1647.3, 327.68, 222.6, 163.93, 323.87, 172.78, 245.81, 98.02, 30.6, 63.9, 125, 64.56, 87.89, , , , , 
1/31/2020 1:30:37 AM, 3287.25, 9216.75, 1647.3, 327.68, 222.6, 163.93, 323.87, 172.78, 245.81, 98.02, 30.6, 63.9, 125, 64.56, 87.89, , , , , 
1/31/2020 1:30:40 AM, 3287, 9216.75, 1647.3, 327.68, 222.6, 163.93, 323.87, 172.78, 245.81, 98.02, 30.6, 63.9, 125, 64.56, 87.89, , , , , 
1/31/2020 1:30:43 AM, 3287, 9216.5, 1647.3, 327.68, 222.6, 163.93, 323.87, 172.78, 245.81, 98.02, 30.6, 63.9, 125, 64.56, 87.89, , , , , 
1/31/2020 1:30:46 AM, 3286.75, 9215.5, 1647.3, 327.68, 222.6, 163.93, 323.87, 172.78, 245.81, 98.02, 30.6, 63.9, 125, 64.56, 87.89, , , , , 
1/31/2020 1:30:49 AM, 3286.75, 9215.25, 1647.3, 327.68, 222.6, 163.93, 323.87, 172.78, 245.81, 98.02, 30.6, 63.9, 125, 64.56, 87.89, , , , , 
1/31/2020 1:30:52 AM, 3286.75, 9215.25, 1647.3, 327.68, 222.6, 163.93, 323.87, 172.78, 245.81, 98.02, 30.6, 63.9, 125, 64.56, 87.89, , , , , 
1/31/2020 1:30:55 AM, 3286.75, 9215.25, 1647.3, 327.68, 222.6, 163.93, 323.87, 172.78, 245.81, 98.02, 30.6, 63.9, 125, 64.56, 87.89, , , , , 
1/31/2020 1:30:58 AM, 3286.75, 9215.25, 1647.3, 327.68, 222.6, 163.93, 323.87, 172.78, 245.81, 98.02, 30.6, 63.9, 125, 64.56, 87.89, , , , , 
1/31/2020 1:31:02 AM, 3286.75, 9215.5, 1647.3, 327.68, 222.6, 163.93, 323.87, 172.78, 245.81, 98.02, 30.6, 63.9, 125, 64.56, 87.89, , , , , 
1/31/2020 1:31:05 AM, 3286.75, 9215.75, 1647.3, 327.68, 222.6, 163.93, 323.87, 172.78, 245.81, 98.02, 30.6, 63.9, 125, 64.56, 87.89, , , , , 
1/31/2020 1:31:08 AM, 3286.75, 9215.5, 1647.3, 327.68, 222.6, 163.93, 323.87, 172.78, 245.81, 98.02, 30.6, 63.9, 125, 64.56, 87.89, , , , , 
1/31/2020 1:31:11 AM, 3286.75, 9215.5, 1647.3, 327.68, 222.6, 163.93, 323.87, 172.78, 245.81, 98.02, 30.6, 63.9, 125, 64.56, 87.89, , , , , 
1/31/2020 1:31:14 AM, 3286.5, 9214, 1647.3, 327.68, 222.6, 163.93, 323.87, 172.78, 245.81, 98.02, 30.6, 63.9, 125, 64.56, 87.89, , , , , 
1/31/2020 1:31:17 AM, 3286.5, 9213.75, 1647.3, 327.68, 222.6, 163.93, 323.87, 172.78, 245.81, 98.02, 30.6, 63.9, 125, 64.56, 87.89, , , , , 
1/31/2020 1:31:20 AM, 3286.5, 9213.25, 1647.3, 327.68, 222.6, 163.93, 323.87, 172.78, 245.81, 98.02, 30.6, 63.9, 125, 64.56, 87.89, , , , , 
1/31/2020 1:31:23 AM, 3286.5, 9213.25, 1647.3, 327.68, 222.6, 163.93, 323.87, 172.78, 245.81, 98.02, 30.6, 63.9, 125, 64.56, 87.89, , , , , 
1/31/2020 1:31:26 AM, 3286.75, 9213, 1646.9, 327.68, 222.6, 163.93, 323.87, 172.78, 245.81, 98.02, 30.6, 63.9, 125, 64.56, 87.89, , , , , 
1/31/2020 1:31:29 AM, 3286.75, 9214.25, 1646.9, 327.68, 222.6, 163.93, 323.87, 172.78, 245.81, 98.02, 30.6, 63.9, 125, 64.56, 87.89, , , , , 
1/31/2020 1:31:32 AM, 3286.75, 9213.75, 1646.9, 327.68, 222.6, 163.93, 323.87, 172.78, 245.81, 98.02, 30.6, 63.9, 125, 64.56, 87.89, , , , , 
1/31/2020 1:31:35 AM, 3286.5, 9212.75, 1646.8, 327.68, 222.6, 163.93, 323.87, 172.78, 245.81, 98.02, 30.6, 63.9, 125, 64.56, 87.89, , , , , 
1/31/2020 1:31:38 AM, 3286.25, 9213, 1646.8, 327.68, 222.6, 163.93, 323.87, 172.78, 245.81, 98.02, 30.6, 63.9, 125, 64.56, 87.89, , , , , 
1/31/2020 1:31:41 AM, 3286.25, 9213.25, 1646.8, 327.68, 222.6, 163.93, 323.87, 172.78, 245.81, 98.02, 30.6, 63.9, 125, 64.56, 87.89, , , , , 
1/31/2020 1:31:44 AM, 3286.5, 9214.5, 1646.9, 327.68, 222.6, 163.93, 323.87, 172.78, 245.81, 98.02, 30.6, 63.9, 125, 64.56, 87.89, , , , , 
1/31/2020 1:31:47 AM, 3286.75, 9215, 1646.9, 327.68, 222.6, 163.93, 323.87, 172.78, 245.81, 98.02, 30.6, 63.9, 125, 64.56, 87.89, , , , , 
1/31/2020 1:31:50 AM, 3286.75, 9214, 1646.9, 327.68, 222.6, 163.93, 323.87, 172.78, 245.81, 98.02, 30.6, 63.9, 125, 64.56, 87.89, , , , , 
1/31/2020 1:31:53 AM, 3286.75, 9214, 1646.9, 327.68, 222.6, 163.93, 323.87, 172.78, 245.81, 98.02, 30.6, 63.9, 125, 64.56, 87.89, , , , , 
1/31/2020 1:31:56 AM, 3286.75, 9214.5, 1646.9, 327.68, 222.6, 163.93, 323.87, 172.78, 245.81, 98.02, 30.6, 63.9, 125, 64.56, 87.89, , , , , 
1/31/2020 1:31:59 AM, 3286.75, 9214.5, 1646.9, 327.68, 222.6, 163.93, 323.87, 172.78, 245.81, 98.02, 30.6, 63.9, 125, 64.56, 87.89, , , , , 
1/31/2020 1:32:02 AM, 3286.75, 9214.25, 1646.9, 327.68, 222.6, 163.93, 323.87, 172.78, 245.81, 98.02, 30.6, 63.9, 125, 64.56, 87.89, , , , , 
1/31/2020 1:32:05 AM, 3286.75, 9214.25, 1646.9, 327.68, 222.6, 163.93, 323.87, 172.78, 245.81, 98.02, 30.6, 63.9, 125, 64.56, 87.89, , , , , 
1/31/2020 1:32:08 AM, 3286.75, 9214.75, 1646.9, 327.68, 222.6, 163.93, 323.87, 172.78, 245.81, 98.02, 30.6, 63.9, 125, 64.56, 87.89, , , , , 
1/31/2020 1:32:11 AM, 3286.75, 9214.75, 1646.9, 327.68, 222.6, 163.93, 323.87, 172.78, 245.81, 98.02, 30.6, 63.9, 125, 64.56, 87.89, , , , , 
1/31/2020 1:32:14 AM, 3287, 9214.75, 1647, 327.68, 222.6, 163.93, 323.87, 172.78, 245.81, 98.02, 30.6, 63.9, 125, 64.56, 87.89, , , , , 
1/31/2020 1:32:17 AM, 3286.75, 9214.25, 1647, 327.68, 222.6, 163.93, 323.87, 172.78, 245.81, 98.02, 30.6, 63.9, 125, 64.56, 87.89, , , , , 
1/31/2020 1:32:20 AM, 3286.5, 9213.25, 1646.8, 327.68, 222.6, 163.93, 323.87, 172.78, 245.81, 98.02, 30.6, 63.9, 125, 64.56, 87.89, , , , , 
1/31/2020 1:32:23 AM, 3286.25, 9213.25, 1646.8, 327.68, 222.6, 163.93, 323.87, 172.78, 245.81, 98.02, 30.6, 63.9, 125, 64.56, 87.89, , , , , 
1/31/2020 1:32:26 AM, 3286.5, 9213.5, 1646.8, 327.68, 222.6, 163.93, 323.87, 172.78, 245.81, 98.02, 30.6, 63.9, 125, 64.56, 87.89, , , , , 
1/31/2020 1:32:29 AM, 3286.5, 9213.25, 1646.8, 327.68, 222.6, 163.93, 323.87, 172.78, 245.81, 98.02, 30.6, 63.9, 125, 64.56, 87.89, , , , , 
1/31/2020 1:32:32 AM, 3286.5, 9213.5, 1646.8, 327.68, 222.6, 163.93, 323.87, 172.78, 245.81, 98.02, 30.6, 63.9, 125, 64.56, 87.89, , , , , 
1/31/2020 1:32:35 AM, 3286.5, 9213.5, 1646.8, 327.68, 222.6, 163.93, 323.87, 172.78, 245.81, 98.02, 30.6, 63.9, 125, 64.56, 87.89, , , , , 
1/31/2020 1:32:38 AM, 3286.5, 9213.25, 1646.8, 327.68, 222.6, 163.93, 323.87, 172.78, 245.81, 98.02, 30.6, 63.9, 125, 64.56, 87.89, , , , , 
1/31/2020 1:32:41 AM, 3286.5, 9213.25, 1646.9, 327.68, 222.6, 163.93, 323.87, 172.78, 245.81, 98.02, 30.6, 63.9, 125, 64.56, 87.89, , , , , 
1/31/2020 1:32:44 AM, 3286.5, 9212.5, 1646.9, 327.68, 222.6, 163.93, 323.87, 172.78, 245.81, 98.02, 30.6, 63.9, 125, 64.56, 87.89, , , , , 
1/31/2020 1:32:47 AM, 3286.25, 9212.5, 1646.9, 327.68, 222.6, 163.93, 323.87, 172.78, 245.81, 98.02, 30.6, 63.9, 125, 64.56, 87.89, , , , , 
1/31/2020 1:32:50 AM, 3286.25, 9212.5, 1646.9, 327.68, 222.6, 163.93, 323.87, 172.78, 245.81, 98.02, 30.6, 63.9, 125, 64.56, 87.89, , , , , 
1/31/2020 1:32:53 AM, 3286.25, 9212.25, 1646.9, 327.68, 222.6, 163.93, 323.87, 172.78, 245.81, 98.02, 30.6, 63.9, 125, 64.56, 87.89, , , , , 
1/31/2020 1:32:56 AM, 3286.25, 9212.25, 1646.9, 327.68, 222.6, 163.93, 323.87, 172.78, 245.81, 98.02, 30.6, 63.9, 125, 64.56, 87.89, , , , , 
1/31/2020 1:32:59 AM, 3286.25, 9213, 1646.9, 327.68, 222.6, 163.93, 323.87, 172.78, 245.81, 98.02, 30.6, 63.9, 125, 64.56, 87.89, , , , , 
1/31/2020 1:33:02 AM, 3286.25, 9213, 1646.9, 327.68, 222.6, 163.93, 323.87, 172.78, 245.81, 98.02, 30.6, 63.9, 125, 64.56, 87.89, , , , , 
1/31/2020 1:33:05 AM, 3286.25, 9213.25, 1646.9, 327.68, 222.6, 163.93, 323.87, 172.78, 245.81, 98.02, 30.6, 63.9, 125, 64.56, 87.89, , , , , 
1/31/2020 1:33:08 AM, 3286.5, 9213.5, 1646.9, 327.68, 222.6, 163.93, 323.87, 172.78, 245.81, 98.02, 30.6, 63.9, 125, 64.56, 87.89, , , , , 
1/31/2020 1:33:12 AM, 3286.5, 9213, 1646.9, 327.68, 222.6, 163.93, 323.87, 172.78, 245.81, 98.02, 30.6, 63.9, 125, 64.56, 87.89, , , , , 
1/31/2020 1:33:15 AM, 3286.5, 9213, 1646.9, 327.68, 222.6, 163.93, 323.87, 172.78, 245.81, 98.02, 30.6, 63.9, 125, 64.56, 87.89, , , , , 
1/31/2020 1:33:18 AM, 3286.5, 9213.25, 1646.9, 327.68, 222.6, 163.93, 323.87, 172.78, 245.81, 98.02, 30.6, 63.9, 125, 64.56, 87.89, , , , , 
1/31/2020 1:33:21 AM, 3286.5, 9213.25, 1646.9, 327.68, 222.6, 163.93, 323.87, 172.78, 245.81, 98.02, 30.6, 63.9, 125, 64.56, 87.89, , , , , 
1/31/2020 1:33:24 AM, 3286, 9211.5, 1646.6, 327.68, 222.6, 163.93, 323.87, 172.78, 245.81, 98.02, 30.6, 63.9, 125, 64.56, 87.89, , , , , 
1/31/2020 1:33:27 AM, 3286, 9211.5, 1646.6, 327.68, 222.6, 163.93, 323.87, 172.78, 245.81, 98.02, 30.6, 63.9, 125, 64.56, 87.89, , , , , 
1/31/2020 1:33:30 AM, 3286, 9212.25, 1646.6, 327.68, 222.6, 163.93, 323.87, 172.78, 245.81, 98.02, 30.6, 63.9, 125, 64.56, 87.89, , , , , 
1/31/2020 1:33:33 AM, 3285.75, 9212.25, 1646.6, 327.68, 222.6, 163.93, 323.87, 172.78, 245.81, 98.02, 30.6, 63.9, 125, 64.56, 87.89, , , , , 
1/31/2020 1:33:36 AM, 3286, 9212.25, 1646.6, 327.68, 222.6, 163.93, 323.87, 172.78, 245.81, 98.02, 30.6, 63.9, 125, 64.56, 87.89, , , , , 
1/31/2020 1:33:39 AM, 3286, 9212.25, 1646.6, 327.68, 222.6, 163.93, 323.87, 172.78, 245.81, 98.02, 30.6, 63.9, 125, 64.56, 87.89, , , , , 
1/31/2020 1:33:42 AM, 3285.75, 9212, 1646.6, 327.68, 222.6, 163.93, 323.87, 172.78, 245.81, 98.02, 30.6, 63.9, 125, 64.56, 87.89, , , , , 
1/31/2020 1:33:45 AM, 3285.75, 9212, 1646.6, 327.68, 222.6, 163.93, 323.87, 172.78, 245.81, 98.02, 30.6, 63.9, 125, 64.56, 87.89, , , , , 
1/31/2020 1:33:48 AM, 3285.75, 9212.25, 1646.5, 327.68, 222.6, 163.93, 323.87, 172.78, 245.81, 98.02, 30.6, 63.9, 125, 64.56, 87.89, , , , , 
1/31/2020 1:33:51 AM, 3285.75, 9212.25, 1646.5, 327.68, 222.6, 163.93, 323.87, 172.78, 245.81, 98.02, 30.6, 63.9, 125, 64.56, 87.89, , , , , 
1/31/2020 1:33:54 AM, 3285.75, 9212, 1646.5, 327.68, 222.6, 163.93, 323.87, 172.78, 245.81, 98.02, 30.6, 63.9, 125, 64.56, 87.89, , , , , 
1/31/2020 1:33:57 AM, 3285.75, 9212, 1646.5, 327.68, 222.6, 163.93, 323.87, 172.78, 245.81, 98.02, 30.6, 63.9, 125, 64.56, 87.89, , , , , 
1/31/2020 1:34:00 AM, 3285.75, 9212.25, 1646.5, 327.68, 222.6, 163.93, 323.87, 172.78, 245.81, 98.02, 30.6, 63.9, 125, 64.56, 87.89, , , , , 
1/31/2020 1:34:03 AM, 3285.75, 9212.25, 1646.5, 327.68, 222.6, 163.93, 323.87, 172.78, 245.81, 98.02, 30.6, 63.9, 125, 64.56, 87.89, , , , , 
1/31/2020 1:34:06 AM, 3285.75, 9213, 1646.6, 327.68, 222.6, 163.93, 323.87, 172.78, 245.81, 98.02, 30.6, 63.9, 125, 64.56, 87.89, , , , , 
1/31/2020 1:34:09 AM, 3285.75, 9213, 1646.6, 327.68, 222.6, 163.93, 323.87, 172.78, 245.81, 98.02, 30.6, 63.9, 125, 64.56, 87.89, , , , , 
1/31/2020 1:34:12 AM, 3285.75, 9213.25, 1646.6, 327.68, 222.6, 163.93, 323.87, 172.78, 245.81, 98.02, 30.6, 63.9, 125, 64.56, 87.89, , , , , 
1/31/2020 1:34:15 AM, 3286, 9212.75, 1646.6, 327.68, 222.6, 163.93, 323.87, 172.78, 245.81, 98.02, 30.6, 63.9, 125, 64.56, 87.89, , , , , 
1/31/2020 1:34:18 AM, 3285.75, 9212.75, 1646.6, 327.68, 222.6, 163.93, 323.87, 172.78, 245.81, 98.02, 30.6, 63.9, 125, 64.56, 87.89, , , , , 
1/31/2020 1:34:21 AM, 3285.75, 9212.75, 1646.6, 327.68, 222.6, 163.93, 323.87, 172.78, 245.81, 98.02, 30.6, 63.9, 125, 64.56, 87.89, , , , , 
1/31/2020 1:34:24 AM, 3286, 9212.5, 1646.6, 327.68, 222.6, 163.93, 323.87, 172.78, 245.81, 98.02, 30.6, 63.9, 125, 64.56, 87.89, , , , , 
1/31/2020 1:34:27 AM, 3286, 9212.5, 1646.6, 327.68, 222.6, 163.93, 323.87, 172.78, 245.81, 98.02, 30.6, 63.9, 125, 64.56, 87.89, , , , , 
1/31/2020 1:34:30 AM, 3285.75, 9212.5, 1646.6, 327.68, 222.6, 163.93, 323.87, 172.78, 245.81, 98.02, 30.6, 63.9, 125, 64.56, 87.89, , , , , 
1/31/2020 1:34:33 AM, 3285.75, 9213, 1646.6, 327.68, 222.6, 163.93, 323.87, 172.78, 245.81, 98.02, 30.6, 63.9, 125, 64.56, 87.89, , , , , 
1/31/2020 1:34:36 AM, 3286, 9213.25, 1646.6, 327.68, 222.6, 163.93, 323.87, 172.78, 245.81, 98.02, 30.6, 63.9, 125, 64.56, 87.89, , , , , 
1/31/2020 1:34:39 AM, 3286, 9213.25, 1646.6, 327.68, 222.6, 163.93, 323.87, 172.78, 245.81, 98.02, 30.6, 63.9, 125, 64.56, 87.89, , , , , 
1/31/2020 1:34:42 AM, 3286, 9213, 1646.6, 327.68, 222.6, 163.93, 323.87, 172.78, 245.81, 98.02, 30.6, 63.9, 125, 64.56, 87.89, , , , , 
1/31/2020 1:34:45 AM, 3285.75, 9213, 1646.6, 327.68, 222.6, 163.93, 323.87, 172.78, 245.81, 98.02, 30.6, 63.9, 125, 64.56, 87.89, , , , , 
1/31/2020 1:34:48 AM, 3285.75, 9213, 1646.6, 327.68, 222.6, 163.93, 323.87, 172.78, 245.81, 98.02, 30.6, 63.9, 125, 64.56, 87.89, , , , , 
1/31/2020 1:34:51 AM, 3285.75, 9213.5, 1646.6, 327.68, 222.6, 163.93, 323.87, 172.78, 245.81, 98.02, 30.6, 63.9, 125, 64.56, 87.89, , , , , 
1/31/2020 1:34:54 AM, 3285.75, 9213.5, 1646.6, 327.68, 222.6, 163.93, 323.87, 172.78, 245.81, 98.02, 30.6, 63.9, 125, 64.56, 87.89, , , , , 
1/31/2020 1:34:57 AM, 3285.75, 9213.5, 1646.6, 327.68, 222.6, 163.93, 323.87, 172.78, 245.81, 98.02, 30.6, 63.9, 125, 64.56, 87.89, , , , , 
1/31/2020 1:35:00 AM, 3285.75, 9213.5, 1646.6, 327.68, 222.6, 163.93, 323.87, 172.78, 245.81, 98.02, 30.6, 63.9, 125, 64.56, 87.89, , , , , 
1/31/2020 1:35:03 AM, 3286, 9213.25, 1646.6, 327.68, 222.6, 163.93, 323.87, 172.78, 245.81, 98.02, 30.6, 63.9, 125, 64.56, 87.89, , , , , 
1/31/2020 1:35:06 AM, 3286, 9213.25, 1646.6, 327.68, 222.6, 163.93, 323.87, 172.78, 245.81, 98.02, 30.6, 63.9, 125, 64.56, 87.89, , , , , 
1/31/2020 1:35:09 AM, 3286.25, 9213, 1646.8, 327.68, 222.6, 163.93, 323.87, 172.78, 245.81, 98.02, 30.6, 63.9, 125, 64.56, 87.89, , , , , 
1/31/2020 1:35:12 AM, 3286.25, 9213, 1646.8, 327.68, 222.6, 163.93, 323.87, 172.78, 245.81, 98.02, 30.6, 63.9, 125, 64.56, 87.89, , , , , 
1/31/2020 1:35:15 AM, 3286.25, 9213.25, 1646.8, 327.68, 222.6, 163.93, 323.87, 172.78, 245.81, 98.02, 30.6, 63.9, 125, 64.56, 87.89, , , , , 
1/31/2020 1:35:18 AM, 3286.25, 9213.25, 1646.8, 327.68, 222.6, 163.93, 323.87, 172.78, 245.81, 98.02, 30.6, 63.9, 125, 64.56, 87.89, , , , , 
1/31/2020 1:35:21 AM, 3286, 9212.5, 1646.8, 327.68, 222.6, 163.93, 323.87, 172.78, 245.81, 98.02, 30.6, 63.9, 125, 64.56, 87.89, , , , , 
1/31/2020 1:35:24 AM, 3286, 9212.5, 1646.8, 327.68, 222.6, 163.93, 323.87, 172.78, 245.81, 98.02, 30.6, 63.9, 125, 64.56, 87.89, , , , , 
1/31/2020 1:35:27 AM, 3286, 9213.25, 1646.8, 327.68, 222.6, 163.93, 323.87, 172.78, 245.81, 98.02, 30.6, 63.9, 125, 64.56, 87.89, , , , , 
1/31/2020 1:35:30 AM, 3286, 9212.75, 1646.8, 327.68, 222.6, 163.93, 323.87, 172.78, 245.81, 98.02, 30.6, 63.9, 125, 64.56, 87.89, , , , , 
1/31/2020 1:35:33 AM, 3286, 9213.5, 1646.8, 327.68, 222.6, 163.93, 323.87, 172.78, 245.81, 98.02, 30.6, 63.9, 125, 64.56, 87.89, , , , , 
1/31/2020 1:35:37 AM, 3286, 9213.5, 1646.8, 327.68, 222.6, 163.93, 323.87, 172.78, 245.81, 98.02, 30.6, 63.9, 125, 64.56, 87.89, , , , , 
1/31/2020 1:35:40 AM, 3286, 9213.5, 1646.8, 327.68, 222.6, 163.93, 323.87, 172.78, 245.81, 98.02, 30.6, 63.9, 125, 64.56, 87.89, , , , , 
1/31/2020 1:35:43 AM, 3286, 9213, 1646.8, 327.68, 222.6, 163.93, 323.87, 172.78, 245.81, 98.02, 30.6, 63.9, 125, 64.56, 87.89, , , , , 
1/31/2020 1:35:46 AM, 3286, 9213, 1646.8, 327.68, 222.6, 163.93, 323.87, 172.78, 245.81, 98.02, 30.6, 63.9, 125, 64.56, 87.89, , , , , 
1/31/2020 1:35:49 AM, 3286, 9213.25, 1646.8, 327.68, 222.6, 163.93, 323.87, 172.78, 245.81, 98.02, 30.6, 63.9, 125, 64.56, 87.89, , , , , 
1/31/2020 1:35:52 AM, 3286, 9213.5, 1646.8, 327.68, 222.6, 163.93, 323.87, 172.78, 245.81, 98.02, 30.6, 63.9, 125, 64.56, 87.89, , , , , 
1/31/2020 1:35:55 AM, 3286.25, 9213.75, 1646.8, 327.68, 222.6, 163.93, 323.87, 172.78, 245.81, 98.02, 30.6, 63.9, 125, 64.56, 87.89, , , , , 
1/31/2020 1:35:58 AM, 3286.25, 9214, 1646.8, 327.68, 222.6, 163.93, 323.87, 172.78, 245.81, 98.02, 30.6, 63.9, 125, 64.56, 87.89, , , , , 
1/31/2020 1:36:01 AM, 3286.25, 9214, 1646.8, 327.68, 222.6, 163.93, 323.87, 172.78, 245.81, 98.02, 30.6, 63.9, 125, 64.56, 87.89, , , , , 
1/31/2020 1:36:04 AM, 3286.25, 9214.25, 1646.8, 327.68, 222.6, 163.93, 323.87, 172.78, 245.81, 98.02, 30.6, 63.9, 125, 64.56, 87.89, , , , , 
1/31/2020 1:36:07 AM, 3286.25, 9214.5, 1646.8, 327.68, 222.6, 163.93, 323.87, 172.78, 245.81, 98.02, 30.6, 63.9, 125, 64.56, 87.89, , , , , 
1/31/2020 1:36:10 AM, 3286, 9214, 1646.8, 327.68, 222.6, 163.93, 323.87, 172.78, 245.81, 98.02, 30.6, 63.9, 125, 64.56, 87.89, , , , , 
1/31/2020 1:36:13 AM, 3286, 9214.25, 1646.8, 327.68, 222.6, 163.93, 323.87, 172.78, 245.81, 98.02, 30.6, 63.9, 125, 64.56, 87.89, , , , , 
1/31/2020 1:36:16 AM, 3286, 9214.25, 1646.8, 327.68, 222.6, 163.93, 323.87, 172.78, 245.81, 98.02, 30.6, 63.9, 125, 64.56, 87.89, , , , , 
1/31/2020 1:36:19 AM, 3286.25, 9214, 1646.8, 327.68, 222.6, 163.93, 323.87, 172.78, 245.81, 98.02, 30.6, 63.9, 125, 64.56, 87.89, , , , , 
1/31/2020 1:36:22 AM, 3286, 9214.5, 1646.8, 327.68, 222.6, 163.93, 323.87, 172.78, 245.81, 98.02, 30.6, 63.9, 125, 64.56, 87.89, , , , , 
1/31/2020 1:36:25 AM, 3286, 9214.5, 1646.8, 327.68, 222.6, 163.93, 323.87, 172.78, 245.81, 98.02, 30.6, 63.9, 125, 64.56, 87.89, , , , , 
1/31/2020 1:36:28 AM, 3285.75, 9212.75, 1646.8, 327.68, 222.6, 163.93, 323.87, 172.78, 245.81, 98.02, 30.6, 63.9, 125, 64.56, 87.89, , , , , 
1/31/2020 1:36:31 AM, 3285.75, 9212.75, 1646.8, 327.68, 222.6, 163.93, 323.87, 172.78, 245.81, 98.02, 30.6, 63.9, 125, 64.56, 87.89, , , , , 
1/31/2020 1:36:34 AM, 3285.75, 9212.75, 1646.8, 327.68, 222.6, 163.93, 323.87, 172.78, 245.81, 98.02, 30.6, 63.9, 125, 64.56, 87.89, , , , , 
1/31/2020 1:36:37 AM, 3285.75, 9212.5, 1646.8, 327.68, 222.6, 163.93, 323.87, 172.78, 245.81, 98.02, 30.6, 63.9, 125, 64.56, 87.89, , , , , 
1/31/2020 1:36:40 AM, 3285.5, 9212.5, 1646.8, 327.68, 222.6, 163.93, 323.87, 172.78, 245.81, 98.02, 30.6, 63.9, 125, 64.56, 87.89, , , , , 
1/31/2020 1:36:43 AM, 3285.5, 9212.5, 1646.8, 327.68, 222.6, 163.93, 323.87, 172.78, 245.81, 98.02, 30.6, 63.9, 125, 64.56, 87.89, , , , , 
1/31/2020 1:36:46 AM, 3285.75, 9212.5, 1646.8, 327.68, 222.6, 163.93, 323.87, 172.78, 245.81, 98.02, 30.6, 63.9, 125, 64.56, 87.89, , , , , 
1/31/2020 1:36:49 AM, 3285.5, 9213, 1646.8, 327.68, 222.6, 163.93, 323.87, 172.78, 245.81, 98.02, 30.6, 63.9, 125, 64.56, 87.89, , , , , 
1/31/2020 1:36:52 AM, 3285.75, 9213, 1646.6, 327.68, 222.6, 163.93, 323.87, 172.78, 245.81, 98.02, 30.6, 63.9, 125, 64.56, 87.89, , , , , 
1/31/2020 1:36:55 AM, 3285.75, 9213, 1646.6, 327.68, 222.6, 163.93, 323.87, 172.78, 245.81, 98.02, 30.6, 63.9, 125, 64.56, 87.89, , , , , 
1/31/2020 1:36:58 AM, 3285.75, 9213, 1646.6, 327.68, 222.6, 163.93, 323.87, 172.78, 245.81, 98.02, 30.6, 63.9, 125, 64.56, 87.89, , , , , 
1/31/2020 1:37:01 AM, 3285.75, 9213.25, 1646.6, 327.68, 222.6, 163.93, 323.87, 172.78, 245.81, 98.02, 30.6, 63.9, 125, 64.56, 87.89, , , , , 
1/31/2020 1:37:04 AM, 3285.75, 9212.5, 1646.6, 327.68, 222.6, 163.93, 323.87, 172.78, 245.81, 98.02, 30.6, 63.9, 125, 64.56, 87.89, , , , , 
1/31/2020 1:37:07 AM, 3285.75, 9212.75, 1646.6, 327.68, 222.6, 163.93, 323.87, 172.78, 245.81, 98.02, 30.6, 63.9, 125, 64.56, 87.89, , , , , 
1/31/2020 1:37:10 AM, 3285.75, 9212.75, 1646.6, 327.68, 222.6, 163.93, 323.87, 172.78, 245.81, 98.02, 30.6, 63.9, 125, 64.56, 87.89, , , , , 
1/31/2020 1:37:13 AM, 3285.75, 9212.75, 1646.6, 327.68, 222.6, 163.93, 323.87, 172.78, 245.81, 98.02, 30.6, 63.9, 125, 64.56, 87.89, , , , , 
1/31/2020 1:37:16 AM, 3285.75, 9212.5, 1646.6, 327.68, 222.6, 163.93, 323.87, 172.78, 245.81, 98.02, 30.6, 63.9, 125, 64.56, 87.89, , , , , 
1/31/2020 1:37:19 AM, 3285.5, 9212.5, 1646.6, 327.68, 222.6, 163.93, 323.87, 172.78, 245.81, 98.02, 30.6, 63.9, 125, 64.56, 87.89, , , , , 
1/31/2020 1:37:22 AM, 3285.5, 9212.5, 1646.6, 327.68, 222.6, 163.93, 323.87, 172.78, 245.81, 98.02, 30.6, 63.9, 125, 64.56, 87.89, , , , , 
1/31/2020 1:37:25 AM, 3285.75, 9213, 1646.6, 327.68, 222.6, 163.93, 323.87, 172.78, 245.81, 98.02, 30.6, 63.9, 125, 64.56, 87.89, , , , , 
1/31/2020 1:37:28 AM, 3285.75, 9213, 1646.6, 327.68, 222.6, 163.93, 323.87, 172.78, 245.81, 98.02, 30.6, 63.9, 125, 64.56, 87.89, , , , , 
1/31/2020 1:37:31 AM, 3285.75, 9213, 1646.6, 327.68, 222.6, 163.93, 323.87, 172.78, 245.81, 98.02, 30.6, 63.9, 125, 64.56, 87.89, , , , , 
1/31/2020 1:37:34 AM, 3286, 9213, 1646.6, 327.68, 222.6, 163.93, 323.87, 172.78, 245.81, 98.02, 30.6, 63.9, 125, 64.56, 87.89, , , , , 
1/31/2020 1:37:37 AM, 3286, 9213, 1646.6, 327.68, 222.6, 163.93, 323.87, 172.78, 245.81, 98.02, 30.6, 63.9, 125, 64.56, 87.89, , , , , 
1/31/2020 1:37:40 AM, 3285.75, 9212.5, 1646.6, 327.68, 222.6, 163.93, 323.87, 172.78, 245.81, 98.02, 30.6, 63.9, 125, 64.56, 87.89, , , , , 
1/31/2020 1:37:43 AM, 3285.75, 9212.5, 1646.6, 327.68, 222.6, 163.93, 323.87, 172.78, 245.81, 98.02, 30.6, 63.9, 125, 64.56, 87.89, , , , , 
1/31/2020 1:37:46 AM, 3285.75, 9212.5, 1646.6, 327.68, 222.6, 163.93, 323.87, 172.78, 245.81, 98.02, 30.6, 63.9, 125, 64.56, 87.89, , , , , 
1/31/2020 1:37:49 AM, 3285.5, 9212.5, 1646.6, 327.68, 222.6, 163.93, 323.87, 172.78, 245.81, 98.02, 30.6, 63.9, 125, 64.56, 87.89, , , , , 
1/31/2020 1:37:52 AM, 3285.5, 9212.5, 1646.6, 327.68, 222.6, 163.93, 323.87, 172.78, 245.81, 98.02, 30.6, 63.9, 125, 64.56, 87.89, , , , , 
1/31/2020 1:37:55 AM, 3285.5, 9212.5, 1646.6, 327.68, 222.6, 163.93, 323.87, 172.78, 245.81, 98.02, 30.6, 63.9, 125, 64.56, 87.89, , , , , 
1/31/2020 1:37:58 AM, 3285.5, 9212.5, 1646.6, 327.68, 222.6, 163.93, 323.87, 172.78, 245.81, 98.02, 30.6, 63.9, 125, 64.56, 87.89, , , , , 
1/31/2020 1:38:02 AM, 3285.5, 9212.5, 1646.6, 327.68, 222.6, 163.93, 323.87, 172.78, 245.81, 98.02, 30.6, 63.9, 125, 64.56, 87.89, , , , , 
1/31/2020 1:38:05 AM, 3285.5, 9212.25, 1646.6, 327.68, 222.6, 163.93, 323.87, 172.78, 245.81, 98.02, 30.6, 63.9, 125, 64.56, 87.89, , , , , 
1/31/2020 1:38:08 AM, 3285.5, 9212, 1646.6, 327.68, 222.6, 163.93, 323.87, 172.78, 245.81, 98.02, 30.6, 63.9, 125, 64.56, 87.89, , , , , 
1/31/2020 1:38:11 AM, 3285.5, 9212, 1646.6, 327.68, 222.6, 163.93, 323.87, 172.78, 245.81, 98.02, 30.6, 63.9, 125, 64.56, 87.89, , , , , 
1/31/2020 1:38:14 AM, 3285.5, 9212, 1646.6, 327.68, 222.6, 163.93, 323.87, 172.78, 245.81, 98.02, 30.6, 63.9, 125, 64.56, 87.89, , , , , 
1/31/2020 1:38:17 AM, 3285.5, 9211.75, 1646.6, 327.68, 222.6, 163.93, 323.87, 172.78, 245.81, 98.02, 30.6, 63.9, 125, 64.56, 87.89, , , , , 
1/31/2020 1:38:20 AM, 3285.5, 9211.75, 1646.5, 327.68, 222.6, 163.93, 323.87, 172.78, 245.81, 98.02, 30.6, 63.9, 125, 64.56, 87.89, , , , , 
1/31/2020 1:38:23 AM, 3285.5, 9211.75, 1646.5, 327.68, 222.6, 163.93, 323.87, 172.78, 245.81, 98.02, 30.6, 63.9, 125, 64.56, 87.89, , , , , 
1/31/2020 1:38:26 AM, 3285.5, 9211.5, 1646.5, 327.68, 222.6, 163.93, 323.87, 172.78, 245.81, 98.02, 30.6, 63.9, 125, 64.56, 87.89, , , , , 
1/31/2020 1:38:29 AM, 3285.5, 9211.75, 1646.5, 327.68, 222.6, 163.93, 323.87, 172.78, 245.81, 98.02, 30.6, 63.9, 125, 64.56, 87.89, , , , , 
1/31/2020 1:38:32 AM, 3285.25, 9211.5, 1646.5, 327.68, 222.6, 163.93, 323.87, 172.78, 245.81, 98.02, 30.6, 63.9, 125, 64.56, 87.89, , , , , 
1/31/2020 1:38:35 AM, 3285.5, 9211.5, 1646.5, 327.68, 222.6, 163.93, 323.87, 172.78, 245.81, 98.02, 30.6, 63.9, 125, 64.56, 87.89, , , , , 
1/31/2020 1:38:38 AM, 3285.5, 9211.75, 1646.5, 327.68, 222.6, 163.93, 323.87, 172.78, 245.81, 98.02, 30.6, 63.9, 125, 64.56, 87.89, , , , , 
1/31/2020 1:38:41 AM, 3285.5, 9211.75, 1646.5, 327.68, 222.6, 163.93, 323.87, 172.78, 245.81, 98.02, 30.6, 63.9, 125, 64.56, 87.89, , , , , 
1/31/2020 1:38:44 AM, 3285.5, 9211.75, 1646.5, 327.68, 222.6, 163.93, 323.87, 172.78, 245.81, 98.02, 30.6, 63.9, 125, 64.56, 87.89, , , , , 
1/31/2020 1:38:47 AM, 3285.5, 9211.75, 1646.5, 327.68, 222.6, 163.93, 323.87, 172.78, 245.81, 98.02, 30.6, 63.9, 125, 64.56, 87.89, , , , , 
1/31/2020 1:38:50 AM, 3285.5, 9212, 1646.5, 327.68, 222.6, 163.93, 323.87, 172.78, 245.81, 98.02, 30.6, 63.9, 125, 64.56, 87.89, , , , , 
1/31/2020 1:38:53 AM, 3285.5, 9212, 1646.5, 327.68, 222.6, 163.93, 323.87, 172.78, 245.81, 98.02, 30.6, 63.9, 125, 64.56, 87.89, , , , , 
1/31/2020 1:38:56 AM, 3285.5, 9212, 1646.5, 327.68, 222.6, 163.93, 323.87, 172.78, 245.81, 98.02, 30.6, 63.9, 125, 64.56, 87.89, , , , , 
1/31/2020 1:38:59 AM, 3285.5, 9212, 1646.5, 327.68, 222.6, 163.93, 323.87, 172.78, 245.81, 98.02, 30.6, 63.9, 125, 64.56, 87.89, , , , , 
1/31/2020 1:39:02 AM, 3285.5, 9212.5, 1646.5, 327.68, 222.6, 163.93, 323.87, 172.78, 245.81, 98.02, 30.6, 63.9, 125, 64.56, 87.89, , , , , 
1/31/2020 1:39:05 AM, 3285.75, 9213, 1646.5, 327.68, 222.6, 163.93, 323.87, 172.78, 245.81, 98.02, 30.6, 63.9, 125, 64.56, 87.89, , , , , 
1/31/2020 1:39:08 AM, 3285.75, 9213.75, 1646.5, 327.68, 222.6, 163.93, 323.87, 172.78, 245.81, 98.02, 30.6, 63.9, 125, 64.56, 87.89, , , , , 
1/31/2020 1:39:11 AM, 3285.75, 9213.5, 1646.5, 327.68, 222.6, 163.93, 323.87, 172.78, 245.81, 98.02, 30.6, 63.9, 125, 64.56, 87.89, , , , , 
1/31/2020 1:39:14 AM, 3286, 9213.5, 1646.5, 327.68, 222.6, 163.93, 323.87, 172.78, 245.81, 98.02, 30.6, 63.9, 125, 64.56, 87.89, , , , , 
1/31/2020 1:39:17 AM, 3286, 9213.5, 1646.5, 327.68, 222.6, 163.93, 323.87, 172.78, 245.81, 98.02, 30.6, 63.9, 125, 64.56, 87.89, , , , , 
1/31/2020 1:39:20 AM, 3286, 9213.75, 1646.5, 327.68, 222.6, 163.93, 323.87, 172.78, 245.81, 98.02, 30.6, 63.9, 125, 64.56, 87.89, , , , , 
1/31/2020 1:39:23 AM, 3285.75, 9213.25, 1646.6, 327.68, 222.6, 163.93, 323.87, 172.78, 245.81, 98.02, 30.6, 63.9, 125, 64.56, 87.89, , , , , 
1/31/2020 1:39:26 AM, 3285.75, 9213.5, 1646.6, 327.68, 222.6, 163.93, 323.87, 172.78, 245.81, 98.02, 30.6, 63.9, 125, 64.56, 87.89, , , , , 
1/31/2020 1:39:29 AM, 3285.75, 9213.5, 1646.6, 327.68, 222.6, 163.93, 323.87, 172.78, 245.81, 98.02, 30.6, 63.9, 125, 64.56, 87.89, , , , , 
1/31/2020 1:39:32 AM, 3285.75, 9213.5, 1646.6, 327.68, 222.6, 163.93, 323.87, 172.78, 245.81, 98.02, 30.6, 63.9, 125, 64.56, 87.89, , , , , 
1/31/2020 1:39:35 AM, 3285.75, 9213.75, 1646.6, 327.68, 222.6, 163.93, 323.87, 172.78, 245.81, 98.02, 30.6, 63.9, 125, 64.56, 87.89, , , , , 
1/31/2020 1:39:38 AM, 3285.75, 9213.25, 1646.6, 327.68, 222.6, 163.93, 323.87, 172.78, 245.81, 98.02, 30.6, 63.9, 125, 64.56, 87.89, , , , , 
1/31/2020 1:39:41 AM, 3285.75, 9213.25, 1646.6, 327.68, 222.6, 163.93, 323.87, 172.78, 245.81, 98.02, 30.6, 63.9, 125, 64.56, 87.89, , , , , 
1/31/2020 1:39:44 AM, 3285.75, 9213.25, 1646.6, 327.68, 222.6, 163.93, 323.87, 172.78, 245.81, 98.02, 30.6, 63.9, 125, 64.56, 87.89, , , , , 
1/31/2020 1:39:47 AM, 3285.75, 9213.5, 1646.6, 327.68, 222.6, 163.93, 323.87, 172.78, 245.81, 98.02, 30.6, 63.9, 125, 64.56, 87.89, , , , , 
1/31/2020 1:39:50 AM, 3285.75, 9213.5, 1646.6, 327.68, 222.6, 163.93, 323.87, 172.78, 245.81, 98.02, 30.6, 63.9, 125, 64.56, 87.89, , , , , 
1/31/2020 1:39:53 AM, 3285.75, 9213.5, 1646.6, 327.68, 222.6, 163.93, 323.87, 172.78, 245.81, 98.02, 30.6, 63.9, 125, 64.56, 87.89, , , , , 
1/31/2020 1:39:56 AM, 3285.75, 9213.5, 1646.6, 327.68, 222.6, 163.93, 323.87, 172.78, 245.81, 98.02, 30.6, 63.9, 125, 64.56, 87.89, , , , , 
1/31/2020 1:39:59 AM, 3285.75, 9213.5, 1646.6, 327.68, 222.6, 163.93, 323.87, 172.78, 245.81, 98.02, 30.6, 63.9, 125, 64.56, 87.89, , , , , 
1/31/2020 1:40:02 AM, 3285.75, 9213.5, 1646.6, 327.68, 222.6, 163.93, 323.87, 172.78, 245.81, 98.02, 30.6, 63.9, 125, 64.56, 87.89, , , , , 
1/31/2020 1:40:05 AM, 3285.75, 9213.5, 1646.6, 327.68, 222.6, 163.93, 323.87, 172.78, 245.81, 98.02, 30.6, 63.9, 125, 64.56, 87.89, , , , , 
1/31/2020 1:40:08 AM, 3286, 9213.5, 1646.6, 327.68, 222.6, 163.93, 323.87, 172.78, 245.81, 98.02, 30.6, 63.9, 125, 64.56, 87.89, , , , , 
1/31/2020 1:40:11 AM, 3286, 9213.5, 1646.6, 327.68, 222.6, 163.93, 323.87, 172.78, 245.81, 98.02, 30.6, 63.9, 125, 64.56, 87.89, , , , , 
1/31/2020 1:40:14 AM, 3285.5, 9212.25, 1646.4, 327.68, 222.6, 163.93, 323.87, 172.78, 245.81, 98.02, 30.6, 63.9, 125, 64.56, 87.89, , , , , 
1/31/2020 1:40:17 AM, 3285.5, 9212.25, 1646.4, 327.68, 222.6, 163.93, 323.87, 172.78, 245.81, 98.02, 30.6, 63.9, 125, 64.56, 87.89, , , , , 
1/31/2020 1:40:20 AM, 3285.5, 9212.5, 1646.4, 327.68, 222.6, 163.93, 323.87, 172.78, 245.81, 98.02, 30.6, 63.9, 125, 64.56, 87.89, , , , , 
1/31/2020 1:40:24 AM, 3285.5, 9212.5, 1646.4, 327.68, 222.6, 163.93, 323.87, 172.78, 245.81, 98.02, 30.6, 63.9, 125, 64.56, 87.89, , , , , 
1/31/2020 1:40:27 AM, 3285.5, 9211.75, 1646.4, 327.68, 222.6, 163.93, 323.87, 172.78, 245.81, 98.02, 30.6, 63.9, 125, 64.56, 87.89, , , , , 
1/31/2020 1:40:30 AM, 3285.5, 9212, 1646.4, 327.68, 222.6, 163.93, 323.87, 172.78, 245.81, 98.02, 30.6, 63.9, 125, 64.56, 87.89, , , , , 
1/31/2020 1:40:33 AM, 3285.5, 9211.25, 1646.4, 327.68, 222.6, 163.93, 323.87, 172.78, 245.81, 98.02, 30.6, 63.9, 125, 64.56, 87.89, , , , , 
1/31/2020 1:40:36 AM, 3285.5, 9211.25, 1646.4, 327.68, 222.6, 163.93, 323.87, 172.78, 245.81, 98.02, 30.6, 63.9, 125, 64.56, 87.89, , , , , 
1/31/2020 1:40:39 AM, 3285.75, 9212, 1646.3, 327.68, 222.6, 163.93, 323.87, 172.78, 245.81, 98.02, 30.6, 63.9, 125, 64.56, 87.89, , , , , 
1/31/2020 1:40:42 AM, 3285.75, 9212, 1646.3, 327.68, 222.6, 163.93, 323.87, 172.78, 245.81, 98.02, 30.6, 63.9, 125, 64.56, 87.89, , , , , 
1/31/2020 1:40:45 AM, 3285.75, 9212, 1646.3, 327.68, 222.6, 163.93, 323.87, 172.78, 245.81, 98.02, 30.6, 63.9, 125, 64.56, 87.89, , , , , 
1/31/2020 1:40:48 AM, 3285.75, 9212, 1646.3, 327.68, 222.6, 163.93, 323.87, 172.78, 245.81, 98.02, 30.6, 63.9, 125, 64.56, 87.89, , , , , 
1/31/2020 1:40:51 AM, 3285.75, 9212, 1646.3, 327.68, 222.6, 163.93, 323.87, 172.78, 245.81, 98.02, 30.6, 63.9, 125, 64.56, 87.89, , , , , 
1/31/2020 1:40:54 AM, 3285.75, 9212, 1646.3, 327.68, 222.6, 163.93, 323.87, 172.78, 245.81, 98.02, 30.6, 63.9, 125, 64.56, 87.89, , , , , 
1/31/2020 1:40:57 AM, 3285.75, 9212.5, 1646.3, 327.68, 222.6, 163.93, 323.87, 172.78, 245.81, 98.02, 30.6, 63.9, 125, 64.56, 87.89, , , , , 
1/31/2020 1:41:00 AM, 3285.75, 9212.5, 1646.3, 327.68, 222.6, 163.93, 323.87, 172.78, 245.81, 98.02, 30.6, 63.9, 125, 64.56, 87.89, , , , , 
1/31/2020 1:41:03 AM, 3285.75, 9213, 1646.6, 327.68, 222.6, 163.93, 323.87, 172.78, 245.81, 98.02, 30.6, 63.9, 125, 64.56, 87.89, , , , , 
1/31/2020 1:41:06 AM, 3285.75, 9213, 1646.6, 327.68, 222.6, 163.93, 323.87, 172.78, 245.81, 98.02, 30.6, 63.9, 125, 64.56, 87.89, , , , , 
1/31/2020 1:41:09 AM, 3285.75, 9213.5, 1646.7, 327.68, 222.6, 163.93, 323.87, 172.78, 245.81, 98.02, 30.6, 63.9, 125, 64.56, 87.89, , , , , 
1/31/2020 1:41:12 AM, 3285.75, 9213.5, 1646.7, 327.68, 222.6, 163.93, 323.87, 172.78, 245.81, 98.02, 30.6, 63.9, 125, 64.56, 87.89, , , , , 
1/31/2020 1:41:15 AM, 3286, 9212.75, 1646.7, 327.68, 222.6, 163.93, 323.87, 172.78, 245.81, 98.02, 30.6, 63.9, 125, 64.56, 87.89, , , , , 
1/31/2020 1:41:18 AM, 3286, 9212.75, 1646.7, 327.68, 222.6, 163.93, 323.87, 172.78, 245.81, 98.02, 30.6, 63.9, 125, 64.56, 87.89, , , , , 
1/31/2020 1:41:21 AM, 3286, 9212.75, 1646.7, 327.68, 222.6, 163.93, 323.87, 172.78, 245.81, 98.02, 30.6, 63.9, 125, 64.56, 87.89, , , , , 
1/31/2020 1:41:24 AM, 3286, 9212.75, 1646.7, 327.68, 222.6, 163.93, 323.87, 172.78, 245.81, 98.02, 30.6, 63.9, 125, 64.56, 87.89, , , , , 
1/31/2020 1:41:27 AM, 3285.75, 9212.5, 1646.7, 327.68, 222.6, 163.93, 323.87, 172.78, 245.81, 98.02, 30.6, 63.9, 125, 64.56, 87.89, , , , , 
1/31/2020 1:41:30 AM, 3285.75, 9212.5, 1646.7, 327.68, 222.6, 163.93, 323.87, 172.78, 245.81, 98.02, 30.6, 63.9, 125, 64.56, 87.89, , , , , 
1/31/2020 1:41:33 AM, 3285.75, 9212.75, 1646.7, 327.68, 222.6, 163.93, 323.87, 172.78, 245.81, 98.02, 30.6, 63.9, 125, 64.56, 87.89, , , , , 
1/31/2020 1:41:36 AM, 3285.75, 9212.75, 1646.7, 327.68, 222.6, 163.93, 323.87, 172.78, 245.81, 98.02, 30.6, 63.9, 125, 64.56, 87.89, , , , , 
1/31/2020 1:41:39 AM, 3285.75, 9213, 1646.6, 327.68, 222.6, 163.93, 323.87, 172.78, 245.81, 98.02, 30.6, 63.9, 125, 64.56, 87.89, , , , , 
1/31/2020 1:41:42 AM, 3285.75, 9213, 1646.6, 327.68, 222.6, 163.93, 323.87, 172.78, 245.81, 98.02, 30.6, 63.9, 125, 64.56, 87.89, , , , , 
1/31/2020 1:41:45 AM, 3286, 9213, 1646.7, 327.68, 222.6, 163.93, 323.87, 172.78, 245.81, 98.02, 30.6, 63.9, 125, 64.56, 87.89, , , , , 
1/31/2020 1:41:48 AM, 3286, 9213, 1646.7, 327.68, 222.6, 163.93, 323.87, 172.78, 245.81, 98.02, 30.6, 63.9, 125, 64.56, 87.89, , , , , 
1/31/2020 1:41:51 AM, 3286, 9213, 1646.7, 327.68, 222.6, 163.93, 323.87, 172.78, 245.81, 98.02, 30.6, 63.9, 125, 64.56, 87.89, , , , , 
1/31/2020 1:41:54 AM, 3286, 9213, 1646.7, 327.68, 222.6, 163.93, 323.87, 172.78, 245.81, 98.02, 30.6, 63.9, 125, 64.56, 87.89, , , , , 
1/31/2020 1:41:57 AM, 3286, 9212.75, 1646.7, 327.68, 222.6, 163.93, 323.87, 172.78, 245.81, 98.02, 30.6, 63.9, 125, 64.56, 87.89, , , , , 
1/31/2020 1:42:00 AM, 3286, 9212.75, 1646.7, 327.68, 222.6, 163.93, 323.87, 172.78, 245.81, 98.02, 30.6, 63.9, 125, 64.56, 87.89, , , , , 
1/31/2020 1:42:03 AM, 3286, 9212.75, 1646.7, 327.68, 222.6, 163.93, 323.87, 172.78, 245.81, 98.02, 30.6, 63.9, 125, 64.56, 87.89, , , , , 
1/31/2020 1:42:06 AM, 3286, 9212.75, 1646.7, 327.68, 222.6, 163.93, 323.87, 172.78, 245.81, 98.02, 30.6, 63.9, 125, 64.56, 87.89, , , , , 
1/31/2020 1:42:09 AM, 3286, 9213, 1646.7, 327.68, 222.6, 163.93, 323.87, 172.78, 245.81, 98.02, 30.6, 63.9, 125, 64.56, 87.89, , , , , 
1/31/2020 1:42:12 AM, 3286, 9213, 1646.7, 327.68, 222.6, 163.93, 323.87, 172.78, 245.81, 98.02, 30.6, 63.9, 125, 64.56, 87.89, , , , , 
1/31/2020 1:42:15 AM, 3286, 9213.25, 1646.7, 327.68, 222.6, 163.93, 323.87, 172.78, 245.81, 98.02, 30.6, 63.9, 125, 64.56, 87.89, , , , , 
1/31/2020 1:42:18 AM, 3286, 9213.25, 1646.7, 327.68, 222.6, 163.93, 323.87, 172.78, 245.81, 98.02, 30.6, 63.9, 125, 64.56, 87.89, , , , , 
1/31/2020 1:42:21 AM, 3286, 9213.25, 1646.7, 327.68, 222.6, 163.93, 323.87, 172.78, 245.81, 98.02, 30.6, 63.9, 125, 64.56, 87.89, , , , , 
1/31/2020 1:42:24 AM, 3286, 9213.25, 1646.7, 327.68, 222.6, 163.93, 323.87, 172.78, 245.81, 98.02, 30.6, 63.9, 125, 64.56, 87.89, , , , , 
1/31/2020 1:42:27 AM, 3285.75, 9213.25, 1646.7, 327.68, 222.6, 163.93, 323.87, 172.78, 245.81, 98.02, 30.6, 63.9, 125, 64.56, 87.89, , , , , 
1/31/2020 1:42:30 AM, 3285.75, 9213.25, 1646.7, 327.68, 222.6, 163.93, 323.87, 172.78, 245.81, 98.02, 30.6, 63.9, 125, 64.56, 87.89, , , , , 
1/31/2020 1:42:33 AM, 3286, 9213.25, 1646.7, 327.68, 222.6, 163.93, 323.87, 172.78, 245.81, 98.02, 30.6, 63.9, 125, 64.56, 87.89, , , , , 
1/31/2020 1:42:37 AM, 3286, 9213.25, 1646.7, 327.68, 222.6, 163.93, 323.87, 172.78, 245.81, 98.02, 30.6, 63.9, 125, 64.56, 87.89, , , , , 
1/31/2020 1:42:40 AM, 3286, 9213, 1646.3, 327.68, 222.6, 163.93, 323.87, 172.78, 245.81, 98.02, 30.6, 63.9, 125, 64.56, 87.89, , , , , 
1/31/2020 1:42:43 AM, 3286, 9213, 1646.3, 327.68, 222.6, 163.93, 323.87, 172.78, 245.81, 98.02, 30.6, 63.9, 125, 64.56, 87.89, , , , , 
1/31/2020 1:42:46 AM, 3286, 9213, 1646.4, 327.68, 222.6, 163.93, 323.87, 172.78, 245.81, 98.02, 30.6, 63.9, 125, 64.56, 87.89, , , , , 
1/31/2020 1:42:49 AM, 3286, 9213, 1646.4, 327.68, 222.6, 163.93, 323.87, 172.78, 245.81, 98.02, 30.6, 63.9, 125, 64.56, 87.89, , , , , 
1/31/2020 1:42:52 AM, 3286, 9212.75, 1646.4, 327.68, 222.6, 163.93, 323.87, 172.78, 245.81, 98.02, 30.6, 63.9, 125, 64.56, 87.89, , , , , 
1/31/2020 1:42:55 AM, 3286, 9212.5, 1646.4, 327.68, 222.6, 163.93, 323.87, 172.78, 245.81, 98.02, 30.6, 63.9, 125, 64.56, 87.89, , , , , 
1/31/2020 1:42:58 AM, 3286, 9212.5, 1646.4, 327.68, 222.6, 163.93, 323.87, 172.78, 245.81, 98.02, 30.6, 63.9, 125, 64.56, 87.89, , , , , 
1/31/2020 1:43:01 AM, 3285.75, 9212.5, 1646.4, 327.68, 222.6, 163.93, 323.87, 172.78, 245.81, 98.02, 30.6, 63.9, 125, 64.56, 87.89, , , , , 
1/31/2020 1:43:04 AM, 3285.75, 9212.5, 1646.4, 327.68, 222.6, 163.93, 323.87, 172.78, 245.81, 98.02, 30.6, 63.9, 125, 64.56, 87.89, , , , , 
1/31/2020 1:43:07 AM, 3285.75, 9212.25, 1646.4, 327.68, 222.6, 163.93, 323.87, 172.78, 245.81, 98.02, 30.6, 63.9, 125, 64.56, 87.89, , , , , 
1/31/2020 1:43:10 AM, 3285.75, 9212.25, 1646.4, 327.68, 222.6, 163.93, 323.87, 172.78, 245.81, 98.02, 30.6, 63.9, 125, 64.56, 87.89, , , , , 
1/31/2020 1:43:13 AM, 3286, 9212.75, 1646.4, 327.68, 222.6, 163.93, 323.87, 172.78, 245.81, 98.02, 30.6, 63.9, 125, 64.56, 87.89, , , , , 
1/31/2020 1:43:16 AM, 3286, 9212.75, 1646.4, 327.68, 222.6, 163.93, 323.87, 172.78, 245.81, 98.02, 30.6, 63.9, 125, 64.56, 87.89, , , , , 
1/31/2020 1:43:19 AM, 3286, 9212.5, 1646.7, 327.68, 222.6, 163.93, 323.87, 172.78, 245.81, 98.02, 30.6, 63.9, 125, 64.56, 87.89, , , , , 
1/31/2020 1:43:22 AM, 3286, 9212.5, 1646.7, 327.68, 222.6, 163.93, 323.87, 172.78, 245.81, 98.02, 30.6, 63.9, 125, 64.56, 87.89, , , , , 
1/31/2020 1:43:25 AM, 3286, 9212.5, 1646.7, 327.68, 222.6, 163.93, 323.87, 172.78, 245.81, 98.02, 30.6, 63.9, 125, 64.56, 87.89, , , , , 
1/31/2020 1:43:28 AM, 3286, 9213.25, 1646.7, 327.68, 222.6, 163.93, 323.87, 172.78, 245.81, 98.02, 30.6, 63.9, 125, 64.56, 87.89, , , , , 
1/31/2020 1:43:31 AM, 3286, 9213.25, 1646.7, 327.68, 222.6, 163.93, 323.87, 172.78, 245.81, 98.02, 30.6, 63.9, 125, 64.56, 87.89, , , , , 
1/31/2020 1:43:34 AM, 3286, 9213.25, 1646.7, 327.68, 222.6, 163.93, 323.87, 172.78, 245.81, 98.02, 30.6, 63.9, 125, 64.56, 87.89, , , , , 
1/31/2020 1:43:37 AM, 3286, 9213.25, 1646.7, 327.68, 222.6, 163.93, 323.87, 172.78, 245.81, 98.02, 30.6, 63.9, 125, 64.56, 87.89, , , , , 
1/31/2020 1:43:40 AM, 3286, 9213.25, 1646.7, 327.68, 222.6, 163.93, 323.87, 172.78, 245.81, 98.02, 30.6, 63.9, 125, 64.56, 87.89, , , , , 
1/31/2020 1:43:43 AM, 3286, 9213.25, 1646.7, 327.68, 222.6, 163.93, 323.87, 172.78, 245.81, 98.02, 30.6, 63.9, 125, 64.56, 87.89, , , , , 
1/31/2020 1:43:46 AM, 3286, 9212.75, 1646.7, 327.68, 222.6, 163.93, 323.87, 172.78, 245.81, 98.02, 30.6, 63.9, 125, 64.56, 87.89, , , , , 
1/31/2020 1:43:49 AM, 3286, 9213.5, 1646.7, 327.68, 222.6, 163.93, 323.87, 172.78, 245.81, 98.02, 30.6, 63.9, 125, 64.56, 87.89, , , , , 
1/31/2020 1:43:52 AM, 3286, 9213.25, 1646.7, 327.68, 222.6, 163.93, 323.87, 172.78, 245.81, 98.02, 30.6, 63.9, 125, 64.56, 87.89, , , , , 
1/31/2020 1:43:55 AM, 3286, 9213.25, 1646.7, 327.68, 222.6, 163.93, 323.87, 172.78, 245.81, 98.02, 30.6, 63.9, 125, 64.56, 87.89, , , , , 
1/31/2020 1:43:58 AM, 3286, 9213.25, 1646.7, 327.68, 222.6, 163.93, 323.87, 172.78, 245.81, 98.02, 30.6, 63.9, 125, 64.56, 87.89, , , , , 
1/31/2020 1:44:01 AM, 3286, 9213.25, 1646.7, 327.68, 222.6, 163.93, 323.87, 172.78, 245.81, 98.02, 30.6, 63.9, 125, 64.56, 87.89, , , , , 
1/31/2020 1:44:04 AM, 3286, 9213.25, 1646.7, 327.68, 222.6, 163.93, 323.87, 172.78, 245.81, 98.02, 30.6, 63.9, 125, 64.56, 87.89, , , , , 
1/31/2020 1:44:07 AM, 3286, 9213, 1646.7, 327.68, 222.6, 163.93, 323.87, 172.78, 245.81, 98.02, 30.6, 63.9, 125, 64.56, 87.89, , , , , 
1/31/2020 1:44:10 AM, 3286, 9213, 1646.7, 327.68, 222.6, 163.93, 323.87, 172.78, 245.81, 98.02, 30.6, 63.9, 125, 64.56, 87.89, , , , , 
1/31/2020 1:44:13 AM, 3286, 9213, 1646.7, 327.68, 222.6, 163.93, 323.87, 172.78, 245.81, 98.02, 30.6, 63.9, 125, 64.56, 87.89, , , , , 
1/31/2020 1:44:16 AM, 3286, 9213.25, 1646.7, 327.68, 222.6, 163.93, 323.87, 172.78, 245.81, 98.02, 30.6, 63.9, 125, 64.56, 87.89, , , , , 
1/31/2020 1:44:19 AM, 3286, 9213.25, 1646.6, 327.68, 222.6, 163.93, 323.87, 172.78, 245.81, 98.02, 30.6, 63.9, 125, 64.56, 87.89, , , , , 
1/31/2020 1:44:22 AM, 3286, 9213, 1646.6, 327.68, 222.6, 163.93, 323.87, 172.78, 245.81, 98.02, 30.6, 63.9, 125, 64.56, 87.89, , , , , 
1/31/2020 1:44:25 AM, 3286, 9213, 1646.6, 327.68, 222.6, 163.93, 323.87, 172.78, 245.81, 98.02, 30.6, 63.9, 125, 64.56, 87.89, , , , , 
1/31/2020 1:44:28 AM, 3286, 9213, 1646.6, 327.68, 222.6, 163.93, 323.87, 172.78, 245.81, 98.02, 30.6, 63.9, 125, 64.56, 87.89, , , , , 
1/31/2020 1:44:31 AM, 3286, 9213, 1646.6, 327.68, 222.6, 163.93, 323.87, 172.78, 245.81, 98.02, 30.6, 63.9, 125, 64.56, 87.89, , , , , 
1/31/2020 1:44:34 AM, 3286, 9213, 1646.6, 327.68, 222.6, 163.93, 323.87, 172.78, 245.81, 98.02, 30.6, 63.9, 125, 64.56, 87.89, , , , , 
1/31/2020 1:44:37 AM, 3286, 9213.25, 1646.6, 327.68, 222.6, 163.93, 323.87, 172.78, 245.81, 98.02, 30.6, 63.9, 125, 64.56, 87.89, , , , , 
1/31/2020 1:44:40 AM, 3286, 9213.25, 1646.6, 327.68, 222.6, 163.93, 323.87, 172.78, 245.81, 98.02, 30.6, 63.9, 125, 64.56, 87.89, , , , , 
1/31/2020 1:44:43 AM, 3286, 9212.75, 1646.6, 327.68, 222.6, 163.93, 323.87, 172.78, 245.81, 98.02, 30.6, 63.9, 125, 64.56, 87.89, , , , , 
1/31/2020 1:44:46 AM, 3286, 9213, 1646.6, 327.68, 222.6, 163.93, 323.87, 172.78, 245.81, 98.02, 30.6, 63.9, 125, 64.56, 87.89, , , , , 
1/31/2020 1:44:49 AM, 3286, 9213.25, 1646.6, 327.68, 222.6, 163.93, 323.87, 172.78, 245.81, 98.02, 30.6, 63.9, 125, 64.56, 87.89, , , , , 
1/31/2020 1:44:53 AM, 3286, 9213.25, 1646.6, 327.68, 222.6, 163.93, 323.87, 172.78, 245.81, 98.02, 30.6, 63.9, 125, 64.56, 87.89, , , , , 
1/31/2020 1:44:56 AM, 3286, 9213.25, 1646.6, 327.68, 222.6, 163.93, 323.87, 172.78, 245.81, 98.02, 30.6, 63.9, 125, 64.56, 87.89, , , , , 
1/31/2020 1:44:59 AM, 3286, 9213.25, 1646.6, 327.68, 222.6, 163.93, 323.87, 172.78, 245.81, 98.02, 30.6, 63.9, 125, 64.56, 87.89, , , , , 
1/31/2020 1:45:02 AM, 3286, 9213.5, 1646.6, 327.68, 222.6, 163.93, 323.87, 172.78, 245.81, 98.02, 30.6, 63.9, 125, 64.56, 87.89, , , , , 
1/31/2020 1:45:05 AM, 3286, 9213.5, 1646.6, 327.68, 222.6, 163.93, 323.87, 172.78, 245.81, 98.02, 30.6, 63.9, 125, 64.56, 87.89, , , , , 
1/31/2020 1:45:08 AM, 3286.25, 9213.5, 1646.6, 327.68, 222.6, 163.93, 323.87, 172.78, 245.81, 98.02, 30.6, 63.9, 125, 64.56, 87.89, , , , , 
1/31/2020 1:45:11 AM, 3286.25, 9213.5, 1646.6, 327.68, 222.6, 163.93, 323.87, 172.78, 245.81, 98.02, 30.6, 63.9, 125, 64.56, 87.89, , , , , 
1/31/2020 1:45:14 AM, 3286, 9213.5, 1646.6, 327.68, 222.6, 163.93, 323.87, 172.78, 245.81, 98.02, 30.6, 63.9, 125, 64.56, 87.89, , , , , 
1/31/2020 1:45:17 AM, 3286, 9213.25, 1646.8, 327.68, 222.6, 163.93, 323.87, 172.78, 245.81, 98.02, 30.6, 63.9, 125, 64.56, 87.89, , , , , 
1/31/2020 1:45:20 AM, 3286, 9213.25, 1646.8, 327.68, 222.6, 163.93, 323.87, 172.78, 245.81, 98.02, 30.6, 63.9, 125, 64.56, 87.89, , , , , 
1/31/2020 1:45:23 AM, 3286, 9213.25, 1646.8, 327.68, 222.6, 163.93, 323.87, 172.78, 245.81, 98.02, 30.6, 63.9, 125, 64.56, 87.89, , , , , 
1/31/2020 1:45:26 AM, 3286, 9213.75, 1646.8, 327.68, 222.6, 163.93, 323.87, 172.78, 245.81, 98.02, 30.6, 63.9, 125, 64.56, 87.89, , , , , 
1/31/2020 1:45:29 AM, 3286.25, 9213.5, 1646.8, 327.68, 222.6, 163.93, 323.87, 172.78, 245.81, 98.02, 30.6, 63.9, 125, 64.56, 87.89, , , , , 
1/31/2020 1:45:32 AM, 3286.25, 9213.5, 1646.8, 327.68, 222.6, 163.93, 323.87, 172.78, 245.81, 98.02, 30.6, 63.9, 125, 64.56, 87.89, , , , , 
1/31/2020 1:45:35 AM, 3286.25, 9213.5, 1646.8, 327.68, 222.6, 163.93, 323.87, 172.78, 245.81, 98.02, 30.6, 63.9, 125, 64.56, 87.89, , , , , 
1/31/2020 1:45:38 AM, 3286.25, 9213.5, 1646.8, 327.68, 222.6, 163.93, 323.87, 172.78, 245.81, 98.02, 30.6, 63.9, 125, 64.56, 87.89, , , , , 
1/31/2020 1:45:41 AM, 3286.25, 9213.5, 1646.8, 327.68, 222.6, 163.93, 323.87, 172.78, 245.81, 98.02, 30.6, 63.9, 125, 64.56, 87.89, , , , , 
1/31/2020 1:45:44 AM, 3286.25, 9213.5, 1646.8, 327.68, 222.6, 163.93, 323.87, 172.78, 245.81, 98.02, 30.6, 63.9, 125, 64.56, 87.89, , , , , 
1/31/2020 1:45:47 AM, 3286.25, 9214, 1646.9, 327.68, 222.6, 163.93, 323.87, 172.78, 245.81, 98.02, 30.6, 63.9, 125, 64.56, 87.89, , , , , 
1/31/2020 1:45:50 AM, 3286.25, 9214.25, 1646.9, 327.68, 222.6, 163.93, 323.87, 172.78, 245.81, 98.02, 30.6, 63.9, 125, 64.56, 87.89, , , , , 
1/31/2020 1:45:53 AM, 3286.5, 9215, 1646.9, 327.68, 222.6, 163.93, 323.87, 172.78, 245.81, 98.02, 30.6, 63.9, 125, 64.56, 87.89, , , , , 
1/31/2020 1:45:56 AM, 3286.5, 9215.25, 1647, 327.68, 222.6, 163.93, 323.87, 172.78, 245.81, 98.02, 30.6, 63.9, 125, 64.56, 87.89, , , , , 
1/31/2020 1:45:59 AM, 3286.75, 9215.75, 1647.1, 327.68, 222.6, 163.93, 323.87, 172.78, 245.81, 98.02, 30.6, 63.9, 125, 64.56, 87.89, , , , , 
1/31/2020 1:46:02 AM, 3286.75, 9216.25, 1647.1, 327.68, 222.6, 163.93, 323.87, 172.78, 245.81, 98.02, 30.6, 63.9, 125, 64.56, 87.89, , , , , 
1/31/2020 1:46:05 AM, 3287, 9216.25, 1647.2, 327.68, 222.6, 163.93, 323.87, 172.78, 245.81, 98.02, 30.6, 63.9, 125, 64.56, 87.89, , , , , 
1/31/2020 1:46:08 AM, 3287, 9215.75, 1647.2, 327.68, 222.6, 163.93, 323.87, 172.78, 245.81, 98.02, 30.6, 63.9, 125, 64.56, 87.89, , , , , 
1/31/2020 1:46:11 AM, 3286.75, 9215.75, 1647.1, 327.68, 222.6, 163.93, 323.87, 172.78, 245.81, 98.02, 30.6, 63.9, 125, 64.56, 87.89, , , , , 
1/31/2020 1:46:14 AM, 3287, 9216.25, 1647.1, 327.68, 222.6, 163.93, 323.87, 172.78, 245.81, 98.02, 30.6, 63.9, 125, 64.56, 87.89, , , , , 
1/31/2020 1:46:17 AM, 3287, 9216.25, 1647.1, 327.68, 222.6, 163.93, 323.87, 172.78, 245.81, 98.02, 30.6, 63.9, 125, 64.56, 87.89, , , , , 
1/31/2020 1:46:20 AM, 3287, 9216.25, 1647.1, 327.68, 222.6, 163.93, 323.87, 172.78, 245.81, 98.02, 30.6, 63.9, 125, 64.56, 87.89, , , , , 
1/31/2020 1:46:23 AM, 3287, 9216.75, 1647.1, 327.68, 222.6, 163.93, 323.87, 172.78, 245.81, 98.02, 30.6, 63.9, 125, 64.56, 87.89, , , , , 
1/31/2020 1:46:26 AM, 3287, 9217, 1647.1, 327.68, 222.6, 163.93, 323.87, 172.78, 245.81, 98.02, 30.6, 63.9, 125, 64.56, 87.89, , , , , 
1/31/2020 1:46:29 AM, 3287, 9217, 1647.1, 327.68, 222.6, 163.93, 323.87, 172.78, 245.81, 98.02, 30.6, 63.9, 125, 64.56, 87.89, , , , , 
1/31/2020 1:46:32 AM, 3287.25, 9217.25, 1647.2, 327.68, 222.6, 163.93, 323.87, 172.78, 245.81, 98.02, 30.6, 63.9, 125, 64.56, 87.89, , , , , 
1/31/2020 1:46:35 AM, 3287.25, 9217.25, 1647.2, 327.68, 222.6, 163.93, 323.87, 172.78, 245.81, 98.02, 30.6, 63.9, 125, 64.56, 87.89, , , , , 
1/31/2020 1:46:38 AM, 3287.25, 9217.75, 1647.2, 327.68, 222.6, 163.93, 323.87, 172.78, 245.81, 98.02, 30.6, 63.9, 125, 64.56, 87.89, , , , , 
1/31/2020 1:46:41 AM, 3287.25, 9217.75, 1647.2, 327.68, 222.6, 163.93, 323.87, 172.78, 245.81, 98.02, 30.6, 63.9, 125, 64.56, 87.89, , , , , 
1/31/2020 1:46:44 AM, 3287.25, 9218.5, 1647.2, 327.68, 222.6, 163.93, 323.87, 172.78, 245.81, 98.02, 30.6, 63.9, 125, 64.56, 87.89, , , , , 
1/31/2020 1:46:47 AM, 3287.25, 9218.5, 1647.2, 327.68, 222.6, 163.93, 323.87, 172.78, 245.81, 98.02, 30.6, 63.9, 125, 64.56, 87.89, , , , , 
1/31/2020 1:46:50 AM, 3287.25, 9219.25, 1647.2, 327.68, 222.6, 163.93, 323.87, 172.78, 245.81, 98.02, 30.6, 63.9, 125, 64.56, 87.89, , , , , 
1/31/2020 1:46:53 AM, 3287.25, 9219.25, 1647.2, 327.68, 222.6, 163.93, 323.87, 172.78, 245.81, 98.02, 30.6, 63.9, 125, 64.56, 87.89, , , , , 
1/31/2020 1:46:56 AM, 3287.25, 9218.25, 1647.3, 327.68, 222.6, 163.93, 323.87, 172.78, 245.81, 98.02, 30.6, 63.9, 125, 64.56, 87.89, , , , , 
1/31/2020 1:46:59 AM, 3287.25, 9218.25, 1647.3, 327.68, 222.6, 163.93, 323.87, 172.78, 245.81, 98.02, 30.6, 63.9, 125, 64.56, 87.89, , , , , 
1/31/2020 1:47:02 AM, 3287.25, 9217.75, 1647.3, 327.68, 222.6, 163.93, 323.87, 172.78, 245.81, 98.02, 30.6, 63.9, 125, 64.56, 87.89, , , , , 
1/31/2020 1:47:05 AM, 3287.25, 9217.75, 1647.3, 327.68, 222.6, 163.93, 323.87, 172.78, 245.81, 98.02, 30.6, 63.9, 125, 64.56, 87.89, , , , , 
1/31/2020 1:47:09 AM, 3287.25, 9218.5, 1647.3, 327.68, 222.6, 163.93, 323.87, 172.78, 245.81, 98.02, 30.6, 63.9, 125, 64.56, 87.89, , , , , 
1/31/2020 1:47:12 AM, 3287.25, 9218.5, 1647.3, 327.68, 222.6, 163.93, 323.87, 172.78, 245.81, 98.02, 30.6, 63.9, 125, 64.56, 87.89, , , , , 
1/31/2020 1:47:15 AM, 3287.25, 9218.5, 1647.3, 327.68, 222.6, 163.93, 323.87, 172.78, 245.81, 98.02, 30.6, 63.9, 125, 64.56, 87.89, , , , , 
1/31/2020 1:47:18 AM, 3287.25, 9218.5, 1647.3, 327.68, 222.6, 163.93, 323.87, 172.78, 245.81, 98.02, 30.6, 63.9, 125, 64.56, 87.89, , , , , 
1/31/2020 1:47:21 AM, 3287.25, 9218.5, 1647.3, 327.68, 222.6, 163.93, 323.87, 172.78, 245.81, 98.02, 30.6, 63.9, 125, 64.56, 87.89, , , , , 
1/31/2020 1:47:24 AM, 3287.25, 9218.5, 1647.3, 327.68, 222.6, 163.93, 323.87, 172.78, 245.81, 98.02, 30.6, 63.9, 125, 64.56, 87.89, , , , , 
1/31/2020 1:47:27 AM, 3287.5, 9218.75, 1647.4, 327.68, 222.6, 163.93, 323.87, 172.78, 245.81, 98.02, 30.6, 63.9, 125, 64.56, 87.89, , , , , 
1/31/2020 1:47:30 AM, 3287.5, 9218.75, 1647.4, 327.68, 222.6, 163.93, 323.87, 172.78, 245.81, 98.02, 30.6, 63.9, 125, 64.56, 87.89, , , , , 
1/31/2020 1:47:33 AM, 3287.5, 9218.75, 1647.4, 327.68, 222.6, 163.93, 323.87, 172.78, 245.81, 98.02, 30.6, 63.9, 125, 64.56, 87.89, , , , , 
1/31/2020 1:47:36 AM, 3287.5, 9218.75, 1647.4, 327.68, 222.6, 163.93, 323.87, 172.78, 245.81, 98.02, 30.6, 63.9, 125, 64.56, 87.89, , , , , 
1/31/2020 1:47:39 AM, 3287.25, 9218, 1647.2, 327.68, 222.6, 163.93, 323.87, 172.78, 245.81, 98.02, 30.6, 63.9, 125, 64.56, 87.89, , , , , 
1/31/2020 1:47:42 AM, 3287.25, 9219, 1647.2, 327.68, 222.6, 163.93, 323.87, 172.78, 245.81, 98.02, 30.6, 63.9, 125, 64.56, 87.89, , , , , 
1/31/2020 1:47:45 AM, 3287.5, 9218.75, 1647.3, 327.68, 222.6, 163.93, 323.87, 172.78, 245.81, 98.02, 30.6, 63.9, 125, 64.56, 87.89, , , , , 
1/31/2020 1:47:48 AM, 3287.5, 9218.5, 1647.3, 327.68, 222.6, 163.93, 323.87, 172.78, 245.81, 98.02, 30.6, 63.9, 125, 64.56, 87.89, , , , , 
1/31/2020 1:47:51 AM, 3287.25, 9218.5, 1647.3, 327.68, 222.6, 163.93, 323.87, 172.78, 245.81, 98.02, 30.6, 63.9, 125, 64.56, 87.89, , , , , 
1/31/2020 1:47:54 AM, 3287.25, 9218.75, 1647.3, 327.68, 222.6, 163.93, 323.87, 172.78, 245.81, 98.02, 30.6, 63.9, 125, 64.56, 87.89, , , , , 
1/31/2020 1:47:57 AM, 3287.5, 9218.5, 1647.3, 327.68, 222.6, 163.93, 323.87, 172.78, 245.81, 98.02, 30.6, 63.9, 125, 64.56, 87.89, , , , , 
1/31/2020 1:48:00 AM, 3287.5, 9218.5, 1647.3, 327.68, 222.6, 163.93, 323.87, 172.78, 245.81, 98.02, 30.6, 63.9, 125, 64.56, 87.89, , , , , 
1/31/2020 1:48:03 AM, 3287.5, 9218.75, 1647.3, 327.68, 222.6, 163.93, 323.87, 172.78, 245.81, 98.02, 30.6, 63.9, 125, 64.56, 87.89, , , , , 
1/31/2020 1:48:06 AM, 3287.5, 9218.75, 1647.3, 327.68, 222.6, 163.93, 323.87, 172.78, 245.81, 98.02, 30.6, 63.9, 125, 64.56, 87.89, , , , , 
1/31/2020 1:48:09 AM, 3287.5, 9219, 1647.3, 327.68, 222.6, 163.93, 323.87, 172.78, 245.81, 98.02, 30.6, 63.9, 125, 64.56, 87.89, , , , , 
1/31/2020 1:48:12 AM, 3287.5, 9218.75, 1647.3, 327.68, 222.6, 163.93, 323.87, 172.78, 245.81, 98.02, 30.6, 63.9, 125, 64.56, 87.89, , , , , 
1/31/2020 1:48:15 AM, 3287.5, 9219, 1647.3, 327.68, 222.6, 163.93, 323.87, 172.78, 245.81, 98.02, 30.6, 63.9, 125, 64.56, 87.89, , , , , 
1/31/2020 1:48:18 AM, 3287.5, 9219, 1647.3, 327.68, 222.6, 163.93, 323.87, 172.78, 245.81, 98.02, 30.6, 63.9, 125, 64.56, 87.89, , , , , 
1/31/2020 1:48:21 AM, 3287.25, 9219, 1647.3, 327.68, 222.6, 163.93, 323.87, 172.78, 245.81, 98.02, 30.6, 63.9, 125, 64.56, 87.89, , , , , 
1/31/2020 1:48:24 AM, 3287.25, 9218.75, 1647.3, 327.68, 222.6, 163.93, 323.87, 172.78, 245.81, 98.02, 30.6, 63.9, 125, 64.56, 87.89, , , , , 
1/31/2020 1:48:27 AM, 3287.25, 9219, 1647.3, 327.68, 222.6, 163.93, 323.87, 172.78, 245.81, 98.02, 30.6, 63.9, 125, 64.56, 87.89, , , , , 
1/31/2020 1:48:30 AM, 3287.25, 9219, 1647.3, 327.68, 222.6, 163.93, 323.87, 172.78, 245.81, 98.02, 30.6, 63.9, 125, 64.56, 87.89, , , , , 
1/31/2020 1:48:33 AM, 3287.25, 9218.5, 1647.3, 327.68, 222.6, 163.93, 323.87, 172.78, 245.81, 98.02, 30.6, 63.9, 125, 64.56, 87.89, , , , , 
1/31/2020 1:48:36 AM, 3287.25, 9218.5, 1647.3, 327.68, 222.6, 163.93, 323.87, 172.78, 245.81, 98.02, 30.6, 63.9, 125, 64.56, 87.89, , , , , 
1/31/2020 1:48:39 AM, 3287.25, 9218.75, 1647.3, 327.68, 222.6, 163.93, 323.87, 172.78, 245.81, 98.02, 30.6, 63.9, 125, 64.56, 87.89, , , , , 
1/31/2020 1:48:42 AM, 3287.25, 9218.75, 1647.3, 327.68, 222.6, 163.93, 323.87, 172.78, 245.81, 98.02, 30.6, 63.9, 125, 64.56, 87.89, , , , , 
1/31/2020 1:48:45 AM, 3287.25, 9218.75, 1647.3, 327.68, 222.6, 163.93, 323.87, 172.78, 245.81, 98.02, 30.6, 63.9, 125, 64.56, 87.89, , , , , 
1/31/2020 1:48:48 AM, 3287.5, 9219, 1647.3, 327.68, 222.6, 163.93, 323.87, 172.78, 245.81, 98.02, 30.6, 63.9, 125, 64.56, 87.89, , , , , 
1/31/2020 1:48:51 AM, 3287.5, 9219, 1647.3, 327.68, 222.6, 163.93, 323.87, 172.78, 245.81, 98.02, 30.6, 63.9, 125, 64.56, 87.89, , , , , 
1/31/2020 1:48:54 AM, 3287.5, 9219, 1647.3, 327.68, 222.6, 163.93, 323.87, 172.78, 245.81, 98.02, 30.6, 63.9, 125, 64.56, 87.89, , , , , 
1/31/2020 1:48:57 AM, 3287.5, 9219, 1647.3, 327.68, 222.6, 163.93, 323.87, 172.78, 245.81, 98.02, 30.6, 63.9, 125, 64.56, 87.89, , , , , 
1/31/2020 1:49:00 AM, 3287.5, 9219.25, 1647.3, 327.68, 222.6, 163.93, 323.87, 172.78, 245.81, 98.02, 30.6, 63.9, 125, 64.56, 87.89, , , , , 
1/31/2020 1:49:03 AM, 3287.5, 9219.25, 1647.3, 327.68, 222.6, 163.93, 323.87, 172.78, 245.81, 98.02, 30.6, 63.9, 125, 64.56, 87.89, , , , , 
1/31/2020 1:49:06 AM, 3287.5, 9219.5, 1647.3, 327.68, 222.6, 163.93, 323.87, 172.78, 245.81, 98.02, 30.6, 63.9, 125, 64.56, 87.89, , , , , 
1/31/2020 1:49:09 AM, 3287.5, 9219.5, 1647.3, 327.68, 222.6, 163.93, 323.87, 172.78, 245.81, 98.02, 30.6, 63.9, 125, 64.56, 87.89, , , , , 
1/31/2020 1:49:12 AM, 3287.5, 9219.5, 1647.3, 327.68, 222.6, 163.93, 323.87, 172.78, 245.81, 98.02, 30.6, 63.9, 125, 64.56, 87.89, , , , , 
1/31/2020 1:49:15 AM, 3287.5, 9219.5, 1647.3, 327.68, 222.6, 163.93, 323.87, 172.78, 245.81, 98.02, 30.6, 63.9, 125, 64.56, 87.89, , , , , 
1/31/2020 1:49:18 AM, 3287.25, 9219.5, 1647.3, 327.68, 222.6, 163.93, 323.87, 172.78, 245.81, 98.02, 30.6, 63.9, 125, 64.56, 87.89, , , , , 
1/31/2020 1:49:21 AM, 3287.25, 9219, 1647.3, 327.68, 222.6, 163.93, 323.87, 172.78, 245.81, 98.02, 30.6, 63.9, 125, 64.56, 87.89, , , , , 
1/31/2020 1:49:24 AM, 3287.25, 9219, 1647.3, 327.68, 222.6, 163.93, 323.87, 172.78, 245.81, 98.02, 30.6, 63.9, 125, 64.56, 87.89, , , , , 
1/31/2020 1:49:27 AM, 3287.25, 9219.25, 1647.3, 327.68, 222.6, 163.93, 323.87, 172.78, 245.81, 98.02, 30.6, 63.9, 125, 64.56, 87.89, , , , , 
1/31/2020 1:49:30 AM, 3287.25, 9219.5, 1647.3, 327.68, 222.6, 163.93, 323.87, 172.78, 245.81, 98.02, 30.6, 63.9, 125, 64.56, 87.89, , , , , 
1/31/2020 1:49:33 AM, 3287.25, 9219.5, 1647.3, 327.68, 222.6, 163.93, 323.87, 172.78, 245.81, 98.02, 30.6, 63.9, 125, 64.56, 87.89, , , , , 
1/31/2020 1:49:36 AM, 3287.25, 9219.75, 1647.3, 327.68, 222.6, 163.93, 323.87, 172.78, 245.81, 98.02, 30.6, 63.9, 125, 64.56, 87.89, , , , , 
1/31/2020 1:49:40 AM, 3287.25, 9219.75, 1647.3, 327.68, 222.6, 163.93, 323.87, 172.78, 245.81, 98.02, 30.6, 63.9, 125, 64.56, 87.89, , , , , 
1/31/2020 1:49:43 AM, 3287.25, 9219.75, 1647.3, 327.68, 222.6, 163.93, 323.87, 172.78, 245.81, 98.02, 30.6, 63.9, 125, 64.56, 87.89, , , , , 
1/31/2020 1:49:46 AM, 3287.25, 9219.75, 1647.3, 327.68, 222.6, 163.93, 323.87, 172.78, 245.81, 98.02, 30.6, 63.9, 125, 64.56, 87.89, , , , , 
1/31/2020 1:49:49 AM, 3287.25, 9220, 1647.3, 327.68, 222.6, 163.93, 323.87, 172.78, 245.81, 98.02, 30.6, 63.9, 125, 64.56, 87.89, , , , , 
1/31/2020 1:49:52 AM, 3287.25, 9220, 1647.3, 327.68, 222.6, 163.93, 323.87, 172.78, 245.81, 98.02, 30.6, 63.9, 125, 64.56, 87.89, , , , , 
1/31/2020 1:49:55 AM, 3287.5, 9219.75, 1647.3, 327.68, 222.6, 163.93, 323.87, 172.78, 245.81, 98.02, 30.6, 63.9, 125, 64.56, 87.89, , , , , 
1/31/2020 1:49:58 AM, 3287.5, 9219.75, 1647.3, 327.68, 222.6, 163.93, 323.87, 172.78, 245.81, 98.02, 30.6, 63.9, 125, 64.56, 87.89, , , , , 
1/31/2020 1:50:01 AM, 3287.25, 9219.5, 1647.2, 327.68, 222.6, 163.93, 323.87, 172.78, 245.81, 98.02, 30.6, 63.9, 125, 64.56, 87.89, , , , , 
1/31/2020 1:50:04 AM, 3287.25, 9219.5, 1647.2, 327.68, 222.6, 163.93, 323.87, 172.78, 245.81, 98.02, 30.6, 63.9, 125, 64.56, 87.89, , , , , 
1/31/2020 1:50:07 AM, 3287.25, 9219.25, 1647.2, 327.68, 222.6, 163.93, 323.87, 172.78, 245.81, 98.02, 30.6, 63.9, 125, 64.56, 87.89, , , , , 
1/31/2020 1:50:10 AM, 3287.25, 9219.25, 1647.2, 327.68, 222.6, 163.93, 323.87, 172.78, 245.81, 98.02, 30.6, 63.9, 125, 64.56, 87.89, , , , , 
1/31/2020 1:50:13 AM, 3287.25, 9219, 1647.2, 327.68, 222.6, 163.93, 323.87, 172.78, 245.81, 98.02, 30.6, 63.9, 125, 64.56, 87.89, , , , , 
1/31/2020 1:50:16 AM, 3287.25, 9219, 1647.2, 327.68, 222.6, 163.93, 323.87, 172.78, 245.81, 98.02, 30.6, 63.9, 125, 64.56, 87.89, , , , , 
1/31/2020 1:50:19 AM, 3287.25, 9219, 1647.2, 327.68, 222.6, 163.93, 323.87, 172.78, 245.81, 98.02, 30.6, 63.9, 125, 64.56, 87.89, , , , , 
1/31/2020 1:50:22 AM, 3287.25, 9219, 1647.2, 327.68, 222.6, 163.93, 323.87, 172.78, 245.81, 98.02, 30.6, 63.9, 125, 64.56, 87.89, , , , , 
1/31/2020 1:50:25 AM, 3287.25, 9219.5, 1647.2, 327.68, 222.6, 163.93, 323.87, 172.78, 245.81, 98.02, 30.6, 63.9, 125, 64.56, 87.89, , , , , 
1/31/2020 1:50:28 AM, 3287.25, 9219, 1647.2, 327.68, 222.6, 163.93, 323.87, 172.78, 245.81, 98.02, 30.6, 63.9, 125, 64.56, 87.89, , , , , 
1/31/2020 1:50:31 AM, 3287, 9219.25, 1647.2, 327.68, 222.6, 163.93, 323.87, 172.78, 245.81, 98.02, 30.6, 63.9, 125, 64.56, 87.89, , , , , 
1/31/2020 1:50:34 AM, 3287, 9219.5, 1647.2, 327.68, 222.6, 163.93, 323.87, 172.78, 245.81, 98.02, 30.6, 63.9, 125, 64.56, 87.89, , , , , 
1/31/2020 1:50:37 AM, 3287.25, 9219.5, 1647.2, 327.68, 222.6, 163.93, 323.87, 172.78, 245.81, 98.02, 30.6, 63.9, 125, 64.56, 87.89, , , , , 
1/31/2020 1:50:40 AM, 3287.25, 9219.5, 1647.2, 327.68, 222.6, 163.93, 323.87, 172.78, 245.81, 98.02, 30.6, 63.9, 125, 64.56, 87.89, , , , , 
1/31/2020 1:50:43 AM, 3287.25, 9219.5, 1647.2, 327.68, 222.6, 163.93, 323.87, 172.78, 245.81, 98.02, 30.6, 63.9, 125, 64.56, 87.89, , , , , 
1/31/2020 1:50:46 AM, 3287.25, 9219.5, 1647.2, 327.68, 222.6, 163.93, 323.87, 172.78, 245.81, 98.02, 30.6, 63.9, 125, 64.56, 87.89, , , , , 
1/31/2020 1:50:49 AM, 3287.25, 9219.75, 1647.2, 327.68, 222.6, 163.93, 323.87, 172.78, 245.81, 98.02, 30.6, 63.9, 125, 64.56, 87.89, , , , , 
1/31/2020 1:50:52 AM, 3287.25, 9220, 1647.2, 327.68, 222.6, 163.93, 323.87, 172.78, 245.81, 98.02, 30.6, 63.9, 125, 64.56, 87.89, , , , , 
1/31/2020 1:50:55 AM, 3287.25, 9220, 1647.2, 327.68, 222.6, 163.93, 323.87, 172.78, 245.81, 98.02, 30.6, 63.9, 125, 64.56, 87.89, , , , , 
1/31/2020 1:50:58 AM, 3287.5, 9220, 1647.2, 327.68, 222.6, 163.93, 323.87, 172.78, 245.81, 98.02, 30.6, 63.9, 125, 64.56, 87.89, , , , , 
1/31/2020 1:51:01 AM, 3287.25, 9219.5, 1647.2, 327.68, 222.6, 163.93, 323.87, 172.78, 245.81, 98.02, 30.6, 63.9, 125, 64.56, 87.89, , , , , 
1/31/2020 1:51:04 AM, 3287.25, 9219.5, 1647.2, 327.68, 222.6, 163.93, 323.87, 172.78, 245.81, 98.02, 30.6, 63.9, 125, 64.56, 87.89, , , , , 
1/31/2020 1:51:07 AM, 3287.25, 9219.5, 1647.2, 327.68, 222.6, 163.93, 323.87, 172.78, 245.81, 98.02, 30.6, 63.9, 125, 64.56, 87.89, , , , , 
1/31/2020 1:51:10 AM, 3287.25, 9219.5, 1647.2, 327.68, 222.6, 163.93, 323.87, 172.78, 245.81, 98.02, 30.6, 63.9, 125, 64.56, 87.89, , , , , 
1/31/2020 1:51:13 AM, 3287.25, 9220, 1647.2, 327.68, 222.6, 163.93, 323.87, 172.78, 245.81, 98.02, 30.6, 63.9, 125, 64.56, 87.89, , , , , 
1/31/2020 1:51:16 AM, 3287.25, 9219.75, 1647.2, 327.68, 222.6, 163.93, 323.87, 172.78, 245.81, 98.02, 30.6, 63.9, 125, 64.56, 87.89, , , , , 
1/31/2020 1:51:19 AM, 3287.25, 9219.75, 1647.2, 327.68, 222.6, 163.93, 323.87, 172.78, 245.81, 98.02, 30.6, 63.9, 125, 64.56, 87.89, , , , , 
1/31/2020 1:51:22 AM, 3287.25, 9219.75, 1647.2, 327.68, 222.6, 163.93, 323.87, 172.78, 245.81, 98.02, 30.6, 63.9, 125, 64.56, 87.89, , , , , 
1/31/2020 1:51:25 AM, 3287.25, 9220.25, 1647.2, 327.68, 222.6, 163.93, 323.87, 172.78, 245.81, 98.02, 30.6, 63.9, 125, 64.56, 87.89, , , , , 
1/31/2020 1:51:28 AM, 3287.25, 9220, 1647.2, 327.68, 222.6, 163.93, 323.87, 172.78, 245.81, 98.02, 30.6, 63.9, 125, 64.56, 87.89, , , , , 
1/31/2020 1:51:31 AM, 3287.25, 9220, 1647.2, 327.68, 222.6, 163.93, 323.87, 172.78, 245.81, 98.02, 30.6, 63.9, 125, 64.56, 87.89, , , , , 
1/31/2020 1:51:34 AM, 3287.5, 9220.5, 1647.2, 327.68, 222.6, 163.93, 323.87, 172.78, 245.81, 98.02, 30.6, 63.9, 125, 64.56, 87.89, , , , , 
1/31/2020 1:51:37 AM, 3287.5, 9220.5, 1647.2, 327.68, 222.6, 163.93, 323.87, 172.78, 245.81, 98.02, 30.6, 63.9, 125, 64.56, 87.89, , , , , 
1/31/2020 1:51:40 AM, 3287.5, 9220.25, 1647.4, 327.68, 222.6, 163.93, 323.87, 172.78, 245.81, 98.02, 30.6, 63.9, 125, 64.56, 87.89, , , , , 
1/31/2020 1:51:43 AM, 3287.5, 9220.5, 1647.4, 327.68, 222.6, 163.93, 323.87, 172.78, 245.81, 98.02, 30.6, 63.9, 125, 64.56, 87.89, , , , , 
1/31/2020 1:51:46 AM, 3287.5, 9220.5, 1647.4, 327.68, 222.6, 163.93, 323.87, 172.78, 245.81, 98.02, 30.6, 63.9, 125, 64.56, 87.89, , , , , 
1/31/2020 1:51:49 AM, 3287.5, 9220.5, 1647.4, 327.68, 222.6, 163.93, 323.87, 172.78, 245.81, 98.02, 30.6, 63.9, 125, 64.56, 87.89, , , , , 
1/31/2020 1:51:53 AM, 3287.25, 9219.75, 1647.2, 327.68, 222.6, 163.93, 323.87, 172.78, 245.81, 98.02, 30.6, 63.9, 125, 64.56, 87.89, , , , , 
1/31/2020 1:51:56 AM, 3287.25, 9219.75, 1647.2, 327.68, 222.6, 163.93, 323.87, 172.78, 245.81, 98.02, 30.6, 63.9, 125, 64.56, 87.89, , , , , 
1/31/2020 1:51:59 AM, 3287.25, 9219.75, 1647.2, 327.68, 222.6, 163.93, 323.87, 172.78, 245.81, 98.02, 30.6, 63.9, 125, 64.56, 87.89, , , , , 
1/31/2020 1:52:02 AM, 3287.25, 9220.25, 1647.2, 327.68, 222.6, 163.93, 323.87, 172.78, 245.81, 98.02, 30.6, 63.9, 125, 64.56, 87.89, , , , , 
1/31/2020 1:52:05 AM, 3287.25, 9220.25, 1647.2, 327.68, 222.6, 163.93, 323.87, 172.78, 245.81, 98.02, 30.6, 63.9, 125, 64.56, 87.89, , , , , 
1/31/2020 1:52:08 AM, 3287.25, 9220, 1647.2, 327.68, 222.6, 163.93, 323.87, 172.78, 245.81, 98.02, 30.6, 63.9, 125, 64.56, 87.89, , , , , 
1/31/2020 1:52:11 AM, 3287.25, 9220, 1647.2, 327.68, 222.6, 163.93, 323.87, 172.78, 245.81, 98.02, 30.6, 63.9, 125, 64.56, 87.89, , , , , 
1/31/2020 1:52:14 AM, 3287.5, 9220.25, 1647.2, 327.68, 222.6, 163.93, 323.87, 172.78, 245.81, 98.02, 30.6, 63.9, 125, 64.56, 87.89, , , , , 
1/31/2020 1:52:17 AM, 3287.5, 9220.75, 1647.2, 327.68, 222.6, 163.93, 323.87, 172.78, 245.81, 98.02, 30.6, 63.9, 125, 64.56, 87.89, , , , , 
1/31/2020 1:52:20 AM, 3287.75, 9220.75, 1647.2, 327.68, 222.6, 163.93, 323.87, 172.78, 245.81, 98.02, 30.6, 63.9, 125, 64.56, 87.89, , , , , 
1/31/2020 1:52:23 AM, 3287.75, 9220.75, 1647.2, 327.68, 222.6, 163.93, 323.87, 172.78, 245.81, 98.02, 30.6, 63.9, 125, 64.56, 87.89, , , , , 
1/31/2020 1:52:26 AM, 3287.75, 9221, 1647.2, 327.68, 222.6, 163.93, 323.87, 172.78, 245.81, 98.02, 30.6, 63.9, 125, 64.56, 87.89, , , , , 
1/31/2020 1:52:29 AM, 3287.75, 9221, 1647.2, 327.68, 222.6, 163.93, 323.87, 172.78, 245.81, 98.02, 30.6, 63.9, 125, 64.56, 87.89, , , , , 
1/31/2020 1:52:32 AM, 3287.75, 9221.5, 1647.2, 327.68, 222.6, 163.93, 323.87, 172.78, 245.81, 98.02, 30.6, 63.9, 125, 64.56, 87.89, , , , , 
1/31/2020 1:52:35 AM, 3287.75, 9221.75, 1647.2, 327.68, 222.6, 163.93, 323.87, 172.78, 245.81, 98.02, 30.6, 63.9, 125, 64.56, 87.89, , , , , 
1/31/2020 1:52:38 AM, 3288, 9221.75, 1647.2, 327.68, 222.6, 163.93, 323.87, 172.78, 245.81, 98.02, 30.6, 63.9, 125, 64.56, 87.89, , , , , 
1/31/2020 1:52:41 AM, 3288, 9221.5, 1647.2, 327.68, 222.6, 163.93, 323.87, 172.78, 245.81, 98.02, 30.6, 63.9, 125, 64.56, 87.89, , , , , 
1/31/2020 1:52:44 AM, 3288, 9221.5, 1647.2, 327.68, 222.6, 163.93, 323.87, 172.78, 245.81, 98.02, 30.6, 63.9, 125, 64.56, 87.89, , , , , 
1/31/2020 1:52:47 AM, 3287.75, 9220.75, 1647.2, 327.68, 222.6, 163.93, 323.87, 172.78, 245.81, 98.02, 30.6, 63.9, 125, 64.56, 87.89, , , , , 
1/31/2020 1:52:50 AM, 3287.75, 9220.5, 1647.2, 327.68, 222.6, 163.93, 323.87, 172.78, 245.81, 98.02, 30.6, 63.9, 125, 64.56, 87.89, , , , , 
1/31/2020 1:52:53 AM, 3287.75, 9221.25, 1647.2, 327.68, 222.6, 163.93, 323.87, 172.78, 245.81, 98.02, 30.6, 63.9, 125, 64.56, 87.89, , , , , 
1/31/2020 1:52:56 AM, 3287.75, 9221.5, 1647.2, 327.68, 222.6, 163.93, 323.87, 172.78, 245.81, 98.02, 30.6, 63.9, 125, 64.56, 87.89, , , , , 
1/31/2020 1:52:59 AM, 3287.75, 9221.25, 1647.2, 327.68, 222.6, 163.93, 323.87, 172.78, 245.81, 98.02, 30.6, 63.9, 125, 64.56, 87.89, , , , , 
1/31/2020 1:53:02 AM, 3287.75, 9221.25, 1647.2, 327.68, 222.6, 163.93, 323.87, 172.78, 245.81, 98.02, 30.6, 63.9, 125, 64.56, 87.89, , , , , 
1/31/2020 1:53:05 AM, 3287.75, 9222.25, 1647.2, 327.68, 222.6, 163.93, 323.87, 172.78, 245.81, 98.02, 30.6, 63.9, 125, 64.56, 87.89, , , , , 
1/31/2020 1:53:08 AM, 3287.75, 9222, 1647.2, 327.68, 222.6, 163.93, 323.87, 172.78, 245.81, 98.02, 30.6, 63.9, 125, 64.56, 87.89, , , , , 
1/31/2020 1:53:11 AM, 3288, 9221.5, 1647.2, 327.68, 222.6, 163.93, 323.87, 172.78, 245.81, 98.02, 30.6, 63.9, 125, 64.56, 87.89, , , , , 
1/31/2020 1:53:14 AM, 3288, 9221.5, 1647.2, 327.68, 222.6, 163.93, 323.87, 172.78, 245.81, 98.02, 30.6, 63.9, 125, 64.56, 87.89, , , , , 
1/31/2020 1:53:17 AM, 3288, 9221.75, 1647.2, 327.68, 222.6, 163.93, 323.87, 172.78, 245.81, 98.02, 30.6, 63.9, 125, 64.56, 87.89, , , , , 
1/31/2020 1:53:20 AM, 3288, 9222.75, 1647.5, 327.68, 222.6, 163.93, 323.87, 172.78, 245.81, 98.02, 30.6, 63.9, 125, 64.56, 87.89, , , , , 
1/31/2020 1:53:23 AM, 3288, 9222.75, 1647.5, 327.68, 222.6, 163.93, 323.87, 172.78, 245.81, 98.02, 30.6, 63.9, 125, 64.56, 87.89, , , , , 
1/31/2020 1:53:26 AM, 3288.25, 9222.5, 1647.5, 327.68, 222.6, 163.93, 323.87, 172.78, 245.81, 98.02, 30.6, 63.9, 125, 64.56, 87.89, , , , , 
1/31/2020 1:53:29 AM, 3288.25, 9222.25, 1647.5, 327.68, 222.6, 163.93, 323.87, 172.78, 245.81, 98.02, 30.6, 63.9, 125, 64.56, 87.89, , , , , 
1/31/2020 1:53:32 AM, 3288, 9222, 1647.6, 327.68, 222.6, 163.93, 323.87, 172.78, 245.81, 98.02, 30.6, 63.9, 125, 64.56, 87.89, , , , , 
1/31/2020 1:53:35 AM, 3288.25, 9222, 1647.6, 327.68, 222.6, 163.93, 323.87, 172.78, 245.81, 98.02, 30.6, 63.9, 125, 64.56, 87.89, , , , , 
1/31/2020 1:53:38 AM, 3288.25, 9222.5, 1647.6, 327.68, 222.6, 163.93, 323.87, 172.78, 245.81, 98.02, 30.6, 63.9, 125, 64.56, 87.89, , , , , 
1/31/2020 1:53:41 AM, 3288.25, 9222.75, 1647.6, 327.68, 222.6, 163.93, 323.87, 172.78, 245.81, 98.02, 30.6, 63.9, 125, 64.56, 87.89, , , , , 
1/31/2020 1:53:44 AM, 3288.25, 9222.75, 1647.6, 327.68, 222.6, 163.93, 323.87, 172.78, 245.81, 98.02, 30.6, 63.9, 125, 64.56, 87.89, , , , , 
1/31/2020 1:53:47 AM, 3288.25, 9223, 1647.6, 327.68, 222.6, 163.93, 323.87, 172.78, 245.81, 98.02, 30.6, 63.9, 125, 64.56, 87.89, , , , , 
1/31/2020 1:53:50 AM, 3288.25, 9223, 1647.6, 327.68, 222.6, 163.93, 323.87, 172.78, 245.81, 98.02, 30.6, 63.9, 125, 64.56, 87.89, , , , , 
1/31/2020 1:53:53 AM, 3288.25, 9223, 1647.6, 327.68, 222.6, 163.93, 323.87, 172.78, 245.81, 98.02, 30.6, 63.9, 125, 64.56, 87.89, , , , , 
1/31/2020 1:53:56 AM, 3288, 9222.75, 1647.6, 327.68, 222.6, 163.93, 323.87, 172.78, 245.81, 98.02, 30.6, 63.9, 125, 64.56, 87.89, , , , , 
1/31/2020 1:53:59 AM, 3288, 9223, 1647.6, 327.68, 222.6, 163.93, 323.87, 172.78, 245.81, 98.02, 30.6, 63.9, 125, 64.56, 87.89, , , , , 
1/31/2020 1:54:02 AM, 3288, 9223, 1647.6, 327.68, 222.6, 163.93, 323.87, 172.78, 245.81, 98.02, 30.6, 63.9, 125, 64.56, 87.89, , , , , 
1/31/2020 1:54:05 AM, 3288, 9223, 1647.6, 327.68, 222.6, 163.93, 323.87, 172.78, 245.81, 98.02, 30.6, 63.9, 125, 64.56, 87.89, , , , , 
1/31/2020 1:54:08 AM, 3288, 9223, 1647.6, 327.68, 222.6, 163.93, 323.87, 172.78, 245.81, 98.02, 30.6, 63.9, 125, 64.56, 87.89, , , , , 
1/31/2020 1:54:12 AM, 3288.25, 9223.75, 1647.7, 327.68, 222.6, 163.93, 323.87, 172.78, 245.81, 98.02, 30.6, 63.9, 125, 64.56, 87.89, , , , , 
1/31/2020 1:54:15 AM, 3288.25, 9223.75, 1647.7, 327.68, 222.6, 163.93, 323.87, 172.78, 245.81, 98.02, 30.6, 63.9, 125, 64.56, 87.89, , , , , 
1/31/2020 1:54:18 AM, 3288.25, 9223, 1647.7, 327.68, 222.6, 163.93, 323.87, 172.78, 245.81, 98.02, 30.6, 63.9, 125, 64.56, 87.89, , , , , 
1/31/2020 1:54:21 AM, 3288, 9222.5, 1647.7, 327.68, 222.6, 163.93, 323.87, 172.78, 245.81, 98.02, 30.6, 63.9, 125, 64.56, 87.89, , , , , 
1/31/2020 1:54:24 AM, 3288, 9222.75, 1647.7, 327.68, 222.6, 163.93, 323.87, 172.78, 245.81, 98.02, 30.6, 63.9, 125, 64.56, 87.89, , , , , 
1/31/2020 1:54:27 AM, 3288, 9222.5, 1647.7, 327.68, 222.6, 163.93, 323.87, 172.78, 245.81, 98.02, 30.6, 63.9, 125, 64.56, 87.89, , , , , 
1/31/2020 1:54:30 AM, 3288, 9222.5, 1647.7, 327.68, 222.6, 163.93, 323.87, 172.78, 245.81, 98.02, 30.6, 63.9, 125, 64.56, 87.89, , , , , 
1/31/2020 1:54:33 AM, 3288, 9222.5, 1647.7, 327.68, 222.6, 163.93, 323.87, 172.78, 245.81, 98.02, 30.6, 63.9, 125, 64.56, 87.89, , , , , 
1/31/2020 1:54:36 AM, 3288, 9222.5, 1647.7, 327.68, 222.6, 163.93, 323.87, 172.78, 245.81, 98.02, 30.6, 63.9, 125, 64.56, 87.89, , , , , 
1/31/2020 1:54:39 AM, 3288, 9222.5, 1647.7, 327.68, 222.6, 163.93, 323.87, 172.78, 245.81, 98.02, 30.6, 63.9, 125, 64.56, 87.89, , , , , 
1/31/2020 1:54:42 AM, 3288, 9222.5, 1647.7, 327.68, 222.6, 163.93, 323.87, 172.78, 245.81, 98.02, 30.6, 63.9, 125, 64.56, 87.89, , , , , 
1/31/2020 1:54:45 AM, 3288, 9222.25, 1647.5, 327.68, 222.6, 163.93, 323.87, 172.78, 245.81, 98.02, 30.6, 63.9, 125, 64.56, 87.89, , , , , 
1/31/2020 1:54:48 AM, 3288, 9222.25, 1647.5, 327.68, 222.6, 163.93, 323.87, 172.78, 245.81, 98.02, 30.6, 63.9, 125, 64.56, 87.89, , , , , 
1/31/2020 1:54:51 AM, 3288, 9222.5, 1647.5, 327.68, 222.6, 163.93, 323.87, 172.78, 245.81, 98.02, 30.6, 63.9, 125, 64.56, 87.89, , , , , 
1/31/2020 1:54:54 AM, 3288, 9222.25, 1647.5, 327.68, 222.6, 163.93, 323.87, 172.78, 245.81, 98.02, 30.6, 63.9, 125, 64.56, 87.89, , , , , 
1/31/2020 1:54:57 AM, 3288, 9222.75, 1647.5, 327.68, 222.6, 163.93, 323.87, 172.78, 245.81, 98.02, 30.6, 63.9, 125, 64.56, 87.89, , , , , 
1/31/2020 1:55:00 AM, 3288, 9222.75, 1647.5, 327.68, 222.6, 163.93, 323.87, 172.78, 245.81, 98.02, 30.6, 63.9, 125, 64.56, 87.89, , , , , 
1/31/2020 1:55:03 AM, 3288, 9222, 1647.5, 327.68, 222.6, 163.93, 323.87, 172.78, 245.81, 98.02, 30.6, 63.9, 125, 64.56, 87.89, , , , , 
1/31/2020 1:55:06 AM, 3287.75, 9222, 1647.5, 327.68, 222.6, 163.93, 323.87, 172.78, 245.81, 98.02, 30.6, 63.9, 125, 64.56, 87.89, , , , , 
1/31/2020 1:55:09 AM, 3287.75, 9222.25, 1647.5, 327.68, 222.6, 163.93, 323.87, 172.78, 245.81, 98.02, 30.6, 63.9, 125, 64.56, 87.89, , , , , 
1/31/2020 1:55:12 AM, 3288, 9222.25, 1647.5, 327.68, 222.6, 163.93, 323.87, 172.78, 245.81, 98.02, 30.6, 63.9, 125, 64.56, 87.89, , , , , 
1/31/2020 1:55:15 AM, 3288, 9222.25, 1647.5, 327.68, 222.6, 163.93, 323.87, 172.78, 245.81, 98.02, 30.6, 63.9, 125, 64.56, 87.89, , , , , 
1/31/2020 1:55:18 AM, 3288, 9221.75, 1647.5, 327.68, 222.6, 163.93, 323.87, 172.78, 245.81, 98.02, 30.6, 63.9, 125, 64.56, 87.89, , , , , 
1/31/2020 1:55:21 AM, 3287.5, 9221.75, 1647.5, 327.68, 222.6, 163.93, 323.87, 172.78, 245.81, 98.02, 30.6, 63.9, 125, 64.56, 87.89, , , , , 
1/31/2020 1:55:24 AM, 3287.5, 9221.5, 1647.5, 327.68, 222.6, 163.93, 323.87, 172.78, 245.81, 98.02, 30.6, 63.9, 125, 64.56, 87.89, , , , , 
1/31/2020 1:55:27 AM, 3287.5, 9221, 1647.4, 327.68, 222.6, 163.93, 323.87, 172.78, 245.81, 98.02, 30.6, 63.9, 125, 64.56, 87.89, , , , , 
1/31/2020 1:55:30 AM, 3287.5, 9221.25, 1647.4, 327.68, 222.6, 163.93, 323.87, 172.78, 245.81, 98.02, 30.6, 63.9, 125, 64.56, 87.89, , , , , 
1/31/2020 1:55:33 AM, 3287.5, 9220.5, 1647.3, 327.68, 222.6, 163.93, 323.87, 172.78, 245.81, 98.02, 30.6, 63.9, 125, 64.56, 87.89, , , , , 
1/31/2020 1:55:36 AM, 3287.5, 9220, 1647.3, 327.68, 222.6, 163.93, 323.87, 172.78, 245.81, 98.02, 30.6, 63.9, 125, 64.56, 87.89, , , , , 
1/31/2020 1:55:39 AM, 3287.5, 9219.75, 1647.3, 327.68, 222.6, 163.93, 323.87, 172.78, 245.81, 98.02, 30.6, 63.9, 125, 64.56, 87.89, , , , , 
1/31/2020 1:55:42 AM, 3287.75, 9220.75, 1647.4, 327.68, 222.6, 163.93, 323.87, 172.78, 245.81, 98.02, 30.6, 63.9, 125, 64.56, 87.89, , , , , 
1/31/2020 1:55:45 AM, 3287.5, 9220.75, 1647.4, 327.68, 222.6, 163.93, 323.87, 172.78, 245.81, 98.02, 30.6, 63.9, 125, 64.56, 87.89, , , , , 
1/31/2020 1:55:48 AM, 3287.5, 9220.75, 1647.4, 327.68, 222.6, 163.93, 323.87, 172.78, 245.81, 98.02, 30.6, 63.9, 125, 64.56, 87.89, , , , , 
1/31/2020 1:55:51 AM, 3287.5, 9220.75, 1647.4, 327.68, 222.6, 163.93, 323.87, 172.78, 245.81, 98.02, 30.6, 63.9, 125, 64.56, 87.89, , , , , 
1/31/2020 1:55:54 AM, 3287.5, 9220.75, 1647.4, 327.68, 222.6, 163.93, 323.87, 172.78, 245.81, 98.02, 30.6, 63.9, 125, 64.56, 87.89, , , , , 
1/31/2020 1:55:57 AM, 3287.5, 9220.75, 1647.4, 327.68, 222.6, 163.93, 323.87, 172.78, 245.81, 98.02, 30.6, 63.9, 125, 64.56, 87.89, , , , , 
1/31/2020 1:56:00 AM, 3287.75, 9221, 1647.6, 327.68, 222.6, 163.93, 323.87, 172.78, 245.81, 98.02, 30.6, 63.9, 125, 64.56, 87.89, , , , , 
1/31/2020 1:56:03 AM, 3287.75, 9221, 1647.6, 327.68, 222.6, 163.93, 323.87, 172.78, 245.81, 98.02, 30.6, 63.9, 125, 64.56, 87.89, , , , , 
1/31/2020 1:56:06 AM, 3287.75, 9221.5, 1647.6, 327.68, 222.6, 163.93, 323.87, 172.78, 245.81, 98.02, 30.6, 63.9, 125, 64.56, 87.89, , , , , 
1/31/2020 1:56:09 AM, 3287.75, 9221.5, 1647.6, 327.68, 222.6, 163.93, 323.87, 172.78, 245.81, 98.02, 30.6, 63.9, 125, 64.56, 87.89, , , , , 
1/31/2020 1:56:12 AM, 3287.75, 9221, 1647.6, 327.68, 222.6, 163.93, 323.87, 172.78, 245.81, 98.02, 30.6, 63.9, 125, 64.56, 87.89, , , , , 
1/31/2020 1:56:15 AM, 3287.75, 9221.5, 1647.6, 327.68, 222.6, 163.93, 323.87, 172.78, 245.81, 98.02, 30.6, 63.9, 125, 64.56, 87.89, , , , , 
1/31/2020 1:56:18 AM, 3287.75, 9221.5, 1647.6, 327.68, 222.6, 163.93, 323.87, 172.78, 245.81, 98.02, 30.6, 63.9, 125, 64.56, 87.89, , , , , 
1/31/2020 1:56:21 AM, 3287.75, 9221.5, 1647.6, 327.68, 222.6, 163.93, 323.87, 172.78, 245.81, 98.02, 30.6, 63.9, 125, 64.56, 87.89, , , , , 
1/31/2020 1:56:24 AM, 3287.75, 9221, 1647.5, 327.68, 222.6, 163.93, 323.87, 172.78, 245.81, 98.02, 30.6, 63.9, 125, 64.56, 87.89, , , , , 
1/31/2020 1:56:27 AM, 3287.75, 9221, 1647.5, 327.68, 222.6, 163.93, 323.87, 172.78, 245.81, 98.02, 30.6, 63.9, 125, 64.56, 87.89, , , , , 
1/31/2020 1:56:30 AM, 3287.75, 9221, 1647.3, 327.68, 222.6, 163.93, 323.87, 172.78, 245.81, 98.02, 30.6, 63.9, 125, 64.56, 87.89, , , , , 
1/31/2020 1:56:34 AM, 3287.75, 9221, 1647.3, 327.68, 222.6, 163.93, 323.87, 172.78, 245.81, 98.02, 30.6, 63.9, 125, 64.56, 87.89, , , , , 
1/31/2020 1:56:37 AM, 3287.75, 9221, 1647.3, 327.68, 222.6, 163.93, 323.87, 172.78, 245.81, 98.02, 30.6, 63.9, 125, 64.56, 87.89, , , , , 
1/31/2020 1:56:40 AM, 3287.75, 9221, 1647.3, 327.68, 222.6, 163.93, 323.87, 172.78, 245.81, 98.02, 30.6, 63.9, 125, 64.56, 87.89, , , , , 
1/31/2020 1:56:43 AM, 3287.75, 9221, 1647.3, 327.68, 222.6, 163.93, 323.87, 172.78, 245.81, 98.02, 30.6, 63.9, 125, 64.56, 87.89, , , , , 
1/31/2020 1:56:46 AM, 3287.75, 9221, 1647.3, 327.68, 222.6, 163.93, 323.87, 172.78, 245.81, 98.02, 30.6, 63.9, 125, 64.56, 87.89, , , , , 
1/31/2020 1:56:49 AM, 3287.75, 9221, 1647.3, 327.68, 222.6, 163.93, 323.87, 172.78, 245.81, 98.02, 30.6, 63.9, 125, 64.56, 87.89, , , , , 
1/31/2020 1:56:52 AM, 3287.75, 9221.75, 1647.3, 327.68, 222.6, 163.93, 323.87, 172.78, 245.81, 98.02, 30.6, 63.9, 125, 64.56, 87.89, , , , , 
1/31/2020 1:56:55 AM, 3287.75, 9221.75, 1647.3, 327.68, 222.6, 163.93, 323.87, 172.78, 245.81, 98.02, 30.6, 63.9, 125, 64.56, 87.89, , , , , 
1/31/2020 1:56:58 AM, 3287.75, 9221.75, 1647.3, 327.68, 222.6, 163.93, 323.87, 172.78, 245.81, 98.02, 30.6, 63.9, 125, 64.56, 87.89, , , , , 
1/31/2020 1:57:01 AM, 3287.75, 9221.75, 1647.3, 327.68, 222.6, 163.93, 323.87, 172.78, 245.81, 98.02, 30.6, 63.9, 125, 64.56, 87.89, , , , , 
1/31/2020 1:57:04 AM, 3287.75, 9221.75, 1647.3, 327.68, 222.6, 163.93, 323.87, 172.78, 245.81, 98.02, 30.6, 63.9, 125, 64.56, 87.89, , , , , 
1/31/2020 1:57:07 AM, 3287.75, 9221.25, 1647.3, 327.68, 222.6, 163.93, 323.87, 172.78, 245.81, 98.02, 30.6, 63.9, 125, 64.56, 87.89, , , , , 
1/31/2020 1:57:10 AM, 3287.75, 9221.25, 1647.3, 327.68, 222.6, 163.93, 323.87, 172.78, 245.81, 98.02, 30.6, 63.9, 125, 64.56, 87.89, , , , , 
1/31/2020 1:57:13 AM, 3287.75, 9221.25, 1647.3, 327.68, 222.6, 163.93, 323.87, 172.78, 245.81, 98.02, 30.6, 63.9, 125, 64.56, 87.89, , , , , 
1/31/2020 1:57:16 AM, 3287.75, 9220.75, 1647.3, 327.68, 222.6, 163.93, 323.87, 172.78, 245.81, 98.02, 30.6, 63.9, 125, 64.56, 87.89, , , , , 
1/31/2020 1:57:19 AM, 3287.75, 9220.25, 1647.3, 327.68, 222.6, 163.93, 323.87, 172.78, 245.81, 98.02, 30.6, 63.9, 125, 64.56, 87.89, , , , , 
1/31/2020 1:57:22 AM, 3287.75, 9220, 1647.3, 327.68, 222.6, 163.93, 323.87, 172.78, 245.81, 98.02, 30.6, 63.9, 125, 64.56, 87.89, , , , , 
1/31/2020 1:57:25 AM, 3287.75, 9220, 1647.3, 327.68, 222.6, 163.93, 323.87, 172.78, 245.81, 98.02, 30.6, 63.9, 125, 64.56, 87.89, , , , , 
1/31/2020 1:57:28 AM, 3287.75, 9220, 1647.3, 327.68, 222.6, 163.93, 323.87, 172.78, 245.81, 98.02, 30.6, 63.9, 125, 64.56, 87.89, , , , , 
1/31/2020 1:57:31 AM, 3287.75, 9220, 1647.3, 327.68, 222.6, 163.93, 323.87, 172.78, 245.81, 98.02, 30.6, 63.9, 125, 64.56, 87.89, , , , , 
1/31/2020 1:57:34 AM, 3287.75, 9220, 1647.3, 327.68, 222.6, 163.93, 323.87, 172.78, 245.81, 98.02, 30.6, 63.9, 125, 64.56, 87.89, , , , , 
1/31/2020 1:57:37 AM, 3287.75, 9220, 1647.3, 327.68, 222.6, 163.93, 323.87, 172.78, 245.81, 98.02, 30.6, 63.9, 125, 64.56, 87.89, , , , , 
1/31/2020 1:57:40 AM, 3288, 9220, 1647.3, 327.68, 222.6, 163.93, 323.87, 172.78, 245.81, 98.02, 30.6, 63.9, 125, 64.56, 87.89, , , , , 
1/31/2020 1:57:43 AM, 3287.75, 9220.25, 1647.3, 327.68, 222.6, 163.93, 323.87, 172.78, 245.81, 98.02, 30.6, 63.9, 125, 64.56, 87.89, , , , , 
1/31/2020 1:57:46 AM, 3287.75, 9220.25, 1647.3, 327.68, 222.6, 163.93, 323.87, 172.78, 245.81, 98.02, 30.6, 63.9, 125, 64.56, 87.89, , , , , 
1/31/2020 1:57:49 AM, 3287.75, 9220.25, 1647.3, 327.68, 222.6, 163.93, 323.87, 172.78, 245.81, 98.02, 30.6, 63.9, 125, 64.56, 87.89, , , , , 
1/31/2020 1:57:52 AM, 3287.75, 9220.75, 1647.3, 327.68, 222.6, 163.93, 323.87, 172.78, 245.81, 98.02, 30.6, 63.9, 125, 64.56, 87.89, , , , , 
1/31/2020 1:57:55 AM, 3287.75, 9220.75, 1647.3, 327.68, 222.6, 163.93, 323.87, 172.78, 245.81, 98.02, 30.6, 63.9, 125, 64.56, 87.89, , , , , 
1/31/2020 1:57:58 AM, 3287.75, 9220, 1647.3, 327.68, 222.6, 163.93, 323.87, 172.78, 245.81, 98.02, 30.6, 63.9, 125, 64.56, 87.89, , , , , 
1/31/2020 1:58:01 AM, 3287.5, 9219.5, 1647.3, 327.68, 222.6, 163.93, 323.87, 172.78, 245.81, 98.02, 30.6, 63.9, 125, 64.56, 87.89, , , , , 
1/31/2020 1:58:04 AM, 3287.5, 9219.5, 1647.3, 327.68, 222.6, 163.93, 323.87, 172.78, 245.81, 98.02, 30.6, 63.9, 125, 64.56, 87.89, , , , , 
1/31/2020 1:58:07 AM, 3287.5, 9220, 1647.3, 327.68, 222.6, 163.93, 323.87, 172.78, 245.81, 98.02, 30.6, 63.9, 125, 64.56, 87.89, , , , , 
1/31/2020 1:58:10 AM, 3287.5, 9220, 1647.3, 327.68, 222.6, 163.93, 323.87, 172.78, 245.81, 98.02, 30.6, 63.9, 125, 64.56, 87.89, , , , , 
1/31/2020 1:58:13 AM, 3287.75, 9221, 1647.3, 327.68, 222.6, 163.93, 323.87, 172.78, 245.81, 98.02, 30.6, 63.9, 125, 64.56, 87.89, , , , , 
1/31/2020 1:58:16 AM, 3287.75, 9221, 1647.3, 327.68, 222.6, 163.93, 323.87, 172.78, 245.81, 98.02, 30.6, 63.9, 125, 64.56, 87.89, , , , , 
1/31/2020 1:58:19 AM, 3287.75, 9221, 1647.3, 327.68, 222.6, 163.93, 323.87, 172.78, 245.81, 98.02, 30.6, 63.9, 125, 64.56, 87.89, , , , , 
1/31/2020 1:58:22 AM, 3287.75, 9221, 1647.3, 327.68, 222.6, 163.93, 323.87, 172.78, 245.81, 98.02, 30.6, 63.9, 125, 64.56, 87.89, , , , , 
1/31/2020 1:58:25 AM, 3288, 9221, 1647.3, 327.68, 222.6, 163.93, 323.87, 172.78, 245.81, 98.02, 30.6, 63.9, 125, 64.56, 87.89, , , , , 
1/31/2020 1:58:28 AM, 3288, 9221, 1647.3, 327.68, 222.6, 163.93, 323.87, 172.78, 245.81, 98.02, 30.6, 63.9, 125, 64.56, 87.89, , , , , 
1/31/2020 1:58:31 AM, 3288, 9221.5, 1647.3, 327.68, 222.6, 163.93, 323.87, 172.78, 245.81, 98.02, 30.6, 63.9, 125, 64.56, 87.89, , , , , 
1/31/2020 1:58:34 AM, 3288, 9221.5, 1647.3, 327.68, 222.6, 163.93, 323.87, 172.78, 245.81, 98.02, 30.6, 63.9, 125, 64.56, 87.89, , , , , 
1/31/2020 1:58:37 AM, 3288, 9221.5, 1647.3, 327.68, 222.6, 163.93, 323.87, 172.78, 245.81, 98.02, 30.6, 63.9, 125, 64.56, 87.89, , , , , 
1/31/2020 1:58:40 AM, 3288, 9222, 1647.3, 327.68, 222.6, 163.93, 323.87, 172.78, 245.81, 98.02, 30.6, 63.9, 125, 64.56, 87.89, , , , , 
1/31/2020 1:58:43 AM, 3288, 9222, 1647.3, 327.68, 222.6, 163.93, 323.87, 172.78, 245.81, 98.02, 30.6, 63.9, 125, 64.56, 87.89, , , , , 
1/31/2020 1:58:46 AM, 3288, 9222.25, 1647.3, 327.68, 222.6, 163.93, 323.87, 172.78, 245.81, 98.02, 30.6, 63.9, 125, 64.56, 87.89, , , , , 
1/31/2020 1:58:49 AM, 3288, 9221.5, 1647.3, 327.68, 222.6, 163.93, 323.87, 172.78, 245.81, 98.02, 30.6, 63.9, 125, 64.56, 87.89, , , , , 
1/31/2020 1:58:52 AM, 3288, 9221.5, 1647.3, 327.68, 222.6, 163.93, 323.87, 172.78, 245.81, 98.02, 30.6, 63.9, 125, 64.56, 87.89, , , , , 
1/31/2020 1:58:55 AM, 3288, 9221.5, 1647.3, 327.68, 222.6, 163.93, 323.87, 172.78, 245.81, 98.02, 30.6, 63.9, 125, 64.56, 87.89, , , , , 
1/31/2020 1:58:58 AM, 3288, 9221.5, 1647.3, 327.68, 222.6, 163.93, 323.87, 172.78, 245.81, 98.02, 30.6, 63.9, 125, 64.56, 87.89, , , , , 
1/31/2020 1:59:01 AM, 3288, 9221.5, 1647.3, 327.68, 222.6, 163.93, 323.87, 172.78, 245.81, 98.02, 30.6, 63.9, 125, 64.56, 87.89, , , , , 
1/31/2020 1:59:04 AM, 3288, 9221.5, 1647.3, 327.68, 222.6, 163.93, 323.87, 172.78, 245.81, 98.02, 30.6, 63.9, 125, 64.56, 87.89, , , , , 
1/31/2020 1:59:07 AM, 3288, 9221.5, 1647.3, 327.68, 222.6, 163.93, 323.87, 172.78, 245.81, 98.02, 30.6, 63.9, 125, 64.56, 87.89, , , , , 
1/31/2020 1:59:10 AM, 3288, 9221.5, 1647.3, 327.68, 222.6, 163.93, 323.87, 172.78, 245.81, 98.02, 30.6, 63.9, 125, 64.56, 87.89, , , , , 
1/31/2020 1:59:13 AM, 3288, 9221.5, 1647.3, 327.68, 222.6, 163.93, 323.87, 172.78, 245.81, 98.02, 30.6, 63.9, 125, 64.56, 87.89, , , , , 
1/31/2020 1:59:17 AM, 3288, 9221.5, 1647.3, 327.68, 222.6, 163.93, 323.87, 172.78, 245.81, 98.02, 30.6, 63.9, 125, 64.56, 87.89, , , , , 
1/31/2020 1:59:20 AM, 3288, 9221.5, 1647.3, 327.68, 222.6, 163.93, 323.87, 172.78, 245.81, 98.02, 30.6, 63.9, 125, 64.56, 87.89, , , , , 
1/31/2020 1:59:23 AM, 3288, 9221.5, 1647.3, 327.68, 222.6, 163.93, 323.87, 172.78, 245.81, 98.02, 30.6, 63.9, 125, 64.56, 87.89, , , , , 
1/31/2020 1:59:26 AM, 3288, 9221.5, 1647.3, 327.68, 222.6, 163.93, 323.87, 172.78, 245.81, 98.02, 30.6, 63.9, 125, 64.56, 87.89, , , , , 
1/31/2020 1:59:29 AM, 3287.75, 9221.25, 1647.3, 327.68, 222.6, 163.93, 323.87, 172.78, 245.81, 98.02, 30.6, 63.9, 125, 64.56, 87.89, , , , , 
1/31/2020 1:59:32 AM, 3287.75, 9220.75, 1647.3, 327.68, 222.6, 163.93, 323.87, 172.78, 245.81, 98.02, 30.6, 63.9, 125, 64.56, 87.89, , , , , 
1/31/2020 1:59:35 AM, 3287.75, 9220.5, 1647.3, 327.68, 222.6, 163.93, 323.87, 172.78, 245.81, 98.02, 30.6, 63.9, 125, 64.56, 87.89, , , , , 
1/31/2020 1:59:38 AM, 3287.75, 9220.5, 1647.3, 327.68, 222.6, 163.93, 323.87, 172.78, 245.81, 98.02, 30.6, 63.9, 125, 64.56, 87.89, , , , , 
1/31/2020 1:59:41 AM, 3288, 9220.5, 1647.3, 327.68, 222.6, 163.93, 323.87, 172.78, 245.81, 98.02, 30.6, 63.9, 125, 64.56, 87.89, , , , , 
1/31/2020 1:59:44 AM, 3288, 9220.5, 1647.3, 327.68, 222.6, 163.93, 323.87, 172.78, 245.81, 98.02, 30.6, 63.9, 125, 64.56, 87.89, , , , , 
1/31/2020 1:59:47 AM, 3288, 9220.5, 1647.3, 327.68, 222.6, 163.93, 323.87, 172.78, 245.81, 98.02, 30.6, 63.9, 125, 64.56, 87.89, , , , , 
1/31/2020 1:59:50 AM, 3287.75, 9220.5, 1647.3, 327.68, 222.6, 163.93, 323.87, 172.78, 245.81, 98.02, 30.6, 63.9, 125, 64.56, 87.89, , , , , 
1/31/2020 1:59:53 AM, 3287.75, 9220.5, 1647.3, 327.68, 222.6, 163.93, 323.87, 172.78, 245.81, 98.02, 30.6, 63.9, 125, 64.56, 87.89, , , , , 
1/31/2020 1:59:56 AM, 3288, 9221, 1647.3, 327.68, 222.6, 163.93, 323.87, 172.78, 245.81, 98.02, 30.6, 63.9, 125, 64.56, 87.89, , , , , 
1/31/2020 1:59:59 AM, 3288, 9221, 1647.3, 327.68, 222.6, 163.93, 323.87, 172.78, 245.81, 98.02, 30.6, 63.9, 125, 64.56, 87.89, , , , , 
1/31/2020 2:00:02 AM, 3288, 9221.25, 1647.6, 327.68, 222.6, 163.93, 323.87, 172.78, 245.81, 98.02, 30.6, 63.9, 125, 64.56, 87.89, , , , , 
1/31/2020 2:00:05 AM, 3288, 9221.25, 1647.6, 327.68, 222.6, 163.93, 323.87, 172.78, 245.81, 98.02, 30.6, 63.9, 125, 64.56, 87.89, , , , , 
1/31/2020 2:00:08 AM, 3288, 9221, 1647.7, 327.68, 222.6, 163.93, 323.87, 172.78, 245.81, 98.02, 30.6, 63.9, 125, 64.56, 87.89, , , , , 
1/31/2020 2:00:11 AM, 3288, 9221, 1647.7, 327.68, 222.6, 163.93, 323.87, 172.78, 245.81, 98.02, 30.6, 63.9, 125, 64.56, 87.89, , , , , 
1/31/2020 2:00:14 AM, 3287.5, 9217.5, 1647.4, 327.68, 222.6, 163.93, 323.87, 172.78, 245.81, 98.02, 30.6, 63.9, 125, 64.56, 87.89, , , , , 
1/31/2020 2:00:17 AM, 3287.5, 9217.5, 1647.4, 327.68, 222.6, 163.93, 323.87, 172.78, 245.81, 98.02, 30.6, 63.9, 125, 64.56, 87.89, , , , , 
1/31/2020 2:00:20 AM, 3287.25, 9217.5, 1647.4, 327.68, 222.6, 163.93, 323.87, 172.78, 245.81, 98.02, 30.6, 63.9, 125, 64.56, 87.89, , , , , 
1/31/2020 2:00:23 AM, 3287.25, 9217.5, 1647.4, 327.68, 222.6, 163.93, 323.87, 172.78, 245.81, 98.02, 30.6, 63.9, 125, 64.56, 87.89, , , , , 
1/31/2020 2:00:26 AM, 3287, 9216.75, 1647.4, 327.68, 222.6, 163.93, 323.87, 172.78, 245.81, 98.02, 30.6, 63.9, 125, 64.56, 87.89, , , , , 
1/31/2020 2:00:29 AM, 3287, 9216.75, 1647.4, 327.68, 222.6, 163.93, 323.87, 172.78, 245.81, 98.02, 30.6, 63.9, 125, 64.56, 87.89, , , , , 
1/31/2020 2:00:32 AM, 3286.25, 9214.75, 1647, 327.68, 222.6, 163.93, 323.87, 172.78, 245.81, 98.02, 30.6, 63.9, 125, 64.56, 87.89, , , , , 
1/31/2020 2:00:35 AM, 3286.25, 9214.75, 1647, 327.68, 222.6, 163.93, 323.87, 172.78, 245.81, 98.02, 30.6, 63.9, 125, 64.56, 87.89, , , , , 
1/31/2020 2:00:38 AM, 3286.5, 9215.75, 1647, 327.68, 222.6, 163.93, 323.87, 172.78, 245.81, 98.02, 30.6, 63.9, 125, 64.56, 87.89, , , , , 
1/31/2020 2:00:41 AM, 3286.5, 9215.75, 1647, 327.68, 222.6, 163.93, 323.87, 172.78, 245.81, 98.02, 30.6, 63.9, 125, 64.56, 87.89, , , , , 
1/31/2020 2:00:44 AM, 3286.5, 9215, 1647, 327.68, 222.6, 163.93, 323.87, 172.78, 245.81, 98.02, 30.6, 63.9, 125, 64.56, 87.89, , , , , 
1/31/2020 2:00:47 AM, 3286.5, 9215, 1647, 327.68, 222.6, 163.93, 323.87, 172.78, 245.81, 98.02, 30.6, 63.9, 125, 64.56, 87.89, , , , , 
1/31/2020 2:00:50 AM, 3286.5, 9215, 1646.9, 327.68, 222.6, 163.93, 323.87, 172.78, 245.81, 98.02, 30.6, 63.9, 125, 64.56, 87.89, , , , , 
1/31/2020 2:00:53 AM, 3286.5, 9215, 1646.9, 327.68, 222.6, 163.93, 323.87, 172.78, 245.81, 98.02, 30.6, 63.9, 125, 64.56, 87.89, , , , , 
1/31/2020 2:00:56 AM, 3286.5, 9214.75, 1646.9, 327.68, 222.6, 163.93, 323.87, 172.78, 245.81, 98.02, 30.6, 63.9, 125, 64.56, 87.89, , , , , 
1/31/2020 2:00:59 AM, 3286.5, 9214.75, 1646.9, 327.68, 222.6, 163.93, 323.87, 172.78, 245.81, 98.02, 30.6, 63.9, 125, 64.56, 87.89, , , , , 
1/31/2020 2:01:02 AM, 3286.75, 9214.75, 1646.9, 327.68, 222.6, 163.93, 323.87, 172.78, 245.81, 98.02, 30.6, 63.9, 125, 64.56, 87.89, , , , , 
1/31/2020 2:01:05 AM, 3287, 9215.75, 1646.9, 327.68, 222.6, 163.93, 323.87, 172.78, 245.81, 98.02, 30.6, 63.9, 125, 64.56, 87.89, , , , , 
1/31/2020 2:01:08 AM, 3286.75, 9215, 1646.9, 327.68, 222.6, 163.93, 323.87, 172.78, 245.81, 98.02, 30.6, 63.9, 125, 64.56, 87.89, , , , , 
1/31/2020 2:01:11 AM, 3286.5, 9213.5, 1647, 327.68, 222.6, 163.93, 323.87, 172.78, 245.81, 98.02, 30.6, 63.9, 125, 64.56, 87.89, , , , , 
1/31/2020 2:01:14 AM, 3286.5, 9214, 1647, 327.68, 222.6, 163.93, 323.87, 172.78, 245.81, 98.02, 30.6, 63.9, 125, 64.56, 87.89, , , , , 
1/31/2020 2:01:17 AM, 3286.5, 9214.75, 1647, 327.68, 222.6, 163.93, 323.87, 172.78, 245.81, 98.02, 30.6, 63.9, 125, 64.56, 87.89, , , , , 
1/31/2020 2:01:20 AM, 3286.5, 9214.5, 1647, 327.68, 222.6, 163.93, 323.87, 172.78, 245.81, 98.02, 30.6, 63.9, 125, 64.56, 87.89, , , , , 
1/31/2020 2:01:23 AM, 3286.5, 9214.5, 1647, 327.68, 222.6, 163.93, 323.87, 172.78, 245.81, 98.02, 30.6, 63.9, 125, 64.56, 87.89, , , , , 
1/31/2020 2:01:26 AM, 3286.5, 9214.5, 1647, 327.68, 222.6, 163.93, 323.87, 172.78, 245.81, 98.02, 30.6, 63.9, 125, 64.56, 87.89, , , , , 
1/31/2020 2:01:29 AM, 3286.5, 9214.75, 1647, 327.68, 222.6, 163.93, 323.87, 172.78, 245.81, 98.02, 30.6, 63.9, 125, 64.56, 87.89, , , , , 
1/31/2020 2:01:32 AM, 3286.5, 9214.25, 1647, 327.68, 222.6, 163.93, 323.87, 172.78, 245.81, 98.02, 30.6, 63.9, 125, 64.56, 87.89, , , , , 
1/31/2020 2:01:35 AM, 3286.75, 9214.75, 1647, 327.68, 222.6, 163.93, 323.87, 172.78, 245.81, 98.02, 30.6, 63.9, 125, 64.56, 87.89, , , , , 
1/31/2020 2:01:38 AM, 3286.75, 9214.25, 1647, 327.68, 222.6, 163.93, 323.87, 172.78, 245.81, 98.02, 30.6, 63.9, 125, 64.56, 87.89, , , , , 
1/31/2020 2:01:41 AM, 3286.5, 9213.5, 1647, 327.68, 222.6, 163.93, 323.87, 172.78, 245.81, 98.02, 30.6, 63.9, 125, 64.56, 87.89, , , , , 
1/31/2020 2:01:44 AM, 3286.5, 9214, 1647, 327.68, 222.6, 163.93, 323.87, 172.78, 245.81, 98.02, 30.6, 63.9, 125, 64.56, 87.89, , , , , 
1/31/2020 2:01:47 AM, 3286.5, 9214, 1647, 327.68, 222.6, 163.93, 323.87, 172.78, 245.81, 98.02, 30.6, 63.9, 125, 64.56, 87.89, , , , , 
1/31/2020 2:01:50 AM, 3286.5, 9213.75, 1647, 327.68, 222.6, 163.93, 323.87, 172.78, 245.81, 98.02, 30.6, 63.9, 125, 64.56, 87.89, , , , , 
1/31/2020 2:01:53 AM, 3286.5, 9212.75, 1647, 327.68, 222.6, 163.93, 323.87, 172.78, 245.81, 98.02, 30.6, 63.9, 125, 64.56, 87.89, , , , , 
1/31/2020 2:01:57 AM, 3286.5, 9213.25, 1647, 327.68, 222.6, 163.93, 323.87, 172.78, 245.81, 98.02, 30.6, 63.9, 125, 64.56, 87.89, , , , , 
1/31/2020 2:02:00 AM, 3286.5, 9212.5, 1647, 327.68, 222.6, 163.93, 323.87, 172.78, 245.81, 98.02, 30.6, 63.9, 125, 64.56, 87.89, , , , , 
1/31/2020 2:02:03 AM, 3286.5, 9212.75, 1647, 327.68, 222.6, 163.93, 323.87, 172.78, 245.81, 98.02, 30.6, 63.9, 125, 64.56, 87.89, , , , , 
1/31/2020 2:02:06 AM, 3286.25, 9212.5, 1647, 327.68, 222.6, 163.93, 323.87, 172.78, 245.81, 98.02, 30.6, 63.9, 125, 64.56, 87.89, , , , , 
1/31/2020 2:02:09 AM, 3286.25, 9212.25, 1647, 327.68, 222.6, 163.93, 323.87, 172.78, 245.81, 98.02, 30.6, 63.9, 125, 64.56, 87.89, , , , , 
1/31/2020 2:02:12 AM, 3286.25, 9212.5, 1647, 327.68, 222.6, 163.93, 323.87, 172.78, 245.81, 98.02, 30.6, 63.9, 125, 64.56, 87.89, , , , , 
1/31/2020 2:02:15 AM, 3286.25, 9212.25, 1647, 327.68, 222.6, 163.93, 323.87, 172.78, 245.81, 98.02, 30.6, 63.9, 125, 64.56, 87.89, , , , , 
1/31/2020 2:02:18 AM, 3286.25, 9212.75, 1647, 327.68, 222.6, 163.93, 323.87, 172.78, 245.81, 98.02, 30.6, 63.9, 125, 64.56, 87.89, , , , , 
1/31/2020 2:02:21 AM, 3286.25, 9213, 1647, 327.68, 222.6, 163.93, 323.87, 172.78, 245.81, 98.02, 30.6, 63.9, 125, 64.56, 87.89, , , , , 
1/31/2020 2:02:24 AM, 3286.5, 9212.75, 1647, 327.68, 222.6, 163.93, 323.87, 172.78, 245.81, 98.02, 30.6, 63.9, 125, 64.56, 87.89, , , , , 
1/31/2020 2:02:27 AM, 3286.5, 9213.75, 1647, 327.68, 222.6, 163.93, 323.87, 172.78, 245.81, 98.02, 30.6, 63.9, 125, 64.56, 87.89, , , , , 
1/31/2020 2:02:30 AM, 3286.75, 9214.5, 1647.2, 327.68, 222.6, 163.93, 323.87, 172.78, 245.81, 98.02, 30.6, 63.9, 125, 64.56, 87.89, , , , , 
1/31/2020 2:02:33 AM, 3286.75, 9214.5, 1647.2, 327.68, 222.6, 163.93, 323.87, 172.78, 245.81, 98.02, 30.6, 63.9, 125, 64.56, 87.89, , , , , 
1/31/2020 2:02:36 AM, 3286.75, 9214.75, 1647.2, 327.68, 222.6, 163.93, 323.87, 172.78, 245.81, 98.02, 30.6, 63.9, 125, 64.56, 87.89, , , , , 
1/31/2020 2:02:39 AM, 3286.5, 9214, 1647.2, 327.68, 222.6, 163.93, 323.87, 172.78, 245.81, 98.02, 30.6, 63.9, 125, 64.56, 87.89, , , , , 
1/31/2020 2:02:42 AM, 3286.5, 9213.75, 1647.2, 327.68, 222.6, 163.93, 323.87, 172.78, 245.81, 98.02, 30.6, 63.9, 125, 64.56, 87.89, , , , , 
1/31/2020 2:02:45 AM, 3286.5, 9214, 1647.2, 327.68, 222.6, 163.93, 323.87, 172.78, 245.81, 98.02, 30.6, 63.9, 125, 64.56, 87.89, , , , , 
1/31/2020 2:02:48 AM, 3286.75, 9214, 1647.2, 327.68, 222.6, 163.93, 323.87, 172.78, 245.81, 98.02, 30.6, 63.9, 125, 64.56, 87.89, , , , , 
1/31/2020 2:02:51 AM, 3286.75, 9214.25, 1647.2, 327.68, 222.6, 163.93, 323.87, 172.78, 245.81, 98.02, 30.6, 63.9, 125, 64.56, 87.89, , , , , 
1/31/2020 2:02:54 AM, 3286.75, 9214.5, 1647.2, 327.68, 222.6, 163.93, 323.87, 172.78, 245.81, 98.02, 30.6, 63.9, 125, 64.56, 87.89, , , , , 
1/31/2020 2:02:57 AM, 3286.75, 9215, 1647.3, 327.68, 222.6, 163.93, 323.87, 172.78, 245.81, 98.02, 30.6, 63.9, 125, 64.56, 87.89, , , , , 
1/31/2020 2:03:00 AM, 3287.25, 9215.75, 1647.4, 327.68, 222.6, 163.93, 323.87, 172.78, 245.81, 98.02, 30.6, 63.9, 125, 64.56, 87.89, , , , , 
1/31/2020 2:03:03 AM, 3287.25, 9215.25, 1647.4, 327.68, 222.6, 163.93, 323.87, 172.78, 245.81, 98.02, 30.6, 63.9, 125, 64.56, 87.89, , , , , 
1/31/2020 2:03:06 AM, 3287, 9215, 1647.2, 327.68, 222.6, 163.93, 323.87, 172.78, 245.81, 98.02, 30.6, 63.9, 125, 64.56, 87.89, , , , , 
1/31/2020 2:03:09 AM, 3287, 9215, 1647.2, 327.68, 222.6, 163.93, 323.87, 172.78, 245.81, 98.02, 30.6, 63.9, 125, 64.56, 87.89, , , , , 
1/31/2020 2:03:12 AM, 3287, 9215, 1647.2, 327.68, 222.6, 163.93, 323.87, 172.78, 245.81, 98.02, 30.6, 63.9, 125, 64.56, 87.89, , , , , 
1/31/2020 2:03:15 AM, 3287, 9215, 1647.2, 327.68, 222.6, 163.93, 323.87, 172.78, 245.81, 98.02, 30.6, 63.9, 125, 64.56, 87.89, , , , , 
1/31/2020 2:03:18 AM, 3287, 9214.75, 1647.2, 327.68, 222.6, 163.93, 323.87, 172.78, 245.81, 98.02, 30.6, 63.9, 125, 64.56, 87.89, , , , , 
1/31/2020 2:03:21 AM, 3286.75, 9214.25, 1647.1, 327.68, 222.6, 163.93, 323.87, 172.78, 245.81, 98.02, 30.6, 63.9, 125, 64.56, 87.89, , , , , 
1/31/2020 2:03:24 AM, 3286.5, 9213.75, 1647.1, 327.68, 222.6, 163.93, 323.87, 172.78, 245.81, 98.02, 30.6, 63.9, 125, 64.56, 87.89, , , , , 
1/31/2020 2:03:27 AM, 3286.5, 9213.75, 1647.1, 327.68, 222.6, 163.93, 323.87, 172.78, 245.81, 98.02, 30.6, 63.9, 125, 64.56, 87.89, , , , , 
1/31/2020 2:03:30 AM, 3287, 9214.25, 1647.2, 327.68, 222.6, 163.93, 323.87, 172.78, 245.81, 98.02, 30.6, 63.9, 125, 64.56, 87.89, , , , , 
1/31/2020 2:03:33 AM, 3287, 9214.25, 1647.2, 327.68, 222.6, 163.93, 323.87, 172.78, 245.81, 98.02, 30.6, 63.9, 125, 64.56, 87.89, , , , , 
1/31/2020 2:03:36 AM, 3287, 9214.5, 1647.2, 327.68, 222.6, 163.93, 323.87, 172.78, 245.81, 98.02, 30.6, 63.9, 125, 64.56, 87.89, , , , , 
1/31/2020 2:03:39 AM, 3287, 9214.5, 1647.2, 327.68, 222.6, 163.93, 323.87, 172.78, 245.81, 98.02, 30.6, 63.9, 125, 64.56, 87.89, , , , , 
1/31/2020 2:03:42 AM, 3287, 9214.75, 1647.2, 327.68, 222.6, 163.93, 323.87, 172.78, 245.81, 98.02, 30.6, 63.9, 125, 64.56, 87.89, , , , , 
1/31/2020 2:03:45 AM, 3287, 9214.75, 1647.2, 327.68, 222.6, 163.93, 323.87, 172.78, 245.81, 98.02, 30.6, 63.9, 125, 64.56, 87.89, , , , , 
1/31/2020 2:03:48 AM, 3287, 9215, 1647.2, 327.68, 222.6, 163.93, 323.87, 172.78, 245.81, 98.02, 30.6, 63.9, 125, 64.56, 87.89, , , , , 
1/31/2020 2:03:51 AM, 3287, 9215, 1647.2, 327.68, 222.6, 163.93, 323.87, 172.78, 245.81, 98.02, 30.6, 63.9, 125, 64.56, 87.89, , , , , 
1/31/2020 2:03:54 AM, 3287.5, 9216.25, 1647.5, 327.68, 222.6, 163.93, 323.87, 172.78, 245.81, 98.02, 30.6, 63.9, 125, 64.56, 87.89, , , , , 
1/31/2020 2:03:57 AM, 3287.5, 9216.25, 1647.5, 327.68, 222.6, 163.93, 323.87, 172.78, 245.81, 98.02, 30.6, 63.9, 125, 64.56, 87.89, , , , , 
1/31/2020 2:04:00 AM, 3287.25, 9215.25, 1647.5, 327.68, 222.6, 163.93, 323.87, 172.78, 245.81, 98.02, 30.6, 63.9, 125, 64.56, 87.89, , , , , 
1/31/2020 2:04:03 AM, 3287.25, 9215.25, 1647.5, 327.68, 222.6, 163.93, 323.87, 172.78, 245.81, 98.02, 30.6, 63.9, 125, 64.56, 87.89, , , , , 
1/31/2020 2:04:06 AM, 3287.5, 9215.75, 1647.5, 327.68, 222.6, 163.93, 323.87, 172.78, 245.81, 98.02, 30.6, 63.9, 125, 64.56, 87.89, , , , , 
1/31/2020 2:04:09 AM, 3287.5, 9215.75, 1647.5, 327.68, 222.6, 163.93, 323.87, 172.78, 245.81, 98.02, 30.6, 63.9, 125, 64.56, 87.89, , , , , 
1/31/2020 2:04:12 AM, 3287.5, 9216, 1647.4, 327.68, 222.6, 163.93, 323.87, 172.78, 245.81, 98.02, 30.6, 63.9, 125, 64.56, 87.89, , , , , 
1/31/2020 2:04:15 AM, 3288, 9218, 1647.7, 327.68, 222.6, 163.93, 323.87, 172.78, 245.81, 98.02, 30.6, 63.9, 125, 64.56, 87.89, , , , , 
1/31/2020 2:04:18 AM, 3288, 9217.75, 1647.9, 327.68, 222.6, 163.93, 323.87, 172.78, 245.81, 98.02, 30.6, 63.9, 125, 64.56, 87.89, , , , , 
1/31/2020 2:04:21 AM, 3288, 9218, 1647.9, 327.68, 222.6, 163.93, 323.87, 172.78, 245.81, 98.02, 30.6, 63.9, 125, 64.56, 87.89, , , , , 
1/31/2020 2:04:24 AM, 3288, 9218, 1647.9, 327.68, 222.6, 163.93, 323.87, 172.78, 245.81, 98.02, 30.6, 63.9, 125, 64.56, 87.89, , , , , 
1/31/2020 2:04:28 AM, 3288.25, 9218.25, 1647.9, 327.68, 222.6, 163.93, 323.87, 172.78, 245.81, 98.02, 30.6, 63.9, 125, 64.56, 87.89, , , , , 
1/31/2020 2:04:31 AM, 3288.25, 9218, 1647.9, 327.68, 222.6, 163.93, 323.87, 172.78, 245.81, 98.02, 30.6, 63.9, 125, 64.56, 87.89, , , , , 
1/31/2020 2:04:34 AM, 3288.25, 9218, 1647.9, 327.68, 222.6, 163.93, 323.87, 172.78, 245.81, 98.02, 30.6, 63.9, 125, 64.56, 87.89, , , , , 
1/31/2020 2:04:37 AM, 3288.25, 9218.25, 1647.9, 327.68, 222.6, 163.93, 323.87, 172.78, 245.81, 98.02, 30.6, 63.9, 125, 64.56, 87.89, , , , , 
1/31/2020 2:04:40 AM, 3288.25, 9218.25, 1647.9, 327.68, 222.6, 163.93, 323.87, 172.78, 245.81, 98.02, 30.6, 63.9, 125, 64.56, 87.89, , , , , 
1/31/2020 2:04:43 AM, 3288, 9217.5, 1647.8, 327.68, 222.6, 163.93, 323.87, 172.78, 245.81, 98.02, 30.6, 63.9, 125, 64.56, 87.89, , , , , 
1/31/2020 2:04:46 AM, 3288, 9217.5, 1647.8, 327.68, 222.6, 163.93, 323.87, 172.78, 245.81, 98.02, 30.6, 63.9, 125, 64.56, 87.89, , , , , 
1/31/2020 2:04:49 AM, 3288, 9218.25, 1647.8, 327.68, 222.6, 163.93, 323.87, 172.78, 245.81, 98.02, 30.6, 63.9, 125, 64.56, 87.89, , , , , 
1/31/2020 2:04:52 AM, 3288, 9218.25, 1647.8, 327.68, 222.6, 163.93, 323.87, 172.78, 245.81, 98.02, 30.6, 63.9, 125, 64.56, 87.89, , , , , 
1/31/2020 2:04:55 AM, 3288, 9218, 1647.8, 327.68, 222.6, 163.93, 323.87, 172.78, 245.81, 98.02, 30.6, 63.9, 125, 64.56, 87.89, , , , , 
1/31/2020 2:04:58 AM, 3288, 9218, 1647.8, 327.68, 222.6, 163.93, 323.87, 172.78, 245.81, 98.02, 30.6, 63.9, 125, 64.56, 87.89, , , , , 
1/31/2020 2:05:01 AM, 3288, 9218, 1647.8, 327.68, 222.6, 163.93, 323.87, 172.78, 245.81, 98.02, 30.6, 63.9, 125, 64.56, 87.89, , , , , 
1/31/2020 2:05:04 AM, 3288, 9218, 1647.8, 327.68, 222.6, 163.93, 323.87, 172.78, 245.81, 98.02, 30.6, 63.9, 125, 64.56, 87.89, , , , , 
1/31/2020 2:05:07 AM, 3288, 9217.75, 1647.8, 327.68, 222.6, 163.93, 323.87, 172.78, 245.81, 98.02, 30.6, 63.9, 125, 64.56, 87.89, , , , , 
1/31/2020 2:05:10 AM, 3288, 9217.75, 1647.8, 327.68, 222.6, 163.93, 323.87, 172.78, 245.81, 98.02, 30.6, 63.9, 125, 64.56, 87.89, , , , , 
1/31/2020 2:05:13 AM, 3288, 9218, 1647.8, 327.68, 222.6, 163.93, 323.87, 172.78, 245.81, 98.02, 30.6, 63.9, 125, 64.56, 87.89, , , , , 
1/31/2020 2:05:16 AM, 3288, 9218, 1647.8, 327.68, 222.6, 163.93, 323.87, 172.78, 245.81, 98.02, 30.6, 63.9, 125, 64.56, 87.89, , , , , 
1/31/2020 2:05:19 AM, 3288, 9217.75, 1647.8, 327.68, 222.6, 163.93, 323.87, 172.78, 245.81, 98.02, 30.6, 63.9, 125, 64.56, 87.89, , , , , 
1/31/2020 2:05:22 AM, 3288, 9217.75, 1647.8, 327.68, 222.6, 163.93, 323.87, 172.78, 245.81, 98.02, 30.6, 63.9, 125, 64.56, 87.89, , , , , 
1/31/2020 2:05:25 AM, 3288.25, 9219.25, 1647.9, 327.68, 222.6, 163.93, 323.87, 172.78, 245.81, 98.02, 30.6, 63.9, 125, 64.56, 87.89, , , , , 
1/31/2020 2:05:28 AM, 3288.25, 9219.25, 1647.9, 327.68, 222.6, 163.93, 323.87, 172.78, 245.81, 98.02, 30.6, 63.9, 125, 64.56, 87.89, , , , , 
1/31/2020 2:05:31 AM, 3288.25, 9219.5, 1647.9, 327.68, 222.6, 163.93, 323.87, 172.78, 245.81, 98.02, 30.6, 63.9, 125, 64.56, 87.89, , , , , 
1/31/2020 2:05:34 AM, 3288.25, 9219.5, 1647.9, 327.68, 222.6, 163.93, 323.87, 172.78, 245.81, 98.02, 30.6, 63.9, 125, 64.56, 87.89, , , , , 
1/31/2020 2:05:37 AM, 3288.5, 9220.5, 1648.4, 327.68, 222.6, 163.93, 323.87, 172.78, 245.81, 98.02, 30.6, 63.9, 125, 64.56, 87.89, , , , , 
1/31/2020 2:05:40 AM, 3288.5, 9220.5, 1648.4, 327.68, 222.6, 163.93, 323.87, 172.78, 245.81, 98.02, 30.6, 63.9, 125, 64.56, 87.89, , , , , 
1/31/2020 2:05:43 AM, 3288.75, 9220.5, 1648.4, 327.68, 222.6, 163.93, 323.87, 172.78, 245.81, 98.02, 30.6, 63.9, 125, 64.56, 87.89, , , , , 
1/31/2020 2:05:46 AM, 3288.75, 9220.5, 1648.4, 327.68, 222.6, 163.93, 323.87, 172.78, 245.81, 98.02, 30.6, 63.9, 125, 64.56, 87.89, , , , , 
1/31/2020 2:05:49 AM, 3288.75, 9221, 1648.4, 327.68, 222.6, 163.93, 323.87, 172.78, 245.81, 98.02, 30.6, 63.9, 125, 64.56, 87.89, , , , , 
1/31/2020 2:05:52 AM, 3288.75, 9221, 1648.4, 327.68, 222.6, 163.93, 323.87, 172.78, 245.81, 98.02, 30.6, 63.9, 125, 64.56, 87.89, , , , , 
1/31/2020 2:05:55 AM, 3288.75, 9221.5, 1648.4, 327.68, 222.6, 163.93, 323.87, 172.78, 245.81, 98.02, 30.6, 63.9, 125, 64.56, 87.89, , , , , 
1/31/2020 2:05:58 AM, 3288.75, 9221.5, 1648.4, 327.68, 222.6, 163.93, 323.87, 172.78, 245.81, 98.02, 30.6, 63.9, 125, 64.56, 87.89, , , , , 
1/31/2020 2:06:01 AM, 3289, 9222.5, 1648.4, 327.68, 222.6, 163.93, 323.87, 172.78, 245.81, 98.02, 30.6, 63.9, 125, 64.56, 87.89, , , , , 
1/31/2020 2:06:04 AM, 3288.75, 9222, 1648.4, 327.68, 222.6, 163.93, 323.87, 172.78, 245.81, 98.02, 30.6, 63.9, 125, 64.56, 87.89, , , , , 
1/31/2020 2:06:07 AM, 3288.75, 9222, 1648.3, 327.68, 222.6, 163.93, 323.87, 172.78, 245.81, 98.02, 30.6, 63.9, 125, 64.56, 87.89, , , , , 
1/31/2020 2:06:10 AM, 3288.75, 9222, 1648.3, 327.68, 222.6, 163.93, 323.87, 172.78, 245.81, 98.02, 30.6, 63.9, 125, 64.56, 87.89, , , , , 
1/31/2020 2:06:13 AM, 3288.75, 9221.5, 1648.3, 327.68, 222.6, 163.93, 323.87, 172.78, 245.81, 98.02, 30.6, 63.9, 125, 64.56, 87.89, , , , , 
1/31/2020 2:06:16 AM, 3288.5, 9221.5, 1648.3, 327.68, 222.6, 163.93, 323.87, 172.78, 245.81, 98.02, 30.6, 63.9, 125, 64.56, 87.89, , , , , 
1/31/2020 2:06:19 AM, 3288.75, 9221.75, 1648.3, 327.68, 222.6, 163.93, 323.87, 172.78, 245.81, 98.02, 30.6, 63.9, 125, 64.56, 87.89, , , , , 
1/31/2020 2:06:22 AM, 3288.75, 9221.5, 1648.3, 327.68, 222.6, 163.93, 323.87, 172.78, 245.81, 98.02, 30.6, 63.9, 125, 64.56, 87.89, , , , , 
1/31/2020 2:06:25 AM, 3288.75, 9221.25, 1648.3, 327.68, 222.6, 163.93, 323.87, 172.78, 245.81, 98.02, 30.6, 63.9, 125, 64.56, 87.89, , , , , 
1/31/2020 2:06:28 AM, 3288.75, 9220.75, 1648.1, 327.68, 222.6, 163.93, 323.87, 172.78, 245.81, 98.02, 30.6, 63.9, 125, 64.56, 87.89, , , , , 
1/31/2020 2:06:31 AM, 3288.75, 9221, 1648.1, 327.68, 222.6, 163.93, 323.87, 172.78, 245.81, 98.02, 30.6, 63.9, 125, 64.56, 87.89, , , , , 
1/31/2020 2:06:34 AM, 3288.5, 9220.75, 1648.1, 327.68, 222.6, 163.93, 323.87, 172.78, 245.81, 98.02, 30.6, 63.9, 125, 64.56, 87.89, , , , , 
1/31/2020 2:06:37 AM, 3288.25, 9219.5, 1647.9, 327.68, 222.6, 163.93, 323.87, 172.78, 245.81, 98.02, 30.6, 63.9, 125, 64.56, 87.89, , , , , 
1/31/2020 2:06:40 AM, 3288, 9219.25, 1647.7, 327.68, 222.6, 163.93, 323.87, 172.78, 245.81, 98.02, 30.6, 63.9, 125, 64.56, 87.89, , , , , 
1/31/2020 2:06:43 AM, 3288, 9219, 1647.7, 327.68, 222.6, 163.93, 323.87, 172.78, 245.81, 98.02, 30.6, 63.9, 125, 64.56, 87.89, , , , , 
1/31/2020 2:06:46 AM, 3288, 9219.5, 1647.9, 327.68, 222.6, 163.93, 323.87, 172.78, 245.81, 98.02, 30.6, 63.9, 125, 64.56, 87.89, , , , , 
1/31/2020 2:06:49 AM, 3288, 9219.75, 1647.9, 327.68, 222.6, 163.93, 323.87, 172.78, 245.81, 98.02, 30.6, 63.9, 125, 64.56, 87.89, , , , , 
1/31/2020 2:06:53 AM, 3288, 9219.5, 1647.9, 327.68, 222.6, 163.93, 323.87, 172.78, 245.81, 98.02, 30.6, 63.9, 125, 64.56, 87.89, , , , , 
1/31/2020 2:06:56 AM, 3288, 9219.75, 1647.9, 327.68, 222.6, 163.93, 323.87, 172.78, 245.81, 98.02, 30.6, 63.9, 125, 64.56, 87.89, , , , , 
1/31/2020 2:06:59 AM, 3288, 9218.75, 1647.9, 327.68, 222.6, 163.93, 323.87, 172.78, 245.81, 98.02, 30.6, 63.9, 125, 64.56, 87.89, , , , , 
1/31/2020 2:07:02 AM, 3288.25, 9219.5, 1647.9, 327.68, 222.6, 163.93, 323.87, 172.78, 245.81, 98.02, 30.6, 63.9, 125, 64.56, 87.89, , , , , 
1/31/2020 2:07:05 AM, 3288, 9219.25, 1647.9, 327.68, 222.6, 163.93, 323.87, 172.78, 245.81, 98.02, 30.6, 63.9, 125, 64.56, 87.89, , , , , 
1/31/2020 2:07:08 AM, 3288, 9219.25, 1647.9, 327.68, 222.6, 163.93, 323.87, 172.78, 245.81, 98.02, 30.6, 63.9, 125, 64.56, 87.89, , , , , 
1/31/2020 2:07:11 AM, 3288, 9219.25, 1647.9, 327.68, 222.6, 163.93, 323.87, 172.78, 245.81, 98.02, 30.6, 63.9, 125, 64.56, 87.89, , , , , 
1/31/2020 2:07:14 AM, 3288, 9219.25, 1647.9, 327.68, 222.6, 163.93, 323.87, 172.78, 245.81, 98.02, 30.6, 63.9, 125, 64.56, 87.89, , , , , 
1/31/2020 2:07:17 AM, 3288, 9219.75, 1647.9, 327.68, 222.6, 163.93, 323.87, 172.78, 245.81, 98.02, 30.6, 63.9, 125, 64.56, 87.89, , , , , 
1/31/2020 2:07:20 AM, 3288, 9219.25, 1647.7, 327.68, 222.6, 163.93, 323.87, 172.78, 245.81, 98.02, 30.6, 63.9, 125, 64.56, 87.89, , , , , 
1/31/2020 2:07:23 AM, 3288, 9218.75, 1647.7, 327.68, 222.6, 163.93, 323.87, 172.78, 245.81, 98.02, 30.6, 63.9, 125, 64.56, 87.89, , , , , 
1/31/2020 2:07:26 AM, 3288, 9219, 1647.7, 327.68, 222.6, 163.93, 323.87, 172.78, 245.81, 98.02, 30.6, 63.9, 125, 64.56, 87.89, , , , , 
1/31/2020 2:07:29 AM, 3288.25, 9219.5, 1647.7, 327.68, 222.6, 163.93, 323.87, 172.78, 245.81, 98.02, 30.6, 63.9, 125, 64.56, 87.89, , , , , 
1/31/2020 2:07:32 AM, 3288.25, 9219.75, 1647.7, 327.68, 222.6, 163.93, 323.87, 172.78, 245.81, 98.02, 30.6, 63.9, 125, 64.56, 87.89, , , , , 
1/31/2020 2:07:35 AM, 3288.25, 9219.75, 1647.7, 327.68, 222.6, 163.93, 323.87, 172.78, 245.81, 98.02, 30.6, 63.9, 125, 64.56, 87.89, , , , , 
1/31/2020 2:07:38 AM, 3288, 9219.5, 1647.7, 327.68, 222.6, 163.93, 323.87, 172.78, 245.81, 98.02, 30.6, 63.9, 125, 64.56, 87.89, , , , , 
1/31/2020 2:07:41 AM, 3288, 9219.5, 1647.7, 327.68, 222.6, 163.93, 323.87, 172.78, 245.81, 98.02, 30.6, 63.9, 125, 64.56, 87.89, , , , , 
1/31/2020 2:07:44 AM, 3287.75, 9219.5, 1647.7, 327.68, 222.6, 163.93, 323.87, 172.78, 245.81, 98.02, 30.6, 63.9, 125, 64.56, 87.89, , , , , 
1/31/2020 2:07:47 AM, 3287.75, 9219, 1647.7, 327.68, 222.6, 163.93, 323.87, 172.78, 245.81, 98.02, 30.6, 63.9, 125, 64.56, 87.89, , , , , 
1/31/2020 2:07:50 AM, 3288, 9219.5, 1647.8, 327.68, 222.6, 163.93, 323.87, 172.78, 245.81, 98.02, 30.6, 63.9, 125, 64.56, 87.89, , , , , 
1/31/2020 2:07:53 AM, 3288, 9219, 1647.8, 327.68, 222.6, 163.93, 323.87, 172.78, 245.81, 98.02, 30.6, 63.9, 125, 64.56, 87.89, , , , , 
1/31/2020 2:07:56 AM, 3288, 9219, 1647.7, 327.68, 222.6, 163.93, 323.87, 172.78, 245.81, 98.02, 30.6, 63.9, 125, 64.56, 87.89, , , , , 
1/31/2020 2:07:59 AM, 3287.75, 9218.75, 1647.7, 327.68, 222.6, 163.93, 323.87, 172.78, 245.81, 98.02, 30.6, 63.9, 125, 64.56, 87.89, , , , , 
1/31/2020 2:08:02 AM, 3287.75, 9218.75, 1647.7, 327.68, 222.6, 163.93, 323.87, 172.78, 245.81, 98.02, 30.6, 63.9, 125, 64.56, 87.89, , , , , 
1/31/2020 2:08:05 AM, 3287.5, 9218, 1647.7, 327.68, 222.6, 163.93, 323.87, 172.78, 245.81, 98.02, 30.6, 63.9, 125, 64.56, 87.89, , , , , 
1/31/2020 2:08:08 AM, 3287.5, 9218, 1647.7, 327.68, 222.6, 163.93, 323.87, 172.78, 245.81, 98.02, 30.6, 63.9, 125, 64.56, 87.89, , , , , 
1/31/2020 2:08:11 AM, 3287.5, 9217.75, 1647.5, 327.68, 222.6, 163.93, 323.87, 172.78, 245.81, 98.02, 30.6, 63.9, 125, 64.56, 87.89, , , , , 
1/31/2020 2:08:14 AM, 3287.5, 9217.75, 1647.5, 327.68, 222.6, 163.93, 323.87, 172.78, 245.81, 98.02, 30.6, 63.9, 125, 64.56, 87.89, , , , , 
1/31/2020 2:08:17 AM, 3287.5, 9217, 1647.5, 327.68, 222.6, 163.93, 323.87, 172.78, 245.81, 98.02, 30.6, 63.9, 125, 64.56, 87.89, , , , , 
1/31/2020 2:08:20 AM, 3287.5, 9217.25, 1647.5, 327.68, 222.6, 163.93, 323.87, 172.78, 245.81, 98.02, 30.6, 63.9, 125, 64.56, 87.89, , , , , 
1/31/2020 2:08:23 AM, 3287.5, 9217.25, 1647.5, 327.68, 222.6, 163.93, 323.87, 172.78, 245.81, 98.02, 30.6, 63.9, 125, 64.56, 87.89, , , , , 
1/31/2020 2:08:26 AM, 3287.5, 9217.25, 1647.5, 327.68, 222.6, 163.93, 323.87, 172.78, 245.81, 98.02, 30.6, 63.9, 125, 64.56, 87.89, , , , , 
1/31/2020 2:08:29 AM, 3287.5, 9217.5, 1647.5, 327.68, 222.6, 163.93, 323.87, 172.78, 245.81, 98.02, 30.6, 63.9, 125, 64.56, 87.89, , , , , 
1/31/2020 2:08:32 AM, 3287.25, 9217, 1647.5, 327.68, 222.6, 163.93, 323.87, 172.78, 245.81, 98.02, 30.6, 63.9, 125, 64.56, 87.89, , , , , 
1/31/2020 2:08:35 AM, 3287.25, 9217, 1647.5, 327.68, 222.6, 163.93, 323.87, 172.78, 245.81, 98.02, 30.6, 63.9, 125, 64.56, 87.89, , , , , 
1/31/2020 2:08:38 AM, 3287.25, 9217, 1647.5, 327.68, 222.6, 163.93, 323.87, 172.78, 245.81, 98.02, 30.6, 63.9, 125, 64.56, 87.89, , , , , 
1/31/2020 2:08:41 AM, 3287.25, 9217, 1647.5, 327.68, 222.6, 163.93, 323.87, 172.78, 245.81, 98.02, 30.6, 63.9, 125, 64.56, 87.89, , , , , 
1/31/2020 2:08:44 AM, 3287.25, 9217, 1647.5, 327.68, 222.6, 163.93, 323.87, 172.78, 245.81, 98.02, 30.6, 63.9, 125, 64.56, 87.89, , , , , 
1/31/2020 2:08:47 AM, 3287.25, 9217, 1647.5, 327.68, 222.6, 163.93, 323.87, 172.78, 245.81, 98.02, 30.6, 63.9, 125, 64.56, 87.89, , , , , 
1/31/2020 2:08:50 AM, 3287.25, 9217, 1647.5, 327.68, 222.6, 163.93, 323.87, 172.78, 245.81, 98.02, 30.6, 63.9, 125, 64.56, 87.89, , , , , 
1/31/2020 2:08:53 AM, 3287.25, 9217, 1647.5, 327.68, 222.6, 163.93, 323.87, 172.78, 245.81, 98.02, 30.6, 63.9, 125, 64.56, 87.89, , , , , 
1/31/2020 2:08:56 AM, 3287.25, 9217, 1647.5, 327.68, 222.6, 163.93, 323.87, 172.78, 245.81, 98.02, 30.6, 63.9, 125, 64.56, 87.89, , , , , 
1/31/2020 2:08:59 AM, 3287.25, 9217, 1647.5, 327.68, 222.6, 163.93, 323.87, 172.78, 245.81, 98.02, 30.6, 63.9, 125, 64.56, 87.89, , , , , 
1/31/2020 2:09:02 AM, 3287.25, 9217, 1647.5, 327.68, 222.6, 163.93, 323.87, 172.78, 245.81, 98.02, 30.6, 63.9, 125, 64.56, 87.89, , , , , 
1/31/2020 2:09:05 AM, 3287.25, 9217, 1647.5, 327.68, 222.6, 163.93, 323.87, 172.78, 245.81, 98.02, 30.6, 63.9, 125, 64.56, 87.89, , , , , 
1/31/2020 2:09:08 AM, 3287.25, 9217, 1647.5, 327.68, 222.6, 163.93, 323.87, 172.78, 245.81, 98.02, 30.6, 63.9, 125, 64.56, 87.89, , , , , 
1/31/2020 2:09:12 AM, 3287.25, 9217, 1647.5, 327.68, 222.6, 163.93, 323.87, 172.78, 245.81, 98.02, 30.6, 63.9, 125, 64.56, 87.89, , , , , 
1/31/2020 2:09:15 AM, 3287.25, 9217, 1647.5, 327.68, 222.6, 163.93, 323.87, 172.78, 245.81, 98.02, 30.6, 63.9, 125, 64.56, 87.89, , , , , 
1/31/2020 2:09:18 AM, 3287.25, 9217, 1647.5, 327.68, 222.6, 163.93, 323.87, 172.78, 245.81, 98.02, 30.6, 63.9, 125, 64.56, 87.89, , , , , 
1/31/2020 2:09:21 AM, 3287.25, 9217, 1647.5, 327.68, 222.6, 163.93, 323.87, 172.78, 245.81, 98.02, 30.6, 63.9, 125, 64.56, 87.89, , , , , 
1/31/2020 2:09:24 AM, 3287.25, 9217, 1647.5, 327.68, 222.6, 163.93, 323.87, 172.78, 245.81, 98.02, 30.6, 63.9, 125, 64.56, 87.89, , , , , 
1/31/2020 2:09:27 AM, 3287.25, 9217, 1647.5, 327.68, 222.6, 163.93, 323.87, 172.78, 245.81, 98.02, 30.6, 63.9, 125, 64.56, 87.89, , , , , 
1/31/2020 2:09:30 AM, 3287.5, 9217.5, 1647.5, 327.68, 222.6, 163.93, 323.87, 172.78, 245.81, 98.02, 30.6, 63.9, 125, 64.56, 87.89, , , , , 
1/31/2020 2:09:33 AM, 3287.5, 9217.25, 1647.6, 327.68, 222.6, 163.93, 323.87, 172.78, 245.81, 98.02, 30.6, 63.9, 125, 64.56, 87.89, , , , , 
1/31/2020 2:09:36 AM, 3287.25, 9215.5, 1647.6, 327.68, 222.6, 163.93, 323.87, 172.78, 245.81, 98.02, 30.6, 63.9, 125, 64.56, 87.89, , , , , 
1/31/2020 2:09:39 AM, 3287.25, 9216.75, 1647.6, 327.68, 222.6, 163.93, 323.87, 172.78, 245.81, 98.02, 30.6, 63.9, 125, 64.56, 87.89, , , , , 
1/31/2020 2:09:42 AM, 3287.5, 9217.25, 1647.6, 327.68, 222.6, 163.93, 323.87, 172.78, 245.81, 98.02, 30.6, 63.9, 125, 64.56, 87.89, , , , , 
1/31/2020 2:09:45 AM, 3287.5, 9218.75, 1647.6, 327.68, 222.6, 163.93, 323.87, 172.78, 245.81, 98.02, 30.6, 63.9, 125, 64.56, 87.89, , , , , 
1/31/2020 2:09:48 AM, 3287.5, 9218.5, 1647.6, 327.68, 222.6, 163.93, 323.87, 172.78, 245.81, 98.02, 30.6, 63.9, 125, 64.56, 87.89, , , , , 
1/31/2020 2:09:51 AM, 3287.5, 9218.75, 1647.6, 327.68, 222.6, 163.93, 323.87, 172.78, 245.81, 98.02, 30.6, 63.9, 125, 64.56, 87.89, , , , , 
1/31/2020 2:09:54 AM, 3287.5, 9218.25, 1647.6, 327.68, 222.6, 163.93, 323.87, 172.78, 245.81, 98.02, 30.6, 63.9, 125, 64.56, 87.89, , , , , 
1/31/2020 2:09:57 AM, 3287.5, 9217.75, 1647.6, 327.68, 222.6, 163.93, 323.87, 172.78, 245.81, 98.02, 30.6, 63.9, 125, 64.56, 87.89, , , , , 
1/31/2020 2:10:00 AM, 3287.5, 9217.75, 1647.6, 327.68, 222.6, 163.93, 323.87, 172.78, 245.81, 98.02, 30.6, 63.9, 125, 64.56, 87.89, , , , , 
1/31/2020 2:10:03 AM, 3287.5, 9218.25, 1647.6, 327.68, 222.6, 163.93, 323.87, 172.78, 245.81, 98.02, 30.6, 63.9, 125, 64.56, 87.89, , , , , 
1/31/2020 2:10:06 AM, 3287.5, 9218.25, 1647.6, 327.68, 222.6, 163.93, 323.87, 172.78, 245.81, 98.02, 30.6, 63.9, 125, 64.56, 87.89, , , , , 
1/31/2020 2:10:09 AM, 3287.5, 9218.25, 1647.6, 327.68, 222.6, 163.93, 323.87, 172.78, 245.81, 98.02, 30.6, 63.9, 125, 64.56, 87.89, , , , , 
1/31/2020 2:10:12 AM, 3287.5, 9218.5, 1647.6, 327.68, 222.6, 163.93, 323.87, 172.78, 245.81, 98.02, 30.6, 63.9, 125, 64.56, 87.89, , , , , 
1/31/2020 2:10:15 AM, 3287.5, 9218.5, 1647.6, 327.68, 222.6, 163.93, 323.87, 172.78, 245.81, 98.02, 30.6, 63.9, 125, 64.56, 87.89, , , , , 
1/31/2020 2:10:18 AM, 3287.5, 9218.5, 1647.6, 327.68, 222.6, 163.93, 323.87, 172.78, 245.81, 98.02, 30.6, 63.9, 125, 64.56, 87.89, , , , , 
1/31/2020 2:10:21 AM, 3287.5, 9218.5, 1647.6, 327.68, 222.6, 163.93, 323.87, 172.78, 245.81, 98.02, 30.6, 63.9, 125, 64.56, 87.89, , , , , 
1/31/2020 2:10:24 AM, 3287.5, 9218.5, 1647.6, 327.68, 222.6, 163.93, 323.87, 172.78, 245.81, 98.02, 30.6, 63.9, 125, 64.56, 87.89, , , , , 
1/31/2020 2:10:27 AM, 3287.5, 9218.5, 1647.6, 327.68, 222.6, 163.93, 323.87, 172.78, 245.81, 98.02, 30.6, 63.9, 125, 64.56, 87.89, , , , , 
1/31/2020 2:10:30 AM, 3287.5, 9218.75, 1647.6, 327.68, 222.6, 163.93, 323.87, 172.78, 245.81, 98.02, 30.6, 63.9, 125, 64.56, 87.89, , , , , 
1/31/2020 2:10:33 AM, 3287.5, 9219.25, 1647.6, 327.68, 222.6, 163.93, 323.87, 172.78, 245.81, 98.02, 30.6, 63.9, 125, 64.56, 87.89, , , , , 
1/31/2020 2:10:36 AM, 3287.5, 9219, 1647.6, 327.68, 222.6, 163.93, 323.87, 172.78, 245.81, 98.02, 30.6, 63.9, 125, 64.56, 87.89, , , , , 
1/31/2020 2:10:39 AM, 3287.5, 9219, 1647.6, 327.68, 222.6, 163.93, 323.87, 172.78, 245.81, 98.02, 30.6, 63.9, 125, 64.56, 87.89, , , , , 
1/31/2020 2:10:42 AM, 3287.5, 9219, 1647.6, 327.68, 222.6, 163.93, 323.87, 172.78, 245.81, 98.02, 30.6, 63.9, 125, 64.56, 87.89, , , , , 
1/31/2020 2:10:45 AM, 3287.5, 9218.75, 1647.6, 327.68, 222.6, 163.93, 323.87, 172.78, 245.81, 98.02, 30.6, 63.9, 125, 64.56, 87.89, , , , , 
1/31/2020 2:10:48 AM, 3287.5, 9218.5, 1647.6, 327.68, 222.6, 163.93, 323.87, 172.78, 245.81, 98.02, 30.6, 63.9, 125, 64.56, 87.89, , , , , 
1/31/2020 2:10:51 AM, 3287.5, 9218.5, 1647.6, 327.68, 222.6, 163.93, 323.87, 172.78, 245.81, 98.02, 30.6, 63.9, 125, 64.56, 87.89, , , , , 
1/31/2020 2:10:54 AM, 3287.5, 9218.5, 1647.6, 327.68, 222.6, 163.93, 323.87, 172.78, 245.81, 98.02, 30.6, 63.9, 125, 64.56, 87.89, , , , , 
1/31/2020 2:10:57 AM, 3287.25, 9218.75, 1647.6, 327.68, 222.6, 163.93, 323.87, 172.78, 245.81, 98.02, 30.6, 63.9, 125, 64.56, 87.89, , , , , 
1/31/2020 2:11:00 AM, 3287.25, 9218.75, 1647.6, 327.68, 222.6, 163.93, 323.87, 172.78, 245.81, 98.02, 30.6, 63.9, 125, 64.56, 87.89, , , , , 
1/31/2020 2:11:03 AM, 3287.25, 9218.75, 1647.6, 327.68, 222.6, 163.93, 323.87, 172.78, 245.81, 98.02, 30.6, 63.9, 125, 64.56, 87.89, , , , , 
1/31/2020 2:11:06 AM, 3287.25, 9218.75, 1647.6, 327.68, 222.6, 163.93, 323.87, 172.78, 245.81, 98.02, 30.6, 63.9, 125, 64.56, 87.89, , , , , 
1/31/2020 2:11:09 AM, 3287, 9218.25, 1647.4, 327.68, 222.6, 163.93, 323.87, 172.78, 245.81, 98.02, 30.6, 63.9, 125, 64.56, 87.89, , , , , 
1/31/2020 2:11:12 AM, 3287, 9218.25, 1647.4, 327.68, 222.6, 163.93, 323.87, 172.78, 245.81, 98.02, 30.6, 63.9, 125, 64.56, 87.89, , , , , 
1/31/2020 2:11:15 AM, 3287.25, 9218.25, 1647.6, 327.68, 222.6, 163.93, 323.87, 172.78, 245.81, 98.02, 30.6, 63.9, 125, 64.56, 87.89, , , , , 
1/31/2020 2:11:18 AM, 3287.25, 9218.25, 1647.6, 327.68, 222.6, 163.93, 323.87, 172.78, 245.81, 98.02, 30.6, 63.9, 125, 64.56, 87.89, , , , , 
1/31/2020 2:11:21 AM, 3287, 9218.25, 1647.6, 327.68, 222.6, 163.93, 323.87, 172.78, 245.81, 98.02, 30.6, 63.9, 125, 64.56, 87.89, , , , , 
1/31/2020 2:11:24 AM, 3287, 9218.25, 1647.6, 327.68, 222.6, 163.93, 323.87, 172.78, 245.81, 98.02, 30.6, 63.9, 125, 64.56, 87.89, , , , , 
1/31/2020 2:11:27 AM, 3287, 9219, 1647.4, 327.68, 222.6, 163.93, 323.87, 172.78, 245.81, 98.02, 30.6, 63.9, 125, 64.56, 87.89, , , , , 
1/31/2020 2:11:30 AM, 3287.5, 9219.5, 1647.6, 327.68, 222.6, 163.93, 323.87, 172.78, 245.81, 98.02, 30.6, 63.9, 125, 64.56, 87.89, , , , , 
1/31/2020 2:11:34 AM, 3287.5, 9220, 1647.6, 327.68, 222.6, 163.93, 323.87, 172.78, 245.81, 98.02, 30.6, 63.9, 125, 64.56, 87.89, , , , , 
1/31/2020 2:11:37 AM, 3287.5, 9220.25, 1647.6, 327.68, 222.6, 163.93, 323.87, 172.78, 245.81, 98.02, 30.6, 63.9, 125, 64.56, 87.89, , , , , 
1/31/2020 2:11:40 AM, 3287.5, 9220.25, 1647.6, 327.68, 222.6, 163.93, 323.87, 172.78, 245.81, 98.02, 30.6, 63.9, 125, 64.56, 87.89, , , , , 
1/31/2020 2:11:43 AM, 3287.5, 9219.75, 1647.6, 327.68, 222.6, 163.93, 323.87, 172.78, 245.81, 98.02, 30.6, 63.9, 125, 64.56, 87.89, , , , , 
1/31/2020 2:11:46 AM, 3287.5, 9219.75, 1647.6, 327.68, 222.6, 163.93, 323.87, 172.78, 245.81, 98.02, 30.6, 63.9, 125, 64.56, 87.89, , , , , 
1/31/2020 2:11:49 AM, 3287.75, 9219.75, 1647.6, 327.68, 222.6, 163.93, 323.87, 172.78, 245.81, 98.02, 30.6, 63.9, 125, 64.56, 87.89, , , , , 
1/31/2020 2:11:52 AM, 3287.75, 9219.75, 1647.6, 327.68, 222.6, 163.93, 323.87, 172.78, 245.81, 98.02, 30.6, 63.9, 125, 64.56, 87.89, , , , , 
1/31/2020 2:11:55 AM, 3288, 9221.75, 1647.8, 327.68, 222.6, 163.93, 323.87, 172.78, 245.81, 98.02, 30.6, 63.9, 125, 64.56, 87.89, , , , , 
1/31/2020 2:11:58 AM, 3288, 9221.75, 1647.9, 327.68, 222.6, 163.93, 323.87, 172.78, 245.81, 98.02, 30.6, 63.9, 125, 64.56, 87.89, , , , , 
1/31/2020 2:12:01 AM, 3288, 9221.75, 1647.9, 327.68, 222.6, 163.93, 323.87, 172.78, 245.81, 98.02, 30.6, 63.9, 125, 64.56, 87.89, , , , , 
1/31/2020 2:12:04 AM, 3288.25, 9222.25, 1647.9, 327.68, 222.6, 163.93, 323.87, 172.78, 245.81, 98.02, 30.6, 63.9, 125, 64.56, 87.89, , , , , 
1/31/2020 2:12:07 AM, 3288.25, 9222.25, 1648, 327.68, 222.6, 163.93, 323.87, 172.78, 245.81, 98.02, 30.6, 63.9, 125, 64.56, 87.89, , , , , 
1/31/2020 2:12:10 AM, 3288.25, 9221.75, 1648, 327.68, 222.6, 163.93, 323.87, 172.78, 245.81, 98.02, 30.6, 63.9, 125, 64.56, 87.89, , , , , 
1/31/2020 2:12:13 AM, 3288.25, 9222, 1648, 327.68, 222.6, 163.93, 323.87, 172.78, 245.81, 98.02, 30.6, 63.9, 125, 64.56, 87.89, , , , , 
1/31/2020 2:12:16 AM, 3288.25, 9221.5, 1648, 327.68, 222.6, 163.93, 323.87, 172.78, 245.81, 98.02, 30.6, 63.9, 125, 64.56, 87.89, , , , , 
1/31/2020 2:12:19 AM, 3288.25, 9222, 1648, 327.68, 222.6, 163.93, 323.87, 172.78, 245.81, 98.02, 30.6, 63.9, 125, 64.56, 87.89, , , , , 
1/31/2020 2:12:22 AM, 3288.25, 9221.75, 1648, 327.68, 222.6, 163.93, 323.87, 172.78, 245.81, 98.02, 30.6, 63.9, 125, 64.56, 87.89, , , , , 
1/31/2020 2:12:25 AM, 3288.25, 9221.75, 1648, 327.68, 222.6, 163.93, 323.87, 172.78, 245.81, 98.02, 30.6, 63.9, 125, 64.56, 87.89, , , , , 
1/31/2020 2:12:28 AM, 3288.25, 9222, 1648, 327.68, 222.6, 163.93, 323.87, 172.78, 245.81, 98.02, 30.6, 63.9, 125, 64.56, 87.89, , , , , 
1/31/2020 2:12:31 AM, 3288.25, 9222, 1648, 327.68, 222.6, 163.93, 323.87, 172.78, 245.81, 98.02, 30.6, 63.9, 125, 64.56, 87.89, , , , , 
1/31/2020 2:12:34 AM, 3288, 9221.75, 1648, 327.68, 222.6, 163.93, 323.87, 172.78, 245.81, 98.02, 30.6, 63.9, 125, 64.56, 87.89, , , , , 
1/31/2020 2:12:37 AM, 3288.25, 9221.5, 1648, 327.68, 222.6, 163.93, 323.87, 172.78, 245.81, 98.02, 30.6, 63.9, 125, 64.56, 87.89, , , , , 
1/31/2020 2:12:40 AM, 3288.25, 9222.25, 1648, 327.68, 222.6, 163.93, 323.87, 172.78, 245.81, 98.02, 30.6, 63.9, 125, 64.56, 87.89, , , , , 
1/31/2020 2:12:43 AM, 3288.25, 9222, 1648, 327.68, 222.6, 163.93, 323.87, 172.78, 245.81, 98.02, 30.6, 63.9, 125, 64.56, 87.89, , , , , 
1/31/2020 2:12:46 AM, 3288.25, 9222.5, 1648, 327.68, 222.6, 163.93, 323.87, 172.78, 245.81, 98.02, 30.6, 63.9, 125, 64.56, 87.89, , , , , 
1/31/2020 2:12:49 AM, 3288.25, 9222.5, 1648, 327.68, 222.6, 163.93, 323.87, 172.78, 245.81, 98.02, 30.6, 63.9, 125, 64.56, 87.89, , , , , 
1/31/2020 2:12:52 AM, 3288.25, 9222, 1648, 327.68, 222.6, 163.93, 323.87, 172.78, 245.81, 98.02, 30.6, 63.9, 125, 64.56, 87.89, , , , , 
1/31/2020 2:12:55 AM, 3287.75, 9220.5, 1647.8, 327.68, 222.6, 163.93, 323.87, 172.78, 245.81, 98.02, 30.6, 63.9, 125, 64.56, 87.89, , , , , 
1/31/2020 2:12:58 AM, 3287.75, 9220.25, 1647.8, 327.68, 222.6, 163.93, 323.87, 172.78, 245.81, 98.02, 30.6, 63.9, 125, 64.56, 87.89, , , , , 
1/31/2020 2:13:01 AM, 3287.75, 9220.25, 1647.8, 327.68, 222.6, 163.93, 323.87, 172.78, 245.81, 98.02, 30.6, 63.9, 125, 64.56, 87.89, , , , , 
1/31/2020 2:13:04 AM, 3287.75, 9219.25, 1647.8, 327.68, 222.6, 163.93, 323.87, 172.78, 245.81, 98.02, 30.6, 63.9, 125, 64.56, 87.89, , , , , 
1/31/2020 2:13:07 AM, 3287.25, 9218.25, 1647.5, 327.68, 222.6, 163.93, 323.87, 172.78, 245.81, 98.02, 30.6, 63.9, 125, 64.56, 87.89, , , , , 
1/31/2020 2:13:10 AM, 3287.25, 9218.25, 1647.5, 327.68, 222.6, 163.93, 323.87, 172.78, 245.81, 98.02, 30.6, 63.9, 125, 64.56, 87.89, , , , , 
1/31/2020 2:13:13 AM, 3287.25, 9218.25, 1647.5, 327.68, 222.6, 163.93, 323.87, 172.78, 245.81, 98.02, 30.6, 63.9, 125, 64.56, 87.89, , , , , 
1/31/2020 2:13:16 AM, 3287.25, 9218, 1647.5, 327.68, 222.6, 163.93, 323.87, 172.78, 245.81, 98.02, 30.6, 63.9, 125, 64.56, 87.89, , , , , 
1/31/2020 2:13:19 AM, 3287.25, 9217.75, 1647.4, 327.68, 222.6, 163.93, 323.87, 172.78, 245.81, 98.02, 30.6, 63.9, 125, 64.56, 87.89, , , , , 
1/31/2020 2:13:22 AM, 3287.25, 9217.5, 1647.4, 327.68, 222.6, 163.93, 323.87, 172.78, 245.81, 98.02, 30.6, 63.9, 125, 64.56, 87.89, , , , , 
1/31/2020 2:13:25 AM, 3287.25, 9217.25, 1647.4, 327.68, 222.6, 163.93, 323.87, 172.78, 245.81, 98.02, 30.6, 63.9, 125, 64.56, 87.89, , , , , 
1/31/2020 2:13:28 AM, 3287.25, 9217.25, 1647.4, 327.68, 222.6, 163.93, 323.87, 172.78, 245.81, 98.02, 30.6, 63.9, 125, 64.56, 87.89, , , , , 
1/31/2020 2:13:31 AM, 3287.25, 9217.25, 1647.4, 327.68, 222.6, 163.93, 323.87, 172.78, 245.81, 98.02, 30.6, 63.9, 125, 64.56, 87.89, , , , , 
1/31/2020 2:13:34 AM, 3287, 9217, 1647.3, 327.68, 222.6, 163.93, 323.87, 172.78, 245.81, 98.02, 30.6, 63.9, 125, 64.56, 87.89, , , , , 
1/31/2020 2:13:37 AM, 3287, 9216.5, 1647.3, 327.68, 222.6, 163.93, 323.87, 172.78, 245.81, 98.02, 30.6, 63.9, 125, 64.56, 87.89, , , , , 
1/31/2020 2:13:40 AM, 3286.75, 9216.75, 1647.3, 327.68, 222.6, 163.93, 323.87, 172.78, 245.81, 98.02, 30.6, 63.9, 125, 64.56, 87.89, , , , , 
1/31/2020 2:13:43 AM, 3287, 9216.75, 1647.3, 327.68, 222.6, 163.93, 323.87, 172.78, 245.81, 98.02, 30.6, 63.9, 125, 64.56, 87.89, , , , , 
1/31/2020 2:13:46 AM, 3286.75, 9216.25, 1647.3, 327.68, 222.6, 163.93, 323.87, 172.78, 245.81, 98.02, 30.6, 63.9, 125, 64.56, 87.89, , , , , 
1/31/2020 2:13:49 AM, 3286.75, 9216.75, 1647.3, 327.68, 222.6, 163.93, 323.87, 172.78, 245.81, 98.02, 30.6, 63.9, 125, 64.56, 87.89, , , , , 
1/31/2020 2:13:52 AM, 3286.75, 9217, 1647.3, 327.68, 222.6, 163.93, 323.87, 172.78, 245.81, 98.02, 30.6, 63.9, 125, 64.56, 87.89, , , , , 
1/31/2020 2:13:55 AM, 3286.75, 9217, 1647.3, 327.68, 222.6, 163.93, 323.87, 172.78, 245.81, 98.02, 30.6, 63.9, 125, 64.56, 87.89, , , , , 
1/31/2020 2:13:59 AM, 3286.75, 9217, 1647.3, 327.68, 222.6, 163.93, 323.87, 172.78, 245.81, 98.02, 30.6, 63.9, 125, 64.56, 87.89, , , , , 
1/31/2020 2:14:02 AM, 3286.75, 9217, 1647.3, 327.68, 222.6, 163.93, 323.87, 172.78, 245.81, 98.02, 30.6, 63.9, 125, 64.56, 87.89, , , , , 
1/31/2020 2:14:05 AM, 3286.75, 9217, 1647.3, 327.68, 222.6, 163.93, 323.87, 172.78, 245.81, 98.02, 30.6, 63.9, 125, 64.56, 87.89, , , , , 
1/31/2020 2:14:08 AM, 3286.75, 9217.25, 1647.3, 327.68, 222.6, 163.93, 323.87, 172.78, 245.81, 98.02, 30.6, 63.9, 125, 64.56, 87.89, , , , , 
1/31/2020 2:14:11 AM, 3286.75, 9217.5, 1647.3, 327.68, 222.6, 163.93, 323.87, 172.78, 245.81, 98.02, 30.6, 63.9, 125, 64.56, 87.89, , , , , 
1/31/2020 2:14:14 AM, 3286.75, 9217.5, 1647.3, 327.68, 222.6, 163.93, 323.87, 172.78, 245.81, 98.02, 30.6, 63.9, 125, 64.56, 87.89, , , , , 
1/31/2020 2:14:17 AM, 3286.75, 9217.75, 1647.3, 327.68, 222.6, 163.93, 323.87, 172.78, 245.81, 98.02, 30.6, 63.9, 125, 64.56, 87.89, , , , , 
1/31/2020 2:14:20 AM, 3286.75, 9217.25, 1647.3, 327.68, 222.6, 163.93, 323.87, 172.78, 245.81, 98.02, 30.6, 63.9, 125, 64.56, 87.89, , , , , 
1/31/2020 2:14:23 AM, 3286.75, 9217.25, 1647.3, 327.68, 222.6, 163.93, 323.87, 172.78, 245.81, 98.02, 30.6, 63.9, 125, 64.56, 87.89, , , , , 
1/31/2020 2:14:26 AM, 3286.75, 9217.75, 1647.3, 327.68, 222.6, 163.93, 323.87, 172.78, 245.81, 98.02, 30.6, 63.9, 125, 64.56, 87.89, , , , , 
1/31/2020 2:14:29 AM, 3286.75, 9217.75, 1647.3, 327.68, 222.6, 163.93, 323.87, 172.78, 245.81, 98.02, 30.6, 63.9, 125, 64.56, 87.89, , , , , 
1/31/2020 2:14:32 AM, 3286.75, 9217.25, 1647.3, 327.68, 222.6, 163.93, 323.87, 172.78, 245.81, 98.02, 30.6, 63.9, 125, 64.56, 87.89, , , , , 
1/31/2020 2:14:35 AM, 3286.5, 9217.25, 1647.3, 327.68, 222.6, 163.93, 323.87, 172.78, 245.81, 98.02, 30.6, 63.9, 125, 64.56, 87.89, , , , , 
1/31/2020 2:14:38 AM, 3286.5, 9216.5, 1647.3, 327.68, 222.6, 163.93, 323.87, 172.78, 245.81, 98.02, 30.6, 63.9, 125, 64.56, 87.89, , , , , 
1/31/2020 2:14:41 AM, 3286.75, 9217.5, 1647.2, 327.68, 222.6, 163.93, 323.87, 172.78, 245.81, 98.02, 30.6, 63.9, 125, 64.56, 87.89, , , , , 
1/31/2020 2:14:44 AM, 3287, 9217.5, 1647.2, 327.68, 222.6, 163.93, 323.87, 172.78, 245.81, 98.02, 30.6, 63.9, 125, 64.56, 87.89, , , , , 
1/31/2020 2:14:47 AM, 3287, 9217.5, 1647.2, 327.68, 222.6, 163.93, 323.87, 172.78, 245.81, 98.02, 30.6, 63.9, 125, 64.56, 87.89, , , , , 
1/31/2020 2:14:50 AM, 3287, 9217.5, 1647.2, 327.68, 222.6, 163.93, 323.87, 172.78, 245.81, 98.02, 30.6, 63.9, 125, 64.56, 87.89, , , , , 
1/31/2020 2:14:53 AM, 3287, 9217.75, 1647.3, 327.68, 222.6, 163.93, 323.87, 172.78, 245.81, 98.02, 30.6, 63.9, 125, 64.56, 87.89, , , , , 
1/31/2020 2:14:56 AM, 3287, 9217.75, 1647.3, 327.68, 222.6, 163.93, 323.87, 172.78, 245.81, 98.02, 30.6, 63.9, 125, 64.56, 87.89, , , , , 
1/31/2020 2:14:59 AM, 3287, 9217.75, 1647.3, 327.68, 222.6, 163.93, 323.87, 172.78, 245.81, 98.02, 30.6, 63.9, 125, 64.56, 87.89, , , , , 
1/31/2020 2:15:02 AM, 3286.75, 9217, 1647.3, 327.68, 222.6, 163.93, 323.87, 172.78, 245.81, 98.02, 30.6, 63.9, 125, 64.56, 87.89, , , , , 
1/31/2020 2:15:05 AM, 3286.75, 9217, 1647.3, 327.68, 222.6, 163.93, 323.87, 172.78, 245.81, 98.02, 30.6, 63.9, 125, 64.56, 87.89, , , , , 
1/31/2020 2:15:08 AM, 3286.75, 9217.25, 1647.3, 327.68, 222.6, 163.93, 323.87, 172.78, 245.81, 98.02, 30.6, 63.9, 125, 64.56, 87.89, , , , , 
1/31/2020 2:15:11 AM, 3286.75, 9217.25, 1647.3, 327.68, 222.6, 163.93, 323.87, 172.78, 245.81, 98.02, 30.6, 63.9, 125, 64.56, 87.89, , , , , 
1/31/2020 2:15:14 AM, 3286.75, 9217, 1647.2, 327.68, 222.6, 163.93, 323.87, 172.78, 245.81, 98.02, 30.6, 63.9, 125, 64.56, 87.89, , , , , 
1/31/2020 2:15:17 AM, 3286.5, 9217, 1647.2, 327.68, 222.6, 163.93, 323.87, 172.78, 245.81, 98.02, 30.6, 63.9, 125, 64.56, 87.89, , , , , 
1/31/2020 2:15:20 AM, 3286.5, 9217.25, 1647.2, 327.68, 222.6, 163.93, 323.87, 172.78, 245.81, 98.02, 30.6, 63.9, 125, 64.56, 87.89, , , , , 
1/31/2020 2:15:23 AM, 3286.5, 9217.25, 1647.2, 327.68, 222.6, 163.93, 323.87, 172.78, 245.81, 98.02, 30.6, 63.9, 125, 64.56, 87.89, , , , , 
1/31/2020 2:15:26 AM, 3286.5, 9217.25, 1647.2, 327.68, 222.6, 163.93, 323.87, 172.78, 245.81, 98.02, 30.6, 63.9, 125, 64.56, 87.89, , , , , 
1/31/2020 2:15:29 AM, 3286.5, 9217.25, 1647.2, 327.68, 222.6, 163.93, 323.87, 172.78, 245.81, 98.02, 30.6, 63.9, 125, 64.56, 87.89, , , , , 
1/31/2020 2:15:32 AM, 3286.5, 9217.5, 1647.2, 327.68, 222.6, 163.93, 323.87, 172.78, 245.81, 98.02, 30.6, 63.9, 125, 64.56, 87.89, , , , , 
1/31/2020 2:15:35 AM, 3286.5, 9217.5, 1647.2, 327.68, 222.6, 163.93, 323.87, 172.78, 245.81, 98.02, 30.6, 63.9, 125, 64.56, 87.89, , , , , 
1/31/2020 2:15:38 AM, 3286.5, 9217.25, 1647.2, 327.68, 222.6, 163.93, 323.87, 172.78, 245.81, 98.02, 30.6, 63.9, 125, 64.56, 87.89, , , , , 
1/31/2020 2:15:41 AM, 3286.5, 9217.25, 1647.2, 327.68, 222.6, 163.93, 323.87, 172.78, 245.81, 98.02, 30.6, 63.9, 125, 64.56, 87.89, , , , , 
1/31/2020 2:15:44 AM, 3286.75, 9217, 1647.2, 327.68, 222.6, 163.93, 323.87, 172.78, 245.81, 98.02, 30.6, 63.9, 125, 64.56, 87.89, , , , , 
1/31/2020 2:15:47 AM, 3286.5, 9217, 1647.2, 327.68, 222.6, 163.93, 323.87, 172.78, 245.81, 98.02, 30.6, 63.9, 125, 64.56, 87.89, , , , , 
1/31/2020 2:15:50 AM, 3286.75, 9217.25, 1647.2, 327.68, 222.6, 163.93, 323.87, 172.78, 245.81, 98.02, 30.6, 63.9, 125, 64.56, 87.89, , , , , 
1/31/2020 2:15:53 AM, 3286.75, 9217.5, 1647.2, 327.68, 222.6, 163.93, 323.87, 172.78, 245.81, 98.02, 30.6, 63.9, 125, 64.56, 87.89, , , , , 
1/31/2020 2:15:56 AM, 3286.75, 9217.75, 1647.2, 327.68, 222.6, 163.93, 323.87, 172.78, 245.81, 98.02, 30.6, 63.9, 125, 64.56, 87.89, , , , , 
1/31/2020 2:15:59 AM, 3286.75, 9217.5, 1647.2, 327.68, 222.6, 163.93, 323.87, 172.78, 245.81, 98.02, 30.6, 63.9, 125, 64.56, 87.89, , , , , 
1/31/2020 2:16:02 AM, 3286.75, 9217.5, 1647.2, 327.68, 222.6, 163.93, 323.87, 172.78, 245.81, 98.02, 30.6, 63.9, 125, 64.56, 87.89, , , , , 
1/31/2020 2:16:05 AM, 3286.75, 9217.5, 1647.2, 327.68, 222.6, 163.93, 323.87, 172.78, 245.81, 98.02, 30.6, 63.9, 125, 64.56, 87.89, , , , , 
1/31/2020 2:16:08 AM, 3286.75, 9217.5, 1647.2, 327.68, 222.6, 163.93, 323.87, 172.78, 245.81, 98.02, 30.6, 63.9, 125, 64.56, 87.89, , , , , 
1/31/2020 2:16:11 AM, 3286.75, 9217.5, 1647.2, 327.68, 222.6, 163.93, 323.87, 172.78, 245.81, 98.02, 30.6, 63.9, 125, 64.56, 87.89, , , , , 
1/31/2020 2:16:14 AM, 3286.5, 9217.5, 1647.2, 327.68, 222.6, 163.93, 323.87, 172.78, 245.81, 98.02, 30.6, 63.9, 125, 64.56, 87.89, , , , , 
1/31/2020 2:16:17 AM, 3286.5, 9217.5, 1647.2, 327.68, 222.6, 163.93, 323.87, 172.78, 245.81, 98.02, 30.6, 63.9, 125, 64.56, 87.89, , , , , 
1/31/2020 2:16:20 AM, 3286.5, 9216.75, 1647.2, 327.68, 222.6, 163.93, 323.87, 172.78, 245.81, 98.02, 30.6, 63.9, 125, 64.56, 87.89, , , , , 
1/31/2020 2:16:23 AM, 3286.5, 9216.5, 1647.1, 327.68, 222.6, 163.93, 323.87, 172.78, 245.81, 98.02, 30.6, 63.9, 125, 64.56, 87.89, , , , , 
1/31/2020 2:16:27 AM, 3286.5, 9216.25, 1647.1, 327.68, 222.6, 163.93, 323.87, 172.78, 245.81, 98.02, 30.6, 63.9, 125, 64.56, 87.89, , , , , 
1/31/2020 2:16:30 AM, 3286.5, 9216.25, 1647.1, 327.68, 222.6, 163.93, 323.87, 172.78, 245.81, 98.02, 30.6, 63.9, 125, 64.56, 87.89, , , , , 
1/31/2020 2:16:33 AM, 3286.5, 9216.25, 1647.1, 327.68, 222.6, 163.93, 323.87, 172.78, 245.81, 98.02, 30.6, 63.9, 125, 64.56, 87.89, , , , , 
1/31/2020 2:16:36 AM, 3286.5, 9216.25, 1647.1, 327.68, 222.6, 163.93, 323.87, 172.78, 245.81, 98.02, 30.6, 63.9, 125, 64.56, 87.89, , , , , 
1/31/2020 2:16:39 AM, 3286.5, 9216.5, 1647.1, 327.68, 222.6, 163.93, 323.87, 172.78, 245.81, 98.02, 30.6, 63.9, 125, 64.56, 87.89, , , , , 
1/31/2020 2:16:42 AM, 3286.5, 9216.5, 1647.1, 327.68, 222.6, 163.93, 323.87, 172.78, 245.81, 98.02, 30.6, 63.9, 125, 64.56, 87.89, , , , , 
1/31/2020 2:16:45 AM, 3286.5, 9216.5, 1647.1, 327.68, 222.6, 163.93, 323.87, 172.78, 245.81, 98.02, 30.6, 63.9, 125, 64.56, 87.89, , , , , 
1/31/2020 2:16:48 AM, 3286.5, 9216.25, 1647.1, 327.68, 222.6, 163.93, 323.87, 172.78, 245.81, 98.02, 30.6, 63.9, 125, 64.56, 87.89, , , , , 
1/31/2020 2:16:51 AM, 3286.25, 9216, 1647.1, 327.68, 222.6, 163.93, 323.87, 172.78, 245.81, 98.02, 30.6, 63.9, 125, 64.56, 87.89, , , , , 
1/31/2020 2:16:54 AM, 3286.25, 9216, 1647.1, 327.68, 222.6, 163.93, 323.87, 172.78, 245.81, 98.02, 30.6, 63.9, 125, 64.56, 87.89, , , , , 
1/31/2020 2:16:57 AM, 3286.5, 9216.5, 1647.1, 327.68, 222.6, 163.93, 323.87, 172.78, 245.81, 98.02, 30.6, 63.9, 125, 64.56, 87.89, , , , , 
1/31/2020 2:17:00 AM, 3286.5, 9216.5, 1647.1, 327.68, 222.6, 163.93, 323.87, 172.78, 245.81, 98.02, 30.6, 63.9, 125, 64.56, 87.89, , , , , 
1/31/2020 2:17:03 AM, 3286.5, 9217, 1647.1, 327.68, 222.6, 163.93, 323.87, 172.78, 245.81, 98.02, 30.6, 63.9, 125, 64.56, 87.89, , , , , 
1/31/2020 2:17:06 AM, 3286.5, 9217, 1647.1, 327.68, 222.6, 163.93, 323.87, 172.78, 245.81, 98.02, 30.6, 63.9, 125, 64.56, 87.89, , , , , 
1/31/2020 2:17:09 AM, 3286.5, 9216.75, 1647.1, 327.68, 222.6, 163.93, 323.87, 172.78, 245.81, 98.02, 30.6, 63.9, 125, 64.56, 87.89, , , , , 
1/31/2020 2:17:12 AM, 3286.5, 9215.75, 1647.1, 327.68, 222.6, 163.93, 323.87, 172.78, 245.81, 98.02, 30.6, 63.9, 125, 64.56, 87.89, , , , , 
1/31/2020 2:17:15 AM, 3286.5, 9215.75, 1647.1, 327.68, 222.6, 163.93, 323.87, 172.78, 245.81, 98.02, 30.6, 63.9, 125, 64.56, 87.89, , , , , 
1/31/2020 2:17:18 AM, 3286.5, 9216.5, 1647.1, 327.68, 222.6, 163.93, 323.87, 172.78, 245.81, 98.02, 30.6, 63.9, 125, 64.56, 87.89, , , , , 
1/31/2020 2:17:21 AM, 3286.5, 9216.5, 1647.1, 327.68, 222.6, 163.93, 323.87, 172.78, 245.81, 98.02, 30.6, 63.9, 125, 64.56, 87.89, , , , , 
1/31/2020 2:17:24 AM, 3286.5, 9216.5, 1647.1, 327.68, 222.6, 163.93, 323.87, 172.78, 245.81, 98.02, 30.6, 63.9, 125, 64.56, 87.89, , , , , 
1/31/2020 2:17:27 AM, 3286.5, 9216.75, 1647.1, 327.68, 222.6, 163.93, 323.87, 172.78, 245.81, 98.02, 30.6, 63.9, 125, 64.56, 87.89, , , , , 
1/31/2020 2:17:30 AM, 3286.5, 9216.75, 1647.1, 327.68, 222.6, 163.93, 323.87, 172.78, 245.81, 98.02, 30.6, 63.9, 125, 64.56, 87.89, , , , , 
1/31/2020 2:17:33 AM, 3286.5, 9216.25, 1647.1, 327.68, 222.6, 163.93, 323.87, 172.78, 245.81, 98.02, 30.6, 63.9, 125, 64.56, 87.89, , , , , 
1/31/2020 2:17:36 AM, 3286.25, 9216, 1647.1, 327.68, 222.6, 163.93, 323.87, 172.78, 245.81, 98.02, 30.6, 63.9, 125, 64.56, 87.89, , , , , 
1/31/2020 2:17:39 AM, 3286.25, 9216.25, 1647.1, 327.68, 222.6, 163.93, 323.87, 172.78, 245.81, 98.02, 30.6, 63.9, 125, 64.56, 87.89, , , , , 
1/31/2020 2:17:42 AM, 3286.25, 9215.75, 1647.1, 327.68, 222.6, 163.93, 323.87, 172.78, 245.81, 98.02, 30.6, 63.9, 125, 64.56, 87.89, , , , , 
1/31/2020 2:17:45 AM, 3286.25, 9215.5, 1647.1, 327.68, 222.6, 163.93, 323.87, 172.78, 245.81, 98.02, 30.6, 63.9, 125, 64.56, 87.89, , , , , 
1/31/2020 2:17:48 AM, 3286.25, 9215.5, 1647.1, 327.68, 222.6, 163.93, 323.87, 172.78, 245.81, 98.02, 30.6, 63.9, 125, 64.56, 87.89, , , , , 
1/31/2020 2:17:51 AM, 3286.25, 9216, 1647.1, 327.68, 222.6, 163.93, 323.87, 172.78, 245.81, 98.02, 30.6, 63.9, 125, 64.56, 87.89, , , , , 
1/31/2020 2:17:54 AM, 3286.25, 9216, 1647.1, 327.68, 222.6, 163.93, 323.87, 172.78, 245.81, 98.02, 30.6, 63.9, 125, 64.56, 87.89, , , , , 
1/31/2020 2:17:57 AM, 3286.25, 9215.5, 1647.1, 327.68, 222.6, 163.93, 323.87, 172.78, 245.81, 98.02, 30.6, 63.9, 125, 64.56, 87.89, , , , , 
1/31/2020 2:18:00 AM, 3286.25, 9215.5, 1647.1, 327.68, 222.6, 163.93, 323.87, 172.78, 245.81, 98.02, 30.6, 63.9, 125, 64.56, 87.89, , , , , 
1/31/2020 2:18:03 AM, 3286.25, 9215.5, 1647, 327.68, 222.6, 163.93, 323.87, 172.78, 245.81, 98.02, 30.6, 63.9, 125, 64.56, 87.89, , , , , 
1/31/2020 2:18:06 AM, 3286.25, 9215.75, 1647, 327.68, 222.6, 163.93, 323.87, 172.78, 245.81, 98.02, 30.6, 63.9, 125, 64.56, 87.89, , , , , 
1/31/2020 2:18:09 AM, 3286.25, 9215.25, 1647, 327.68, 222.6, 163.93, 323.87, 172.78, 245.81, 98.02, 30.6, 63.9, 125, 64.56, 87.89, , , , , 
1/31/2020 2:18:12 AM, 3286.5, 9216, 1647, 327.68, 222.6, 163.93, 323.87, 172.78, 245.81, 98.02, 30.6, 63.9, 125, 64.56, 87.89, , , , , 
1/31/2020 2:18:15 AM, 3286.5, 9215.5, 1647.2, 327.68, 222.6, 163.93, 323.87, 172.78, 245.81, 98.02, 30.6, 63.9, 125, 64.56, 87.89, , , , , 
1/31/2020 2:18:18 AM, 3286.75, 9216, 1647.2, 327.68, 222.6, 163.93, 323.87, 172.78, 245.81, 98.02, 30.6, 63.9, 125, 64.56, 87.89, , , , , 
1/31/2020 2:18:21 AM, 3286.75, 9216.25, 1647.2, 327.68, 222.6, 163.93, 323.87, 172.78, 245.81, 98.02, 30.6, 63.9, 125, 64.56, 87.89, , , , , 
1/31/2020 2:18:24 AM, 3286.75, 9216.25, 1647.2, 327.68, 222.6, 163.93, 323.87, 172.78, 245.81, 98.02, 30.6, 63.9, 125, 64.56, 87.89, , , , , 
1/31/2020 2:18:27 AM, 3286.75, 9216.25, 1647.2, 327.68, 222.6, 163.93, 323.87, 172.78, 245.81, 98.02, 30.6, 63.9, 125, 64.56, 87.89, , , , , 
1/31/2020 2:18:30 AM, 3286.75, 9216.25, 1647.2, 327.68, 222.6, 163.93, 323.87, 172.78, 245.81, 98.02, 30.6, 63.9, 125, 64.56, 87.89, , , , , 
1/31/2020 2:18:33 AM, 3286.75, 9216.25, 1647.3, 327.68, 222.6, 163.93, 323.87, 172.78, 245.81, 98.02, 30.6, 63.9, 125, 64.56, 87.89, , , , , 
1/31/2020 2:18:36 AM, 3286.75, 9216, 1647.3, 327.68, 222.6, 163.93, 323.87, 172.78, 245.81, 98.02, 30.6, 63.9, 125, 64.56, 87.89, , , , , 
1/31/2020 2:18:39 AM, 3286.75, 9216, 1647.2, 327.68, 222.6, 163.93, 323.87, 172.78, 245.81, 98.02, 30.6, 63.9, 125, 64.56, 87.89, , , , , 
1/31/2020 2:18:42 AM, 3286.75, 9216, 1647.2, 327.68, 222.6, 163.93, 323.87, 172.78, 245.81, 98.02, 30.6, 63.9, 125, 64.56, 87.89, , , , , 
1/31/2020 2:18:45 AM, 3286.5, 9214, 1647.1, 327.68, 222.6, 163.93, 323.87, 172.78, 245.81, 98.02, 30.6, 63.9, 125, 64.56, 87.89, , , , , 
1/31/2020 2:18:48 AM, 3286.25, 9214, 1647.1, 327.68, 222.6, 163.93, 323.87, 172.78, 245.81, 98.02, 30.6, 63.9, 125, 64.56, 87.89, , , , , 
1/31/2020 2:18:51 AM, 3286.25, 9214.25, 1647.1, 327.68, 222.6, 163.93, 323.87, 172.78, 245.81, 98.02, 30.6, 63.9, 125, 64.56, 87.89, , , , , 
1/31/2020 2:18:54 AM, 3286.25, 9213.75, 1647.1, 327.68, 222.6, 163.93, 323.87, 172.78, 245.81, 98.02, 30.6, 63.9, 125, 64.56, 87.89, , , , , 
1/31/2020 2:18:57 AM, 3286.25, 9213.5, 1647.1, 327.68, 222.6, 163.93, 323.87, 172.78, 245.81, 98.02, 30.6, 63.9, 125, 64.56, 87.89, , , , , 
1/31/2020 2:19:01 AM, 3286.25, 9214, 1647.1, 327.68, 222.6, 163.93, 323.87, 172.78, 245.81, 98.02, 30.6, 63.9, 125, 64.56, 87.89, , , , , 
1/31/2020 2:19:04 AM, 3286.25, 9214, 1647.1, 327.68, 222.6, 163.93, 323.87, 172.78, 245.81, 98.02, 30.6, 63.9, 125, 64.56, 87.89, , , , , 
1/31/2020 2:19:07 AM, 3286.25, 9214.25, 1647.1, 327.68, 222.6, 163.93, 323.87, 172.78, 245.81, 98.02, 30.6, 63.9, 125, 64.56, 87.89, , , , , 
1/31/2020 2:19:10 AM, 3286.75, 9215.5, 1647.1, 327.68, 222.6, 163.93, 323.87, 172.78, 245.81, 98.02, 30.6, 63.9, 125, 64.56, 87.89, , , , , 
1/31/2020 2:19:13 AM, 3286.75, 9214.75, 1647.1, 327.68, 222.6, 163.93, 323.87, 172.78, 245.81, 98.02, 30.6, 63.9, 125, 64.56, 87.89, , , , , 
1/31/2020 2:19:16 AM, 3286.75, 9215, 1647.1, 327.68, 222.6, 163.93, 323.87, 172.78, 245.81, 98.02, 30.6, 63.9, 125, 64.56, 87.89, , , , , 
1/31/2020 2:19:19 AM, 3286.75, 9214.75, 1647.1, 327.68, 222.6, 163.93, 323.87, 172.78, 245.81, 98.02, 30.6, 63.9, 125, 64.56, 87.89, , , , , 
1/31/2020 2:19:22 AM, 3286.75, 9215.25, 1647.1, 327.68, 222.6, 163.93, 323.87, 172.78, 245.81, 98.02, 30.6, 63.9, 125, 64.56, 87.89, , , , , 
1/31/2020 2:19:25 AM, 3286.75, 9215, 1647.1, 327.68, 222.6, 163.93, 323.87, 172.78, 245.81, 98.02, 30.6, 63.9, 125, 64.56, 87.89, , , , , 
1/31/2020 2:19:28 AM, 3286.75, 9215.25, 1647.1, 327.68, 222.6, 163.93, 323.87, 172.78, 245.81, 98.02, 30.6, 63.9, 125, 64.56, 87.89, , , , , 
1/31/2020 2:19:31 AM, 3286.75, 9215.25, 1647.1, 327.68, 222.6, 163.93, 323.87, 172.78, 245.81, 98.02, 30.6, 63.9, 125, 64.56, 87.89, , , , , 
1/31/2020 2:19:34 AM, 3286.75, 9215.5, 1647.1, 327.68, 222.6, 163.93, 323.87, 172.78, 245.81, 98.02, 30.6, 63.9, 125, 64.56, 87.89, , , , , 
1/31/2020 2:19:37 AM, 3286.75, 9215.5, 1647.1, 327.68, 222.6, 163.93, 323.87, 172.78, 245.81, 98.02, 30.6, 63.9, 125, 64.56, 87.89, , , , , 
1/31/2020 2:19:40 AM, 3287, 9215.5, 1647.1, 327.68, 222.6, 163.93, 323.87, 172.78, 245.81, 98.02, 30.6, 63.9, 125, 64.56, 87.89, , , , , 
1/31/2020 2:19:43 AM, 3287, 9215.5, 1647.1, 327.68, 222.6, 163.93, 323.87, 172.78, 245.81, 98.02, 30.6, 63.9, 125, 64.56, 87.89, , , , , 
1/31/2020 2:19:46 AM, 3286.75, 9215.25, 1647.1, 327.68, 222.6, 163.93, 323.87, 172.78, 245.81, 98.02, 30.6, 63.9, 125, 64.56, 87.89, , , , , 
1/31/2020 2:19:49 AM, 3286.75, 9215.25, 1647.1, 327.68, 222.6, 163.93, 323.87, 172.78, 245.81, 98.02, 30.6, 63.9, 125, 64.56, 87.89, , , , , 
1/31/2020 2:19:52 AM, 3286.75, 9215.75, 1647.1, 327.68, 222.6, 163.93, 323.87, 172.78, 245.81, 98.02, 30.6, 63.9, 125, 64.56, 87.89, , , , , 
1/31/2020 2:19:55 AM, 3286.75, 9215.75, 1647.1, 327.68, 222.6, 163.93, 323.87, 172.78, 245.81, 98.02, 30.6, 63.9, 125, 64.56, 87.89, , , , , 
1/31/2020 2:19:58 AM, 3286.75, 9215.75, 1647.1, 327.68, 222.6, 163.93, 323.87, 172.78, 245.81, 98.02, 30.6, 63.9, 125, 64.56, 87.89, , , , , 
1/31/2020 2:20:01 AM, 3286.75, 9214.75, 1647.1, 327.68, 222.6, 163.93, 323.87, 172.78, 245.81, 98.02, 30.6, 63.9, 125, 64.56, 87.89, , , , , 
1/31/2020 2:20:04 AM, 3286.75, 9215.25, 1647.1, 327.68, 222.6, 163.93, 323.87, 172.78, 245.81, 98.02, 30.6, 63.9, 125, 64.56, 87.89, , , , , 
1/31/2020 2:20:07 AM, 3286.75, 9215.25, 1647.1, 327.68, 222.6, 163.93, 323.87, 172.78, 245.81, 98.02, 30.6, 63.9, 125, 64.56, 87.89, , , , , 
1/31/2020 2:20:10 AM, 3287.5, 9218, 1647.7, 327.68, 222.6, 163.93, 323.87, 172.78, 245.81, 98.02, 30.6, 63.9, 125, 64.56, 87.89, , , , , 
1/31/2020 2:20:13 AM, 3287.5, 9218.25, 1647.7, 327.68, 222.6, 163.93, 323.87, 172.78, 245.81, 98.02, 30.6, 63.9, 125, 64.56, 87.89, , , , , 
1/31/2020 2:20:16 AM, 3287.75, 9218, 1647.7, 327.68, 222.6, 163.93, 323.87, 172.78, 245.81, 98.02, 30.6, 63.9, 125, 64.56, 87.89, , , , , 
1/31/2020 2:20:19 AM, 3287.5, 9219, 1647.7, 327.68, 222.6, 163.93, 323.87, 172.78, 245.81, 98.02, 30.6, 63.9, 125, 64.56, 87.89, , , , , 
1/31/2020 2:20:22 AM, 3287.75, 9219, 1647.7, 327.68, 222.6, 163.93, 323.87, 172.78, 245.81, 98.02, 30.6, 63.9, 125, 64.56, 87.89, , , , , 
1/31/2020 2:20:25 AM, 3287.75, 9219, 1647.7, 327.68, 222.6, 163.93, 323.87, 172.78, 245.81, 98.02, 30.6, 63.9, 125, 64.56, 87.89, , , , , 
1/31/2020 2:20:28 AM, 3287.5, 9218.5, 1647.7, 327.68, 222.6, 163.93, 323.87, 172.78, 245.81, 98.02, 30.6, 63.9, 125, 64.56, 87.89, , , , , 
1/31/2020 2:20:31 AM, 3287.5, 9218.5, 1647.7, 327.68, 222.6, 163.93, 323.87, 172.78, 245.81, 98.02, 30.6, 63.9, 125, 64.56, 87.89, , , , , 
1/31/2020 2:20:34 AM, 3287.5, 9218.25, 1647.7, 327.68, 222.6, 163.93, 323.87, 172.78, 245.81, 98.02, 30.6, 63.9, 125, 64.56, 87.89, , , , , 
1/31/2020 2:20:37 AM, 3287.5, 9218.25, 1647.7, 327.68, 222.6, 163.93, 323.87, 172.78, 245.81, 98.02, 30.6, 63.9, 125, 64.56, 87.89, , , , , 
1/31/2020 2:20:40 AM, 3287.25, 9217.5, 1647.6, 327.68, 222.6, 163.93, 323.87, 172.78, 245.81, 98.02, 30.6, 63.9, 125, 64.56, 87.89, , , , , 
1/31/2020 2:20:43 AM, 3287.25, 9217.5, 1647.6, 327.68, 222.6, 163.93, 323.87, 172.78, 245.81, 98.02, 30.6, 63.9, 125, 64.56, 87.89, , , , , 
1/31/2020 2:20:46 AM, 3287.5, 9217.75, 1647.6, 327.68, 222.6, 163.93, 323.87, 172.78, 245.81, 98.02, 30.6, 63.9, 125, 64.56, 87.89, , , , , 
1/31/2020 2:20:49 AM, 3287.5, 9217.75, 1647.6, 327.68, 222.6, 163.93, 323.87, 172.78, 245.81, 98.02, 30.6, 63.9, 125, 64.56, 87.89, , , , , 
1/31/2020 2:20:52 AM, 3287.5, 9217.75, 1647.6, 327.68, 222.6, 163.93, 323.87, 172.78, 245.81, 98.02, 30.6, 63.9, 125, 64.56, 87.89, , , , , 
1/31/2020 2:20:55 AM, 3287.5, 9217.75, 1647.6, 327.68, 222.6, 163.93, 323.87, 172.78, 245.81, 98.02, 30.6, 63.9, 125, 64.56, 87.89, , , , , 
1/31/2020 2:20:58 AM, 3287.5, 9217.75, 1647.6, 327.68, 222.6, 163.93, 323.87, 172.78, 245.81, 98.02, 30.6, 63.9, 125, 64.56, 87.89, , , , , 
1/31/2020 2:21:01 AM, 3287.75, 9218.75, 1647.8, 327.68, 222.6, 163.93, 323.87, 172.78, 245.81, 98.02, 30.6, 63.9, 125, 64.56, 87.89, , , , , 
1/31/2020 2:21:04 AM, 3287.75, 9218.75, 1647.8, 327.68, 222.6, 163.93, 323.87, 172.78, 245.81, 98.02, 30.6, 63.9, 125, 64.56, 87.89, , , , , 
1/31/2020 2:21:07 AM, 3287.5, 9217.5, 1647.8, 327.68, 222.6, 163.93, 323.87, 172.78, 245.81, 98.02, 30.6, 63.9, 125, 64.56, 87.89, , , , , 
1/31/2020 2:21:10 AM, 3287.5, 9217.25, 1647.8, 327.68, 222.6, 163.93, 323.87, 172.78, 245.81, 98.02, 30.6, 63.9, 125, 64.56, 87.89, , , , , 
1/31/2020 2:21:13 AM, 3287.5, 9217.75, 1647.8, 327.68, 222.6, 163.93, 323.87, 172.78, 245.81, 98.02, 30.6, 63.9, 125, 64.56, 87.89, , , , , 
1/31/2020 2:21:16 AM, 3287.5, 9217.5, 1647.8, 327.68, 222.6, 163.93, 323.87, 172.78, 245.81, 98.02, 30.6, 63.9, 125, 64.56, 87.89, , , , , 
1/31/2020 2:21:19 AM, 3287.5, 9217.25, 1647.8, 327.68, 222.6, 163.93, 323.87, 172.78, 245.81, 98.02, 30.6, 63.9, 125, 64.56, 87.89, , , , , 
1/31/2020 2:21:22 AM, 3287.5, 9216.25, 1647.8, 327.68, 222.6, 163.93, 323.87, 172.78, 245.81, 98.02, 30.6, 63.9, 125, 64.56, 87.89, , , , , 
1/31/2020 2:21:25 AM, 3287.5, 9216.25, 1647.8, 327.68, 222.6, 163.93, 323.87, 172.78, 245.81, 98.02, 30.6, 63.9, 125, 64.56, 87.89, , , , , 
1/31/2020 2:21:28 AM, 3287.5, 9215.75, 1647.8, 327.68, 222.6, 163.93, 323.87, 172.78, 245.81, 98.02, 30.6, 63.9, 125, 64.56, 87.89, , , , , 
1/31/2020 2:21:31 AM, 3287.25, 9216, 1647.5, 327.68, 222.6, 163.93, 323.87, 172.78, 245.81, 98.02, 30.6, 63.9, 125, 64.56, 87.89, , , , , 
1/31/2020 2:21:34 AM, 3287.25, 9216, 1647.5, 327.68, 222.6, 163.93, 323.87, 172.78, 245.81, 98.02, 30.6, 63.9, 125, 64.56, 87.89, , , , , 
1/31/2020 2:21:38 AM, 3287.25, 9215.5, 1647.5, 327.68, 222.6, 163.93, 323.87, 172.78, 245.81, 98.02, 30.6, 63.9, 125, 64.56, 87.89, , , , , 
1/31/2020 2:21:41 AM, 3287.25, 9215.75, 1647.5, 327.68, 222.6, 163.93, 323.87, 172.78, 245.81, 98.02, 30.6, 63.9, 125, 64.56, 87.89, , , , , 
1/31/2020 2:21:44 AM, 3287.25, 9215.75, 1647.5, 327.68, 222.6, 163.93, 323.87, 172.78, 245.81, 98.02, 30.6, 63.9, 125, 64.56, 87.89, , , , , 
1/31/2020 2:21:47 AM, 3287.25, 9215.75, 1647.5, 327.68, 222.6, 163.93, 323.87, 172.78, 245.81, 98.02, 30.6, 63.9, 125, 64.56, 87.89, , , , , 
1/31/2020 2:21:50 AM, 3287.25, 9216.25, 1647.6, 327.68, 222.6, 163.93, 323.87, 172.78, 245.81, 98.02, 30.6, 63.9, 125, 64.56, 87.89, , , , , 
1/31/2020 2:21:53 AM, 3287.25, 9216.5, 1647.6, 327.68, 222.6, 163.93, 323.87, 172.78, 245.81, 98.02, 30.6, 63.9, 125, 64.56, 87.89, , , , , 
1/31/2020 2:21:56 AM, 3287.25, 9216.5, 1647.6, 327.68, 222.6, 163.93, 323.87, 172.78, 245.81, 98.02, 30.6, 63.9, 125, 64.56, 87.89, , , , , 
1/31/2020 2:21:59 AM, 3287.25, 9216.5, 1647.6, 327.68, 222.6, 163.93, 323.87, 172.78, 245.81, 98.02, 30.6, 63.9, 125, 64.56, 87.89, , , , , 
1/31/2020 2:22:02 AM, 3287.25, 9216.25, 1647.6, 327.68, 222.6, 163.93, 323.87, 172.78, 245.81, 98.02, 30.6, 63.9, 125, 64.56, 87.89, , , , , 
1/31/2020 2:22:05 AM, 3287.25, 9216, 1647.6, 327.68, 222.6, 163.93, 323.87, 172.78, 245.81, 98.02, 30.6, 63.9, 125, 64.56, 87.89, , , , , 
1/31/2020 2:22:08 AM, 3287.25, 9216, 1647.6, 327.68, 222.6, 163.93, 323.87, 172.78, 245.81, 98.02, 30.6, 63.9, 125, 64.56, 87.89, , , , , 
1/31/2020 2:22:11 AM, 3287.25, 9215.75, 1647.5, 327.68, 222.6, 163.93, 323.87, 172.78, 245.81, 98.02, 30.6, 63.9, 125, 64.56, 87.89, , , , , 
1/31/2020 2:22:14 AM, 3287.25, 9215.75, 1647.5, 327.68, 222.6, 163.93, 323.87, 172.78, 245.81, 98.02, 30.6, 63.9, 125, 64.56, 87.89, , , , , 
1/31/2020 2:22:17 AM, 3287.5, 9217.25, 1647.7, 327.68, 222.6, 163.93, 323.87, 172.78, 245.81, 98.02, 30.6, 63.9, 125, 64.56, 87.89, , , , , 
1/31/2020 2:22:20 AM, 3287.5, 9217.25, 1647.7, 327.68, 222.6, 163.93, 323.87, 172.78, 245.81, 98.02, 30.6, 63.9, 125, 64.56, 87.89, , , , , 
1/31/2020 2:22:23 AM, 3287.5, 9217.25, 1647.7, 327.68, 222.6, 163.93, 323.87, 172.78, 245.81, 98.02, 30.6, 63.9, 125, 64.56, 87.89, , , , , 
1/31/2020 2:22:26 AM, 3287.5, 9217.25, 1647.7, 327.68, 222.6, 163.93, 323.87, 172.78, 245.81, 98.02, 30.6, 63.9, 125, 64.56, 87.89, , , , , 
1/31/2020 2:22:29 AM, 3287.75, 9217.5, 1647.7, 327.68, 222.6, 163.93, 323.87, 172.78, 245.81, 98.02, 30.6, 63.9, 125, 64.56, 87.89, , , , , 
1/31/2020 2:22:32 AM, 3287.75, 9217.5, 1647.7, 327.68, 222.6, 163.93, 323.87, 172.78, 245.81, 98.02, 30.6, 63.9, 125, 64.56, 87.89, , , , , 
1/31/2020 2:22:35 AM, 3287.75, 9217, 1647.7, 327.68, 222.6, 163.93, 323.87, 172.78, 245.81, 98.02, 30.6, 63.9, 125, 64.56, 87.89, , , , , 
1/31/2020 2:22:38 AM, 3287.75, 9217.25, 1647.7, 327.68, 222.6, 163.93, 323.87, 172.78, 245.81, 98.02, 30.6, 63.9, 125, 64.56, 87.89, , , , , 
1/31/2020 2:22:41 AM, 3287.75, 9217, 1647.7, 327.68, 222.6, 163.93, 323.87, 172.78, 245.81, 98.02, 30.6, 63.9, 125, 64.56, 87.89, , , , , 
1/31/2020 2:22:44 AM, 3287.75, 9217, 1647.7, 327.68, 222.6, 163.93, 323.87, 172.78, 245.81, 98.02, 30.6, 63.9, 125, 64.56, 87.89, , , , , 
1/31/2020 2:22:47 AM, 3287.75, 9217, 1647.7, 327.68, 222.6, 163.93, 323.87, 172.78, 245.81, 98.02, 30.6, 63.9, 125, 64.56, 87.89, , , , , 
1/31/2020 2:22:50 AM, 3287.75, 9217, 1647.7, 327.68, 222.6, 163.93, 323.87, 172.78, 245.81, 98.02, 30.6, 63.9, 125, 64.56, 87.89, , , , , 
1/31/2020 2:22:53 AM, 3287.5, 9217, 1647.6, 327.68, 222.6, 163.93, 323.87, 172.78, 245.81, 98.02, 30.6, 63.9, 125, 64.56, 87.89, , , , , 
1/31/2020 2:22:56 AM, 3287.5, 9217, 1647.6, 327.68, 222.6, 163.93, 323.87, 172.78, 245.81, 98.02, 30.6, 63.9, 125, 64.56, 87.89, , , , , 
1/31/2020 2:22:59 AM, 3287.5, 9217, 1647.6, 327.68, 222.6, 163.93, 323.87, 172.78, 245.81, 98.02, 30.6, 63.9, 125, 64.56, 87.89, , , , , 
1/31/2020 2:23:02 AM, 3287.5, 9217.25, 1647.6, 327.68, 222.6, 163.93, 323.87, 172.78, 245.81, 98.02, 30.6, 63.9, 125, 64.56, 87.89, , , , , 
1/31/2020 2:23:05 AM, 3287.75, 9217.25, 1647.6, 327.68, 222.6, 163.93, 323.87, 172.78, 245.81, 98.02, 30.6, 63.9, 125, 64.56, 87.89, , , , , 
1/31/2020 2:23:08 AM, 3287.75, 9217.5, 1647.8, 327.68, 222.6, 163.93, 323.87, 172.78, 245.81, 98.02, 30.6, 63.9, 125, 64.56, 87.89, , , , , 
1/31/2020 2:23:11 AM, 3287.75, 9217.5, 1647.8, 327.68, 222.6, 163.93, 323.87, 172.78, 245.81, 98.02, 30.6, 63.9, 125, 64.56, 87.89, , , , , 
1/31/2020 2:23:14 AM, 3287.75, 9217.5, 1647.8, 327.68, 222.6, 163.93, 323.87, 172.78, 245.81, 98.02, 30.6, 63.9, 125, 64.56, 87.89, , , , , 
1/31/2020 2:23:17 AM, 3287.75, 9217, 1647.8, 327.68, 222.6, 163.93, 323.87, 172.78, 245.81, 98.02, 30.6, 63.9, 125, 64.56, 87.89, , , , , 
1/31/2020 2:23:20 AM, 3287.25, 9215.75, 1647.5, 327.68, 222.6, 163.93, 323.87, 172.78, 245.81, 98.02, 30.6, 63.9, 125, 64.56, 87.89, , , , , 
1/31/2020 2:23:23 AM, 3287.25, 9215.75, 1647.5, 327.68, 222.6, 163.93, 323.87, 172.78, 245.81, 98.02, 30.6, 63.9, 125, 64.56, 87.89, , , , , 
1/31/2020 2:23:26 AM, 3287.25, 9216, 1647.5, 327.68, 222.6, 163.93, 323.87, 172.78, 245.81, 98.02, 30.6, 63.9, 125, 64.56, 87.89, , , , , 
1/31/2020 2:23:29 AM, 3287.25, 9215.75, 1647.5, 327.68, 222.6, 163.93, 323.87, 172.78, 245.81, 98.02, 30.6, 63.9, 125, 64.56, 87.89, , , , , 
1/31/2020 2:23:32 AM, 3287.25, 9215.5, 1647.4, 327.68, 222.6, 163.93, 323.87, 172.78, 245.81, 98.02, 30.6, 63.9, 125, 64.56, 87.89, , , , , 
1/31/2020 2:23:35 AM, 3287, 9215.5, 1647.4, 327.68, 222.6, 163.93, 323.87, 172.78, 245.81, 98.02, 30.6, 63.9, 125, 64.56, 87.89, , , , , 
1/31/2020 2:23:38 AM, 3287, 9215.5, 1647.4, 327.68, 222.6, 163.93, 323.87, 172.78, 245.81, 98.02, 30.6, 63.9, 125, 64.56, 87.89, , , , , 
1/31/2020 2:23:41 AM, 3287, 9215.5, 1647.4, 327.68, 222.6, 163.93, 323.87, 172.78, 245.81, 98.02, 30.6, 63.9, 125, 64.56, 87.89, , , , , 
1/31/2020 2:23:44 AM, 3286.75, 9214, 1647.4, 327.68, 222.6, 163.93, 323.87, 172.78, 245.81, 98.02, 30.6, 63.9, 125, 64.56, 87.89, , , , , 
1/31/2020 2:23:47 AM, 3286.75, 9214, 1647.4, 327.68, 222.6, 163.93, 323.87, 172.78, 245.81, 98.02, 30.6, 63.9, 125, 64.56, 87.89, , , , , 
1/31/2020 2:23:50 AM, 3286.75, 9215, 1647.4, 327.68, 222.6, 163.93, 323.87, 172.78, 245.81, 98.02, 30.6, 63.9, 125, 64.56, 87.89, , , , , 
1/31/2020 2:23:53 AM, 3286.75, 9214.25, 1647.4, 327.68, 222.6, 163.93, 323.87, 172.78, 245.81, 98.02, 30.6, 63.9, 125, 64.56, 87.89, , , , , 
1/31/2020 2:23:56 AM, 3286.75, 9214, 1647.4, 327.68, 222.6, 163.93, 323.87, 172.78, 245.81, 98.02, 30.6, 63.9, 125, 64.56, 87.89, , , , , 
1/31/2020 2:23:59 AM, 3286.75, 9214.5, 1647.4, 327.68, 222.6, 163.93, 323.87, 172.78, 245.81, 98.02, 30.6, 63.9, 125, 64.56, 87.89, , , , , 
1/31/2020 2:24:02 AM, 3286.75, 9213.75, 1647.4, 327.68, 222.6, 163.93, 323.87, 172.78, 245.81, 98.02, 30.6, 63.9, 125, 64.56, 87.89, , , , , 
1/31/2020 2:24:05 AM, 3286.75, 9213.75, 1647.4, 327.68, 222.6, 163.93, 323.87, 172.78, 245.81, 98.02, 30.6, 63.9, 125, 64.56, 87.89, , , , , 
1/31/2020 2:24:08 AM, 3286.75, 9213.5, 1647.4, 327.68, 222.6, 163.93, 323.87, 172.78, 245.81, 98.02, 30.6, 63.9, 125, 64.56, 87.89, , , , , 
1/31/2020 2:24:11 AM, 3286.5, 9213.5, 1647, 327.68, 222.6, 163.93, 323.87, 172.78, 245.81, 98.02, 30.6, 63.9, 125, 64.56, 87.89, , , , , 
1/31/2020 2:24:15 AM, 3286.5, 9213.75, 1647, 327.68, 222.6, 163.93, 323.87, 172.78, 245.81, 98.02, 30.6, 63.9, 125, 64.56, 87.89, , , , , 
1/31/2020 2:24:18 AM, 3286.5, 9214, 1647, 327.68, 222.6, 163.93, 323.87, 172.78, 245.81, 98.02, 30.6, 63.9, 125, 64.56, 87.89, , , , , 
1/31/2020 2:24:21 AM, 3286.5, 9214.25, 1647, 327.68, 222.6, 163.93, 323.87, 172.78, 245.81, 98.02, 30.6, 63.9, 125, 64.56, 87.89, , , , , 
1/31/2020 2:24:24 AM, 3286.5, 9214.5, 1647, 327.68, 222.6, 163.93, 323.87, 172.78, 245.81, 98.02, 30.6, 63.9, 125, 64.56, 87.89, , , , , 
1/31/2020 2:24:27 AM, 3286.5, 9214.5, 1647, 327.68, 222.6, 163.93, 323.87, 172.78, 245.81, 98.02, 30.6, 63.9, 125, 64.56, 87.89, , , , , 
1/31/2020 2:24:30 AM, 3286.5, 9214.75, 1647, 327.68, 222.6, 163.93, 323.87, 172.78, 245.81, 98.02, 30.6, 63.9, 125, 64.56, 87.89, , , , , 
1/31/2020 2:24:33 AM, 3286.5, 9214.75, 1647, 327.68, 222.6, 163.93, 323.87, 172.78, 245.81, 98.02, 30.6, 63.9, 125, 64.56, 87.89, , , , , 
1/31/2020 2:24:36 AM, 3286.5, 9214.75, 1647, 327.68, 222.6, 163.93, 323.87, 172.78, 245.81, 98.02, 30.6, 63.9, 125, 64.56, 87.89, , , , , 
1/31/2020 2:24:39 AM, 3286.5, 9214.25, 1647, 327.68, 222.6, 163.93, 323.87, 172.78, 245.81, 98.02, 30.6, 63.9, 125, 64.56, 87.89, , , , , 
1/31/2020 2:24:42 AM, 3286.5, 9214.25, 1647.1, 327.68, 222.6, 163.93, 323.87, 172.78, 245.81, 98.02, 30.6, 63.9, 125, 64.56, 87.89, , , , , 
1/31/2020 2:24:45 AM, 3286.5, 9214.75, 1647.1, 327.68, 222.6, 163.93, 323.87, 172.78, 245.81, 98.02, 30.6, 63.9, 125, 64.56, 87.89, , , , , 
1/31/2020 2:24:48 AM, 3286.5, 9214.5, 1647.1, 327.68, 222.6, 163.93, 323.87, 172.78, 245.81, 98.02, 30.6, 63.9, 125, 64.56, 87.89, , , , , 
1/31/2020 2:24:51 AM, 3286.5, 9214.5, 1647.1, 327.68, 222.6, 163.93, 323.87, 172.78, 245.81, 98.02, 30.6, 63.9, 125, 64.56, 87.89, , , , , 
1/31/2020 2:24:54 AM, 3286.5, 9214.75, 1647.1, 327.68, 222.6, 163.93, 323.87, 172.78, 245.81, 98.02, 30.6, 63.9, 125, 64.56, 87.89, , , , , 
1/31/2020 2:24:57 AM, 3286.5, 9214.5, 1647.1, 327.68, 222.6, 163.93, 323.87, 172.78, 245.81, 98.02, 30.6, 63.9, 125, 64.56, 87.89, , , , , 
1/31/2020 2:25:00 AM, 3286.75, 9215, 1647.1, 327.68, 222.6, 163.93, 323.87, 172.78, 245.81, 98.02, 30.6, 63.9, 125, 64.56, 87.89, , , , , 
1/31/2020 2:25:03 AM, 3286.75, 9215, 1647.1, 327.68, 222.6, 163.93, 323.87, 172.78, 245.81, 98.02, 30.6, 63.9, 125, 64.56, 87.89, , , , , 
1/31/2020 2:25:06 AM, 3286.75, 9215, 1647.1, 327.68, 222.6, 163.93, 323.87, 172.78, 245.81, 98.02, 30.6, 63.9, 125, 64.56, 87.89, , , , , 
1/31/2020 2:25:09 AM, 3286.5, 9214.75, 1647.1, 327.68, 222.6, 163.93, 323.87, 172.78, 245.81, 98.02, 30.6, 63.9, 125, 64.56, 87.89, , , , , 
1/31/2020 2:25:12 AM, 3286.75, 9215.25, 1647.1, 327.68, 222.6, 163.93, 323.87, 172.78, 245.81, 98.02, 30.6, 63.9, 125, 64.56, 87.89, , , , , 
1/31/2020 2:25:15 AM, 3287, 9216.25, 1647.2, 327.68, 222.6, 163.93, 323.87, 172.78, 245.81, 98.02, 30.6, 63.9, 125, 64.56, 87.89, , , , , 
1/31/2020 2:25:18 AM, 3287, 9217, 1647.3, 327.68, 222.6, 163.93, 323.87, 172.78, 245.81, 98.02, 30.6, 63.9, 125, 64.56, 87.89, , , , , 
1/31/2020 2:25:21 AM, 3287, 9217, 1647.3, 327.68, 222.6, 163.93, 323.87, 172.78, 245.81, 98.02, 30.6, 63.9, 125, 64.56, 87.89, , , , , 
1/31/2020 2:25:24 AM, 3287.25, 9217, 1647.3, 327.68, 222.6, 163.93, 323.87, 172.78, 245.81, 98.02, 30.6, 63.9, 125, 64.56, 87.89, , , , , 
1/31/2020 2:25:27 AM, 3287, 9216.25, 1647.3, 327.68, 222.6, 163.93, 323.87, 172.78, 245.81, 98.02, 30.6, 63.9, 125, 64.56, 87.89, , , , , 
1/31/2020 2:25:30 AM, 3287, 9216.25, 1647.3, 327.68, 222.6, 163.93, 323.87, 172.78, 245.81, 98.02, 30.6, 63.9, 125, 64.56, 87.89, , , , , 
1/31/2020 2:25:33 AM, 3287, 9216, 1647.3, 327.68, 222.6, 163.93, 323.87, 172.78, 245.81, 98.02, 30.6, 63.9, 125, 64.56, 87.89, , , , , 
1/31/2020 2:25:36 AM, 3287, 9216, 1647.4, 327.68, 222.6, 163.93, 323.87, 172.78, 245.81, 98.02, 30.6, 63.9, 125, 64.56, 87.89, , , , , 
1/31/2020 2:25:39 AM, 3287, 9215.5, 1647.4, 327.68, 222.6, 163.93, 323.87, 172.78, 245.81, 98.02, 30.6, 63.9, 125, 64.56, 87.89, , , , , 
1/31/2020 2:25:42 AM, 3287, 9216.25, 1647.4, 327.68, 222.6, 163.93, 323.87, 172.78, 245.81, 98.02, 30.6, 63.9, 125, 64.56, 87.89, , , , , 
1/31/2020 2:25:45 AM, 3287, 9216.25, 1647.4, 327.68, 222.6, 163.93, 323.87, 172.78, 245.81, 98.02, 30.6, 63.9, 125, 64.56, 87.89, , , , , 
1/31/2020 2:25:48 AM, 3287, 9216.25, 1647.4, 327.68, 222.6, 163.93, 323.87, 172.78, 245.81, 98.02, 30.6, 63.9, 125, 64.56, 87.89, , , , , 
1/31/2020 2:25:51 AM, 3287, 9216.25, 1647.4, 327.68, 222.6, 163.93, 323.87, 172.78, 245.81, 98.02, 30.6, 63.9, 125, 64.56, 87.89, , , , , 
1/31/2020 2:25:54 AM, 3287, 9216.25, 1647.4, 327.68, 222.6, 163.93, 323.87, 172.78, 245.81, 98.02, 30.6, 63.9, 125, 64.56, 87.89, , , , , 
1/31/2020 2:25:57 AM, 3287, 9216.25, 1647.4, 327.68, 222.6, 163.93, 323.87, 172.78, 245.81, 98.02, 30.6, 63.9, 125, 64.56, 87.89, , , , , 
1/31/2020 2:26:00 AM, 3287, 9215.75, 1647.4, 327.68, 222.6, 163.93, 323.87, 172.78, 245.81, 98.02, 30.6, 63.9, 125, 64.56, 87.89, , , , , 
1/31/2020 2:26:03 AM, 3286.75, 9215.25, 1647.1, 327.68, 222.6, 163.93, 323.87, 172.78, 245.81, 98.02, 30.6, 63.9, 125, 64.56, 87.89, , , , , 
1/31/2020 2:26:06 AM, 3286.75, 9215.25, 1647.1, 327.68, 222.6, 163.93, 323.87, 172.78, 245.81, 98.02, 30.6, 63.9, 125, 64.56, 87.89, , , , , 
1/31/2020 2:26:09 AM, 3286.75, 9215.5, 1647.2, 327.68, 222.6, 163.93, 323.87, 172.78, 245.81, 98.02, 30.6, 63.9, 125, 64.56, 87.89, , , , , 
1/31/2020 2:26:12 AM, 3286.75, 9215.75, 1647.2, 327.68, 222.6, 163.93, 323.87, 172.78, 245.81, 98.02, 30.6, 63.9, 125, 64.56, 87.89, , , , , 
1/31/2020 2:26:15 AM, 3286.5, 9214.75, 1647.2, 327.68, 222.6, 163.93, 323.87, 172.78, 245.81, 98.02, 30.6, 63.9, 125, 64.56, 87.89, , , , , 
1/31/2020 2:26:18 AM, 3286.5, 9214.75, 1647.2, 327.68, 222.6, 163.93, 323.87, 172.78, 245.81, 98.02, 30.6, 63.9, 125, 64.56, 87.89, , , , , 
1/31/2020 2:26:21 AM, 3286.5, 9214.5, 1647.2, 327.68, 222.6, 163.93, 323.87, 172.78, 245.81, 98.02, 30.6, 63.9, 125, 64.56, 87.89, , , , , 
1/31/2020 2:26:24 AM, 3286.5, 9214.5, 1647.2, 327.68, 222.6, 163.93, 323.87, 172.78, 245.81, 98.02, 30.6, 63.9, 125, 64.56, 87.89, , , , , 
1/31/2020 2:26:28 AM, 3286.5, 9214.5, 1647.2, 327.68, 222.6, 163.93, 323.87, 172.78, 245.81, 98.02, 30.6, 63.9, 125, 64.56, 87.89, , , , , 
1/31/2020 2:26:31 AM, 3286.5, 9214.5, 1647.2, 327.68, 222.6, 163.93, 323.87, 172.78, 245.81, 98.02, 30.6, 63.9, 125, 64.56, 87.89, , , , , 
1/31/2020 2:26:34 AM, 3286.5, 9214, 1647.2, 327.68, 222.6, 163.93, 323.87, 172.78, 245.81, 98.02, 30.6, 63.9, 125, 64.56, 87.89, , , , , 
1/31/2020 2:26:37 AM, 3286.5, 9214, 1647.2, 327.68, 222.6, 163.93, 323.87, 172.78, 245.81, 98.02, 30.6, 63.9, 125, 64.56, 87.89, , , , , 
1/31/2020 2:26:40 AM, 3286.5, 9214.25, 1647.2, 327.68, 222.6, 163.93, 323.87, 172.78, 245.81, 98.02, 30.6, 63.9, 125, 64.56, 87.89, , , , , 
1/31/2020 2:26:43 AM, 3286.5, 9214.25, 1647.2, 327.68, 222.6, 163.93, 323.87, 172.78, 245.81, 98.02, 30.6, 63.9, 125, 64.56, 87.89, , , , , 
1/31/2020 2:26:46 AM, 3286.5, 9214.25, 1647.2, 327.68, 222.6, 163.93, 323.87, 172.78, 245.81, 98.02, 30.6, 63.9, 125, 64.56, 87.89, , , , , 
1/31/2020 2:26:49 AM, 3286.5, 9214, 1647.2, 327.68, 222.6, 163.93, 323.87, 172.78, 245.81, 98.02, 30.6, 63.9, 125, 64.56, 87.89, , , , , 
1/31/2020 2:26:52 AM, 3286.5, 9214, 1647.2, 327.68, 222.6, 163.93, 323.87, 172.78, 245.81, 98.02, 30.6, 63.9, 125, 64.56, 87.89, , , , , 
1/31/2020 2:26:55 AM, 3286.5, 9214, 1647.2, 327.68, 222.6, 163.93, 323.87, 172.78, 245.81, 98.02, 30.6, 63.9, 125, 64.56, 87.89, , , , , 
1/31/2020 2:26:58 AM, 3286.25, 9213.75, 1646.9, 327.68, 222.6, 163.93, 323.87, 172.78, 245.81, 98.02, 30.6, 63.9, 125, 64.56, 87.89, , , , , 
1/31/2020 2:27:01 AM, 3286.25, 9213.75, 1646.9, 327.68, 222.6, 163.93, 323.87, 172.78, 245.81, 98.02, 30.6, 63.9, 125, 64.56, 87.89, , , , , 
1/31/2020 2:27:04 AM, 3286.25, 9214.25, 1647.1, 327.68, 222.6, 163.93, 323.87, 172.78, 245.81, 98.02, 30.6, 63.9, 125, 64.56, 87.89, , , , , 
1/31/2020 2:27:07 AM, 3286.25, 9214, 1647.1, 327.68, 222.6, 163.93, 323.87, 172.78, 245.81, 98.02, 30.6, 63.9, 125, 64.56, 87.89, , , , , 
1/31/2020 2:27:10 AM, 3286.25, 9214, 1647.1, 327.68, 222.6, 163.93, 323.87, 172.78, 245.81, 98.02, 30.6, 63.9, 125, 64.56, 87.89, , , , , 
1/31/2020 2:27:13 AM, 3286.5, 9214.75, 1647.1, 327.68, 222.6, 163.93, 323.87, 172.78, 245.81, 98.02, 30.6, 63.9, 125, 64.56, 87.89, , , , , 
1/31/2020 2:27:16 AM, 3286.5, 9214.5, 1647.1, 327.68, 222.6, 163.93, 323.87, 172.78, 245.81, 98.02, 30.6, 63.9, 125, 64.56, 87.89, , , , , 
1/31/2020 2:27:19 AM, 3286.5, 9214.5, 1647.1, 327.68, 222.6, 163.93, 323.87, 172.78, 245.81, 98.02, 30.6, 63.9, 125, 64.56, 87.89, , , , , 
1/31/2020 2:27:22 AM, 3286.25, 9214.5, 1647.1, 327.68, 222.6, 163.93, 323.87, 172.78, 245.81, 98.02, 30.6, 63.9, 125, 64.56, 87.89, , , , , 
1/31/2020 2:27:25 AM, 3286.25, 9213.75, 1647.1, 327.68, 222.6, 163.93, 323.87, 172.78, 245.81, 98.02, 30.6, 63.9, 125, 64.56, 87.89, , , , , 
1/31/2020 2:27:28 AM, 3286.25, 9213.5, 1647.1, 327.68, 222.6, 163.93, 323.87, 172.78, 245.81, 98.02, 30.6, 63.9, 125, 64.56, 87.89, , , , , 
1/31/2020 2:27:31 AM, 3286.25, 9213.75, 1647, 327.68, 222.6, 163.93, 323.87, 172.78, 245.81, 98.02, 30.6, 63.9, 125, 64.56, 87.89, , , , , 
1/31/2020 2:27:34 AM, 3286.25, 9213.75, 1647, 327.68, 222.6, 163.93, 323.87, 172.78, 245.81, 98.02, 30.6, 63.9, 125, 64.56, 87.89, , , , , 
1/31/2020 2:27:37 AM, 3286.25, 9213.75, 1647, 327.68, 222.6, 163.93, 323.87, 172.78, 245.81, 98.02, 30.6, 63.9, 125, 64.56, 87.89, , , , , 
1/31/2020 2:27:40 AM, 3286.25, 9213.25, 1647, 327.68, 222.6, 163.93, 323.87, 172.78, 245.81, 98.02, 30.6, 63.9, 125, 64.56, 87.89, , , , , 
1/31/2020 2:27:43 AM, 3286.25, 9213.5, 1647, 327.68, 222.6, 163.93, 323.87, 172.78, 245.81, 98.02, 30.6, 63.9, 125, 64.56, 87.89, , , , , 
1/31/2020 2:27:46 AM, 3286.25, 9213.25, 1647, 327.68, 222.6, 163.93, 323.87, 172.78, 245.81, 98.02, 30.6, 63.9, 125, 64.56, 87.89, , , , , 
1/31/2020 2:27:49 AM, 3286.25, 9213.75, 1647, 327.68, 222.6, 163.93, 323.87, 172.78, 245.81, 98.02, 30.6, 63.9, 125, 64.56, 87.89, , , , , 
1/31/2020 2:27:52 AM, 3286.25, 9213.75, 1647, 327.68, 222.6, 163.93, 323.87, 172.78, 245.81, 98.02, 30.6, 63.9, 125, 64.56, 87.89, , , , , 
1/31/2020 2:27:55 AM, 3286.25, 9213.5, 1647, 327.68, 222.6, 163.93, 323.87, 172.78, 245.81, 98.02, 30.6, 63.9, 125, 64.56, 87.89, , , , , 
1/31/2020 2:27:58 AM, 3286.25, 9213.5, 1647, 327.68, 222.6, 163.93, 323.87, 172.78, 245.81, 98.02, 30.6, 63.9, 125, 64.56, 87.89, , , , , 
1/31/2020 2:28:01 AM, 3286.25, 9213.25, 1647, 327.68, 222.6, 163.93, 323.87, 172.78, 245.81, 98.02, 30.6, 63.9, 125, 64.56, 87.89, , , , , 
1/31/2020 2:28:04 AM, 3286.25, 9213.25, 1647, 327.68, 222.6, 163.93, 323.87, 172.78, 245.81, 98.02, 30.6, 63.9, 125, 64.56, 87.89, , , , , 
1/31/2020 2:28:07 AM, 3286, 9213.25, 1646.9, 327.68, 222.6, 163.93, 323.87, 172.78, 245.81, 98.02, 30.6, 63.9, 125, 64.56, 87.89, , , , , 
1/31/2020 2:28:10 AM, 3286, 9213.25, 1646.9, 327.68, 222.6, 163.93, 323.87, 172.78, 245.81, 98.02, 30.6, 63.9, 125, 64.56, 87.89, , , , , 
1/31/2020 2:28:13 AM, 3286, 9212.75, 1646.9, 327.68, 222.6, 163.93, 323.87, 172.78, 245.81, 98.02, 30.6, 63.9, 125, 64.56, 87.89, , , , , 
1/31/2020 2:28:16 AM, 3286, 9212.75, 1646.9, 327.68, 222.6, 163.93, 323.87, 172.78, 245.81, 98.02, 30.6, 63.9, 125, 64.56, 87.89, , , , , 
1/31/2020 2:28:19 AM, 3286, 9212.75, 1646.9, 327.68, 222.6, 163.93, 323.87, 172.78, 245.81, 98.02, 30.6, 63.9, 125, 64.56, 87.89, , , , , 
1/31/2020 2:28:22 AM, 3286, 9212.75, 1646.9, 327.68, 222.6, 163.93, 323.87, 172.78, 245.81, 98.02, 30.6, 63.9, 125, 64.56, 87.89, , , , , 
1/31/2020 2:28:25 AM, 3285.75, 9211.5, 1646.7, 327.68, 222.6, 163.93, 323.87, 172.78, 245.81, 98.02, 30.6, 63.9, 125, 64.56, 87.89, , , , , 
1/31/2020 2:28:28 AM, 3285.75, 9211.5, 1646.7, 327.68, 222.6, 163.93, 323.87, 172.78, 245.81, 98.02, 30.6, 63.9, 125, 64.56, 87.89, , , , , 
1/31/2020 2:28:31 AM, 3285.75, 9212.25, 1646.7, 327.68, 222.6, 163.93, 323.87, 172.78, 245.81, 98.02, 30.6, 63.9, 125, 64.56, 87.89, , , , , 
1/31/2020 2:28:34 AM, 3285.75, 9212.25, 1646.7, 327.68, 222.6, 163.93, 323.87, 172.78, 245.81, 98.02, 30.6, 63.9, 125, 64.56, 87.89, , , , , 
1/31/2020 2:28:37 AM, 3285.5, 9212.25, 1646.7, 327.68, 222.6, 163.93, 323.87, 172.78, 245.81, 98.02, 30.6, 63.9, 125, 64.56, 87.89, , , , , 
1/31/2020 2:28:40 AM, 3285.5, 9212.25, 1646.7, 327.68, 222.6, 163.93, 323.87, 172.78, 245.81, 98.02, 30.6, 63.9, 125, 64.56, 87.89, , , , , 
1/31/2020 2:28:43 AM, 3285.5, 9211.75, 1646.7, 327.68, 222.6, 163.93, 323.87, 172.78, 245.81, 98.02, 30.6, 63.9, 125, 64.56, 87.89, , , , , 
1/31/2020 2:28:46 AM, 3285.5, 9211.75, 1646.7, 327.68, 222.6, 163.93, 323.87, 172.78, 245.81, 98.02, 30.6, 63.9, 125, 64.56, 87.89, , , , , 
1/31/2020 2:28:49 AM, 3285.25, 9210, 1646.5, 327.68, 222.6, 163.93, 323.87, 172.78, 245.81, 98.02, 30.6, 63.9, 125, 64.56, 87.89, , , , , 
1/31/2020 2:28:53 AM, 3285.25, 9210, 1646.5, 327.68, 222.6, 163.93, 323.87, 172.78, 245.81, 98.02, 30.6, 63.9, 125, 64.56, 87.89, , , , , 
1/31/2020 2:28:56 AM, 3285.25, 9210, 1646.5, 327.68, 222.6, 163.93, 323.87, 172.78, 245.81, 98.02, 30.6, 63.9, 125, 64.56, 87.89, , , , , 
1/31/2020 2:28:59 AM, 3285.25, 9210, 1646.5, 327.68, 222.6, 163.93, 323.87, 172.78, 245.81, 98.02, 30.6, 63.9, 125, 64.56, 87.89, , , , , 
1/31/2020 2:29:02 AM, 3285.25, 9210.25, 1646.5, 327.68, 222.6, 163.93, 323.87, 172.78, 245.81, 98.02, 30.6, 63.9, 125, 64.56, 87.89, , , , , 
1/31/2020 2:29:05 AM, 3285.25, 9210, 1646.5, 327.68, 222.6, 163.93, 323.87, 172.78, 245.81, 98.02, 30.6, 63.9, 125, 64.56, 87.89, , , , , 
1/31/2020 2:29:08 AM, 3285.25, 9210.5, 1646.5, 327.68, 222.6, 163.93, 323.87, 172.78, 245.81, 98.02, 30.6, 63.9, 125, 64.56, 87.89, , , , , 
1/31/2020 2:29:11 AM, 3285.5, 9211, 1646.5, 327.68, 222.6, 163.93, 323.87, 172.78, 245.81, 98.02, 30.6, 63.9, 125, 64.56, 87.89, , , , , 
1/31/2020 2:29:14 AM, 3285.75, 9211.5, 1646.8, 327.68, 222.6, 163.93, 323.87, 172.78, 245.81, 98.02, 30.6, 63.9, 125, 64.56, 87.89, , , , , 
1/31/2020 2:29:17 AM, 3285.75, 9211.5, 1646.8, 327.68, 222.6, 163.93, 323.87, 172.78, 245.81, 98.02, 30.6, 63.9, 125, 64.56, 87.89, , , , , 
1/31/2020 2:29:20 AM, 3285.75, 9211.75, 1646.8, 327.68, 222.6, 163.93, 323.87, 172.78, 245.81, 98.02, 30.6, 63.9, 125, 64.56, 87.89, , , , , 
1/31/2020 2:29:23 AM, 3286, 9211.75, 1646.8, 327.68, 222.6, 163.93, 323.87, 172.78, 245.81, 98.02, 30.6, 63.9, 125, 64.56, 87.89, , , , , 
1/31/2020 2:29:26 AM, 3286, 9211.75, 1646.8, 327.68, 222.6, 163.93, 323.87, 172.78, 245.81, 98.02, 30.6, 63.9, 125, 64.56, 87.89, , , , , 
1/31/2020 2:29:29 AM, 3285.5, 9211.5, 1646.8, 327.68, 222.6, 163.93, 323.87, 172.78, 245.81, 98.02, 30.6, 63.9, 125, 64.56, 87.89, , , , , 
1/31/2020 2:29:32 AM, 3285.75, 9211.75, 1646.8, 327.68, 222.6, 163.93, 323.87, 172.78, 245.81, 98.02, 30.6, 63.9, 125, 64.56, 87.89, , , , , 
1/31/2020 2:29:35 AM, 3285.75, 9211.75, 1646.8, 327.68, 222.6, 163.93, 323.87, 172.78, 245.81, 98.02, 30.6, 63.9, 125, 64.56, 87.89, , , , , 
1/31/2020 2:29:38 AM, 3285.75, 9212.25, 1646.8, 327.68, 222.6, 163.93, 323.87, 172.78, 245.81, 98.02, 30.6, 63.9, 125, 64.56, 87.89, , , , , 
1/31/2020 2:29:41 AM, 3286, 9212.25, 1646.8, 327.68, 222.6, 163.93, 323.87, 172.78, 245.81, 98.02, 30.6, 63.9, 125, 64.56, 87.89, , , , , 
1/31/2020 2:29:44 AM, 3286, 9212, 1646.8, 327.68, 222.6, 163.93, 323.87, 172.78, 245.81, 98.02, 30.6, 63.9, 125, 64.56, 87.89, , , , , 
1/31/2020 2:29:47 AM, 3285.75, 9212, 1646.8, 327.68, 222.6, 163.93, 323.87, 172.78, 245.81, 98.02, 30.6, 63.9, 125, 64.56, 87.89, , , , , 
1/31/2020 2:29:50 AM, 3285.75, 9212, 1646.8, 327.68, 222.6, 163.93, 323.87, 172.78, 245.81, 98.02, 30.6, 63.9, 125, 64.56, 87.89, , , , , 
1/31/2020 2:29:53 AM, 3285.75, 9211.75, 1646.8, 327.68, 222.6, 163.93, 323.87, 172.78, 245.81, 98.02, 30.6, 63.9, 125, 64.56, 87.89, , , , , 
1/31/2020 2:29:56 AM, 3286, 9212, 1646.8, 327.68, 222.6, 163.93, 323.87, 172.78, 245.81, 98.02, 30.6, 63.9, 125, 64.56, 87.89, , , , , 
1/31/2020 2:29:59 AM, 3286, 9211.5, 1646.8, 327.68, 222.6, 163.93, 323.87, 172.78, 245.81, 98.02, 30.6, 63.9, 125, 64.56, 87.89, , , , , 
1/31/2020 2:30:02 AM, 3286, 9212, 1646.8, 327.68, 222.6, 163.93, 323.87, 172.78, 245.81, 98.02, 30.6, 63.9, 125, 64.56, 87.89, , , , , 
1/31/2020 2:30:05 AM, 3286.25, 9214, 1647, 327.68, 222.6, 163.93, 323.87, 172.78, 245.81, 98.02, 30.6, 63.9, 125, 64.56, 87.89, , , , , 
1/31/2020 2:30:08 AM, 3286.25, 9213.25, 1647, 327.68, 222.6, 163.93, 323.87, 172.78, 245.81, 98.02, 30.6, 63.9, 125, 64.56, 87.89, , , , , 
1/31/2020 2:30:11 AM, 3286.25, 9213.5, 1647, 327.68, 222.6, 163.93, 323.87, 172.78, 245.81, 98.02, 30.6, 63.9, 125, 64.56, 87.89, , , , , 
1/31/2020 2:30:14 AM, 3287, 9215.25, 1647.4, 327.68, 222.6, 163.93, 323.87, 172.78, 245.81, 98.02, 30.6, 63.9, 125, 64.56, 87.89, , , , , 
1/31/2020 2:30:17 AM, 3286.75, 9215, 1647.4, 327.68, 222.6, 163.93, 323.87, 172.78, 245.81, 98.02, 30.6, 63.9, 125, 64.56, 87.89, , , , , 
1/31/2020 2:30:20 AM, 3286.75, 9214.5, 1647.2, 327.68, 222.6, 163.93, 323.87, 172.78, 245.81, 98.02, 30.6, 63.9, 125, 64.56, 87.89, , , , , 
1/31/2020 2:30:23 AM, 3286.5, 9214, 1647.2, 327.68, 222.6, 163.93, 323.87, 172.78, 245.81, 98.02, 30.6, 63.9, 125, 64.56, 87.89, , , , , 
1/31/2020 2:30:26 AM, 3286.25, 9214, 1647.2, 327.68, 222.6, 163.93, 323.87, 172.78, 245.81, 98.02, 30.6, 63.9, 125, 64.56, 87.89, , , , , 
1/31/2020 2:30:29 AM, 3286.5, 9214.25, 1647.2, 327.68, 222.6, 163.93, 323.87, 172.78, 245.81, 98.02, 30.6, 63.9, 125, 64.56, 87.89, , , , , 
1/31/2020 2:30:32 AM, 3286.5, 9214.25, 1647.2, 327.68, 222.6, 163.93, 323.87, 172.78, 245.81, 98.02, 30.6, 63.9, 125, 64.56, 87.89, , , , , 
1/31/2020 2:30:35 AM, 3286.5, 9214.75, 1647.2, 327.68, 222.6, 163.93, 323.87, 172.78, 245.81, 98.02, 30.6, 63.9, 125, 64.56, 87.89, , , , , 
1/31/2020 2:30:38 AM, 3286.5, 9214.25, 1647.3, 327.68, 222.6, 163.93, 323.87, 172.78, 245.81, 98.02, 30.6, 63.9, 125, 64.56, 87.89, , , , , 
1/31/2020 2:30:41 AM, 3286.5, 9214, 1647.3, 327.68, 222.6, 163.93, 323.87, 172.78, 245.81, 98.02, 30.6, 63.9, 125, 64.56, 87.89, , , , , 
1/31/2020 2:30:44 AM, 3286.5, 9214.25, 1647.2, 327.68, 222.6, 163.93, 323.87, 172.78, 245.81, 98.02, 30.6, 63.9, 125, 64.56, 87.89, , , , , 
1/31/2020 2:30:47 AM, 3286.5, 9214.75, 1647.2, 327.68, 222.6, 163.93, 323.87, 172.78, 245.81, 98.02, 30.6, 63.9, 125, 64.56, 87.89, , , , , 
1/31/2020 2:30:50 AM, 3286.5, 9214.25, 1647.1, 327.68, 222.6, 163.93, 323.87, 172.78, 245.81, 98.02, 30.6, 63.9, 125, 64.56, 87.89, , , , , 
1/31/2020 2:30:53 AM, 3286.75, 9215, 1647.3, 327.68, 222.6, 163.93, 323.87, 172.78, 245.81, 98.02, 30.6, 63.9, 125, 64.56, 87.89, , , , , 
1/31/2020 2:30:56 AM, 3286.5, 9214.5, 1647.3, 327.68, 222.6, 163.93, 323.87, 172.78, 245.81, 98.02, 30.6, 63.9, 125, 64.56, 87.89, , , , , 
1/31/2020 2:30:59 AM, 3286.5, 9214, 1647.3, 327.68, 222.6, 163.93, 323.87, 172.78, 245.81, 98.02, 30.6, 63.9, 125, 64.56, 87.89, , , , , 
1/31/2020 2:31:02 AM, 3286.5, 9213.75, 1647.3, 327.68, 222.6, 163.93, 323.87, 172.78, 245.81, 98.02, 30.6, 63.9, 125, 64.56, 87.89, , , , , 
1/31/2020 2:31:05 AM, 3286.5, 9214.25, 1647.2, 327.68, 222.6, 163.93, 323.87, 172.78, 245.81, 98.02, 30.6, 63.9, 125, 64.56, 87.89, , , , , 
1/31/2020 2:31:08 AM, 3286.75, 9215, 1647.3, 327.68, 222.6, 163.93, 323.87, 172.78, 245.81, 98.02, 30.6, 63.9, 125, 64.56, 87.89, , , , , 
1/31/2020 2:31:11 AM, 3286.25, 9214, 1647.2, 327.68, 222.6, 163.93, 323.87, 172.78, 245.81, 98.02, 30.6, 63.9, 125, 64.56, 87.89, , , , , 
1/31/2020 2:31:14 AM, 3286.5, 9213.25, 1647.2, 327.68, 222.6, 163.93, 323.87, 172.78, 245.81, 98.02, 30.6, 63.9, 125, 64.56, 87.89, , , , , 
1/31/2020 2:31:17 AM, 3286.5, 9213.25, 1647.2, 327.68, 222.6, 163.93, 323.87, 172.78, 245.81, 98.02, 30.6, 63.9, 125, 64.56, 87.89, , , , , 
1/31/2020 2:31:20 AM, 3286.25, 9213, 1647.1, 327.68, 222.6, 163.93, 323.87, 172.78, 245.81, 98.02, 30.6, 63.9, 125, 64.56, 87.89, , , , , 
1/31/2020 2:31:24 AM, 3286.25, 9213.5, 1647.1, 327.68, 222.6, 163.93, 323.87, 172.78, 245.81, 98.02, 30.6, 63.9, 125, 64.56, 87.89, , , , , 
1/31/2020 2:31:27 AM, 3286.25, 9213.5, 1647.1, 327.68, 222.6, 163.93, 323.87, 172.78, 245.81, 98.02, 30.6, 63.9, 125, 64.56, 87.89, , , , , 
1/31/2020 2:31:30 AM, 3286.25, 9213.5, 1647.1, 327.68, 222.6, 163.93, 323.87, 172.78, 245.81, 98.02, 30.6, 63.9, 125, 64.56, 87.89, , , , , 
1/31/2020 2:31:33 AM, 3286.25, 9213.5, 1647.1, 327.68, 222.6, 163.93, 323.87, 172.78, 245.81, 98.02, 30.6, 63.9, 125, 64.56, 87.89, , , , , 
1/31/2020 2:31:36 AM, 3286.25, 9213.25, 1647.1, 327.68, 222.6, 163.93, 323.87, 172.78, 245.81, 98.02, 30.6, 63.9, 125, 64.56, 87.89, , , , , 
1/31/2020 2:31:39 AM, 3286, 9213, 1647.1, 327.68, 222.6, 163.93, 323.87, 172.78, 245.81, 98.02, 30.6, 63.9, 125, 64.56, 87.89, , , , , 
1/31/2020 2:31:42 AM, 3286, 9213, 1647.1, 327.68, 222.6, 163.93, 323.87, 172.78, 245.81, 98.02, 30.6, 63.9, 125, 64.56, 87.89, , , , , 
1/31/2020 2:31:45 AM, 3286, 9213, 1647.1, 327.68, 222.6, 163.93, 323.87, 172.78, 245.81, 98.02, 30.6, 63.9, 125, 64.56, 87.89, , , , , 
1/31/2020 2:31:48 AM, 3286, 9212.75, 1647.1, 327.68, 222.6, 163.93, 323.87, 172.78, 245.81, 98.02, 30.6, 63.9, 125, 64.56, 87.89, , , , , 
1/31/2020 2:31:51 AM, 3286, 9212.5, 1647.1, 327.68, 222.6, 163.93, 323.87, 172.78, 245.81, 98.02, 30.6, 63.9, 125, 64.56, 87.89, , , , , 
1/31/2020 2:31:54 AM, 3285.75, 9211.5, 1646.8, 327.68, 222.6, 163.93, 323.87, 172.78, 245.81, 98.02, 30.6, 63.9, 125, 64.56, 87.89, , , , , 
1/31/2020 2:31:57 AM, 3286, 9211, 1646.8, 327.68, 222.6, 163.93, 323.87, 172.78, 245.81, 98.02, 30.6, 63.9, 125, 64.56, 87.89, , , , , 
1/31/2020 2:32:00 AM, 3286, 9211.25, 1646.8, 327.68, 222.6, 163.93, 323.87, 172.78, 245.81, 98.02, 30.6, 63.9, 125, 64.56, 87.89, , , , , 
1/31/2020 2:32:03 AM, 3285.75, 9210.75, 1646.8, 327.68, 222.6, 163.93, 323.87, 172.78, 245.81, 98.02, 30.6, 63.9, 125, 64.56, 87.89, , , , , 
1/31/2020 2:32:06 AM, 3285.5, 9210.75, 1646.8, 327.68, 222.6, 163.93, 323.87, 172.78, 245.81, 98.02, 30.6, 63.9, 125, 64.56, 87.89, , , , , 
1/31/2020 2:32:09 AM, 3285.5, 9210.5, 1646.8, 327.68, 222.6, 163.93, 323.87, 172.78, 245.81, 98.02, 30.6, 63.9, 125, 64.56, 87.89, , , , , 
1/31/2020 2:32:12 AM, 3285.5, 9210.75, 1646.8, 327.68, 222.6, 163.93, 323.87, 172.78, 245.81, 98.02, 30.6, 63.9, 125, 64.56, 87.89, , , , , 
1/31/2020 2:32:15 AM, 3285.75, 9211.25, 1646.7, 327.68, 222.6, 163.93, 323.87, 172.78, 245.81, 98.02, 30.6, 63.9, 125, 64.56, 87.89, , , , , 
1/31/2020 2:32:18 AM, 3285.5, 9210, 1646.5, 327.68, 222.6, 163.93, 323.87, 172.78, 245.81, 98.02, 30.6, 63.9, 125, 64.56, 87.89, , , , , 
1/31/2020 2:32:21 AM, 3285, 9208.25, 1646.3, 327.68, 222.6, 163.93, 323.87, 172.78, 245.81, 98.02, 30.6, 63.9, 125, 64.56, 87.89, , , , , 
1/31/2020 2:32:24 AM, 3285.25, 9209, 1646.4, 327.68, 222.6, 163.93, 323.87, 172.78, 245.81, 98.02, 30.6, 63.9, 125, 64.56, 87.89, , , , , 
1/31/2020 2:32:27 AM, 3285, 9208, 1646.3, 327.68, 222.6, 163.93, 323.87, 172.78, 245.81, 98.02, 30.6, 63.9, 125, 64.56, 87.89, , , , , 
1/31/2020 2:32:30 AM, 3285, 9208.25, 1646.3, 327.68, 222.6, 163.93, 323.87, 172.78, 245.81, 98.02, 30.6, 63.9, 125, 64.56, 87.89, , , , , 
1/31/2020 2:32:33 AM, 3285, 9208.5, 1646.3, 327.68, 222.6, 163.93, 323.87, 172.78, 245.81, 98.02, 30.6, 63.9, 125, 64.56, 87.89, , , , , 
1/31/2020 2:32:36 AM, 3285, 9207.5, 1646.3, 327.68, 222.6, 163.93, 323.87, 172.78, 245.81, 98.02, 30.6, 63.9, 125, 64.56, 87.89, , , , , 
1/31/2020 2:32:39 AM, 3284.75, 9207.5, 1646.3, 327.68, 222.6, 163.93, 323.87, 172.78, 245.81, 98.02, 30.6, 63.9, 125, 64.56, 87.89, , , , , 
1/31/2020 2:32:42 AM, 3284.75, 9207.25, 1646.3, 327.68, 222.6, 163.93, 323.87, 172.78, 245.81, 98.02, 30.6, 63.9, 125, 64.56, 87.89, , , , , 
1/31/2020 2:32:45 AM, 3284.75, 9207.25, 1646.3, 327.68, 222.6, 163.93, 323.87, 172.78, 245.81, 98.02, 30.6, 63.9, 125, 64.56, 87.89, , , , , 
1/31/2020 2:32:48 AM, 3284.75, 9207.25, 1646.3, 327.68, 222.6, 163.93, 323.87, 172.78, 245.81, 98.02, 30.6, 63.9, 125, 64.56, 87.89, , , , , 
1/31/2020 2:32:51 AM, 3284.75, 9207.5, 1646.1, 327.68, 222.6, 163.93, 323.87, 172.78, 245.81, 98.02, 30.6, 63.9, 125, 64.56, 87.89, , , , , 
1/31/2020 2:32:54 AM, 3284.75, 9208, 1646.2, 327.68, 222.6, 163.93, 323.87, 172.78, 245.81, 98.02, 30.6, 63.9, 125, 64.56, 87.89, , , , , 
1/31/2020 2:32:57 AM, 3284.75, 9207.5, 1646.2, 327.68, 222.6, 163.93, 323.87, 172.78, 245.81, 98.02, 30.6, 63.9, 125, 64.56, 87.89, , , , , 
1/31/2020 2:33:00 AM, 3285, 9208.25, 1646.2, 327.68, 222.6, 163.93, 323.87, 172.78, 245.81, 98.02, 30.6, 63.9, 125, 64.56, 87.89, , , , , 
1/31/2020 2:33:03 AM, 3285, 9207.5, 1646.3, 327.68, 222.6, 163.93, 323.87, 172.78, 245.81, 98.02, 30.6, 63.9, 125, 64.56, 87.89, , , , , 
1/31/2020 2:33:06 AM, 3285, 9208, 1646.3, 327.68, 222.6, 163.93, 323.87, 172.78, 245.81, 98.02, 30.6, 63.9, 125, 64.56, 87.89, , , , , 
1/31/2020 2:33:09 AM, 3285, 9207.25, 1646.2, 327.68, 222.6, 163.93, 323.87, 172.78, 245.81, 98.02, 30.6, 63.9, 125, 64.56, 87.89, , , , , 
1/31/2020 2:33:12 AM, 3284.75, 9206.5, 1646.1, 327.68, 222.6, 163.93, 323.87, 172.78, 245.81, 98.02, 30.6, 63.9, 125, 64.56, 87.89, , , , , 
1/31/2020 2:33:15 AM, 3284.75, 9206.75, 1646.1, 327.68, 222.6, 163.93, 323.87, 172.78, 245.81, 98.02, 30.6, 63.9, 125, 64.56, 87.89, , , , , 
1/31/2020 2:33:18 AM, 3285, 9208, 1646.1, 327.68, 222.6, 163.93, 323.87, 172.78, 245.81, 98.02, 30.6, 63.9, 125, 64.56, 87.89, , , , , 
1/31/2020 2:33:21 AM, 3285, 9207.5, 1646.1, 327.68, 222.6, 163.93, 323.87, 172.78, 245.81, 98.02, 30.6, 63.9, 125, 64.56, 87.89, , , , , 
1/31/2020 2:33:24 AM, 3285, 9207.25, 1646.1, 327.68, 222.6, 163.93, 323.87, 172.78, 245.81, 98.02, 30.6, 63.9, 125, 64.56, 87.89, , , , , 
1/31/2020 2:33:27 AM, 3285, 9207.5, 1646.1, 327.68, 222.6, 163.93, 323.87, 172.78, 245.81, 98.02, 30.6, 63.9, 125, 64.56, 87.89, , , , , 
1/31/2020 2:33:30 AM, 3285, 9207.25, 1646.1, 327.68, 222.6, 163.93, 323.87, 172.78, 245.81, 98.02, 30.6, 63.9, 125, 64.56, 87.89, , , , , 
1/31/2020 2:33:33 AM, 3285, 9207.25, 1646.1, 327.68, 222.6, 163.93, 323.87, 172.78, 245.81, 98.02, 30.6, 63.9, 125, 64.56, 87.89, , , , , 
1/31/2020 2:33:36 AM, 3285, 9207.25, 1646.1, 327.68, 222.6, 163.93, 323.87, 172.78, 245.81, 98.02, 30.6, 63.9, 125, 64.56, 87.89, , , , , 
1/31/2020 2:33:39 AM, 3284.75, 9207.75, 1646.2, 327.68, 222.6, 163.93, 323.87, 172.78, 245.81, 98.02, 30.6, 63.9, 125, 64.56, 87.89, , , , , 
1/31/2020 2:33:42 AM, 3284.75, 9207.25, 1646.2, 327.68, 222.6, 163.93, 323.87, 172.78, 245.81, 98.02, 30.6, 63.9, 125, 64.56, 87.89, , , , , 
1/31/2020 2:33:45 AM, 3284.75, 9207.25, 1646.2, 327.68, 222.6, 163.93, 323.87, 172.78, 245.81, 98.02, 30.6, 63.9, 125, 64.56, 87.89, , , , , 
1/31/2020 2:33:48 AM, 3284.75, 9206.75, 1646.2, 327.68, 222.6, 163.93, 323.87, 172.78, 245.81, 98.02, 30.6, 63.9, 125, 64.56, 87.89, , , , , 
1/31/2020 2:33:51 AM, 3284.75, 9207.25, 1646.2, 327.68, 222.6, 163.93, 323.87, 172.78, 245.81, 98.02, 30.6, 63.9, 125, 64.56, 87.89, , , , , 
1/31/2020 2:33:54 AM, 3284.75, 9207.25, 1646.2, 327.68, 222.6, 163.93, 323.87, 172.78, 245.81, 98.02, 30.6, 63.9, 125, 64.56, 87.89, , , , , 
1/31/2020 2:33:58 AM, 3284.75, 9207, 1646.2, 327.68, 222.6, 163.93, 323.87, 172.78, 245.81, 98.02, 30.6, 63.9, 125, 64.56, 87.89, , , , , 
1/31/2020 2:34:01 AM, 3284.75, 9207, 1646.2, 327.68, 222.6, 163.93, 323.87, 172.78, 245.81, 98.02, 30.6, 63.9, 125, 64.56, 87.89, , , , , 
1/31/2020 2:34:04 AM, 3284.75, 9207.25, 1646.2, 327.68, 222.6, 163.93, 323.87, 172.78, 245.81, 98.02, 30.6, 63.9, 125, 64.56, 87.89, , , , , 
1/31/2020 2:34:07 AM, 3284.75, 9207.25, 1646.2, 327.68, 222.6, 163.93, 323.87, 172.78, 245.81, 98.02, 30.6, 63.9, 125, 64.56, 87.89, , , , , 
1/31/2020 2:34:10 AM, 3284.75, 9207, 1646.2, 327.68, 222.6, 163.93, 323.87, 172.78, 245.81, 98.02, 30.6, 63.9, 125, 64.56, 87.89, , , , , 
1/31/2020 2:34:13 AM, 3284.75, 9207, 1646.2, 327.68, 222.6, 163.93, 323.87, 172.78, 245.81, 98.02, 30.6, 63.9, 125, 64.56, 87.89, , , , , 
1/31/2020 2:34:16 AM, 3285, 9207.75, 1646.2, 327.68, 222.6, 163.93, 323.87, 172.78, 245.81, 98.02, 30.6, 63.9, 125, 64.56, 87.89, , , , , 
1/31/2020 2:34:19 AM, 3285, 9207.75, 1646.2, 327.68, 222.6, 163.93, 323.87, 172.78, 245.81, 98.02, 30.6, 63.9, 125, 64.56, 87.89, , , , , 
1/31/2020 2:34:22 AM, 3285, 9208.5, 1646.3, 327.68, 222.6, 163.93, 323.87, 172.78, 245.81, 98.02, 30.6, 63.9, 125, 64.56, 87.89, , , , , 
1/31/2020 2:34:25 AM, 3285, 9208.5, 1646.3, 327.68, 222.6, 163.93, 323.87, 172.78, 245.81, 98.02, 30.6, 63.9, 125, 64.56, 87.89, , , , , 
1/31/2020 2:34:28 AM, 3285.5, 9209.75, 1646.6, 327.68, 222.6, 163.93, 323.87, 172.78, 245.81, 98.02, 30.6, 63.9, 125, 64.56, 87.89, , , , , 
1/31/2020 2:34:31 AM, 3285.5, 9209.75, 1646.6, 327.68, 222.6, 163.93, 323.87, 172.78, 245.81, 98.02, 30.6, 63.9, 125, 64.56, 87.89, , , , , 
1/31/2020 2:34:34 AM, 3285.5, 9210.25, 1646.6, 327.68, 222.6, 163.93, 323.87, 172.78, 245.81, 98.02, 30.6, 63.9, 125, 64.56, 87.89, , , , , 
1/31/2020 2:34:37 AM, 3285.5, 9210.25, 1646.6, 327.68, 222.6, 163.93, 323.87, 172.78, 245.81, 98.02, 30.6, 63.9, 125, 64.56, 87.89, , , , , 
1/31/2020 2:34:40 AM, 3285, 9209, 1646.6, 327.68, 222.6, 163.93, 323.87, 172.78, 245.81, 98.02, 30.6, 63.9, 125, 64.56, 87.89, , , , , 
1/31/2020 2:34:43 AM, 3285, 9209, 1646.6, 327.68, 222.6, 163.93, 323.87, 172.78, 245.81, 98.02, 30.6, 63.9, 125, 64.56, 87.89, , , , , 
1/31/2020 2:34:46 AM, 3285.25, 9209.5, 1646.4, 327.68, 222.6, 163.93, 323.87, 172.78, 245.81, 98.02, 30.6, 63.9, 125, 64.56, 87.89, , , , , 
1/31/2020 2:34:49 AM, 3285.25, 9209.5, 1646.4, 327.68, 222.6, 163.93, 323.87, 172.78, 245.81, 98.02, 30.6, 63.9, 125, 64.56, 87.89, , , , , 
1/31/2020 2:34:52 AM, 3285.25, 9209.5, 1646.4, 327.68, 222.6, 163.93, 323.87, 172.78, 245.81, 98.02, 30.6, 63.9, 125, 64.56, 87.89, , , , , 
1/31/2020 2:34:55 AM, 3285.25, 9209.5, 1646.4, 327.68, 222.6, 163.93, 323.87, 172.78, 245.81, 98.02, 30.6, 63.9, 125, 64.56, 87.89, , , , , 
1/31/2020 2:34:58 AM, 3285.5, 9210, 1646.4, 327.68, 222.6, 163.93, 323.87, 172.78, 245.81, 98.02, 30.6, 63.9, 125, 64.56, 87.89, , , , , 
1/31/2020 2:35:01 AM, 3285.5, 9210, 1646.4, 327.68, 222.6, 163.93, 323.87, 172.78, 245.81, 98.02, 30.6, 63.9, 125, 64.56, 87.89, , , , , 
1/31/2020 2:35:04 AM, 3285.25, 9209.75, 1646.6, 327.68, 222.6, 163.93, 323.87, 172.78, 245.81, 98.02, 30.6, 63.9, 125, 64.56, 87.89, , , , , 
1/31/2020 2:35:07 AM, 3285.25, 9209.75, 1646.6, 327.68, 222.6, 163.93, 323.87, 172.78, 245.81, 98.02, 30.6, 63.9, 125, 64.56, 87.89, , , , , 
1/31/2020 2:35:10 AM, 3285.5, 9209.75, 1646.6, 327.68, 222.6, 163.93, 323.87, 172.78, 245.81, 98.02, 30.6, 63.9, 125, 64.56, 87.89, , , , , 
1/31/2020 2:35:13 AM, 3285.5, 9209.75, 1646.6, 327.68, 222.6, 163.93, 323.87, 172.78, 245.81, 98.02, 30.6, 63.9, 125, 64.56, 87.89, , , , , 
1/31/2020 2:35:16 AM, 3285, 9208.5, 1646.3, 327.68, 222.6, 163.93, 323.87, 172.78, 245.81, 98.02, 30.6, 63.9, 125, 64.56, 87.89, , , , , 
1/31/2020 2:35:30 AM, 3284.75, 9208.75, 1646.3, 327.68, 222.6, 163.93, 323.87, 172.78, 245.81, 98.02, 30.6, 63.9, 125, 64.56, 87.89, , , , , 
1/31/2020 2:35:33 AM, 3285, 9208, 1646.3, 327.68, 222.6, 163.93, 323.87, 172.78, 245.81, 98.02, 30.6, 63.9, 125, 64.56, 87.89, , , , , 
1/31/2020 2:35:36 AM, 3285.25, 9208.25, 1646.3, 327.68, 222.6, 163.93, 323.87, 172.78, 245.81, 98.02, 30.6, 63.9, 125, 64.56, 87.89, , , , , 
1/31/2020 2:35:39 AM, 3285.25, 9208.25, 1646.3, 327.68, 222.6, 163.93, 323.87, 172.78, 245.81, 98.02, 30.6, 63.9, 125, 64.56, 87.89, , , , , 
1/31/2020 2:35:42 AM, 3285, 9208.25, 1646.3, 327.68, 222.6, 163.93, 323.87, 172.78, 245.81, 98.02, 30.6, 63.9, 125, 64.56, 87.89, , , , , 
1/31/2020 2:35:45 AM, 3285, 9207.75, 1646.3, 327.68, 222.6, 163.93, 323.87, 172.78, 245.81, 98.02, 30.6, 63.9, 125, 64.56, 87.89, , , , , 
1/31/2020 2:35:48 AM, 3285, 9207.75, 1646.3, 327.68, 222.6, 163.93, 323.87, 172.78, 245.81, 98.02, 30.6, 63.9, 125, 64.56, 87.89, , , , , 
1/31/2020 2:35:51 AM, 3285, 9207.5, 1646.2, 327.68, 222.6, 163.93, 323.87, 172.78, 245.81, 98.02, 30.6, 63.9, 125, 64.56, 87.89, , , , , 
1/31/2020 2:35:54 AM, 3285, 9208, 1646.2, 327.68, 222.6, 163.93, 323.87, 172.78, 245.81, 98.02, 30.6, 63.9, 125, 64.56, 87.89, , , , , 
1/31/2020 2:35:57 AM, 3285, 9208.25, 1646.2, 327.68, 222.6, 163.93, 323.87, 172.78, 245.81, 98.02, 30.6, 63.9, 125, 64.56, 87.89, , , , , 
1/31/2020 2:36:00 AM, 3285, 9208, 1646.2, 327.68, 222.6, 163.93, 323.87, 172.78, 245.81, 98.02, 30.6, 63.9, 125, 64.56, 87.89, , , , , 
1/31/2020 2:36:03 AM, 3285, 9208, 1646.2, 327.68, 222.6, 163.93, 323.87, 172.78, 245.81, 98.02, 30.6, 63.9, 125, 64.56, 87.89, , , , , 
1/31/2020 2:36:06 AM, 3285, 9208.25, 1646.2, 327.68, 222.6, 163.93, 323.87, 172.78, 245.81, 98.02, 30.6, 63.9, 125, 64.56, 87.89, , , , , 
1/31/2020 2:36:09 AM, 3285, 9208, 1646.3, 327.68, 222.6, 163.93, 323.87, 172.78, 245.81, 98.02, 30.6, 63.9, 125, 64.56, 87.89, , , , , 
1/31/2020 2:36:12 AM, 3285, 9208, 1646.3, 327.68, 222.6, 163.93, 323.87, 172.78, 245.81, 98.02, 30.6, 63.9, 125, 64.56, 87.89, , , , , 
1/31/2020 2:36:15 AM, 3285, 9207.75, 1646.4, 327.68, 222.6, 163.93, 323.87, 172.78, 245.81, 98.02, 30.6, 63.9, 125, 64.56, 87.89, , , , , 
1/31/2020 2:36:18 AM, 3285, 9207.75, 1646.4, 327.68, 222.6, 163.93, 323.87, 172.78, 245.81, 98.02, 30.6, 63.9, 125, 64.56, 87.89, , , , , 
1/31/2020 2:36:21 AM, 3284.75, 9207, 1646.1, 327.68, 222.6, 163.93, 323.87, 172.78, 245.81, 98.02, 30.6, 63.9, 125, 64.56, 87.89, , , , , 
1/31/2020 2:36:24 AM, 3284.75, 9206.5, 1646.1, 327.68, 222.6, 163.93, 323.87, 172.78, 245.81, 98.02, 30.6, 63.9, 125, 64.56, 87.89, , , , , 
1/31/2020 2:36:27 AM, 3284.75, 9207.25, 1646.1, 327.68, 222.6, 163.93, 323.87, 172.78, 245.81, 98.02, 30.6, 63.9, 125, 64.56, 87.89, , , , , 
1/31/2020 2:36:30 AM, 3284.75, 9207.25, 1646.1, 327.68, 222.6, 163.93, 323.87, 172.78, 245.81, 98.02, 30.6, 63.9, 125, 64.56, 87.89, , , , , 
1/31/2020 2:36:33 AM, 3284.75, 9207.25, 1646.1, 327.68, 222.6, 163.93, 323.87, 172.78, 245.81, 98.02, 30.6, 63.9, 125, 64.56, 87.89, , , , , 
1/31/2020 2:36:36 AM, 3284.75, 9207.25, 1646.1, 327.68, 222.6, 163.93, 323.87, 172.78, 245.81, 98.02, 30.6, 63.9, 125, 64.56, 87.89, , , , , 
1/31/2020 2:36:39 AM, 3284.75, 9207, 1646.1, 327.68, 222.6, 163.93, 323.87, 172.78, 245.81, 98.02, 30.6, 63.9, 125, 64.56, 87.89, , , , , 
1/31/2020 2:36:42 AM, 3284.75, 9207, 1646.1, 327.68, 222.6, 163.93, 323.87, 172.78, 245.81, 98.02, 30.6, 63.9, 125, 64.56, 87.89, , , , , 
1/31/2020 2:36:45 AM, 3284.75, 9207.25, 1646.2, 327.68, 222.6, 163.93, 323.87, 172.78, 245.81, 98.02, 30.6, 63.9, 125, 64.56, 87.89, , , , , 
1/31/2020 2:36:48 AM, 3284.75, 9207.5, 1646.2, 327.68, 222.6, 163.93, 323.87, 172.78, 245.81, 98.02, 30.6, 63.9, 125, 64.56, 87.89, , , , , 
1/31/2020 2:36:51 AM, 3285, 9207.5, 1646.3, 327.68, 222.6, 163.93, 323.87, 172.78, 245.81, 98.02, 30.6, 63.9, 125, 64.56, 87.89, , , , , 
1/31/2020 2:36:54 AM, 3285, 9207.5, 1646.3, 327.68, 222.6, 163.93, 323.87, 172.78, 245.81, 98.02, 30.6, 63.9, 125, 64.56, 87.89, , , , , 
1/31/2020 2:36:58 AM, 3285, 9207, 1646.3, 327.68, 222.6, 163.93, 323.87, 172.78, 245.81, 98.02, 30.6, 63.9, 125, 64.56, 87.89, , , , , 
1/31/2020 2:37:01 AM, 3285, 9207, 1646.3, 327.68, 222.6, 163.93, 323.87, 172.78, 245.81, 98.02, 30.6, 63.9, 125, 64.56, 87.89, , , , , 
1/31/2020 2:37:04 AM, 3285, 9207.75, 1646.3, 327.68, 222.6, 163.93, 323.87, 172.78, 245.81, 98.02, 30.6, 63.9, 125, 64.56, 87.89, , , , , 
1/31/2020 2:37:07 AM, 3285, 9207.75, 1646.3, 327.68, 222.6, 163.93, 323.87, 172.78, 245.81, 98.02, 30.6, 63.9, 125, 64.56, 87.89, , , , , 
1/31/2020 2:37:10 AM, 3284.75, 9206.75, 1646.1, 327.68, 222.6, 163.93, 323.87, 172.78, 245.81, 98.02, 30.6, 63.9, 125, 64.56, 87.89, , , , , 
1/31/2020 2:37:13 AM, 3284.75, 9206.75, 1646.1, 327.68, 222.6, 163.93, 323.87, 172.78, 245.81, 98.02, 30.6, 63.9, 125, 64.56, 87.89, , , , , 
1/31/2020 2:37:16 AM, 3284.75, 9206.5, 1646.1, 327.68, 222.6, 163.93, 323.87, 172.78, 245.81, 98.02, 30.6, 63.9, 125, 64.56, 87.89, , , , , 
1/31/2020 2:37:19 AM, 3284.75, 9206.5, 1646.1, 327.68, 222.6, 163.93, 323.87, 172.78, 245.81, 98.02, 30.6, 63.9, 125, 64.56, 87.89, , , , , 
1/31/2020 2:37:22 AM, 3284.75, 9206.5, 1646.1, 327.68, 222.6, 163.93, 323.87, 172.78, 245.81, 98.02, 30.6, 63.9, 125, 64.56, 87.89, , , , , 
1/31/2020 2:37:25 AM, 3284.75, 9206.5, 1646.1, 327.68, 222.6, 163.93, 323.87, 172.78, 245.81, 98.02, 30.6, 63.9, 125, 64.56, 87.89, , , , , 
1/31/2020 2:37:28 AM, 3284.75, 9207, 1646.1, 327.68, 222.6, 163.93, 323.87, 172.78, 245.81, 98.02, 30.6, 63.9, 125, 64.56, 87.89, , , , , 
1/31/2020 2:37:31 AM, 3284.75, 9207, 1646.1, 327.68, 222.6, 163.93, 323.87, 172.78, 245.81, 98.02, 30.6, 63.9, 125, 64.56, 87.89, , , , , 
1/31/2020 2:37:34 AM, 3284.75, 9206.5, 1646.1, 327.68, 222.6, 163.93, 323.87, 172.78, 245.81, 98.02, 30.6, 63.9, 125, 64.56, 87.89, , , , , 
1/31/2020 2:37:37 AM, 3284.75, 9206.5, 1646.1, 327.68, 222.6, 163.93, 323.87, 172.78, 245.81, 98.02, 30.6, 63.9, 125, 64.56, 87.89, , , , , 
1/31/2020 2:37:40 AM, 3284.75, 9206, 1646.1, 327.68, 222.6, 163.93, 323.87, 172.78, 245.81, 98.02, 30.6, 63.9, 125, 64.56, 87.89, , , , , 
1/31/2020 2:37:43 AM, 3284.75, 9206, 1646.1, 327.68, 222.6, 163.93, 323.87, 172.78, 245.81, 98.02, 30.6, 63.9, 125, 64.56, 87.89, , , , , 
1/31/2020 2:37:46 AM, 3284.75, 9206.25, 1646.1, 327.68, 222.6, 163.93, 323.87, 172.78, 245.81, 98.02, 30.6, 63.9, 125, 64.56, 87.89, , , , , 
1/31/2020 2:37:49 AM, 3284.75, 9206.25, 1646.1, 327.68, 222.6, 163.93, 323.87, 172.78, 245.81, 98.02, 30.6, 63.9, 125, 64.56, 87.89, , , , , 
1/31/2020 2:37:52 AM, 3284.5, 9206, 1646.1, 327.68, 222.6, 163.93, 323.87, 172.78, 245.81, 98.02, 30.6, 63.9, 125, 64.56, 87.89, , , , , 
1/31/2020 2:37:55 AM, 3284.5, 9206, 1646.1, 327.68, 222.6, 163.93, 323.87, 172.78, 245.81, 98.02, 30.6, 63.9, 125, 64.56, 87.89, , , , , 
1/31/2020 2:37:58 AM, 3284.75, 9205.5, 1646.1, 327.68, 222.6, 163.93, 323.87, 172.78, 245.81, 98.02, 30.6, 63.9, 125, 64.56, 87.89, , , , , 
1/31/2020 2:38:01 AM, 3284.75, 9205.5, 1646.1, 327.68, 222.6, 163.93, 323.87, 172.78, 245.81, 98.02, 30.6, 63.9, 125, 64.56, 87.89, , , , , 
1/31/2020 2:38:04 AM, 3284.5, 9204.25, 1646, 327.68, 222.6, 163.93, 323.87, 172.78, 245.81, 98.02, 30.6, 63.9, 125, 64.56, 87.89, , , , , 
1/31/2020 2:38:07 AM, 3284.5, 9204.25, 1646, 327.68, 222.6, 163.93, 323.87, 172.78, 245.81, 98.02, 30.6, 63.9, 125, 64.56, 87.89, , , , , 
1/31/2020 2:38:10 AM, 3285, 9206.25, 1646.2, 327.68, 222.6, 163.93, 323.87, 172.78, 245.81, 98.02, 30.6, 63.9, 125, 64.56, 87.89, , , , , 
1/31/2020 2:38:13 AM, 3285, 9206.25, 1646.2, 327.68, 222.6, 163.93, 323.87, 172.78, 245.81, 98.02, 30.6, 63.9, 125, 64.56, 87.89, , , , , 
1/31/2020 2:38:16 AM, 3285, 9206.75, 1646.3, 327.68, 222.6, 163.93, 323.87, 172.78, 245.81, 98.02, 30.6, 63.9, 125, 64.56, 87.89, , , , , 
1/31/2020 2:38:19 AM, 3285, 9206.75, 1646.3, 327.68, 222.6, 163.93, 323.87, 172.78, 245.81, 98.02, 30.6, 63.9, 125, 64.56, 87.89, , , , , 
1/31/2020 2:38:22 AM, 3285, 9207, 1646.2, 327.68, 222.6, 163.93, 323.87, 172.78, 245.81, 98.02, 30.6, 63.9, 125, 64.56, 87.89, , , , , 
1/31/2020 2:38:25 AM, 3285, 9207, 1646.2, 327.68, 222.6, 163.93, 323.87, 172.78, 245.81, 98.02, 30.6, 63.9, 125, 64.56, 87.89, , , , , 
1/31/2020 2:38:28 AM, 3284.75, 9206, 1645.8, 327.68, 222.6, 163.93, 323.87, 172.78, 245.81, 98.02, 30.6, 63.9, 125, 64.56, 87.89, , , , , 
1/31/2020 2:38:31 AM, 3284.75, 9206, 1645.8, 327.68, 222.6, 163.93, 323.87, 172.78, 245.81, 98.02, 30.6, 63.9, 125, 64.56, 87.89, , , , , 
1/31/2020 2:38:34 AM, 3285, 9206.5, 1646, 327.68, 222.6, 163.93, 323.87, 172.78, 245.81, 98.02, 30.6, 63.9, 125, 64.56, 87.89, , , , , 
1/31/2020 2:38:37 AM, 3285, 9206.5, 1646, 327.68, 222.6, 163.93, 323.87, 172.78, 245.81, 98.02, 30.6, 63.9, 125, 64.56, 87.89, , , , , 
1/31/2020 2:38:40 AM, 3285, 9206.75, 1646, 327.68, 222.6, 163.93, 323.87, 172.78, 245.81, 98.02, 30.6, 63.9, 125, 64.56, 87.89, , , , , 
1/31/2020 2:38:43 AM, 3285, 9206.75, 1646, 327.68, 222.6, 163.93, 323.87, 172.78, 245.81, 98.02, 30.6, 63.9, 125, 64.56, 87.89, , , , , 
1/31/2020 2:38:46 AM, 3285, 9206.75, 1646, 327.68, 222.6, 163.93, 323.87, 172.78, 245.81, 98.02, 30.6, 63.9, 125, 64.56, 87.89, , , , , 
1/31/2020 2:38:49 AM, 3285, 9206.75, 1646, 327.68, 222.6, 163.93, 323.87, 172.78, 245.81, 98.02, 30.6, 63.9, 125, 64.56, 87.89, , , , , 
1/31/2020 2:38:52 AM, 3285, 9206.5, 1645.9, 327.68, 222.6, 163.93, 323.87, 172.78, 245.81, 98.02, 30.6, 63.9, 125, 64.56, 87.89, , , , , 
1/31/2020 2:38:55 AM, 3285, 9206.5, 1645.9, 327.68, 222.6, 163.93, 323.87, 172.78, 245.81, 98.02, 30.6, 63.9, 125, 64.56, 87.89, , , , , 
1/31/2020 2:38:58 AM, 3285, 9206.5, 1645.9, 327.68, 222.6, 163.93, 323.87, 172.78, 245.81, 98.02, 30.6, 63.9, 125, 64.56, 87.89, , , , , 
1/31/2020 2:39:01 AM, 3285, 9206.5, 1645.9, 327.68, 222.6, 163.93, 323.87, 172.78, 245.81, 98.02, 30.6, 63.9, 125, 64.56, 87.89, , , , , 
1/31/2020 2:39:04 AM, 3285, 9206.5, 1645.9, 327.68, 222.6, 163.93, 323.87, 172.78, 245.81, 98.02, 30.6, 63.9, 125, 64.56, 87.89, , , , , 
1/31/2020 2:39:07 AM, 3285, 9206.5, 1645.9, 327.68, 222.6, 163.93, 323.87, 172.78, 245.81, 98.02, 30.6, 63.9, 125, 64.56, 87.89, , , , , 
1/31/2020 2:39:10 AM, 3285, 9207, 1645.9, 327.68, 222.6, 163.93, 323.87, 172.78, 245.81, 98.02, 30.6, 63.9, 125, 64.56, 87.89, , , , , 
1/31/2020 2:39:13 AM, 3285, 9207, 1645.9, 327.68, 222.6, 163.93, 323.87, 172.78, 245.81, 98.02, 30.6, 63.9, 125, 64.56, 87.89, , , , , 
1/31/2020 2:39:16 AM, 3285, 9207.5, 1645.9, 327.68, 222.6, 163.93, 323.87, 172.78, 245.81, 98.02, 30.6, 63.9, 125, 64.56, 87.89, , , , , 
1/31/2020 2:39:19 AM, 3284.75, 9207.5, 1645.9, 327.68, 222.6, 163.93, 323.87, 172.78, 245.81, 98.02, 30.6, 63.9, 125, 64.56, 87.89, , , , , 
1/31/2020 2:39:23 AM, 3285, 9207.25, 1645.9, 327.68, 222.6, 163.93, 323.87, 172.78, 245.81, 98.02, 30.6, 63.9, 125, 64.56, 87.89, , , , , 
1/31/2020 2:39:26 AM, 3285, 9207, 1645.8, 327.68, 222.6, 163.93, 323.87, 172.78, 245.81, 98.02, 30.6, 63.9, 125, 64.56, 87.89, , , , , 
1/31/2020 2:39:29 AM, 3285, 9207, 1645.8, 327.68, 222.6, 163.93, 323.87, 172.78, 245.81, 98.02, 30.6, 63.9, 125, 64.56, 87.89, , , , , 
1/31/2020 2:39:32 AM, 3285, 9207, 1645.7, 327.68, 222.6, 163.93, 323.87, 172.78, 245.81, 98.02, 30.6, 63.9, 125, 64.56, 87.89, , , , , 
1/31/2020 2:39:35 AM, 3285, 9207, 1645.8, 327.68, 222.6, 163.93, 323.87, 172.78, 245.81, 98.02, 30.6, 63.9, 125, 64.56, 87.89, , , , , 
1/31/2020 2:39:38 AM, 3284.5, 9205.5, 1645.6, 327.68, 222.6, 163.93, 323.87, 172.78, 245.81, 98.02, 30.6, 63.9, 125, 64.56, 87.89, , , , , 
1/31/2020 2:39:41 AM, 3283.75, 9202.75, 1645.3, 327.68, 222.6, 163.93, 323.87, 172.78, 245.81, 98.02, 30.6, 63.9, 125, 64.56, 87.89, , , , , 
1/31/2020 2:39:44 AM, 3283.5, 9203, 1645.1, 327.68, 222.6, 163.93, 323.87, 172.78, 245.81, 98.02, 30.6, 63.9, 125, 64.56, 87.89, , , , , 
1/31/2020 2:39:47 AM, 3283.5, 9202, 1645.1, 327.68, 222.6, 163.93, 323.87, 172.78, 245.81, 98.02, 30.6, 63.9, 125, 64.56, 87.89, , , , , 
1/31/2020 2:39:50 AM, 3283.5, 9202.75, 1645.2, 327.68, 222.6, 163.93, 323.87, 172.78, 245.81, 98.02, 30.6, 63.9, 125, 64.56, 87.89, , , , , 
1/31/2020 2:39:53 AM, 3283.5, 9203, 1645.2, 327.68, 222.6, 163.93, 323.87, 172.78, 245.81, 98.02, 30.6, 63.9, 125, 64.56, 87.89, , , , , 
1/31/2020 2:39:56 AM, 3283.75, 9203, 1645.3, 327.68, 222.6, 163.93, 323.87, 172.78, 245.81, 98.02, 30.6, 63.9, 125, 64.56, 87.89, , , , , 
1/31/2020 2:39:59 AM, 3283.75, 9202.5, 1645.1, 327.68, 222.6, 163.93, 323.87, 172.78, 245.81, 98.02, 30.6, 63.9, 125, 64.56, 87.89, , , , , 
1/31/2020 2:40:02 AM, 3283.5, 9203.25, 1645.1, 327.68, 222.6, 163.93, 323.87, 172.78, 245.81, 98.02, 30.6, 63.9, 125, 64.56, 87.89, , , , , 
1/31/2020 2:40:05 AM, 3283.5, 9201.5, 1645.1, 327.68, 222.6, 163.93, 323.87, 172.78, 245.81, 98.02, 30.6, 63.9, 125, 64.56, 87.89, , , , , 
1/31/2020 2:40:08 AM, 3283.5, 9202.75, 1645.2, 327.68, 222.6, 163.93, 323.87, 172.78, 245.81, 98.02, 30.6, 63.9, 125, 64.56, 87.89, , , , , 
1/31/2020 2:40:11 AM, 3283.5, 9202.75, 1645.2, 327.68, 222.6, 163.93, 323.87, 172.78, 245.81, 98.02, 30.6, 63.9, 125, 64.56, 87.89, , , , , 
1/31/2020 2:40:14 AM, 3283.5, 9202.25, 1645.3, 327.68, 222.6, 163.93, 323.87, 172.78, 245.81, 98.02, 30.6, 63.9, 125, 64.56, 87.89, , , , , 
1/31/2020 2:40:17 AM, 3283.25, 9202.25, 1645.1, 327.68, 222.6, 163.93, 323.87, 172.78, 245.81, 98.02, 30.6, 63.9, 125, 64.56, 87.89, , , , , 
1/31/2020 2:40:20 AM, 3283.25, 9202.5, 1645.1, 327.68, 222.6, 163.93, 323.87, 172.78, 245.81, 98.02, 30.6, 63.9, 125, 64.56, 87.89, , , , , 
1/31/2020 2:40:23 AM, 3283.25, 9202.25, 1645.1, 327.68, 222.6, 163.93, 323.87, 172.78, 245.81, 98.02, 30.6, 63.9, 125, 64.56, 87.89, , , , , 
1/31/2020 2:40:26 AM, 3283.5, 9202, 1645.3, 327.68, 222.6, 163.93, 323.87, 172.78, 245.81, 98.02, 30.6, 63.9, 125, 64.56, 87.89, , , , , 
1/31/2020 2:40:29 AM, 3283.5, 9202.5, 1645.3, 327.68, 222.6, 163.93, 323.87, 172.78, 245.81, 98.02, 30.6, 63.9, 125, 64.56, 87.89, , , , , 
1/31/2020 2:40:32 AM, 3283.25, 9202.5, 1645.3, 327.68, 222.6, 163.93, 323.87, 172.78, 245.81, 98.02, 30.6, 63.9, 125, 64.56, 87.89, , , , , 
1/31/2020 2:40:35 AM, 3283.25, 9202, 1645.3, 327.68, 222.6, 163.93, 323.87, 172.78, 245.81, 98.02, 30.6, 63.9, 125, 64.56, 87.89, , , , , 
1/31/2020 2:40:38 AM, 3283.25, 9202, 1645.2, 327.68, 222.6, 163.93, 323.87, 172.78, 245.81, 98.02, 30.6, 63.9, 125, 64.56, 87.89, , , , , 
1/31/2020 2:40:41 AM, 3283, 9201, 1645.1, 327.68, 222.6, 163.93, 323.87, 172.78, 245.81, 98.02, 30.6, 63.9, 125, 64.56, 87.89, , , , , 
1/31/2020 2:40:44 AM, 3282.75, 9201, 1645.1, 327.68, 222.6, 163.93, 323.87, 172.78, 245.81, 98.02, 30.6, 63.9, 125, 64.56, 87.89, , , , , 
1/31/2020 2:40:47 AM, 3283, 9201.5, 1645.1, 327.68, 222.6, 163.93, 323.87, 172.78, 245.81, 98.02, 30.6, 63.9, 125, 64.56, 87.89, , , , , 
1/31/2020 2:40:50 AM, 3283, 9201.5, 1645.1, 327.68, 222.6, 163.93, 323.87, 172.78, 245.81, 98.02, 30.6, 63.9, 125, 64.56, 87.89, , , , , 
1/31/2020 2:40:53 AM, 3283, 9201.75, 1645.1, 327.68, 222.6, 163.93, 323.87, 172.78, 245.81, 98.02, 30.6, 63.9, 125, 64.56, 87.89, , , , , 
1/31/2020 2:40:56 AM, 3283, 9202.25, 1645.1, 327.68, 222.6, 163.93, 323.87, 172.78, 245.81, 98.02, 30.6, 63.9, 125, 64.56, 87.89, , , , , 
1/31/2020 2:40:59 AM, 3283.25, 9202.25, 1645.1, 327.68, 222.6, 163.93, 323.87, 172.78, 245.81, 98.02, 30.6, 63.9, 125, 64.56, 87.89, , , , , 
1/31/2020 2:41:02 AM, 3283.25, 9202.5, 1645.2, 327.68, 222.6, 163.93, 323.87, 172.78, 245.81, 98.02, 30.6, 63.9, 125, 64.56, 87.89, , , , , 
1/31/2020 2:41:05 AM, 3283.25, 9202.25, 1645.2, 327.68, 222.6, 163.93, 323.87, 172.78, 245.81, 98.02, 30.6, 63.9, 125, 64.56, 87.89, , , , , 
1/31/2020 2:41:08 AM, 3283, 9202.25, 1645.2, 327.68, 222.6, 163.93, 323.87, 172.78, 245.81, 98.02, 30.6, 63.9, 125, 64.56, 87.89, , , , , 
1/31/2020 2:41:11 AM, 3283, 9202, 1645.2, 327.68, 222.6, 163.93, 323.87, 172.78, 245.81, 98.02, 30.6, 63.9, 125, 64.56, 87.89, , , , , 
1/31/2020 2:41:14 AM, 3283, 9202.25, 1645.2, 327.68, 222.6, 163.93, 323.87, 172.78, 245.81, 98.02, 30.6, 63.9, 125, 64.56, 87.89, , , , , 
1/31/2020 2:41:17 AM, 3283, 9202.75, 1645.2, 327.68, 222.6, 163.93, 323.87, 172.78, 245.81, 98.02, 30.6, 63.9, 125, 64.56, 87.89, , , , , 
1/31/2020 2:41:20 AM, 3283.25, 9202.75, 1645.2, 327.68, 222.6, 163.93, 323.87, 172.78, 245.81, 98.02, 30.6, 63.9, 125, 64.56, 87.89, , , , , 
1/31/2020 2:41:23 AM, 3283.25, 9203, 1645.3, 327.68, 222.6, 163.93, 323.87, 172.78, 245.81, 98.02, 30.6, 63.9, 125, 64.56, 87.89, , , , , 
1/31/2020 2:41:26 AM, 3283, 9202, 1645.2, 327.68, 222.6, 163.93, 323.87, 172.78, 245.81, 98.02, 30.6, 63.9, 125, 64.56, 87.89, , , , , 
1/31/2020 2:41:30 AM, 3283, 9201.25, 1645.2, 327.68, 222.6, 163.93, 323.87, 172.78, 245.81, 98.02, 30.6, 63.9, 125, 64.56, 87.89, , , , , 
1/31/2020 2:41:33 AM, 3283, 9201.75, 1645.2, 327.68, 222.6, 163.93, 323.87, 172.78, 245.81, 98.02, 30.6, 63.9, 125, 64.56, 87.89, , , , , 
1/31/2020 2:41:36 AM, 3283, 9201.25, 1645.2, 327.68, 222.6, 163.93, 323.87, 172.78, 245.81, 98.02, 30.6, 63.9, 125, 64.56, 87.89, , , , , 
1/31/2020 2:41:39 AM, 3282.75, 9201.25, 1645.2, 327.68, 222.6, 163.93, 323.87, 172.78, 245.81, 98.02, 30.6, 63.9, 125, 64.56, 87.89, , , , , 
1/31/2020 2:41:42 AM, 3282.75, 9200.75, 1645.2, 327.68, 222.6, 163.93, 323.87, 172.78, 245.81, 98.02, 30.6, 63.9, 125, 64.56, 87.89, , , , , 
1/31/2020 2:41:45 AM, 3282.75, 9200.5, 1645.2, 327.68, 222.6, 163.93, 323.87, 172.78, 245.81, 98.02, 30.6, 63.9, 125, 64.56, 87.89, , , , , 
1/31/2020 2:41:48 AM, 3282.25, 9198.5, 1644.7, 327.68, 222.6, 163.93, 323.87, 172.78, 245.81, 98.02, 30.6, 63.9, 125, 64.56, 87.89, , , , , 
1/31/2020 2:41:51 AM, 3282.25, 9198.75, 1644.7, 327.68, 222.6, 163.93, 323.87, 172.78, 245.81, 98.02, 30.6, 63.9, 125, 64.56, 87.89, , , , , 
1/31/2020 2:41:54 AM, 3282.25, 9199.25, 1644.7, 327.68, 222.6, 163.93, 323.87, 172.78, 245.81, 98.02, 30.6, 63.9, 125, 64.56, 87.89, , , , , 
1/31/2020 2:41:57 AM, 3282, 9198.25, 1644.7, 327.68, 222.6, 163.93, 323.87, 172.78, 245.81, 98.02, 30.6, 63.9, 125, 64.56, 87.89, , , , , 
1/31/2020 2:42:00 AM, 3282.25, 9199.25, 1644.7, 327.68, 222.6, 163.93, 323.87, 172.78, 245.81, 98.02, 30.6, 63.9, 125, 64.56, 87.89, , , , , 
1/31/2020 2:42:03 AM, 3282.25, 9199.5, 1644.7, 327.68, 222.6, 163.93, 323.87, 172.78, 245.81, 98.02, 30.6, 63.9, 125, 64.56, 87.89, , , , , 
1/31/2020 2:42:06 AM, 3282.5, 9199.25, 1644.7, 327.68, 222.6, 163.93, 323.87, 172.78, 245.81, 98.02, 30.6, 63.9, 125, 64.56, 87.89, , , , , 
1/31/2020 2:42:09 AM, 3282.75, 9199.75, 1644.8, 327.68, 222.6, 163.93, 323.87, 172.78, 245.81, 98.02, 30.6, 63.9, 125, 64.56, 87.89, , , , , 
1/31/2020 2:42:12 AM, 3282.5, 9198.75, 1644.8, 327.68, 222.6, 163.93, 323.87, 172.78, 245.81, 98.02, 30.6, 63.9, 125, 64.56, 87.89, , , , , 
1/31/2020 2:42:15 AM, 3282.5, 9198.25, 1644.7, 327.68, 222.6, 163.93, 323.87, 172.78, 245.81, 98.02, 30.6, 63.9, 125, 64.56, 87.89, , , , , 
1/31/2020 2:42:18 AM, 3282.5, 9198.25, 1644.7, 327.68, 222.6, 163.93, 323.87, 172.78, 245.81, 98.02, 30.6, 63.9, 125, 64.56, 87.89, , , , , 
1/31/2020 2:42:21 AM, 3282.25, 9197.75, 1644.7, 327.68, 222.6, 163.93, 323.87, 172.78, 245.81, 98.02, 30.6, 63.9, 125, 64.56, 87.89, , , , , 
1/31/2020 2:42:24 AM, 3282.5, 9197.75, 1644.7, 327.68, 222.6, 163.93, 323.87, 172.78, 245.81, 98.02, 30.6, 63.9, 125, 64.56, 87.89, , , , , 
1/31/2020 2:42:27 AM, 3282.25, 9197.75, 1644.6, 327.68, 222.6, 163.93, 323.87, 172.78, 245.81, 98.02, 30.6, 63.9, 125, 64.56, 87.89, , , , , 
1/31/2020 2:42:30 AM, 3282.5, 9198.25, 1644.6, 327.68, 222.6, 163.93, 323.87, 172.78, 245.81, 98.02, 30.6, 63.9, 125, 64.56, 87.89, , , , , 
1/31/2020 2:42:33 AM, 3282.5, 9198, 1644.6, 327.68, 222.6, 163.93, 323.87, 172.78, 245.81, 98.02, 30.6, 63.9, 125, 64.56, 87.89, , , , , 
1/31/2020 2:42:36 AM, 3282.5, 9198.75, 1644.6, 327.68, 222.6, 163.93, 323.87, 172.78, 245.81, 98.02, 30.6, 63.9, 125, 64.56, 87.89, , , , , 
1/31/2020 2:42:39 AM, 3282.75, 9198.5, 1644.9, 327.68, 222.6, 163.93, 323.87, 172.78, 245.81, 98.02, 30.6, 63.9, 125, 64.56, 87.89, , , , , 
1/31/2020 2:42:42 AM, 3282.5, 9197.75, 1644.9, 327.68, 222.6, 163.93, 323.87, 172.78, 245.81, 98.02, 30.6, 63.9, 125, 64.56, 87.89, , , , , 
1/31/2020 2:42:45 AM, 3282.25, 9197.75, 1644.9, 327.68, 222.6, 163.93, 323.87, 172.78, 245.81, 98.02, 30.6, 63.9, 125, 64.56, 87.89, , , , , 
1/31/2020 2:42:48 AM, 3282.25, 9197.75, 1644.9, 327.68, 222.6, 163.93, 323.87, 172.78, 245.81, 98.02, 30.6, 63.9, 125, 64.56, 87.89, , , , , 
1/31/2020 2:42:51 AM, 3282.5, 9198.5, 1644.9, 327.68, 222.6, 163.93, 323.87, 172.78, 245.81, 98.02, 30.6, 63.9, 125, 64.56, 87.89, , , , , 
1/31/2020 2:42:54 AM, 3282.5, 9198.25, 1644.9, 327.68, 222.6, 163.93, 323.87, 172.78, 245.81, 98.02, 30.6, 63.9, 125, 64.56, 87.89, , , , , 
1/31/2020 2:42:57 AM, 3282.5, 9197.75, 1644.9, 327.68, 222.6, 163.93, 323.87, 172.78, 245.81, 98.02, 30.6, 63.9, 125, 64.56, 87.89, , , , , 
1/31/2020 2:43:00 AM, 3282.5, 9197.5, 1644.9, 327.68, 222.6, 163.93, 323.87, 172.78, 245.81, 98.02, 30.6, 63.9, 125, 64.56, 87.89, , , , , 
1/31/2020 2:43:03 AM, 3282.25, 9197, 1644.9, 327.68, 222.6, 163.93, 323.87, 172.78, 245.81, 98.02, 30.6, 63.9, 125, 64.56, 87.89, , , , , 
1/31/2020 2:43:06 AM, 3282.25, 9197.25, 1644.9, 327.68, 222.6, 163.93, 323.87, 172.78, 245.81, 98.02, 30.6, 63.9, 125, 64.56, 87.89, , , , , 
1/31/2020 2:43:09 AM, 3282, 9195.5, 1644.6, 327.68, 222.6, 163.93, 323.87, 172.78, 245.81, 98.02, 30.6, 63.9, 125, 64.56, 87.89, , , , , 
1/31/2020 2:43:12 AM, 3282, 9195.5, 1644.6, 327.68, 222.6, 163.93, 323.87, 172.78, 245.81, 98.02, 30.6, 63.9, 125, 64.56, 87.89, , , , , 
1/31/2020 2:43:15 AM, 3282, 9196.25, 1644.6, 327.68, 222.6, 163.93, 323.87, 172.78, 245.81, 98.02, 30.6, 63.9, 125, 64.56, 87.89, , , , , 
1/31/2020 2:43:18 AM, 3282, 9196, 1644.6, 327.68, 222.6, 163.93, 323.87, 172.78, 245.81, 98.02, 30.6, 63.9, 125, 64.56, 87.89, , , , , 
1/31/2020 2:43:21 AM, 3282, 9196, 1644.6, 327.68, 222.6, 163.93, 323.87, 172.78, 245.81, 98.02, 30.6, 63.9, 125, 64.56, 87.89, , , , , 
1/31/2020 2:43:24 AM, 3282, 9196, 1644.6, 327.68, 222.6, 163.93, 323.87, 172.78, 245.81, 98.02, 30.6, 63.9, 125, 64.56, 87.89, , , , , 
1/31/2020 2:43:27 AM, 3282, 9195.75, 1644.6, 327.68, 222.6, 163.93, 323.87, 172.78, 245.81, 98.02, 30.6, 63.9, 125, 64.56, 87.89, , , , , 
1/31/2020 2:43:30 AM, 3282, 9195.75, 1644.6, 327.68, 222.6, 163.93, 323.87, 172.78, 245.81, 98.02, 30.6, 63.9, 125, 64.56, 87.89, , , , , 
1/31/2020 2:43:33 AM, 3282, 9196, 1644.6, 327.68, 222.6, 163.93, 323.87, 172.78, 245.81, 98.02, 30.6, 63.9, 125, 64.56, 87.89, , , , , 
1/31/2020 2:43:36 AM, 3282.25, 9196.25, 1644.6, 327.68, 222.6, 163.93, 323.87, 172.78, 245.81, 98.02, 30.6, 63.9, 125, 64.56, 87.89, , , , , 
1/31/2020 2:43:39 AM, 3282.25, 9197.5, 1644.6, 327.68, 222.6, 163.93, 323.87, 172.78, 245.81, 98.02, 30.6, 63.9, 125, 64.56, 87.89, , , , , 
1/31/2020 2:43:42 AM, 3282.5, 9198.5, 1644.9, 327.68, 222.6, 163.93, 323.87, 172.78, 245.81, 98.02, 30.6, 63.9, 125, 64.56, 87.89, , , , , 
1/31/2020 2:43:46 AM, 3282.75, 9198, 1644.9, 327.68, 222.6, 163.93, 323.87, 172.78, 245.81, 98.02, 30.6, 63.9, 125, 64.56, 87.89, , , , , 
1/31/2020 2:43:49 AM, 3282.75, 9198, 1644.9, 327.68, 222.6, 163.93, 323.87, 172.78, 245.81, 98.02, 30.6, 63.9, 125, 64.56, 87.89, , , , , 
1/31/2020 2:43:52 AM, 3282.5, 9197.25, 1644.9, 327.68, 222.6, 163.93, 323.87, 172.78, 245.81, 98.02, 30.6, 63.9, 125, 64.56, 87.89, , , , , 
1/31/2020 2:43:55 AM, 3282.5, 9197.25, 1644.9, 327.68, 222.6, 163.93, 323.87, 172.78, 245.81, 98.02, 30.6, 63.9, 125, 64.56, 87.89, , , , , 
1/31/2020 2:43:58 AM, 3282.5, 9196.75, 1644.9, 327.68, 222.6, 163.93, 323.87, 172.78, 245.81, 98.02, 30.6, 63.9, 125, 64.56, 87.89, , , , , 
1/31/2020 2:44:01 AM, 3282.5, 9196.75, 1644.9, 327.68, 222.6, 163.93, 323.87, 172.78, 245.81, 98.02, 30.6, 63.9, 125, 64.56, 87.89, , , , , 
1/31/2020 2:44:04 AM, 3282.5, 9197, 1644.9, 327.68, 222.6, 163.93, 323.87, 172.78, 245.81, 98.02, 30.6, 63.9, 125, 64.56, 87.89, , , , , 
1/31/2020 2:44:07 AM, 3282.5, 9197, 1644.9, 327.68, 222.6, 163.93, 323.87, 172.78, 245.81, 98.02, 30.6, 63.9, 125, 64.56, 87.89, , , , , 
1/31/2020 2:44:10 AM, 3282.5, 9196.25, 1644.8, 327.68, 222.6, 163.93, 323.87, 172.78, 245.81, 98.02, 30.6, 63.9, 125, 64.56, 87.89, , , , , 
1/31/2020 2:44:13 AM, 3282.5, 9196.25, 1644.8, 327.68, 222.6, 163.93, 323.87, 172.78, 245.81, 98.02, 30.6, 63.9, 125, 64.56, 87.89, , , , , 
1/31/2020 2:44:16 AM, 3282.5, 9197, 1644.8, 327.68, 222.6, 163.93, 323.87, 172.78, 245.81, 98.02, 30.6, 63.9, 125, 64.56, 87.89, , , , , 
1/31/2020 2:44:19 AM, 3282.5, 9197, 1644.8, 327.68, 222.6, 163.93, 323.87, 172.78, 245.81, 98.02, 30.6, 63.9, 125, 64.56, 87.89, , , , , 
1/31/2020 2:44:22 AM, 3282.5, 9196.75, 1644.8, 327.68, 222.6, 163.93, 323.87, 172.78, 245.81, 98.02, 30.6, 63.9, 125, 64.56, 87.89, , , , , 
1/31/2020 2:44:25 AM, 3282.5, 9196.75, 1644.8, 327.68, 222.6, 163.93, 323.87, 172.78, 245.81, 98.02, 30.6, 63.9, 125, 64.56, 87.89, , , , , 
1/31/2020 2:44:28 AM, 3282.5, 9196.5, 1644.8, 327.68, 222.6, 163.93, 323.87, 172.78, 245.81, 98.02, 30.6, 63.9, 125, 64.56, 87.89, , , , , 
1/31/2020 2:44:31 AM, 3282.5, 9196.5, 1644.8, 327.68, 222.6, 163.93, 323.87, 172.78, 245.81, 98.02, 30.6, 63.9, 125, 64.56, 87.89, , , , , 
1/31/2020 2:44:34 AM, 3282.5, 9196.75, 1644.9, 327.68, 222.6, 163.93, 323.87, 172.78, 245.81, 98.02, 30.6, 63.9, 125, 64.56, 87.89, , , , , 
1/31/2020 2:44:37 AM, 3282.5, 9196.75, 1644.9, 327.68, 222.6, 163.93, 323.87, 172.78, 245.81, 98.02, 30.6, 63.9, 125, 64.56, 87.89, , , , , 
1/31/2020 2:44:40 AM, 3282.5, 9196.75, 1645, 327.68, 222.6, 163.93, 323.87, 172.78, 245.81, 98.02, 30.6, 63.9, 125, 64.56, 87.89, , , , , 
1/31/2020 2:44:43 AM, 3282.5, 9196.75, 1645, 327.68, 222.6, 163.93, 323.87, 172.78, 245.81, 98.02, 30.6, 63.9, 125, 64.56, 87.89, , , , , 
1/31/2020 2:44:46 AM, 3282.5, 9197, 1645, 327.68, 222.6, 163.93, 323.87, 172.78, 245.81, 98.02, 30.6, 63.9, 125, 64.56, 87.89, , , , , 
1/31/2020 2:44:49 AM, 3282.5, 9197, 1645, 327.68, 222.6, 163.93, 323.87, 172.78, 245.81, 98.02, 30.6, 63.9, 125, 64.56, 87.89, , , , , 
1/31/2020 2:44:52 AM, 3282.75, 9196.75, 1644.9, 327.68, 222.6, 163.93, 323.87, 172.78, 245.81, 98.02, 30.6, 63.9, 125, 64.56, 87.89, , , , , 
1/31/2020 2:44:55 AM, 3282.75, 9196.75, 1644.9, 327.68, 222.6, 163.93, 323.87, 172.78, 245.81, 98.02, 30.6, 63.9, 125, 64.56, 87.89, , , , , 
1/31/2020 2:44:58 AM, 3282.5, 9196.75, 1644.9, 327.68, 222.6, 163.93, 323.87, 172.78, 245.81, 98.02, 30.6, 63.9, 125, 64.56, 87.89, , , , , 
1/31/2020 2:45:01 AM, 3282.5, 9196.75, 1644.9, 327.68, 222.6, 163.93, 323.87, 172.78, 245.81, 98.02, 30.6, 63.9, 125, 64.56, 87.89, , , , , 
1/31/2020 2:45:04 AM, 3282.5, 9196.5, 1644.8, 327.68, 222.6, 163.93, 323.87, 172.78, 245.81, 98.02, 30.6, 63.9, 125, 64.56, 87.89, , , , , 
1/31/2020 2:45:07 AM, 3282.5, 9196.5, 1644.8, 327.68, 222.6, 163.93, 323.87, 172.78, 245.81, 98.02, 30.6, 63.9, 125, 64.56, 87.89, , , , , 
1/31/2020 2:45:10 AM, 3282.25, 9196.25, 1644.8, 327.68, 222.6, 163.93, 323.87, 172.78, 245.81, 98.02, 30.6, 63.9, 125, 64.56, 87.89, , , , , 
1/31/2020 2:45:13 AM, 3282.25, 9196.25, 1644.8, 327.68, 222.6, 163.93, 323.87, 172.78, 245.81, 98.02, 30.6, 63.9, 125, 64.56, 87.89, , , , , 
1/31/2020 2:45:16 AM, 3282.5, 9197, 1644.8, 327.68, 222.6, 163.93, 323.87, 172.78, 245.81, 98.02, 30.6, 63.9, 125, 64.56, 87.89, , , , , 
1/31/2020 2:45:19 AM, 3282.5, 9197, 1644.8, 327.68, 222.6, 163.93, 323.87, 172.78, 245.81, 98.02, 30.6, 63.9, 125, 64.56, 87.89, , , , , 
1/31/2020 2:45:22 AM, 3282.5, 9197.5, 1645, 327.68, 222.6, 163.93, 323.87, 172.78, 245.81, 98.02, 30.6, 63.9, 125, 64.56, 87.89, , , , , 
1/31/2020 2:45:25 AM, 3282.5, 9197.5, 1645, 327.68, 222.6, 163.93, 323.87, 172.78, 245.81, 98.02, 30.6, 63.9, 125, 64.56, 87.89, , , , , 
1/31/2020 2:45:28 AM, 3282.5, 9196.75, 1644.9, 327.68, 222.6, 163.93, 323.87, 172.78, 245.81, 98.02, 30.6, 63.9, 125, 64.56, 87.89, , , , , 
1/31/2020 2:45:31 AM, 3282.5, 9196.75, 1644.9, 327.68, 222.6, 163.93, 323.87, 172.78, 245.81, 98.02, 30.6, 63.9, 125, 64.56, 87.89, , , , , 
1/31/2020 2:45:34 AM, 3282.75, 9197, 1645, 327.68, 222.6, 163.93, 323.87, 172.78, 245.81, 98.02, 30.6, 63.9, 125, 64.56, 87.89, , , , , 
1/31/2020 2:45:37 AM, 3282.75, 9197, 1645, 327.68, 222.6, 163.93, 323.87, 172.78, 245.81, 98.02, 30.6, 63.9, 125, 64.56, 87.89, , , , , 
1/31/2020 2:45:40 AM, 3282.75, 9197.5, 1645, 327.68, 222.6, 163.93, 323.87, 172.78, 245.81, 98.02, 30.6, 63.9, 125, 64.56, 87.89, , , , , 
1/31/2020 2:45:43 AM, 3282.75, 9197.5, 1645, 327.68, 222.6, 163.93, 323.87, 172.78, 245.81, 98.02, 30.6, 63.9, 125, 64.56, 87.89, , , , , 
1/31/2020 2:45:46 AM, 3283, 9198, 1645.1, 327.68, 222.6, 163.93, 323.87, 172.78, 245.81, 98.02, 30.6, 63.9, 125, 64.56, 87.89, , , , , 
1/31/2020 2:45:49 AM, 3283, 9198, 1645.1, 327.68, 222.6, 163.93, 323.87, 172.78, 245.81, 98.02, 30.6, 63.9, 125, 64.56, 87.89, , , , , 
1/31/2020 2:45:52 AM, 3283, 9198.25, 1645.2, 327.68, 222.6, 163.93, 323.87, 172.78, 245.81, 98.02, 30.6, 63.9, 125, 64.56, 87.89, , , , , 
1/31/2020 2:45:55 AM, 3283, 9198.25, 1645.2, 327.68, 222.6, 163.93, 323.87, 172.78, 245.81, 98.02, 30.6, 63.9, 125, 64.56, 87.89, , , , , 
1/31/2020 2:45:58 AM, 3282.75, 9197, 1645, 327.68, 222.6, 163.93, 323.87, 172.78, 245.81, 98.02, 30.6, 63.9, 125, 64.56, 87.89, , , , , 
1/31/2020 2:46:01 AM, 3282.75, 9197, 1645, 327.68, 222.6, 163.93, 323.87, 172.78, 245.81, 98.02, 30.6, 63.9, 125, 64.56, 87.89, , , , , 
1/31/2020 2:46:04 AM, 3282.75, 9197.25, 1645, 327.68, 222.6, 163.93, 323.87, 172.78, 245.81, 98.02, 30.6, 63.9, 125, 64.56, 87.89, , , , , 
1/31/2020 2:46:07 AM, 3282.75, 9196.5, 1645, 327.68, 222.6, 163.93, 323.87, 172.78, 245.81, 98.02, 30.6, 63.9, 125, 64.56, 87.89, , , , , 
1/31/2020 2:46:11 AM, 3282.75, 9196.75, 1645, 327.68, 222.6, 163.93, 323.87, 172.78, 245.81, 98.02, 30.6, 63.9, 125, 64.56, 87.89, , , , , 
1/31/2020 2:46:14 AM, 3282.75, 9196.5, 1645, 327.68, 222.6, 163.93, 323.87, 172.78, 245.81, 98.02, 30.6, 63.9, 125, 64.56, 87.89, , , , , 
1/31/2020 2:46:17 AM, 3282.75, 9196.25, 1645, 327.68, 222.6, 163.93, 323.87, 172.78, 245.81, 98.02, 30.6, 63.9, 125, 64.56, 87.89, , , , , 
1/31/2020 2:46:20 AM, 3282.75, 9196.5, 1645, 327.68, 222.6, 163.93, 323.87, 172.78, 245.81, 98.02, 30.6, 63.9, 125, 64.56, 87.89, , , , , 
1/31/2020 2:46:23 AM, 3282.5, 9196.5, 1645, 327.68, 222.6, 163.93, 323.87, 172.78, 245.81, 98.02, 30.6, 63.9, 125, 64.56, 87.89, , , , , 
1/31/2020 2:46:26 AM, 3282.75, 9196.75, 1645, 327.68, 222.6, 163.93, 323.87, 172.78, 245.81, 98.02, 30.6, 63.9, 125, 64.56, 87.89, , , , , 
1/31/2020 2:46:29 AM, 3283.25, 9197.5, 1645.2, 327.68, 222.6, 163.93, 323.87, 172.78, 245.81, 98.02, 30.6, 63.9, 125, 64.56, 87.89, , , , , 
1/31/2020 2:46:32 AM, 3283.25, 9197.5, 1645.2, 327.68, 222.6, 163.93, 323.87, 172.78, 245.81, 98.02, 30.6, 63.9, 125, 64.56, 87.89, , , , , 
1/31/2020 2:46:35 AM, 3283, 9197.5, 1645.2, 327.68, 222.6, 163.93, 323.87, 172.78, 245.81, 98.02, 30.6, 63.9, 125, 64.56, 87.89, , , , , 
1/31/2020 2:46:38 AM, 3283.25, 9197.5, 1645.2, 327.68, 222.6, 163.93, 323.87, 172.78, 245.81, 98.02, 30.6, 63.9, 125, 64.56, 87.89, , , , , 
1/31/2020 2:46:41 AM, 3283.25, 9197.75, 1645.2, 327.68, 222.6, 163.93, 323.87, 172.78, 245.81, 98.02, 30.6, 63.9, 125, 64.56, 87.89, , , , , 
1/31/2020 2:46:44 AM, 3283, 9197.25, 1645.1, 327.68, 222.6, 163.93, 323.87, 172.78, 245.81, 98.02, 30.6, 63.9, 125, 64.56, 87.89, , , , , 
1/31/2020 2:46:47 AM, 3283, 9197.25, 1645.1, 327.68, 222.6, 163.93, 323.87, 172.78, 245.81, 98.02, 30.6, 63.9, 125, 64.56, 87.89, , , , , 
1/31/2020 2:46:50 AM, 3283, 9197, 1645.1, 327.68, 222.6, 163.93, 323.87, 172.78, 245.81, 98.02, 30.6, 63.9, 125, 64.56, 87.89, , , , , 
1/31/2020 2:46:53 AM, 3283, 9198.25, 1645.1, 327.68, 222.6, 163.93, 323.87, 172.78, 245.81, 98.02, 30.6, 63.9, 125, 64.56, 87.89, , , , , 
1/31/2020 2:46:56 AM, 3283.25, 9198, 1645.2, 327.68, 222.6, 163.93, 323.87, 172.78, 245.81, 98.02, 30.6, 63.9, 125, 64.56, 87.89, , , , , 
1/31/2020 2:46:59 AM, 3283.25, 9198.5, 1645.2, 327.68, 222.6, 163.93, 323.87, 172.78, 245.81, 98.02, 30.6, 63.9, 125, 64.56, 87.89, , , , , 
1/31/2020 2:47:02 AM, 3283, 9198.5, 1645.2, 327.68, 222.6, 163.93, 323.87, 172.78, 245.81, 98.02, 30.6, 63.9, 125, 64.56, 87.89, , , , , 
1/31/2020 2:47:05 AM, 3283.5, 9199.5, 1645.5, 327.68, 222.6, 163.93, 323.87, 172.78, 245.81, 98.02, 30.6, 63.9, 125, 64.56, 87.89, , , , , 
1/31/2020 2:47:08 AM, 3283.5, 9199.25, 1645.4, 327.68, 222.6, 163.93, 323.87, 172.78, 245.81, 98.02, 30.6, 63.9, 125, 64.56, 87.89, , , , , 
1/31/2020 2:47:11 AM, 3283.5, 9199, 1645.4, 327.68, 222.6, 163.93, 323.87, 172.78, 245.81, 98.02, 30.6, 63.9, 125, 64.56, 87.89, , , , , 
1/31/2020 2:47:14 AM, 3283.25, 9198.5, 1645.4, 327.68, 222.6, 163.93, 323.87, 172.78, 245.81, 98.02, 30.6, 63.9, 125, 64.56, 87.89, , , , , 
1/31/2020 2:47:17 AM, 3283.5, 9199, 1645.3, 327.68, 222.6, 163.93, 323.87, 172.78, 245.81, 98.02, 30.6, 63.9, 125, 64.56, 87.89, , , , , 
1/31/2020 2:47:20 AM, 3283.5, 9199.75, 1645.3, 327.68, 222.6, 163.93, 323.87, 172.78, 245.81, 98.02, 30.6, 63.9, 125, 64.56, 87.89, , , , , 
1/31/2020 2:47:23 AM, 3283.5, 9200, 1645.4, 327.68, 222.6, 163.93, 323.87, 172.78, 245.81, 98.02, 30.6, 63.9, 125, 64.56, 87.89, , , , , 
1/31/2020 2:47:26 AM, 3284, 9200.75, 1645.4, 327.68, 222.6, 163.93, 323.87, 172.78, 245.81, 98.02, 30.6, 63.9, 125, 64.56, 87.89, , , , , 
1/31/2020 2:47:29 AM, 3284, 9200.75, 1645.4, 327.68, 222.6, 163.93, 323.87, 172.78, 245.81, 98.02, 30.6, 63.9, 125, 64.56, 87.89, , , , , 
1/31/2020 2:47:32 AM, 3284, 9201, 1645.4, 327.68, 222.6, 163.93, 323.87, 172.78, 245.81, 98.02, 30.6, 63.9, 125, 64.56, 87.89, , , , , 
1/31/2020 2:47:35 AM, 3284, 9202, 1645.7, 327.68, 222.6, 163.93, 323.87, 172.78, 245.81, 98.02, 30.6, 63.9, 125, 64.56, 87.89, , , , , 
1/31/2020 2:47:38 AM, 3284, 9201.5, 1645.5, 327.68, 222.6, 163.93, 323.87, 172.78, 245.81, 98.02, 30.6, 63.9, 125, 64.56, 87.89, , , , , 
1/31/2020 2:47:41 AM, 3284, 9201.75, 1645.5, 327.68, 222.6, 163.93, 323.87, 172.78, 245.81, 98.02, 30.6, 63.9, 125, 64.56, 87.89, , , , , 
1/31/2020 2:47:44 AM, 3284, 9201.75, 1645.5, 327.68, 222.6, 163.93, 323.87, 172.78, 245.81, 98.02, 30.6, 63.9, 125, 64.56, 87.89, , , , , 
1/31/2020 2:47:47 AM, 3283.75, 9201.5, 1645.5, 327.68, 222.6, 163.93, 323.87, 172.78, 245.81, 98.02, 30.6, 63.9, 125, 64.56, 87.89, , , , , 
1/31/2020 2:47:50 AM, 3284, 9201.5, 1645.5, 327.68, 222.6, 163.93, 323.87, 172.78, 245.81, 98.02, 30.6, 63.9, 125, 64.56, 87.89, , , , , 
1/31/2020 2:47:53 AM, 3284, 9201.5, 1645.5, 327.68, 222.6, 163.93, 323.87, 172.78, 245.81, 98.02, 30.6, 63.9, 125, 64.56, 87.89, , , , , 
1/31/2020 2:47:56 AM, 3284, 9201.25, 1645.5, 327.68, 222.6, 163.93, 323.87, 172.78, 245.81, 98.02, 30.6, 63.9, 125, 64.56, 87.89, , , , , 
1/31/2020 2:47:59 AM, 3283.75, 9200.5, 1645.5, 327.68, 222.6, 163.93, 323.87, 172.78, 245.81, 98.02, 30.6, 63.9, 125, 64.56, 87.89, , , , , 
1/31/2020 2:48:02 AM, 3283.75, 9201, 1645.4, 327.68, 222.6, 163.93, 323.87, 172.78, 245.81, 98.02, 30.6, 63.9, 125, 64.56, 87.89, , , , , 
1/31/2020 2:48:05 AM, 3283.75, 9201, 1645.4, 327.68, 222.6, 163.93, 323.87, 172.78, 245.81, 98.02, 30.6, 63.9, 125, 64.56, 87.89, , , , , 
1/31/2020 2:48:08 AM, 3284, 9201.25, 1645.4, 327.68, 222.6, 163.93, 323.87, 172.78, 245.81, 98.02, 30.6, 63.9, 125, 64.56, 87.89, , , , , 
1/31/2020 2:48:11 AM, 3284, 9200.75, 1645.4, 327.68, 222.6, 163.93, 323.87, 172.78, 245.81, 98.02, 30.6, 63.9, 125, 64.56, 87.89, , , , , 
1/31/2020 2:48:14 AM, 3283.75, 9200.5, 1645.4, 327.68, 222.6, 163.93, 323.87, 172.78, 245.81, 98.02, 30.6, 63.9, 125, 64.56, 87.89, , , , , 
1/31/2020 2:48:17 AM, 3283.75, 9200.75, 1645.4, 327.68, 222.6, 163.93, 323.87, 172.78, 245.81, 98.02, 30.6, 63.9, 125, 64.56, 87.89, , , , , 
1/31/2020 2:48:20 AM, 3283.75, 9200.75, 1645.4, 327.68, 222.6, 163.93, 323.87, 172.78, 245.81, 98.02, 30.6, 63.9, 125, 64.56, 87.89, , , , , 
1/31/2020 2:48:23 AM, 3283.75, 9200.75, 1645.4, 327.68, 222.6, 163.93, 323.87, 172.78, 245.81, 98.02, 30.6, 63.9, 125, 64.56, 87.89, , , , , 
1/31/2020 2:48:26 AM, 3283.75, 9200.75, 1645.4, 327.68, 222.6, 163.93, 323.87, 172.78, 245.81, 98.02, 30.6, 63.9, 125, 64.56, 87.89, , , , , 
1/31/2020 2:48:29 AM, 3283.75, 9200.75, 1645.4, 327.68, 222.6, 163.93, 323.87, 172.78, 245.81, 98.02, 30.6, 63.9, 125, 64.56, 87.89, , , , , 
1/31/2020 2:48:32 AM, 3283.75, 9200, 1645.4, 327.68, 222.6, 163.93, 323.87, 172.78, 245.81, 98.02, 30.6, 63.9, 125, 64.56, 87.89, , , , , 
1/31/2020 2:48:35 AM, 3284, 9200.75, 1645.4, 327.68, 222.6, 163.93, 323.87, 172.78, 245.81, 98.02, 30.6, 63.9, 125, 64.56, 87.89, , , , , 
1/31/2020 2:48:39 AM, 3284.25, 9201.25, 1645.4, 327.68, 222.6, 163.93, 323.87, 172.78, 245.81, 98.02, 30.6, 63.9, 125, 64.56, 87.89, , , , , 
1/31/2020 2:48:42 AM, 3284.25, 9201.25, 1645.4, 327.68, 222.6, 163.93, 323.87, 172.78, 245.81, 98.02, 30.6, 63.9, 125, 64.56, 87.89, , , , , 
1/31/2020 2:48:45 AM, 3284.25, 9201.5, 1645.4, 327.68, 222.6, 163.93, 323.87, 172.78, 245.81, 98.02, 30.6, 63.9, 125, 64.56, 87.89, , , , , 
1/31/2020 2:48:48 AM, 3284.25, 9202, 1645.4, 327.68, 222.6, 163.93, 323.87, 172.78, 245.81, 98.02, 30.6, 63.9, 125, 64.56, 87.89, , , , , 
1/31/2020 2:48:51 AM, 3284.25, 9202, 1645.4, 327.68, 222.6, 163.93, 323.87, 172.78, 245.81, 98.02, 30.6, 63.9, 125, 64.56, 87.89, , , , , 
1/31/2020 2:48:54 AM, 3284.25, 9201.75, 1645.5, 327.68, 222.6, 163.93, 323.87, 172.78, 245.81, 98.02, 30.6, 63.9, 125, 64.56, 87.89, , , , , 
1/31/2020 2:48:57 AM, 3284.25, 9202.5, 1645.5, 327.68, 222.6, 163.93, 323.87, 172.78, 245.81, 98.02, 30.6, 63.9, 125, 64.56, 87.89, , , , , 
1/31/2020 2:49:00 AM, 3284.25, 9202.5, 1645.5, 327.68, 222.6, 163.93, 323.87, 172.78, 245.81, 98.02, 30.6, 63.9, 125, 64.56, 87.89, , , , , 
1/31/2020 2:49:03 AM, 3284.25, 9202, 1645.5, 327.68, 222.6, 163.93, 323.87, 172.78, 245.81, 98.02, 30.6, 63.9, 125, 64.56, 87.89, , , , , 
1/31/2020 2:49:06 AM, 3284.25, 9202, 1645.5, 327.68, 222.6, 163.93, 323.87, 172.78, 245.81, 98.02, 30.6, 63.9, 125, 64.56, 87.89, , , , , 
1/31/2020 2:49:09 AM, 3284.25, 9202, 1645.5, 327.68, 222.6, 163.93, 323.87, 172.78, 245.81, 98.02, 30.6, 63.9, 125, 64.56, 87.89, , , , , 
1/31/2020 2:49:12 AM, 3284, 9202, 1645.5, 327.68, 222.6, 163.93, 323.87, 172.78, 245.81, 98.02, 30.6, 63.9, 125, 64.56, 87.89, , , , , 
1/31/2020 2:49:15 AM, 3284, 9202, 1645.5, 327.68, 222.6, 163.93, 323.87, 172.78, 245.81, 98.02, 30.6, 63.9, 125, 64.56, 87.89, , , , , 
1/31/2020 2:49:18 AM, 3284, 9201.5, 1645.5, 327.68, 222.6, 163.93, 323.87, 172.78, 245.81, 98.02, 30.6, 63.9, 125, 64.56, 87.89, , , , , 
1/31/2020 2:49:21 AM, 3284, 9201.25, 1645.5, 327.68, 222.6, 163.93, 323.87, 172.78, 245.81, 98.02, 30.6, 63.9, 125, 64.56, 87.89, , , , , 
1/31/2020 2:49:24 AM, 3283.75, 9200.75, 1645.1, 327.68, 222.6, 163.93, 323.87, 172.78, 245.81, 98.02, 30.6, 63.9, 125, 64.56, 87.89, , , , , 
1/31/2020 2:49:27 AM, 3284, 9200.5, 1645.1, 327.68, 222.6, 163.93, 323.87, 172.78, 245.81, 98.02, 30.6, 63.9, 125, 64.56, 87.89, , , , , 
1/31/2020 2:49:30 AM, 3283.75, 9200.25, 1645.1, 327.68, 222.6, 163.93, 323.87, 172.78, 245.81, 98.02, 30.6, 63.9, 125, 64.56, 87.89, , , , , 
1/31/2020 2:49:33 AM, 3283.75, 9200.25, 1645.1, 327.68, 222.6, 163.93, 323.87, 172.78, 245.81, 98.02, 30.6, 63.9, 125, 64.56, 87.89, , , , , 
1/31/2020 2:49:36 AM, 3283.5, 9200.5, 1645.1, 327.68, 222.6, 163.93, 323.87, 172.78, 245.81, 98.02, 30.6, 63.9, 125, 64.56, 87.89, , , , , 
1/31/2020 2:49:39 AM, 3283.75, 9201, 1645.1, 327.68, 222.6, 163.93, 323.87, 172.78, 245.81, 98.02, 30.6, 63.9, 125, 64.56, 87.89, , , , , 
1/31/2020 2:49:42 AM, 3283.75, 9200.5, 1645.1, 327.68, 222.6, 163.93, 323.87, 172.78, 245.81, 98.02, 30.6, 63.9, 125, 64.56, 87.89, , , , , 
1/31/2020 2:49:45 AM, 3283.75, 9200.5, 1645.1, 327.68, 222.6, 163.93, 323.87, 172.78, 245.81, 98.02, 30.6, 63.9, 125, 64.56, 87.89, , , , , 
1/31/2020 2:49:48 AM, 3283.75, 9200, 1645.1, 327.68, 222.6, 163.93, 323.87, 172.78, 245.81, 98.02, 30.6, 63.9, 125, 64.56, 87.89, , , , , 
1/31/2020 2:49:51 AM, 3283.75, 9200.25, 1645.2, 327.68, 222.6, 163.93, 323.87, 172.78, 245.81, 98.02, 30.6, 63.9, 125, 64.56, 87.89, , , , , 
1/31/2020 2:49:54 AM, 3283.75, 9200.25, 1645.2, 327.68, 222.6, 163.93, 323.87, 172.78, 245.81, 98.02, 30.6, 63.9, 125, 64.56, 87.89, , , , , 
1/31/2020 2:49:57 AM, 3283.5, 9200.25, 1645.2, 327.68, 222.6, 163.93, 323.87, 172.78, 245.81, 98.02, 30.6, 63.9, 125, 64.56, 87.89, , , , , 
1/31/2020 2:50:00 AM, 3283.75, 9200.5, 1645.2, 327.68, 222.6, 163.93, 323.87, 172.78, 245.81, 98.02, 30.6, 63.9, 125, 64.56, 87.89, , , , , 
1/31/2020 2:50:03 AM, 3283.75, 9200.25, 1645.2, 327.68, 222.6, 163.93, 323.87, 172.78, 245.81, 98.02, 30.6, 63.9, 125, 64.56, 87.89, , , , , 
1/31/2020 2:50:06 AM, 3283.75, 9200.25, 1645.2, 327.68, 222.6, 163.93, 323.87, 172.78, 245.81, 98.02, 30.6, 63.9, 125, 64.56, 87.89, , , , , 
1/31/2020 2:50:09 AM, 3283.75, 9200.25, 1645.2, 327.68, 222.6, 163.93, 323.87, 172.78, 245.81, 98.02, 30.6, 63.9, 125, 64.56, 87.89, , , , , 
1/31/2020 2:50:12 AM, 3283.75, 9200.5, 1645.2, 327.68, 222.6, 163.93, 323.87, 172.78, 245.81, 98.02, 30.6, 63.9, 125, 64.56, 87.89, , , , , 
1/31/2020 2:50:15 AM, 3284, 9200.5, 1645.2, 327.68, 222.6, 163.93, 323.87, 172.78, 245.81, 98.02, 30.6, 63.9, 125, 64.56, 87.89, , , , , 
1/31/2020 2:50:18 AM, 3283.75, 9201, 1645.2, 327.68, 222.6, 163.93, 323.87, 172.78, 245.81, 98.02, 30.6, 63.9, 125, 64.56, 87.89, , , , , 
1/31/2020 2:50:21 AM, 3283.75, 9201, 1645.2, 327.68, 222.6, 163.93, 323.87, 172.78, 245.81, 98.02, 30.6, 63.9, 125, 64.56, 87.89, , , , , 
1/31/2020 2:50:24 AM, 3283.75, 9201, 1645.2, 327.68, 222.6, 163.93, 323.87, 172.78, 245.81, 98.02, 30.6, 63.9, 125, 64.56, 87.89, , , , , 
1/31/2020 2:50:27 AM, 3283.75, 9201, 1645.2, 327.68, 222.6, 163.93, 323.87, 172.78, 245.81, 98.02, 30.6, 63.9, 125, 64.56, 87.89, , , , , 
1/31/2020 2:50:30 AM, 3283.75, 9201.5, 1645.3, 327.68, 222.6, 163.93, 323.87, 172.78, 245.81, 98.02, 30.6, 63.9, 125, 64.56, 87.89, , , , , 
1/31/2020 2:50:33 AM, 3283.75, 9201.5, 1645.3, 327.68, 222.6, 163.93, 323.87, 172.78, 245.81, 98.02, 30.6, 63.9, 125, 64.56, 87.89, , , , , 
1/31/2020 2:50:36 AM, 3284, 9201.5, 1645.3, 327.68, 222.6, 163.93, 323.87, 172.78, 245.81, 98.02, 30.6, 63.9, 125, 64.56, 87.89, , , , , 
1/31/2020 2:50:39 AM, 3284, 9201.5, 1645.3, 327.68, 222.6, 163.93, 323.87, 172.78, 245.81, 98.02, 30.6, 63.9, 125, 64.56, 87.89, , , , , 
1/31/2020 2:50:42 AM, 3284, 9201.5, 1645.4, 327.68, 222.6, 163.93, 323.87, 172.78, 245.81, 98.02, 30.6, 63.9, 125, 64.56, 87.89, , , , , 
1/31/2020 2:50:45 AM, 3284, 9201.25, 1645.4, 327.68, 222.6, 163.93, 323.87, 172.78, 245.81, 98.02, 30.6, 63.9, 125, 64.56, 87.89, , , , , 
1/31/2020 2:50:49 AM, 3284, 9201.25, 1645.4, 327.68, 222.6, 163.93, 323.87, 172.78, 245.81, 98.02, 30.6, 63.9, 125, 64.56, 87.89, , , , , 
1/31/2020 2:50:52 AM, 3284, 9201.25, 1645.4, 327.68, 222.6, 163.93, 323.87, 172.78, 245.81, 98.02, 30.6, 63.9, 125, 64.56, 87.89, , , , , 
1/31/2020 2:50:55 AM, 3284, 9201.25, 1645.4, 327.68, 222.6, 163.93, 323.87, 172.78, 245.81, 98.02, 30.6, 63.9, 125, 64.56, 87.89, , , , , 
1/31/2020 2:50:58 AM, 3284, 9200.75, 1645.3, 327.68, 222.6, 163.93, 323.87, 172.78, 245.81, 98.02, 30.6, 63.9, 125, 64.56, 87.89, , , , , 
1/31/2020 2:51:01 AM, 3284, 9200.75, 1645.3, 327.68, 222.6, 163.93, 323.87, 172.78, 245.81, 98.02, 30.6, 63.9, 125, 64.56, 87.89, , , , , 
1/31/2020 2:51:04 AM, 3283.75, 9200.25, 1645.3, 327.68, 222.6, 163.93, 323.87, 172.78, 245.81, 98.02, 30.6, 63.9, 125, 64.56, 87.89, , , , , 
1/31/2020 2:51:07 AM, 3283.75, 9200.25, 1645.3, 327.68, 222.6, 163.93, 323.87, 172.78, 245.81, 98.02, 30.6, 63.9, 125, 64.56, 87.89, , , , , 
1/31/2020 2:51:10 AM, 3283.75, 9200.5, 1645.3, 327.68, 222.6, 163.93, 323.87, 172.78, 245.81, 98.02, 30.6, 63.9, 125, 64.56, 87.89, , , , , 
1/31/2020 2:51:13 AM, 3283.75, 9200.5, 1645.3, 327.68, 222.6, 163.93, 323.87, 172.78, 245.81, 98.02, 30.6, 63.9, 125, 64.56, 87.89, , , , , 
1/31/2020 2:51:16 AM, 3283.75, 9200.5, 1645.3, 327.68, 222.6, 163.93, 323.87, 172.78, 245.81, 98.02, 30.6, 63.9, 125, 64.56, 87.89, , , , , 
1/31/2020 2:51:19 AM, 3283.75, 9200.5, 1645.3, 327.68, 222.6, 163.93, 323.87, 172.78, 245.81, 98.02, 30.6, 63.9, 125, 64.56, 87.89, , , , , 
1/31/2020 2:51:22 AM, 3283.75, 9200.5, 1645.2, 327.68, 222.6, 163.93, 323.87, 172.78, 245.81, 98.02, 30.6, 63.9, 125, 64.56, 87.89, , , , , 
1/31/2020 2:51:25 AM, 3283.75, 9200.5, 1645.2, 327.68, 222.6, 163.93, 323.87, 172.78, 245.81, 98.02, 30.6, 63.9, 125, 64.56, 87.89, , , , , 
1/31/2020 2:51:28 AM, 3283.75, 9199.75, 1645.2, 327.68, 222.6, 163.93, 323.87, 172.78, 245.81, 98.02, 30.6, 63.9, 125, 64.56, 87.89, , , , , 
1/31/2020 2:51:31 AM, 3283.75, 9199.75, 1645.2, 327.68, 222.6, 163.93, 323.87, 172.78, 245.81, 98.02, 30.6, 63.9, 125, 64.56, 87.89, , , , , 
1/31/2020 2:51:34 AM, 3283.75, 9199.25, 1645.2, 327.68, 222.6, 163.93, 323.87, 172.78, 245.81, 98.02, 30.6, 63.9, 125, 64.56, 87.89, , , , , 
1/31/2020 2:51:37 AM, 3283.75, 9199.25, 1645.2, 327.68, 222.6, 163.93, 323.87, 172.78, 245.81, 98.02, 30.6, 63.9, 125, 64.56, 87.89, , , , , 
1/31/2020 2:51:40 AM, 3283.5, 9198.75, 1644.9, 327.68, 222.6, 163.93, 323.87, 172.78, 245.81, 98.02, 30.6, 63.9, 125, 64.56, 87.89, , , , , 
1/31/2020 2:51:43 AM, 3283.5, 9198.75, 1644.9, 327.68, 222.6, 163.93, 323.87, 172.78, 245.81, 98.02, 30.6, 63.9, 125, 64.56, 87.89, , , , , 
1/31/2020 2:51:46 AM, 3283, 9198, 1644.8, 327.68, 222.6, 163.93, 323.87, 172.78, 245.81, 98.02, 30.6, 63.9, 125, 64.56, 87.89, , , , , 
1/31/2020 2:51:49 AM, 3283, 9198, 1644.8, 327.68, 222.6, 163.93, 323.87, 172.78, 245.81, 98.02, 30.6, 63.9, 125, 64.56, 87.89, , , , , 
1/31/2020 2:51:52 AM, 3283, 9197.75, 1644.8, 327.68, 222.6, 163.93, 323.87, 172.78, 245.81, 98.02, 30.6, 63.9, 125, 64.56, 87.89, , , , , 
1/31/2020 2:51:55 AM, 3283, 9197.75, 1644.8, 327.68, 222.6, 163.93, 323.87, 172.78, 245.81, 98.02, 30.6, 63.9, 125, 64.56, 87.89, , , , , 
1/31/2020 2:51:58 AM, 3283, 9198.25, 1644.8, 327.68, 222.6, 163.93, 323.87, 172.78, 245.81, 98.02, 30.6, 63.9, 125, 64.56, 87.89, , , , , 
1/31/2020 2:52:01 AM, 3283, 9198.25, 1644.8, 327.68, 222.6, 163.93, 323.87, 172.78, 245.81, 98.02, 30.6, 63.9, 125, 64.56, 87.89, , , , , 
1/31/2020 2:52:04 AM, 3283.25, 9198, 1644.8, 327.68, 222.6, 163.93, 323.87, 172.78, 245.81, 98.02, 30.6, 63.9, 125, 64.56, 87.89, , , , , 
1/31/2020 2:52:07 AM, 3283.25, 9198, 1644.8, 327.68, 222.6, 163.93, 323.87, 172.78, 245.81, 98.02, 30.6, 63.9, 125, 64.56, 87.89, , , , , 
1/31/2020 2:52:10 AM, 3283.25, 9199, 1644.8, 327.68, 222.6, 163.93, 323.87, 172.78, 245.81, 98.02, 30.6, 63.9, 125, 64.56, 87.89, , , , , 
1/31/2020 2:52:13 AM, 3283.25, 9199, 1644.8, 327.68, 222.6, 163.93, 323.87, 172.78, 245.81, 98.02, 30.6, 63.9, 125, 64.56, 87.89, , , , , 
1/31/2020 2:52:16 AM, 3283.25, 9199.25, 1645, 327.68, 222.6, 163.93, 323.87, 172.78, 245.81, 98.02, 30.6, 63.9, 125, 64.56, 87.89, , , , , 
1/31/2020 2:52:19 AM, 3283.25, 9199.25, 1645, 327.68, 222.6, 163.93, 323.87, 172.78, 245.81, 98.02, 30.6, 63.9, 125, 64.56, 87.89, , , , , 
1/31/2020 2:52:22 AM, 3283.5, 9199.25, 1645, 327.68, 222.6, 163.93, 323.87, 172.78, 245.81, 98.02, 30.6, 63.9, 125, 64.56, 87.89, , , , , 
1/31/2020 2:52:25 AM, 3283.5, 9199.25, 1645, 327.68, 222.6, 163.93, 323.87, 172.78, 245.81, 98.02, 30.6, 63.9, 125, 64.56, 87.89, , , , , 
1/31/2020 2:52:28 AM, 3283.5, 9199.75, 1645, 327.68, 222.6, 163.93, 323.87, 172.78, 245.81, 98.02, 30.6, 63.9, 125, 64.56, 87.89, , , , , 
1/31/2020 2:52:31 AM, 3283.5, 9199.75, 1645, 327.68, 222.6, 163.93, 323.87, 172.78, 245.81, 98.02, 30.6, 63.9, 125, 64.56, 87.89, , , , , 
1/31/2020 2:52:34 AM, 3283.5, 9199.25, 1645, 327.68, 222.6, 163.93, 323.87, 172.78, 245.81, 98.02, 30.6, 63.9, 125, 64.56, 87.89, , , , , 
1/31/2020 2:52:37 AM, 3283.5, 9199.25, 1645, 327.68, 222.6, 163.93, 323.87, 172.78, 245.81, 98.02, 30.6, 63.9, 125, 64.56, 87.89, , , , , 
1/31/2020 2:52:40 AM, 3283.5, 9199.75, 1645, 327.68, 222.6, 163.93, 323.87, 172.78, 245.81, 98.02, 30.6, 63.9, 125, 64.56, 87.89, , , , , 
1/31/2020 2:52:43 AM, 3283.5, 9199.75, 1645, 327.68, 222.6, 163.93, 323.87, 172.78, 245.81, 98.02, 30.6, 63.9, 125, 64.56, 87.89, , , , , 
1/31/2020 2:52:46 AM, 3283.5, 9199.25, 1645, 327.68, 222.6, 163.93, 323.87, 172.78, 245.81, 98.02, 30.6, 63.9, 125, 64.56, 87.89, , , , , 
1/31/2020 2:52:49 AM, 3283.5, 9199.25, 1645, 327.68, 222.6, 163.93, 323.87, 172.78, 245.81, 98.02, 30.6, 63.9, 125, 64.56, 87.89, , , , , 
1/31/2020 2:52:52 AM, 3283.5, 9199, 1645, 327.68, 222.6, 163.93, 323.87, 172.78, 245.81, 98.02, 30.6, 63.9, 125, 64.56, 87.89, , , , , 
1/31/2020 2:52:55 AM, 3283.5, 9199, 1645, 327.68, 222.6, 163.93, 323.87, 172.78, 245.81, 98.02, 30.6, 63.9, 125, 64.56, 87.89, , , , , 
1/31/2020 2:52:58 AM, 3283.5, 9199, 1645, 327.68, 222.6, 163.93, 323.87, 172.78, 245.81, 98.02, 30.6, 63.9, 125, 64.56, 87.89, , , , , 
1/31/2020 2:53:01 AM, 3283.5, 9199, 1645, 327.68, 222.6, 163.93, 323.87, 172.78, 245.81, 98.02, 30.6, 63.9, 125, 64.56, 87.89, , , , , 
1/31/2020 2:53:04 AM, 3283.25, 9199, 1645, 327.68, 222.6, 163.93, 323.87, 172.78, 245.81, 98.02, 30.6, 63.9, 125, 64.56, 87.89, , , , , 
1/31/2020 2:53:08 AM, 3283.25, 9199, 1645, 327.68, 222.6, 163.93, 323.87, 172.78, 245.81, 98.02, 30.6, 63.9, 125, 64.56, 87.89, , , , , 
1/31/2020 2:53:11 AM, 3283.25, 9199, 1645, 327.68, 222.6, 163.93, 323.87, 172.78, 245.81, 98.02, 30.6, 63.9, 125, 64.56, 87.89, , , , , 
1/31/2020 2:53:14 AM, 3283.25, 9198.75, 1644.9, 327.68, 222.6, 163.93, 323.87, 172.78, 245.81, 98.02, 30.6, 63.9, 125, 64.56, 87.89, , , , , 
1/31/2020 2:53:17 AM, 3283.25, 9198.75, 1644.9, 327.68, 222.6, 163.93, 323.87, 172.78, 245.81, 98.02, 30.6, 63.9, 125, 64.56, 87.89, , , , , 
1/31/2020 2:53:20 AM, 3283.25, 9197.75, 1644.9, 327.68, 222.6, 163.93, 323.87, 172.78, 245.81, 98.02, 30.6, 63.9, 125, 64.56, 87.89, , , , , 
1/31/2020 2:53:23 AM, 3283.25, 9198, 1644.9, 327.68, 222.6, 163.93, 323.87, 172.78, 245.81, 98.02, 30.6, 63.9, 125, 64.56, 87.89, , , , , 
1/31/2020 2:53:26 AM, 3283.25, 9197.75, 1644.9, 327.68, 222.6, 163.93, 323.87, 172.78, 245.81, 98.02, 30.6, 63.9, 125, 64.56, 87.89, , , , , 
1/31/2020 2:53:29 AM, 3283.25, 9198.5, 1644.9, 327.68, 222.6, 163.93, 323.87, 172.78, 245.81, 98.02, 30.6, 63.9, 125, 64.56, 87.89, , , , , 
1/31/2020 2:53:32 AM, 3283.25, 9198.5, 1644.9, 327.68, 222.6, 163.93, 323.87, 172.78, 245.81, 98.02, 30.6, 63.9, 125, 64.56, 87.89, , , , , 
1/31/2020 2:53:35 AM, 3283.25, 9198.75, 1644.9, 327.68, 222.6, 163.93, 323.87, 172.78, 245.81, 98.02, 30.6, 63.9, 125, 64.56, 87.89, , , , , 
1/31/2020 2:53:38 AM, 3283, 9198.25, 1644.9, 327.68, 222.6, 163.93, 323.87, 172.78, 245.81, 98.02, 30.6, 63.9, 125, 64.56, 87.89, , , , , 
1/31/2020 2:53:41 AM, 3283.25, 9198.25, 1644.9, 327.68, 222.6, 163.93, 323.87, 172.78, 245.81, 98.02, 30.6, 63.9, 125, 64.56, 87.89, , , , , 
1/31/2020 2:53:44 AM, 3283.75, 9200, 1645.1, 327.68, 222.6, 163.93, 323.87, 172.78, 245.81, 98.02, 30.6, 63.9, 125, 64.56, 87.89, , , , , 
1/31/2020 2:53:47 AM, 3283.75, 9199.75, 1645.1, 327.68, 222.6, 163.93, 323.87, 172.78, 245.81, 98.02, 30.6, 63.9, 125, 64.56, 87.89, , , , , 
1/31/2020 2:53:50 AM, 3283.75, 9200, 1645.1, 327.68, 222.6, 163.93, 323.87, 172.78, 245.81, 98.02, 30.6, 63.9, 125, 64.56, 87.89, , , , , 
1/31/2020 2:53:53 AM, 3283.5, 9200, 1645.1, 327.68, 222.6, 163.93, 323.87, 172.78, 245.81, 98.02, 30.6, 63.9, 125, 64.56, 87.89, , , , , 
1/31/2020 2:53:56 AM, 3283.5, 9200, 1645.1, 327.68, 222.6, 163.93, 323.87, 172.78, 245.81, 98.02, 30.6, 63.9, 125, 64.56, 87.89, , , , , 
1/31/2020 2:53:59 AM, 3283.25, 9200, 1645.1, 327.68, 222.6, 163.93, 323.87, 172.78, 245.81, 98.02, 30.6, 63.9, 125, 64.56, 87.89, , , , , 
1/31/2020 2:54:02 AM, 3283.25, 9198.75, 1645, 327.68, 222.6, 163.93, 323.87, 172.78, 245.81, 98.02, 30.6, 63.9, 125, 64.56, 87.89, , , , , 
1/31/2020 2:54:05 AM, 3283.5, 9198.75, 1645, 327.68, 222.6, 163.93, 323.87, 172.78, 245.81, 98.02, 30.6, 63.9, 125, 64.56, 87.89, , , , , 
1/31/2020 2:54:08 AM, 3283.5, 9198.25, 1645, 327.68, 222.6, 163.93, 323.87, 172.78, 245.81, 98.02, 30.6, 63.9, 125, 64.56, 87.89, , , , , 
1/31/2020 2:54:11 AM, 3283.5, 9198.25, 1645, 327.68, 222.6, 163.93, 323.87, 172.78, 245.81, 98.02, 30.6, 63.9, 125, 64.56, 87.89, , , , , 
1/31/2020 2:54:14 AM, 3283.25, 9198.25, 1645, 327.68, 222.6, 163.93, 323.87, 172.78, 245.81, 98.02, 30.6, 63.9, 125, 64.56, 87.89, , , , , 
1/31/2020 2:54:17 AM, 3283.5, 9198.25, 1645, 327.68, 222.6, 163.93, 323.87, 172.78, 245.81, 98.02, 30.6, 63.9, 125, 64.56, 87.89, , , , , 
1/31/2020 2:54:20 AM, 3283.5, 9198, 1645, 327.68, 222.6, 163.93, 323.87, 172.78, 245.81, 98.02, 30.6, 63.9, 125, 64.56, 87.89, , , , , 
1/31/2020 2:54:23 AM, 3283.5, 9198, 1645, 327.68, 222.6, 163.93, 323.87, 172.78, 245.81, 98.02, 30.6, 63.9, 125, 64.56, 87.89, , , , , 
1/31/2020 2:54:26 AM, 3283.5, 9198.25, 1645, 327.68, 222.6, 163.93, 323.87, 172.78, 245.81, 98.02, 30.6, 63.9, 125, 64.56, 87.89, , , , , 
1/31/2020 2:54:29 AM, 3283.5, 9198.5, 1645, 327.68, 222.6, 163.93, 323.87, 172.78, 245.81, 98.02, 30.6, 63.9, 125, 64.56, 87.89, , , , , 
1/31/2020 2:54:32 AM, 3283.5, 9198.5, 1645, 327.68, 222.6, 163.93, 323.87, 172.78, 245.81, 98.02, 30.6, 63.9, 125, 64.56, 87.89, , , , , 
1/31/2020 2:54:35 AM, 3283.5, 9199, 1645, 327.68, 222.6, 163.93, 323.87, 172.78, 245.81, 98.02, 30.6, 63.9, 125, 64.56, 87.89, , , , , 
1/31/2020 2:54:38 AM, 3283.5, 9198.75, 1645, 327.68, 222.6, 163.93, 323.87, 172.78, 245.81, 98.02, 30.6, 63.9, 125, 64.56, 87.89, , , , , 
1/31/2020 2:54:41 AM, 3283.5, 9198.5, 1645, 327.68, 222.6, 163.93, 323.87, 172.78, 245.81, 98.02, 30.6, 63.9, 125, 64.56, 87.89, , , , , 
1/31/2020 2:54:44 AM, 3283.5, 9198.5, 1645, 327.68, 222.6, 163.93, 323.87, 172.78, 245.81, 98.02, 30.6, 63.9, 125, 64.56, 87.89, , , , , 
1/31/2020 2:54:47 AM, 3283.5, 9198.5, 1645, 327.68, 222.6, 163.93, 323.87, 172.78, 245.81, 98.02, 30.6, 63.9, 125, 64.56, 87.89, , , , , 
1/31/2020 2:54:50 AM, 3283.5, 9198.5, 1645, 327.68, 222.6, 163.93, 323.87, 172.78, 245.81, 98.02, 30.6, 63.9, 125, 64.56, 87.89, , , , , 
1/31/2020 2:54:53 AM, 3283.25, 9197, 1645, 327.68, 222.6, 163.93, 323.87, 172.78, 245.81, 98.02, 30.6, 63.9, 125, 64.56, 87.89, , , , , 
1/31/2020 2:54:56 AM, 3283.25, 9197.25, 1645, 327.68, 222.6, 163.93, 323.87, 172.78, 245.81, 98.02, 30.6, 63.9, 125, 64.56, 87.89, , , , , 
1/31/2020 2:54:59 AM, 3283, 9196.25, 1645, 327.68, 222.6, 163.93, 323.87, 172.78, 245.81, 98.02, 30.6, 63.9, 125, 64.56, 87.89, , , , , 
1/31/2020 2:55:02 AM, 3283, 9196, 1645, 327.68, 222.6, 163.93, 323.87, 172.78, 245.81, 98.02, 30.6, 63.9, 125, 64.56, 87.89, , , , , 
1/31/2020 2:55:05 AM, 3283, 9196.5, 1645, 327.68, 222.6, 163.93, 323.87, 172.78, 245.81, 98.02, 30.6, 63.9, 125, 64.56, 87.89, , , , , 
1/31/2020 2:55:08 AM, 3283.25, 9196.5, 1644.9, 327.68, 222.6, 163.93, 323.87, 172.78, 245.81, 98.02, 30.6, 63.9, 125, 64.56, 87.89, , , , , 
1/31/2020 2:55:11 AM, 3283, 9196.75, 1644.9, 327.68, 222.6, 163.93, 323.87, 172.78, 245.81, 98.02, 30.6, 63.9, 125, 64.56, 87.89, , , , , 
1/31/2020 2:55:15 AM, 3283, 9195.5, 1644.9, 327.68, 222.6, 163.93, 323.87, 172.78, 245.81, 98.02, 30.6, 63.9, 125, 64.56, 87.89, , , , , 
1/31/2020 2:55:18 AM, 3283, 9195.5, 1644.9, 327.68, 222.6, 163.93, 323.87, 172.78, 245.81, 98.02, 30.6, 63.9, 125, 64.56, 87.89, , , , , 
1/31/2020 2:55:21 AM, 3282.75, 9195, 1644.8, 327.68, 222.6, 163.93, 323.87, 172.78, 245.81, 98.02, 30.6, 63.9, 125, 64.56, 87.89, , , , , 
1/31/2020 2:55:24 AM, 3282.75, 9195.25, 1644.8, 327.68, 222.6, 163.93, 323.87, 172.78, 245.81, 98.02, 30.6, 63.9, 125, 64.56, 87.89, , , , , 
1/31/2020 2:55:27 AM, 3282.5, 9193.5, 1644.5, 327.68, 222.6, 163.93, 323.87, 172.78, 245.81, 98.02, 30.6, 63.9, 125, 64.56, 87.89, , , , , 
1/31/2020 2:55:30 AM, 3282.5, 9192.75, 1644.5, 327.68, 222.6, 163.93, 323.87, 172.78, 245.81, 98.02, 30.6, 63.9, 125, 64.56, 87.89, , , , , 
1/31/2020 2:55:33 AM, 3282.25, 9192.75, 1644.4, 327.68, 222.6, 163.93, 323.87, 172.78, 245.81, 98.02, 30.6, 63.9, 125, 64.56, 87.89, , , , , 
1/31/2020 2:55:36 AM, 3282.25, 9193.25, 1644.6, 327.68, 222.6, 163.93, 323.87, 172.78, 245.81, 98.02, 30.6, 63.9, 125, 64.56, 87.89, , , , , 
1/31/2020 2:55:39 AM, 3282.25, 9193.5, 1644.6, 327.68, 222.6, 163.93, 323.87, 172.78, 245.81, 98.02, 30.6, 63.9, 125, 64.56, 87.89, , , , , 
1/31/2020 2:55:42 AM, 3282.25, 9193, 1644.6, 327.68, 222.6, 163.93, 323.87, 172.78, 245.81, 98.02, 30.6, 63.9, 125, 64.56, 87.89, , , , , 
1/31/2020 2:55:45 AM, 3282.25, 9193.5, 1644.5, 327.68, 222.6, 163.93, 323.87, 172.78, 245.81, 98.02, 30.6, 63.9, 125, 64.56, 87.89, , , , , 
1/31/2020 2:55:48 AM, 3282.5, 9194.75, 1644.7, 327.68, 222.6, 163.93, 323.87, 172.78, 245.81, 98.02, 30.6, 63.9, 125, 64.56, 87.89, , , , , 
1/31/2020 2:55:51 AM, 3282.5, 9194.5, 1644.7, 327.68, 222.6, 163.93, 323.87, 172.78, 245.81, 98.02, 30.6, 63.9, 125, 64.56, 87.89, , , , , 
1/31/2020 2:55:54 AM, 3282.75, 9194.25, 1644.7, 327.68, 222.6, 163.93, 323.87, 172.78, 245.81, 98.02, 30.6, 63.9, 125, 64.56, 87.89, , , , , 
1/31/2020 2:55:57 AM, 3282.5, 9194, 1644.7, 327.68, 222.6, 163.93, 323.87, 172.78, 245.81, 98.02, 30.6, 63.9, 125, 64.56, 87.89, , , , , 
1/31/2020 2:56:00 AM, 3282.5, 9193.75, 1644.7, 327.68, 222.6, 163.93, 323.87, 172.78, 245.81, 98.02, 30.6, 63.9, 125, 64.56, 87.89, , , , , 
1/31/2020 2:56:03 AM, 3282.5, 9193.75, 1644.7, 327.68, 222.6, 163.93, 323.87, 172.78, 245.81, 98.02, 30.6, 63.9, 125, 64.56, 87.89, , , , , 
1/31/2020 2:56:06 AM, 3282.25, 9193.75, 1644.7, 327.68, 222.6, 163.93, 323.87, 172.78, 245.81, 98.02, 30.6, 63.9, 125, 64.56, 87.89, , , , , 
1/31/2020 2:56:09 AM, 3282.25, 9193.25, 1644.6, 327.68, 222.6, 163.93, 323.87, 172.78, 245.81, 98.02, 30.6, 63.9, 125, 64.56, 87.89, , , , , 
1/31/2020 2:56:12 AM, 3282.25, 9193.25, 1644.6, 327.68, 222.6, 163.93, 323.87, 172.78, 245.81, 98.02, 30.6, 63.9, 125, 64.56, 87.89, , , , , 
1/31/2020 2:56:15 AM, 3282.25, 9193.25, 1644.6, 327.68, 222.6, 163.93, 323.87, 172.78, 245.81, 98.02, 30.6, 63.9, 125, 64.56, 87.89, , , , , 
1/31/2020 2:56:18 AM, 3282.25, 9193.5, 1644.6, 327.68, 222.6, 163.93, 323.87, 172.78, 245.81, 98.02, 30.6, 63.9, 125, 64.56, 87.89, , , , , 
1/31/2020 2:56:21 AM, 3282.25, 9193.5, 1644.6, 327.68, 222.6, 163.93, 323.87, 172.78, 245.81, 98.02, 30.6, 63.9, 125, 64.56, 87.89, , , , , 
1/31/2020 2:56:24 AM, 3282.25, 9192.75, 1644.6, 327.68, 222.6, 163.93, 323.87, 172.78, 245.81, 98.02, 30.6, 63.9, 125, 64.56, 87.89, , , , , 
1/31/2020 2:56:27 AM, 3282, 9192.25, 1644.6, 327.68, 222.6, 163.93, 323.87, 172.78, 245.81, 98.02, 30.6, 63.9, 125, 64.56, 87.89, , , , , 
1/31/2020 2:56:30 AM, 3282, 9192, 1644.6, 327.68, 222.6, 163.93, 323.87, 172.78, 245.81, 98.02, 30.6, 63.9, 125, 64.56, 87.89, , , , , 
1/31/2020 2:56:33 AM, 3282, 9192, 1644.6, 327.68, 222.6, 163.93, 323.87, 172.78, 245.81, 98.02, 30.6, 63.9, 125, 64.56, 87.89, , , , , 
1/31/2020 2:56:36 AM, 3282, 9192.25, 1644.6, 327.68, 222.6, 163.93, 323.87, 172.78, 245.81, 98.02, 30.6, 63.9, 125, 64.56, 87.89, , , , , 
1/31/2020 2:56:39 AM, 3281.75, 9191.25, 1644.2, 327.68, 222.6, 163.93, 323.87, 172.78, 245.81, 98.02, 30.6, 63.9, 125, 64.56, 87.89, , , , , 
1/31/2020 2:56:42 AM, 3282, 9192.25, 1644.3, 327.68, 222.6, 163.93, 323.87, 172.78, 245.81, 98.02, 30.6, 63.9, 125, 64.56, 87.89, , , , , 
1/31/2020 2:56:45 AM, 3281.75, 9192.25, 1644.4, 327.68, 222.6, 163.93, 323.87, 172.78, 245.81, 98.02, 30.6, 63.9, 125, 64.56, 87.89, , , , , 
1/31/2020 2:56:48 AM, 3282, 9192.25, 1644.4, 327.68, 222.6, 163.93, 323.87, 172.78, 245.81, 98.02, 30.6, 63.9, 125, 64.56, 87.89, , , , , 
1/31/2020 2:56:51 AM, 3282, 9192, 1644.4, 327.68, 222.6, 163.93, 323.87, 172.78, 245.81, 98.02, 30.6, 63.9, 125, 64.56, 87.89, , , , , 
1/31/2020 2:56:54 AM, 3282, 9191.75, 1644.3, 327.68, 222.6, 163.93, 323.87, 172.78, 245.81, 98.02, 30.6, 63.9, 125, 64.56, 87.89, , , , , 
1/31/2020 2:56:57 AM, 3282, 9192, 1644.3, 327.68, 222.6, 163.93, 323.87, 172.78, 245.81, 98.02, 30.6, 63.9, 125, 64.56, 87.89, , , , , 
1/31/2020 2:57:00 AM, 3282, 9192, 1644.3, 327.68, 222.6, 163.93, 323.87, 172.78, 245.81, 98.02, 30.6, 63.9, 125, 64.56, 87.89, , , , , 
1/31/2020 2:57:03 AM, 3282, 9191.75, 1644.3, 327.68, 222.6, 163.93, 323.87, 172.78, 245.81, 98.02, 30.6, 63.9, 125, 64.56, 87.89, , , , , 
1/31/2020 2:57:06 AM, 3282.25, 9192.5, 1644.3, 327.68, 222.6, 163.93, 323.87, 172.78, 245.81, 98.02, 30.6, 63.9, 125, 64.56, 87.89, , , , , 
1/31/2020 2:57:09 AM, 3282.25, 9193, 1644.3, 327.68, 222.6, 163.93, 323.87, 172.78, 245.81, 98.02, 30.6, 63.9, 125, 64.56, 87.89, , , , , 
1/31/2020 2:57:12 AM, 3282.25, 9194.5, 1644.3, 327.68, 222.6, 163.93, 323.87, 172.78, 245.81, 98.02, 30.6, 63.9, 125, 64.56, 87.89, , , , , 
1/31/2020 2:57:15 AM, 3282.25, 9193.75, 1644.3, 327.68, 222.6, 163.93, 323.87, 172.78, 245.81, 98.02, 30.6, 63.9, 125, 64.56, 87.89, , , , , 
1/31/2020 2:57:18 AM, 3282.25, 9194.25, 1644.3, 327.68, 222.6, 163.93, 323.87, 172.78, 245.81, 98.02, 30.6, 63.9, 125, 64.56, 87.89, , , , , 
1/31/2020 2:57:21 AM, 3282.5, 9194.75, 1644.3, 327.68, 222.6, 163.93, 323.87, 172.78, 245.81, 98.02, 30.6, 63.9, 125, 64.56, 87.89, , , , , 
1/31/2020 2:57:24 AM, 3282.75, 9195, 1644.3, 327.68, 222.6, 163.93, 323.87, 172.78, 245.81, 98.02, 30.6, 63.9, 125, 64.56, 87.89, , , , , 
1/31/2020 2:57:27 AM, 3282.75, 9195.25, 1644.3, 327.68, 222.6, 163.93, 323.87, 172.78, 245.81, 98.02, 30.6, 63.9, 125, 64.56, 87.89, , , , , 
1/31/2020 2:57:30 AM, 3282.75, 9195, 1644.3, 327.68, 222.6, 163.93, 323.87, 172.78, 245.81, 98.02, 30.6, 63.9, 125, 64.56, 87.89, , , , , 
1/31/2020 2:57:33 AM, 3282.75, 9194.25, 1644.6, 327.68, 222.6, 163.93, 323.87, 172.78, 245.81, 98.02, 30.6, 63.9, 125, 64.56, 87.89, , , , , 
1/31/2020 2:57:37 AM, 3282.75, 9194.75, 1644.6, 327.68, 222.6, 163.93, 323.87, 172.78, 245.81, 98.02, 30.6, 63.9, 125, 64.56, 87.89, , , , , 
1/31/2020 2:57:40 AM, 3282.75, 9194.25, 1644.7, 327.68, 222.6, 163.93, 323.87, 172.78, 245.81, 98.02, 30.6, 63.9, 125, 64.56, 87.89, , , , , 
1/31/2020 2:57:43 AM, 3282.75, 9194.25, 1644.7, 327.68, 222.6, 163.93, 323.87, 172.78, 245.81, 98.02, 30.6, 63.9, 125, 64.56, 87.89, , , , , 
1/31/2020 2:57:46 AM, 3282.5, 9193.75, 1644.6, 327.68, 222.6, 163.93, 323.87, 172.78, 245.81, 98.02, 30.6, 63.9, 125, 64.56, 87.89, , , , , 
1/31/2020 2:57:49 AM, 3282.5, 9194, 1644.6, 327.68, 222.6, 163.93, 323.87, 172.78, 245.81, 98.02, 30.6, 63.9, 125, 64.56, 87.89, , , , , 
1/31/2020 2:57:52 AM, 3282.75, 9194.5, 1644.8, 327.68, 222.6, 163.93, 323.87, 172.78, 245.81, 98.02, 30.6, 63.9, 125, 64.56, 87.89, , , , , 
1/31/2020 2:57:55 AM, 3282.75, 9194.75, 1644.8, 327.68, 222.6, 163.93, 323.87, 172.78, 245.81, 98.02, 30.6, 63.9, 125, 64.56, 87.89, , , , , 
1/31/2020 2:57:58 AM, 3283, 9195, 1644.7, 327.68, 222.6, 163.93, 323.87, 172.78, 245.81, 98.02, 30.6, 63.9, 125, 64.56, 87.89, , , , , 
1/31/2020 2:58:01 AM, 3283, 9195, 1644.7, 327.68, 222.6, 163.93, 323.87, 172.78, 245.81, 98.02, 30.6, 63.9, 125, 64.56, 87.89, , , , , 
1/31/2020 2:58:04 AM, 3282.75, 9194.75, 1644.6, 327.68, 222.6, 163.93, 323.87, 172.78, 245.81, 98.02, 30.6, 63.9, 125, 64.56, 87.89, , , , , 
1/31/2020 2:58:07 AM, 3283, 9195, 1644.7, 327.68, 222.6, 163.93, 323.87, 172.78, 245.81, 98.02, 30.6, 63.9, 125, 64.56, 87.89, , , , , 
1/31/2020 2:58:10 AM, 3282.75, 9195.75, 1644.7, 327.68, 222.6, 163.93, 323.87, 172.78, 245.81, 98.02, 30.6, 63.9, 125, 64.56, 87.89, , , , , 
1/31/2020 2:58:13 AM, 3282.75, 9195.25, 1644.6, 327.68, 222.6, 163.93, 323.87, 172.78, 245.81, 98.02, 30.6, 63.9, 125, 64.56, 87.89, , , , , 
1/31/2020 2:58:16 AM, 3282.75, 9195.75, 1644.6, 327.68, 222.6, 163.93, 323.87, 172.78, 245.81, 98.02, 30.6, 63.9, 125, 64.56, 87.89, , , , , 
1/31/2020 2:58:19 AM, 3282.75, 9195.25, 1644.6, 327.68, 222.6, 163.93, 323.87, 172.78, 245.81, 98.02, 30.6, 63.9, 125, 64.56, 87.89, , , , , 
1/31/2020 2:58:22 AM, 3282.75, 9195.25, 1644.6, 327.68, 222.6, 163.93, 323.87, 172.78, 245.81, 98.02, 30.6, 63.9, 125, 64.56, 87.89, , , , , 
1/31/2020 2:58:25 AM, 3282.75, 9195.25, 1644.6, 327.68, 222.6, 163.93, 323.87, 172.78, 245.81, 98.02, 30.6, 63.9, 125, 64.56, 87.89, , , , , 
1/31/2020 2:58:28 AM, 3282.75, 9195.25, 1644.5, 327.68, 222.6, 163.93, 323.87, 172.78, 245.81, 98.02, 30.6, 63.9, 125, 64.56, 87.89, , , , , 
1/31/2020 2:58:31 AM, 3282.75, 9194.25, 1644.5, 327.68, 222.6, 163.93, 323.87, 172.78, 245.81, 98.02, 30.6, 63.9, 125, 64.56, 87.89, , , , , 
1/31/2020 2:58:34 AM, 3282.75, 9195.25, 1644.7, 327.68, 222.6, 163.93, 323.87, 172.78, 245.81, 98.02, 30.6, 63.9, 125, 64.56, 87.89, , , , , 
1/31/2020 2:58:37 AM, 3282.75, 9195, 1644.7, 327.68, 222.6, 163.93, 323.87, 172.78, 245.81, 98.02, 30.6, 63.9, 125, 64.56, 87.89, , , , , 
1/31/2020 2:58:40 AM, 3282.75, 9194.75, 1644.7, 327.68, 222.6, 163.93, 323.87, 172.78, 245.81, 98.02, 30.6, 63.9, 125, 64.56, 87.89, , , , , 
1/31/2020 2:58:43 AM, 3282.5, 9193.5, 1644.6, 327.68, 222.6, 163.93, 323.87, 172.78, 245.81, 98.02, 30.6, 63.9, 125, 64.56, 87.89, , , , , 
1/31/2020 2:58:46 AM, 3282.5, 9193.5, 1644.6, 327.68, 222.6, 163.93, 323.87, 172.78, 245.81, 98.02, 30.6, 63.9, 125, 64.56, 87.89, , , , , 
1/31/2020 2:58:49 AM, 3282.5, 9194.25, 1644.6, 327.68, 222.6, 163.93, 323.87, 172.78, 245.81, 98.02, 30.6, 63.9, 125, 64.56, 87.89, , , , , 
1/31/2020 2:58:52 AM, 3282.75, 9194.75, 1644.7, 327.68, 222.6, 163.93, 323.87, 172.78, 245.81, 98.02, 30.6, 63.9, 125, 64.56, 87.89, , , , , 
1/31/2020 2:58:55 AM, 3282.75, 9194.5, 1644.7, 327.68, 222.6, 163.93, 323.87, 172.78, 245.81, 98.02, 30.6, 63.9, 125, 64.56, 87.89, , , , , 
1/31/2020 2:58:58 AM, 3282.75, 9194.5, 1644.7, 327.68, 222.6, 163.93, 323.87, 172.78, 245.81, 98.02, 30.6, 63.9, 125, 64.56, 87.89, , , , , 
1/31/2020 2:59:01 AM, 3282.75, 9194.25, 1644.7, 327.68, 222.6, 163.93, 323.87, 172.78, 245.81, 98.02, 30.6, 63.9, 125, 64.56, 87.89, , , , , 
1/31/2020 2:59:04 AM, 3282.75, 9194.25, 1644.7, 327.68, 222.6, 163.93, 323.87, 172.78, 245.81, 98.02, 30.6, 63.9, 125, 64.56, 87.89, , , , , 
1/31/2020 2:59:07 AM, 3282.75, 9195, 1644.7, 327.68, 222.6, 163.93, 323.87, 172.78, 245.81, 98.02, 30.6, 63.9, 125, 64.56, 87.89, , , , , 
1/31/2020 2:59:10 AM, 3283, 9195, 1644.7, 327.68, 222.6, 163.93, 323.87, 172.78, 245.81, 98.02, 30.6, 63.9, 125, 64.56, 87.89, , , , , 
1/31/2020 2:59:13 AM, 3283, 9195.25, 1644.7, 327.68, 222.6, 163.93, 323.87, 172.78, 245.81, 98.02, 30.6, 63.9, 125, 64.56, 87.89, , , , , 
1/31/2020 2:59:16 AM, 3282.75, 9195.5, 1644.7, 327.68, 222.6, 163.93, 323.87, 172.78, 245.81, 98.02, 30.6, 63.9, 125, 64.56, 87.89, , , , , 
1/31/2020 2:59:19 AM, 3282.75, 9195.5, 1644.7, 327.68, 222.6, 163.93, 323.87, 172.78, 245.81, 98.02, 30.6, 63.9, 125, 64.56, 87.89, , , , , 
1/31/2020 2:59:22 AM, 3282.75, 9195, 1644.7, 327.68, 222.6, 163.93, 323.87, 172.78, 245.81, 98.02, 30.6, 63.9, 125, 64.56, 87.89, , , , , 
1/31/2020 2:59:25 AM, 3282.75, 9195.25, 1644.7, 327.68, 222.6, 163.93, 323.87, 172.78, 245.81, 98.02, 30.6, 63.9, 125, 64.56, 87.89, , , , , 
1/31/2020 2:59:28 AM, 3282.75, 9194.25, 1644.7, 327.68, 222.6, 163.93, 323.87, 172.78, 245.81, 98.02, 30.6, 63.9, 125, 64.56, 87.89, , , , , 
1/31/2020 2:59:31 AM, 3282.5, 9194.25, 1644.7, 327.68, 222.6, 163.93, 323.87, 172.78, 245.81, 98.02, 30.6, 63.9, 125, 64.56, 87.89, , , , , 
1/31/2020 2:59:34 AM, 3282.5, 9194, 1644.7, 327.68, 222.6, 163.93, 323.87, 172.78, 245.81, 98.02, 30.6, 63.9, 125, 64.56, 87.89, , , , , 
1/31/2020 2:59:37 AM, 3282.5, 9194.25, 1644.7, 327.68, 222.6, 163.93, 323.87, 172.78, 245.81, 98.02, 30.6, 63.9, 125, 64.56, 87.89, , , , , 
1/31/2020 2:59:40 AM, 3282.5, 9193.5, 1644.7, 327.68, 222.6, 163.93, 323.87, 172.78, 245.81, 98.02, 30.6, 63.9, 125, 64.56, 87.89, , , , , 
1/31/2020 2:59:43 AM, 3282.5, 9193.5, 1644.7, 327.68, 222.6, 163.93, 323.87, 172.78, 245.81, 98.02, 30.6, 63.9, 125, 64.56, 87.89, , , , , 
1/31/2020 2:59:46 AM, 3282.5, 9194, 1644.6, 327.68, 222.6, 163.93, 323.87, 172.78, 245.81, 98.02, 30.6, 63.9, 125, 64.56, 87.89, , , , , 
1/31/2020 2:59:49 AM, 3282.5, 9192.75, 1644.6, 327.68, 222.6, 163.93, 323.87, 172.78, 245.81, 98.02, 30.6, 63.9, 125, 64.56, 87.89, , , , , 
1/31/2020 2:59:53 AM, 3282.5, 9193.5, 1644.6, 327.68, 222.6, 163.93, 323.87, 172.78, 245.81, 98.02, 30.6, 63.9, 125, 64.56, 87.89, , , , , 
1/31/2020 2:59:56 AM, 3282.5, 9192.75, 1644.6, 327.68, 222.6, 163.93, 323.87, 172.78, 245.81, 98.02, 30.6, 63.9, 125, 64.56, 87.89, , , , , 
1/31/2020 2:59:59 AM, 3282.25, 9192.5, 1644.6, 327.68, 222.6, 163.93, 323.87, 172.78, 245.81, 98.02, 30.6, 63.9, 125, 64.56, 87.89, , , , , 
1/31/2020 3:00:02 AM, 3282.5, 9192.5, 1644.6, 327.68, 222.6, 163.93, 323.87, 172.78, 245.81, 98.02, 30.6, 63.9, 125, 64.56, 87.89, , , , , 
1/31/2020 3:00:05 AM, 3282, 9192, 1644.3, 327.68, 222.6, 163.93, 323.87, 172.78, 245.81, 98.02, 30.6, 63.9, 125, 64.56, 87.89, , , , , 
1/31/2020 3:00:08 AM, 3282.25, 9193, 1644.4, 327.68, 222.6, 163.93, 323.87, 172.78, 245.81, 98.02, 30.6, 63.9, 125, 64.56, 87.89, , , , , 
1/31/2020 3:00:11 AM, 3282.25, 9193.5, 1644.4, 327.68, 222.6, 163.93, 323.87, 172.78, 245.81, 98.02, 30.6, 63.9, 125, 64.56, 87.89, , , , , 
1/31/2020 3:00:14 AM, 3282.25, 9194.25, 1644.5, 327.68, 222.6, 163.93, 323.87, 172.78, 245.81, 98.02, 30.6, 63.9, 125, 64.56, 87.89, , , , , 
1/31/2020 3:00:17 AM, 3282.5, 9194.25, 1644.4, 327.68, 222.6, 163.93, 323.87, 172.78, 245.81, 98.02, 30.6, 63.9, 125, 64.56, 87.89, , , , , 
1/31/2020 3:00:20 AM, 3282.75, 9194.75, 1644.5, 327.68, 222.6, 163.93, 323.87, 172.78, 245.81, 98.02, 30.6, 63.9, 125, 64.56, 87.89, , , , , 
1/31/2020 3:00:23 AM, 3282.5, 9194.5, 1644.5, 327.68, 222.6, 163.93, 323.87, 172.78, 245.81, 98.02, 30.6, 63.9, 125, 64.56, 87.89, , , , , 
1/31/2020 3:00:26 AM, 3282.5, 9194, 1644.6, 327.68, 222.6, 163.93, 323.87, 172.78, 245.81, 98.02, 30.6, 63.9, 125, 64.56, 87.89, , , , , 
1/31/2020 3:00:29 AM, 3282.5, 9194, 1644.6, 327.68, 222.6, 163.93, 323.87, 172.78, 245.81, 98.02, 30.6, 63.9, 125, 64.56, 87.89, , , , , 
1/31/2020 3:00:32 AM, 3282.5, 9194, 1644.6, 327.68, 222.6, 163.93, 323.87, 172.78, 245.81, 98.02, 30.6, 63.9, 125, 64.56, 87.89, , , , , 
1/31/2020 3:00:35 AM, 3282.5, 9194.25, 1644.6, 327.68, 222.6, 163.93, 323.87, 172.78, 245.81, 98.02, 30.6, 63.9, 125, 64.56, 87.89, , , , , 
1/31/2020 3:00:38 AM, 3282.5, 9194.75, 1644.7, 327.68, 222.6, 163.93, 323.87, 172.78, 245.81, 98.02, 30.6, 63.9, 125, 64.56, 87.89, , , , , 
1/31/2020 3:00:41 AM, 3282.5, 9194.25, 1644.6, 327.68, 222.6, 163.93, 323.87, 172.78, 245.81, 98.02, 30.6, 63.9, 125, 64.56, 87.89, , , , , 
1/31/2020 3:00:44 AM, 3282.5, 9194.25, 1644.6, 327.68, 222.6, 163.93, 323.87, 172.78, 245.81, 98.02, 30.6, 63.9, 125, 64.56, 87.89, , , , , 
1/31/2020 3:00:47 AM, 3282.5, 9193.75, 1644.6, 327.68, 222.6, 163.93, 323.87, 172.78, 245.81, 98.02, 30.6, 63.9, 125, 64.56, 87.89, , , , , 
1/31/2020 3:00:50 AM, 3282.5, 9193.75, 1644.6, 327.68, 222.6, 163.93, 323.87, 172.78, 245.81, 98.02, 30.6, 63.9, 125, 64.56, 87.89, , , , , 
1/31/2020 3:00:53 AM, 3282, 9191, 1644.3, 327.68, 222.6, 163.93, 323.87, 172.78, 245.81, 98.02, 30.6, 63.9, 125, 64.56, 87.89, , , , , 
1/31/2020 3:00:56 AM, 3282, 9191, 1644.3, 327.68, 222.6, 163.93, 323.87, 172.78, 245.81, 98.02, 30.6, 63.9, 125, 64.56, 87.89, , , , , 
1/31/2020 3:00:59 AM, 3282, 9190.75, 1644.1, 327.68, 222.6, 163.93, 323.87, 172.78, 245.81, 98.02, 30.6, 63.9, 125, 64.56, 87.89, , , , , 
1/31/2020 3:01:02 AM, 3282, 9190.75, 1644.1, 327.68, 222.6, 163.93, 323.87, 172.78, 245.81, 98.02, 30.6, 63.9, 125, 64.56, 87.89, , , , , 
1/31/2020 3:01:05 AM, 3282, 9192.25, 1644.2, 327.68, 222.6, 163.93, 323.87, 172.78, 245.81, 98.02, 30.6, 63.9, 125, 64.56, 87.89, , , , , 
1/31/2020 3:01:08 AM, 3282, 9192, 1644.2, 327.68, 222.6, 163.93, 323.87, 172.78, 245.81, 98.02, 30.6, 63.9, 125, 64.56, 87.89, , , , , 
1/31/2020 3:01:11 AM, 3282, 9192, 1644.2, 327.68, 222.6, 163.93, 323.87, 172.78, 245.81, 98.02, 30.6, 63.9, 125, 64.56, 87.89, , , , , 
1/31/2020 3:01:14 AM, 3281.75, 9191, 1643.9, 327.68, 222.6, 163.93, 323.87, 172.78, 245.81, 98.02, 30.6, 63.9, 125, 64.56, 87.89, , , , , 
1/31/2020 3:01:17 AM, 3281.75, 9191, 1643.9, 327.68, 222.6, 163.93, 323.87, 172.78, 245.81, 98.02, 30.6, 63.9, 125, 64.56, 87.89, , , , , 
1/31/2020 3:01:20 AM, 3282.25, 9192.5, 1644.1, 327.68, 222.6, 163.93, 323.87, 172.78, 245.81, 98.02, 30.6, 63.9, 125, 64.56, 87.89, , , , , 
1/31/2020 3:01:23 AM, 3282.25, 9192.5, 1644.1, 327.68, 222.6, 163.93, 323.87, 172.78, 245.81, 98.02, 30.6, 63.9, 125, 64.56, 87.89, , , , , 
1/31/2020 3:01:26 AM, 3282, 9192, 1644, 327.68, 222.6, 163.93, 323.87, 172.78, 245.81, 98.02, 30.6, 63.9, 125, 64.56, 87.89, , , , , 
1/31/2020 3:01:29 AM, 3282, 9192, 1644, 327.68, 222.6, 163.93, 323.87, 172.78, 245.81, 98.02, 30.6, 63.9, 125, 64.56, 87.89, , , , , 
1/31/2020 3:01:32 AM, 3281.75, 9190.5, 1643.9, 327.68, 222.6, 163.93, 323.87, 172.78, 245.81, 98.02, 30.6, 63.9, 125, 64.56, 87.89, , , , , 
1/31/2020 3:01:35 AM, 3281.75, 9190.5, 1643.9, 327.68, 222.6, 163.93, 323.87, 172.78, 245.81, 98.02, 30.6, 63.9, 125, 64.56, 87.89, , , , , 
1/31/2020 3:01:38 AM, 3281.25, 9189.75, 1643.8, 327.68, 222.6, 163.93, 323.87, 172.78, 245.81, 98.02, 30.6, 63.9, 125, 64.56, 87.89, , , , , 
1/31/2020 3:01:41 AM, 3281.25, 9189.75, 1643.8, 327.68, 222.6, 163.93, 323.87, 172.78, 245.81, 98.02, 30.6, 63.9, 125, 64.56, 87.89, , , , , 
1/31/2020 3:01:44 AM, 3281.5, 9189.25, 1643.7, 327.68, 222.6, 163.93, 323.87, 172.78, 245.81, 98.02, 30.6, 63.9, 125, 64.56, 87.89, , , , , 
1/31/2020 3:01:47 AM, 3281.5, 9189.25, 1643.7, 327.68, 222.6, 163.93, 323.87, 172.78, 245.81, 98.02, 30.6, 63.9, 125, 64.56, 87.89, , , , , 
1/31/2020 3:01:50 AM, 3281.25, 9189.5, 1643.6, 327.68, 222.6, 163.93, 323.87, 172.78, 245.81, 98.02, 30.6, 63.9, 125, 64.56, 87.89, , , , , 
1/31/2020 3:01:53 AM, 3281.25, 9189.25, 1643.6, 327.68, 222.6, 163.93, 323.87, 172.78, 245.81, 98.02, 30.6, 63.9, 125, 64.56, 87.89, , , , , 
1/31/2020 3:01:56 AM, 3281.25, 9189.25, 1643.6, 327.68, 222.6, 163.93, 323.87, 172.78, 245.81, 98.02, 30.6, 63.9, 125, 64.56, 87.89, , , , , 
1/31/2020 3:01:59 AM, 3281.75, 9191, 1643.9, 327.68, 222.6, 163.93, 323.87, 172.78, 245.81, 98.02, 30.6, 63.9, 125, 64.56, 87.89, , , , , 
1/31/2020 3:02:02 AM, 3281.75, 9191, 1643.9, 327.68, 222.6, 163.93, 323.87, 172.78, 245.81, 98.02, 30.6, 63.9, 125, 64.56, 87.89, , , , , 
1/31/2020 3:02:05 AM, 3282.25, 9193, 1644.2, 327.68, 222.6, 163.93, 323.87, 172.78, 245.81, 98.02, 30.6, 63.9, 125, 64.56, 87.89, , , , , 
1/31/2020 3:02:08 AM, 3282.25, 9193, 1644.2, 327.68, 222.6, 163.93, 323.87, 172.78, 245.81, 98.02, 30.6, 63.9, 125, 64.56, 87.89, , , , , 
1/31/2020 3:02:11 AM, 3282.5, 9194.75, 1644.5, 327.68, 222.6, 163.93, 323.87, 172.78, 245.81, 98.02, 30.6, 63.9, 125, 64.56, 87.89, , , , , 
1/31/2020 3:02:14 AM, 3282.5, 9194.5, 1644.3, 327.68, 222.6, 163.93, 323.87, 172.78, 245.81, 98.02, 30.6, 63.9, 125, 64.56, 87.89, , , , , 
1/31/2020 3:02:17 AM, 3282.75, 9194.5, 1644.3, 327.68, 222.6, 163.93, 323.87, 172.78, 245.81, 98.02, 30.6, 63.9, 125, 64.56, 87.89, , , , , 
1/31/2020 3:02:20 AM, 3282.75, 9194.5, 1644.5, 327.68, 222.6, 163.93, 323.87, 172.78, 245.81, 98.02, 30.6, 63.9, 125, 64.56, 87.89, , , , , 
1/31/2020 3:02:24 AM, 3282.75, 9194.25, 1644.5, 327.68, 222.6, 163.93, 323.87, 172.78, 245.81, 98.02, 30.6, 63.9, 125, 64.56, 87.89, , , , , 
1/31/2020 3:02:27 AM, 3283, 9195, 1644.4, 327.68, 222.6, 163.93, 323.87, 172.78, 245.81, 98.02, 30.6, 63.9, 125, 64.56, 87.89, , , , , 
1/31/2020 3:02:30 AM, 3282.75, 9194.5, 1644.3, 327.68, 222.6, 163.93, 323.87, 172.78, 245.81, 98.02, 30.6, 63.9, 125, 64.56, 87.89, , , , , 
1/31/2020 3:02:33 AM, 3282.75, 9194.25, 1644.4, 327.68, 222.6, 163.93, 323.87, 172.78, 245.81, 98.02, 30.6, 63.9, 125, 64.56, 87.89, , , , , 
1/31/2020 3:02:36 AM, 3282.75, 9194.5, 1644.4, 327.68, 222.6, 163.93, 323.87, 172.78, 245.81, 98.02, 30.6, 63.9, 125, 64.56, 87.89, , , , , 
1/31/2020 3:02:39 AM, 3282.75, 9194, 1644.3, 327.68, 222.6, 163.93, 323.87, 172.78, 245.81, 98.02, 30.6, 63.9, 125, 64.56, 87.89, , , , , 
1/31/2020 3:02:42 AM, 3282.75, 9194, 1644.3, 327.68, 222.6, 163.93, 323.87, 172.78, 245.81, 98.02, 30.6, 63.9, 125, 64.56, 87.89, , , , , 
1/31/2020 3:02:45 AM, 3282.75, 9194.25, 1644.3, 327.68, 222.6, 163.93, 323.87, 172.78, 245.81, 98.02, 30.6, 63.9, 125, 64.56, 87.89, , , , , 
1/31/2020 3:02:48 AM, 3282.75, 9194.75, 1644.3, 327.68, 222.6, 163.93, 323.87, 172.78, 245.81, 98.02, 30.6, 63.9, 125, 64.56, 87.89, , , , , 
1/31/2020 3:02:51 AM, 3282.75, 9193, 1644.3, 327.68, 222.6, 163.93, 323.87, 172.78, 245.81, 98.02, 30.6, 63.9, 125, 64.56, 87.89, , , , , 
1/31/2020 3:02:54 AM, 3282.5, 9193, 1644.2, 327.68, 222.6, 163.93, 323.87, 172.78, 245.81, 98.02, 30.6, 63.9, 125, 64.56, 87.89, , , , , 
1/31/2020 3:02:57 AM, 3282.25, 9192, 1644, 327.68, 222.6, 163.93, 323.87, 172.78, 245.81, 98.02, 30.6, 63.9, 125, 64.56, 87.89, , , , , 
1/31/2020 3:03:00 AM, 3282, 9192.5, 1643.9, 327.68, 222.6, 163.93, 323.87, 172.78, 245.81, 98.02, 30.6, 63.9, 125, 64.56, 87.89, , , , , 
1/31/2020 3:03:03 AM, 3282, 9192, 1643.8, 327.68, 222.6, 163.93, 323.87, 172.78, 245.81, 98.02, 30.6, 63.9, 125, 64.56, 87.89, , , , , 
1/31/2020 3:03:06 AM, 3282, 9192.5, 1643.9, 327.68, 222.6, 163.93, 323.87, 172.78, 245.81, 98.02, 30.6, 63.9, 125, 64.56, 87.89, , , , , 
1/31/2020 3:03:09 AM, 3282, 9191.75, 1643.9, 327.68, 222.6, 163.93, 323.87, 172.78, 245.81, 98.02, 30.6, 63.9, 125, 64.56, 87.89, , , , , 
1/31/2020 3:03:12 AM, 3281.75, 9191, 1643.7, 327.68, 222.6, 163.93, 323.87, 172.78, 245.81, 98.02, 30.6, 63.9, 125, 64.56, 87.89, , , , , 
1/31/2020 3:03:15 AM, 3281.75, 9191.25, 1643.8, 327.68, 222.6, 163.93, 323.87, 172.78, 245.81, 98.02, 30.6, 63.9, 125, 64.56, 87.89, , , , , 
1/31/2020 3:03:18 AM, 3281.75, 9191.25, 1643.8, 327.68, 222.6, 163.93, 323.87, 172.78, 245.81, 98.02, 30.6, 63.9, 125, 64.56, 87.89, , , , , 
1/31/2020 3:03:21 AM, 3281.75, 9190.25, 1643.7, 327.68, 222.6, 163.93, 323.87, 172.78, 245.81, 98.02, 30.6, 63.9, 125, 64.56, 87.89, , , , , 
1/31/2020 3:03:24 AM, 3281.25, 9189.25, 1643.6, 327.68, 222.6, 163.93, 323.87, 172.78, 245.81, 98.02, 30.6, 63.9, 125, 64.56, 87.89, , , , , 
1/31/2020 3:03:27 AM, 3281.5, 9190.75, 1643.7, 327.68, 222.6, 163.93, 323.87, 172.78, 245.81, 98.02, 30.6, 63.9, 125, 64.56, 87.89, , , , , 
1/31/2020 3:03:30 AM, 3281.75, 9190.75, 1643.7, 327.68, 222.6, 163.93, 323.87, 172.78, 245.81, 98.02, 30.6, 63.9, 125, 64.56, 87.89, , , , , 
1/31/2020 3:03:33 AM, 3281.5, 9190.25, 1643.6, 327.68, 222.6, 163.93, 323.87, 172.78, 245.81, 98.02, 30.6, 63.9, 125, 64.56, 87.89, , , , , 
1/31/2020 3:03:36 AM, 3281.5, 9190.75, 1643.6, 327.68, 222.6, 163.93, 323.87, 172.78, 245.81, 98.02, 30.6, 63.9, 125, 64.56, 87.89, , , , , 
1/31/2020 3:03:39 AM, 3281.75, 9190.75, 1643.6, 327.68, 222.6, 163.93, 323.87, 172.78, 245.81, 98.02, 30.6, 63.9, 125, 64.56, 87.89, , , , , 
1/31/2020 3:03:42 AM, 3281.5, 9190.5, 1643.6, 327.68, 222.6, 163.93, 323.87, 172.78, 245.81, 98.02, 30.6, 63.9, 125, 64.56, 87.89, , , , , 
1/31/2020 3:03:45 AM, 3281.75, 9191, 1643.8, 327.68, 222.6, 163.93, 323.87, 172.78, 245.81, 98.02, 30.6, 63.9, 125, 64.56, 87.89, , , , , 
1/31/2020 3:03:48 AM, 3282, 9191.75, 1643.9, 327.68, 222.6, 163.93, 323.87, 172.78, 245.81, 98.02, 30.6, 63.9, 125, 64.56, 87.89, , , , , 
1/31/2020 3:03:51 AM, 3281.75, 9190, 1643.8, 327.68, 222.6, 163.93, 323.87, 172.78, 245.81, 98.02, 30.6, 63.9, 125, 64.56, 87.89, , , , , 
1/31/2020 3:03:54 AM, 3281.5, 9189.25, 1643.8, 327.68, 222.6, 163.93, 323.87, 172.78, 245.81, 98.02, 30.6, 63.9, 125, 64.56, 87.89, , , , , 
1/31/2020 3:03:57 AM, 3281.5, 9189.75, 1643.6, 327.68, 222.6, 163.93, 323.87, 172.78, 245.81, 98.02, 30.6, 63.9, 125, 64.56, 87.89, , , , , 
1/31/2020 3:04:00 AM, 3281.5, 9189.25, 1643.6, 327.68, 222.6, 163.93, 323.87, 172.78, 245.81, 98.02, 30.6, 63.9, 125, 64.56, 87.89, , , , , 
1/31/2020 3:04:03 AM, 3281.25, 9189.25, 1643.5, 327.68, 222.6, 163.93, 323.87, 172.78, 245.81, 98.02, 30.6, 63.9, 125, 64.56, 87.89, , , , , 
1/31/2020 3:04:06 AM, 3281.5, 9190, 1643.7, 327.68, 222.6, 163.93, 323.87, 172.78, 245.81, 98.02, 30.6, 63.9, 125, 64.56, 87.89, , , , , 
1/31/2020 3:04:09 AM, 3281.5, 9189.75, 1643.7, 327.68, 222.6, 163.93, 323.87, 172.78, 245.81, 98.02, 30.6, 63.9, 125, 64.56, 87.89, , , , , 
1/31/2020 3:04:12 AM, 3281.75, 9190.25, 1643.6, 327.68, 222.6, 163.93, 323.87, 172.78, 245.81, 98.02, 30.6, 63.9, 125, 64.56, 87.89, , , , , 
1/31/2020 3:04:15 AM, 3281.75, 9190.25, 1643.8, 327.68, 222.6, 163.93, 323.87, 172.78, 245.81, 98.02, 30.6, 63.9, 125, 64.56, 87.89, , , , , 
1/31/2020 3:04:18 AM, 3281.75, 9190, 1643.8, 327.68, 222.6, 163.93, 323.87, 172.78, 245.81, 98.02, 30.6, 63.9, 125, 64.56, 87.89, , , , , 
1/31/2020 3:04:21 AM, 3281.75, 9190.25, 1643.8, 327.68, 222.6, 163.93, 323.87, 172.78, 245.81, 98.02, 30.6, 63.9, 125, 64.56, 87.89, , , , , 
1/31/2020 3:04:24 AM, 3281.75, 9190.25, 1643.7, 327.68, 222.6, 163.93, 323.87, 172.78, 245.81, 98.02, 30.6, 63.9, 125, 64.56, 87.89, , , , , 
1/31/2020 3:04:27 AM, 3282, 9191, 1643.8, 327.68, 222.6, 163.93, 323.87, 172.78, 245.81, 98.02, 30.6, 63.9, 125, 64.56, 87.89, , , , , 
1/31/2020 3:04:30 AM, 3282, 9191, 1643.9, 327.68, 222.6, 163.93, 323.87, 172.78, 245.81, 98.02, 30.6, 63.9, 125, 64.56, 87.89, , , , , 
1/31/2020 3:04:33 AM, 3282, 9192.25, 1643.9, 327.68, 222.6, 163.93, 323.87, 172.78, 245.81, 98.02, 30.6, 63.9, 125, 64.56, 87.89, , , , , 
1/31/2020 3:04:36 AM, 3282.25, 9192, 1643.9, 327.68, 222.6, 163.93, 323.87, 172.78, 245.81, 98.02, 30.6, 63.9, 125, 64.56, 87.89, , , , , 
1/31/2020 3:04:39 AM, 3282.25, 9192.25, 1644, 327.68, 222.6, 163.93, 323.87, 172.78, 245.81, 98.02, 30.6, 63.9, 125, 64.56, 87.89, , , , , 
1/31/2020 3:04:42 AM, 3282.25, 9192, 1644.1, 327.68, 222.6, 163.93, 323.87, 172.78, 245.81, 98.02, 30.6, 63.9, 125, 64.56, 87.89, , , , , 
1/31/2020 3:04:45 AM, 3282, 9191.75, 1643.9, 327.68, 222.6, 163.93, 323.87, 172.78, 245.81, 98.02, 30.6, 63.9, 125, 64.56, 87.89, , , , , 
1/31/2020 3:04:48 AM, 3281.75, 9190.5, 1643.9, 327.68, 222.6, 163.93, 323.87, 172.78, 245.81, 98.02, 30.6, 63.9, 125, 64.56, 87.89, , , , , 
1/31/2020 3:04:52 AM, 3281.75, 9190.75, 1643.9, 327.68, 222.6, 163.93, 323.87, 172.78, 245.81, 98.02, 30.6, 63.9, 125, 64.56, 87.89, , , , , 
1/31/2020 3:04:55 AM, 3282, 9191, 1643.8, 327.68, 222.6, 163.93, 323.87, 172.78, 245.81, 98.02, 30.6, 63.9, 125, 64.56, 87.89, , , , , 
1/31/2020 3:04:58 AM, 3282, 9191.25, 1643.8, 327.68, 222.6, 163.93, 323.87, 172.78, 245.81, 98.02, 30.6, 63.9, 125, 64.56, 87.89, , , , , 
1/31/2020 3:05:01 AM, 3281.75, 9190.75, 1643.7, 327.68, 222.6, 163.93, 323.87, 172.78, 245.81, 98.02, 30.6, 63.9, 125, 64.56, 87.89, , , , , 
1/31/2020 3:05:04 AM, 3281.5, 9189.5, 1643.5, 327.68, 222.6, 163.93, 323.87, 172.78, 245.81, 98.02, 30.6, 63.9, 125, 64.56, 87.89, , , , , 
1/31/2020 3:05:07 AM, 3281.5, 9189.75, 1643.5, 327.68, 222.6, 163.93, 323.87, 172.78, 245.81, 98.02, 30.6, 63.9, 125, 64.56, 87.89, , , , , 
1/31/2020 3:05:10 AM, 3281.75, 9191, 1643.7, 327.68, 222.6, 163.93, 323.87, 172.78, 245.81, 98.02, 30.6, 63.9, 125, 64.56, 87.89, , , , , 
1/31/2020 3:05:13 AM, 3282, 9192.25, 1643.9, 327.68, 222.6, 163.93, 323.87, 172.78, 245.81, 98.02, 30.6, 63.9, 125, 64.56, 87.89, , , , , 
1/31/2020 3:05:16 AM, 3282, 9191.75, 1643.9, 327.68, 222.6, 163.93, 323.87, 172.78, 245.81, 98.02, 30.6, 63.9, 125, 64.56, 87.89, , , , , 
1/31/2020 3:05:19 AM, 3282.25, 9192.5, 1644, 327.68, 222.6, 163.93, 323.87, 172.78, 245.81, 98.02, 30.6, 63.9, 125, 64.56, 87.89, , , , , 
1/31/2020 3:05:22 AM, 3282.25, 9192.5, 1644, 327.68, 222.6, 163.93, 323.87, 172.78, 245.81, 98.02, 30.6, 63.9, 125, 64.56, 87.89, , , , , 
1/31/2020 3:05:25 AM, 3282.5, 9193.25, 1644.2, 327.68, 222.6, 163.93, 323.87, 172.78, 245.81, 98.02, 30.6, 63.9, 125, 64.56, 87.89, , , , , 
1/31/2020 3:05:28 AM, 3282.25, 9193, 1644.1, 327.68, 222.6, 163.93, 323.87, 172.78, 245.81, 98.02, 30.6, 63.9, 125, 64.56, 87.89, , , , , 
1/31/2020 3:05:31 AM, 3282.5, 9192.5, 1644.2, 327.68, 222.6, 163.93, 323.87, 172.78, 245.81, 98.02, 30.6, 63.9, 125, 64.56, 87.89, , , , , 
1/31/2020 3:05:34 AM, 3282.5, 9192.5, 1644.2, 327.68, 222.6, 163.93, 323.87, 172.78, 245.81, 98.02, 30.6, 63.9, 125, 64.56, 87.89, , , , , 
1/31/2020 3:05:37 AM, 3282.5, 9193.75, 1644.1, 327.68, 222.6, 163.93, 323.87, 172.78, 245.81, 98.02, 30.6, 63.9, 125, 64.56, 87.89, , , , , 
1/31/2020 3:05:40 AM, 3282.5, 9193, 1644.1, 327.68, 222.6, 163.93, 323.87, 172.78, 245.81, 98.02, 30.6, 63.9, 125, 64.56, 87.89, , , , , 
1/31/2020 3:05:43 AM, 3282.25, 9192.5, 1643.9, 327.68, 222.6, 163.93, 323.87, 172.78, 245.81, 98.02, 30.6, 63.9, 125, 64.56, 87.89, , , , , 
1/31/2020 3:05:46 AM, 3282.25, 9192, 1643.9, 327.68, 222.6, 163.93, 323.87, 172.78, 245.81, 98.02, 30.6, 63.9, 125, 64.56, 87.89, , , , , 
1/31/2020 3:05:49 AM, 3282, 9191.75, 1643.9, 327.68, 222.6, 163.93, 323.87, 172.78, 245.81, 98.02, 30.6, 63.9, 125, 64.56, 87.89, , , , , 
1/31/2020 3:05:52 AM, 3282.25, 9192.5, 1644, 327.68, 222.6, 163.93, 323.87, 172.78, 245.81, 98.02, 30.6, 63.9, 125, 64.56, 87.89, , , , , 
1/31/2020 3:05:55 AM, 3282.25, 9192.25, 1644, 327.68, 222.6, 163.93, 323.87, 172.78, 245.81, 98.02, 30.6, 63.9, 125, 64.56, 87.89, , , , , 
1/31/2020 3:05:58 AM, 3282.25, 9192.25, 1644, 327.68, 222.6, 163.93, 323.87, 172.78, 245.81, 98.02, 30.6, 63.9, 125, 64.56, 87.89, , , , , 
1/31/2020 3:06:01 AM, 3282, 9192, 1644, 327.68, 222.6, 163.93, 323.87, 172.78, 245.81, 98.02, 30.6, 63.9, 125, 64.56, 87.89, , , , , 
1/31/2020 3:06:04 AM, 3282.25, 9192, 1644, 327.68, 222.6, 163.93, 323.87, 172.78, 245.81, 98.02, 30.6, 63.9, 125, 64.56, 87.89, , , , , 
1/31/2020 3:06:07 AM, 3282, 9191.75, 1643.9, 327.68, 222.6, 163.93, 323.87, 172.78, 245.81, 98.02, 30.6, 63.9, 125, 64.56, 87.89, , , , , 
1/31/2020 3:06:10 AM, 3282, 9192, 1644, 327.68, 222.6, 163.93, 323.87, 172.78, 245.81, 98.02, 30.6, 63.9, 125, 64.56, 87.89, , , , , 
1/31/2020 3:06:13 AM, 3282, 9191.25, 1644, 327.68, 222.6, 163.93, 323.87, 172.78, 245.81, 98.02, 30.6, 63.9, 125, 64.56, 87.89, , , , , 
1/31/2020 3:06:16 AM, 3282, 9192, 1644, 327.68, 222.6, 163.93, 323.87, 172.78, 245.81, 98.02, 30.6, 63.9, 125, 64.56, 87.89, , , , , 
1/31/2020 3:06:19 AM, 3282, 9192, 1644, 327.68, 222.6, 163.93, 323.87, 172.78, 245.81, 98.02, 30.6, 63.9, 125, 64.56, 87.89, , , , , 
1/31/2020 3:06:22 AM, 3281.75, 9190.75, 1643.8, 327.68, 222.6, 163.93, 323.87, 172.78, 245.81, 98.02, 30.6, 63.9, 125, 64.56, 87.89, , , , , 
1/31/2020 3:06:25 AM, 3281.75, 9190.5, 1643.8, 327.68, 222.6, 163.93, 323.87, 172.78, 245.81, 98.02, 30.6, 63.9, 125, 64.56, 87.89, , , , , 
1/31/2020 3:06:28 AM, 3281.5, 9190, 1643.6, 327.68, 222.6, 163.93, 323.87, 172.78, 245.81, 98.02, 30.6, 63.9, 125, 64.56, 87.89, , , , , 
1/31/2020 3:06:31 AM, 3281.75, 9190.5, 1643.6, 327.68, 222.6, 163.93, 323.87, 172.78, 245.81, 98.02, 30.6, 63.9, 125, 64.56, 87.89, , , , , 
1/31/2020 3:06:34 AM, 3281.75, 9190.75, 1643.7, 327.68, 222.6, 163.93, 323.87, 172.78, 245.81, 98.02, 30.6, 63.9, 125, 64.56, 87.89, , , , , 
1/31/2020 3:06:37 AM, 3281.75, 9190.25, 1643.7, 327.68, 222.6, 163.93, 323.87, 172.78, 245.81, 98.02, 30.6, 63.9, 125, 64.56, 87.89, , , , , 
1/31/2020 3:06:40 AM, 3281.5, 9190.25, 1643.7, 327.68, 222.6, 163.93, 323.87, 172.78, 245.81, 98.02, 30.6, 63.9, 125, 64.56, 87.89, , , , , 
1/31/2020 3:06:43 AM, 3281.5, 9190, 1643.7, 327.68, 222.6, 163.93, 323.87, 172.78, 245.81, 98.02, 30.6, 63.9, 125, 64.56, 87.89, , , , , 
1/31/2020 3:06:46 AM, 3281.5, 9189.75, 1643.6, 327.68, 222.6, 163.93, 323.87, 172.78, 245.81, 98.02, 30.6, 63.9, 125, 64.56, 87.89, , , , , 
1/31/2020 3:06:49 AM, 3281.5, 9190.25, 1643.6, 327.68, 222.6, 163.93, 323.87, 172.78, 245.81, 98.02, 30.6, 63.9, 125, 64.56, 87.89, , , , , 
1/31/2020 3:06:52 AM, 3281.75, 9190, 1643.6, 327.68, 222.6, 163.93, 323.87, 172.78, 245.81, 98.02, 30.6, 63.9, 125, 64.56, 87.89, , , , , 
1/31/2020 3:06:55 AM, 3281.75, 9189.5, 1643.6, 327.68, 222.6, 163.93, 323.87, 172.78, 245.81, 98.02, 30.6, 63.9, 125, 64.56, 87.89, , , , , 
1/31/2020 3:06:58 AM, 3281.75, 9190, 1643.7, 327.68, 222.6, 163.93, 323.87, 172.78, 245.81, 98.02, 30.6, 63.9, 125, 64.56, 87.89, , , , , 
1/31/2020 3:07:01 AM, 3281.5, 9189.25, 1643.6, 327.68, 222.6, 163.93, 323.87, 172.78, 245.81, 98.02, 30.6, 63.9, 125, 64.56, 87.89, , , , , 
1/31/2020 3:07:04 AM, 3281.5, 9189, 1643.5, 327.68, 222.6, 163.93, 323.87, 172.78, 245.81, 98.02, 30.6, 63.9, 125, 64.56, 87.89, , , , , 
1/31/2020 3:07:08 AM, 3281.25, 9188.5, 1643.4, 327.68, 222.6, 163.93, 323.87, 172.78, 245.81, 98.02, 30.6, 63.9, 125, 64.56, 87.89, , , , , 
1/31/2020 3:07:11 AM, 3281, 9188, 1643.4, 327.68, 222.6, 163.93, 323.87, 172.78, 245.81, 98.02, 30.6, 63.9, 125, 64.56, 87.89, , , , , 
1/31/2020 3:07:14 AM, 3281.25, 9188.25, 1643.4, 327.68, 222.6, 163.93, 323.87, 172.78, 245.81, 98.02, 30.6, 63.9, 125, 64.56, 87.89, , , , , 
1/31/2020 3:07:17 AM, 3281, 9188, 1643.4, 327.68, 222.6, 163.93, 323.87, 172.78, 245.81, 98.02, 30.6, 63.9, 125, 64.56, 87.89, , , , , 
1/31/2020 3:07:20 AM, 3281, 9187.25, 1643.2, 327.68, 222.6, 163.93, 323.87, 172.78, 245.81, 98.02, 30.6, 63.9, 125, 64.56, 87.89, , , , , 
1/31/2020 3:07:23 AM, 3281, 9187.75, 1643.3, 327.68, 222.6, 163.93, 323.87, 172.78, 245.81, 98.02, 30.6, 63.9, 125, 64.56, 87.89, , , , , 
1/31/2020 3:07:26 AM, 3281, 9187.25, 1643.2, 327.68, 222.6, 163.93, 323.87, 172.78, 245.81, 98.02, 30.6, 63.9, 125, 64.56, 87.89, , , , , 
1/31/2020 3:07:29 AM, 3280.75, 9186.75, 1643.2, 327.68, 222.6, 163.93, 323.87, 172.78, 245.81, 98.02, 30.6, 63.9, 125, 64.56, 87.89, , , , , 
1/31/2020 3:07:32 AM, 3281, 9187.5, 1643.3, 327.68, 222.6, 163.93, 323.87, 172.78, 245.81, 98.02, 30.6, 63.9, 125, 64.56, 87.89, , , , , 
1/31/2020 3:07:35 AM, 3281.25, 9189, 1643.5, 327.68, 222.6, 163.93, 323.87, 172.78, 245.81, 98.02, 30.6, 63.9, 125, 64.56, 87.89, , , , , 
1/31/2020 3:07:38 AM, 3281.5, 9189.25, 1643.5, 327.68, 222.6, 163.93, 323.87, 172.78, 245.81, 98.02, 30.6, 63.9, 125, 64.56, 87.89, , , , , 
1/31/2020 3:07:41 AM, 3281.75, 9190.25, 1643.6, 327.68, 222.6, 163.93, 323.87, 172.78, 245.81, 98.02, 30.6, 63.9, 125, 64.56, 87.89, , , , , 
1/31/2020 3:07:44 AM, 3282, 9190.5, 1643.6, 327.68, 222.6, 163.93, 323.87, 172.78, 245.81, 98.02, 30.6, 63.9, 125, 64.56, 87.89, , , , , 
1/31/2020 3:07:47 AM, 3281.5, 9190, 1643.7, 327.68, 222.6, 163.93, 323.87, 172.78, 245.81, 98.02, 30.6, 63.9, 125, 64.56, 87.89, , , , , 
1/31/2020 3:07:50 AM, 3281.5, 9189.5, 1643.5, 327.68, 222.6, 163.93, 323.87, 172.78, 245.81, 98.02, 30.6, 63.9, 125, 64.56, 87.89, , , , , 
1/31/2020 3:07:53 AM, 3281.5, 9189.75, 1643.5, 327.68, 222.6, 163.93, 323.87, 172.78, 245.81, 98.02, 30.6, 63.9, 125, 64.56, 87.89, , , , , 
1/31/2020 3:07:56 AM, 3281.5, 9189.25, 1643.5, 327.68, 222.6, 163.93, 323.87, 172.78, 245.81, 98.02, 30.6, 63.9, 125, 64.56, 87.89, , , , , 
1/31/2020 3:07:59 AM, 3281.5, 9188.75, 1643.5, 327.68, 222.6, 163.93, 323.87, 172.78, 245.81, 98.02, 30.6, 63.9, 125, 64.56, 87.89, , , , , 
1/31/2020 3:08:02 AM, 3281.5, 9188.75, 1643.5, 327.68, 222.6, 163.93, 323.87, 172.78, 245.81, 98.02, 30.6, 63.9, 125, 64.56, 87.89, , , , , 
1/31/2020 3:08:05 AM, 3281.5, 9189.25, 1643.6, 327.68, 222.6, 163.93, 323.87, 172.78, 245.81, 98.02, 30.6, 63.9, 125, 64.56, 87.89, , , , , 
1/31/2020 3:08:08 AM, 3281.5, 9189.25, 1643.8, 327.68, 222.6, 163.93, 323.87, 172.78, 245.81, 98.02, 30.6, 63.9, 125, 64.56, 87.89, , , , , 
1/31/2020 3:08:11 AM, 3281.5, 9188.75, 1643.8, 327.68, 222.6, 163.93, 323.87, 172.78, 245.81, 98.02, 30.6, 63.9, 125, 64.56, 87.89, , , , , 
1/31/2020 3:08:14 AM, 3281.5, 9189.25, 1643.8, 327.68, 222.6, 163.93, 323.87, 172.78, 245.81, 98.02, 30.6, 63.9, 125, 64.56, 87.89, , , , , 
1/31/2020 3:08:17 AM, 3281.5, 9189.25, 1643.8, 327.68, 222.6, 163.93, 323.87, 172.78, 245.81, 98.02, 30.6, 63.9, 125, 64.56, 87.89, , , , , 
1/31/2020 3:08:20 AM, 3281.5, 9189.5, 1643.7, 327.68, 222.6, 163.93, 323.87, 172.78, 245.81, 98.02, 30.6, 63.9, 125, 64.56, 87.89, , , , , 
1/31/2020 3:08:23 AM, 3281.5, 9189.5, 1643.7, 327.68, 222.6, 163.93, 323.87, 172.78, 245.81, 98.02, 30.6, 63.9, 125, 64.56, 87.89, , , , , 
1/31/2020 3:08:26 AM, 3281.5, 9188.75, 1643.7, 327.68, 222.6, 163.93, 323.87, 172.78, 245.81, 98.02, 30.6, 63.9, 125, 64.56, 87.89, , , , , 
1/31/2020 3:08:29 AM, 3281.5, 9188.75, 1643.7, 327.68, 222.6, 163.93, 323.87, 172.78, 245.81, 98.02, 30.6, 63.9, 125, 64.56, 87.89, , , , , 
1/31/2020 3:08:32 AM, 3281.5, 9189.5, 1643.7, 327.68, 222.6, 163.93, 323.87, 172.78, 245.81, 98.02, 30.6, 63.9, 125, 64.56, 87.89, , , , , 
1/31/2020 3:08:35 AM, 3281.5, 9189.5, 1643.7, 327.68, 222.6, 163.93, 323.87, 172.78, 245.81, 98.02, 30.6, 63.9, 125, 64.56, 87.89, , , , , 
1/31/2020 3:08:38 AM, 3281.25, 9188.75, 1643.7, 327.68, 222.6, 163.93, 323.87, 172.78, 245.81, 98.02, 30.6, 63.9, 125, 64.56, 87.89, , , , , 
1/31/2020 3:08:41 AM, 3281.25, 9188.75, 1643.7, 327.68, 222.6, 163.93, 323.87, 172.78, 245.81, 98.02, 30.6, 63.9, 125, 64.56, 87.89, , , , , 
1/31/2020 3:08:44 AM, 3281.25, 9188.25, 1643.5, 327.68, 222.6, 163.93, 323.87, 172.78, 245.81, 98.02, 30.6, 63.9, 125, 64.56, 87.89, , , , , 
1/31/2020 3:08:47 AM, 3281.25, 9188.25, 1643.5, 327.68, 222.6, 163.93, 323.87, 172.78, 245.81, 98.02, 30.6, 63.9, 125, 64.56, 87.89, , , , , 
1/31/2020 3:08:50 AM, 3281, 9188, 1643.5, 327.68, 222.6, 163.93, 323.87, 172.78, 245.81, 98.02, 30.6, 63.9, 125, 64.56, 87.89, , , , , 
1/31/2020 3:08:53 AM, 3281, 9188, 1643.5, 327.68, 222.6, 163.93, 323.87, 172.78, 245.81, 98.02, 30.6, 63.9, 125, 64.56, 87.89, , , , , 
1/31/2020 3:08:56 AM, 3281.25, 9188, 1643.4, 327.68, 222.6, 163.93, 323.87, 172.78, 245.81, 98.02, 30.6, 63.9, 125, 64.56, 87.89, , , , , 
1/31/2020 3:08:59 AM, 3281.25, 9188, 1643.4, 327.68, 222.6, 163.93, 323.87, 172.78, 245.81, 98.02, 30.6, 63.9, 125, 64.56, 87.89, , , , , 
1/31/2020 3:09:02 AM, 3281, 9187.5, 1643.4, 327.68, 222.6, 163.93, 323.87, 172.78, 245.81, 98.02, 30.6, 63.9, 125, 64.56, 87.89, , , , , 
1/31/2020 3:09:05 AM, 3281, 9187.5, 1643.4, 327.68, 222.6, 163.93, 323.87, 172.78, 245.81, 98.02, 30.6, 63.9, 125, 64.56, 87.89, , , , , 
1/31/2020 3:09:08 AM, 3281, 9187.25, 1643.4, 327.68, 222.6, 163.93, 323.87, 172.78, 245.81, 98.02, 30.6, 63.9, 125, 64.56, 87.89, , , , , 
1/31/2020 3:09:11 AM, 3281, 9187.25, 1643.4, 327.68, 222.6, 163.93, 323.87, 172.78, 245.81, 98.02, 30.6, 63.9, 125, 64.56, 87.89, , , , , 
1/31/2020 3:09:14 AM, 3280.75, 9186.75, 1643.2, 327.68, 222.6, 163.93, 323.87, 172.78, 245.81, 98.02, 30.6, 63.9, 125, 64.56, 87.89, , , , , 
1/31/2020 3:09:17 AM, 3280.75, 9186.75, 1643.2, 327.68, 222.6, 163.93, 323.87, 172.78, 245.81, 98.02, 30.6, 63.9, 125, 64.56, 87.89, , , , , 
1/31/2020 3:09:20 AM, 3281, 9187.25, 1643.2, 327.68, 222.6, 163.93, 323.87, 172.78, 245.81, 98.02, 30.6, 63.9, 125, 64.56, 87.89, , , , , 
1/31/2020 3:09:24 AM, 3281, 9187.25, 1643.2, 327.68, 222.6, 163.93, 323.87, 172.78, 245.81, 98.02, 30.6, 63.9, 125, 64.56, 87.89, , , , , 
1/31/2020 3:09:27 AM, 3281.25, 9188.5, 1643.6, 327.68, 222.6, 163.93, 323.87, 172.78, 245.81, 98.02, 30.6, 63.9, 125, 64.56, 87.89, , , , , 
1/31/2020 3:09:30 AM, 3281.25, 9188.5, 1643.6, 327.68, 222.6, 163.93, 323.87, 172.78, 245.81, 98.02, 30.6, 63.9, 125, 64.56, 87.89, , , , , 
1/31/2020 3:09:33 AM, 3281.5, 9188.5, 1643.6, 327.68, 222.6, 163.93, 323.87, 172.78, 245.81, 98.02, 30.6, 63.9, 125, 64.56, 87.89, , , , , 
1/31/2020 3:09:36 AM, 3281.5, 9188.5, 1643.6, 327.68, 222.6, 163.93, 323.87, 172.78, 245.81, 98.02, 30.6, 63.9, 125, 64.56, 87.89, , , , , 
1/31/2020 3:09:39 AM, 3281.25, 9188.75, 1643.6, 327.68, 222.6, 163.93, 323.87, 172.78, 245.81, 98.02, 30.6, 63.9, 125, 64.56, 87.89, , , , , 
1/31/2020 3:09:42 AM, 3281.25, 9188.75, 1643.6, 327.68, 222.6, 163.93, 323.87, 172.78, 245.81, 98.02, 30.6, 63.9, 125, 64.56, 87.89, , , , , 
1/31/2020 3:09:45 AM, 3281.25, 9187.5, 1643.5, 327.68, 222.6, 163.93, 323.87, 172.78, 245.81, 98.02, 30.6, 63.9, 125, 64.56, 87.89, , , , , 
1/31/2020 3:09:48 AM, 3281.25, 9187.5, 1643.5, 327.68, 222.6, 163.93, 323.87, 172.78, 245.81, 98.02, 30.6, 63.9, 125, 64.56, 87.89, , , , , 
1/31/2020 3:09:51 AM, 3281.75, 9189, 1643.7, 327.68, 222.6, 163.93, 323.87, 172.78, 245.81, 98.02, 30.6, 63.9, 125, 64.56, 87.89, , , , , 
1/31/2020 3:09:54 AM, 3281.75, 9189, 1643.7, 327.68, 222.6, 163.93, 323.87, 172.78, 245.81, 98.02, 30.6, 63.9, 125, 64.56, 87.89, , , , , 
1/31/2020 3:09:57 AM, 3281.75, 9190.5, 1643.7, 327.68, 222.6, 163.93, 323.87, 172.78, 245.81, 98.02, 30.6, 63.9, 125, 64.56, 87.89, , , , , 
1/31/2020 3:10:00 AM, 3281.75, 9190.5, 1643.7, 327.68, 222.6, 163.93, 323.87, 172.78, 245.81, 98.02, 30.6, 63.9, 125, 64.56, 87.89, , , , , 
1/31/2020 3:10:03 AM, 3282, 9190.5, 1643.9, 327.68, 222.6, 163.93, 323.87, 172.78, 245.81, 98.02, 30.6, 63.9, 125, 64.56, 87.89, , , , , 
1/31/2020 3:10:06 AM, 3282, 9190.5, 1643.9, 327.68, 222.6, 163.93, 323.87, 172.78, 245.81, 98.02, 30.6, 63.9, 125, 64.56, 87.89, , , , , 
1/31/2020 3:10:09 AM, 3282.25, 9191.75, 1644.1, 327.68, 222.6, 163.93, 323.87, 172.78, 245.81, 98.02, 30.6, 63.9, 125, 64.56, 87.89, , , , , 
1/31/2020 3:10:12 AM, 3282.25, 9191.75, 1644.1, 327.68, 222.6, 163.93, 323.87, 172.78, 245.81, 98.02, 30.6, 63.9, 125, 64.56, 87.89, , , , , 
1/31/2020 3:10:15 AM, 3281.75, 9190.75, 1644, 327.68, 222.6, 163.93, 323.87, 172.78, 245.81, 98.02, 30.6, 63.9, 125, 64.56, 87.89, , , , , 
1/31/2020 3:10:18 AM, 3281.75, 9190.75, 1644, 327.68, 222.6, 163.93, 323.87, 172.78, 245.81, 98.02, 30.6, 63.9, 125, 64.56, 87.89, , , , , 
1/31/2020 3:10:21 AM, 3282, 9190.5, 1644, 327.68, 222.6, 163.93, 323.87, 172.78, 245.81, 98.02, 30.6, 63.9, 125, 64.56, 87.89, , , , , 
1/31/2020 3:10:24 AM, 3282, 9190.5, 1644, 327.68, 222.6, 163.93, 323.87, 172.78, 245.81, 98.02, 30.6, 63.9, 125, 64.56, 87.89, , , , , 
1/31/2020 3:10:27 AM, 3281.75, 9189.75, 1644, 327.68, 222.6, 163.93, 323.87, 172.78, 245.81, 98.02, 30.6, 63.9, 125, 64.56, 87.89, , , , , 
1/31/2020 3:10:30 AM, 3281.75, 9189.75, 1644, 327.68, 222.6, 163.93, 323.87, 172.78, 245.81, 98.02, 30.6, 63.9, 125, 64.56, 87.89, , , , , 
1/31/2020 3:10:33 AM, 3282, 9190.5, 1644.2, 327.68, 222.6, 163.93, 323.87, 172.78, 245.81, 98.02, 30.6, 63.9, 125, 64.56, 87.89, , , , , 
1/31/2020 3:10:36 AM, 3282, 9190.5, 1644.2, 327.68, 222.6, 163.93, 323.87, 172.78, 245.81, 98.02, 30.6, 63.9, 125, 64.56, 87.89, , , , , 
1/31/2020 3:10:39 AM, 3282, 9189.75, 1644, 327.68, 222.6, 163.93, 323.87, 172.78, 245.81, 98.02, 30.6, 63.9, 125, 64.56, 87.89, , , , , 
1/31/2020 3:10:42 AM, 3282, 9189.75, 1644, 327.68, 222.6, 163.93, 323.87, 172.78, 245.81, 98.02, 30.6, 63.9, 125, 64.56, 87.89, , , , , 
1/31/2020 3:10:45 AM, 3282, 9191, 1644.1, 327.68, 222.6, 163.93, 323.87, 172.78, 245.81, 98.02, 30.6, 63.9, 125, 64.56, 87.89, , , , , 
1/31/2020 3:10:48 AM, 3282, 9191.25, 1644.2, 327.68, 222.6, 163.93, 323.87, 172.78, 245.81, 98.02, 30.6, 63.9, 125, 64.56, 87.89, , , , , 
1/31/2020 3:10:51 AM, 3282, 9192, 1644.2, 327.68, 222.6, 163.93, 323.87, 172.78, 245.81, 98.02, 30.6, 63.9, 125, 64.56, 87.89, , , , , 
1/31/2020 3:10:54 AM, 3282.25, 9191.5, 1644.2, 327.68, 222.6, 163.93, 323.87, 172.78, 245.81, 98.02, 30.6, 63.9, 125, 64.56, 87.89, , , , , 
1/31/2020 3:10:57 AM, 3282.25, 9191.5, 1644.2, 327.68, 222.6, 163.93, 323.87, 172.78, 245.81, 98.02, 30.6, 63.9, 125, 64.56, 87.89, , , , , 
1/31/2020 3:11:00 AM, 3282.25, 9191.5, 1644.2, 327.68, 222.6, 163.93, 323.87, 172.78, 245.81, 98.02, 30.6, 63.9, 125, 64.56, 87.89, , , , , 
1/31/2020 3:11:03 AM, 3282.25, 9192, 1644.2, 327.68, 222.6, 163.93, 323.87, 172.78, 245.81, 98.02, 30.6, 63.9, 125, 64.56, 87.89, , , , , 
1/31/2020 3:11:06 AM, 3282, 9191.75, 1644.2, 327.68, 222.6, 163.93, 323.87, 172.78, 245.81, 98.02, 30.6, 63.9, 125, 64.56, 87.89, , , , , 
1/31/2020 3:11:09 AM, 3282, 9191.25, 1644.2, 327.68, 222.6, 163.93, 323.87, 172.78, 245.81, 98.02, 30.6, 63.9, 125, 64.56, 87.89, , , , , 
1/31/2020 3:11:12 AM, 3282, 9190.75, 1644.1, 327.68, 222.6, 163.93, 323.87, 172.78, 245.81, 98.02, 30.6, 63.9, 125, 64.56, 87.89, , , , , 
1/31/2020 3:11:15 AM, 3282, 9190.5, 1644.1, 327.68, 222.6, 163.93, 323.87, 172.78, 245.81, 98.02, 30.6, 63.9, 125, 64.56, 87.89, , , , , 
1/31/2020 3:11:18 AM, 3282, 9190.5, 1644.1, 327.68, 222.6, 163.93, 323.87, 172.78, 245.81, 98.02, 30.6, 63.9, 125, 64.56, 87.89, , , , , 
1/31/2020 3:11:21 AM, 3281.75, 9190, 1643.9, 327.68, 222.6, 163.93, 323.87, 172.78, 245.81, 98.02, 30.6, 63.9, 125, 64.56, 87.89, , , , , 
1/31/2020 3:11:24 AM, 3281.75, 9190.25, 1643.9, 327.68, 222.6, 163.93, 323.87, 172.78, 245.81, 98.02, 30.6, 63.9, 125, 64.56, 87.89, , , , , 
1/31/2020 3:11:27 AM, 3281.75, 9190.25, 1643.9, 327.68, 222.6, 163.93, 323.87, 172.78, 245.81, 98.02, 30.6, 63.9, 125, 64.56, 87.89, , , , , 
1/31/2020 3:11:30 AM, 3281.75, 9190, 1643.9, 327.68, 222.6, 163.93, 323.87, 172.78, 245.81, 98.02, 30.6, 63.9, 125, 64.56, 87.89, , , , , 
1/31/2020 3:11:34 AM, 3281.75, 9190.25, 1643.9, 327.68, 222.6, 163.93, 323.87, 172.78, 245.81, 98.02, 30.6, 63.9, 125, 64.56, 87.89, , , , , 
1/31/2020 3:11:37 AM, 3281.75, 9190.5, 1643.9, 327.68, 222.6, 163.93, 323.87, 172.78, 245.81, 98.02, 30.6, 63.9, 125, 64.56, 87.89, , , , , 
1/31/2020 3:11:40 AM, 3281.75, 9190.5, 1643.9, 327.68, 222.6, 163.93, 323.87, 172.78, 245.81, 98.02, 30.6, 63.9, 125, 64.56, 87.89, , , , , 
1/31/2020 3:11:43 AM, 3281.75, 9190.5, 1643.9, 327.68, 222.6, 163.93, 323.87, 172.78, 245.81, 98.02, 30.6, 63.9, 125, 64.56, 87.89, , , , , 
1/31/2020 3:11:46 AM, 3281.75, 9191, 1643.9, 327.68, 222.6, 163.93, 323.87, 172.78, 245.81, 98.02, 30.6, 63.9, 125, 64.56, 87.89, , , , , 
1/31/2020 3:11:49 AM, 3281.75, 9190.25, 1643.9, 327.68, 222.6, 163.93, 323.87, 172.78, 245.81, 98.02, 30.6, 63.9, 125, 64.56, 87.89, , , , , 
1/31/2020 3:11:52 AM, 3281.75, 9190.25, 1643.9, 327.68, 222.6, 163.93, 323.87, 172.78, 245.81, 98.02, 30.6, 63.9, 125, 64.56, 87.89, , , , , 
1/31/2020 3:11:55 AM, 3281.75, 9190.25, 1643.9, 327.68, 222.6, 163.93, 323.87, 172.78, 245.81, 98.02, 30.6, 63.9, 125, 64.56, 87.89, , , , , 
1/31/2020 3:11:58 AM, 3281.75, 9190.25, 1643.9, 327.68, 222.6, 163.93, 323.87, 172.78, 245.81, 98.02, 30.6, 63.9, 125, 64.56, 87.89, , , , , 
1/31/2020 3:12:01 AM, 3281.75, 9190.75, 1643.9, 327.68, 222.6, 163.93, 323.87, 172.78, 245.81, 98.02, 30.6, 63.9, 125, 64.56, 87.89, , , , , 
1/31/2020 3:12:04 AM, 3281.75, 9190.75, 1644.1, 327.68, 222.6, 163.93, 323.87, 172.78, 245.81, 98.02, 30.6, 63.9, 125, 64.56, 87.89, , , , , 
1/31/2020 3:12:07 AM, 3281.75, 9190.75, 1644.1, 327.68, 222.6, 163.93, 323.87, 172.78, 245.81, 98.02, 30.6, 63.9, 125, 64.56, 87.89, , , , , 
1/31/2020 3:12:10 AM, 3281.75, 9190.25, 1644.1, 327.68, 222.6, 163.93, 323.87, 172.78, 245.81, 98.02, 30.6, 63.9, 125, 64.56, 87.89, , , , , 
1/31/2020 3:12:13 AM, 3281.75, 9190, 1644.1, 327.68, 222.6, 163.93, 323.87, 172.78, 245.81, 98.02, 30.6, 63.9, 125, 64.56, 87.89, , , , , 
1/31/2020 3:12:16 AM, 3281.75, 9191.25, 1644.1, 327.68, 222.6, 163.93, 323.87, 172.78, 245.81, 98.02, 30.6, 63.9, 125, 64.56, 87.89, , , , , 
1/31/2020 3:12:19 AM, 3282, 9191, 1644.1, 327.68, 222.6, 163.93, 323.87, 172.78, 245.81, 98.02, 30.6, 63.9, 125, 64.56, 87.89, , , , , 
1/31/2020 3:12:22 AM, 3282, 9191.25, 1644.1, 327.68, 222.6, 163.93, 323.87, 172.78, 245.81, 98.02, 30.6, 63.9, 125, 64.56, 87.89, , , , , 
1/31/2020 3:12:25 AM, 3282, 9191.25, 1644.1, 327.68, 222.6, 163.93, 323.87, 172.78, 245.81, 98.02, 30.6, 63.9, 125, 64.56, 87.89, , , , , 
1/31/2020 3:12:28 AM, 3282.25, 9191.75, 1644.2, 327.68, 222.6, 163.93, 323.87, 172.78, 245.81, 98.02, 30.6, 63.9, 125, 64.56, 87.89, , , , , 
1/31/2020 3:12:31 AM, 3282.25, 9192, 1644.2, 327.68, 222.6, 163.93, 323.87, 172.78, 245.81, 98.02, 30.6, 63.9, 125, 64.56, 87.89, , , , , 
1/31/2020 3:12:34 AM, 3282, 9191.5, 1644.2, 327.68, 222.6, 163.93, 323.87, 172.78, 245.81, 98.02, 30.6, 63.9, 125, 64.56, 87.89, , , , , 
1/31/2020 3:12:37 AM, 3282, 9191.25, 1644.2, 327.68, 222.6, 163.93, 323.87, 172.78, 245.81, 98.02, 30.6, 63.9, 125, 64.56, 87.89, , , , , 
1/31/2020 3:12:40 AM, 3282, 9191.75, 1644.2, 327.68, 222.6, 163.93, 323.87, 172.78, 245.81, 98.02, 30.6, 63.9, 125, 64.56, 87.89, , , , , 
1/31/2020 3:12:43 AM, 3282, 9192, 1644.2, 327.68, 222.6, 163.93, 323.87, 172.78, 245.81, 98.02, 30.6, 63.9, 125, 64.56, 87.89, , , , , 
1/31/2020 3:12:46 AM, 3282, 9191.25, 1644.1, 327.68, 222.6, 163.93, 323.87, 172.78, 245.81, 98.02, 30.6, 63.9, 125, 64.56, 87.89, , , , , 
1/31/2020 3:12:49 AM, 3282, 9191.75, 1644.1, 327.68, 222.6, 163.93, 323.87, 172.78, 245.81, 98.02, 30.6, 63.9, 125, 64.56, 87.89, , , , , 
1/31/2020 3:12:52 AM, 3282, 9191.5, 1644.1, 327.68, 222.6, 163.93, 323.87, 172.78, 245.81, 98.02, 30.6, 63.9, 125, 64.56, 87.89, , , , , 
1/31/2020 3:12:55 AM, 3281.75, 9191.25, 1644.1, 327.68, 222.6, 163.93, 323.87, 172.78, 245.81, 98.02, 30.6, 63.9, 125, 64.56, 87.89, , , , , 
1/31/2020 3:12:58 AM, 3281.75, 9190.75, 1644.1, 327.68, 222.6, 163.93, 323.87, 172.78, 245.81, 98.02, 30.6, 63.9, 125, 64.56, 87.89, , , , , 
1/31/2020 3:13:01 AM, 3281.75, 9190.75, 1644.1, 327.68, 222.6, 163.93, 323.87, 172.78, 245.81, 98.02, 30.6, 63.9, 125, 64.56, 87.89, , , , , 
1/31/2020 3:13:04 AM, 3281.75, 9191.25, 1644.2, 327.68, 222.6, 163.93, 323.87, 172.78, 245.81, 98.02, 30.6, 63.9, 125, 64.56, 87.89, , , , , 
1/31/2020 3:13:07 AM, 3281.75, 9191, 1644.1, 327.68, 222.6, 163.93, 323.87, 172.78, 245.81, 98.02, 30.6, 63.9, 125, 64.56, 87.89, , , , , 
1/31/2020 3:13:10 AM, 3281.75, 9191, 1644.1, 327.68, 222.6, 163.93, 323.87, 172.78, 245.81, 98.02, 30.6, 63.9, 125, 64.56, 87.89, , , , , 
1/31/2020 3:13:13 AM, 3281.75, 9191.25, 1644.1, 327.68, 222.6, 163.93, 323.87, 172.78, 245.81, 98.02, 30.6, 63.9, 125, 64.56, 87.89, , , , , 
1/31/2020 3:13:16 AM, 3281.75, 9190, 1643.9, 327.68, 222.6, 163.93, 323.87, 172.78, 245.81, 98.02, 30.6, 63.9, 125, 64.56, 87.89, , , , , 
1/31/2020 3:13:19 AM, 3281.5, 9189.25, 1643.9, 327.68, 222.6, 163.93, 323.87, 172.78, 245.81, 98.02, 30.6, 63.9, 125, 64.56, 87.89, , , , , 
1/31/2020 3:13:22 AM, 3281.5, 9189.5, 1643.9, 327.68, 222.6, 163.93, 323.87, 172.78, 245.81, 98.02, 30.6, 63.9, 125, 64.56, 87.89, , , , , 
1/31/2020 3:13:25 AM, 3281.25, 9189, 1643.9, 327.68, 222.6, 163.93, 323.87, 172.78, 245.81, 98.02, 30.6, 63.9, 125, 64.56, 87.89, , , , , 
1/31/2020 3:13:28 AM, 3281.25, 9188.75, 1643.9, 327.68, 222.6, 163.93, 323.87, 172.78, 245.81, 98.02, 30.6, 63.9, 125, 64.56, 87.89, , , , , 
1/31/2020 3:13:31 AM, 3281, 9187.75, 1643.5, 327.68, 222.6, 163.93, 323.87, 172.78, 245.81, 98.02, 30.6, 63.9, 125, 64.56, 87.89, , , , , 
1/31/2020 3:13:34 AM, 3281, 9188.25, 1643.5, 327.68, 222.6, 163.93, 323.87, 172.78, 245.81, 98.02, 30.6, 63.9, 125, 64.56, 87.89, , , , , 
1/31/2020 3:13:37 AM, 3281, 9187.75, 1643.5, 327.68, 222.6, 163.93, 323.87, 172.78, 245.81, 98.02, 30.6, 63.9, 125, 64.56, 87.89, , , , , 
1/31/2020 3:13:40 AM, 3280.75, 9188.25, 1643.5, 327.68, 222.6, 163.93, 323.87, 172.78, 245.81, 98.02, 30.6, 63.9, 125, 64.56, 87.89, , , , , 
1/31/2020 3:13:43 AM, 3281, 9188.75, 1643.5, 327.68, 222.6, 163.93, 323.87, 172.78, 245.81, 98.02, 30.6, 63.9, 125, 64.56, 87.89, , , , , 
1/31/2020 3:13:46 AM, 3281.75, 9190.5, 1643.5, 327.68, 222.6, 163.93, 323.87, 172.78, 245.81, 98.02, 30.6, 63.9, 125, 64.56, 87.89, , , , , 
1/31/2020 3:13:49 AM, 3281.5, 9190.25, 1643.7, 327.68, 222.6, 163.93, 323.87, 172.78, 245.81, 98.02, 30.6, 63.9, 125, 64.56, 87.89, , , , , 
1/31/2020 3:13:52 AM, 3281.5, 9190.25, 1643.7, 327.68, 222.6, 163.93, 323.87, 172.78, 245.81, 98.02, 30.6, 63.9, 125, 64.56, 87.89, , , , , 
1/31/2020 3:13:55 AM, 3281.5, 9191, 1643.7, 327.68, 222.6, 163.93, 323.87, 172.78, 245.81, 98.02, 30.6, 63.9, 125, 64.56, 87.89, , , , , 
1/31/2020 3:13:59 AM, 3281.75, 9191, 1643.8, 327.68, 222.6, 163.93, 323.87, 172.78, 245.81, 98.02, 30.6, 63.9, 125, 64.56, 87.89, , , , , 
1/31/2020 3:14:02 AM, 3281.75, 9191.5, 1643.8, 327.68, 222.6, 163.93, 323.87, 172.78, 245.81, 98.02, 30.6, 63.9, 125, 64.56, 87.89, , , , , 
1/31/2020 3:14:05 AM, 3281.5, 9191, 1643.8, 327.68, 222.6, 163.93, 323.87, 172.78, 245.81, 98.02, 30.6, 63.9, 125, 64.56, 87.89, , , , , 
1/31/2020 3:14:08 AM, 3281.5, 9190.75, 1643.8, 327.68, 222.6, 163.93, 323.87, 172.78, 245.81, 98.02, 30.6, 63.9, 125, 64.56, 87.89, , , , , 
1/31/2020 3:14:11 AM, 3281.5, 9191.25, 1643.6, 327.68, 222.6, 163.93, 323.87, 172.78, 245.81, 98.02, 30.6, 63.9, 125, 64.56, 87.89, , , , , 
1/31/2020 3:14:14 AM, 3281.5, 9191, 1643.8, 327.68, 222.6, 163.93, 323.87, 172.78, 245.81, 98.02, 30.6, 63.9, 125, 64.56, 87.89, , , , , 
1/31/2020 3:14:17 AM, 3281.75, 9192, 1643.8, 327.68, 222.6, 163.93, 323.87, 172.78, 245.81, 98.02, 30.6, 63.9, 125, 64.56, 87.89, , , , , 
1/31/2020 3:14:20 AM, 3282, 9193, 1643.9, 327.68, 222.6, 163.93, 323.87, 172.78, 245.81, 98.02, 30.6, 63.9, 125, 64.56, 87.89, , , , , 
1/31/2020 3:14:23 AM, 3282, 9193.75, 1644, 327.68, 222.6, 163.93, 323.87, 172.78, 245.81, 98.02, 30.6, 63.9, 125, 64.56, 87.89, , , , , 
1/31/2020 3:14:26 AM, 3282, 9193.25, 1644.2, 327.68, 222.6, 163.93, 323.87, 172.78, 245.81, 98.02, 30.6, 63.9, 125, 64.56, 87.89, , , , , 
1/31/2020 3:14:29 AM, 3282.25, 9193.5, 1644.1, 327.68, 222.6, 163.93, 323.87, 172.78, 245.81, 98.02, 30.6, 63.9, 125, 64.56, 87.89, , , , , 
1/31/2020 3:14:32 AM, 3282.25, 9193, 1644, 327.68, 222.6, 163.93, 323.87, 172.78, 245.81, 98.02, 30.6, 63.9, 125, 64.56, 87.89, , , , , 
1/31/2020 3:14:35 AM, 3282.25, 9193, 1644, 327.68, 222.6, 163.93, 323.87, 172.78, 245.81, 98.02, 30.6, 63.9, 125, 64.56, 87.89, , , , , 
1/31/2020 3:14:38 AM, 3281.75, 9192.75, 1644, 327.68, 222.6, 163.93, 323.87, 172.78, 245.81, 98.02, 30.6, 63.9, 125, 64.56, 87.89, , , , , 
1/31/2020 3:14:41 AM, 3281.75, 9192.75, 1644, 327.68, 222.6, 163.93, 323.87, 172.78, 245.81, 98.02, 30.6, 63.9, 125, 64.56, 87.89, , , , , 
1/31/2020 3:14:44 AM, 3282, 9193, 1644, 327.68, 222.6, 163.93, 323.87, 172.78, 245.81, 98.02, 30.6, 63.9, 125, 64.56, 87.89, , , , , 
1/31/2020 3:14:47 AM, 3282, 9193, 1644, 327.68, 222.6, 163.93, 323.87, 172.78, 245.81, 98.02, 30.6, 63.9, 125, 64.56, 87.89, , , , , 
1/31/2020 3:14:50 AM, 3282, 9193.25, 1644.1, 327.68, 222.6, 163.93, 323.87, 172.78, 245.81, 98.02, 30.6, 63.9, 125, 64.56, 87.89, , , , , 
1/31/2020 3:14:53 AM, 3282, 9193.25, 1644.1, 327.68, 222.6, 163.93, 323.87, 172.78, 245.81, 98.02, 30.6, 63.9, 125, 64.56, 87.89, , , , , 
1/31/2020 3:14:56 AM, 3282.25, 9193.5, 1644.2, 327.68, 222.6, 163.93, 323.87, 172.78, 245.81, 98.02, 30.6, 63.9, 125, 64.56, 87.89, , , , , 
1/31/2020 3:14:59 AM, 3282.25, 9193.5, 1644.2, 327.68, 222.6, 163.93, 323.87, 172.78, 245.81, 98.02, 30.6, 63.9, 125, 64.56, 87.89, , , , , 
1/31/2020 3:15:02 AM, 3282, 9192.25, 1644.2, 327.68, 222.6, 163.93, 323.87, 172.78, 245.81, 98.02, 30.6, 63.9, 125, 64.56, 87.89, , , , , 
1/31/2020 3:15:05 AM, 3282, 9192.25, 1644.2, 327.68, 222.6, 163.93, 323.87, 172.78, 245.81, 98.02, 30.6, 63.9, 125, 64.56, 87.89, , , , , 
1/31/2020 3:15:08 AM, 3281.75, 9191.75, 1643.9, 327.68, 222.6, 163.93, 323.87, 172.78, 245.81, 98.02, 30.6, 63.9, 125, 64.56, 87.89, , , , , 
1/31/2020 3:15:11 AM, 3281.75, 9191.75, 1643.9, 327.68, 222.6, 163.93, 323.87, 172.78, 245.81, 98.02, 30.6, 63.9, 125, 64.56, 87.89, , , , , 
1/31/2020 3:15:14 AM, 3281.5, 9191.75, 1643.9, 327.68, 222.6, 163.93, 323.87, 172.78, 245.81, 98.02, 30.6, 63.9, 125, 64.56, 87.89, , , , , 
1/31/2020 3:15:17 AM, 3281.5, 9192, 1644, 327.68, 222.6, 163.93, 323.87, 172.78, 245.81, 98.02, 30.6, 63.9, 125, 64.56, 87.89, , , , , 
1/31/2020 3:15:20 AM, 3281.5, 9192, 1644, 327.68, 222.6, 163.93, 323.87, 172.78, 245.81, 98.02, 30.6, 63.9, 125, 64.56, 87.89, , , , , 
1/31/2020 3:15:23 AM, 3281.5, 9191.5, 1644.1, 327.68, 222.6, 163.93, 323.87, 172.78, 245.81, 98.02, 30.6, 63.9, 125, 64.56, 87.89, , , , , 
1/31/2020 3:15:26 AM, 3281.5, 9191.5, 1644.1, 327.68, 222.6, 163.93, 323.87, 172.78, 245.81, 98.02, 30.6, 63.9, 125, 64.56, 87.89, , , , , 
1/31/2020 3:15:29 AM, 3281.5, 9192.25, 1644, 327.68, 222.6, 163.93, 323.87, 172.78, 245.81, 98.02, 30.6, 63.9, 125, 64.56, 87.89, , , , , 
1/31/2020 3:15:32 AM, 3281.5, 9192.25, 1644, 327.68, 222.6, 163.93, 323.87, 172.78, 245.81, 98.02, 30.6, 63.9, 125, 64.56, 87.89, , , , , 
1/31/2020 3:15:35 AM, 3281.5, 9192.25, 1644, 327.68, 222.6, 163.93, 323.87, 172.78, 245.81, 98.02, 30.6, 63.9, 125, 64.56, 87.89, , , , , 
1/31/2020 3:15:38 AM, 3281.5, 9192.25, 1644, 327.68, 222.6, 163.93, 323.87, 172.78, 245.81, 98.02, 30.6, 63.9, 125, 64.56, 87.89, , , , , 
1/31/2020 3:15:41 AM, 3281.5, 9191.5, 1644, 327.68, 222.6, 163.93, 323.87, 172.78, 245.81, 98.02, 30.6, 63.9, 125, 64.56, 87.89, , , , , 
1/31/2020 3:15:44 AM, 3281.5, 9191.5, 1644, 327.68, 222.6, 163.93, 323.87, 172.78, 245.81, 98.02, 30.6, 63.9, 125, 64.56, 87.89, , , , , 
1/31/2020 3:15:47 AM, 3281.75, 9191.75, 1644.1, 327.68, 222.6, 163.93, 323.87, 172.78, 245.81, 98.02, 30.6, 63.9, 125, 64.56, 87.89, , , , , 
1/31/2020 3:15:50 AM, 3281.75, 9191.75, 1644.1, 327.68, 222.6, 163.93, 323.87, 172.78, 245.81, 98.02, 30.6, 63.9, 125, 64.56, 87.89, , , , , 
1/31/2020 3:15:53 AM, 3282, 9193, 1644.2, 327.68, 222.6, 163.93, 323.87, 172.78, 245.81, 98.02, 30.6, 63.9, 125, 64.56, 87.89, , , , , 
1/31/2020 3:15:56 AM, 3282, 9193, 1644.2, 327.68, 222.6, 163.93, 323.87, 172.78, 245.81, 98.02, 30.6, 63.9, 125, 64.56, 87.89, , , , , 
1/31/2020 3:15:59 AM, 3282.25, 9193.5, 1644.5, 327.68, 222.6, 163.93, 323.87, 172.78, 245.81, 98.02, 30.6, 63.9, 125, 64.56, 87.89, , , , , 
1/31/2020 3:16:02 AM, 3282.25, 9193.5, 1644.5, 327.68, 222.6, 163.93, 323.87, 172.78, 245.81, 98.02, 30.6, 63.9, 125, 64.56, 87.89, , , , , 
1/31/2020 3:16:05 AM, 3282.75, 9194.5, 1644.7, 327.68, 222.6, 163.93, 323.87, 172.78, 245.81, 98.02, 30.6, 63.9, 125, 64.56, 87.89, , , , , 
1/31/2020 3:16:08 AM, 3282.75, 9194.5, 1644.7, 327.68, 222.6, 163.93, 323.87, 172.78, 245.81, 98.02, 30.6, 63.9, 125, 64.56, 87.89, , , , , 
1/31/2020 3:16:11 AM, 3282.75, 9194.5, 1644.9, 327.68, 222.6, 163.93, 323.87, 172.78, 245.81, 98.02, 30.6, 63.9, 125, 64.56, 87.89, , , , , 
1/31/2020 3:16:14 AM, 3282.75, 9194.5, 1644.9, 327.68, 222.6, 163.93, 323.87, 172.78, 245.81, 98.02, 30.6, 63.9, 125, 64.56, 87.89, , , , , 
1/31/2020 3:16:17 AM, 3282.75, 9194.25, 1644.9, 327.68, 222.6, 163.93, 323.87, 172.78, 245.81, 98.02, 30.6, 63.9, 125, 64.56, 87.89, , , , , 
1/31/2020 3:16:20 AM, 3282.75, 9194.25, 1644.9, 327.68, 222.6, 163.93, 323.87, 172.78, 245.81, 98.02, 30.6, 63.9, 125, 64.56, 87.89, , , , , 
1/31/2020 3:16:23 AM, 3283, 9195, 1645, 327.68, 222.6, 163.93, 323.87, 172.78, 245.81, 98.02, 30.6, 63.9, 125, 64.56, 87.89, , , , , 
1/31/2020 3:16:26 AM, 3283, 9195, 1645, 327.68, 222.6, 163.93, 323.87, 172.78, 245.81, 98.02, 30.6, 63.9, 125, 64.56, 87.89, , , , , 
1/31/2020 3:16:30 AM, 3282.75, 9194.75, 1645, 327.68, 222.6, 163.93, 323.87, 172.78, 245.81, 98.02, 30.6, 63.9, 125, 64.56, 87.89, , , , , 
1/31/2020 3:16:33 AM, 3282.75, 9194.75, 1645, 327.68, 222.6, 163.93, 323.87, 172.78, 245.81, 98.02, 30.6, 63.9, 125, 64.56, 87.89, , , , , 
1/31/2020 3:16:36 AM, 3283, 9195, 1645.2, 327.68, 222.6, 163.93, 323.87, 172.78, 245.81, 98.02, 30.6, 63.9, 125, 64.56, 87.89, , , , , 
1/31/2020 3:16:39 AM, 3283, 9195, 1645.2, 327.68, 222.6, 163.93, 323.87, 172.78, 245.81, 98.02, 30.6, 63.9, 125, 64.56, 87.89, , , , , 
1/31/2020 3:16:42 AM, 3283.25, 9195.75, 1645.2, 327.68, 222.6, 163.93, 323.87, 172.78, 245.81, 98.02, 30.6, 63.9, 125, 64.56, 87.89, , , , , 
1/31/2020 3:16:45 AM, 3283.25, 9195.75, 1645.2, 327.68, 222.6, 163.93, 323.87, 172.78, 245.81, 98.02, 30.6, 63.9, 125, 64.56, 87.89, , , , , 
1/31/2020 3:16:48 AM, 3283.25, 9195.75, 1645.2, 327.68, 222.6, 163.93, 323.87, 172.78, 245.81, 98.02, 30.6, 63.9, 125, 64.56, 87.89, , , , , 
1/31/2020 3:16:51 AM, 3283.25, 9195.75, 1645.2, 327.68, 222.6, 163.93, 323.87, 172.78, 245.81, 98.02, 30.6, 63.9, 125, 64.56, 87.89, , , , , 
1/31/2020 3:16:54 AM, 3283.25, 9196.5, 1645.1, 327.68, 222.6, 163.93, 323.87, 172.78, 245.81, 98.02, 30.6, 63.9, 125, 64.56, 87.89, , , , , 
1/31/2020 3:16:57 AM, 3283.25, 9196.5, 1645.1, 327.68, 222.6, 163.93, 323.87, 172.78, 245.81, 98.02, 30.6, 63.9, 125, 64.56, 87.89, , , , , 
1/31/2020 3:17:00 AM, 3283.25, 9196.75, 1645.1, 327.68, 222.6, 163.93, 323.87, 172.78, 245.81, 98.02, 30.6, 63.9, 125, 64.56, 87.89, , , , , 
1/31/2020 3:17:03 AM, 3283.5, 9196.5, 1645.3, 327.68, 222.6, 163.93, 323.87, 172.78, 245.81, 98.02, 30.6, 63.9, 125, 64.56, 87.89, , , , , 
1/31/2020 3:17:06 AM, 3283.5, 9196.5, 1645.3, 327.68, 222.6, 163.93, 323.87, 172.78, 245.81, 98.02, 30.6, 63.9, 125, 64.56, 87.89, , , , , 
1/31/2020 3:17:09 AM, 3283.25, 9196.25, 1645.2, 327.68, 222.6, 163.93, 323.87, 172.78, 245.81, 98.02, 30.6, 63.9, 125, 64.56, 87.89, , , , , 
1/31/2020 3:17:12 AM, 3283.25, 9196.25, 1645.2, 327.68, 222.6, 163.93, 323.87, 172.78, 245.81, 98.02, 30.6, 63.9, 125, 64.56, 87.89, , , , , 
1/31/2020 3:17:15 AM, 3283.25, 9196.25, 1645.2, 327.68, 222.6, 163.93, 323.87, 172.78, 245.81, 98.02, 30.6, 63.9, 125, 64.56, 87.89, , , , , 
1/31/2020 3:17:18 AM, 3283.25, 9196.25, 1645.2, 327.68, 222.6, 163.93, 323.87, 172.78, 245.81, 98.02, 30.6, 63.9, 125, 64.56, 87.89, , , , , 
1/31/2020 3:17:21 AM, 3283.5, 9197, 1645.2, 327.68, 222.6, 163.93, 323.87, 172.78, 245.81, 98.02, 30.6, 63.9, 125, 64.56, 87.89, , , , , 
1/31/2020 3:17:24 AM, 3283.5, 9196.5, 1645.2, 327.68, 222.6, 163.93, 323.87, 172.78, 245.81, 98.02, 30.6, 63.9, 125, 64.56, 87.89, , , , , 
1/31/2020 3:17:27 AM, 3283.5, 9196.75, 1645.2, 327.68, 222.6, 163.93, 323.87, 172.78, 245.81, 98.02, 30.6, 63.9, 125, 64.56, 87.89, , , , , 
1/31/2020 3:17:30 AM, 3283.5, 9196.5, 1645.4, 327.68, 222.6, 163.93, 323.87, 172.78, 245.81, 98.02, 30.6, 63.9, 125, 64.56, 87.89, , , , , 
1/31/2020 3:17:33 AM, 3283.5, 9196.5, 1645.4, 327.68, 222.6, 163.93, 323.87, 172.78, 245.81, 98.02, 30.6, 63.9, 125, 64.56, 87.89, , , , , 
1/31/2020 3:17:36 AM, 3283.5, 9196.75, 1645.3, 327.68, 222.6, 163.93, 323.87, 172.78, 245.81, 98.02, 30.6, 63.9, 125, 64.56, 87.89, , , , , 
1/31/2020 3:17:39 AM, 3283.5, 9196.75, 1645.3, 327.68, 222.6, 163.93, 323.87, 172.78, 245.81, 98.02, 30.6, 63.9, 125, 64.56, 87.89, , , , , 
1/31/2020 3:17:42 AM, 3283.25, 9196.5, 1645.3, 327.68, 222.6, 163.93, 323.87, 172.78, 245.81, 98.02, 30.6, 63.9, 125, 64.56, 87.89, , , , , 
1/31/2020 3:17:45 AM, 3283.25, 9196.5, 1645.3, 327.68, 222.6, 163.93, 323.87, 172.78, 245.81, 98.02, 30.6, 63.9, 125, 64.56, 87.89, , , , , 
1/31/2020 3:17:48 AM, 3283.25, 9196.5, 1645.3, 327.68, 222.6, 163.93, 323.87, 172.78, 245.81, 98.02, 30.6, 63.9, 125, 64.56, 87.89, , , , , 
1/31/2020 3:17:51 AM, 3283.25, 9196.5, 1645.3, 327.68, 222.6, 163.93, 323.87, 172.78, 245.81, 98.02, 30.6, 63.9, 125, 64.56, 87.89, , , , , 
1/31/2020 3:17:54 AM, 3283.25, 9196.5, 1645.3, 327.68, 222.6, 163.93, 323.87, 172.78, 245.81, 98.02, 30.6, 63.9, 125, 64.56, 87.89, , , , , 
1/31/2020 3:17:57 AM, 3283.5, 9196.75, 1645.3, 327.68, 222.6, 163.93, 323.87, 172.78, 245.81, 98.02, 30.6, 63.9, 125, 64.56, 87.89, , , , , 
1/31/2020 3:18:00 AM, 3283.5, 9197, 1645.3, 327.68, 222.6, 163.93, 323.87, 172.78, 245.81, 98.02, 30.6, 63.9, 125, 64.56, 87.89, , , , , 
1/31/2020 3:18:03 AM, 3283.5, 9196.75, 1645.3, 327.68, 222.6, 163.93, 323.87, 172.78, 245.81, 98.02, 30.6, 63.9, 125, 64.56, 87.89, , , , , 
1/31/2020 3:18:06 AM, 3283.25, 9196.25, 1645.3, 327.68, 222.6, 163.93, 323.87, 172.78, 245.81, 98.02, 30.6, 63.9, 125, 64.56, 87.89, , , , , 
1/31/2020 3:18:09 AM, 3283.5, 9197.75, 1645.3, 327.68, 222.6, 163.93, 323.87, 172.78, 245.81, 98.02, 30.6, 63.9, 125, 64.56, 87.89, , , , , 
1/31/2020 3:18:12 AM, 3283.75, 9198, 1645.3, 327.68, 222.6, 163.93, 323.87, 172.78, 245.81, 98.02, 30.6, 63.9, 125, 64.56, 87.89, , , , , 
1/31/2020 3:18:15 AM, 3283.75, 9198, 1645.3, 327.68, 222.6, 163.93, 323.87, 172.78, 245.81, 98.02, 30.6, 63.9, 125, 64.56, 87.89, , , , , 
1/31/2020 3:18:18 AM, 3283.5, 9197.25, 1645.3, 327.68, 222.6, 163.93, 323.87, 172.78, 245.81, 98.02, 30.6, 63.9, 125, 64.56, 87.89, , , , , 
1/31/2020 3:18:21 AM, 3283.5, 9197.25, 1645.3, 327.68, 222.6, 163.93, 323.87, 172.78, 245.81, 98.02, 30.6, 63.9, 125, 64.56, 87.89, , , , , 
1/31/2020 3:18:24 AM, 3283.5, 9196.75, 1645.3, 327.68, 222.6, 163.93, 323.87, 172.78, 245.81, 98.02, 30.6, 63.9, 125, 64.56, 87.89, , , , , 
1/31/2020 3:18:27 AM, 3283.5, 9197, 1645.2, 327.68, 222.6, 163.93, 323.87, 172.78, 245.81, 98.02, 30.6, 63.9, 125, 64.56, 87.89, , , , , 
1/31/2020 3:18:30 AM, 3283.25, 9196.25, 1645.2, 327.68, 222.6, 163.93, 323.87, 172.78, 245.81, 98.02, 30.6, 63.9, 125, 64.56, 87.89, , , , , 
1/31/2020 3:18:33 AM, 3283.25, 9195.25, 1645.1, 327.68, 222.6, 163.93, 323.87, 172.78, 245.81, 98.02, 30.6, 63.9, 125, 64.56, 87.89, , , , , 
1/31/2020 3:18:36 AM, 3283.25, 9195.75, 1645.1, 327.68, 222.6, 163.93, 323.87, 172.78, 245.81, 98.02, 30.6, 63.9, 125, 64.56, 87.89, , , , , 
1/31/2020 3:18:39 AM, 3283.25, 9196, 1645.1, 327.68, 222.6, 163.93, 323.87, 172.78, 245.81, 98.02, 30.6, 63.9, 125, 64.56, 87.89, , , , , 
1/31/2020 3:18:42 AM, 3283.25, 9195.75, 1645.1, 327.68, 222.6, 163.93, 323.87, 172.78, 245.81, 98.02, 30.6, 63.9, 125, 64.56, 87.89, , , , , 
1/31/2020 3:18:46 AM, 3283.5, 9196, 1645.1, 327.68, 222.6, 163.93, 323.87, 172.78, 245.81, 98.02, 30.6, 63.9, 125, 64.56, 87.89, , , , , 
1/31/2020 3:18:49 AM, 3283.25, 9195.75, 1645.1, 327.68, 222.6, 163.93, 323.87, 172.78, 245.81, 98.02, 30.6, 63.9, 125, 64.56, 87.89, , , , , 
1/31/2020 3:18:52 AM, 3283.25, 9195.25, 1645.1, 327.68, 222.6, 163.93, 323.87, 172.78, 245.81, 98.02, 30.6, 63.9, 125, 64.56, 87.89, , , , , 
1/31/2020 3:18:55 AM, 3283.25, 9195.5, 1645.1, 327.68, 222.6, 163.93, 323.87, 172.78, 245.81, 98.02, 30.6, 63.9, 125, 64.56, 87.89, , , , , 
1/31/2020 3:18:58 AM, 3283.25, 9195.75, 1645.1, 327.68, 222.6, 163.93, 323.87, 172.78, 245.81, 98.02, 30.6, 63.9, 125, 64.56, 87.89, , , , , 
1/31/2020 3:19:01 AM, 3283.5, 9196.25, 1645.2, 327.68, 222.6, 163.93, 323.87, 172.78, 245.81, 98.02, 30.6, 63.9, 125, 64.56, 87.89, , , , , 
1/31/2020 3:19:04 AM, 3283.5, 9196.25, 1645.2, 327.68, 222.6, 163.93, 323.87, 172.78, 245.81, 98.02, 30.6, 63.9, 125, 64.56, 87.89, , , , , 
1/31/2020 3:19:07 AM, 3283.5, 9196.5, 1645.2, 327.68, 222.6, 163.93, 323.87, 172.78, 245.81, 98.02, 30.6, 63.9, 125, 64.56, 87.89, , , , , 
1/31/2020 3:19:10 AM, 3283.75, 9197, 1645.2, 327.68, 222.6, 163.93, 323.87, 172.78, 245.81, 98.02, 30.6, 63.9, 125, 64.56, 87.89, , , , , 
1/31/2020 3:19:13 AM, 3283.75, 9196.75, 1645.2, 327.68, 222.6, 163.93, 323.87, 172.78, 245.81, 98.02, 30.6, 63.9, 125, 64.56, 87.89, , , , , 
1/31/2020 3:19:16 AM, 3283.5, 9196.5, 1645.2, 327.68, 222.6, 163.93, 323.87, 172.78, 245.81, 98.02, 30.6, 63.9, 125, 64.56, 87.89, , , , , 
1/31/2020 3:19:19 AM, 3283.5, 9196.75, 1645.2, 327.68, 222.6, 163.93, 323.87, 172.78, 245.81, 98.02, 30.6, 63.9, 125, 64.56, 87.89, , , , , 
1/31/2020 3:19:22 AM, 3283.75, 9197.75, 1645.3, 327.68, 222.6, 163.93, 323.87, 172.78, 245.81, 98.02, 30.6, 63.9, 125, 64.56, 87.89, , , , , 
1/31/2020 3:19:25 AM, 3283.75, 9198, 1645.5, 327.68, 222.6, 163.93, 323.87, 172.78, 245.81, 98.02, 30.6, 63.9, 125, 64.56, 87.89, , , , , 
1/31/2020 3:19:28 AM, 3283.75, 9197.75, 1645.5, 327.68, 222.6, 163.93, 323.87, 172.78, 245.81, 98.02, 30.6, 63.9, 125, 64.56, 87.89, , , , , 
1/31/2020 3:19:31 AM, 3283.5, 9196.75, 1645.3, 327.68, 222.6, 163.93, 323.87, 172.78, 245.81, 98.02, 30.6, 63.9, 125, 64.56, 87.89, , , , , 
1/31/2020 3:19:34 AM, 3283.5, 9196.75, 1645.3, 327.68, 222.6, 163.93, 323.87, 172.78, 245.81, 98.02, 30.6, 63.9, 125, 64.56, 87.89, , , , , 
1/31/2020 3:19:37 AM, 3283.5, 9196.75, 1645.3, 327.68, 222.6, 163.93, 323.87, 172.78, 245.81, 98.02, 30.6, 63.9, 125, 64.56, 87.89, , , , , 
1/31/2020 3:19:40 AM, 3283.25, 9196.75, 1645.3, 327.68, 222.6, 163.93, 323.87, 172.78, 245.81, 98.02, 30.6, 63.9, 125, 64.56, 87.89, , , , , 
1/31/2020 3:19:43 AM, 3283.5, 9198, 1645.3, 327.68, 222.6, 163.93, 323.87, 172.78, 245.81, 98.02, 30.6, 63.9, 125, 64.56, 87.89, , , , , 
1/31/2020 3:19:46 AM, 3283.5, 9197.5, 1645.3, 327.68, 222.6, 163.93, 323.87, 172.78, 245.81, 98.02, 30.6, 63.9, 125, 64.56, 87.89, , , , , 
1/31/2020 3:19:49 AM, 3283.5, 9197.25, 1645.2, 327.68, 222.6, 163.93, 323.87, 172.78, 245.81, 98.02, 30.6, 63.9, 125, 64.56, 87.89, , , , , 
1/31/2020 3:19:52 AM, 3283.5, 9197, 1645.2, 327.68, 222.6, 163.93, 323.87, 172.78, 245.81, 98.02, 30.6, 63.9, 125, 64.56, 87.89, , , , , 
1/31/2020 3:19:55 AM, 3283.5, 9197.5, 1645.2, 327.68, 222.6, 163.93, 323.87, 172.78, 245.81, 98.02, 30.6, 63.9, 125, 64.56, 87.89, , , , , 
1/31/2020 3:19:58 AM, 3283.5, 9197.5, 1645.2, 327.68, 222.6, 163.93, 323.87, 172.78, 245.81, 98.02, 30.6, 63.9, 125, 64.56, 87.89, , , , , 
1/31/2020 3:20:01 AM, 3283.25, 9196.5, 1645, 327.68, 222.6, 163.93, 323.87, 172.78, 245.81, 98.02, 30.6, 63.9, 125, 64.56, 87.89, , , , , 
1/31/2020 3:20:04 AM, 3283.25, 9196.25, 1645.1, 327.68, 222.6, 163.93, 323.87, 172.78, 245.81, 98.02, 30.6, 63.9, 125, 64.56, 87.89, , , , , 
1/31/2020 3:20:07 AM, 3283.25, 9196.25, 1645.1, 327.68, 222.6, 163.93, 323.87, 172.78, 245.81, 98.02, 30.6, 63.9, 125, 64.56, 87.89, , , , , 
1/31/2020 3:20:10 AM, 3283.25, 9196.75, 1645.1, 327.68, 222.6, 163.93, 323.87, 172.78, 245.81, 98.02, 30.6, 63.9, 125, 64.56, 87.89, , , , , 
1/31/2020 3:20:13 AM, 3283, 9196.25, 1645, 327.68, 222.6, 163.93, 323.87, 172.78, 245.81, 98.02, 30.6, 63.9, 125, 64.56, 87.89, , , , , 
1/31/2020 3:20:16 AM, 3283, 9196.5, 1645, 327.68, 222.6, 163.93, 323.87, 172.78, 245.81, 98.02, 30.6, 63.9, 125, 64.56, 87.89, , , , , 
1/31/2020 3:20:19 AM, 3282.75, 9195.5, 1644.9, 327.68, 222.6, 163.93, 323.87, 172.78, 245.81, 98.02, 30.6, 63.9, 125, 64.56, 87.89, , , , , 
1/31/2020 3:20:22 AM, 3282.75, 9195.25, 1644.9, 327.68, 222.6, 163.93, 323.87, 172.78, 245.81, 98.02, 30.6, 63.9, 125, 64.56, 87.89, , , , , 
1/31/2020 3:20:25 AM, 3283, 9196, 1645, 327.68, 222.6, 163.93, 323.87, 172.78, 245.81, 98.02, 30.6, 63.9, 125, 64.56, 87.89, , , , , 
1/31/2020 3:20:28 AM, 3283, 9196.75, 1645, 327.68, 222.6, 163.93, 323.87, 172.78, 245.81, 98.02, 30.6, 63.9, 125, 64.56, 87.89, , , , , 
1/31/2020 3:20:31 AM, 3283, 9196.5, 1645, 327.68, 222.6, 163.93, 323.87, 172.78, 245.81, 98.02, 30.6, 63.9, 125, 64.56, 87.89, , , , , 
1/31/2020 3:20:34 AM, 3283, 9196, 1644.9, 327.68, 222.6, 163.93, 323.87, 172.78, 245.81, 98.02, 30.6, 63.9, 125, 64.56, 87.89, , , , , 
1/31/2020 3:20:37 AM, 3283, 9196, 1644.9, 327.68, 222.6, 163.93, 323.87, 172.78, 245.81, 98.02, 30.6, 63.9, 125, 64.56, 87.89, , , , , 
1/31/2020 3:20:40 AM, 3282.25, 9194.5, 1644.6, 327.68, 222.6, 163.93, 323.87, 172.78, 245.81, 98.02, 30.6, 63.9, 125, 64.56, 87.89, , , , , 
1/31/2020 3:20:43 AM, 3282.5, 9194.75, 1644.7, 327.68, 222.6, 163.93, 323.87, 172.78, 245.81, 98.02, 30.6, 63.9, 125, 64.56, 87.89, , , , , 
1/31/2020 3:20:46 AM, 3282.5, 9194.75, 1644.7, 327.68, 222.6, 163.93, 323.87, 172.78, 245.81, 98.02, 30.6, 63.9, 125, 64.56, 87.89, , , , , 
1/31/2020 3:20:49 AM, 3282.25, 9194.5, 1644.7, 327.68, 222.6, 163.93, 323.87, 172.78, 245.81, 98.02, 30.6, 63.9, 125, 64.56, 87.89, , , , , 
1/31/2020 3:20:52 AM, 3282.25, 9194, 1644.6, 327.68, 222.6, 163.93, 323.87, 172.78, 245.81, 98.02, 30.6, 63.9, 125, 64.56, 87.89, , , , , 
1/31/2020 3:20:55 AM, 3282.5, 9194.25, 1644.6, 327.68, 222.6, 163.93, 323.87, 172.78, 245.81, 98.02, 30.6, 63.9, 125, 64.56, 87.89, , , , , 
1/31/2020 3:20:58 AM, 3282.25, 9193.75, 1644.6, 327.68, 222.6, 163.93, 323.87, 172.78, 245.81, 98.02, 30.6, 63.9, 125, 64.56, 87.89, , , , , 
1/31/2020 3:21:01 AM, 3282.25, 9193.5, 1644.7, 327.68, 222.6, 163.93, 323.87, 172.78, 245.81, 98.02, 30.6, 63.9, 125, 64.56, 87.89, , , , , 
1/31/2020 3:21:04 AM, 3282.25, 9192.75, 1644.6, 327.68, 222.6, 163.93, 323.87, 172.78, 245.81, 98.02, 30.6, 63.9, 125, 64.56, 87.89, , , , , 
1/31/2020 3:21:07 AM, 3282.25, 9192.75, 1644.6, 327.68, 222.6, 163.93, 323.87, 172.78, 245.81, 98.02, 30.6, 63.9, 125, 64.56, 87.89, , , , , 
1/31/2020 3:21:10 AM, 3282.25, 9194, 1644.7, 327.68, 222.6, 163.93, 323.87, 172.78, 245.81, 98.02, 30.6, 63.9, 125, 64.56, 87.89, , , , , 
1/31/2020 3:21:13 AM, 3282.5, 9194.75, 1644.9, 327.68, 222.6, 163.93, 323.87, 172.78, 245.81, 98.02, 30.6, 63.9, 125, 64.56, 87.89, , , , , 
1/31/2020 3:21:16 AM, 3282.5, 9194.5, 1644.9, 327.68, 222.6, 163.93, 323.87, 172.78, 245.81, 98.02, 30.6, 63.9, 125, 64.56, 87.89, , , , , 
1/31/2020 3:21:19 AM, 3282.5, 9193, 1644.8, 327.68, 222.6, 163.93, 323.87, 172.78, 245.81, 98.02, 30.6, 63.9, 125, 64.56, 87.89, , , , , 
1/31/2020 3:21:22 AM, 3282.25, 9191.75, 1644.7, 327.68, 222.6, 163.93, 323.87, 172.78, 245.81, 98.02, 30.6, 63.9, 125, 64.56, 87.89, , , , , 
1/31/2020 3:21:25 AM, 3282, 9191.25, 1644.6, 327.68, 222.6, 163.93, 323.87, 172.78, 245.81, 98.02, 30.6, 63.9, 125, 64.56, 87.89, , , , , 
1/31/2020 3:21:28 AM, 3281.75, 9189.25, 1644.3, 327.68, 222.6, 163.93, 323.87, 172.78, 245.81, 98.02, 30.6, 63.9, 125, 64.56, 87.89, , , , , 
1/31/2020 3:21:31 AM, 3282, 9190.5, 1644.4, 327.68, 222.6, 163.93, 323.87, 172.78, 245.81, 98.02, 30.6, 63.9, 125, 64.56, 87.89, , , , , 
1/31/2020 3:21:35 AM, 3282, 9191, 1644.4, 327.68, 222.6, 163.93, 323.87, 172.78, 245.81, 98.02, 30.6, 63.9, 125, 64.56, 87.89, , , , , 
1/31/2020 3:21:38 AM, 3282, 9191.25, 1644.4, 327.68, 222.6, 163.93, 323.87, 172.78, 245.81, 98.02, 30.6, 63.9, 125, 64.56, 87.89, , , , , 
1/31/2020 3:21:41 AM, 3282, 9190.5, 1644.5, 327.68, 222.6, 163.93, 323.87, 172.78, 245.81, 98.02, 30.6, 63.9, 125, 64.56, 87.89, , , , , 
1/31/2020 3:21:44 AM, 3281.75, 9190.75, 1644.5, 327.68, 222.6, 163.93, 323.87, 172.78, 245.81, 98.02, 30.6, 63.9, 125, 64.56, 87.89, , , , , 
1/31/2020 3:21:47 AM, 3281.75, 9190.5, 1644.4, 327.68, 222.6, 163.93, 323.87, 172.78, 245.81, 98.02, 30.6, 63.9, 125, 64.56, 87.89, , , , , 
1/31/2020 3:21:50 AM, 3281.75, 9191, 1644.4, 327.68, 222.6, 163.93, 323.87, 172.78, 245.81, 98.02, 30.6, 63.9, 125, 64.56, 87.89, , , , , 
1/31/2020 3:21:53 AM, 3281.75, 9191.25, 1644.4, 327.68, 222.6, 163.93, 323.87, 172.78, 245.81, 98.02, 30.6, 63.9, 125, 64.56, 87.89, , , , , 
1/31/2020 3:21:56 AM, 3282, 9191.75, 1644.4, 327.68, 222.6, 163.93, 323.87, 172.78, 245.81, 98.02, 30.6, 63.9, 125, 64.56, 87.89, , , , , 
1/31/2020 3:21:59 AM, 3282, 9191.5, 1644.4, 327.68, 222.6, 163.93, 323.87, 172.78, 245.81, 98.02, 30.6, 63.9, 125, 64.56, 87.89, , , , , 
1/31/2020 3:22:02 AM, 3281.75, 9190.25, 1644.5, 327.68, 222.6, 163.93, 323.87, 172.78, 245.81, 98.02, 30.6, 63.9, 125, 64.56, 87.89, , , , , 
1/31/2020 3:22:05 AM, 3281.75, 9190, 1644.4, 327.68, 222.6, 163.93, 323.87, 172.78, 245.81, 98.02, 30.6, 63.9, 125, 64.56, 87.89, , , , , 
1/31/2020 3:22:08 AM, 3281.5, 9189.25, 1644.4, 327.68, 222.6, 163.93, 323.87, 172.78, 245.81, 98.02, 30.6, 63.9, 125, 64.56, 87.89, , , , , 
1/31/2020 3:22:11 AM, 3281.75, 9190.25, 1644.4, 327.68, 222.6, 163.93, 323.87, 172.78, 245.81, 98.02, 30.6, 63.9, 125, 64.56, 87.89, , , , , 
1/31/2020 3:22:14 AM, 3281.5, 9188.75, 1644.3, 327.68, 222.6, 163.93, 323.87, 172.78, 245.81, 98.02, 30.6, 63.9, 125, 64.56, 87.89, , , , , 
1/31/2020 3:22:17 AM, 3281, 9187.5, 1644.1, 327.68, 222.6, 163.93, 323.87, 172.78, 245.81, 98.02, 30.6, 63.9, 125, 64.56, 87.89, , , , , 
1/31/2020 3:22:20 AM, 3281, 9187.75, 1644, 327.68, 222.6, 163.93, 323.87, 172.78, 245.81, 98.02, 30.6, 63.9, 125, 64.56, 87.89, , , , , 
1/31/2020 3:22:23 AM, 3281.25, 9187, 1644.1, 327.68, 222.6, 163.93, 323.87, 172.78, 245.81, 98.02, 30.6, 63.9, 125, 64.56, 87.89, , , , , 
1/31/2020 3:22:26 AM, 3281, 9186.75, 1643.9, 327.68, 222.6, 163.93, 323.87, 172.78, 245.81, 98.02, 30.6, 63.9, 125, 64.56, 87.89, , , , , 
1/31/2020 3:22:29 AM, 3281, 9187, 1644, 327.68, 222.6, 163.93, 323.87, 172.78, 245.81, 98.02, 30.6, 63.9, 125, 64.56, 87.89, , , , , 
1/31/2020 3:22:32 AM, 3281.5, 9187.75, 1644.2, 327.68, 222.6, 163.93, 323.87, 172.78, 245.81, 98.02, 30.6, 63.9, 125, 64.56, 87.89, , , , , 
1/31/2020 3:22:35 AM, 3281.5, 9188, 1644.2, 327.68, 222.6, 163.93, 323.87, 172.78, 245.81, 98.02, 30.6, 63.9, 125, 64.56, 87.89, , , , , 
1/31/2020 3:22:38 AM, 3281.5, 9188, 1644.1, 327.68, 222.6, 163.93, 323.87, 172.78, 245.81, 98.02, 30.6, 63.9, 125, 64.56, 87.89, , , , , 
1/31/2020 3:22:41 AM, 3281.5, 9187.5, 1644.1, 327.68, 222.6, 163.93, 323.87, 172.78, 245.81, 98.02, 30.6, 63.9, 125, 64.56, 87.89, , , , , 
1/31/2020 3:22:44 AM, 3281.25, 9187, 1643.9, 327.68, 222.6, 163.93, 323.87, 172.78, 245.81, 98.02, 30.6, 63.9, 125, 64.56, 87.89, , , , , 
1/31/2020 3:22:47 AM, 3281.5, 9188, 1644.1, 327.68, 222.6, 163.93, 323.87, 172.78, 245.81, 98.02, 30.6, 63.9, 125, 64.56, 87.89, , , , , 
1/31/2020 3:22:50 AM, 3281.25, 9188, 1644.1, 327.68, 222.6, 163.93, 323.87, 172.78, 245.81, 98.02, 30.6, 63.9, 125, 64.56, 87.89, , , , , 
1/31/2020 3:22:53 AM, 3281.25, 9188.25, 1644.1, 327.68, 222.6, 163.93, 323.87, 172.78, 245.81, 98.02, 30.6, 63.9, 125, 64.56, 87.89, , , , , 
1/31/2020 3:22:56 AM, 3281.25, 9187.25, 1644, 327.68, 222.6, 163.93, 323.87, 172.78, 245.81, 98.02, 30.6, 63.9, 125, 64.56, 87.89, , , , , 
1/31/2020 3:22:59 AM, 3280.75, 9186.5, 1643.6, 327.68, 222.6, 163.93, 323.87, 172.78, 245.81, 98.02, 30.6, 63.9, 125, 64.56, 87.89, , , , , 
1/31/2020 3:23:02 AM, 3281, 9186.5, 1643.8, 327.68, 222.6, 163.93, 323.87, 172.78, 245.81, 98.02, 30.6, 63.9, 125, 64.56, 87.89, , , , , 
1/31/2020 3:23:05 AM, 3281, 9186.5, 1643.9, 327.68, 222.6, 163.93, 323.87, 172.78, 245.81, 98.02, 30.6, 63.9, 125, 64.56, 87.89, , , , , 
1/31/2020 3:23:08 AM, 3281, 9186.5, 1643.9, 327.68, 222.6, 163.93, 323.87, 172.78, 245.81, 98.02, 30.6, 63.9, 125, 64.56, 87.89, , , , , 
1/31/2020 3:23:11 AM, 3280.75, 9185.25, 1643.8, 327.68, 222.6, 163.93, 323.87, 172.78, 245.81, 98.02, 30.6, 63.9, 125, 64.56, 87.89, , , , , 
1/31/2020 3:23:14 AM, 3280.75, 9185.25, 1643.8, 327.68, 222.6, 163.93, 323.87, 172.78, 245.81, 98.02, 30.6, 63.9, 125, 64.56, 87.89, , , , , 
1/31/2020 3:23:17 AM, 3280.75, 9184.5, 1643.7, 327.68, 222.6, 163.93, 323.87, 172.78, 245.81, 98.02, 30.6, 63.9, 125, 64.56, 87.89, , , , , 
1/31/2020 3:23:20 AM, 3280.75, 9184.5, 1643.7, 327.68, 222.6, 163.93, 323.87, 172.78, 245.81, 98.02, 30.6, 63.9, 125, 64.56, 87.89, , , , , 
1/31/2020 3:23:23 AM, 3280.5, 9184, 1643.6, 327.68, 222.6, 163.93, 323.87, 172.78, 245.81, 98.02, 30.6, 63.9, 125, 64.56, 87.89, , , , , 
1/31/2020 3:23:26 AM, 3280.25, 9183.25, 1643.5, 327.68, 222.6, 163.93, 323.87, 172.78, 245.81, 98.02, 30.6, 63.9, 125, 64.56, 87.89, , , , , 
1/31/2020 3:23:29 AM, 3280.5, 9185, 1643.6, 327.68, 222.6, 163.93, 323.87, 172.78, 245.81, 98.02, 30.6, 63.9, 125, 64.56, 87.89, , , , , 
1/31/2020 3:23:32 AM, 3280.5, 9185, 1643.6, 327.68, 222.6, 163.93, 323.87, 172.78, 245.81, 98.02, 30.6, 63.9, 125, 64.56, 87.89, , , , , 
1/31/2020 3:23:35 AM, 3280.75, 9185.5, 1643.7, 327.68, 222.6, 163.93, 323.87, 172.78, 245.81, 98.02, 30.6, 63.9, 125, 64.56, 87.89, , , , , 
1/31/2020 3:23:38 AM, 3280.75, 9185.5, 1643.7, 327.68, 222.6, 163.93, 323.87, 172.78, 245.81, 98.02, 30.6, 63.9, 125, 64.56, 87.89, , , , , 
1/31/2020 3:23:42 AM, 3281.25, 9186.75, 1643.9, 327.68, 222.6, 163.93, 323.87, 172.78, 245.81, 98.02, 30.6, 63.9, 125, 64.56, 87.89, , , , , 
1/31/2020 3:23:45 AM, 3281.25, 9186.75, 1643.9, 327.68, 222.6, 163.93, 323.87, 172.78, 245.81, 98.02, 30.6, 63.9, 125, 64.56, 87.89, , , , , 
1/31/2020 3:23:48 AM, 3281.25, 9187.75, 1644, 327.68, 222.6, 163.93, 323.87, 172.78, 245.81, 98.02, 30.6, 63.9, 125, 64.56, 87.89, , , , , 
1/31/2020 3:23:51 AM, 3281.25, 9187.75, 1644, 327.68, 222.6, 163.93, 323.87, 172.78, 245.81, 98.02, 30.6, 63.9, 125, 64.56, 87.89, , , , , 
1/31/2020 3:23:54 AM, 3281, 9187.75, 1644, 327.68, 222.6, 163.93, 323.87, 172.78, 245.81, 98.02, 30.6, 63.9, 125, 64.56, 87.89, , , , , 
1/31/2020 3:23:57 AM, 3281, 9187.75, 1644, 327.68, 222.6, 163.93, 323.87, 172.78, 245.81, 98.02, 30.6, 63.9, 125, 64.56, 87.89, , , , , 
1/31/2020 3:24:00 AM, 3281.5, 9188.5, 1644.1, 327.68, 222.6, 163.93, 323.87, 172.78, 245.81, 98.02, 30.6, 63.9, 125, 64.56, 87.89, , , , , 
1/31/2020 3:24:03 AM, 3281.5, 9188.5, 1644.1, 327.68, 222.6, 163.93, 323.87, 172.78, 245.81, 98.02, 30.6, 63.9, 125, 64.56, 87.89, , , , , 
1/31/2020 3:24:06 AM, 3281.5, 9188, 1644.1, 327.68, 222.6, 163.93, 323.87, 172.78, 245.81, 98.02, 30.6, 63.9, 125, 64.56, 87.89, , , , , 
1/31/2020 3:24:09 AM, 3281.5, 9188, 1644.1, 327.68, 222.6, 163.93, 323.87, 172.78, 245.81, 98.02, 30.6, 63.9, 125, 64.56, 87.89, , , , , 
1/31/2020 3:24:12 AM, 3281, 9187.25, 1643.9, 327.68, 222.6, 163.93, 323.87, 172.78, 245.81, 98.02, 30.6, 63.9, 125, 64.56, 87.89, , , , , 
1/31/2020 3:24:15 AM, 3281, 9187.25, 1643.9, 327.68, 222.6, 163.93, 323.87, 172.78, 245.81, 98.02, 30.6, 63.9, 125, 64.56, 87.89, , , , , 
1/31/2020 3:24:18 AM, 3281, 9187.5, 1643.8, 327.68, 222.6, 163.93, 323.87, 172.78, 245.81, 98.02, 30.6, 63.9, 125, 64.56, 87.89, , , , , 
1/31/2020 3:24:21 AM, 3281, 9187.5, 1643.8, 327.68, 222.6, 163.93, 323.87, 172.78, 245.81, 98.02, 30.6, 63.9, 125, 64.56, 87.89, , , , , 
1/31/2020 3:24:24 AM, 3281, 9187.75, 1643.8, 327.68, 222.6, 163.93, 323.87, 172.78, 245.81, 98.02, 30.6, 63.9, 125, 64.56, 87.89, , , , , 
1/31/2020 3:24:27 AM, 3281, 9187.75, 1643.8, 327.68, 222.6, 163.93, 323.87, 172.78, 245.81, 98.02, 30.6, 63.9, 125, 64.56, 87.89, , , , , 
1/31/2020 3:24:30 AM, 3281.25, 9189, 1644, 327.68, 222.6, 163.93, 323.87, 172.78, 245.81, 98.02, 30.6, 63.9, 125, 64.56, 87.89, , , , , 
1/31/2020 3:24:33 AM, 3281.25, 9189, 1644, 327.68, 222.6, 163.93, 323.87, 172.78, 245.81, 98.02, 30.6, 63.9, 125, 64.56, 87.89, , , , , 
1/31/2020 3:24:36 AM, 3281.25, 9189.5, 1644, 327.68, 222.6, 163.93, 323.87, 172.78, 245.81, 98.02, 30.6, 63.9, 125, 64.56, 87.89, , , , , 
1/31/2020 3:24:39 AM, 3281.25, 9188.75, 1643.9, 327.68, 222.6, 163.93, 323.87, 172.78, 245.81, 98.02, 30.6, 63.9, 125, 64.56, 87.89, , , , , 
1/31/2020 3:24:42 AM, 3281.25, 9188, 1643.9, 327.68, 222.6, 163.93, 323.87, 172.78, 245.81, 98.02, 30.6, 63.9, 125, 64.56, 87.89, , , , , 
1/31/2020 3:24:45 AM, 3281, 9188, 1643.8, 327.68, 222.6, 163.93, 323.87, 172.78, 245.81, 98.02, 30.6, 63.9, 125, 64.56, 87.89, , , , , 
1/31/2020 3:24:48 AM, 3280.75, 9187, 1643.7, 327.68, 222.6, 163.93, 323.87, 172.78, 245.81, 98.02, 30.6, 63.9, 125, 64.56, 87.89, , , , , 
1/31/2020 3:24:51 AM, 3281, 9187, 1643.6, 327.68, 222.6, 163.93, 323.87, 172.78, 245.81, 98.02, 30.6, 63.9, 125, 64.56, 87.89, , , , , 
1/31/2020 3:24:54 AM, 3281, 9187.75, 1643.6, 327.68, 222.6, 163.93, 323.87, 172.78, 245.81, 98.02, 30.6, 63.9, 125, 64.56, 87.89, , , , , 
1/31/2020 3:24:57 AM, 3281, 9187.75, 1643.6, 327.68, 222.6, 163.93, 323.87, 172.78, 245.81, 98.02, 30.6, 63.9, 125, 64.56, 87.89, , , , , 
1/31/2020 3:25:00 AM, 3281, 9188, 1643.8, 327.68, 222.6, 163.93, 323.87, 172.78, 245.81, 98.02, 30.6, 63.9, 125, 64.56, 87.89, , , , , 
1/31/2020 3:25:03 AM, 3281.25, 9187.75, 1643.8, 327.68, 222.6, 163.93, 323.87, 172.78, 245.81, 98.02, 30.6, 63.9, 125, 64.56, 87.89, , , , , 
1/31/2020 3:25:06 AM, 3281.25, 9188.25, 1643.8, 327.68, 222.6, 163.93, 323.87, 172.78, 245.81, 98.02, 30.6, 63.9, 125, 64.56, 87.89, , , , , 
1/31/2020 3:25:09 AM, 3281.25, 9188.75, 1643.9, 327.68, 222.6, 163.93, 323.87, 172.78, 245.81, 98.02, 30.6, 63.9, 125, 64.56, 87.89, , , , , 
1/31/2020 3:25:12 AM, 3281.25, 9189, 1643.9, 327.68, 222.6, 163.93, 323.87, 172.78, 245.81, 98.02, 30.6, 63.9, 125, 64.56, 87.89, , , , , 
1/31/2020 3:25:15 AM, 3281.25, 9189, 1643.9, 327.68, 222.6, 163.93, 323.87, 172.78, 245.81, 98.02, 30.6, 63.9, 125, 64.56, 87.89, , , , , 
1/31/2020 3:25:18 AM, 3281.25, 9189, 1643.9, 327.68, 222.6, 163.93, 323.87, 172.78, 245.81, 98.02, 30.6, 63.9, 125, 64.56, 87.89, , , , , 
1/31/2020 3:25:21 AM, 3281.25, 9189.25, 1643.9, 327.68, 222.6, 163.93, 323.87, 172.78, 245.81, 98.02, 30.6, 63.9, 125, 64.56, 87.89, , , , , 
1/31/2020 3:25:24 AM, 3281.25, 9189, 1643.9, 327.68, 222.6, 163.93, 323.87, 172.78, 245.81, 98.02, 30.6, 63.9, 125, 64.56, 87.89, , , , , 
1/31/2020 3:25:27 AM, 3281.5, 9189.5, 1644, 327.68, 222.6, 163.93, 323.87, 172.78, 245.81, 98.02, 30.6, 63.9, 125, 64.56, 87.89, , , , , 
1/31/2020 3:25:30 AM, 3281.5, 9189.5, 1644, 327.68, 222.6, 163.93, 323.87, 172.78, 245.81, 98.02, 30.6, 63.9, 125, 64.56, 87.89, , , , , 
1/31/2020 3:25:33 AM, 3281.5, 9189.5, 1644, 327.68, 222.6, 163.93, 323.87, 172.78, 245.81, 98.02, 30.6, 63.9, 125, 64.56, 87.89, , , , , 
1/31/2020 3:25:36 AM, 3281.5, 9190.5, 1644.1, 327.68, 222.6, 163.93, 323.87, 172.78, 245.81, 98.02, 30.6, 63.9, 125, 64.56, 87.89, , , , , 
1/31/2020 3:25:39 AM, 3281.5, 9190.5, 1644.1, 327.68, 222.6, 163.93, 323.87, 172.78, 245.81, 98.02, 30.6, 63.9, 125, 64.56, 87.89, , , , , 
1/31/2020 3:25:42 AM, 3280.75, 9187, 1643.6, 327.68, 222.6, 163.93, 323.87, 172.78, 245.81, 98.02, 30.6, 63.9, 125, 64.56, 87.89, , , , , 
1/31/2020 3:25:45 AM, 3280.75, 9187, 1643.6, 327.68, 222.6, 163.93, 323.87, 172.78, 245.81, 98.02, 30.6, 63.9, 125, 64.56, 87.89, , , , , 
1/31/2020 3:25:48 AM, 3280.75, 9186.75, 1643.7, 327.68, 222.6, 163.93, 323.87, 172.78, 245.81, 98.02, 30.6, 63.9, 125, 64.56, 87.89, , , , , 
1/31/2020 3:25:51 AM, 3280.75, 9186.75, 1643.7, 327.68, 222.6, 163.93, 323.87, 172.78, 245.81, 98.02, 30.6, 63.9, 125, 64.56, 87.89, , , , , 
1/31/2020 3:25:54 AM, 3280.75, 9186.75, 1643.7, 327.68, 222.6, 163.93, 323.87, 172.78, 245.81, 98.02, 30.6, 63.9, 125, 64.56, 87.89, , , , , 
1/31/2020 3:25:57 AM, 3280.75, 9186, 1643.6, 327.68, 222.6, 163.93, 323.87, 172.78, 245.81, 98.02, 30.6, 63.9, 125, 64.56, 87.89, , , , , 
1/31/2020 3:26:00 AM, 3280.75, 9186.75, 1643.7, 327.68, 222.6, 163.93, 323.87, 172.78, 245.81, 98.02, 30.6, 63.9, 125, 64.56, 87.89, , , , , 
1/31/2020 3:26:04 AM, 3280.75, 9186.75, 1643.7, 327.68, 222.6, 163.93, 323.87, 172.78, 245.81, 98.02, 30.6, 63.9, 125, 64.56, 87.89, , , , , 
1/31/2020 3:26:07 AM, 3281, 9187, 1643.7, 327.68, 222.6, 163.93, 323.87, 172.78, 245.81, 98.02, 30.6, 63.9, 125, 64.56, 87.89, , , , , 
1/31/2020 3:26:10 AM, 3280.75, 9186.75, 1643.7, 327.68, 222.6, 163.93, 323.87, 172.78, 245.81, 98.02, 30.6, 63.9, 125, 64.56, 87.89, , , , , 
1/31/2020 3:26:13 AM, 3280.75, 9186.75, 1643.6, 327.68, 222.6, 163.93, 323.87, 172.78, 245.81, 98.02, 30.6, 63.9, 125, 64.56, 87.89, , , , , 
1/31/2020 3:26:16 AM, 3280.75, 9186, 1643.6, 327.68, 222.6, 163.93, 323.87, 172.78, 245.81, 98.02, 30.6, 63.9, 125, 64.56, 87.89, , , , , 
1/31/2020 3:26:19 AM, 3280, 9184, 1643.4, 327.68, 222.6, 163.93, 323.87, 172.78, 245.81, 98.02, 30.6, 63.9, 125, 64.56, 87.89, , , , , 
1/31/2020 3:26:22 AM, 3280.25, 9184.75, 1643.4, 327.68, 222.6, 163.93, 323.87, 172.78, 245.81, 98.02, 30.6, 63.9, 125, 64.56, 87.89, , , , , 
1/31/2020 3:26:25 AM, 3280.25, 9184.5, 1643.5, 327.68, 222.6, 163.93, 323.87, 172.78, 245.81, 98.02, 30.6, 63.9, 125, 64.56, 87.89, , , , , 
1/31/2020 3:26:28 AM, 3280.25, 9184.5, 1643.5, 327.68, 222.6, 163.93, 323.87, 172.78, 245.81, 98.02, 30.6, 63.9, 125, 64.56, 87.89, , , , , 
1/31/2020 3:26:31 AM, 3280.25, 9184.75, 1643.5, 327.68, 222.6, 163.93, 323.87, 172.78, 245.81, 98.02, 30.6, 63.9, 125, 64.56, 87.89, , , , , 
1/31/2020 3:26:34 AM, 3280, 9184, 1643.5, 327.68, 222.6, 163.93, 323.87, 172.78, 245.81, 98.02, 30.6, 63.9, 125, 64.56, 87.89, , , , , 
1/31/2020 3:26:37 AM, 3280.25, 9183.75, 1643.5, 327.68, 222.6, 163.93, 323.87, 172.78, 245.81, 98.02, 30.6, 63.9, 125, 64.56, 87.89, , , , , 
1/31/2020 3:26:40 AM, 3280.25, 9185.25, 1643.6, 327.68, 222.6, 163.93, 323.87, 172.78, 245.81, 98.02, 30.6, 63.9, 125, 64.56, 87.89, , , , , 
1/31/2020 3:26:43 AM, 3280.25, 9185, 1643.6, 327.68, 222.6, 163.93, 323.87, 172.78, 245.81, 98.02, 30.6, 63.9, 125, 64.56, 87.89, , , , , 
1/31/2020 3:26:46 AM, 3280.25, 9184.75, 1643.6, 327.68, 222.6, 163.93, 323.87, 172.78, 245.81, 98.02, 30.6, 63.9, 125, 64.56, 87.89, , , , , 
1/31/2020 3:26:49 AM, 3280, 9182.75, 1643.3, 327.68, 222.6, 163.93, 323.87, 172.78, 245.81, 98.02, 30.6, 63.9, 125, 64.56, 87.89, , , , , 
1/31/2020 3:26:52 AM, 3280, 9182.75, 1643.4, 327.68, 222.6, 163.93, 323.87, 172.78, 245.81, 98.02, 30.6, 63.9, 125, 64.56, 87.89, , , , , 
1/31/2020 3:26:55 AM, 3280, 9183.25, 1643.4, 327.68, 222.6, 163.93, 323.87, 172.78, 245.81, 98.02, 30.6, 63.9, 125, 64.56, 87.89, , , , , 
1/31/2020 3:26:58 AM, 3280.25, 9184, 1643.5, 327.68, 222.6, 163.93, 323.87, 172.78, 245.81, 98.02, 30.6, 63.9, 125, 64.56, 87.89, , , , , 
1/31/2020 3:27:01 AM, 3280.25, 9183.75, 1643.5, 327.68, 222.6, 163.93, 323.87, 172.78, 245.81, 98.02, 30.6, 63.9, 125, 64.56, 87.89, , , , , 
1/31/2020 3:27:04 AM, 3280.25, 9184.25, 1643.5, 327.68, 222.6, 163.93, 323.87, 172.78, 245.81, 98.02, 30.6, 63.9, 125, 64.56, 87.89, , , , , 
1/31/2020 3:27:07 AM, 3280.5, 9185, 1643.5, 327.68, 222.6, 163.93, 323.87, 172.78, 245.81, 98.02, 30.6, 63.9, 125, 64.56, 87.89, , , , , 
1/31/2020 3:27:10 AM, 3280.5, 9185.5, 1643.5, 327.68, 222.6, 163.93, 323.87, 172.78, 245.81, 98.02, 30.6, 63.9, 125, 64.56, 87.89, , , , , 
1/31/2020 3:27:13 AM, 3280.5, 9185.5, 1643.5, 327.68, 222.6, 163.93, 323.87, 172.78, 245.81, 98.02, 30.6, 63.9, 125, 64.56, 87.89, , , , , 
1/31/2020 3:27:16 AM, 3280.75, 9185.75, 1643.8, 327.68, 222.6, 163.93, 323.87, 172.78, 245.81, 98.02, 30.6, 63.9, 125, 64.56, 87.89, , , , , 
1/31/2020 3:27:19 AM, 3280.75, 9185, 1643.7, 327.68, 222.6, 163.93, 323.87, 172.78, 245.81, 98.02, 30.6, 63.9, 125, 64.56, 87.89, , , , , 
1/31/2020 3:27:22 AM, 3280.5, 9185, 1643.6, 327.68, 222.6, 163.93, 323.87, 172.78, 245.81, 98.02, 30.6, 63.9, 125, 64.56, 87.89, , , , , 
1/31/2020 3:27:25 AM, 3280.5, 9184.75, 1643.6, 327.68, 222.6, 163.93, 323.87, 172.78, 245.81, 98.02, 30.6, 63.9, 125, 64.56, 87.89, , , , , 
1/31/2020 3:27:28 AM, 3280.5, 9185, 1643.6, 327.68, 222.6, 163.93, 323.87, 172.78, 245.81, 98.02, 30.6, 63.9, 125, 64.56, 87.89, , , , , 
1/31/2020 3:27:31 AM, 3280.25, 9183.75, 1643.6, 327.68, 222.6, 163.93, 323.87, 172.78, 245.81, 98.02, 30.6, 63.9, 125, 64.56, 87.89, , , , , 
1/31/2020 3:27:34 AM, 3280.25, 9184, 1643.6, 327.68, 222.6, 163.93, 323.87, 172.78, 245.81, 98.02, 30.6, 63.9, 125, 64.56, 87.89, , , , , 
1/31/2020 3:27:37 AM, 3280.25, 9184.75, 1643.6, 327.68, 222.6, 163.93, 323.87, 172.78, 245.81, 98.02, 30.6, 63.9, 125, 64.56, 87.89, , , , , 
1/31/2020 3:27:40 AM, 3280.25, 9184.5, 1643.6, 327.68, 222.6, 163.93, 323.87, 172.78, 245.81, 98.02, 30.6, 63.9, 125, 64.56, 87.89, , , , , 
1/31/2020 3:27:43 AM, 3280.25, 9185.25, 1643.6, 327.68, 222.6, 163.93, 323.87, 172.78, 245.81, 98.02, 30.6, 63.9, 125, 64.56, 87.89, , , , , 
1/31/2020 3:27:46 AM, 3280.25, 9184.75, 1643.6, 327.68, 222.6, 163.93, 323.87, 172.78, 245.81, 98.02, 30.6, 63.9, 125, 64.56, 87.89, , , , , 
1/31/2020 3:27:49 AM, 3280.5, 9185.25, 1643.4, 327.68, 222.6, 163.93, 323.87, 172.78, 245.81, 98.02, 30.6, 63.9, 125, 64.56, 87.89, , , , , 
1/31/2020 3:27:52 AM, 3280.5, 9186, 1643.7, 327.68, 222.6, 163.93, 323.87, 172.78, 245.81, 98.02, 30.6, 63.9, 125, 64.56, 87.89, , , , , 
1/31/2020 3:27:55 AM, 3280.5, 9185.5, 1643.7, 327.68, 222.6, 163.93, 323.87, 172.78, 245.81, 98.02, 30.6, 63.9, 125, 64.56, 87.89, , , , , 
1/31/2020 3:27:58 AM, 3280.75, 9186, 1643.8, 327.68, 222.6, 163.93, 323.87, 172.78, 245.81, 98.02, 30.6, 63.9, 125, 64.56, 87.89, , , , , 
1/31/2020 3:28:01 AM, 3280.75, 9187, 1643.9, 327.68, 222.6, 163.93, 323.87, 172.78, 245.81, 98.02, 30.6, 63.9, 125, 64.56, 87.89, , , , , 
1/31/2020 3:28:04 AM, 3280.75, 9186.5, 1643.9, 327.68, 222.6, 163.93, 323.87, 172.78, 245.81, 98.02, 30.6, 63.9, 125, 64.56, 87.89, , , , , 
1/31/2020 3:28:07 AM, 3280.75, 9186, 1643.9, 327.68, 222.6, 163.93, 323.87, 172.78, 245.81, 98.02, 30.6, 63.9, 125, 64.56, 87.89, , , , , 
1/31/2020 3:28:10 AM, 3280.75, 9186, 1643.9, 327.68, 222.6, 163.93, 323.87, 172.78, 245.81, 98.02, 30.6, 63.9, 125, 64.56, 87.89, , , , , 
1/31/2020 3:28:13 AM, 3280.75, 9186, 1643.9, 327.68, 222.6, 163.93, 323.87, 172.78, 245.81, 98.02, 30.6, 63.9, 125, 64.56, 87.89, , , , , 
1/31/2020 3:28:16 AM, 3280.75, 9186.5, 1644.1, 327.68, 222.6, 163.93, 323.87, 172.78, 245.81, 98.02, 30.6, 63.9, 125, 64.56, 87.89, , , , , 
1/31/2020 3:28:19 AM, 3281, 9186.25, 1644, 327.68, 222.6, 163.93, 323.87, 172.78, 245.81, 98.02, 30.6, 63.9, 125, 64.56, 87.89, , , , , 
1/31/2020 3:28:22 AM, 3280.75, 9186, 1643.9, 327.68, 222.6, 163.93, 323.87, 172.78, 245.81, 98.02, 30.6, 63.9, 125, 64.56, 87.89, , , , , 
1/31/2020 3:28:25 AM, 3281, 9187, 1644, 327.68, 222.6, 163.93, 323.87, 172.78, 245.81, 98.02, 30.6, 63.9, 125, 64.56, 87.89, , , , , 
1/31/2020 3:28:28 AM, 3281, 9186.5, 1644, 327.68, 222.6, 163.93, 323.87, 172.78, 245.81, 98.02, 30.6, 63.9, 125, 64.56, 87.89, , , , , 
1/31/2020 3:28:32 AM, 3281, 9186.25, 1643.9, 327.68, 222.6, 163.93, 323.87, 172.78, 245.81, 98.02, 30.6, 63.9, 125, 64.56, 87.89, , , , , 
1/31/2020 3:28:35 AM, 3280.5, 9185.25, 1643.8, 327.68, 222.6, 163.93, 323.87, 172.78, 245.81, 98.02, 30.6, 63.9, 125, 64.56, 87.89, , , , , 
1/31/2020 3:28:38 AM, 3280.5, 9185.75, 1643.8, 327.68, 222.6, 163.93, 323.87, 172.78, 245.81, 98.02, 30.6, 63.9, 125, 64.56, 87.89, , , , , 
1/31/2020 3:28:41 AM, 3280.75, 9185.5, 1643.8, 327.68, 222.6, 163.93, 323.87, 172.78, 245.81, 98.02, 30.6, 63.9, 125, 64.56, 87.89, , , , , 
1/31/2020 3:28:44 AM, 3280.75, 9185.75, 1643.7, 327.68, 222.6, 163.93, 323.87, 172.78, 245.81, 98.02, 30.6, 63.9, 125, 64.56, 87.89, , , , , 
1/31/2020 3:28:47 AM, 3280.75, 9186, 1643.7, 327.68, 222.6, 163.93, 323.87, 172.78, 245.81, 98.02, 30.6, 63.9, 125, 64.56, 87.89, , , , , 
1/31/2020 3:28:50 AM, 3280.75, 9185.25, 1643.7, 327.68, 222.6, 163.93, 323.87, 172.78, 245.81, 98.02, 30.6, 63.9, 125, 64.56, 87.89, , , , , 
1/31/2020 3:28:53 AM, 3280.75, 9185.75, 1643.7, 327.68, 222.6, 163.93, 323.87, 172.78, 245.81, 98.02, 30.6, 63.9, 125, 64.56, 87.89, , , , , 
1/31/2020 3:28:56 AM, 3280.75, 9186.25, 1643.7, 327.68, 222.6, 163.93, 323.87, 172.78, 245.81, 98.02, 30.6, 63.9, 125, 64.56, 87.89, , , , , 
1/31/2020 3:28:59 AM, 3280.75, 9186, 1643.8, 327.68, 222.6, 163.93, 323.87, 172.78, 245.81, 98.02, 30.6, 63.9, 125, 64.56, 87.89, , , , , 
1/31/2020 3:29:02 AM, 3280.75, 9185.75, 1643.8, 327.68, 222.6, 163.93, 323.87, 172.78, 245.81, 98.02, 30.6, 63.9, 125, 64.56, 87.89, , , , , 
1/31/2020 3:29:05 AM, 3280.5, 9185.25, 1643.6, 327.68, 222.6, 163.93, 323.87, 172.78, 245.81, 98.02, 30.6, 63.9, 125, 64.56, 87.89, , , , , 
1/31/2020 3:29:08 AM, 3280.5, 9186, 1643.7, 327.68, 222.6, 163.93, 323.87, 172.78, 245.81, 98.02, 30.6, 63.9, 125, 64.56, 87.89, , , , , 
1/31/2020 3:29:11 AM, 3280.75, 9186.5, 1643.7, 327.68, 222.6, 163.93, 323.87, 172.78, 245.81, 98.02, 30.6, 63.9, 125, 64.56, 87.89, , , , , 
1/31/2020 3:29:14 AM, 3281, 9187, 1643.8, 327.68, 222.6, 163.93, 323.87, 172.78, 245.81, 98.02, 30.6, 63.9, 125, 64.56, 87.89, , , , , 
1/31/2020 3:29:17 AM, 3281, 9187, 1643.9, 327.68, 222.6, 163.93, 323.87, 172.78, 245.81, 98.02, 30.6, 63.9, 125, 64.56, 87.89, , , , , 
1/31/2020 3:29:20 AM, 3281, 9188, 1643.9, 327.68, 222.6, 163.93, 323.87, 172.78, 245.81, 98.02, 30.6, 63.9, 125, 64.56, 87.89, , , , , 
1/31/2020 3:29:23 AM, 3281, 9188, 1643.9, 327.68, 222.6, 163.93, 323.87, 172.78, 245.81, 98.02, 30.6, 63.9, 125, 64.56, 87.89, , , , , 
1/31/2020 3:29:26 AM, 3281.25, 9188.25, 1643.9, 327.68, 222.6, 163.93, 323.87, 172.78, 245.81, 98.02, 30.6, 63.9, 125, 64.56, 87.89, , , , , 
1/31/2020 3:29:29 AM, 3281.25, 9188.25, 1643.9, 327.68, 222.6, 163.93, 323.87, 172.78, 245.81, 98.02, 30.6, 63.9, 125, 64.56, 87.89, , , , , 
1/31/2020 3:29:32 AM, 3281.5, 9189, 1643.9, 327.68, 222.6, 163.93, 323.87, 172.78, 245.81, 98.02, 30.6, 63.9, 125, 64.56, 87.89, , , , , 
1/31/2020 3:29:35 AM, 3281.5, 9189, 1644, 327.68, 222.6, 163.93, 323.87, 172.78, 245.81, 98.02, 30.6, 63.9, 125, 64.56, 87.89, , , , , 
1/31/2020 3:29:38 AM, 3281.5, 9189, 1644, 327.68, 222.6, 163.93, 323.87, 172.78, 245.81, 98.02, 30.6, 63.9, 125, 64.56, 87.89, , , , , 
1/31/2020 3:29:41 AM, 3281.5, 9189, 1644.1, 327.68, 222.6, 163.93, 323.87, 172.78, 245.81, 98.02, 30.6, 63.9, 125, 64.56, 87.89, , , , , 
1/31/2020 3:29:44 AM, 3281.5, 9189, 1644.1, 327.68, 222.6, 163.93, 323.87, 172.78, 245.81, 98.02, 30.6, 63.9, 125, 64.56, 87.89, , , , , 
1/31/2020 3:29:47 AM, 3281.5, 9189.5, 1644.1, 327.68, 222.6, 163.93, 323.87, 172.78, 245.81, 98.02, 30.6, 63.9, 125, 64.56, 87.89, , , , , 
1/31/2020 3:29:50 AM, 3281.5, 9189.5, 1644.1, 327.68, 222.6, 163.93, 323.87, 172.78, 245.81, 98.02, 30.6, 63.9, 125, 64.56, 87.89, , , , , 
1/31/2020 3:29:53 AM, 3281.5, 9188.75, 1644.1, 327.68, 222.6, 163.93, 323.87, 172.78, 245.81, 98.02, 30.6, 63.9, 125, 64.56, 87.89, , , , , 
1/31/2020 3:29:56 AM, 3281.5, 9188.75, 1644.1, 327.68, 222.6, 163.93, 323.87, 172.78, 245.81, 98.02, 30.6, 63.9, 125, 64.56, 87.89, , , , , 
1/31/2020 3:29:59 AM, 3281.5, 9188.5, 1644, 327.68, 222.6, 163.93, 323.87, 172.78, 245.81, 98.02, 30.6, 63.9, 125, 64.56, 87.89, , , , , 
1/31/2020 3:30:02 AM, 3281.5, 9188.5, 1644, 327.68, 222.6, 163.93, 323.87, 172.78, 245.81, 98.02, 30.6, 63.9, 125, 64.56, 87.89, , , , , 
1/31/2020 3:30:05 AM, 3281.5, 9189.25, 1644, 327.68, 222.6, 163.93, 323.87, 172.78, 245.81, 98.02, 30.6, 63.9, 125, 64.56, 87.89, , , , , 
1/31/2020 3:30:08 AM, 3281.5, 9189.25, 1644, 327.68, 222.6, 163.93, 323.87, 172.78, 245.81, 98.02, 30.6, 63.9, 125, 64.56, 87.89, , , , , 
1/31/2020 3:30:11 AM, 3281.25, 9188.75, 1644.1, 327.68, 222.6, 163.93, 323.87, 172.78, 245.81, 98.02, 30.6, 63.9, 125, 64.56, 87.89, , , , , 
1/31/2020 3:30:14 AM, 3281.25, 9188.75, 1644.1, 327.68, 222.6, 163.93, 323.87, 172.78, 245.81, 98.02, 30.6, 63.9, 125, 64.56, 87.89, , , , , 
1/31/2020 3:30:17 AM, 3281.25, 9188.75, 1644.2, 327.68, 222.6, 163.93, 323.87, 172.78, 245.81, 98.02, 30.6, 63.9, 125, 64.56, 87.89, , , , , 
1/31/2020 3:30:20 AM, 3281.25, 9188.75, 1644.2, 327.68, 222.6, 163.93, 323.87, 172.78, 245.81, 98.02, 30.6, 63.9, 125, 64.56, 87.89, , , , , 
1/31/2020 3:30:23 AM, 3281.25, 9188.75, 1644.2, 327.68, 222.6, 163.93, 323.87, 172.78, 245.81, 98.02, 30.6, 63.9, 125, 64.56, 87.89, , , , , 
1/31/2020 3:30:26 AM, 3281.25, 9188.75, 1644.2, 327.68, 222.6, 163.93, 323.87, 172.78, 245.81, 98.02, 30.6, 63.9, 125, 64.56, 87.89, , , , , 
1/31/2020 3:30:29 AM, 3281.25, 9188.5, 1644.2, 327.68, 222.6, 163.93, 323.87, 172.78, 245.81, 98.02, 30.6, 63.9, 125, 64.56, 87.89, , , , , 
1/31/2020 3:30:32 AM, 3281.25, 9189, 1644.2, 327.68, 222.6, 163.93, 323.87, 172.78, 245.81, 98.02, 30.6, 63.9, 125, 64.56, 87.89, , , , , 
1/31/2020 3:30:35 AM, 3281.5, 9189, 1644.3, 327.68, 222.6, 163.93, 323.87, 172.78, 245.81, 98.02, 30.6, 63.9, 125, 64.56, 87.89, , , , , 
1/31/2020 3:30:38 AM, 3281.5, 9189, 1644.3, 327.68, 222.6, 163.93, 323.87, 172.78, 245.81, 98.02, 30.6, 63.9, 125, 64.56, 87.89, , , , , 
1/31/2020 3:30:41 AM, 3281.5, 9188.75, 1644.2, 327.68, 222.6, 163.93, 323.87, 172.78, 245.81, 98.02, 30.6, 63.9, 125, 64.56, 87.89, , , , , 
1/31/2020 3:30:44 AM, 3281.5, 9188.75, 1644.2, 327.68, 222.6, 163.93, 323.87, 172.78, 245.81, 98.02, 30.6, 63.9, 125, 64.56, 87.89, , , , , 
1/31/2020 3:30:47 AM, 3281.25, 9187.75, 1644.1, 327.68, 222.6, 163.93, 323.87, 172.78, 245.81, 98.02, 30.6, 63.9, 125, 64.56, 87.89, , , , , 
1/31/2020 3:30:50 AM, 3281.25, 9187.75, 1644.1, 327.68, 222.6, 163.93, 323.87, 172.78, 245.81, 98.02, 30.6, 63.9, 125, 64.56, 87.89, , , , , 
1/31/2020 3:30:53 AM, 3280.75, 9186.25, 1643.8, 327.68, 222.6, 163.93, 323.87, 172.78, 245.81, 98.02, 30.6, 63.9, 125, 64.56, 87.89, , , , , 
1/31/2020 3:30:56 AM, 3280.75, 9186.25, 1643.8, 327.68, 222.6, 163.93, 323.87, 172.78, 245.81, 98.02, 30.6, 63.9, 125, 64.56, 87.89, , , , , 
1/31/2020 3:31:00 AM, 3280.75, 9186.25, 1643.9, 327.68, 222.6, 163.93, 323.87, 172.78, 245.81, 98.02, 30.6, 63.9, 125, 64.56, 87.89, , , , , 
1/31/2020 3:31:03 AM, 3280.75, 9186.25, 1643.9, 327.68, 222.6, 163.93, 323.87, 172.78, 245.81, 98.02, 30.6, 63.9, 125, 64.56, 87.89, , , , , 
1/31/2020 3:31:06 AM, 3280.75, 9186.5, 1643.9, 327.68, 222.6, 163.93, 323.87, 172.78, 245.81, 98.02, 30.6, 63.9, 125, 64.56, 87.89, , , , , 
1/31/2020 3:31:09 AM, 3280.75, 9186.25, 1643.9, 327.68, 222.6, 163.93, 323.87, 172.78, 245.81, 98.02, 30.6, 63.9, 125, 64.56, 87.89, , , , , 
1/31/2020 3:31:12 AM, 3280.75, 9186.5, 1643.9, 327.68, 222.6, 163.93, 323.87, 172.78, 245.81, 98.02, 30.6, 63.9, 125, 64.56, 87.89, , , , , 
1/31/2020 3:31:15 AM, 3280.75, 9186, 1643.9, 327.68, 222.6, 163.93, 323.87, 172.78, 245.81, 98.02, 30.6, 63.9, 125, 64.56, 87.89, , , , , 
1/31/2020 3:31:18 AM, 3280.75, 9186.75, 1643.8, 327.68, 222.6, 163.93, 323.87, 172.78, 245.81, 98.02, 30.6, 63.9, 125, 64.56, 87.89, , , , , 
1/31/2020 3:31:21 AM, 3280.75, 9186.75, 1643.9, 327.68, 222.6, 163.93, 323.87, 172.78, 245.81, 98.02, 30.6, 63.9, 125, 64.56, 87.89, , , , , 
1/31/2020 3:31:24 AM, 3280.75, 9186, 1643.9, 327.68, 222.6, 163.93, 323.87, 172.78, 245.81, 98.02, 30.6, 63.9, 125, 64.56, 87.89, , , , , 
1/31/2020 3:31:27 AM, 3280.75, 9186.5, 1643.8, 327.68, 222.6, 163.93, 323.87, 172.78, 245.81, 98.02, 30.6, 63.9, 125, 64.56, 87.89, , , , , 
1/31/2020 3:31:30 AM, 3280.75, 9186.5, 1643.8, 327.68, 222.6, 163.93, 323.87, 172.78, 245.81, 98.02, 30.6, 63.9, 125, 64.56, 87.89, , , , , 
1/31/2020 3:31:33 AM, 3280.75, 9186, 1643.8, 327.68, 222.6, 163.93, 323.87, 172.78, 245.81, 98.02, 30.6, 63.9, 125, 64.56, 87.89, , , , , 
1/31/2020 3:31:36 AM, 3280.75, 9186, 1643.8, 327.68, 222.6, 163.93, 323.87, 172.78, 245.81, 98.02, 30.6, 63.9, 125, 64.56, 87.89, , , , , 
1/31/2020 3:31:39 AM, 3280.5, 9186, 1643.8, 327.68, 222.6, 163.93, 323.87, 172.78, 245.81, 98.02, 30.6, 63.9, 125, 64.56, 87.89, , , , , 
1/31/2020 3:31:42 AM, 3280.5, 9186, 1643.8, 327.68, 222.6, 163.93, 323.87, 172.78, 245.81, 98.02, 30.6, 63.9, 125, 64.56, 87.89, , , , , 
1/31/2020 3:31:45 AM, 3280, 9183.25, 1643.3, 327.68, 222.6, 163.93, 323.87, 172.78, 245.81, 98.02, 30.6, 63.9, 125, 64.56, 87.89, , , , , 
1/31/2020 3:31:48 AM, 3280, 9183.25, 1643.3, 327.68, 222.6, 163.93, 323.87, 172.78, 245.81, 98.02, 30.6, 63.9, 125, 64.56, 87.89, , , , , 
1/31/2020 3:31:51 AM, 3280, 9182.75, 1643.4, 327.68, 222.6, 163.93, 323.87, 172.78, 245.81, 98.02, 30.6, 63.9, 125, 64.56, 87.89, , , , , 
1/31/2020 3:31:54 AM, 3280, 9182.75, 1643.4, 327.68, 222.6, 163.93, 323.87, 172.78, 245.81, 98.02, 30.6, 63.9, 125, 64.56, 87.89, , , , , 
1/31/2020 3:31:57 AM, 3279.75, 9182.75, 1643.3, 327.68, 222.6, 163.93, 323.87, 172.78, 245.81, 98.02, 30.6, 63.9, 125, 64.56, 87.89, , , , , 
1/31/2020 3:32:00 AM, 3279.75, 9182.75, 1643.3, 327.68, 222.6, 163.93, 323.87, 172.78, 245.81, 98.02, 30.6, 63.9, 125, 64.56, 87.89, , , , , 
1/31/2020 3:32:03 AM, 3279.75, 9182.75, 1643.4, 327.68, 222.6, 163.93, 323.87, 172.78, 245.81, 98.02, 30.6, 63.9, 125, 64.56, 87.89, , , , , 
1/31/2020 3:32:06 AM, 3280, 9182.75, 1643.5, 327.68, 222.6, 163.93, 323.87, 172.78, 245.81, 98.02, 30.6, 63.9, 125, 64.56, 87.89, , , , , 
1/31/2020 3:32:09 AM, 3280.25, 9183.5, 1643.6, 327.68, 222.6, 163.93, 323.87, 172.78, 245.81, 98.02, 30.6, 63.9, 125, 64.56, 87.89, , , , , 
1/31/2020 3:32:12 AM, 3280.25, 9183.5, 1643.6, 327.68, 222.6, 163.93, 323.87, 172.78, 245.81, 98.02, 30.6, 63.9, 125, 64.56, 87.89, , , , , 
1/31/2020 3:32:15 AM, 3280.25, 9183.25, 1643.6, 327.68, 222.6, 163.93, 323.87, 172.78, 245.81, 98.02, 30.6, 63.9, 125, 64.56, 87.89, , , , , 
1/31/2020 3:32:18 AM, 3280.25, 9183.25, 1643.6, 327.68, 222.6, 163.93, 323.87, 172.78, 245.81, 98.02, 30.6, 63.9, 125, 64.56, 87.89, , , , , 
1/31/2020 3:32:21 AM, 3280.5, 9185, 1644, 327.68, 222.6, 163.93, 323.87, 172.78, 245.81, 98.02, 30.6, 63.9, 125, 64.56, 87.89, , , , , 
1/31/2020 3:32:24 AM, 3280.5, 9185, 1644, 327.68, 222.6, 163.93, 323.87, 172.78, 245.81, 98.02, 30.6, 63.9, 125, 64.56, 87.89, , , , , 
1/31/2020 3:32:27 AM, 3280.75, 9185.5, 1644, 327.68, 222.6, 163.93, 323.87, 172.78, 245.81, 98.02, 30.6, 63.9, 125, 64.56, 87.89, , , , , 
1/31/2020 3:32:30 AM, 3280.75, 9185.5, 1644, 327.68, 222.6, 163.93, 323.87, 172.78, 245.81, 98.02, 30.6, 63.9, 125, 64.56, 87.89, , , , , 
1/31/2020 3:32:33 AM, 3280.5, 9184.5, 1643.9, 327.68, 222.6, 163.93, 323.87, 172.78, 245.81, 98.02, 30.6, 63.9, 125, 64.56, 87.89, , , , , 
1/31/2020 3:32:36 AM, 3280.5, 9184.5, 1643.9, 327.68, 222.6, 163.93, 323.87, 172.78, 245.81, 98.02, 30.6, 63.9, 125, 64.56, 87.89, , , , , 
1/31/2020 3:32:39 AM, 3281, 9185, 1643.9, 327.68, 222.6, 163.93, 323.87, 172.78, 245.81, 98.02, 30.6, 63.9, 125, 64.56, 87.89, , , , , 
1/31/2020 3:32:42 AM, 3281, 9185, 1643.9, 327.68, 222.6, 163.93, 323.87, 172.78, 245.81, 98.02, 30.6, 63.9, 125, 64.56, 87.89, , , , , 
1/31/2020 3:32:45 AM, 3280.75, 9185.25, 1644, 327.68, 222.6, 163.93, 323.87, 172.78, 245.81, 98.02, 30.6, 63.9, 125, 64.56, 87.89, , , , , 
1/31/2020 3:32:48 AM, 3280.75, 9185.25, 1644, 327.68, 222.6, 163.93, 323.87, 172.78, 245.81, 98.02, 30.6, 63.9, 125, 64.56, 87.89, , , , , 
1/31/2020 3:32:51 AM, 3280.5, 9185, 1644, 327.68, 222.6, 163.93, 323.87, 172.78, 245.81, 98.02, 30.6, 63.9, 125, 64.56, 87.89, , , , , 
1/31/2020 3:32:54 AM, 3280.5, 9185, 1644, 327.68, 222.6, 163.93, 323.87, 172.78, 245.81, 98.02, 30.6, 63.9, 125, 64.56, 87.89, , , , , 
1/31/2020 3:32:57 AM, 3279.75, 9182, 1643.4, 327.68, 222.6, 163.93, 323.87, 172.78, 245.81, 98.02, 30.6, 63.9, 125, 64.56, 87.89, , , , , 
1/31/2020 3:33:00 AM, 3279.75, 9182, 1643.4, 327.68, 222.6, 163.93, 323.87, 172.78, 245.81, 98.02, 30.6, 63.9, 125, 64.56, 87.89, , , , , 
1/31/2020 3:33:03 AM, 3279.5, 9181, 1643.4, 327.68, 222.6, 163.93, 323.87, 172.78, 245.81, 98.02, 30.6, 63.9, 125, 64.56, 87.89, , , , , 
1/31/2020 3:33:06 AM, 3278.75, 9179.25, 1642.9, 327.68, 222.6, 163.93, 323.87, 172.78, 245.81, 98.02, 30.6, 63.9, 125, 64.56, 87.89, , , , , 
1/31/2020 3:33:09 AM, 3279.25, 9181, 1643.1, 327.68, 222.6, 163.93, 323.87, 172.78, 245.81, 98.02, 30.6, 63.9, 125, 64.56, 87.89, , , , , 
1/31/2020 3:33:12 AM, 3279.25, 9180, 1643.1, 327.68, 222.6, 163.93, 323.87, 172.78, 245.81, 98.02, 30.6, 63.9, 125, 64.56, 87.89, , , , , 
1/31/2020 3:33:15 AM, 3279.25, 9180.25, 1643.1, 327.68, 222.6, 163.93, 323.87, 172.78, 245.81, 98.02, 30.6, 63.9, 125, 64.56, 87.89, , , , , 
1/31/2020 3:33:19 AM, 3279, 9180, 1643.1, 327.68, 222.6, 163.93, 323.87, 172.78, 245.81, 98.02, 30.6, 63.9, 125, 64.56, 87.89, , , , , 
1/31/2020 3:33:22 AM, 3279.25, 9180.75, 1643.1, 327.68, 222.6, 163.93, 323.87, 172.78, 245.81, 98.02, 30.6, 63.9, 125, 64.56, 87.89, , , , , 
1/31/2020 3:33:25 AM, 3279, 9180.25, 1643.1, 327.68, 222.6, 163.93, 323.87, 172.78, 245.81, 98.02, 30.6, 63.9, 125, 64.56, 87.89, , , , , 
1/31/2020 3:33:28 AM, 3279.25, 9180.5, 1643.2, 327.68, 222.6, 163.93, 323.87, 172.78, 245.81, 98.02, 30.6, 63.9, 125, 64.56, 87.89, , , , , 
1/31/2020 3:33:31 AM, 3279.25, 9180.5, 1643.2, 327.68, 222.6, 163.93, 323.87, 172.78, 245.81, 98.02, 30.6, 63.9, 125, 64.56, 87.89, , , , , 
1/31/2020 3:33:34 AM, 3279.25, 9181.25, 1643.2, 327.68, 222.6, 163.93, 323.87, 172.78, 245.81, 98.02, 30.6, 63.9, 125, 64.56, 87.89, , , , , 
1/31/2020 3:33:37 AM, 3279.25, 9180.5, 1643.1, 327.68, 222.6, 163.93, 323.87, 172.78, 245.81, 98.02, 30.6, 63.9, 125, 64.56, 87.89, , , , , 
1/31/2020 3:33:40 AM, 3278.75, 9179.5, 1643, 327.68, 222.6, 163.93, 323.87, 172.78, 245.81, 98.02, 30.6, 63.9, 125, 64.56, 87.89, , , , , 
1/31/2020 3:33:43 AM, 3279, 9180.25, 1643, 327.68, 222.6, 163.93, 323.87, 172.78, 245.81, 98.02, 30.6, 63.9, 125, 64.56, 87.89, , , , , 
1/31/2020 3:33:46 AM, 3279, 9179.25, 1643, 327.68, 222.6, 163.93, 323.87, 172.78, 245.81, 98.02, 30.6, 63.9, 125, 64.56, 87.89, , , , , 
1/31/2020 3:33:49 AM, 3279, 9179.5, 1643, 327.68, 222.6, 163.93, 323.87, 172.78, 245.81, 98.02, 30.6, 63.9, 125, 64.56, 87.89, , , , , 
1/31/2020 3:33:52 AM, 3278.75, 9179.5, 1643, 327.68, 222.6, 163.93, 323.87, 172.78, 245.81, 98.02, 30.6, 63.9, 125, 64.56, 87.89, , , , , 
1/31/2020 3:33:55 AM, 3279, 9180.25, 1643.1, 327.68, 222.6, 163.93, 323.87, 172.78, 245.81, 98.02, 30.6, 63.9, 125, 64.56, 87.89, , , , , 
1/31/2020 3:33:58 AM, 3279, 9180.25, 1643, 327.68, 222.6, 163.93, 323.87, 172.78, 245.81, 98.02, 30.6, 63.9, 125, 64.56, 87.89, , , , , 
1/31/2020 3:34:01 AM, 3279, 9179.75, 1643, 327.68, 222.6, 163.93, 323.87, 172.78, 245.81, 98.02, 30.6, 63.9, 125, 64.56, 87.89, , , , , 
1/31/2020 3:34:04 AM, 3278.75, 9179.75, 1642.9, 327.68, 222.6, 163.93, 323.87, 172.78, 245.81, 98.02, 30.6, 63.9, 125, 64.56, 87.89, , , , , 
1/31/2020 3:34:07 AM, 3278.75, 9180.5, 1643, 327.68, 222.6, 163.93, 323.87, 172.78, 245.81, 98.02, 30.6, 63.9, 125, 64.56, 87.89, , , , , 
1/31/2020 3:34:10 AM, 3279.25, 9181.5, 1643, 327.68, 222.6, 163.93, 323.87, 172.78, 245.81, 98.02, 30.6, 63.9, 125, 64.56, 87.89, , , , , 
1/31/2020 3:34:13 AM, 3279.5, 9181.75, 1643, 327.68, 222.6, 163.93, 323.87, 172.78, 245.81, 98.02, 30.6, 63.9, 125, 64.56, 87.89, , , , , 
1/31/2020 3:34:16 AM, 3278.75, 9179.75, 1642.9, 327.68, 222.6, 163.93, 323.87, 172.78, 245.81, 98.02, 30.6, 63.9, 125, 64.56, 87.89, , , , , 
1/31/2020 3:34:19 AM, 3279, 9180, 1642.9, 327.68, 222.6, 163.93, 323.87, 172.78, 245.81, 98.02, 30.6, 63.9, 125, 64.56, 87.89, , , , , 
1/31/2020 3:34:22 AM, 3279, 9180.25, 1643, 327.68, 222.6, 163.93, 323.87, 172.78, 245.81, 98.02, 30.6, 63.9, 125, 64.56, 87.89, , , , , 
1/31/2020 3:34:25 AM, 3278.75, 9180, 1643, 327.68, 222.6, 163.93, 323.87, 172.78, 245.81, 98.02, 30.6, 63.9, 125, 64.56, 87.89, , , , , 
1/31/2020 3:34:28 AM, 3279, 9180.25, 1643, 327.68, 222.6, 163.93, 323.87, 172.78, 245.81, 98.02, 30.6, 63.9, 125, 64.56, 87.89, , , , , 
1/31/2020 3:34:31 AM, 3279, 9180.5, 1643, 327.68, 222.6, 163.93, 323.87, 172.78, 245.81, 98.02, 30.6, 63.9, 125, 64.56, 87.89, , , , , 
1/31/2020 3:34:34 AM, 3279, 9180.75, 1643.1, 327.68, 222.6, 163.93, 323.87, 172.78, 245.81, 98.02, 30.6, 63.9, 125, 64.56, 87.89, , , , , 
1/31/2020 3:34:37 AM, 3279.25, 9180.5, 1643.1, 327.68, 222.6, 163.93, 323.87, 172.78, 245.81, 98.02, 30.6, 63.9, 125, 64.56, 87.89, , , , , 
1/31/2020 3:34:40 AM, 3279, 9180, 1643, 327.68, 222.6, 163.93, 323.87, 172.78, 245.81, 98.02, 30.6, 63.9, 125, 64.56, 87.89, , , , , 
1/31/2020 3:34:43 AM, 3278.75, 9179.75, 1643, 327.68, 222.6, 163.93, 323.87, 172.78, 245.81, 98.02, 30.6, 63.9, 125, 64.56, 87.89, , , , , 
1/31/2020 3:34:46 AM, 3278.75, 9180.25, 1643, 327.68, 222.6, 163.93, 323.87, 172.78, 245.81, 98.02, 30.6, 63.9, 125, 64.56, 87.89, , , , , 
1/31/2020 3:34:49 AM, 3278.75, 9180, 1643, 327.68, 222.6, 163.93, 323.87, 172.78, 245.81, 98.02, 30.6, 63.9, 125, 64.56, 87.89, , , , , 
1/31/2020 3:34:52 AM, 3278.75, 9179.75, 1643, 327.68, 222.6, 163.93, 323.87, 172.78, 245.81, 98.02, 30.6, 63.9, 125, 64.56, 87.89, , , , , 
1/31/2020 3:34:55 AM, 3278.75, 9179.5, 1643, 327.68, 222.6, 163.93, 323.87, 172.78, 245.81, 98.02, 30.6, 63.9, 125, 64.56, 87.89, , , , , 
1/31/2020 3:34:58 AM, 3278.75, 9179.75, 1642.9, 327.68, 222.6, 163.93, 323.87, 172.78, 245.81, 98.02, 30.6, 63.9, 125, 64.56, 87.89, , , , , 
1/31/2020 3:35:01 AM, 3279, 9180, 1643, 327.68, 222.6, 163.93, 323.87, 172.78, 245.81, 98.02, 30.6, 63.9, 125, 64.56, 87.89, , , , , 
1/31/2020 3:35:04 AM, 3279, 9179.75, 1643, 327.68, 222.6, 163.93, 323.87, 172.78, 245.81, 98.02, 30.6, 63.9, 125, 64.56, 87.89, , , , , 
1/31/2020 3:35:07 AM, 3279.25, 9180.75, 1643.2, 327.68, 222.6, 163.93, 323.87, 172.78, 245.81, 98.02, 30.6, 63.9, 125, 64.56, 87.89, , , , , 
1/31/2020 3:35:10 AM, 3279.25, 9181.25, 1643.1, 327.68, 222.6, 163.93, 323.87, 172.78, 245.81, 98.02, 30.6, 63.9, 125, 64.56, 87.89, , , , , 
1/31/2020 3:35:13 AM, 3279.75, 9182.75, 1643.5, 327.68, 222.6, 163.93, 323.87, 172.78, 245.81, 98.02, 30.6, 63.9, 125, 64.56, 87.89, , , , , 
1/31/2020 3:35:16 AM, 3280, 9183.5, 1643.5, 327.68, 222.6, 163.93, 323.87, 172.78, 245.81, 98.02, 30.6, 63.9, 125, 64.56, 87.89, , , , , 
1/31/2020 3:35:19 AM, 3279.5, 9183, 1643.5, 327.68, 222.6, 163.93, 323.87, 172.78, 245.81, 98.02, 30.6, 63.9, 125, 64.56, 87.89, , , , , 
1/31/2020 3:35:22 AM, 3279.75, 9182.5, 1643.6, 327.68, 222.6, 163.93, 323.87, 172.78, 245.81, 98.02, 30.6, 63.9, 125, 64.56, 87.89, , , , , 
1/31/2020 3:35:25 AM, 3279.75, 9183, 1643.6, 327.68, 222.6, 163.93, 323.87, 172.78, 245.81, 98.02, 30.6, 63.9, 125, 64.56, 87.89, , , , , 
1/31/2020 3:35:28 AM, 3279.75, 9183, 1643.6, 327.68, 222.6, 163.93, 323.87, 172.78, 245.81, 98.02, 30.6, 63.9, 125, 64.56, 87.89, , , , , 
1/31/2020 3:35:31 AM, 3280, 9183.25, 1643.6, 327.68, 222.6, 163.93, 323.87, 172.78, 245.81, 98.02, 30.6, 63.9, 125, 64.56, 87.89, , , , , 
1/31/2020 3:35:34 AM, 3279.75, 9183, 1643.6, 327.68, 222.6, 163.93, 323.87, 172.78, 245.81, 98.02, 30.6, 63.9, 125, 64.56, 87.89, , , , , 
1/31/2020 3:35:37 AM, 3279.75, 9182.75, 1643.6, 327.68, 222.6, 163.93, 323.87, 172.78, 245.81, 98.02, 30.6, 63.9, 125, 64.56, 87.89, , , , , 
1/31/2020 3:35:41 AM, 3279.75, 9182.75, 1643.7, 327.68, 222.6, 163.93, 323.87, 172.78, 245.81, 98.02, 30.6, 63.9, 125, 64.56, 87.89, , , , , 
1/31/2020 3:35:50 AM, 3279.5, 9181.5, 1643.5, 327.68, 222.6, 163.93, 323.87, 172.78, 245.81, 98.02, 30.6, 63.9, 125, 64.56, 87.89, , , , , 
1/31/2020 3:35:53 AM, 3279.5, 9182.25, 1643.5, 327.68, 222.6, 163.93, 323.87, 172.78, 245.81, 98.02, 30.6, 63.9, 125, 64.56, 87.89, , , , , 
1/31/2020 3:35:56 AM, 3279.5, 9181.75, 1643.5, 327.68, 222.6, 163.93, 323.87, 172.78, 245.81, 98.02, 30.6, 63.9, 125, 64.56, 87.89, , , , , 
1/31/2020 3:35:59 AM, 3279.5, 9182.25, 1643.6, 327.68, 222.6, 163.93, 323.87, 172.78, 245.81, 98.02, 30.6, 63.9, 125, 64.56, 87.89, , , , , 
1/31/2020 3:36:02 AM, 3279.75, 9182.25, 1643.6, 327.68, 222.6, 163.93, 323.87, 172.78, 245.81, 98.02, 30.6, 63.9, 125, 64.56, 87.89, , , , , 
1/31/2020 3:36:05 AM, 3279.75, 9182.5, 1643.6, 327.68, 222.6, 163.93, 323.87, 172.78, 245.81, 98.02, 30.6, 63.9, 125, 64.56, 87.89, , , , , 
1/31/2020 3:36:08 AM, 3279.75, 9182.25, 1643.6, 327.68, 222.6, 163.93, 323.87, 172.78, 245.81, 98.02, 30.6, 63.9, 125, 64.56, 87.89, , , , , 
1/31/2020 3:36:11 AM, 3279.5, 9182, 1643.6, 327.68, 222.6, 163.93, 323.87, 172.78, 245.81, 98.02, 30.6, 63.9, 125, 64.56, 87.89, , , , , 
1/31/2020 3:36:14 AM, 3279.75, 9182, 1643.6, 327.68, 222.6, 163.93, 323.87, 172.78, 245.81, 98.02, 30.6, 63.9, 125, 64.56, 87.89, , , , , 
1/31/2020 3:36:17 AM, 3279.75, 9182.25, 1643.6, 327.68, 222.6, 163.93, 323.87, 172.78, 245.81, 98.02, 30.6, 63.9, 125, 64.56, 87.89, , , , , 
1/31/2020 3:36:20 AM, 3279.75, 9182.5, 1643.6, 327.68, 222.6, 163.93, 323.87, 172.78, 245.81, 98.02, 30.6, 63.9, 125, 64.56, 87.89, , , , , 
1/31/2020 3:36:23 AM, 3279.75, 9182.5, 1643.7, 327.68, 222.6, 163.93, 323.87, 172.78, 245.81, 98.02, 30.6, 63.9, 125, 64.56, 87.89, , , , , 
1/31/2020 3:36:26 AM, 3279.75, 9182.25, 1643.6, 327.68, 222.6, 163.93, 323.87, 172.78, 245.81, 98.02, 30.6, 63.9, 125, 64.56, 87.89, , , , , 
1/31/2020 3:36:29 AM, 3279.75, 9182.25, 1643.7, 327.68, 222.6, 163.93, 323.87, 172.78, 245.81, 98.02, 30.6, 63.9, 125, 64.56, 87.89, , , , , 
1/31/2020 3:36:32 AM, 3279.75, 9182.25, 1643.7, 327.68, 222.6, 163.93, 323.87, 172.78, 245.81, 98.02, 30.6, 63.9, 125, 64.56, 87.89, , , , , 
1/31/2020 3:36:35 AM, 3279.75, 9182.25, 1643.7, 327.68, 222.6, 163.93, 323.87, 172.78, 245.81, 98.02, 30.6, 63.9, 125, 64.56, 87.89, , , , , 
1/31/2020 3:36:38 AM, 3279.75, 9182.5, 1643.7, 327.68, 222.6, 163.93, 323.87, 172.78, 245.81, 98.02, 30.6, 63.9, 125, 64.56, 87.89, , , , , 
1/31/2020 3:36:41 AM, 3279.75, 9182.5, 1643.7, 327.68, 222.6, 163.93, 323.87, 172.78, 245.81, 98.02, 30.6, 63.9, 125, 64.56, 87.89, , , , , 
1/31/2020 3:36:45 AM, 3279.5, 9181.5, 1643.6, 327.68, 222.6, 163.93, 323.87, 172.78, 245.81, 98.02, 30.6, 63.9, 125, 64.56, 87.89, , , , , 
1/31/2020 3:36:48 AM, 3279.5, 9181.5, 1643.6, 327.68, 222.6, 163.93, 323.87, 172.78, 245.81, 98.02, 30.6, 63.9, 125, 64.56, 87.89, , , , , 
1/31/2020 3:36:51 AM, 3279.5, 9181.5, 1643.6, 327.68, 222.6, 163.93, 323.87, 172.78, 245.81, 98.02, 30.6, 63.9, 125, 64.56, 87.89, , , , , 
1/31/2020 3:36:54 AM, 3279.5, 9181.5, 1643.6, 327.68, 222.6, 163.93, 323.87, 172.78, 245.81, 98.02, 30.6, 63.9, 125, 64.56, 87.89, , , , , 
1/31/2020 3:36:57 AM, 3279.5, 9181.25, 1643.5, 327.68, 222.6, 163.93, 323.87, 172.78, 245.81, 98.02, 30.6, 63.9, 125, 64.56, 87.89, , , , , 
1/31/2020 3:37:00 AM, 3279.5, 9181.25, 1643.5, 327.68, 222.6, 163.93, 323.87, 172.78, 245.81, 98.02, 30.6, 63.9, 125, 64.56, 87.89, , , , , 
1/31/2020 3:37:03 AM, 3279.25, 9181.25, 1643.5, 327.68, 222.6, 163.93, 323.87, 172.78, 245.81, 98.02, 30.6, 63.9, 125, 64.56, 87.89, , , , , 
1/31/2020 3:37:06 AM, 3279.25, 9181.25, 1643.5, 327.68, 222.6, 163.93, 323.87, 172.78, 245.81, 98.02, 30.6, 63.9, 125, 64.56, 87.89, , , , , 
1/31/2020 3:37:09 AM, 3279, 9180.5, 1643.4, 327.68, 222.6, 163.93, 323.87, 172.78, 245.81, 98.02, 30.6, 63.9, 125, 64.56, 87.89, , , , , 
1/31/2020 3:37:12 AM, 3279, 9180.5, 1643.4, 327.68, 222.6, 163.93, 323.87, 172.78, 245.81, 98.02, 30.6, 63.9, 125, 64.56, 87.89, , , , , 
1/31/2020 3:37:15 AM, 3278.75, 9179.75, 1643.3, 327.68, 222.6, 163.93, 323.87, 172.78, 245.81, 98.02, 30.6, 63.9, 125, 64.56, 87.89, , , , , 
1/31/2020 3:37:18 AM, 3278.75, 9179.75, 1643.3, 327.68, 222.6, 163.93, 323.87, 172.78, 245.81, 98.02, 30.6, 63.9, 125, 64.56, 87.89, , , , , 
1/31/2020 3:37:21 AM, 3278.75, 9180, 1643.3, 327.68, 222.6, 163.93, 323.87, 172.78, 245.81, 98.02, 30.6, 63.9, 125, 64.56, 87.89, , , , , 
1/31/2020 3:37:24 AM, 3278.75, 9180, 1643.3, 327.68, 222.6, 163.93, 323.87, 172.78, 245.81, 98.02, 30.6, 63.9, 125, 64.56, 87.89, , , , , 
1/31/2020 3:37:27 AM, 3278.75, 9179.5, 1643.2, 327.68, 222.6, 163.93, 323.87, 172.78, 245.81, 98.02, 30.6, 63.9, 125, 64.56, 87.89, , , , , 
1/31/2020 3:37:30 AM, 3278.75, 9179.5, 1643.2, 327.68, 222.6, 163.93, 323.87, 172.78, 245.81, 98.02, 30.6, 63.9, 125, 64.56, 87.89, , , , , 
1/31/2020 3:37:33 AM, 3278.75, 9178.5, 1643.2, 327.68, 222.6, 163.93, 323.87, 172.78, 245.81, 98.02, 30.6, 63.9, 125, 64.56, 87.89, , , , , 
1/31/2020 3:37:36 AM, 3278.75, 9178.5, 1643.2, 327.68, 222.6, 163.93, 323.87, 172.78, 245.81, 98.02, 30.6, 63.9, 125, 64.56, 87.89, , , , , 
1/31/2020 3:37:39 AM, 3278.75, 9179.25, 1643.2, 327.68, 222.6, 163.93, 323.87, 172.78, 245.81, 98.02, 30.6, 63.9, 125, 64.56, 87.89, , , , , 
1/31/2020 3:37:42 AM, 3278.75, 9179.25, 1643.2, 327.68, 222.6, 163.93, 323.87, 172.78, 245.81, 98.02, 30.6, 63.9, 125, 64.56, 87.89, , , , , 
1/31/2020 3:37:45 AM, 3279, 9180, 1643.3, 327.68, 222.6, 163.93, 323.87, 172.78, 245.81, 98.02, 30.6, 63.9, 125, 64.56, 87.89, , , , , 
1/31/2020 3:37:48 AM, 3279, 9180, 1643.3, 327.68, 222.6, 163.93, 323.87, 172.78, 245.81, 98.02, 30.6, 63.9, 125, 64.56, 87.89, , , , , 
1/31/2020 3:37:51 AM, 3279, 9180.25, 1643.4, 327.68, 222.6, 163.93, 323.87, 172.78, 245.81, 98.02, 30.6, 63.9, 125, 64.56, 87.89, , , , , 
1/31/2020 3:37:54 AM, 3279, 9180.25, 1643.4, 327.68, 222.6, 163.93, 323.87, 172.78, 245.81, 98.02, 30.6, 63.9, 125, 64.56, 87.89, , , , , 
1/31/2020 3:37:57 AM, 3279.25, 9180.5, 1643.4, 327.68, 222.6, 163.93, 323.87, 172.78, 245.81, 98.02, 30.6, 63.9, 125, 64.56, 87.89, , , , , 
1/31/2020 3:38:00 AM, 3279.25, 9180.5, 1643.4, 327.68, 222.6, 163.93, 323.87, 172.78, 245.81, 98.02, 30.6, 63.9, 125, 64.56, 87.89, , , , , 
1/31/2020 3:38:03 AM, 3279, 9179.5, 1643.3, 327.68, 222.6, 163.93, 323.87, 172.78, 245.81, 98.02, 30.6, 63.9, 125, 64.56, 87.89, , , , , 
1/31/2020 3:38:06 AM, 3279, 9179.5, 1643.3, 327.68, 222.6, 163.93, 323.87, 172.78, 245.81, 98.02, 30.6, 63.9, 125, 64.56, 87.89, , , , , 
1/31/2020 3:38:09 AM, 3279, 9179.75, 1643.3, 327.68, 222.6, 163.93, 323.87, 172.78, 245.81, 98.02, 30.6, 63.9, 125, 64.56, 87.89, , , , , 
1/31/2020 3:38:12 AM, 3279, 9179.75, 1643.3, 327.68, 222.6, 163.93, 323.87, 172.78, 245.81, 98.02, 30.6, 63.9, 125, 64.56, 87.89, , , , , 
1/31/2020 3:38:15 AM, 3279, 9180.25, 1643.4, 327.68, 222.6, 163.93, 323.87, 172.78, 245.81, 98.02, 30.6, 63.9, 125, 64.56, 87.89, , , , , 
1/31/2020 3:38:18 AM, 3279, 9180.25, 1643.4, 327.68, 222.6, 163.93, 323.87, 172.78, 245.81, 98.02, 30.6, 63.9, 125, 64.56, 87.89, , , , , 
1/31/2020 3:38:21 AM, 3279, 9180, 1643.3, 327.68, 222.6, 163.93, 323.87, 172.78, 245.81, 98.02, 30.6, 63.9, 125, 64.56, 87.89, , , , , 
1/31/2020 3:38:24 AM, 3279, 9180, 1643.3, 327.68, 222.6, 163.93, 323.87, 172.78, 245.81, 98.02, 30.6, 63.9, 125, 64.56, 87.89, , , , , 
1/31/2020 3:38:27 AM, 3279, 9179.75, 1643.3, 327.68, 222.6, 163.93, 323.87, 172.78, 245.81, 98.02, 30.6, 63.9, 125, 64.56, 87.89, , , , , 
1/31/2020 3:38:30 AM, 3279, 9179.75, 1643.3, 327.68, 222.6, 163.93, 323.87, 172.78, 245.81, 98.02, 30.6, 63.9, 125, 64.56, 87.89, , , , , 
1/31/2020 3:38:33 AM, 3279, 9179.75, 1643.3, 327.68, 222.6, 163.93, 323.87, 172.78, 245.81, 98.02, 30.6, 63.9, 125, 64.56, 87.89, , , , , 
1/31/2020 3:38:36 AM, 3279, 9179.75, 1643.3, 327.68, 222.6, 163.93, 323.87, 172.78, 245.81, 98.02, 30.6, 63.9, 125, 64.56, 87.89, , , , , 
1/31/2020 3:38:39 AM, 3278.5, 9178.25, 1643.1, 327.68, 222.6, 163.93, 323.87, 172.78, 245.81, 98.02, 30.6, 63.9, 125, 64.56, 87.89, , , , , 
1/31/2020 3:38:42 AM, 3278.5, 9178.25, 1643.1, 327.68, 222.6, 163.93, 323.87, 172.78, 245.81, 98.02, 30.6, 63.9, 125, 64.56, 87.89, , , , , 
1/31/2020 3:38:45 AM, 3279, 9179.5, 1643.3, 327.68, 222.6, 163.93, 323.87, 172.78, 245.81, 98.02, 30.6, 63.9, 125, 64.56, 87.89, , , , , 
1/31/2020 3:38:48 AM, 3279, 9179.5, 1643.3, 327.68, 222.6, 163.93, 323.87, 172.78, 245.81, 98.02, 30.6, 63.9, 125, 64.56, 87.89, , , , , 
1/31/2020 3:38:51 AM, 3279, 9180, 1643.4, 327.68, 222.6, 163.93, 323.87, 172.78, 245.81, 98.02, 30.6, 63.9, 125, 64.56, 87.89, , , , , 
1/31/2020 3:38:54 AM, 3279, 9180, 1643.4, 327.68, 222.6, 163.93, 323.87, 172.78, 245.81, 98.02, 30.6, 63.9, 125, 64.56, 87.89, , , , , 
1/31/2020 3:38:57 AM, 3279.25, 9180.5, 1643.5, 327.68, 222.6, 163.93, 323.87, 172.78, 245.81, 98.02, 30.6, 63.9, 125, 64.56, 87.89, , , , , 
1/31/2020 3:39:00 AM, 3279.25, 9180.5, 1643.5, 327.68, 222.6, 163.93, 323.87, 172.78, 245.81, 98.02, 30.6, 63.9, 125, 64.56, 87.89, , , , , 
1/31/2020 3:39:03 AM, 3279, 9180.75, 1643.5, 327.68, 222.6, 163.93, 323.87, 172.78, 245.81, 98.02, 30.6, 63.9, 125, 64.56, 87.89, , , , , 
1/31/2020 3:39:06 AM, 3279, 9180.75, 1643.5, 327.68, 222.6, 163.93, 323.87, 172.78, 245.81, 98.02, 30.6, 63.9, 125, 64.56, 87.89, , , , , 
1/31/2020 3:39:10 AM, 3279, 9180.75, 1643.5, 327.68, 222.6, 163.93, 323.87, 172.78, 245.81, 98.02, 30.6, 63.9, 125, 64.56, 87.89, , , , , 
1/31/2020 3:39:13 AM, 3279.25, 9180.75, 1643.4, 327.68, 222.6, 163.93, 323.87, 172.78, 245.81, 98.02, 30.6, 63.9, 125, 64.56, 87.89, , , , , 
1/31/2020 3:39:16 AM, 3279.25, 9180.75, 1643.4, 327.68, 222.6, 163.93, 323.87, 172.78, 245.81, 98.02, 30.6, 63.9, 125, 64.56, 87.89, , , , , 
1/31/2020 3:39:19 AM, 3279.5, 9181, 1643.4, 327.68, 222.6, 163.93, 323.87, 172.78, 245.81, 98.02, 30.6, 63.9, 125, 64.56, 87.89, , , , , 
1/31/2020 3:39:22 AM, 3279.5, 9181, 1643.4, 327.68, 222.6, 163.93, 323.87, 172.78, 245.81, 98.02, 30.6, 63.9, 125, 64.56, 87.89, , , , , 
1/31/2020 3:39:25 AM, 3279.25, 9182, 1643.6, 327.68, 222.6, 163.93, 323.87, 172.78, 245.81, 98.02, 30.6, 63.9, 125, 64.56, 87.89, , , , , 
1/31/2020 3:39:28 AM, 3279.25, 9182, 1643.6, 327.68, 222.6, 163.93, 323.87, 172.78, 245.81, 98.02, 30.6, 63.9, 125, 64.56, 87.89, , , , , 
1/31/2020 3:39:31 AM, 3279.5, 9182.25, 1643.7, 327.68, 222.6, 163.93, 323.87, 172.78, 245.81, 98.02, 30.6, 63.9, 125, 64.56, 87.89, , , , , 
1/31/2020 3:39:34 AM, 3279.5, 9182.25, 1643.7, 327.68, 222.6, 163.93, 323.87, 172.78, 245.81, 98.02, 30.6, 63.9, 125, 64.56, 87.89, , , , , 
1/31/2020 3:39:37 AM, 3279.25, 9181.25, 1643.7, 327.68, 222.6, 163.93, 323.87, 172.78, 245.81, 98.02, 30.6, 63.9, 125, 64.56, 87.89, , , , , 
1/31/2020 3:39:40 AM, 3279.25, 9181.25, 1643.7, 327.68, 222.6, 163.93, 323.87, 172.78, 245.81, 98.02, 30.6, 63.9, 125, 64.56, 87.89, , , , , 
1/31/2020 3:39:43 AM, 3279.5, 9181.5, 1643.7, 327.68, 222.6, 163.93, 323.87, 172.78, 245.81, 98.02, 30.6, 63.9, 125, 64.56, 87.89, , , , , 
1/31/2020 3:39:46 AM, 3279.5, 9181.5, 1643.7, 327.68, 222.6, 163.93, 323.87, 172.78, 245.81, 98.02, 30.6, 63.9, 125, 64.56, 87.89, , , , , 
1/31/2020 3:39:49 AM, 3279.5, 9181.5, 1643.7, 327.68, 222.6, 163.93, 323.87, 172.78, 245.81, 98.02, 30.6, 63.9, 125, 64.56, 87.89, , , , , 
1/31/2020 3:39:52 AM, 3279.5, 9181.5, 1643.7, 327.68, 222.6, 163.93, 323.87, 172.78, 245.81, 98.02, 30.6, 63.9, 125, 64.56, 87.89, , , , , 
1/31/2020 3:39:55 AM, 3279.5, 9181, 1643.7, 327.68, 222.6, 163.93, 323.87, 172.78, 245.81, 98.02, 30.6, 63.9, 125, 64.56, 87.89, , , , , 
1/31/2020 3:39:58 AM, 3279.5, 9181, 1643.7, 327.68, 222.6, 163.93, 323.87, 172.78, 245.81, 98.02, 30.6, 63.9, 125, 64.56, 87.89, , , , , 
1/31/2020 3:40:01 AM, 3279.5, 9180.5, 1643.6, 327.68, 222.6, 163.93, 323.87, 172.78, 245.81, 98.02, 30.6, 63.9, 125, 64.56, 87.89, , , , , 
1/31/2020 3:40:04 AM, 3279.5, 9180.5, 1643.6, 327.68, 222.6, 163.93, 323.87, 172.78, 245.81, 98.02, 30.6, 63.9, 125, 64.56, 87.89, , , , , 
1/31/2020 3:40:07 AM, 3279.5, 9181.75, 1643.8, 327.68, 222.6, 163.93, 323.87, 172.78, 245.81, 98.02, 30.6, 63.9, 125, 64.56, 87.89, , , , , 
1/31/2020 3:40:10 AM, 3279.5, 9181.75, 1643.8, 327.68, 222.6, 163.93, 323.87, 172.78, 245.81, 98.02, 30.6, 63.9, 125, 64.56, 87.89, , , , , 
1/31/2020 3:40:13 AM, 3280, 9182.5, 1644.1, 327.68, 222.6, 163.93, 323.87, 172.78, 245.81, 98.02, 30.6, 63.9, 125, 64.56, 87.89, , , , , 
1/31/2020 3:40:16 AM, 3280, 9182.5, 1644.1, 327.68, 222.6, 163.93, 323.87, 172.78, 245.81, 98.02, 30.6, 63.9, 125, 64.56, 87.89, , , , , 
1/31/2020 3:40:19 AM, 3280, 9182.5, 1644, 327.68, 222.6, 163.93, 323.87, 172.78, 245.81, 98.02, 30.6, 63.9, 125, 64.56, 87.89, , , , , 
1/31/2020 3:40:22 AM, 3280, 9182.5, 1644, 327.68, 222.6, 163.93, 323.87, 172.78, 245.81, 98.02, 30.6, 63.9, 125, 64.56, 87.89, , , , , 
1/31/2020 3:40:25 AM, 3280, 9183.5, 1644.2, 327.68, 222.6, 163.93, 323.87, 172.78, 245.81, 98.02, 30.6, 63.9, 125, 64.56, 87.89, , , , , 
1/31/2020 3:40:28 AM, 3280, 9183.5, 1644.2, 327.68, 222.6, 163.93, 323.87, 172.78, 245.81, 98.02, 30.6, 63.9, 125, 64.56, 87.89, , , , , 
1/31/2020 3:40:31 AM, 3280, 9183, 1644.4, 327.68, 222.6, 163.93, 323.87, 172.78, 245.81, 98.02, 30.6, 63.9, 125, 64.56, 87.89, , , , , 
1/31/2020 3:40:34 AM, 3280, 9183, 1644.4, 327.68, 222.6, 163.93, 323.87, 172.78, 245.81, 98.02, 30.6, 63.9, 125, 64.56, 87.89, , , , , 
1/31/2020 3:40:37 AM, 3280, 9182.5, 1644.2, 327.68, 222.6, 163.93, 323.87, 172.78, 245.81, 98.02, 30.6, 63.9, 125, 64.56, 87.89, , , , , 
1/31/2020 3:40:40 AM, 3280, 9182.5, 1644.2, 327.68, 222.6, 163.93, 323.87, 172.78, 245.81, 98.02, 30.6, 63.9, 125, 64.56, 87.89, , , , , 
1/31/2020 3:40:43 AM, 3279.75, 9182, 1644.1, 327.68, 222.6, 163.93, 323.87, 172.78, 245.81, 98.02, 30.6, 63.9, 125, 64.56, 87.89, , , , , 
1/31/2020 3:40:46 AM, 3279.75, 9182, 1644.1, 327.68, 222.6, 163.93, 323.87, 172.78, 245.81, 98.02, 30.6, 63.9, 125, 64.56, 87.89, , , , , 
1/31/2020 3:40:49 AM, 3279.5, 9181.25, 1644.1, 327.68, 222.6, 163.93, 323.87, 172.78, 245.81, 98.02, 30.6, 63.9, 125, 64.56, 87.89, , , , , 
1/31/2020 3:40:52 AM, 3279.5, 9181.25, 1644.1, 327.68, 222.6, 163.93, 323.87, 172.78, 245.81, 98.02, 30.6, 63.9, 125, 64.56, 87.89, , , , , 
1/31/2020 3:40:55 AM, 3279.5, 9181.25, 1644, 327.68, 222.6, 163.93, 323.87, 172.78, 245.81, 98.02, 30.6, 63.9, 125, 64.56, 87.89, , , , , 
1/31/2020 3:40:58 AM, 3279.5, 9181.25, 1644, 327.68, 222.6, 163.93, 323.87, 172.78, 245.81, 98.02, 30.6, 63.9, 125, 64.56, 87.89, , , , , 
1/31/2020 3:41:01 AM, 3279.75, 9181.5, 1644.1, 327.68, 222.6, 163.93, 323.87, 172.78, 245.81, 98.02, 30.6, 63.9, 125, 64.56, 87.89, , , , , 
1/31/2020 3:41:04 AM, 3279.75, 9181.5, 1644.1, 327.68, 222.6, 163.93, 323.87, 172.78, 245.81, 98.02, 30.6, 63.9, 125, 64.56, 87.89, , , , , 
1/31/2020 3:41:07 AM, 3279.75, 9181.5, 1644.1, 327.68, 222.6, 163.93, 323.87, 172.78, 245.81, 98.02, 30.6, 63.9, 125, 64.56, 87.89, , , , , 
1/31/2020 3:41:10 AM, 3279.75, 9181.5, 1644.1, 327.68, 222.6, 163.93, 323.87, 172.78, 245.81, 98.02, 30.6, 63.9, 125, 64.56, 87.89, , , , , 
1/31/2020 3:41:13 AM, 3279.75, 9181.25, 1644, 327.68, 222.6, 163.93, 323.87, 172.78, 245.81, 98.02, 30.6, 63.9, 125, 64.56, 87.89, , , , , 
1/31/2020 3:41:16 AM, 3279.75, 9181.25, 1644, 327.68, 222.6, 163.93, 323.87, 172.78, 245.81, 98.02, 30.6, 63.9, 125, 64.56, 87.89, , , , , 
1/31/2020 3:41:19 AM, 3279.75, 9181.25, 1644.1, 327.68, 222.6, 163.93, 323.87, 172.78, 245.81, 98.02, 30.6, 63.9, 125, 64.56, 87.89, , , , , 
1/31/2020 3:41:22 AM, 3279.75, 9181.25, 1644.1, 327.68, 222.6, 163.93, 323.87, 172.78, 245.81, 98.02, 30.6, 63.9, 125, 64.56, 87.89, , , , , 
1/31/2020 3:41:25 AM, 3279.75, 9181.25, 1644, 327.68, 222.6, 163.93, 323.87, 172.78, 245.81, 98.02, 30.6, 63.9, 125, 64.56, 87.89, , , , , 
1/31/2020 3:41:28 AM, 3279.25, 9181.25, 1644, 327.68, 222.6, 163.93, 323.87, 172.78, 245.81, 98.02, 30.6, 63.9, 125, 64.56, 87.89, , , , , 
1/31/2020 3:41:31 AM, 3279.25, 9180, 1643.8, 327.68, 222.6, 163.93, 323.87, 172.78, 245.81, 98.02, 30.6, 63.9, 125, 64.56, 87.89, , , , , 
1/31/2020 3:41:34 AM, 3279.25, 9180, 1643.8, 327.68, 222.6, 163.93, 323.87, 172.78, 245.81, 98.02, 30.6, 63.9, 125, 64.56, 87.89, , , , , 
1/31/2020 3:41:37 AM, 3279, 9179.75, 1643.7, 327.68, 222.6, 163.93, 323.87, 172.78, 245.81, 98.02, 30.6, 63.9, 125, 64.56, 87.89, , , , , 
1/31/2020 3:41:41 AM, 3279, 9179.5, 1643.7, 327.68, 222.6, 163.93, 323.87, 172.78, 245.81, 98.02, 30.6, 63.9, 125, 64.56, 87.89, , , , , 
1/31/2020 3:41:44 AM, 3279, 9179.5, 1643.7, 327.68, 222.6, 163.93, 323.87, 172.78, 245.81, 98.02, 30.6, 63.9, 125, 64.56, 87.89, , , , , 
1/31/2020 3:41:47 AM, 3279.25, 9180, 1643.9, 327.68, 222.6, 163.93, 323.87, 172.78, 245.81, 98.02, 30.6, 63.9, 125, 64.56, 87.89, , , , , 
1/31/2020 3:41:50 AM, 3279.25, 9180, 1643.9, 327.68, 222.6, 163.93, 323.87, 172.78, 245.81, 98.02, 30.6, 63.9, 125, 64.56, 87.89, , , , , 
1/31/2020 3:41:53 AM, 3279.5, 9180.75, 1644, 327.68, 222.6, 163.93, 323.87, 172.78, 245.81, 98.02, 30.6, 63.9, 125, 64.56, 87.89, , , , , 
1/31/2020 3:41:56 AM, 3279.5, 9180.75, 1644, 327.68, 222.6, 163.93, 323.87, 172.78, 245.81, 98.02, 30.6, 63.9, 125, 64.56, 87.89, , , , , 
1/31/2020 3:41:59 AM, 3279.25, 9179.75, 1644, 327.68, 222.6, 163.93, 323.87, 172.78, 245.81, 98.02, 30.6, 63.9, 125, 64.56, 87.89, , , , , 
1/31/2020 3:42:02 AM, 3279.25, 9179.75, 1644, 327.68, 222.6, 163.93, 323.87, 172.78, 245.81, 98.02, 30.6, 63.9, 125, 64.56, 87.89, , , , , 
1/31/2020 3:42:05 AM, 3279, 9178.75, 1643.7, 327.68, 222.6, 163.93, 323.87, 172.78, 245.81, 98.02, 30.6, 63.9, 125, 64.56, 87.89, , , , , 
1/31/2020 3:42:08 AM, 3279, 9178.75, 1643.7, 327.68, 222.6, 163.93, 323.87, 172.78, 245.81, 98.02, 30.6, 63.9, 125, 64.56, 87.89, , , , , 
1/31/2020 3:42:11 AM, 3278.75, 9179.25, 1643.6, 327.68, 222.6, 163.93, 323.87, 172.78, 245.81, 98.02, 30.6, 63.9, 125, 64.56, 87.89, , , , , 
1/31/2020 3:42:14 AM, 3278.75, 9179.25, 1643.6, 327.68, 222.6, 163.93, 323.87, 172.78, 245.81, 98.02, 30.6, 63.9, 125, 64.56, 87.89, , , , , 
1/31/2020 3:42:17 AM, 3278.5, 9177.75, 1643.5, 327.68, 222.6, 163.93, 323.87, 172.78, 245.81, 98.02, 30.6, 63.9, 125, 64.56, 87.89, , , , , 
1/31/2020 3:42:20 AM, 3278.5, 9177.5, 1643.5, 327.68, 222.6, 163.93, 323.87, 172.78, 245.81, 98.02, 30.6, 63.9, 125, 64.56, 87.89, , , , , 
1/31/2020 3:42:23 AM, 3278.5, 9177.75, 1643.5, 327.68, 222.6, 163.93, 323.87, 172.78, 245.81, 98.02, 30.6, 63.9, 125, 64.56, 87.89, , , , , 
1/31/2020 3:42:26 AM, 3278.5, 9177.75, 1643.5, 327.68, 222.6, 163.93, 323.87, 172.78, 245.81, 98.02, 30.6, 63.9, 125, 64.56, 87.89, , , , , 
1/31/2020 3:42:29 AM, 3278.5, 9177.75, 1643.6, 327.68, 222.6, 163.93, 323.87, 172.78, 245.81, 98.02, 30.6, 63.9, 125, 64.56, 87.89, , , , , 
1/31/2020 3:42:32 AM, 3278.5, 9177.75, 1643.6, 327.68, 222.6, 163.93, 323.87, 172.78, 245.81, 98.02, 30.6, 63.9, 125, 64.56, 87.89, , , , , 
1/31/2020 3:42:35 AM, 3278.75, 9178, 1643.7, 327.68, 222.6, 163.93, 323.87, 172.78, 245.81, 98.02, 30.6, 63.9, 125, 64.56, 87.89, , , , , 
1/31/2020 3:42:38 AM, 3278.75, 9178, 1643.7, 327.68, 222.6, 163.93, 323.87, 172.78, 245.81, 98.02, 30.6, 63.9, 125, 64.56, 87.89, , , , , 
1/31/2020 3:42:41 AM, 3278.75, 9178.5, 1643.7, 327.68, 222.6, 163.93, 323.87, 172.78, 245.81, 98.02, 30.6, 63.9, 125, 64.56, 87.89, , , , , 
1/31/2020 3:42:44 AM, 3278.75, 9178.5, 1643.7, 327.68, 222.6, 163.93, 323.87, 172.78, 245.81, 98.02, 30.6, 63.9, 125, 64.56, 87.89, , , , , 
1/31/2020 3:42:47 AM, 3279.25, 9180.5, 1644, 327.68, 222.6, 163.93, 323.87, 172.78, 245.81, 98.02, 30.6, 63.9, 125, 64.56, 87.89, , , , , 
1/31/2020 3:42:50 AM, 3279.25, 9180.5, 1644, 327.68, 222.6, 163.93, 323.87, 172.78, 245.81, 98.02, 30.6, 63.9, 125, 64.56, 87.89, , , , , 
1/31/2020 3:42:53 AM, 3279.5, 9181, 1644.1, 327.68, 222.6, 163.93, 323.87, 172.78, 245.81, 98.02, 30.6, 63.9, 125, 64.56, 87.89, , , , , 
1/31/2020 3:42:56 AM, 3279.5, 9181, 1644.1, 327.68, 222.6, 163.93, 323.87, 172.78, 245.81, 98.02, 30.6, 63.9, 125, 64.56, 87.89, , , , , 
1/31/2020 3:42:59 AM, 3279.5, 9181, 1644.1, 327.68, 222.6, 163.93, 323.87, 172.78, 245.81, 98.02, 30.6, 63.9, 125, 64.56, 87.89, , , , , 
1/31/2020 3:43:02 AM, 3279.5, 9181, 1644.1, 327.68, 222.6, 163.93, 323.87, 172.78, 245.81, 98.02, 30.6, 63.9, 125, 64.56, 87.89, , , , , 
1/31/2020 3:43:05 AM, 3279.25, 9180.75, 1644.1, 327.68, 222.6, 163.93, 323.87, 172.78, 245.81, 98.02, 30.6, 63.9, 125, 64.56, 87.89, , , , , 
1/31/2020 3:43:08 AM, 3279.25, 9180.75, 1644.1, 327.68, 222.6, 163.93, 323.87, 172.78, 245.81, 98.02, 30.6, 63.9, 125, 64.56, 87.89, , , , , 
1/31/2020 3:43:11 AM, 3279.25, 9180.5, 1644.1, 327.68, 222.6, 163.93, 323.87, 172.78, 245.81, 98.02, 30.6, 63.9, 125, 64.56, 87.89, , , , , 
1/31/2020 3:43:14 AM, 3279.25, 9180.5, 1644.1, 327.68, 222.6, 163.93, 323.87, 172.78, 245.81, 98.02, 30.6, 63.9, 125, 64.56, 87.89, , , , , 
1/31/2020 3:43:17 AM, 3279.25, 9180.25, 1644.1, 327.68, 222.6, 163.93, 323.87, 172.78, 245.81, 98.02, 30.6, 63.9, 125, 64.56, 87.89, , , , , 
1/31/2020 3:43:20 AM, 3279.25, 9180.25, 1644.1, 327.68, 222.6, 163.93, 323.87, 172.78, 245.81, 98.02, 30.6, 63.9, 125, 64.56, 87.89, , , , , 
1/31/2020 3:43:23 AM, 3279.25, 9180.75, 1644, 327.68, 222.6, 163.93, 323.87, 172.78, 245.81, 98.02, 30.6, 63.9, 125, 64.56, 87.89, , , , , 
1/31/2020 3:43:26 AM, 3279.25, 9180.75, 1644, 327.68, 222.6, 163.93, 323.87, 172.78, 245.81, 98.02, 30.6, 63.9, 125, 64.56, 87.89, , , , , 
1/31/2020 3:43:29 AM, 3279, 9180, 1643.9, 327.68, 222.6, 163.93, 323.87, 172.78, 245.81, 98.02, 30.6, 63.9, 125, 64.56, 87.89, , , , , 
1/31/2020 3:43:32 AM, 3279, 9180, 1643.9, 327.68, 222.6, 163.93, 323.87, 172.78, 245.81, 98.02, 30.6, 63.9, 125, 64.56, 87.89, , , , , 
1/31/2020 3:43:35 AM, 3279.25, 9180, 1644, 327.68, 222.6, 163.93, 323.87, 172.78, 245.81, 98.02, 30.6, 63.9, 125, 64.56, 87.89, , , , , 
1/31/2020 3:43:38 AM, 3279.25, 9180, 1644, 327.68, 222.6, 163.93, 323.87, 172.78, 245.81, 98.02, 30.6, 63.9, 125, 64.56, 87.89, , , , , 
1/31/2020 3:43:41 AM, 3279, 9180, 1644, 327.68, 222.6, 163.93, 323.87, 172.78, 245.81, 98.02, 30.6, 63.9, 125, 64.56, 87.89, , , , , 
1/31/2020 3:43:44 AM, 3279.5, 9181, 1644, 327.68, 222.6, 163.93, 323.87, 172.78, 245.81, 98.02, 30.6, 63.9, 125, 64.56, 87.89, , , , , 
1/31/2020 3:43:47 AM, 3279.5, 9181, 1644, 327.68, 222.6, 163.93, 323.87, 172.78, 245.81, 98.02, 30.6, 63.9, 125, 64.56, 87.89, , , , , 
1/31/2020 3:43:50 AM, 3279.75, 9182.25, 1644.2, 327.68, 222.6, 163.93, 323.87, 172.78, 245.81, 98.02, 30.6, 63.9, 125, 64.56, 87.89, , , , , 
1/31/2020 3:43:53 AM, 3279.75, 9182.5, 1644.4, 327.68, 222.6, 163.93, 323.87, 172.78, 245.81, 98.02, 30.6, 63.9, 125, 64.56, 87.89, , , , , 
1/31/2020 3:43:56 AM, 3279.75, 9182, 1644.3, 327.68, 222.6, 163.93, 323.87, 172.78, 245.81, 98.02, 30.6, 63.9, 125, 64.56, 87.89, , , , , 
1/31/2020 3:43:59 AM, 3279.75, 9181.75, 1644.3, 327.68, 222.6, 163.93, 323.87, 172.78, 245.81, 98.02, 30.6, 63.9, 125, 64.56, 87.89, , , , , 
1/31/2020 3:44:02 AM, 3279.75, 9182, 1644.4, 327.68, 222.6, 163.93, 323.87, 172.78, 245.81, 98.02, 30.6, 63.9, 125, 64.56, 87.89, , , , , 
1/31/2020 3:44:05 AM, 3279.75, 9181.75, 1644.3, 327.68, 222.6, 163.93, 323.87, 172.78, 245.81, 98.02, 30.6, 63.9, 125, 64.56, 87.89, , , , , 
1/31/2020 3:44:08 AM, 3279.75, 9181.75, 1644.3, 327.68, 222.6, 163.93, 323.87, 172.78, 245.81, 98.02, 30.6, 63.9, 125, 64.56, 87.89, , , , , 
1/31/2020 3:44:11 AM, 3280, 9182.75, 1644.4, 327.68, 222.6, 163.93, 323.87, 172.78, 245.81, 98.02, 30.6, 63.9, 125, 64.56, 87.89, , , , , 
1/31/2020 3:44:15 AM, 3280, 9182.25, 1644.5, 327.68, 222.6, 163.93, 323.87, 172.78, 245.81, 98.02, 30.6, 63.9, 125, 64.56, 87.89, , , , , 
1/31/2020 3:44:18 AM, 3280.25, 9182.5, 1644.4, 327.68, 222.6, 163.93, 323.87, 172.78, 245.81, 98.02, 30.6, 63.9, 125, 64.56, 87.89, , , , , 
1/31/2020 3:44:21 AM, 3280.25, 9182.75, 1644.4, 327.68, 222.6, 163.93, 323.87, 172.78, 245.81, 98.02, 30.6, 63.9, 125, 64.56, 87.89, , , , , 
1/31/2020 3:44:24 AM, 3280.25, 9182.5, 1644.4, 327.68, 222.6, 163.93, 323.87, 172.78, 245.81, 98.02, 30.6, 63.9, 125, 64.56, 87.89, , , , , 
1/31/2020 3:44:27 AM, 3280.25, 9182.5, 1644.4, 327.68, 222.6, 163.93, 323.87, 172.78, 245.81, 98.02, 30.6, 63.9, 125, 64.56, 87.89, , , , , 
1/31/2020 3:44:30 AM, 3280, 9181.75, 1644.4, 327.68, 222.6, 163.93, 323.87, 172.78, 245.81, 98.02, 30.6, 63.9, 125, 64.56, 87.89, , , , , 
1/31/2020 3:44:33 AM, 3280, 9182, 1644.4, 327.68, 222.6, 163.93, 323.87, 172.78, 245.81, 98.02, 30.6, 63.9, 125, 64.56, 87.89, , , , , 
1/31/2020 3:44:36 AM, 3280, 9182.25, 1644.4, 327.68, 222.6, 163.93, 323.87, 172.78, 245.81, 98.02, 30.6, 63.9, 125, 64.56, 87.89, , , , , 
1/31/2020 3:44:39 AM, 3280, 9182.25, 1644.3, 327.68, 222.6, 163.93, 323.87, 172.78, 245.81, 98.02, 30.6, 63.9, 125, 64.56, 87.89, , , , , 
1/31/2020 3:44:42 AM, 3280, 9182.5, 1644.3, 327.68, 222.6, 163.93, 323.87, 172.78, 245.81, 98.02, 30.6, 63.9, 125, 64.56, 87.89, , , , , 
1/31/2020 3:44:45 AM, 3280, 9182.75, 1644.3, 327.68, 222.6, 163.93, 323.87, 172.78, 245.81, 98.02, 30.6, 63.9, 125, 64.56, 87.89, , , , , 
1/31/2020 3:44:48 AM, 3280, 9182, 1644.3, 327.68, 222.6, 163.93, 323.87, 172.78, 245.81, 98.02, 30.6, 63.9, 125, 64.56, 87.89, , , , , 
1/31/2020 3:44:51 AM, 3279.75, 9182.25, 1644.3, 327.68, 222.6, 163.93, 323.87, 172.78, 245.81, 98.02, 30.6, 63.9, 125, 64.56, 87.89, , , , , 
1/31/2020 3:44:54 AM, 3280, 9182.5, 1644.2, 327.68, 222.6, 163.93, 323.87, 172.78, 245.81, 98.02, 30.6, 63.9, 125, 64.56, 87.89, , , , , 
1/31/2020 3:44:57 AM, 3279.5, 9182, 1644.2, 327.68, 222.6, 163.93, 323.87, 172.78, 245.81, 98.02, 30.6, 63.9, 125, 64.56, 87.89, , , , , 
1/31/2020 3:45:00 AM, 3279.5, 9182, 1644.2, 327.68, 222.6, 163.93, 323.87, 172.78, 245.81, 98.02, 30.6, 63.9, 125, 64.56, 87.89, , , , , 
1/31/2020 3:45:03 AM, 3279.5, 9181.5, 1644.1, 327.68, 222.6, 163.93, 323.87, 172.78, 245.81, 98.02, 30.6, 63.9, 125, 64.56, 87.89, , , , , 
1/31/2020 3:45:06 AM, 3279.5, 9181.5, 1644.1, 327.68, 222.6, 163.93, 323.87, 172.78, 245.81, 98.02, 30.6, 63.9, 125, 64.56, 87.89, , , , , 
1/31/2020 3:45:09 AM, 3280, 9182.75, 1644.3, 327.68, 222.6, 163.93, 323.87, 172.78, 245.81, 98.02, 30.6, 63.9, 125, 64.56, 87.89, , , , , 
1/31/2020 3:45:12 AM, 3280, 9182.75, 1644.3, 327.68, 222.6, 163.93, 323.87, 172.78, 245.81, 98.02, 30.6, 63.9, 125, 64.56, 87.89, , , , , 
1/31/2020 3:45:15 AM, 3280, 9183.25, 1644.5, 327.68, 222.6, 163.93, 323.87, 172.78, 245.81, 98.02, 30.6, 63.9, 125, 64.56, 87.89, , , , , 
1/31/2020 3:45:18 AM, 3280, 9183.25, 1644.5, 327.68, 222.6, 163.93, 323.87, 172.78, 245.81, 98.02, 30.6, 63.9, 125, 64.56, 87.89, , , , , 
1/31/2020 3:45:21 AM, 3279.75, 9182.75, 1644.4, 327.68, 222.6, 163.93, 323.87, 172.78, 245.81, 98.02, 30.6, 63.9, 125, 64.56, 87.89, , , , , 
1/31/2020 3:45:24 AM, 3279.75, 9182.75, 1644.4, 327.68, 222.6, 163.93, 323.87, 172.78, 245.81, 98.02, 30.6, 63.9, 125, 64.56, 87.89, , , , , 
1/31/2020 3:45:27 AM, 3279.75, 9182.25, 1644.3, 327.68, 222.6, 163.93, 323.87, 172.78, 245.81, 98.02, 30.6, 63.9, 125, 64.56, 87.89, , , , , 
1/31/2020 3:45:30 AM, 3279.75, 9182.25, 1644.3, 327.68, 222.6, 163.93, 323.87, 172.78, 245.81, 98.02, 30.6, 63.9, 125, 64.56, 87.89, , , , , 
1/31/2020 3:45:33 AM, 3279.75, 9182, 1644.3, 327.68, 222.6, 163.93, 323.87, 172.78, 245.81, 98.02, 30.6, 63.9, 125, 64.56, 87.89, , , , , 
1/31/2020 3:45:36 AM, 3279.75, 9182, 1644.3, 327.68, 222.6, 163.93, 323.87, 172.78, 245.81, 98.02, 30.6, 63.9, 125, 64.56, 87.89, , , , , 
1/31/2020 3:45:39 AM, 3279.75, 9182.25, 1644.3, 327.68, 222.6, 163.93, 323.87, 172.78, 245.81, 98.02, 30.6, 63.9, 125, 64.56, 87.89, , , , , 
1/31/2020 3:45:42 AM, 3279.75, 9182.25, 1644.3, 327.68, 222.6, 163.93, 323.87, 172.78, 245.81, 98.02, 30.6, 63.9, 125, 64.56, 87.89, , , , , 
1/31/2020 3:45:45 AM, 3280, 9183.75, 1644.3, 327.68, 222.6, 163.93, 323.87, 172.78, 245.81, 98.02, 30.6, 63.9, 125, 64.56, 87.89, , , , , 
1/31/2020 3:45:48 AM, 3279.75, 9183, 1644.3, 327.68, 222.6, 163.93, 323.87, 172.78, 245.81, 98.02, 30.6, 63.9, 125, 64.56, 87.89, , , , , 
1/31/2020 3:45:51 AM, 3280, 9183.25, 1644.5, 327.68, 222.6, 163.93, 323.87, 172.78, 245.81, 98.02, 30.6, 63.9, 125, 64.56, 87.89, , , , , 
1/31/2020 3:45:54 AM, 3280, 9183.25, 1644.5, 327.68, 222.6, 163.93, 323.87, 172.78, 245.81, 98.02, 30.6, 63.9, 125, 64.56, 87.89, , , , , 
1/31/2020 3:45:57 AM, 3280.25, 9183.75, 1644.5, 327.68, 222.6, 163.93, 323.87, 172.78, 245.81, 98.02, 30.6, 63.9, 125, 64.56, 87.89, , , , , 
1/31/2020 3:46:00 AM, 3280.5, 9185, 1644.6, 327.68, 222.6, 163.93, 323.87, 172.78, 245.81, 98.02, 30.6, 63.9, 125, 64.56, 87.89, , , , , 
1/31/2020 3:46:03 AM, 3280.75, 9185.5, 1644.8, 327.68, 222.6, 163.93, 323.87, 172.78, 245.81, 98.02, 30.6, 63.9, 125, 64.56, 87.89, , , , , 
1/31/2020 3:46:06 AM, 3280.5, 9185, 1644.8, 327.68, 222.6, 163.93, 323.87, 172.78, 245.81, 98.02, 30.6, 63.9, 125, 64.56, 87.89, , , , , 
1/31/2020 3:46:09 AM, 3280.5, 9185.25, 1644.8, 327.68, 222.6, 163.93, 323.87, 172.78, 245.81, 98.02, 30.6, 63.9, 125, 64.56, 87.89, , , , , 
1/31/2020 3:46:12 AM, 3280.75, 9185.5, 1644.9, 327.68, 222.6, 163.93, 323.87, 172.78, 245.81, 98.02, 30.6, 63.9, 125, 64.56, 87.89, , , , , 
1/31/2020 3:46:15 AM, 3280.75, 9185.5, 1644.8, 327.68, 222.6, 163.93, 323.87, 172.78, 245.81, 98.02, 30.6, 63.9, 125, 64.56, 87.89, , , , , 
1/31/2020 3:46:18 AM, 3280.5, 9185.75, 1644.9, 327.68, 222.6, 163.93, 323.87, 172.78, 245.81, 98.02, 30.6, 63.9, 125, 64.56, 87.89, , , , , 
1/31/2020 3:46:21 AM, 3280.75, 9186, 1644.9, 327.68, 222.6, 163.93, 323.87, 172.78, 245.81, 98.02, 30.6, 63.9, 125, 64.56, 87.89, , , , , 
1/31/2020 3:46:24 AM, 3281, 9186.5, 1644.9, 327.68, 222.6, 163.93, 323.87, 172.78, 245.81, 98.02, 30.6, 63.9, 125, 64.56, 87.89, , , , , 
1/31/2020 3:46:27 AM, 3281, 9186.75, 1645, 327.68, 222.6, 163.93, 323.87, 172.78, 245.81, 98.02, 30.6, 63.9, 125, 64.56, 87.89, , , , , 
1/31/2020 3:46:30 AM, 3281, 9187, 1645, 327.68, 222.6, 163.93, 323.87, 172.78, 245.81, 98.02, 30.6, 63.9, 125, 64.56, 87.89, , , , , 
1/31/2020 3:46:33 AM, 3281, 9187, 1645, 327.68, 222.6, 163.93, 323.87, 172.78, 245.81, 98.02, 30.6, 63.9, 125, 64.56, 87.89, , , , , 
1/31/2020 3:46:36 AM, 3281, 9187.5, 1645, 327.68, 222.6, 163.93, 323.87, 172.78, 245.81, 98.02, 30.6, 63.9, 125, 64.56, 87.89, , , , , 
1/31/2020 3:46:39 AM, 3280.75, 9187, 1645, 327.68, 222.6, 163.93, 323.87, 172.78, 245.81, 98.02, 30.6, 63.9, 125, 64.56, 87.89, , , , , 
1/31/2020 3:46:43 AM, 3280.75, 9186.75, 1645.1, 327.68, 222.6, 163.93, 323.87, 172.78, 245.81, 98.02, 30.6, 63.9, 125, 64.56, 87.89, , , , , 
1/31/2020 3:46:46 AM, 3280.75, 9186, 1645.1, 327.68, 222.6, 163.93, 323.87, 172.78, 245.81, 98.02, 30.6, 63.9, 125, 64.56, 87.89, , , , , 
1/31/2020 3:46:49 AM, 3281, 9186.5, 1645.1, 327.68, 222.6, 163.93, 323.87, 172.78, 245.81, 98.02, 30.6, 63.9, 125, 64.56, 87.89, , , , , 
1/31/2020 3:46:52 AM, 3281, 9187, 1645.1, 327.68, 222.6, 163.93, 323.87, 172.78, 245.81, 98.02, 30.6, 63.9, 125, 64.56, 87.89, , , , , 
1/31/2020 3:46:55 AM, 3281, 9187, 1645.1, 327.68, 222.6, 163.93, 323.87, 172.78, 245.81, 98.02, 30.6, 63.9, 125, 64.56, 87.89, , , , , 
1/31/2020 3:46:58 AM, 3281, 9186.5, 1645.1, 327.68, 222.6, 163.93, 323.87, 172.78, 245.81, 98.02, 30.6, 63.9, 125, 64.56, 87.89, , , , , 
1/31/2020 3:47:01 AM, 3280.75, 9186, 1645, 327.68, 222.6, 163.93, 323.87, 172.78, 245.81, 98.02, 30.6, 63.9, 125, 64.56, 87.89, , , , , 
1/31/2020 3:47:04 AM, 3280.75, 9185.75, 1644.9, 327.68, 222.6, 163.93, 323.87, 172.78, 245.81, 98.02, 30.6, 63.9, 125, 64.56, 87.89, , , , , 
1/31/2020 3:47:07 AM, 3280.75, 9186, 1644.9, 327.68, 222.6, 163.93, 323.87, 172.78, 245.81, 98.02, 30.6, 63.9, 125, 64.56, 87.89, , , , , 
1/31/2020 3:47:10 AM, 3280.75, 9186, 1644.9, 327.68, 222.6, 163.93, 323.87, 172.78, 245.81, 98.02, 30.6, 63.9, 125, 64.56, 87.89, , , , , 
1/31/2020 3:47:13 AM, 3280.75, 9186.25, 1645, 327.68, 222.6, 163.93, 323.87, 172.78, 245.81, 98.02, 30.6, 63.9, 125, 64.56, 87.89, , , , , 
1/31/2020 3:47:16 AM, 3280.75, 9186.25, 1645, 327.68, 222.6, 163.93, 323.87, 172.78, 245.81, 98.02, 30.6, 63.9, 125, 64.56, 87.89, , , , , 
1/31/2020 3:47:19 AM, 3281, 9186.5, 1645, 327.68, 222.6, 163.93, 323.87, 172.78, 245.81, 98.02, 30.6, 63.9, 125, 64.56, 87.89, , , , , 
1/31/2020 3:47:22 AM, 3281, 9186.5, 1645, 327.68, 222.6, 163.93, 323.87, 172.78, 245.81, 98.02, 30.6, 63.9, 125, 64.56, 87.89, , , , , 
1/31/2020 3:47:25 AM, 3280.75, 9186.25, 1645, 327.68, 222.6, 163.93, 323.87, 172.78, 245.81, 98.02, 30.6, 63.9, 125, 64.56, 87.89, , , , , 
1/31/2020 3:47:28 AM, 3280.75, 9186.25, 1645, 327.68, 222.6, 163.93, 323.87, 172.78, 245.81, 98.02, 30.6, 63.9, 125, 64.56, 87.89, , , , , 
1/31/2020 3:47:31 AM, 3280.5, 9185.25, 1644.8, 327.68, 222.6, 163.93, 323.87, 172.78, 245.81, 98.02, 30.6, 63.9, 125, 64.56, 87.89, , , , , 
1/31/2020 3:47:34 AM, 3280.5, 9185.25, 1644.8, 327.68, 222.6, 163.93, 323.87, 172.78, 245.81, 98.02, 30.6, 63.9, 125, 64.56, 87.89, , , , , 
1/31/2020 3:47:37 AM, 3280.5, 9185.25, 1644.8, 327.68, 222.6, 163.93, 323.87, 172.78, 245.81, 98.02, 30.6, 63.9, 125, 64.56, 87.89, , , , , 
1/31/2020 3:47:40 AM, 3280.5, 9185.25, 1644.8, 327.68, 222.6, 163.93, 323.87, 172.78, 245.81, 98.02, 30.6, 63.9, 125, 64.56, 87.89, , , , , 
1/31/2020 3:47:43 AM, 3280.5, 9185.75, 1644.8, 327.68, 222.6, 163.93, 323.87, 172.78, 245.81, 98.02, 30.6, 63.9, 125, 64.56, 87.89, , , , , 
1/31/2020 3:47:46 AM, 3280.5, 9185.75, 1644.8, 327.68, 222.6, 163.93, 323.87, 172.78, 245.81, 98.02, 30.6, 63.9, 125, 64.56, 87.89, , , , , 
1/31/2020 3:47:49 AM, 3280.75, 9186.5, 1645, 327.68, 222.6, 163.93, 323.87, 172.78, 245.81, 98.02, 30.6, 63.9, 125, 64.56, 87.89, , , , , 
1/31/2020 3:47:52 AM, 3280.75, 9186.5, 1645, 327.68, 222.6, 163.93, 323.87, 172.78, 245.81, 98.02, 30.6, 63.9, 125, 64.56, 87.89, , , , , 
1/31/2020 3:47:55 AM, 3280.75, 9186, 1645, 327.68, 222.6, 163.93, 323.87, 172.78, 245.81, 98.02, 30.6, 63.9, 125, 64.56, 87.89, , , , , 
1/31/2020 3:47:58 AM, 3280.75, 9186, 1645, 327.68, 222.6, 163.93, 323.87, 172.78, 245.81, 98.02, 30.6, 63.9, 125, 64.56, 87.89, , , , , 
1/31/2020 3:48:01 AM, 3281, 9187.25, 1645.1, 327.68, 222.6, 163.93, 323.87, 172.78, 245.81, 98.02, 30.6, 63.9, 125, 64.56, 87.89, , , , , 
1/31/2020 3:48:04 AM, 3281, 9187.25, 1645.1, 327.68, 222.6, 163.93, 323.87, 172.78, 245.81, 98.02, 30.6, 63.9, 125, 64.56, 87.89, , , , , 
1/31/2020 3:48:07 AM, 3280.75, 9186.25, 1645.1, 327.68, 222.6, 163.93, 323.87, 172.78, 245.81, 98.02, 30.6, 63.9, 125, 64.56, 87.89, , , , , 
1/31/2020 3:48:10 AM, 3280.75, 9186.25, 1645.1, 327.68, 222.6, 163.93, 323.87, 172.78, 245.81, 98.02, 30.6, 63.9, 125, 64.56, 87.89, , , , , 
1/31/2020 3:48:13 AM, 3280.75, 9186.75, 1645.2, 327.68, 222.6, 163.93, 323.87, 172.78, 245.81, 98.02, 30.6, 63.9, 125, 64.56, 87.89, , , , , 
1/31/2020 3:48:16 AM, 3280.75, 9186.75, 1645.2, 327.68, 222.6, 163.93, 323.87, 172.78, 245.81, 98.02, 30.6, 63.9, 125, 64.56, 87.89, , , , , 
1/31/2020 3:48:19 AM, 3281, 9187.75, 1645.2, 327.68, 222.6, 163.93, 323.87, 172.78, 245.81, 98.02, 30.6, 63.9, 125, 64.56, 87.89, , , , , 
1/31/2020 3:48:22 AM, 3281, 9187.5, 1645.3, 327.68, 222.6, 163.93, 323.87, 172.78, 245.81, 98.02, 30.6, 63.9, 125, 64.56, 87.89, , , , , 
1/31/2020 3:48:25 AM, 3281, 9186.75, 1645.3, 327.68, 222.6, 163.93, 323.87, 172.78, 245.81, 98.02, 30.6, 63.9, 125, 64.56, 87.89, , , , , 
1/31/2020 3:48:28 AM, 3281.25, 9187.75, 1645.3, 327.68, 222.6, 163.93, 323.87, 172.78, 245.81, 98.02, 30.6, 63.9, 125, 64.56, 87.89, , , , , 
1/31/2020 3:48:31 AM, 3281, 9187.25, 1645.2, 327.68, 222.6, 163.93, 323.87, 172.78, 245.81, 98.02, 30.6, 63.9, 125, 64.56, 87.89, , , , , 
1/31/2020 3:48:34 AM, 3281, 9187.25, 1645.2, 327.68, 222.6, 163.93, 323.87, 172.78, 245.81, 98.02, 30.6, 63.9, 125, 64.56, 87.89, , , , , 
1/31/2020 3:48:37 AM, 3281, 9187.25, 1645.2, 327.68, 222.6, 163.93, 323.87, 172.78, 245.81, 98.02, 30.6, 63.9, 125, 64.56, 87.89, , , , , 
1/31/2020 3:48:40 AM, 3281, 9187.25, 1645.2, 327.68, 222.6, 163.93, 323.87, 172.78, 245.81, 98.02, 30.6, 63.9, 125, 64.56, 87.89, , , , , 
1/31/2020 3:48:43 AM, 3280.5, 9185.75, 1645.1, 327.68, 222.6, 163.93, 323.87, 172.78, 245.81, 98.02, 30.6, 63.9, 125, 64.56, 87.89, , , , , 
1/31/2020 3:48:46 AM, 3280.5, 9185.75, 1645.1, 327.68, 222.6, 163.93, 323.87, 172.78, 245.81, 98.02, 30.6, 63.9, 125, 64.56, 87.89, , , , , 
1/31/2020 3:48:49 AM, 3280.5, 9185.5, 1645.1, 327.68, 222.6, 163.93, 323.87, 172.78, 245.81, 98.02, 30.6, 63.9, 125, 64.56, 87.89, , , , , 
1/31/2020 3:48:52 AM, 3280.25, 9185.25, 1644.8, 327.68, 222.6, 163.93, 323.87, 172.78, 245.81, 98.02, 30.6, 63.9, 125, 64.56, 87.89, , , , , 
1/31/2020 3:48:55 AM, 3280.25, 9185.5, 1644.8, 327.68, 222.6, 163.93, 323.87, 172.78, 245.81, 98.02, 30.6, 63.9, 125, 64.56, 87.89, , , , , 
1/31/2020 3:48:58 AM, 3280.25, 9186, 1644.9, 327.68, 222.6, 163.93, 323.87, 172.78, 245.81, 98.02, 30.6, 63.9, 125, 64.56, 87.89, , , , , 
1/31/2020 3:49:01 AM, 3280.5, 9186.5, 1644.9, 327.68, 222.6, 163.93, 323.87, 172.78, 245.81, 98.02, 30.6, 63.9, 125, 64.56, 87.89, , , , , 
1/31/2020 3:49:04 AM, 3280.5, 9186.5, 1644.9, 327.68, 222.6, 163.93, 323.87, 172.78, 245.81, 98.02, 30.6, 63.9, 125, 64.56, 87.89, , , , , 
1/31/2020 3:49:07 AM, 3280.5, 9186, 1645, 327.68, 222.6, 163.93, 323.87, 172.78, 245.81, 98.02, 30.6, 63.9, 125, 64.56, 87.89, , , , , 
1/31/2020 3:49:10 AM, 3280.5, 9186, 1645, 327.68, 222.6, 163.93, 323.87, 172.78, 245.81, 98.02, 30.6, 63.9, 125, 64.56, 87.89, , , , , 
1/31/2020 3:49:14 AM, 3280.5, 9185.5, 1644.9, 327.68, 222.6, 163.93, 323.87, 172.78, 245.81, 98.02, 30.6, 63.9, 125, 64.56, 87.89, , , , , 
1/31/2020 3:49:17 AM, 3280.5, 9185.5, 1644.9, 327.68, 222.6, 163.93, 323.87, 172.78, 245.81, 98.02, 30.6, 63.9, 125, 64.56, 87.89, , , , , 
1/31/2020 3:49:20 AM, 3280.5, 9186, 1645, 327.68, 222.6, 163.93, 323.87, 172.78, 245.81, 98.02, 30.6, 63.9, 125, 64.56, 87.89, , , , , 
1/31/2020 3:49:23 AM, 3280.5, 9186, 1645, 327.68, 222.6, 163.93, 323.87, 172.78, 245.81, 98.02, 30.6, 63.9, 125, 64.56, 87.89, , , , , 
1/31/2020 3:49:26 AM, 3280.5, 9185.5, 1645, 327.68, 222.6, 163.93, 323.87, 172.78, 245.81, 98.02, 30.6, 63.9, 125, 64.56, 87.89, , , , , 
1/31/2020 3:49:29 AM, 3280.5, 9185.5, 1645, 327.68, 222.6, 163.93, 323.87, 172.78, 245.81, 98.02, 30.6, 63.9, 125, 64.56, 87.89, , , , , 
1/31/2020 3:49:32 AM, 3280.25, 9184.75, 1644.9, 327.68, 222.6, 163.93, 323.87, 172.78, 245.81, 98.02, 30.6, 63.9, 125, 64.56, 87.89, , , , , 
1/31/2020 3:49:35 AM, 3280.25, 9184.25, 1644.9, 327.68, 222.6, 163.93, 323.87, 172.78, 245.81, 98.02, 30.6, 63.9, 125, 64.56, 87.89, , , , , 
1/31/2020 3:49:38 AM, 3280.25, 9184.25, 1644.9, 327.68, 222.6, 163.93, 323.87, 172.78, 245.81, 98.02, 30.6, 63.9, 125, 64.56, 87.89, , , , , 
1/31/2020 3:49:41 AM, 3280.25, 9185, 1644.8, 327.68, 222.6, 163.93, 323.87, 172.78, 245.81, 98.02, 30.6, 63.9, 125, 64.56, 87.89, , , , , 
1/31/2020 3:49:44 AM, 3280.25, 9185, 1644.8, 327.68, 222.6, 163.93, 323.87, 172.78, 245.81, 98.02, 30.6, 63.9, 125, 64.56, 87.89, , , , , 
1/31/2020 3:49:47 AM, 3280.5, 9185, 1644.8, 327.68, 222.6, 163.93, 323.87, 172.78, 245.81, 98.02, 30.6, 63.9, 125, 64.56, 87.89, , , , , 
1/31/2020 3:49:50 AM, 3280.5, 9185, 1644.8, 327.68, 222.6, 163.93, 323.87, 172.78, 245.81, 98.02, 30.6, 63.9, 125, 64.56, 87.89, , , , , 
1/31/2020 3:49:53 AM, 3280.25, 9184.5, 1644.9, 327.68, 222.6, 163.93, 323.87, 172.78, 245.81, 98.02, 30.6, 63.9, 125, 64.56, 87.89, , , , , 
1/31/2020 3:49:56 AM, 3280.25, 9184.5, 1644.9, 327.68, 222.6, 163.93, 323.87, 172.78, 245.81, 98.02, 30.6, 63.9, 125, 64.56, 87.89, , , , , 
1/31/2020 3:49:59 AM, 3280.25, 9184.25, 1644.9, 327.68, 222.6, 163.93, 323.87, 172.78, 245.81, 98.02, 30.6, 63.9, 125, 64.56, 87.89, , , , , 
1/31/2020 3:50:02 AM, 3280.25, 9184.25, 1644.9, 327.68, 222.6, 163.93, 323.87, 172.78, 245.81, 98.02, 30.6, 63.9, 125, 64.56, 87.89, , , , , 
1/31/2020 3:50:05 AM, 3280.25, 9184.25, 1644.9, 327.68, 222.6, 163.93, 323.87, 172.78, 245.81, 98.02, 30.6, 63.9, 125, 64.56, 87.89, , , , , 
1/31/2020 3:50:08 AM, 3280.25, 9184, 1644.9, 327.68, 222.6, 163.93, 323.87, 172.78, 245.81, 98.02, 30.6, 63.9, 125, 64.56, 87.89, , , , , 
1/31/2020 3:50:11 AM, 3280, 9183.5, 1644.7, 327.68, 222.6, 163.93, 323.87, 172.78, 245.81, 98.02, 30.6, 63.9, 125, 64.56, 87.89, , , , , 
1/31/2020 3:50:14 AM, 3279, 9180, 1644.3, 327.68, 222.6, 163.93, 323.87, 172.78, 245.81, 98.02, 30.6, 63.9, 125, 64.56, 87.89, , , , , 
1/31/2020 3:50:17 AM, 3279.5, 9181.5, 1644.5, 327.68, 222.6, 163.93, 323.87, 172.78, 245.81, 98.02, 30.6, 63.9, 125, 64.56, 87.89, , , , , 
1/31/2020 3:50:20 AM, 3279.25, 9180.25, 1644.3, 327.68, 222.6, 163.93, 323.87, 172.78, 245.81, 98.02, 30.6, 63.9, 125, 64.56, 87.89, , , , , 
1/31/2020 3:50:23 AM, 3279.5, 9181, 1644.4, 327.68, 222.6, 163.93, 323.87, 172.78, 245.81, 98.02, 30.6, 63.9, 125, 64.56, 87.89, , , , , 
1/31/2020 3:50:26 AM, 3279.75, 9181.75, 1644.4, 327.68, 222.6, 163.93, 323.87, 172.78, 245.81, 98.02, 30.6, 63.9, 125, 64.56, 87.89, , , , , 
1/31/2020 3:50:29 AM, 3279.75, 9181.5, 1644.5, 327.68, 222.6, 163.93, 323.87, 172.78, 245.81, 98.02, 30.6, 63.9, 125, 64.56, 87.89, , , , , 
1/31/2020 3:50:32 AM, 3279.75, 9181.5, 1644.5, 327.68, 222.6, 163.93, 323.87, 172.78, 245.81, 98.02, 30.6, 63.9, 125, 64.56, 87.89, , , , , 
1/31/2020 3:50:35 AM, 3279.5, 9181, 1644.5, 327.68, 222.6, 163.93, 323.87, 172.78, 245.81, 98.02, 30.6, 63.9, 125, 64.56, 87.89, , , , , 
1/31/2020 3:50:38 AM, 3279.25, 9180.75, 1644.4, 327.68, 222.6, 163.93, 323.87, 172.78, 245.81, 98.02, 30.6, 63.9, 125, 64.56, 87.89, , , , , 
1/31/2020 3:50:41 AM, 3279.5, 9180.75, 1644.5, 327.68, 222.6, 163.93, 323.87, 172.78, 245.81, 98.02, 30.6, 63.9, 125, 64.56, 87.89, , , , , 
1/31/2020 3:50:44 AM, 3279.5, 9180.75, 1644.5, 327.68, 222.6, 163.93, 323.87, 172.78, 245.81, 98.02, 30.6, 63.9, 125, 64.56, 87.89, , , , , 
1/31/2020 3:50:47 AM, 3279.75, 9180.75, 1644.6, 327.68, 222.6, 163.93, 323.87, 172.78, 245.81, 98.02, 30.6, 63.9, 125, 64.56, 87.89, , , , , 
1/31/2020 3:50:50 AM, 3279.75, 9181.25, 1644.6, 327.68, 222.6, 163.93, 323.87, 172.78, 245.81, 98.02, 30.6, 63.9, 125, 64.56, 87.89, , , , , 
1/31/2020 3:50:53 AM, 3279.75, 9181.25, 1644.6, 327.68, 222.6, 163.93, 323.87, 172.78, 245.81, 98.02, 30.6, 63.9, 125, 64.56, 87.89, , , , , 
1/31/2020 3:50:56 AM, 3279.5, 9180.75, 1644.5, 327.68, 222.6, 163.93, 323.87, 172.78, 245.81, 98.02, 30.6, 63.9, 125, 64.56, 87.89, , , , , 
1/31/2020 3:50:59 AM, 3279.5, 9180.25, 1644.5, 327.68, 222.6, 163.93, 323.87, 172.78, 245.81, 98.02, 30.6, 63.9, 125, 64.56, 87.89, , , , , 
1/31/2020 3:51:02 AM, 3279.5, 9180.75, 1644.6, 327.68, 222.6, 163.93, 323.87, 172.78, 245.81, 98.02, 30.6, 63.9, 125, 64.56, 87.89, , , , , 
1/31/2020 3:51:05 AM, 3279.5, 9180.75, 1644.6, 327.68, 222.6, 163.93, 323.87, 172.78, 245.81, 98.02, 30.6, 63.9, 125, 64.56, 87.89, , , , , 
1/31/2020 3:51:08 AM, 3279, 9179.75, 1644.4, 327.68, 222.6, 163.93, 323.87, 172.78, 245.81, 98.02, 30.6, 63.9, 125, 64.56, 87.89, , , , , 
1/31/2020 3:51:11 AM, 3279, 9179.75, 1644.4, 327.68, 222.6, 163.93, 323.87, 172.78, 245.81, 98.02, 30.6, 63.9, 125, 64.56, 87.89, , , , , 
1/31/2020 3:51:14 AM, 3279.25, 9180.75, 1644.4, 327.68, 222.6, 163.93, 323.87, 172.78, 245.81, 98.02, 30.6, 63.9, 125, 64.56, 87.89, , , , , 
1/31/2020 3:51:17 AM, 3279.25, 9180.75, 1644.4, 327.68, 222.6, 163.93, 323.87, 172.78, 245.81, 98.02, 30.6, 63.9, 125, 64.56, 87.89, , , , , 
1/31/2020 3:51:20 AM, 3279.5, 9181.75, 1644.6, 327.68, 222.6, 163.93, 323.87, 172.78, 245.81, 98.02, 30.6, 63.9, 125, 64.56, 87.89, , , , , 
1/31/2020 3:51:23 AM, 3279.5, 9181.75, 1644.6, 327.68, 222.6, 163.93, 323.87, 172.78, 245.81, 98.02, 30.6, 63.9, 125, 64.56, 87.89, , , , , 
1/31/2020 3:51:26 AM, 3280, 9184, 1644.9, 327.68, 222.6, 163.93, 323.87, 172.78, 245.81, 98.02, 30.6, 63.9, 125, 64.56, 87.89, , , , , 
1/31/2020 3:51:29 AM, 3280, 9184, 1644.9, 327.68, 222.6, 163.93, 323.87, 172.78, 245.81, 98.02, 30.6, 63.9, 125, 64.56, 87.89, , , , , 
1/31/2020 3:51:32 AM, 3280.5, 9185.25, 1645.2, 327.68, 222.6, 163.93, 323.87, 172.78, 245.81, 98.02, 30.6, 63.9, 125, 64.56, 87.89, , , , , 
1/31/2020 3:51:35 AM, 3280.5, 9185.5, 1645.2, 327.68, 222.6, 163.93, 323.87, 172.78, 245.81, 98.02, 30.6, 63.9, 125, 64.56, 87.89, , , , , 
1/31/2020 3:51:38 AM, 3280.5, 9185.5, 1645.2, 327.68, 222.6, 163.93, 323.87, 172.78, 245.81, 98.02, 30.6, 63.9, 125, 64.56, 87.89, , , , , 
1/31/2020 3:51:41 AM, 3280.5, 9185.75, 1645.2, 327.68, 222.6, 163.93, 323.87, 172.78, 245.81, 98.02, 30.6, 63.9, 125, 64.56, 87.89, , , , , 
1/31/2020 3:51:44 AM, 3280.5, 9186.5, 1645.2, 327.68, 222.6, 163.93, 323.87, 172.78, 245.81, 98.02, 30.6, 63.9, 125, 64.56, 87.89, , , , , 
1/31/2020 3:51:47 AM, 3280.5, 9186.5, 1645.2, 327.68, 222.6, 163.93, 323.87, 172.78, 245.81, 98.02, 30.6, 63.9, 125, 64.56, 87.89, , , , , 
1/31/2020 3:51:50 AM, 3281, 9186.5, 1645.3, 327.68, 222.6, 163.93, 323.87, 172.78, 245.81, 98.02, 30.6, 63.9, 125, 64.56, 87.89, , , , , 
1/31/2020 3:51:53 AM, 3280.75, 9186.75, 1645.3, 327.68, 222.6, 163.93, 323.87, 172.78, 245.81, 98.02, 30.6, 63.9, 125, 64.56, 87.89, , , , , 
1/31/2020 3:51:56 AM, 3280.75, 9186.25, 1645.3, 327.68, 222.6, 163.93, 323.87, 172.78, 245.81, 98.02, 30.6, 63.9, 125, 64.56, 87.89, , , , , 
1/31/2020 3:52:00 AM, 3280.75, 9186.25, 1645.3, 327.68, 222.6, 163.93, 323.87, 172.78, 245.81, 98.02, 30.6, 63.9, 125, 64.56, 87.89, , , , , 
1/31/2020 3:52:03 AM, 3281.25, 9187.75, 1645.4, 327.68, 222.6, 163.93, 323.87, 172.78, 245.81, 98.02, 30.6, 63.9, 125, 64.56, 87.89, , , , , 
1/31/2020 3:52:06 AM, 3281.25, 9188.25, 1645.5, 327.68, 222.6, 163.93, 323.87, 172.78, 245.81, 98.02, 30.6, 63.9, 125, 64.56, 87.89, , , , , 
1/31/2020 3:52:09 AM, 3281.25, 9188.75, 1645.5, 327.68, 222.6, 163.93, 323.87, 172.78, 245.81, 98.02, 30.6, 63.9, 125, 64.56, 87.89, , , , , 
1/31/2020 3:52:12 AM, 3281.5, 9189, 1645.5, 327.68, 222.6, 163.93, 323.87, 172.78, 245.81, 98.02, 30.6, 63.9, 125, 64.56, 87.89, , , , , 
1/31/2020 3:52:15 AM, 3281.5, 9189.5, 1645.6, 327.68, 222.6, 163.93, 323.87, 172.78, 245.81, 98.02, 30.6, 63.9, 125, 64.56, 87.89, , , , , 
1/31/2020 3:52:18 AM, 3281.5, 9189.5, 1645.6, 327.68, 222.6, 163.93, 323.87, 172.78, 245.81, 98.02, 30.6, 63.9, 125, 64.56, 87.89, , , , , 
1/31/2020 3:52:21 AM, 3281.5, 9189.75, 1645.6, 327.68, 222.6, 163.93, 323.87, 172.78, 245.81, 98.02, 30.6, 63.9, 125, 64.56, 87.89, , , , , 
1/31/2020 3:52:24 AM, 3281.5, 9189.75, 1645.6, 327.68, 222.6, 163.93, 323.87, 172.78, 245.81, 98.02, 30.6, 63.9, 125, 64.56, 87.89, , , , , 
1/31/2020 3:52:27 AM, 3281.5, 9190, 1645.6, 327.68, 222.6, 163.93, 323.87, 172.78, 245.81, 98.02, 30.6, 63.9, 125, 64.56, 87.89, , , , , 
1/31/2020 3:52:30 AM, 3281.5, 9190, 1645.6, 327.68, 222.6, 163.93, 323.87, 172.78, 245.81, 98.02, 30.6, 63.9, 125, 64.56, 87.89, , , , , 
1/31/2020 3:52:33 AM, 3281.5, 9189.5, 1645.6, 327.68, 222.6, 163.93, 323.87, 172.78, 245.81, 98.02, 30.6, 63.9, 125, 64.56, 87.89, , , , , 
1/31/2020 3:52:36 AM, 3281.25, 9189, 1645.6, 327.68, 222.6, 163.93, 323.87, 172.78, 245.81, 98.02, 30.6, 63.9, 125, 64.56, 87.89, , , , , 
1/31/2020 3:52:39 AM, 3281.5, 9189.5, 1645.5, 327.68, 222.6, 163.93, 323.87, 172.78, 245.81, 98.02, 30.6, 63.9, 125, 64.56, 87.89, , , , , 
1/31/2020 3:52:42 AM, 3281.5, 9189.25, 1645.5, 327.68, 222.6, 163.93, 323.87, 172.78, 245.81, 98.02, 30.6, 63.9, 125, 64.56, 87.89, , , , , 
1/31/2020 3:52:45 AM, 3281.5, 9189.5, 1645.5, 327.68, 222.6, 163.93, 323.87, 172.78, 245.81, 98.02, 30.6, 63.9, 125, 64.56, 87.89, , , , , 
1/31/2020 3:52:48 AM, 3281.5, 9189.5, 1645.5, 327.68, 222.6, 163.93, 323.87, 172.78, 245.81, 98.02, 30.6, 63.9, 125, 64.56, 87.89, , , , , 
1/31/2020 3:52:51 AM, 3281.5, 9189, 1645.5, 327.68, 222.6, 163.93, 323.87, 172.78, 245.81, 98.02, 30.6, 63.9, 125, 64.56, 87.89, , , , , 
1/31/2020 3:52:54 AM, 3281.5, 9189.5, 1645.6, 327.68, 222.6, 163.93, 323.87, 172.78, 245.81, 98.02, 30.6, 63.9, 125, 64.56, 87.89, , , , , 
1/31/2020 3:52:57 AM, 3281.5, 9189.25, 1645.6, 327.68, 222.6, 163.93, 323.87, 172.78, 245.81, 98.02, 30.6, 63.9, 125, 64.56, 87.89, , , , , 
1/31/2020 3:53:00 AM, 3281.25, 9188.5, 1645.6, 327.68, 222.6, 163.93, 323.87, 172.78, 245.81, 98.02, 30.6, 63.9, 125, 64.56, 87.89, , , , , 
1/31/2020 3:53:03 AM, 3281.25, 9188.25, 1645.6, 327.68, 222.6, 163.93, 323.87, 172.78, 245.81, 98.02, 30.6, 63.9, 125, 64.56, 87.89, , , , , 
1/31/2020 3:53:06 AM, 3281.25, 9188, 1645.5, 327.68, 222.6, 163.93, 323.87, 172.78, 245.81, 98.02, 30.6, 63.9, 125, 64.56, 87.89, , , , , 
1/31/2020 3:53:09 AM, 3281.25, 9188.25, 1645.5, 327.68, 222.6, 163.93, 323.87, 172.78, 245.81, 98.02, 30.6, 63.9, 125, 64.56, 87.89, , , , , 
1/31/2020 3:53:12 AM, 3281.5, 9188.75, 1645.6, 327.68, 222.6, 163.93, 323.87, 172.78, 245.81, 98.02, 30.6, 63.9, 125, 64.56, 87.89, , , , , 
1/31/2020 3:53:15 AM, 3281.5, 9188.75, 1645.5, 327.68, 222.6, 163.93, 323.87, 172.78, 245.81, 98.02, 30.6, 63.9, 125, 64.56, 87.89, , , , , 
1/31/2020 3:53:18 AM, 3281.5, 9189.75, 1645.7, 327.68, 222.6, 163.93, 323.87, 172.78, 245.81, 98.02, 30.6, 63.9, 125, 64.56, 87.89, , , , , 
1/31/2020 3:53:21 AM, 3282, 9190.5, 1645.8, 327.68, 222.6, 163.93, 323.87, 172.78, 245.81, 98.02, 30.6, 63.9, 125, 64.56, 87.89, , , , , 
1/31/2020 3:53:24 AM, 3282, 9191, 1645.8, 327.68, 222.6, 163.93, 323.87, 172.78, 245.81, 98.02, 30.6, 63.9, 125, 64.56, 87.89, , , , , 
1/31/2020 3:53:27 AM, 3282, 9190.25, 1645.7, 327.68, 222.6, 163.93, 323.87, 172.78, 245.81, 98.02, 30.6, 63.9, 125, 64.56, 87.89, , , , , 
1/31/2020 3:53:30 AM, 3282, 9190.75, 1645.7, 327.68, 222.6, 163.93, 323.87, 172.78, 245.81, 98.02, 30.6, 63.9, 125, 64.56, 87.89, , , , , 
1/31/2020 3:53:33 AM, 3282, 9191.25, 1645.7, 327.68, 222.6, 163.93, 323.87, 172.78, 245.81, 98.02, 30.6, 63.9, 125, 64.56, 87.89, , , , , 
1/31/2020 3:53:36 AM, 3282, 9191.25, 1645.7, 327.68, 222.6, 163.93, 323.87, 172.78, 245.81, 98.02, 30.6, 63.9, 125, 64.56, 87.89, , , , , 
1/31/2020 3:53:39 AM, 3282, 9191.75, 1645.8, 327.68, 222.6, 163.93, 323.87, 172.78, 245.81, 98.02, 30.6, 63.9, 125, 64.56, 87.89, , , , , 
1/31/2020 3:53:42 AM, 3282.25, 9191.5, 1645.9, 327.68, 222.6, 163.93, 323.87, 172.78, 245.81, 98.02, 30.6, 63.9, 125, 64.56, 87.89, , , , , 
1/31/2020 3:53:45 AM, 3282.25, 9191, 1645.7, 327.68, 222.6, 163.93, 323.87, 172.78, 245.81, 98.02, 30.6, 63.9, 125, 64.56, 87.89, , , , , 
1/31/2020 3:53:48 AM, 3282.25, 9191.25, 1645.8, 327.68, 222.6, 163.93, 323.87, 172.78, 245.81, 98.02, 30.6, 63.9, 125, 64.56, 87.89, , , , , 
1/31/2020 3:53:51 AM, 3282.25, 9191.25, 1645.9, 327.68, 222.6, 163.93, 323.87, 172.78, 245.81, 98.02, 30.6, 63.9, 125, 64.56, 87.89, , , , , 
1/31/2020 3:53:54 AM, 3282, 9191.25, 1645.8, 327.68, 222.6, 163.93, 323.87, 172.78, 245.81, 98.02, 30.6, 63.9, 125, 64.56, 87.89, , , , , 
1/31/2020 3:53:57 AM, 3282, 9191, 1645.8, 327.68, 222.6, 163.93, 323.87, 172.78, 245.81, 98.02, 30.6, 63.9, 125, 64.56, 87.89, , , , , 
1/31/2020 3:54:00 AM, 3282, 9190.5, 1645.7, 327.68, 222.6, 163.93, 323.87, 172.78, 245.81, 98.02, 30.6, 63.9, 125, 64.56, 87.89, , , , , 
1/31/2020 3:54:03 AM, 3281.75, 9190.5, 1645.7, 327.68, 222.6, 163.93, 323.87, 172.78, 245.81, 98.02, 30.6, 63.9, 125, 64.56, 87.89, , , , , 
1/31/2020 3:54:06 AM, 3282, 9190.75, 1645.7, 327.68, 222.6, 163.93, 323.87, 172.78, 245.81, 98.02, 30.6, 63.9, 125, 64.56, 87.89, , , , , 
1/31/2020 3:54:09 AM, 3281.25, 9189.25, 1645.4, 327.68, 222.6, 163.93, 323.87, 172.78, 245.81, 98.02, 30.6, 63.9, 125, 64.56, 87.89, , , , , 
1/31/2020 3:54:12 AM, 3281.25, 9189, 1645.4, 327.68, 222.6, 163.93, 323.87, 172.78, 245.81, 98.02, 30.6, 63.9, 125, 64.56, 87.89, , , , , 
1/31/2020 3:54:15 AM, 3281.25, 9189.25, 1645.4, 327.68, 222.6, 163.93, 323.87, 172.78, 245.81, 98.02, 30.6, 63.9, 125, 64.56, 87.89, , , , , 
1/31/2020 3:54:18 AM, 3281.5, 9189.25, 1645.4, 327.68, 222.6, 163.93, 323.87, 172.78, 245.81, 98.02, 30.6, 63.9, 125, 64.56, 87.89, , , , , 
1/31/2020 3:54:21 AM, 3281.25, 9189, 1645.2, 327.68, 222.6, 163.93, 323.87, 172.78, 245.81, 98.02, 30.6, 63.9, 125, 64.56, 87.89, , , , , 
1/31/2020 3:54:24 AM, 3281.25, 9189, 1645.3, 327.68, 222.6, 163.93, 323.87, 172.78, 245.81, 98.02, 30.6, 63.9, 125, 64.56, 87.89, , , , , 
1/31/2020 3:54:27 AM, 3281.25, 9189.25, 1645.3, 327.68, 222.6, 163.93, 323.87, 172.78, 245.81, 98.02, 30.6, 63.9, 125, 64.56, 87.89, , , , , 
1/31/2020 3:54:30 AM, 3281.25, 9189.25, 1645.3, 327.68, 222.6, 163.93, 323.87, 172.78, 245.81, 98.02, 30.6, 63.9, 125, 64.56, 87.89, , , , , 
1/31/2020 3:54:33 AM, 3281.5, 9189.25, 1645.3, 327.68, 222.6, 163.93, 323.87, 172.78, 245.81, 98.02, 30.6, 63.9, 125, 64.56, 87.89, , , , , 
1/31/2020 3:54:36 AM, 3281.25, 9189, 1645.3, 327.68, 222.6, 163.93, 323.87, 172.78, 245.81, 98.02, 30.6, 63.9, 125, 64.56, 87.89, , , , , 
1/31/2020 3:54:39 AM, 3281.25, 9188.75, 1645.3, 327.68, 222.6, 163.93, 323.87, 172.78, 245.81, 98.02, 30.6, 63.9, 125, 64.56, 87.89, , , , , 
1/31/2020 3:54:42 AM, 3281.25, 9188.75, 1645.3, 327.68, 222.6, 163.93, 323.87, 172.78, 245.81, 98.02, 30.6, 63.9, 125, 64.56, 87.89, , , , , 
1/31/2020 3:54:45 AM, 3281.5, 9188.5, 1645.3, 327.68, 222.6, 163.93, 323.87, 172.78, 245.81, 98.02, 30.6, 63.9, 125, 64.56, 87.89, , , , , 
1/31/2020 3:54:48 AM, 3281.25, 9188.25, 1645.3, 327.68, 222.6, 163.93, 323.87, 172.78, 245.81, 98.02, 30.6, 63.9, 125, 64.56, 87.89, , , , , 
1/31/2020 3:54:51 AM, 3281.25, 9189, 1645.3, 327.68, 222.6, 163.93, 323.87, 172.78, 245.81, 98.02, 30.6, 63.9, 125, 64.56, 87.89, , , , , 
1/31/2020 3:54:54 AM, 3281, 9188, 1645.2, 327.68, 222.6, 163.93, 323.87, 172.78, 245.81, 98.02, 30.6, 63.9, 125, 64.56, 87.89, , , , , 
1/31/2020 3:54:57 AM, 3281, 9188.25, 1645.1, 327.68, 222.6, 163.93, 323.87, 172.78, 245.81, 98.02, 30.6, 63.9, 125, 64.56, 87.89, , , , , 
1/31/2020 3:55:00 AM, 3281, 9187.75, 1645.1, 327.68, 222.6, 163.93, 323.87, 172.78, 245.81, 98.02, 30.6, 63.9, 125, 64.56, 87.89, , , , , 
1/31/2020 3:55:03 AM, 3281, 9188, 1645.1, 327.68, 222.6, 163.93, 323.87, 172.78, 245.81, 98.02, 30.6, 63.9, 125, 64.56, 87.89, , , , , 
1/31/2020 3:55:07 AM, 3281, 9187.75, 1645.1, 327.68, 222.6, 163.93, 323.87, 172.78, 245.81, 98.02, 30.6, 63.9, 125, 64.56, 87.89, , , , , 
1/31/2020 3:55:10 AM, 3281, 9187.75, 1645.1, 327.68, 222.6, 163.93, 323.87, 172.78, 245.81, 98.02, 30.6, 63.9, 125, 64.56, 87.89, , , , , 
1/31/2020 3:55:13 AM, 3281, 9188, 1645.1, 327.68, 222.6, 163.93, 323.87, 172.78, 245.81, 98.02, 30.6, 63.9, 125, 64.56, 87.89, , , , , 
1/31/2020 3:55:16 AM, 3281, 9188.25, 1645.1, 327.68, 222.6, 163.93, 323.87, 172.78, 245.81, 98.02, 30.6, 63.9, 125, 64.56, 87.89, , , , , 
1/31/2020 3:55:19 AM, 3281, 9188.25, 1645.1, 327.68, 222.6, 163.93, 323.87, 172.78, 245.81, 98.02, 30.6, 63.9, 125, 64.56, 87.89, , , , , 
1/31/2020 3:55:22 AM, 3281, 9188, 1645.1, 327.68, 222.6, 163.93, 323.87, 172.78, 245.81, 98.02, 30.6, 63.9, 125, 64.56, 87.89, , , , , 
1/31/2020 3:55:25 AM, 3281, 9188.25, 1645, 327.68, 222.6, 163.93, 323.87, 172.78, 245.81, 98.02, 30.6, 63.9, 125, 64.56, 87.89, , , , , 
1/31/2020 3:55:28 AM, 3281, 9187.25, 1645, 327.68, 222.6, 163.93, 323.87, 172.78, 245.81, 98.02, 30.6, 63.9, 125, 64.56, 87.89, , , , , 
1/31/2020 3:55:31 AM, 3280.75, 9187, 1645, 327.68, 222.6, 163.93, 323.87, 172.78, 245.81, 98.02, 30.6, 63.9, 125, 64.56, 87.89, , , , , 
1/31/2020 3:55:34 AM, 3280.5, 9186, 1644.8, 327.68, 222.6, 163.93, 323.87, 172.78, 245.81, 98.02, 30.6, 63.9, 125, 64.56, 87.89, , , , , 
1/31/2020 3:55:37 AM, 3280.25, 9186, 1644.8, 327.68, 222.6, 163.93, 323.87, 172.78, 245.81, 98.02, 30.6, 63.9, 125, 64.56, 87.89, , , , , 
1/31/2020 3:55:40 AM, 3280.25, 9186, 1644.8, 327.68, 222.6, 163.93, 323.87, 172.78, 245.81, 98.02, 30.6, 63.9, 125, 64.56, 87.89, , , , , 
1/31/2020 3:55:43 AM, 3280.25, 9185.25, 1644.8, 327.68, 222.6, 163.93, 323.87, 172.78, 245.81, 98.02, 30.6, 63.9, 125, 64.56, 87.89, , , , , 
1/31/2020 3:55:46 AM, 3280.25, 9185.25, 1644.8, 327.68, 222.6, 163.93, 323.87, 172.78, 245.81, 98.02, 30.6, 63.9, 125, 64.56, 87.89, , , , , 
1/31/2020 3:55:49 AM, 3280.25, 9185.5, 1644.8, 327.68, 222.6, 163.93, 323.87, 172.78, 245.81, 98.02, 30.6, 63.9, 125, 64.56, 87.89, , , , , 
1/31/2020 3:55:52 AM, 3280, 9184.25, 1644.6, 327.68, 222.6, 163.93, 323.87, 172.78, 245.81, 98.02, 30.6, 63.9, 125, 64.56, 87.89, , , , , 
1/31/2020 3:55:55 AM, 3279.5, 9183.25, 1644.4, 327.68, 222.6, 163.93, 323.87, 172.78, 245.81, 98.02, 30.6, 63.9, 125, 64.56, 87.89, , , , , 
1/31/2020 3:55:58 AM, 3279.5, 9183.75, 1644.5, 327.68, 222.6, 163.93, 323.87, 172.78, 245.81, 98.02, 30.6, 63.9, 125, 64.56, 87.89, , , , , 
1/31/2020 3:56:01 AM, 3279.5, 9183.25, 1644.5, 327.68, 222.6, 163.93, 323.87, 172.78, 245.81, 98.02, 30.6, 63.9, 125, 64.56, 87.89, , , , , 
1/31/2020 3:56:04 AM, 3279.5, 9183.5, 1644.6, 327.68, 222.6, 163.93, 323.87, 172.78, 245.81, 98.02, 30.6, 63.9, 125, 64.56, 87.89, , , , , 
1/31/2020 3:56:07 AM, 3279.5, 9182.75, 1644.5, 327.68, 222.6, 163.93, 323.87, 172.78, 245.81, 98.02, 30.6, 63.9, 125, 64.56, 87.89, , , , , 
1/31/2020 3:56:10 AM, 3279.25, 9182.5, 1644.3, 327.68, 222.6, 163.93, 323.87, 172.78, 245.81, 98.02, 30.6, 63.9, 125, 64.56, 87.89, , , , , 
1/31/2020 3:56:13 AM, 3279.25, 9182, 1644.4, 327.68, 222.6, 163.93, 323.87, 172.78, 245.81, 98.02, 30.6, 63.9, 125, 64.56, 87.89, , , , , 
1/31/2020 3:56:16 AM, 3279, 9181.75, 1644.4, 327.68, 222.6, 163.93, 323.87, 172.78, 245.81, 98.02, 30.6, 63.9, 125, 64.56, 87.89, , , , , 
1/31/2020 3:56:19 AM, 3278.75, 9180.25, 1644.2, 327.68, 222.6, 163.93, 323.87, 172.78, 245.81, 98.02, 30.6, 63.9, 125, 64.56, 87.89, , , , , 
1/31/2020 3:56:22 AM, 3278.75, 9180.75, 1644.2, 327.68, 222.6, 163.93, 323.87, 172.78, 245.81, 98.02, 30.6, 63.9, 125, 64.56, 87.89, , , , , 
1/31/2020 3:56:25 AM, 3279, 9181, 1644.3, 327.68, 222.6, 163.93, 323.87, 172.78, 245.81, 98.02, 30.6, 63.9, 125, 64.56, 87.89, , , , , 
1/31/2020 3:56:28 AM, 3279, 9181.5, 1644.3, 327.68, 222.6, 163.93, 323.87, 172.78, 245.81, 98.02, 30.6, 63.9, 125, 64.56, 87.89, , , , , 
1/31/2020 3:56:31 AM, 3279.5, 9182.5, 1644.3, 327.68, 222.6, 163.93, 323.87, 172.78, 245.81, 98.02, 30.6, 63.9, 125, 64.56, 87.89, , , , , 
1/31/2020 3:56:34 AM, 3279.5, 9183.25, 1644.7, 327.68, 222.6, 163.93, 323.87, 172.78, 245.81, 98.02, 30.6, 63.9, 125, 64.56, 87.89, , , , , 
1/31/2020 3:56:37 AM, 3279.75, 9183.5, 1644.8, 327.68, 222.6, 163.93, 323.87, 172.78, 245.81, 98.02, 30.6, 63.9, 125, 64.56, 87.89, , , , , 
1/31/2020 3:56:40 AM, 3279.5, 9182.5, 1644.7, 327.68, 222.6, 163.93, 323.87, 172.78, 245.81, 98.02, 30.6, 63.9, 125, 64.56, 87.89, , , , , 
1/31/2020 3:56:43 AM, 3279.5, 9182.5, 1644.6, 327.68, 222.6, 163.93, 323.87, 172.78, 245.81, 98.02, 30.6, 63.9, 125, 64.56, 87.89, , , , , 
1/31/2020 3:56:46 AM, 3279.25, 9182, 1644.6, 327.68, 222.6, 163.93, 323.87, 172.78, 245.81, 98.02, 30.6, 63.9, 125, 64.56, 87.89, , , , , 
1/31/2020 3:56:49 AM, 3279.5, 9182.5, 1644.6, 327.68, 222.6, 163.93, 323.87, 172.78, 245.81, 98.02, 30.6, 63.9, 125, 64.56, 87.89, , , , , 
1/31/2020 3:56:52 AM, 3279.5, 9182.75, 1644.7, 327.68, 222.6, 163.93, 323.87, 172.78, 245.81, 98.02, 30.6, 63.9, 125, 64.56, 87.89, , , , , 
1/31/2020 3:56:55 AM, 3279.25, 9181.5, 1644.6, 327.68, 222.6, 163.93, 323.87, 172.78, 245.81, 98.02, 30.6, 63.9, 125, 64.56, 87.89, , , , , 
1/31/2020 3:56:58 AM, 3279.25, 9181.75, 1644.5, 327.68, 222.6, 163.93, 323.87, 172.78, 245.81, 98.02, 30.6, 63.9, 125, 64.56, 87.89, , , , , 
1/31/2020 3:57:01 AM, 3279, 9180.75, 1644.3, 327.68, 222.6, 163.93, 323.87, 172.78, 245.81, 98.02, 30.6, 63.9, 125, 64.56, 87.89, , , , , 
1/31/2020 3:57:04 AM, 3278.75, 9179.5, 1644.3, 327.68, 222.6, 163.93, 323.87, 172.78, 245.81, 98.02, 30.6, 63.9, 125, 64.56, 87.89, , , , , 
1/31/2020 3:57:07 AM, 3278.75, 9179.75, 1644.3, 327.68, 222.6, 163.93, 323.87, 172.78, 245.81, 98.02, 30.6, 63.9, 125, 64.56, 87.89, , , , , 
1/31/2020 3:57:10 AM, 3278.75, 9180.5, 1644.3, 327.68, 222.6, 163.93, 323.87, 172.78, 245.81, 98.02, 30.6, 63.9, 125, 64.56, 87.89, , , , , 
1/31/2020 3:57:13 AM, 3279.25, 9181.75, 1644.5, 327.68, 222.6, 163.93, 323.87, 172.78, 245.81, 98.02, 30.6, 63.9, 125, 64.56, 87.89, , , , , 
1/31/2020 3:57:16 AM, 3279.25, 9182, 1644.5, 327.68, 222.6, 163.93, 323.87, 172.78, 245.81, 98.02, 30.6, 63.9, 125, 64.56, 87.89, , , , , 
1/31/2020 3:57:19 AM, 3279.5, 9182.75, 1644.5, 327.68, 222.6, 163.93, 323.87, 172.78, 245.81, 98.02, 30.6, 63.9, 125, 64.56, 87.89, , , , , 
1/31/2020 3:57:22 AM, 3279.5, 9182, 1644.7, 327.68, 222.6, 163.93, 323.87, 172.78, 245.81, 98.02, 30.6, 63.9, 125, 64.56, 87.89, , , , , 
1/31/2020 3:57:25 AM, 3279.25, 9181.5, 1644.7, 327.68, 222.6, 163.93, 323.87, 172.78, 245.81, 98.02, 30.6, 63.9, 125, 64.56, 87.89, , , , , 
1/31/2020 3:57:28 AM, 3279.25, 9181.5, 1644.7, 327.68, 222.6, 163.93, 323.87, 172.78, 245.81, 98.02, 30.6, 63.9, 125, 64.56, 87.89, , , , , 
1/31/2020 3:57:31 AM, 3279.25, 9181, 1644.7, 327.68, 222.6, 163.93, 323.87, 172.78, 245.81, 98.02, 30.6, 63.9, 125, 64.56, 87.89, , , , , 
1/31/2020 3:57:34 AM, 3279.25, 9181, 1644.6, 327.68, 222.6, 163.93, 323.87, 172.78, 245.81, 98.02, 30.6, 63.9, 125, 64.56, 87.89, , , , , 
1/31/2020 3:57:37 AM, 3279.25, 9182, 1644.6, 327.68, 222.6, 163.93, 323.87, 172.78, 245.81, 98.02, 30.6, 63.9, 125, 64.56, 87.89, , , , , 
1/31/2020 3:57:40 AM, 3279.25, 9181.75, 1644.6, 327.68, 222.6, 163.93, 323.87, 172.78, 245.81, 98.02, 30.6, 63.9, 125, 64.56, 87.89, , , , , 
1/31/2020 3:57:43 AM, 3279.25, 9181.75, 1644.6, 327.68, 222.6, 163.93, 323.87, 172.78, 245.81, 98.02, 30.6, 63.9, 125, 64.56, 87.89, , , , , 
1/31/2020 3:57:46 AM, 3279.25, 9181.25, 1644.6, 327.68, 222.6, 163.93, 323.87, 172.78, 245.81, 98.02, 30.6, 63.9, 125, 64.56, 87.89, , , , , 
1/31/2020 3:57:49 AM, 3279.25, 9182, 1644.6, 327.68, 222.6, 163.93, 323.87, 172.78, 245.81, 98.02, 30.6, 63.9, 125, 64.56, 87.89, , , , , 
1/31/2020 3:57:52 AM, 3279.25, 9182, 1644.6, 327.68, 222.6, 163.93, 323.87, 172.78, 245.81, 98.02, 30.6, 63.9, 125, 64.56, 87.89, , , , , 
1/31/2020 3:57:55 AM, 3279.25, 9181.75, 1644.6, 327.68, 222.6, 163.93, 323.87, 172.78, 245.81, 98.02, 30.6, 63.9, 125, 64.56, 87.89, , , , , 
1/31/2020 3:57:58 AM, 3279.25, 9181.75, 1644.6, 327.68, 222.6, 163.93, 323.87, 172.78, 245.81, 98.02, 30.6, 63.9, 125, 64.56, 87.89, , , , , 
1/31/2020 3:58:01 AM, 3279, 9180.25, 1644.5, 327.68, 222.6, 163.93, 323.87, 172.78, 245.81, 98.02, 30.6, 63.9, 125, 64.56, 87.89, , , , , 
1/31/2020 3:58:04 AM, 3279, 9180.25, 1644.5, 327.68, 222.6, 163.93, 323.87, 172.78, 245.81, 98.02, 30.6, 63.9, 125, 64.56, 87.89, , , , , 
1/31/2020 3:58:08 AM, 3278.75, 9179.5, 1644.4, 327.68, 222.6, 163.93, 323.87, 172.78, 245.81, 98.02, 30.6, 63.9, 125, 64.56, 87.89, , , , , 
1/31/2020 3:58:11 AM, 3278.75, 9179.5, 1644.4, 327.68, 222.6, 163.93, 323.87, 172.78, 245.81, 98.02, 30.6, 63.9, 125, 64.56, 87.89, , , , , 
1/31/2020 3:58:14 AM, 3278.75, 9179.25, 1644.3, 327.68, 222.6, 163.93, 323.87, 172.78, 245.81, 98.02, 30.6, 63.9, 125, 64.56, 87.89, , , , , 
1/31/2020 3:58:17 AM, 3279, 9179, 1644.3, 327.68, 222.6, 163.93, 323.87, 172.78, 245.81, 98.02, 30.6, 63.9, 125, 64.56, 87.89, , , , , 
1/31/2020 3:58:20 AM, 3278.5, 9178.75, 1644.3, 327.68, 222.6, 163.93, 323.87, 172.78, 245.81, 98.02, 30.6, 63.9, 125, 64.56, 87.89, , , , , 
1/31/2020 3:58:23 AM, 3278.5, 9178.75, 1644.3, 327.68, 222.6, 163.93, 323.87, 172.78, 245.81, 98.02, 30.6, 63.9, 125, 64.56, 87.89, , , , , 
1/31/2020 3:58:26 AM, 3278.5, 9178, 1644.2, 327.68, 222.6, 163.93, 323.87, 172.78, 245.81, 98.02, 30.6, 63.9, 125, 64.56, 87.89, , , , , 
1/31/2020 3:58:29 AM, 3278.5, 9178, 1644.2, 327.68, 222.6, 163.93, 323.87, 172.78, 245.81, 98.02, 30.6, 63.9, 125, 64.56, 87.89, , , , , 
1/31/2020 3:58:32 AM, 3278.75, 9179.5, 1644.2, 327.68, 222.6, 163.93, 323.87, 172.78, 245.81, 98.02, 30.6, 63.9, 125, 64.56, 87.89, , , , , 
1/31/2020 3:58:35 AM, 3278.75, 9179.5, 1644.2, 327.68, 222.6, 163.93, 323.87, 172.78, 245.81, 98.02, 30.6, 63.9, 125, 64.56, 87.89, , , , , 
1/31/2020 3:58:38 AM, 3278.75, 9179.25, 1644.4, 327.68, 222.6, 163.93, 323.87, 172.78, 245.81, 98.02, 30.6, 63.9, 125, 64.56, 87.89, , , , , 
1/31/2020 3:58:41 AM, 3278.75, 9179.25, 1644.4, 327.68, 222.6, 163.93, 323.87, 172.78, 245.81, 98.02, 30.6, 63.9, 125, 64.56, 87.89, , , , , 
1/31/2020 3:58:44 AM, 3278.75, 9180.5, 1644.5, 327.68, 222.6, 163.93, 323.87, 172.78, 245.81, 98.02, 30.6, 63.9, 125, 64.56, 87.89, , , , , 
1/31/2020 3:58:47 AM, 3278.75, 9180.5, 1644.5, 327.68, 222.6, 163.93, 323.87, 172.78, 245.81, 98.02, 30.6, 63.9, 125, 64.56, 87.89, , , , , 
1/31/2020 3:58:50 AM, 3279, 9180, 1644.4, 327.68, 222.6, 163.93, 323.87, 172.78, 245.81, 98.02, 30.6, 63.9, 125, 64.56, 87.89, , , , , 
1/31/2020 3:58:53 AM, 3279, 9180, 1644.4, 327.68, 222.6, 163.93, 323.87, 172.78, 245.81, 98.02, 30.6, 63.9, 125, 64.56, 87.89, , , , , 
1/31/2020 3:58:56 AM, 3278.75, 9179.5, 1644.4, 327.68, 222.6, 163.93, 323.87, 172.78, 245.81, 98.02, 30.6, 63.9, 125, 64.56, 87.89, , , , , 
1/31/2020 3:58:59 AM, 3278.75, 9179.5, 1644.4, 327.68, 222.6, 163.93, 323.87, 172.78, 245.81, 98.02, 30.6, 63.9, 125, 64.56, 87.89, , , , , 
1/31/2020 3:59:02 AM, 3278.5, 9178.5, 1644.2, 327.68, 222.6, 163.93, 323.87, 172.78, 245.81, 98.02, 30.6, 63.9, 125, 64.56, 87.89, , , , , 
1/31/2020 3:59:05 AM, 3278.5, 9178.5, 1644.2, 327.68, 222.6, 163.93, 323.87, 172.78, 245.81, 98.02, 30.6, 63.9, 125, 64.56, 87.89, , , , , 
1/31/2020 3:59:08 AM, 3278.5, 9178.25, 1644.2, 327.68, 222.6, 163.93, 323.87, 172.78, 245.81, 98.02, 30.6, 63.9, 125, 64.56, 87.89, , , , , 
1/31/2020 3:59:11 AM, 3278.5, 9178.25, 1644.2, 327.68, 222.6, 163.93, 323.87, 172.78, 245.81, 98.02, 30.6, 63.9, 125, 64.56, 87.89, , , , , 
1/31/2020 3:59:14 AM, 3278.75, 9179, 1644.2, 327.68, 222.6, 163.93, 323.87, 172.78, 245.81, 98.02, 30.6, 63.9, 125, 64.56, 87.89, , , , , 
1/31/2020 3:59:17 AM, 3278.75, 9179, 1644.2, 327.68, 222.6, 163.93, 323.87, 172.78, 245.81, 98.02, 30.6, 63.9, 125, 64.56, 87.89, , , , , 
1/31/2020 3:59:20 AM, 3278.5, 9179, 1644.3, 327.68, 222.6, 163.93, 323.87, 172.78, 245.81, 98.02, 30.6, 63.9, 125, 64.56, 87.89, , , , , 
1/31/2020 3:59:23 AM, 3278.5, 9179, 1644.3, 327.68, 222.6, 163.93, 323.87, 172.78, 245.81, 98.02, 30.6, 63.9, 125, 64.56, 87.89, , , , , 
1/31/2020 3:59:26 AM, 3278.5, 9179, 1644.3, 327.68, 222.6, 163.93, 323.87, 172.78, 245.81, 98.02, 30.6, 63.9, 125, 64.56, 87.89, , , , , 
1/31/2020 3:59:29 AM, 3278.5, 9179, 1644.3, 327.68, 222.6, 163.93, 323.87, 172.78, 245.81, 98.02, 30.6, 63.9, 125, 64.56, 87.89, , , , , 
1/31/2020 3:59:32 AM, 3278.75, 9179.75, 1644.3, 327.68, 222.6, 163.93, 323.87, 172.78, 245.81, 98.02, 30.6, 63.9, 125, 64.56, 87.89, , , , , 
1/31/2020 3:59:35 AM, 3278.75, 9179.75, 1644.3, 327.68, 222.6, 163.93, 323.87, 172.78, 245.81, 98.02, 30.6, 63.9, 125, 64.56, 87.89, , , , , 
1/31/2020 3:59:38 AM, 3278.5, 9178.75, 1644.1, 327.68, 222.6, 163.93, 323.87, 172.78, 245.81, 98.02, 30.6, 63.9, 125, 64.56, 87.89, , , , , 
1/31/2020 3:59:41 AM, 3278.5, 9178.75, 1644.1, 327.68, 222.6, 163.93, 323.87, 172.78, 245.81, 98.02, 30.6, 63.9, 125, 64.56, 87.89, , , , , 
1/31/2020 3:59:44 AM, 3278.25, 9178.75, 1644.1, 327.68, 222.6, 163.93, 323.87, 172.78, 245.81, 98.02, 30.6, 63.9, 125, 64.56, 87.89, , , , , 
1/31/2020 3:59:47 AM, 3278.25, 9178.75, 1644.1, 327.68, 222.6, 163.93, 323.87, 172.78, 245.81, 98.02, 30.6, 63.9, 125, 64.56, 87.89, , , , , 
1/31/2020 3:59:50 AM, 3278.25, 9179, 1644.1, 327.68, 222.6, 163.93, 323.87, 172.78, 245.81, 98.02, 30.6, 63.9, 125, 64.56, 87.89, , , , , 
1/31/2020 3:59:53 AM, 3278.25, 9179, 1644.1, 327.68, 222.6, 163.93, 323.87, 172.78, 245.81, 98.02, 30.6, 63.9, 125, 64.56, 87.89, , , , , 
1/31/2020 3:59:56 AM, 3278.75, 9180.25, 1644.3, 327.68, 222.6, 163.93, 323.87, 172.78, 245.81, 98.02, 30.6, 63.9, 125, 64.56, 87.89, , , , , 
1/31/2020 3:59:59 AM, 3278.75, 9180.25, 1644.3, 327.68, 222.6, 163.93, 323.87, 172.78, 245.81, 98.02, 30.6, 63.9, 125, 64.56, 87.89, , , , , 
1/31/2020 4:00:02 AM, 3278.5, 9179.5, 1644.2, 327.68, 222.6, 163.93, 323.87, 172.78, 245.81, 98.02, 30.6, 63.9, 125, 64.56, 87.89, , , , , 
1/31/2020 4:00:05 AM, 3278.5, 9179.5, 1644.2, 327.68, 222.6, 163.93, 323.87, 172.78, 245.81, 98.02, 30.6, 63.9, 125, 64.56, 87.89, , , , , 
1/31/2020 4:00:08 AM, 3278.25, 9177.75, 1644.2, 327.68, 222.6, 163.93, 323.87, 172.78, 245.81, 98.02, 30.6, 63.9, 125, 64.56, 87.89, , , , , 
1/31/2020 4:00:11 AM, 3278, 9177.25, 1643.9, 327.68, 222.6, 163.93, 323.87, 172.78, 245.81, 98.02, 30.6, 63.9, 125, 64.56, 87.89, , , , , 
1/31/2020 4:00:14 AM, 3278.75, 9179.25, 1644.3, 327.68, 222.6, 163.93, 323.87, 172.78, 245.81, 98.02, 30.6, 63.9, 125, 64.56, 87.89, , , , , 
1/31/2020 4:00:17 AM, 3278.75, 9179.25, 1644.3, 327.68, 222.6, 163.93, 323.87, 172.78, 245.81, 98.02, 30.6, 63.9, 125, 64.56, 87.89, , , , , 
1/31/2020 4:00:20 AM, 3278.75, 9180.5, 1644.4, 327.68, 222.6, 163.93, 323.87, 172.78, 245.81, 98.02, 30.6, 63.9, 125, 64.56, 87.89, , , , , 
1/31/2020 4:00:23 AM, 3278.75, 9180.5, 1644.4, 327.68, 222.6, 163.93, 323.87, 172.78, 245.81, 98.02, 30.6, 63.9, 125, 64.56, 87.89, , , , , 
1/31/2020 4:00:26 AM, 3278.75, 9181, 1644.3, 327.68, 222.6, 163.93, 323.87, 172.78, 245.81, 98.02, 30.6, 63.9, 125, 64.56, 87.89, , , , , 
1/31/2020 4:00:29 AM, 3279.25, 9182.25, 1644.6, 327.68, 222.6, 163.93, 323.87, 172.78, 245.81, 98.02, 30.6, 63.9, 125, 64.56, 87.89, , , , , 
1/31/2020 4:00:32 AM, 3279.25, 9182, 1644.7, 327.68, 222.6, 163.93, 323.87, 172.78, 245.81, 98.02, 30.6, 63.9, 125, 64.56, 87.89, , , , , 
1/31/2020 4:00:35 AM, 3279.25, 9182, 1644.7, 327.68, 222.6, 163.93, 323.87, 172.78, 245.81, 98.02, 30.6, 63.9, 125, 64.56, 87.89, , , , , 
1/31/2020 4:00:38 AM, 3279.25, 9182.25, 1644.7, 327.68, 222.6, 163.93, 323.87, 172.78, 245.81, 98.02, 30.6, 63.9, 125, 64.56, 87.89, , , , , 
1/31/2020 4:00:41 AM, 3279.25, 9182.5, 1644.6, 327.68, 222.6, 163.93, 323.87, 172.78, 245.81, 98.02, 30.6, 63.9, 125, 64.56, 87.89, , , , , 
1/31/2020 4:00:44 AM, 3279.25, 9182.25, 1644.7, 327.68, 222.6, 163.93, 323.87, 172.78, 245.81, 98.02, 30.6, 63.9, 125, 64.56, 87.89, , , , , 
1/31/2020 4:00:47 AM, 3279.5, 9183.5, 1644.8, 327.68, 222.6, 163.93, 323.87, 172.78, 245.81, 98.02, 30.6, 63.9, 125, 64.56, 87.89, , , , , 
1/31/2020 4:00:50 AM, 3279.75, 9183.25, 1644.9, 327.68, 222.6, 163.93, 323.87, 172.78, 245.81, 98.02, 30.6, 63.9, 125, 64.56, 87.89, , , , , 
1/31/2020 4:00:53 AM, 3279.75, 9183.5, 1644.8, 327.68, 222.6, 163.93, 323.87, 172.78, 245.81, 98.02, 30.6, 63.9, 125, 64.56, 87.89, , , , , 
1/31/2020 4:00:56 AM, 3279.75, 9183.5, 1644.9, 327.68, 222.6, 163.93, 323.87, 172.78, 245.81, 98.02, 30.6, 63.9, 125, 64.56, 87.89, , , , , 
1/31/2020 4:01:00 AM, 3280, 9183.75, 1644.9, 327.68, 222.6, 163.93, 323.87, 172.78, 245.81, 98.02, 30.6, 63.9, 125, 64.56, 87.89, , , , , 
1/31/2020 4:01:03 AM, 3280.25, 9185, 1645.1, 327.68, 222.6, 163.93, 323.87, 172.78, 245.81, 98.02, 30.6, 63.9, 125, 64.56, 87.89, , , , , 
1/31/2020 4:01:06 AM, 3280, 9185, 1645.1, 327.68, 222.6, 163.93, 323.87, 172.78, 245.81, 98.02, 30.6, 63.9, 125, 64.56, 87.89, , , , , 
1/31/2020 4:01:09 AM, 3280.25, 9185.5, 1645.1, 327.68, 222.6, 163.93, 323.87, 172.78, 245.81, 98.02, 30.6, 63.9, 125, 64.56, 87.89, , , , , 
1/31/2020 4:01:12 AM, 3280, 9185.25, 1645.1, 327.68, 222.6, 163.93, 323.87, 172.78, 245.81, 98.02, 30.6, 63.9, 125, 64.56, 87.89, , , , , 
1/31/2020 4:01:15 AM, 3280, 9184.25, 1645, 327.68, 222.6, 163.93, 323.87, 172.78, 245.81, 98.02, 30.6, 63.9, 125, 64.56, 87.89, , , , , 
1/31/2020 4:01:18 AM, 3280.25, 9185.75, 1645.2, 327.68, 222.6, 163.93, 323.87, 172.78, 245.81, 98.02, 30.6, 63.9, 125, 64.56, 87.89, , , , , 
1/31/2020 4:01:21 AM, 3280.25, 9184.5, 1645.1, 327.68, 222.6, 163.93, 323.87, 172.78, 245.81, 98.02, 30.6, 63.9, 125, 64.56, 87.89, , , , , 
1/31/2020 4:01:24 AM, 3280.25, 9185.5, 1645.1, 327.68, 222.6, 163.93, 323.87, 172.78, 245.81, 98.02, 30.6, 63.9, 125, 64.56, 87.89, , , , , 
1/31/2020 4:01:27 AM, 3280.5, 9185.75, 1645.3, 327.68, 222.6, 163.93, 323.87, 172.78, 245.81, 98.02, 30.6, 63.9, 125, 64.56, 87.89, , , , , 
1/31/2020 4:01:30 AM, 3280.5, 9185, 1645.2, 327.68, 222.6, 163.93, 323.87, 172.78, 245.81, 98.02, 30.6, 63.9, 125, 64.56, 87.89, , , , , 
1/31/2020 4:01:33 AM, 3280.5, 9185, 1645.2, 327.68, 222.6, 163.93, 323.87, 172.78, 245.81, 98.02, 30.6, 63.9, 125, 64.56, 87.89, , , , , 
1/31/2020 4:01:36 AM, 3280.25, 9184.25, 1645.1, 327.68, 222.6, 163.93, 323.87, 172.78, 245.81, 98.02, 30.6, 63.9, 125, 64.56, 87.89, , , , , 
1/31/2020 4:01:39 AM, 3280.25, 9183.75, 1645.1, 327.68, 222.6, 163.93, 323.87, 172.78, 245.81, 98.02, 30.6, 63.9, 125, 64.56, 87.89, , , , , 
1/31/2020 4:01:42 AM, 3280, 9182.75, 1644.9, 327.68, 222.6, 163.93, 323.87, 172.78, 245.81, 98.02, 30.6, 63.9, 125, 64.56, 87.89, , , , , 
1/31/2020 4:01:45 AM, 3279.75, 9182.25, 1644.9, 327.68, 222.6, 163.93, 323.87, 172.78, 245.81, 98.02, 30.6, 63.9, 125, 64.56, 87.89, , , , , 
1/31/2020 4:01:48 AM, 3279.25, 9182, 1644.7, 327.68, 222.6, 163.93, 323.87, 172.78, 245.81, 98.02, 30.6, 63.9, 125, 64.56, 87.89, , , , , 
1/31/2020 4:01:51 AM, 3279.25, 9181, 1644.6, 327.68, 222.6, 163.93, 323.87, 172.78, 245.81, 98.02, 30.6, 63.9, 125, 64.56, 87.89, , , , , 
1/31/2020 4:01:54 AM, 3279.25, 9181.25, 1644.6, 327.68, 222.6, 163.93, 323.87, 172.78, 245.81, 98.02, 30.6, 63.9, 125, 64.56, 87.89, , , , , 
1/31/2020 4:01:57 AM, 3279.25, 9181, 1644.6, 327.68, 222.6, 163.93, 323.87, 172.78, 245.81, 98.02, 30.6, 63.9, 125, 64.56, 87.89, , , , , 
1/31/2020 4:02:00 AM, 3279.25, 9181, 1644.6, 327.68, 222.6, 163.93, 323.87, 172.78, 245.81, 98.02, 30.6, 63.9, 125, 64.56, 87.89, , , , , 
1/31/2020 4:02:03 AM, 3279.25, 9180.5, 1644.6, 327.68, 222.6, 163.93, 323.87, 172.78, 245.81, 98.02, 30.6, 63.9, 125, 64.56, 87.89, , , , , 
1/31/2020 4:02:06 AM, 3279.25, 9180.75, 1644.6, 327.68, 222.6, 163.93, 323.87, 172.78, 245.81, 98.02, 30.6, 63.9, 125, 64.56, 87.89, , , , , 
1/31/2020 4:02:09 AM, 3279.25, 9180, 1644.6, 327.68, 222.6, 163.93, 323.87, 172.78, 245.81, 98.02, 30.6, 63.9, 125, 64.56, 87.89, , , , , 
1/31/2020 4:02:12 AM, 3279.25, 9180.75, 1644.6, 327.68, 222.6, 163.93, 323.87, 172.78, 245.81, 98.02, 30.6, 63.9, 125, 64.56, 87.89, , , , , 
1/31/2020 4:02:15 AM, 3279.5, 9180.75, 1644.6, 327.68, 222.6, 163.93, 323.87, 172.78, 245.81, 98.02, 30.6, 63.9, 125, 64.56, 87.89, , , , , 
1/31/2020 4:02:18 AM, 3279.5, 9181, 1644.7, 327.68, 222.6, 163.93, 323.87, 172.78, 245.81, 98.02, 30.6, 63.9, 125, 64.56, 87.89, , , , , 
1/31/2020 4:02:21 AM, 3279.25, 9180.25, 1644.6, 327.68, 222.6, 163.93, 323.87, 172.78, 245.81, 98.02, 30.6, 63.9, 125, 64.56, 87.89, , , , , 
1/31/2020 4:02:24 AM, 3279.25, 9180.5, 1644.6, 327.68, 222.6, 163.93, 323.87, 172.78, 245.81, 98.02, 30.6, 63.9, 125, 64.56, 87.89, , , , , 
1/31/2020 4:02:27 AM, 3279.25, 9180.25, 1644.6, 327.68, 222.6, 163.93, 323.87, 172.78, 245.81, 98.02, 30.6, 63.9, 125, 64.56, 87.89, , , , , 
1/31/2020 4:02:30 AM, 3279.25, 9181, 1644.7, 327.68, 222.6, 163.93, 323.87, 172.78, 245.81, 98.02, 30.6, 63.9, 125, 64.56, 87.89, , , , , 
1/31/2020 4:02:33 AM, 3279.25, 9181, 1644.7, 327.68, 222.6, 163.93, 323.87, 172.78, 245.81, 98.02, 30.6, 63.9, 125, 64.56, 87.89, , , , , 
1/31/2020 4:02:36 AM, 3279.75, 9182, 1644.9, 327.68, 222.6, 163.93, 323.87, 172.78, 245.81, 98.02, 30.6, 63.9, 125, 64.56, 87.89, , , , , 
1/31/2020 4:02:39 AM, 3279.75, 9183, 1644.9, 327.68, 222.6, 163.93, 323.87, 172.78, 245.81, 98.02, 30.6, 63.9, 125, 64.56, 87.89, , , , , 
1/31/2020 4:02:42 AM, 3280, 9182.75, 1644.9, 327.68, 222.6, 163.93, 323.87, 172.78, 245.81, 98.02, 30.6, 63.9, 125, 64.56, 87.89, , , , , 
1/31/2020 4:02:45 AM, 3279.75, 9181.75, 1644.9, 327.68, 222.6, 163.93, 323.87, 172.78, 245.81, 98.02, 30.6, 63.9, 125, 64.56, 87.89, , , , , 
1/31/2020 4:02:48 AM, 3279.75, 9182.75, 1645, 327.68, 222.6, 163.93, 323.87, 172.78, 245.81, 98.02, 30.6, 63.9, 125, 64.56, 87.89, , , , , 
1/31/2020 4:02:51 AM, 3279.75, 9182.75, 1645, 327.68, 222.6, 163.93, 323.87, 172.78, 245.81, 98.02, 30.6, 63.9, 125, 64.56, 87.89, , , , , 
1/31/2020 4:02:54 AM, 3279.75, 9182.25, 1645, 327.68, 222.6, 163.93, 323.87, 172.78, 245.81, 98.02, 30.6, 63.9, 125, 64.56, 87.89, , , , , 
1/31/2020 4:02:57 AM, 3279.75, 9181.75, 1644.9, 327.68, 222.6, 163.93, 323.87, 172.78, 245.81, 98.02, 30.6, 63.9, 125, 64.56, 87.89, , , , , 
1/31/2020 4:03:00 AM, 3280.25, 9184.25, 1645.3, 327.68, 222.6, 163.93, 323.87, 172.78, 245.81, 98.02, 30.6, 63.9, 125, 64.56, 87.89, , , , , 
1/31/2020 4:03:03 AM, 3280.5, 9184.75, 1645.5, 327.68, 222.6, 163.93, 323.87, 172.78, 245.81, 98.02, 30.6, 63.9, 125, 64.56, 87.89, , , , , 
1/31/2020 4:03:06 AM, 3280.5, 9184.75, 1645.4, 327.68, 222.6, 163.93, 323.87, 172.78, 245.81, 98.02, 30.6, 63.9, 125, 64.56, 87.89, , , , , 
1/31/2020 4:03:09 AM, 3280.5, 9184.25, 1645.3, 327.68, 222.6, 163.93, 323.87, 172.78, 245.81, 98.02, 30.6, 63.9, 125, 64.56, 87.89, , , , , 
1/31/2020 4:03:12 AM, 3280, 9182.5, 1645.3, 327.68, 222.6, 163.93, 323.87, 172.78, 245.81, 98.02, 30.6, 63.9, 125, 64.56, 87.89, , , , , 
1/31/2020 4:03:15 AM, 3280, 9182.5, 1645.3, 327.68, 222.6, 163.93, 323.87, 172.78, 245.81, 98.02, 30.6, 63.9, 125, 64.56, 87.89, , , , , 
1/31/2020 4:03:18 AM, 3280, 9182.5, 1645, 327.68, 222.6, 163.93, 323.87, 172.78, 245.81, 98.02, 30.6, 63.9, 125, 64.56, 87.89, , , , , 
1/31/2020 4:03:21 AM, 3279.75, 9182, 1644.9, 327.68, 222.6, 163.93, 323.87, 172.78, 245.81, 98.02, 30.6, 63.9, 125, 64.56, 87.89, , , , , 
1/31/2020 4:03:24 AM, 3280, 9182.75, 1645, 327.68, 222.6, 163.93, 323.87, 172.78, 245.81, 98.02, 30.6, 63.9, 125, 64.56, 87.89, , , , , 
1/31/2020 4:03:27 AM, 3280, 9182.75, 1645, 327.68, 222.6, 163.93, 323.87, 172.78, 245.81, 98.02, 30.6, 63.9, 125, 64.56, 87.89, , , , , 
1/31/2020 4:03:30 AM, 3280, 9182.75, 1645.1, 327.68, 222.6, 163.93, 323.87, 172.78, 245.81, 98.02, 30.6, 63.9, 125, 64.56, 87.89, , , , , 
1/31/2020 4:03:33 AM, 3280, 9183, 1645.1, 327.68, 222.6, 163.93, 323.87, 172.78, 245.81, 98.02, 30.6, 63.9, 125, 64.56, 87.89, , , , , 
1/31/2020 4:03:36 AM, 3280, 9182.75, 1645.1, 327.68, 222.6, 163.93, 323.87, 172.78, 245.81, 98.02, 30.6, 63.9, 125, 64.56, 87.89, , , , , 
1/31/2020 4:03:39 AM, 3280, 9182.5, 1645.1, 327.68, 222.6, 163.93, 323.87, 172.78, 245.81, 98.02, 30.6, 63.9, 125, 64.56, 87.89, , , , , 
1/31/2020 4:03:42 AM, 3280.25, 9183.75, 1645.2, 327.68, 222.6, 163.93, 323.87, 172.78, 245.81, 98.02, 30.6, 63.9, 125, 64.56, 87.89, , , , , 
1/31/2020 4:03:45 AM, 3280.25, 9183.25, 1645.2, 327.68, 222.6, 163.93, 323.87, 172.78, 245.81, 98.02, 30.6, 63.9, 125, 64.56, 87.89, , , , , 
1/31/2020 4:03:48 AM, 3280.25, 9183.5, 1645.2, 327.68, 222.6, 163.93, 323.87, 172.78, 245.81, 98.02, 30.6, 63.9, 125, 64.56, 87.89, , , , , 
1/31/2020 4:03:51 AM, 3280.25, 9183.5, 1645.2, 327.68, 222.6, 163.93, 323.87, 172.78, 245.81, 98.02, 30.6, 63.9, 125, 64.56, 87.89, , , , , 
1/31/2020 4:03:54 AM, 3280.25, 9183.25, 1645.2, 327.68, 222.6, 163.93, 323.87, 172.78, 245.81, 98.02, 30.6, 63.9, 125, 64.56, 87.89, , , , , 
1/31/2020 4:03:57 AM, 3280.25, 9183.5, 1645.2, 327.68, 222.6, 163.93, 323.87, 172.78, 245.81, 98.02, 30.6, 63.9, 125, 64.56, 87.89, , , , , 
1/31/2020 4:04:00 AM, 3280.25, 9184, 1645.2, 327.68, 222.6, 163.93, 323.87, 172.78, 245.81, 98.02, 30.6, 63.9, 125, 64.56, 87.89, , , , , 
1/31/2020 4:04:04 AM, 3280.25, 9183.75, 1645.2, 327.68, 222.6, 163.93, 323.87, 172.78, 245.81, 98.02, 30.6, 63.9, 125, 64.56, 87.89, , , , , 
1/31/2020 4:04:07 AM, 3280.25, 9183.5, 1645.2, 327.68, 222.6, 163.93, 323.87, 172.78, 245.81, 98.02, 30.6, 63.9, 125, 64.56, 87.89, , , , , 
1/31/2020 4:04:10 AM, 3280.5, 9184, 1645.4, 327.68, 222.6, 163.93, 323.87, 172.78, 245.81, 98.02, 30.6, 63.9, 125, 64.56, 87.89, , , , , 
1/31/2020 4:04:13 AM, 3280.5, 9183.25, 1645.4, 327.68, 222.6, 163.93, 323.87, 172.78, 245.81, 98.02, 30.6, 63.9, 125, 64.56, 87.89, , , , , 
1/31/2020 4:04:16 AM, 3280.25, 9183, 1645.4, 327.68, 222.6, 163.93, 323.87, 172.78, 245.81, 98.02, 30.6, 63.9, 125, 64.56, 87.89, , , , , 
1/31/2020 4:04:19 AM, 3280.25, 9182.75, 1645.4, 327.68, 222.6, 163.93, 323.87, 172.78, 245.81, 98.02, 30.6, 63.9, 125, 64.56, 87.89, , , , , 
1/31/2020 4:04:22 AM, 3280.25, 9183.75, 1645.4, 327.68, 222.6, 163.93, 323.87, 172.78, 245.81, 98.02, 30.6, 63.9, 125, 64.56, 87.89, , , , , 
1/31/2020 4:04:25 AM, 3280.25, 9183.75, 1645.4, 327.68, 222.6, 163.93, 323.87, 172.78, 245.81, 98.02, 30.6, 63.9, 125, 64.56, 87.89, , , , , 
1/31/2020 4:04:28 AM, 3280.5, 9184.5, 1645.4, 327.68, 222.6, 163.93, 323.87, 172.78, 245.81, 98.02, 30.6, 63.9, 125, 64.56, 87.89, , , , , 
1/31/2020 4:04:31 AM, 3280.5, 9183.75, 1645.3, 327.68, 222.6, 163.93, 323.87, 172.78, 245.81, 98.02, 30.6, 63.9, 125, 64.56, 87.89, , , , , 
1/31/2020 4:04:34 AM, 3280.5, 9184, 1645.3, 327.68, 222.6, 163.93, 323.87, 172.78, 245.81, 98.02, 30.6, 63.9, 125, 64.56, 87.89, , , , , 
1/31/2020 4:04:37 AM, 3280.5, 9184.25, 1645.4, 327.68, 222.6, 163.93, 323.87, 172.78, 245.81, 98.02, 30.6, 63.9, 125, 64.56, 87.89, , , , , 
1/31/2020 4:04:40 AM, 3280.5, 9184, 1645.4, 327.68, 222.6, 163.93, 323.87, 172.78, 245.81, 98.02, 30.6, 63.9, 125, 64.56, 87.89, , , , , 
1/31/2020 4:04:43 AM, 3280.5, 9184, 1645.4, 327.68, 222.6, 163.93, 323.87, 172.78, 245.81, 98.02, 30.6, 63.9, 125, 64.56, 87.89, , , , , 
1/31/2020 4:04:46 AM, 3280.5, 9183.75, 1645.4, 327.68, 222.6, 163.93, 323.87, 172.78, 245.81, 98.02, 30.6, 63.9, 125, 64.56, 87.89, , , , , 
1/31/2020 4:04:49 AM, 3280.5, 9183, 1645.4, 327.68, 222.6, 163.93, 323.87, 172.78, 245.81, 98.02, 30.6, 63.9, 125, 64.56, 87.89, , , , , 
1/31/2020 4:04:52 AM, 3280.25, 9183.75, 1645.4, 327.68, 222.6, 163.93, 323.87, 172.78, 245.81, 98.02, 30.6, 63.9, 125, 64.56, 87.89, , , , , 
1/31/2020 4:04:55 AM, 3280.25, 9183.5, 1645.4, 327.68, 222.6, 163.93, 323.87, 172.78, 245.81, 98.02, 30.6, 63.9, 125, 64.56, 87.89, , , , , 
1/31/2020 4:04:58 AM, 3280.25, 9183.25, 1645.4, 327.68, 222.6, 163.93, 323.87, 172.78, 245.81, 98.02, 30.6, 63.9, 125, 64.56, 87.89, , , , , 
1/31/2020 4:05:01 AM, 3280.25, 9183.25, 1645.4, 327.68, 222.6, 163.93, 323.87, 172.78, 245.81, 98.02, 30.6, 63.9, 125, 64.56, 87.89, , , , , 
1/31/2020 4:05:04 AM, 3280.25, 9183.25, 1645.2, 327.68, 222.6, 163.93, 323.87, 172.78, 245.81, 98.02, 30.6, 63.9, 125, 64.56, 87.89, , , , , 
1/31/2020 4:05:07 AM, 3280, 9183, 1645.2, 327.68, 222.6, 163.93, 323.87, 172.78, 245.81, 98.02, 30.6, 63.9, 125, 64.56, 87.89, , , , , 
1/31/2020 4:05:10 AM, 3280, 9182.5, 1645.2, 327.68, 222.6, 163.93, 323.87, 172.78, 245.81, 98.02, 30.6, 63.9, 125, 64.56, 87.89, , , , , 
1/31/2020 4:05:13 AM, 3280, 9182.75, 1645.1, 327.68, 222.6, 163.93, 323.87, 172.78, 245.81, 98.02, 30.6, 63.9, 125, 64.56, 87.89, , , , , 
1/31/2020 4:05:16 AM, 3280, 9182.5, 1645.1, 327.68, 222.6, 163.93, 323.87, 172.78, 245.81, 98.02, 30.6, 63.9, 125, 64.56, 87.89, , , , , 
1/31/2020 4:05:19 AM, 3280, 9182.5, 1645.1, 327.68, 222.6, 163.93, 323.87, 172.78, 245.81, 98.02, 30.6, 63.9, 125, 64.56, 87.89, , , , , 
1/31/2020 4:05:22 AM, 3280, 9182.75, 1645.1, 327.68, 222.6, 163.93, 323.87, 172.78, 245.81, 98.02, 30.6, 63.9, 125, 64.56, 87.89, , , , , 
1/31/2020 4:05:25 AM, 3280, 9182.5, 1645.1, 327.68, 222.6, 163.93, 323.87, 172.78, 245.81, 98.02, 30.6, 63.9, 125, 64.56, 87.89, , , , , 
1/31/2020 4:05:28 AM, 3280, 9181.75, 1645.1, 327.68, 222.6, 163.93, 323.87, 172.78, 245.81, 98.02, 30.6, 63.9, 125, 64.56, 87.89, , , , , 
1/31/2020 4:05:31 AM, 3280, 9181.75, 1645.1, 327.68, 222.6, 163.93, 323.87, 172.78, 245.81, 98.02, 30.6, 63.9, 125, 64.56, 87.89, , , , , 
1/31/2020 4:05:34 AM, 3280, 9181.75, 1645.1, 327.68, 222.6, 163.93, 323.87, 172.78, 245.81, 98.02, 30.6, 63.9, 125, 64.56, 87.89, , , , , 
1/31/2020 4:05:37 AM, 3280, 9182, 1645.1, 327.68, 222.6, 163.93, 323.87, 172.78, 245.81, 98.02, 30.6, 63.9, 125, 64.56, 87.89, , , , , 
1/31/2020 4:05:40 AM, 3279.75, 9181.5, 1645.1, 327.68, 222.6, 163.93, 323.87, 172.78, 245.81, 98.02, 30.6, 63.9, 125, 64.56, 87.89, , , , , 
1/31/2020 4:05:43 AM, 3279.75, 9181.5, 1645.1, 327.68, 222.6, 163.93, 323.87, 172.78, 245.81, 98.02, 30.6, 63.9, 125, 64.56, 87.89, , , , , 
1/31/2020 4:05:46 AM, 3279.75, 9182, 1645.1, 327.68, 222.6, 163.93, 323.87, 172.78, 245.81, 98.02, 30.6, 63.9, 125, 64.56, 87.89, , , , , 
1/31/2020 4:05:49 AM, 3280, 9181.75, 1645.1, 327.68, 222.6, 163.93, 323.87, 172.78, 245.81, 98.02, 30.6, 63.9, 125, 64.56, 87.89, , , , , 
1/31/2020 4:05:52 AM, 3280, 9182.25, 1645.1, 327.68, 222.6, 163.93, 323.87, 172.78, 245.81, 98.02, 30.6, 63.9, 125, 64.56, 87.89, , , , , 
1/31/2020 4:05:55 AM, 3280, 9182.25, 1645.1, 327.68, 222.6, 163.93, 323.87, 172.78, 245.81, 98.02, 30.6, 63.9, 125, 64.56, 87.89, , , , , 
1/31/2020 4:05:58 AM, 3279.75, 9182.25, 1645.1, 327.68, 222.6, 163.93, 323.87, 172.78, 245.81, 98.02, 30.6, 63.9, 125, 64.56, 87.89, , , , , 
1/31/2020 4:06:01 AM, 3279.75, 9182.75, 1645.1, 327.68, 222.6, 163.93, 323.87, 172.78, 245.81, 98.02, 30.6, 63.9, 125, 64.56, 87.89, , , , , 
1/31/2020 4:06:04 AM, 3280, 9182.75, 1645.1, 327.68, 222.6, 163.93, 323.87, 172.78, 245.81, 98.02, 30.6, 63.9, 125, 64.56, 87.89, , , , , 
1/31/2020 4:06:07 AM, 3280, 9183, 1645.1, 327.68, 222.6, 163.93, 323.87, 172.78, 245.81, 98.02, 30.6, 63.9, 125, 64.56, 87.89, , , , , 
1/31/2020 4:06:10 AM, 3280, 9183, 1645.1, 327.68, 222.6, 163.93, 323.87, 172.78, 245.81, 98.02, 30.6, 63.9, 125, 64.56, 87.89, , , , , 
1/31/2020 4:06:13 AM, 3279.75, 9182.5, 1645.1, 327.68, 222.6, 163.93, 323.87, 172.78, 245.81, 98.02, 30.6, 63.9, 125, 64.56, 87.89, , , , , 
1/31/2020 4:06:16 AM, 3279.75, 9182, 1644.9, 327.68, 222.6, 163.93, 323.87, 172.78, 245.81, 98.02, 30.6, 63.9, 125, 64.56, 87.89, , , , , 
1/31/2020 4:06:19 AM, 3279.75, 9181.5, 1644.9, 327.68, 222.6, 163.93, 323.87, 172.78, 245.81, 98.02, 30.6, 63.9, 125, 64.56, 87.89, , , , , 
1/31/2020 4:06:22 AM, 3279.5, 9181.5, 1644.9, 327.68, 222.6, 163.93, 323.87, 172.78, 245.81, 98.02, 30.6, 63.9, 125, 64.56, 87.89, , , , , 
1/31/2020 4:06:25 AM, 3279.25, 9180.5, 1644.7, 327.68, 222.6, 163.93, 323.87, 172.78, 245.81, 98.02, 30.6, 63.9, 125, 64.56, 87.89, , , , , 
1/31/2020 4:06:28 AM, 3279.25, 9180.25, 1644.7, 327.68, 222.6, 163.93, 323.87, 172.78, 245.81, 98.02, 30.6, 63.9, 125, 64.56, 87.89, , , , , 
1/31/2020 4:06:31 AM, 3279.25, 9180.75, 1644.8, 327.68, 222.6, 163.93, 323.87, 172.78, 245.81, 98.02, 30.6, 63.9, 125, 64.56, 87.89, , , , , 
1/31/2020 4:06:34 AM, 3279.25, 9180.25, 1644.8, 327.68, 222.6, 163.93, 323.87, 172.78, 245.81, 98.02, 30.6, 63.9, 125, 64.56, 87.89, , , , , 
1/31/2020 4:06:37 AM, 3279.25, 9180, 1644.7, 327.68, 222.6, 163.93, 323.87, 172.78, 245.81, 98.02, 30.6, 63.9, 125, 64.56, 87.89, , , , , 
1/31/2020 4:06:40 AM, 3278.75, 9178.25, 1644.5, 327.68, 222.6, 163.93, 323.87, 172.78, 245.81, 98.02, 30.6, 63.9, 125, 64.56, 87.89, , , , , 
1/31/2020 4:06:43 AM, 3278.75, 9178, 1644.4, 327.68, 222.6, 163.93, 323.87, 172.78, 245.81, 98.02, 30.6, 63.9, 125, 64.56, 87.89, , , , , 
1/31/2020 4:06:46 AM, 3278.75, 9179, 1644.5, 327.68, 222.6, 163.93, 323.87, 172.78, 245.81, 98.02, 30.6, 63.9, 125, 64.56, 87.89, , , , , 
1/31/2020 4:06:49 AM, 3278.75, 9178.75, 1644.5, 327.68, 222.6, 163.93, 323.87, 172.78, 245.81, 98.02, 30.6, 63.9, 125, 64.56, 87.89, , , , , 
1/31/2020 4:06:52 AM, 3278.75, 9178.75, 1644.5, 327.68, 222.6, 163.93, 323.87, 172.78, 245.81, 98.02, 30.6, 63.9, 125, 64.56, 87.89, , , , , 
1/31/2020 4:06:55 AM, 3278.5, 9178.25, 1644.4, 327.68, 222.6, 163.93, 323.87, 172.78, 245.81, 98.02, 30.6, 63.9, 125, 64.56, 87.89, , , , , 
1/31/2020 4:06:58 AM, 3278.75, 9178.75, 1644.5, 327.68, 222.6, 163.93, 323.87, 172.78, 245.81, 98.02, 30.6, 63.9, 125, 64.56, 87.89, , , , , 
1/31/2020 4:07:02 AM, 3278.75, 9178.5, 1644.5, 327.68, 222.6, 163.93, 323.87, 172.78, 245.81, 98.02, 30.6, 63.9, 125, 64.56, 87.89, , , , , 
1/31/2020 4:07:05 AM, 3278.75, 9178.75, 1644.5, 327.68, 222.6, 163.93, 323.87, 172.78, 245.81, 98.02, 30.6, 63.9, 125, 64.56, 87.89, , , , , 
1/31/2020 4:07:08 AM, 3278.75, 9179, 1644.6, 327.68, 222.6, 163.93, 323.87, 172.78, 245.81, 98.02, 30.6, 63.9, 125, 64.56, 87.89, , , , , 
1/31/2020 4:07:11 AM, 3278.75, 9179.25, 1644.5, 327.68, 222.6, 163.93, 323.87, 172.78, 245.81, 98.02, 30.6, 63.9, 125, 64.56, 87.89, , , , , 
1/31/2020 4:07:14 AM, 3278.75, 9178.5, 1644.5, 327.68, 222.6, 163.93, 323.87, 172.78, 245.81, 98.02, 30.6, 63.9, 125, 64.56, 87.89, , , , , 
1/31/2020 4:07:17 AM, 3278.75, 9179.25, 1644.5, 327.68, 222.6, 163.93, 323.87, 172.78, 245.81, 98.02, 30.6, 63.9, 125, 64.56, 87.89, , , , , 
1/31/2020 4:07:20 AM, 3278.75, 9179.5, 1644.6, 327.68, 222.6, 163.93, 323.87, 172.78, 245.81, 98.02, 30.6, 63.9, 125, 64.56, 87.89, , , , , 
1/31/2020 4:07:23 AM, 3278.75, 9179, 1644.6, 327.68, 222.6, 163.93, 323.87, 172.78, 245.81, 98.02, 30.6, 63.9, 125, 64.56, 87.89, , , , , 
1/31/2020 4:07:26 AM, 3278.75, 9179.5, 1644.6, 327.68, 222.6, 163.93, 323.87, 172.78, 245.81, 98.02, 30.6, 63.9, 125, 64.56, 87.89, , , , , 
1/31/2020 4:07:29 AM, 3279, 9179.25, 1644.6, 327.68, 222.6, 163.93, 323.87, 172.78, 245.81, 98.02, 30.6, 63.9, 125, 64.56, 87.89, , , , , 
1/31/2020 4:07:32 AM, 3279, 9180, 1644.7, 327.68, 222.6, 163.93, 323.87, 172.78, 245.81, 98.02, 30.6, 63.9, 125, 64.56, 87.89, , , , , 
1/31/2020 4:07:35 AM, 3278.75, 9179, 1644.5, 327.68, 222.6, 163.93, 323.87, 172.78, 245.81, 98.02, 30.6, 63.9, 125, 64.56, 87.89, , , , , 
1/31/2020 4:07:38 AM, 3278.75, 9179, 1644.5, 327.68, 222.6, 163.93, 323.87, 172.78, 245.81, 98.02, 30.6, 63.9, 125, 64.56, 87.89, , , , , 
1/31/2020 4:07:41 AM, 3278.75, 9179.25, 1644.5, 327.68, 222.6, 163.93, 323.87, 172.78, 245.81, 98.02, 30.6, 63.9, 125, 64.56, 87.89, , , , , 
1/31/2020 4:07:44 AM, 3279, 9180, 1644.7, 327.68, 222.6, 163.93, 323.87, 172.78, 245.81, 98.02, 30.6, 63.9, 125, 64.56, 87.89, , , , , 
1/31/2020 4:07:47 AM, 3279, 9180.5, 1644.7, 327.68, 222.6, 163.93, 323.87, 172.78, 245.81, 98.02, 30.6, 63.9, 125, 64.56, 87.89, , , , , 
1/31/2020 4:07:50 AM, 3279, 9180.5, 1644.7, 327.68, 222.6, 163.93, 323.87, 172.78, 245.81, 98.02, 30.6, 63.9, 125, 64.56, 87.89, , , , , 
1/31/2020 4:07:53 AM, 3279.25, 9180.5, 1644.7, 327.68, 222.6, 163.93, 323.87, 172.78, 245.81, 98.02, 30.6, 63.9, 125, 64.56, 87.89, , , , , 
1/31/2020 4:07:56 AM, 3279.5, 9180.75, 1644.7, 327.68, 222.6, 163.93, 323.87, 172.78, 245.81, 98.02, 30.6, 63.9, 125, 64.56, 87.89, , , , , 
1/31/2020 4:07:59 AM, 3279.75, 9182, 1645, 327.68, 222.6, 163.93, 323.87, 172.78, 245.81, 98.02, 30.6, 63.9, 125, 64.56, 87.89, , , , , 
1/31/2020 4:08:02 AM, 3279.5, 9181.25, 1645, 327.68, 222.6, 163.93, 323.87, 172.78, 245.81, 98.02, 30.6, 63.9, 125, 64.56, 87.89, , , , , 
1/31/2020 4:08:05 AM, 3279.5, 9181.5, 1645, 327.68, 222.6, 163.93, 323.87, 172.78, 245.81, 98.02, 30.6, 63.9, 125, 64.56, 87.89, , , , , 
1/31/2020 4:08:08 AM, 3279.5, 9181.5, 1644.9, 327.68, 222.6, 163.93, 323.87, 172.78, 245.81, 98.02, 30.6, 63.9, 125, 64.56, 87.89, , , , , 
1/31/2020 4:08:11 AM, 3279.5, 9181.5, 1644.9, 327.68, 222.6, 163.93, 323.87, 172.78, 245.81, 98.02, 30.6, 63.9, 125, 64.56, 87.89, , , , , 
1/31/2020 4:08:14 AM, 3279.5, 9181.25, 1644.9, 327.68, 222.6, 163.93, 323.87, 172.78, 245.81, 98.02, 30.6, 63.9, 125, 64.56, 87.89, , , , , 
1/31/2020 4:08:17 AM, 3279.5, 9181.25, 1644.9, 327.68, 222.6, 163.93, 323.87, 172.78, 245.81, 98.02, 30.6, 63.9, 125, 64.56, 87.89, , , , , 
1/31/2020 4:08:20 AM, 3279.5, 9181.5, 1645.1, 327.68, 222.6, 163.93, 323.87, 172.78, 245.81, 98.02, 30.6, 63.9, 125, 64.56, 87.89, , , , , 
1/31/2020 4:08:23 AM, 3279.5, 9181.75, 1645, 327.68, 222.6, 163.93, 323.87, 172.78, 245.81, 98.02, 30.6, 63.9, 125, 64.56, 87.89, , , , , 
1/31/2020 4:08:26 AM, 3279.5, 9180.75, 1645, 327.68, 222.6, 163.93, 323.87, 172.78, 245.81, 98.02, 30.6, 63.9, 125, 64.56, 87.89, , , , , 
1/31/2020 4:08:29 AM, 3279.75, 9181.5, 1645, 327.68, 222.6, 163.93, 323.87, 172.78, 245.81, 98.02, 30.6, 63.9, 125, 64.56, 87.89, , , , , 
1/31/2020 4:08:32 AM, 3279.75, 9182, 1645.1, 327.68, 222.6, 163.93, 323.87, 172.78, 245.81, 98.02, 30.6, 63.9, 125, 64.56, 87.89, , , , , 
1/31/2020 4:08:35 AM, 3279.75, 9182, 1645.1, 327.68, 222.6, 163.93, 323.87, 172.78, 245.81, 98.02, 30.6, 63.9, 125, 64.56, 87.89, , , , , 
1/31/2020 4:08:38 AM, 3279.5, 9181.25, 1645, 327.68, 222.6, 163.93, 323.87, 172.78, 245.81, 98.02, 30.6, 63.9, 125, 64.56, 87.89, , , , , 
1/31/2020 4:08:41 AM, 3279.75, 9181.75, 1645.1, 327.68, 222.6, 163.93, 323.87, 172.78, 245.81, 98.02, 30.6, 63.9, 125, 64.56, 87.89, , , , , 
1/31/2020 4:08:44 AM, 3279.75, 9181.75, 1645.1, 327.68, 222.6, 163.93, 323.87, 172.78, 245.81, 98.02, 30.6, 63.9, 125, 64.56, 87.89, , , , , 
1/31/2020 4:08:47 AM, 3279.75, 9181.25, 1645.1, 327.68, 222.6, 163.93, 323.87, 172.78, 245.81, 98.02, 30.6, 63.9, 125, 64.56, 87.89, , , , , 
1/31/2020 4:08:50 AM, 3279.5, 9180.5, 1644.9, 327.68, 222.6, 163.93, 323.87, 172.78, 245.81, 98.02, 30.6, 63.9, 125, 64.56, 87.89, , , , , 
1/31/2020 4:08:53 AM, 3279.25, 9179.75, 1644.8, 327.68, 222.6, 163.93, 323.87, 172.78, 245.81, 98.02, 30.6, 63.9, 125, 64.56, 87.89, , , , , 
1/31/2020 4:08:56 AM, 3279.5, 9180.75, 1644.9, 327.68, 222.6, 163.93, 323.87, 172.78, 245.81, 98.02, 30.6, 63.9, 125, 64.56, 87.89, , , , , 
1/31/2020 4:08:59 AM, 3279.5, 9181, 1644.9, 327.68, 222.6, 163.93, 323.87, 172.78, 245.81, 98.02, 30.6, 63.9, 125, 64.56, 87.89, , , , , 
1/31/2020 4:09:02 AM, 3279.75, 9182, 1645, 327.68, 222.6, 163.93, 323.87, 172.78, 245.81, 98.02, 30.6, 63.9, 125, 64.56, 87.89, , , , , 
1/31/2020 4:09:05 AM, 3280, 9182, 1645.1, 327.68, 222.6, 163.93, 323.87, 172.78, 245.81, 98.02, 30.6, 63.9, 125, 64.56, 87.89, , , , , 
1/31/2020 4:09:08 AM, 3280, 9182, 1645.1, 327.68, 222.6, 163.93, 323.87, 172.78, 245.81, 98.02, 30.6, 63.9, 125, 64.56, 87.89, , , , , 
1/31/2020 4:09:11 AM, 3280, 9181.75, 1645.2, 327.68, 222.6, 163.93, 323.87, 172.78, 245.81, 98.02, 30.6, 63.9, 125, 64.56, 87.89, , , , , 
1/31/2020 4:09:14 AM, 3279.75, 9181.5, 1645.2, 327.68, 222.6, 163.93, 323.87, 172.78, 245.81, 98.02, 30.6, 63.9, 125, 64.56, 87.89, , , , , 
1/31/2020 4:09:17 AM, 3280, 9181.75, 1645.1, 327.68, 222.6, 163.93, 323.87, 172.78, 245.81, 98.02, 30.6, 63.9, 125, 64.56, 87.89, , , , , 
1/31/2020 4:09:20 AM, 3280, 9181.75, 1645.1, 327.68, 222.6, 163.93, 323.87, 172.78, 245.81, 98.02, 30.6, 63.9, 125, 64.56, 87.89, , , , , 
1/31/2020 4:09:23 AM, 3279.75, 9181, 1645.1, 327.68, 222.6, 163.93, 323.87, 172.78, 245.81, 98.02, 30.6, 63.9, 125, 64.56, 87.89, , , , , 
1/31/2020 4:09:26 AM, 3279.75, 9181, 1645.1, 327.68, 222.6, 163.93, 323.87, 172.78, 245.81, 98.02, 30.6, 63.9, 125, 64.56, 87.89, , , , , 
1/31/2020 4:09:29 AM, 3279.75, 9181.25, 1645.1, 327.68, 222.6, 163.93, 323.87, 172.78, 245.81, 98.02, 30.6, 63.9, 125, 64.56, 87.89, , , , , 
1/31/2020 4:09:32 AM, 3279.75, 9181.25, 1645.1, 327.68, 222.6, 163.93, 323.87, 172.78, 245.81, 98.02, 30.6, 63.9, 125, 64.56, 87.89, , , , , 
1/31/2020 4:09:35 AM, 3279.75, 9180.5, 1645, 327.68, 222.6, 163.93, 323.87, 172.78, 245.81, 98.02, 30.6, 63.9, 125, 64.56, 87.89, , , , , 
1/31/2020 4:09:39 AM, 3279.75, 9180.5, 1645, 327.68, 222.6, 163.93, 323.87, 172.78, 245.81, 98.02, 30.6, 63.9, 125, 64.56, 87.89, , , , , 
1/31/2020 4:09:42 AM, 3279.25, 9179.5, 1644.8, 327.68, 222.6, 163.93, 323.87, 172.78, 245.81, 98.02, 30.6, 63.9, 125, 64.56, 87.89, , , , , 
1/31/2020 4:09:45 AM, 3279.25, 9179.5, 1644.8, 327.68, 222.6, 163.93, 323.87, 172.78, 245.81, 98.02, 30.6, 63.9, 125, 64.56, 87.89, , , , , 
1/31/2020 4:09:48 AM, 3279.25, 9179.25, 1644.8, 327.68, 222.6, 163.93, 323.87, 172.78, 245.81, 98.02, 30.6, 63.9, 125, 64.56, 87.89, , , , , 
1/31/2020 4:09:51 AM, 3279.25, 9179.25, 1644.8, 327.68, 222.6, 163.93, 323.87, 172.78, 245.81, 98.02, 30.6, 63.9, 125, 64.56, 87.89, , , , , 
1/31/2020 4:09:54 AM, 3279.25, 9178.5, 1644.8, 327.68, 222.6, 163.93, 323.87, 172.78, 245.81, 98.02, 30.6, 63.9, 125, 64.56, 87.89, , , , , 
1/31/2020 4:09:57 AM, 3279.25, 9178.5, 1644.8, 327.68, 222.6, 163.93, 323.87, 172.78, 245.81, 98.02, 30.6, 63.9, 125, 64.56, 87.89, , , , , 
1/31/2020 4:10:00 AM, 3279.5, 9180.25, 1644.8, 327.68, 222.6, 163.93, 323.87, 172.78, 245.81, 98.02, 30.6, 63.9, 125, 64.56, 87.89, , , , , 
1/31/2020 4:10:03 AM, 3279.5, 9180.25, 1644.8, 327.68, 222.6, 163.93, 323.87, 172.78, 245.81, 98.02, 30.6, 63.9, 125, 64.56, 87.89, , , , , 
1/31/2020 4:10:06 AM, 3279.5, 9180, 1644.8, 327.68, 222.6, 163.93, 323.87, 172.78, 245.81, 98.02, 30.6, 63.9, 125, 64.56, 87.89, , , , , 
1/31/2020 4:10:09 AM, 3279.5, 9180, 1644.8, 327.68, 222.6, 163.93, 323.87, 172.78, 245.81, 98.02, 30.6, 63.9, 125, 64.56, 87.89, , , , , 
1/31/2020 4:10:12 AM, 3279.25, 9180.25, 1644.8, 327.68, 222.6, 163.93, 323.87, 172.78, 245.81, 98.02, 30.6, 63.9, 125, 64.56, 87.89, , , , , 
1/31/2020 4:10:15 AM, 3279.25, 9180.25, 1644.8, 327.68, 222.6, 163.93, 323.87, 172.78, 245.81, 98.02, 30.6, 63.9, 125, 64.56, 87.89, , , , , 
1/31/2020 4:10:18 AM, 3279, 9179.75, 1644.7, 327.68, 222.6, 163.93, 323.87, 172.78, 245.81, 98.02, 30.6, 63.9, 125, 64.56, 87.89, , , , , 
1/31/2020 4:10:21 AM, 3279, 9179.75, 1644.7, 327.68, 222.6, 163.93, 323.87, 172.78, 245.81, 98.02, 30.6, 63.9, 125, 64.56, 87.89, , , , , 
1/31/2020 4:10:24 AM, 3279.25, 9179.5, 1644.7, 327.68, 222.6, 163.93, 323.87, 172.78, 245.81, 98.02, 30.6, 63.9, 125, 64.56, 87.89, , , , , 
1/31/2020 4:10:27 AM, 3279.25, 9179.5, 1644.7, 327.68, 222.6, 163.93, 323.87, 172.78, 245.81, 98.02, 30.6, 63.9, 125, 64.56, 87.89, , , , , 
1/31/2020 4:10:30 AM, 3278.75, 9178, 1644.5, 327.68, 222.6, 163.93, 323.87, 172.78, 245.81, 98.02, 30.6, 63.9, 125, 64.56, 87.89, , , , , 
1/31/2020 4:10:33 AM, 3278.75, 9178, 1644.5, 327.68, 222.6, 163.93, 323.87, 172.78, 245.81, 98.02, 30.6, 63.9, 125, 64.56, 87.89, , , , , 
1/31/2020 4:10:36 AM, 3278.5, 9178, 1644.5, 327.68, 222.6, 163.93, 323.87, 172.78, 245.81, 98.02, 30.6, 63.9, 125, 64.56, 87.89, , , , , 
1/31/2020 4:10:39 AM, 3278.5, 9178, 1644.5, 327.68, 222.6, 163.93, 323.87, 172.78, 245.81, 98.02, 30.6, 63.9, 125, 64.56, 87.89, , , , , 
1/31/2020 4:10:42 AM, 3278.5, 9176.5, 1644.4, 327.68, 222.6, 163.93, 323.87, 172.78, 245.81, 98.02, 30.6, 63.9, 125, 64.56, 87.89, , , , , 
1/31/2020 4:10:45 AM, 3278.5, 9176.5, 1644.4, 327.68, 222.6, 163.93, 323.87, 172.78, 245.81, 98.02, 30.6, 63.9, 125, 64.56, 87.89, , , , , 
1/31/2020 4:10:48 AM, 3278.5, 9177.25, 1644.4, 327.68, 222.6, 163.93, 323.87, 172.78, 245.81, 98.02, 30.6, 63.9, 125, 64.56, 87.89, , , , , 
1/31/2020 4:10:51 AM, 3278.5, 9177.25, 1644.4, 327.68, 222.6, 163.93, 323.87, 172.78, 245.81, 98.02, 30.6, 63.9, 125, 64.56, 87.89, , , , , 
1/31/2020 4:10:54 AM, 3278.75, 9178, 1644.6, 327.68, 222.6, 163.93, 323.87, 172.78, 245.81, 98.02, 30.6, 63.9, 125, 64.56, 87.89, , , , , 
1/31/2020 4:10:57 AM, 3278.75, 9178, 1644.6, 327.68, 222.6, 163.93, 323.87, 172.78, 245.81, 98.02, 30.6, 63.9, 125, 64.56, 87.89, , , , , 
1/31/2020 4:11:00 AM, 3279.5, 9180.25, 1644.9, 327.68, 222.6, 163.93, 323.87, 172.78, 245.81, 98.02, 30.6, 63.9, 125, 64.56, 87.89, , , , , 
1/31/2020 4:11:03 AM, 3279.5, 9180.25, 1644.9, 327.68, 222.6, 163.93, 323.87, 172.78, 245.81, 98.02, 30.6, 63.9, 125, 64.56, 87.89, , , , , 
1/31/2020 4:11:06 AM, 3279.5, 9179.5, 1644.9, 327.68, 222.6, 163.93, 323.87, 172.78, 245.81, 98.02, 30.6, 63.9, 125, 64.56, 87.89, , , , , 
1/31/2020 4:11:09 AM, 3279.5, 9179.5, 1644.9, 327.68, 222.6, 163.93, 323.87, 172.78, 245.81, 98.02, 30.6, 63.9, 125, 64.56, 87.89, , , , , 
1/31/2020 4:11:12 AM, 3279.5, 9179.75, 1644.9, 327.68, 222.6, 163.93, 323.87, 172.78, 245.81, 98.02, 30.6, 63.9, 125, 64.56, 87.89, , , , , 
1/31/2020 4:11:15 AM, 3279.5, 9179.75, 1644.9, 327.68, 222.6, 163.93, 323.87, 172.78, 245.81, 98.02, 30.6, 63.9, 125, 64.56, 87.89, , , , , 
1/31/2020 4:11:18 AM, 3279.25, 9180, 1644.9, 327.68, 222.6, 163.93, 323.87, 172.78, 245.81, 98.02, 30.6, 63.9, 125, 64.56, 87.89, , , , , 
1/31/2020 4:11:21 AM, 3279.25, 9180, 1644.9, 327.68, 222.6, 163.93, 323.87, 172.78, 245.81, 98.02, 30.6, 63.9, 125, 64.56, 87.89, , , , , 
1/31/2020 4:11:24 AM, 3278.75, 9178.5, 1644.6, 327.68, 222.6, 163.93, 323.87, 172.78, 245.81, 98.02, 30.6, 63.9, 125, 64.56, 87.89, , , , , 
1/31/2020 4:11:27 AM, 3278.75, 9178.5, 1644.6, 327.68, 222.6, 163.93, 323.87, 172.78, 245.81, 98.02, 30.6, 63.9, 125, 64.56, 87.89, , , , , 
1/31/2020 4:11:30 AM, 3279, 9178.25, 1644.7, 327.68, 222.6, 163.93, 323.87, 172.78, 245.81, 98.02, 30.6, 63.9, 125, 64.56, 87.89, , , , , 
1/31/2020 4:11:33 AM, 3279, 9178.25, 1644.7, 327.68, 222.6, 163.93, 323.87, 172.78, 245.81, 98.02, 30.6, 63.9, 125, 64.56, 87.89, , , , , 
1/31/2020 4:11:36 AM, 3279, 9178.75, 1644.7, 327.68, 222.6, 163.93, 323.87, 172.78, 245.81, 98.02, 30.6, 63.9, 125, 64.56, 87.89, , , , , 
1/31/2020 4:11:39 AM, 3279, 9178.75, 1644.7, 327.68, 222.6, 163.93, 323.87, 172.78, 245.81, 98.02, 30.6, 63.9, 125, 64.56, 87.89, , , , , 
1/31/2020 4:11:42 AM, 3279, 9178.5, 1644.7, 327.68, 222.6, 163.93, 323.87, 172.78, 245.81, 98.02, 30.6, 63.9, 125, 64.56, 87.89, , , , , 
1/31/2020 4:11:45 AM, 3279, 9178.5, 1644.7, 327.68, 222.6, 163.93, 323.87, 172.78, 245.81, 98.02, 30.6, 63.9, 125, 64.56, 87.89, , , , , 
1/31/2020 4:11:48 AM, 3279.25, 9178.75, 1644.8, 327.68, 222.6, 163.93, 323.87, 172.78, 245.81, 98.02, 30.6, 63.9, 125, 64.56, 87.89, , , , , 
1/31/2020 4:11:51 AM, 3279.25, 9178.75, 1644.8, 327.68, 222.6, 163.93, 323.87, 172.78, 245.81, 98.02, 30.6, 63.9, 125, 64.56, 87.89, , , , , 
1/31/2020 4:11:54 AM, 3279, 9177.75, 1644.7, 327.68, 222.6, 163.93, 323.87, 172.78, 245.81, 98.02, 30.6, 63.9, 125, 64.56, 87.89, , , , , 
1/31/2020 4:11:57 AM, 3279, 9178.5, 1644.7, 327.68, 222.6, 163.93, 323.87, 172.78, 245.81, 98.02, 30.6, 63.9, 125, 64.56, 87.89, , , , , 
1/31/2020 4:12:00 AM, 3279, 9178.75, 1644.7, 327.68, 222.6, 163.93, 323.87, 172.78, 245.81, 98.02, 30.6, 63.9, 125, 64.56, 87.89, , , , , 
1/31/2020 4:12:03 AM, 3279.25, 9179.25, 1644.8, 327.68, 222.6, 163.93, 323.87, 172.78, 245.81, 98.02, 30.6, 63.9, 125, 64.56, 87.89, , , , , 
1/31/2020 4:12:06 AM, 3279.25, 9179.25, 1644.8, 327.68, 222.6, 163.93, 323.87, 172.78, 245.81, 98.02, 30.6, 63.9, 125, 64.56, 87.89, , , , , 
1/31/2020 4:12:10 AM, 3279.25, 9179.25, 1644.8, 327.68, 222.6, 163.93, 323.87, 172.78, 245.81, 98.02, 30.6, 63.9, 125, 64.56, 87.89, , , , , 
1/31/2020 4:12:13 AM, 3279.25, 9179.75, 1644.8, 327.68, 222.6, 163.93, 323.87, 172.78, 245.81, 98.02, 30.6, 63.9, 125, 64.56, 87.89, , , , , 
1/31/2020 4:12:16 AM, 3279.5, 9179.75, 1644.9, 327.68, 222.6, 163.93, 323.87, 172.78, 245.81, 98.02, 30.6, 63.9, 125, 64.56, 87.89, , , , , 
1/31/2020 4:12:19 AM, 3279.25, 9179.5, 1644.9, 327.68, 222.6, 163.93, 323.87, 172.78, 245.81, 98.02, 30.6, 63.9, 125, 64.56, 87.89, , , , , 
1/31/2020 4:12:22 AM, 3279.25, 9179, 1644.9, 327.68, 222.6, 163.93, 323.87, 172.78, 245.81, 98.02, 30.6, 63.9, 125, 64.56, 87.89, , , , , 
1/31/2020 4:12:25 AM, 3279.25, 9179, 1644.8, 327.68, 222.6, 163.93, 323.87, 172.78, 245.81, 98.02, 30.6, 63.9, 125, 64.56, 87.89, , , , , 
1/31/2020 4:12:28 AM, 3279.25, 9179, 1644.8, 327.68, 222.6, 163.93, 323.87, 172.78, 245.81, 98.02, 30.6, 63.9, 125, 64.56, 87.89, , , , , 
1/31/2020 4:12:31 AM, 3279.25, 9179, 1644.8, 327.68, 222.6, 163.93, 323.87, 172.78, 245.81, 98.02, 30.6, 63.9, 125, 64.56, 87.89, , , , , 
1/31/2020 4:12:34 AM, 3279, 9178.25, 1644.7, 327.68, 222.6, 163.93, 323.87, 172.78, 245.81, 98.02, 30.6, 63.9, 125, 64.56, 87.89, , , , , 
1/31/2020 4:12:37 AM, 3279, 9177.25, 1644.7, 327.68, 222.6, 163.93, 323.87, 172.78, 245.81, 98.02, 30.6, 63.9, 125, 64.56, 87.89, , , , , 
1/31/2020 4:12:40 AM, 3279, 9177.5, 1644.7, 327.68, 222.6, 163.93, 323.87, 172.78, 245.81, 98.02, 30.6, 63.9, 125, 64.56, 87.89, , , , , 
1/31/2020 4:12:43 AM, 3279, 9177.75, 1644.7, 327.68, 222.6, 163.93, 323.87, 172.78, 245.81, 98.02, 30.6, 63.9, 125, 64.56, 87.89, , , , , 
1/31/2020 4:12:46 AM, 3279, 9177.5, 1644.7, 327.68, 222.6, 163.93, 323.87, 172.78, 245.81, 98.02, 30.6, 63.9, 125, 64.56, 87.89, , , , , 
1/31/2020 4:12:49 AM, 3279, 9177.75, 1644.7, 327.68, 222.6, 163.93, 323.87, 172.78, 245.81, 98.02, 30.6, 63.9, 125, 64.56, 87.89, , , , , 
1/31/2020 4:12:52 AM, 3279, 9178.75, 1644.7, 327.68, 222.6, 163.93, 323.87, 172.78, 245.81, 98.02, 30.6, 63.9, 125, 64.56, 87.89, , , , , 
1/31/2020 4:12:55 AM, 3279.25, 9179, 1644.8, 327.68, 222.6, 163.93, 323.87, 172.78, 245.81, 98.02, 30.6, 63.9, 125, 64.56, 87.89, , , , , 
1/31/2020 4:12:58 AM, 3279, 9178, 1644.7, 327.68, 222.6, 163.93, 323.87, 172.78, 245.81, 98.02, 30.6, 63.9, 125, 64.56, 87.89, , , , , 
1/31/2020 4:13:01 AM, 3279, 9178.25, 1644.7, 327.68, 222.6, 163.93, 323.87, 172.78, 245.81, 98.02, 30.6, 63.9, 125, 64.56, 87.89, , , , , 
1/31/2020 4:13:04 AM, 3279, 9178, 1644.7, 327.68, 222.6, 163.93, 323.87, 172.78, 245.81, 98.02, 30.6, 63.9, 125, 64.56, 87.89, , , , , 
1/31/2020 4:13:07 AM, 3278.75, 9177.25, 1644.5, 327.68, 222.6, 163.93, 323.87, 172.78, 245.81, 98.02, 30.6, 63.9, 125, 64.56, 87.89, , , , , 
1/31/2020 4:13:10 AM, 3278.5, 9177.25, 1644.6, 327.68, 222.6, 163.93, 323.87, 172.78, 245.81, 98.02, 30.6, 63.9, 125, 64.56, 87.89, , , , , 
1/31/2020 4:13:13 AM, 3278.25, 9176.5, 1644.4, 327.68, 222.6, 163.93, 323.87, 172.78, 245.81, 98.02, 30.6, 63.9, 125, 64.56, 87.89, , , , , 
1/31/2020 4:13:16 AM, 3278.25, 9176.25, 1644.3, 327.68, 222.6, 163.93, 323.87, 172.78, 245.81, 98.02, 30.6, 63.9, 125, 64.56, 87.89, , , , , 
1/31/2020 4:13:19 AM, 3278.5, 9177.75, 1644.5, 327.68, 222.6, 163.93, 323.87, 172.78, 245.81, 98.02, 30.6, 63.9, 125, 64.56, 87.89, , , , , 
1/31/2020 4:13:22 AM, 3279, 9179.25, 1644.8, 327.68, 222.6, 163.93, 323.87, 172.78, 245.81, 98.02, 30.6, 63.9, 125, 64.56, 87.89, , , , , 
1/31/2020 4:13:25 AM, 3279, 9179.25, 1644.8, 327.68, 222.6, 163.93, 323.87, 172.78, 245.81, 98.02, 30.6, 63.9, 125, 64.56, 87.89, , , , , 
1/31/2020 4:13:28 AM, 3279, 9179.5, 1644.8, 327.68, 222.6, 163.93, 323.87, 172.78, 245.81, 98.02, 30.6, 63.9, 125, 64.56, 87.89, , , , , 
1/31/2020 4:13:31 AM, 3279, 9178.75, 1644.8, 327.68, 222.6, 163.93, 323.87, 172.78, 245.81, 98.02, 30.6, 63.9, 125, 64.56, 87.89, , , , , 
1/31/2020 4:13:34 AM, 3279, 9179, 1644.7, 327.68, 222.6, 163.93, 323.87, 172.78, 245.81, 98.02, 30.6, 63.9, 125, 64.56, 87.89, , , , , 
1/31/2020 4:13:37 AM, 3279, 9179.5, 1644.7, 327.68, 222.6, 163.93, 323.87, 172.78, 245.81, 98.02, 30.6, 63.9, 125, 64.56, 87.89, , , , , 
1/31/2020 4:13:40 AM, 3279, 9179, 1644.7, 327.68, 222.6, 163.93, 323.87, 172.78, 245.81, 98.02, 30.6, 63.9, 125, 64.56, 87.89, , , , , 
1/31/2020 4:13:43 AM, 3279, 9179, 1644.8, 327.68, 222.6, 163.93, 323.87, 172.78, 245.81, 98.02, 30.6, 63.9, 125, 64.56, 87.89, , , , , 
1/31/2020 4:13:46 AM, 3278.75, 9178.75, 1644.8, 327.68, 222.6, 163.93, 323.87, 172.78, 245.81, 98.02, 30.6, 63.9, 125, 64.56, 87.89, , , , , 
1/31/2020 4:13:49 AM, 3279, 9179.5, 1644.8, 327.68, 222.6, 163.93, 323.87, 172.78, 245.81, 98.02, 30.6, 63.9, 125, 64.56, 87.89, , , , , 
1/31/2020 4:13:52 AM, 3279.25, 9179.5, 1644.8, 327.68, 222.6, 163.93, 323.87, 172.78, 245.81, 98.02, 30.6, 63.9, 125, 64.56, 87.89, , , , , 
1/31/2020 4:13:55 AM, 3279.25, 9180, 1644.8, 327.68, 222.6, 163.93, 323.87, 172.78, 245.81, 98.02, 30.6, 63.9, 125, 64.56, 87.89, , , , , 
1/31/2020 4:13:58 AM, 3279.25, 9180.5, 1645, 327.68, 222.6, 163.93, 323.87, 172.78, 245.81, 98.02, 30.6, 63.9, 125, 64.56, 87.89, , , , , 
1/31/2020 4:14:01 AM, 3279.25, 9179.75, 1645, 327.68, 222.6, 163.93, 323.87, 172.78, 245.81, 98.02, 30.6, 63.9, 125, 64.56, 87.89, , , , , 
1/31/2020 4:14:04 AM, 3279.25, 9180.25, 1644.9, 327.68, 222.6, 163.93, 323.87, 172.78, 245.81, 98.02, 30.6, 63.9, 125, 64.56, 87.89, , , , , 
1/31/2020 4:14:07 AM, 3279.5, 9180.25, 1645, 327.68, 222.6, 163.93, 323.87, 172.78, 245.81, 98.02, 30.6, 63.9, 125, 64.56, 87.89, , , , , 
1/31/2020 4:14:10 AM, 3279.25, 9180, 1645, 327.68, 222.6, 163.93, 323.87, 172.78, 245.81, 98.02, 30.6, 63.9, 125, 64.56, 87.89, , , , , 
1/31/2020 4:14:13 AM, 3279.25, 9180.25, 1645, 327.68, 222.6, 163.93, 323.87, 172.78, 245.81, 98.02, 30.6, 63.9, 125, 64.56, 87.89, , , , , 
1/31/2020 4:14:16 AM, 3279.25, 9179.5, 1644.8, 327.68, 222.6, 163.93, 323.87, 172.78, 245.81, 98.02, 30.6, 63.9, 125, 64.56, 87.89, , , , , 
1/31/2020 4:14:19 AM, 3278.75, 9178.25, 1644.7, 327.68, 222.6, 163.93, 323.87, 172.78, 245.81, 98.02, 30.6, 63.9, 125, 64.56, 87.89, , , , , 
1/31/2020 4:14:22 AM, 3278.75, 9178.25, 1644.7, 327.68, 222.6, 163.93, 323.87, 172.78, 245.81, 98.02, 30.6, 63.9, 125, 64.56, 87.89, , , , , 
1/31/2020 4:14:25 AM, 3278.75, 9177.75, 1644.6, 327.68, 222.6, 163.93, 323.87, 172.78, 245.81, 98.02, 30.6, 63.9, 125, 64.56, 87.89, , , , , 
1/31/2020 4:14:28 AM, 3278.75, 9177.75, 1644.6, 327.68, 222.6, 163.93, 323.87, 172.78, 245.81, 98.02, 30.6, 63.9, 125, 64.56, 87.89, , , , , 
1/31/2020 4:14:31 AM, 3278.75, 9178.25, 1644.6, 327.68, 222.6, 163.93, 323.87, 172.78, 245.81, 98.02, 30.6, 63.9, 125, 64.56, 87.89, , , , , 
1/31/2020 4:14:34 AM, 3278.75, 9178.25, 1644.6, 327.68, 222.6, 163.93, 323.87, 172.78, 245.81, 98.02, 30.6, 63.9, 125, 64.56, 87.89, , , , , 
1/31/2020 4:14:37 AM, 3278.25, 9177, 1644.5, 327.68, 222.6, 163.93, 323.87, 172.78, 245.81, 98.02, 30.6, 63.9, 125, 64.56, 87.89, , , , , 
1/31/2020 4:14:41 AM, 3278.25, 9177, 1644.5, 327.68, 222.6, 163.93, 323.87, 172.78, 245.81, 98.02, 30.6, 63.9, 125, 64.56, 87.89, , , , , 
1/31/2020 4:14:44 AM, 3278.25, 9177, 1644.5, 327.68, 222.6, 163.93, 323.87, 172.78, 245.81, 98.02, 30.6, 63.9, 125, 64.56, 87.89, , , , , 
1/31/2020 4:14:47 AM, 3278.25, 9177, 1644.5, 327.68, 222.6, 163.93, 323.87, 172.78, 245.81, 98.02, 30.6, 63.9, 125, 64.56, 87.89, , , , , 
1/31/2020 4:14:50 AM, 3278.75, 9178.75, 1644.6, 327.68, 222.6, 163.93, 323.87, 172.78, 245.81, 98.02, 30.6, 63.9, 125, 64.56, 87.89, , , , , 
1/31/2020 4:14:53 AM, 3278.75, 9178.75, 1644.6, 327.68, 222.6, 163.93, 323.87, 172.78, 245.81, 98.02, 30.6, 63.9, 125, 64.56, 87.89, , , , , 
1/31/2020 4:14:56 AM, 3278.75, 9178.25, 1644.6, 327.68, 222.6, 163.93, 323.87, 172.78, 245.81, 98.02, 30.6, 63.9, 125, 64.56, 87.89, , , , , 
1/31/2020 4:14:59 AM, 3278.75, 9178.25, 1644.6, 327.68, 222.6, 163.93, 323.87, 172.78, 245.81, 98.02, 30.6, 63.9, 125, 64.56, 87.89, , , , , 
1/31/2020 4:15:02 AM, 3278.75, 9177.75, 1644.6, 327.68, 222.6, 163.93, 323.87, 172.78, 245.81, 98.02, 30.6, 63.9, 125, 64.56, 87.89, , , , , 
1/31/2020 4:15:05 AM, 3278.75, 9177.75, 1644.6, 327.68, 222.6, 163.93, 323.87, 172.78, 245.81, 98.02, 30.6, 63.9, 125, 64.56, 87.89, , , , , 
1/31/2020 4:15:08 AM, 3278.5, 9176.25, 1644.5, 327.68, 222.6, 163.93, 323.87, 172.78, 245.81, 98.02, 30.6, 63.9, 125, 64.56, 87.89, , , , , 
1/31/2020 4:15:11 AM, 3278.5, 9176.25, 1644.5, 327.68, 222.6, 163.93, 323.87, 172.78, 245.81, 98.02, 30.6, 63.9, 125, 64.56, 87.89, , , , , 
1/31/2020 4:15:14 AM, 3278.5, 9177.25, 1644.5, 327.68, 222.6, 163.93, 323.87, 172.78, 245.81, 98.02, 30.6, 63.9, 125, 64.56, 87.89, , , , , 
1/31/2020 4:15:17 AM, 3278.5, 9177.25, 1644.5, 327.68, 222.6, 163.93, 323.87, 172.78, 245.81, 98.02, 30.6, 63.9, 125, 64.56, 87.89, , , , , 
1/31/2020 4:15:20 AM, 3278.25, 9176.25, 1644.4, 327.68, 222.6, 163.93, 323.87, 172.78, 245.81, 98.02, 30.6, 63.9, 125, 64.56, 87.89, , , , , 
1/31/2020 4:15:23 AM, 3278.25, 9176.25, 1644.4, 327.68, 222.6, 163.93, 323.87, 172.78, 245.81, 98.02, 30.6, 63.9, 125, 64.56, 87.89, , , , , 
1/31/2020 4:15:26 AM, 3278.25, 9176.25, 1644.4, 327.68, 222.6, 163.93, 323.87, 172.78, 245.81, 98.02, 30.6, 63.9, 125, 64.56, 87.89, , , , , 
1/31/2020 4:15:29 AM, 3278.25, 9176.25, 1644.4, 327.68, 222.6, 163.93, 323.87, 172.78, 245.81, 98.02, 30.6, 63.9, 125, 64.56, 87.89, , , , , 
1/31/2020 4:15:32 AM, 3278.5, 9176, 1644.4, 327.68, 222.6, 163.93, 323.87, 172.78, 245.81, 98.02, 30.6, 63.9, 125, 64.56, 87.89, , , , , 
1/31/2020 4:15:35 AM, 3278.5, 9176, 1644.4, 327.68, 222.6, 163.93, 323.87, 172.78, 245.81, 98.02, 30.6, 63.9, 125, 64.56, 87.89, , , , , 
1/31/2020 4:15:38 AM, 3278.25, 9175.5, 1644.3, 327.68, 222.6, 163.93, 323.87, 172.78, 245.81, 98.02, 30.6, 63.9, 125, 64.56, 87.89, , , , , 
1/31/2020 4:15:41 AM, 3278.25, 9175.5, 1644.3, 327.68, 222.6, 163.93, 323.87, 172.78, 245.81, 98.02, 30.6, 63.9, 125, 64.56, 87.89, , , , , 
1/31/2020 4:15:44 AM, 3278.25, 9175.75, 1644.3, 327.68, 222.6, 163.93, 323.87, 172.78, 245.81, 98.02, 30.6, 63.9, 125, 64.56, 87.89, , , , , 
1/31/2020 4:15:47 AM, 3278.25, 9175.75, 1644.3, 327.68, 222.6, 163.93, 323.87, 172.78, 245.81, 98.02, 30.6, 63.9, 125, 64.56, 87.89, , , , , 
1/31/2020 4:15:50 AM, 3278.5, 9177.25, 1644.6, 327.68, 222.6, 163.93, 323.87, 172.78, 245.81, 98.02, 30.6, 63.9, 125, 64.56, 87.89, , , , , 
1/31/2020 4:15:53 AM, 3278.5, 9177.25, 1644.6, 327.68, 222.6, 163.93, 323.87, 172.78, 245.81, 98.02, 30.6, 63.9, 125, 64.56, 87.89, , , , , 
1/31/2020 4:15:56 AM, 3278.75, 9178, 1644.7, 327.68, 222.6, 163.93, 323.87, 172.78, 245.81, 98.02, 30.6, 63.9, 125, 64.56, 87.89, , , , , 
1/31/2020 4:15:59 AM, 3278.75, 9178, 1644.7, 327.68, 222.6, 163.93, 323.87, 172.78, 245.81, 98.02, 30.6, 63.9, 125, 64.56, 87.89, , , , , 
1/31/2020 4:16:02 AM, 3278.75, 9178.5, 1644.8, 327.68, 222.6, 163.93, 323.87, 172.78, 245.81, 98.02, 30.6, 63.9, 125, 64.56, 87.89, , , , , 
1/31/2020 4:16:05 AM, 3278.75, 9178.5, 1644.8, 327.68, 222.6, 163.93, 323.87, 172.78, 245.81, 98.02, 30.6, 63.9, 125, 64.56, 87.89, , , , , 
1/31/2020 4:16:08 AM, 3279.25, 9179.5, 1645.1, 327.68, 222.6, 163.93, 323.87, 172.78, 245.81, 98.02, 30.6, 63.9, 125, 64.56, 87.89, , , , , 
1/31/2020 4:16:11 AM, 3279.25, 9179.5, 1645.1, 327.68, 222.6, 163.93, 323.87, 172.78, 245.81, 98.02, 30.6, 63.9, 125, 64.56, 87.89, , , , , 
1/31/2020 4:16:14 AM, 3279, 9179, 1645, 327.68, 222.6, 163.93, 323.87, 172.78, 245.81, 98.02, 30.6, 63.9, 125, 64.56, 87.89, , , , , 
1/31/2020 4:16:17 AM, 3279, 9179, 1645, 327.68, 222.6, 163.93, 323.87, 172.78, 245.81, 98.02, 30.6, 63.9, 125, 64.56, 87.89, , , , , 
1/31/2020 4:16:20 AM, 3278.75, 9177.75, 1644.7, 327.68, 222.6, 163.93, 323.87, 172.78, 245.81, 98.02, 30.6, 63.9, 125, 64.56, 87.89, , , , , 
1/31/2020 4:16:23 AM, 3278.75, 9177.75, 1644.7, 327.68, 222.6, 163.93, 323.87, 172.78, 245.81, 98.02, 30.6, 63.9, 125, 64.56, 87.89, , , , , 
1/31/2020 4:16:26 AM, 3278.5, 9177.25, 1644.7, 327.68, 222.6, 163.93, 323.87, 172.78, 245.81, 98.02, 30.6, 63.9, 125, 64.56, 87.89, , , , , 
1/31/2020 4:16:29 AM, 3278.5, 9177.25, 1644.7, 327.68, 222.6, 163.93, 323.87, 172.78, 245.81, 98.02, 30.6, 63.9, 125, 64.56, 87.89, , , , , 
1/31/2020 4:16:32 AM, 3278.25, 9177, 1644.6, 327.68, 222.6, 163.93, 323.87, 172.78, 245.81, 98.02, 30.6, 63.9, 125, 64.56, 87.89, , , , , 
1/31/2020 4:16:35 AM, 3278.25, 9177, 1644.6, 327.68, 222.6, 163.93, 323.87, 172.78, 245.81, 98.02, 30.6, 63.9, 125, 64.56, 87.89, , , , , 
1/31/2020 4:16:38 AM, 3278.75, 9177.75, 1644.7, 327.68, 222.6, 163.93, 323.87, 172.78, 245.81, 98.02, 30.6, 63.9, 125, 64.56, 87.89, , , , , 
1/31/2020 4:16:41 AM, 3278.75, 9177.75, 1644.7, 327.68, 222.6, 163.93, 323.87, 172.78, 245.81, 98.02, 30.6, 63.9, 125, 64.56, 87.89, , , , , 
1/31/2020 4:16:44 AM, 3278.75, 9177.75, 1644.7, 327.68, 222.6, 163.93, 323.87, 172.78, 245.81, 98.02, 30.6, 63.9, 125, 64.56, 87.89, , , , , 
1/31/2020 4:16:47 AM, 3278.75, 9177.75, 1644.7, 327.68, 222.6, 163.93, 323.87, 172.78, 245.81, 98.02, 30.6, 63.9, 125, 64.56, 87.89, , , , , 
1/31/2020 4:16:50 AM, 3278.75, 9177.25, 1644.7, 327.68, 222.6, 163.93, 323.87, 172.78, 245.81, 98.02, 30.6, 63.9, 125, 64.56, 87.89, , , , , 
1/31/2020 4:16:54 AM, 3278.75, 9177.25, 1644.7, 327.68, 222.6, 163.93, 323.87, 172.78, 245.81, 98.02, 30.6, 63.9, 125, 64.56, 87.89, , , , , 
1/31/2020 4:16:57 AM, 3278.5, 9176.75, 1644.6, 327.68, 222.6, 163.93, 323.87, 172.78, 245.81, 98.02, 30.6, 63.9, 125, 64.56, 87.89, , , , , 
1/31/2020 4:17:00 AM, 3278.75, 9178.25, 1644.8, 327.68, 222.6, 163.93, 323.87, 172.78, 245.81, 98.02, 30.6, 63.9, 125, 64.56, 87.89, , , , , 
1/31/2020 4:17:03 AM, 3279, 9178.25, 1644.9, 327.68, 222.6, 163.93, 323.87, 172.78, 245.81, 98.02, 30.6, 63.9, 125, 64.56, 87.89, , , , , 
1/31/2020 4:17:06 AM, 3278.75, 9177.75, 1644.8, 327.68, 222.6, 163.93, 323.87, 172.78, 245.81, 98.02, 30.6, 63.9, 125, 64.56, 87.89, , , , , 
1/31/2020 4:17:09 AM, 3278.75, 9177.75, 1644.8, 327.68, 222.6, 163.93, 323.87, 172.78, 245.81, 98.02, 30.6, 63.9, 125, 64.56, 87.89, , , , , 
1/31/2020 4:17:12 AM, 3278.75, 9177.75, 1644.8, 327.68, 222.6, 163.93, 323.87, 172.78, 245.81, 98.02, 30.6, 63.9, 125, 64.56, 87.89, , , , , 
1/31/2020 4:17:15 AM, 3278.75, 9178, 1644.8, 327.68, 222.6, 163.93, 323.87, 172.78, 245.81, 98.02, 30.6, 63.9, 125, 64.56, 87.89, , , , , 
1/31/2020 4:17:18 AM, 3278.75, 9178.25, 1644.8, 327.68, 222.6, 163.93, 323.87, 172.78, 245.81, 98.02, 30.6, 63.9, 125, 64.56, 87.89, , , , , 
1/31/2020 4:17:21 AM, 3278.75, 9178, 1644.9, 327.68, 222.6, 163.93, 323.87, 172.78, 245.81, 98.02, 30.6, 63.9, 125, 64.56, 87.89, , , , , 
1/31/2020 4:17:24 AM, 3278.75, 9178, 1644.9, 327.68, 222.6, 163.93, 323.87, 172.78, 245.81, 98.02, 30.6, 63.9, 125, 64.56, 87.89, , , , , 
1/31/2020 4:17:27 AM, 3279.25, 9179.75, 1645, 327.68, 222.6, 163.93, 323.87, 172.78, 245.81, 98.02, 30.6, 63.9, 125, 64.56, 87.89, , , , , 
1/31/2020 4:17:30 AM, 3279.5, 9179.5, 1645, 327.68, 222.6, 163.93, 323.87, 172.78, 245.81, 98.02, 30.6, 63.9, 125, 64.56, 87.89, , , , , 
1/31/2020 4:17:33 AM, 3279.5, 9180.25, 1645.2, 327.68, 222.6, 163.93, 323.87, 172.78, 245.81, 98.02, 30.6, 63.9, 125, 64.56, 87.89, , , , , 
1/31/2020 4:17:36 AM, 3279.5, 9180.5, 1645.2, 327.68, 222.6, 163.93, 323.87, 172.78, 245.81, 98.02, 30.6, 63.9, 125, 64.56, 87.89, , , , , 
1/31/2020 4:17:39 AM, 3279.5, 9180.75, 1645.2, 327.68, 222.6, 163.93, 323.87, 172.78, 245.81, 98.02, 30.6, 63.9, 125, 64.56, 87.89, , , , , 
1/31/2020 4:17:42 AM, 3279.5, 9180.75, 1645.2, 327.68, 222.6, 163.93, 323.87, 172.78, 245.81, 98.02, 30.6, 63.9, 125, 64.56, 87.89, , , , , 
1/31/2020 4:17:45 AM, 3279.25, 9179.5, 1645.1, 327.68, 222.6, 163.93, 323.87, 172.78, 245.81, 98.02, 30.6, 63.9, 125, 64.56, 87.89, , , , , 
1/31/2020 4:17:48 AM, 3279.25, 9179.25, 1645, 327.68, 222.6, 163.93, 323.87, 172.78, 245.81, 98.02, 30.6, 63.9, 125, 64.56, 87.89, , , , , 
1/31/2020 4:17:51 AM, 3279.5, 9179.75, 1645.1, 327.68, 222.6, 163.93, 323.87, 172.78, 245.81, 98.02, 30.6, 63.9, 125, 64.56, 87.89, , , , , 
1/31/2020 4:17:54 AM, 3279.25, 9179.25, 1645, 327.68, 222.6, 163.93, 323.87, 172.78, 245.81, 98.02, 30.6, 63.9, 125, 64.56, 87.89, , , , , 
1/31/2020 4:17:57 AM, 3279.25, 9179.5, 1645, 327.68, 222.6, 163.93, 323.87, 172.78, 245.81, 98.02, 30.6, 63.9, 125, 64.56, 87.89, , , , , 
1/31/2020 4:18:00 AM, 3279.25, 9179.75, 1645.1, 327.68, 222.6, 163.93, 323.87, 172.78, 245.81, 98.02, 30.6, 63.9, 125, 64.56, 87.89, , , , , 
1/31/2020 4:18:03 AM, 3279.25, 9179.75, 1645.1, 327.68, 222.6, 163.93, 323.87, 172.78, 245.81, 98.02, 30.6, 63.9, 125, 64.56, 87.89, , , , , 
1/31/2020 4:18:06 AM, 3279.5, 9180.25, 1645.1, 327.68, 222.6, 163.93, 323.87, 172.78, 245.81, 98.02, 30.6, 63.9, 125, 64.56, 87.89, , , , , 
1/31/2020 4:18:09 AM, 3279.25, 9179.75, 1645.2, 327.68, 222.6, 163.93, 323.87, 172.78, 245.81, 98.02, 30.6, 63.9, 125, 64.56, 87.89, , , , , 
1/31/2020 4:18:12 AM, 3279.5, 9180, 1645.2, 327.68, 222.6, 163.93, 323.87, 172.78, 245.81, 98.02, 30.6, 63.9, 125, 64.56, 87.89, , , , , 
1/31/2020 4:18:15 AM, 3279.5, 9180.25, 1645.2, 327.68, 222.6, 163.93, 323.87, 172.78, 245.81, 98.02, 30.6, 63.9, 125, 64.56, 87.89, , , , , 
1/31/2020 4:18:18 AM, 3279.5, 9180.25, 1645.2, 327.68, 222.6, 163.93, 323.87, 172.78, 245.81, 98.02, 30.6, 63.9, 125, 64.56, 87.89, , , , , 
1/31/2020 4:18:21 AM, 3279.5, 9180.5, 1645.1, 327.68, 222.6, 163.93, 323.87, 172.78, 245.81, 98.02, 30.6, 63.9, 125, 64.56, 87.89, , , , , 
1/31/2020 4:18:24 AM, 3279.75, 9182.75, 1645.3, 327.68, 222.6, 163.93, 323.87, 172.78, 245.81, 98.02, 30.6, 63.9, 125, 64.56, 87.89, , , , , 
1/31/2020 4:18:27 AM, 3280, 9181.75, 1645.4, 327.68, 222.6, 163.93, 323.87, 172.78, 245.81, 98.02, 30.6, 63.9, 125, 64.56, 87.89, , , , , 
1/31/2020 4:18:30 AM, 3279.5, 9181.25, 1645.2, 327.68, 222.6, 163.93, 323.87, 172.78, 245.81, 98.02, 30.6, 63.9, 125, 64.56, 87.89, , , , , 
1/31/2020 4:18:33 AM, 3279.5, 9180.5, 1645.2, 327.68, 222.6, 163.93, 323.87, 172.78, 245.81, 98.02, 30.6, 63.9, 125, 64.56, 87.89, , , , , 
1/31/2020 4:18:36 AM, 3279.75, 9180.5, 1645.2, 327.68, 222.6, 163.93, 323.87, 172.78, 245.81, 98.02, 30.6, 63.9, 125, 64.56, 87.89, , , , , 
1/31/2020 4:18:39 AM, 3280, 9181.5, 1645.2, 327.68, 222.6, 163.93, 323.87, 172.78, 245.81, 98.02, 30.6, 63.9, 125, 64.56, 87.89, , , , , 
1/31/2020 4:18:42 AM, 3280, 9181.5, 1645.2, 327.68, 222.6, 163.93, 323.87, 172.78, 245.81, 98.02, 30.6, 63.9, 125, 64.56, 87.89, , , , , 
1/31/2020 4:18:45 AM, 3280, 9181.75, 1645.2, 327.68, 222.6, 163.93, 323.87, 172.78, 245.81, 98.02, 30.6, 63.9, 125, 64.56, 87.89, , , , , 
1/31/2020 4:18:48 AM, 3279.75, 9181.5, 1645.3, 327.68, 222.6, 163.93, 323.87, 172.78, 245.81, 98.02, 30.6, 63.9, 125, 64.56, 87.89, , , , , 
1/31/2020 4:18:51 AM, 3279.75, 9181.25, 1645.3, 327.68, 222.6, 163.93, 323.87, 172.78, 245.81, 98.02, 30.6, 63.9, 125, 64.56, 87.89, , , , , 
1/31/2020 4:18:54 AM, 3279.75, 9181.75, 1645.3, 327.68, 222.6, 163.93, 323.87, 172.78, 245.81, 98.02, 30.6, 63.9, 125, 64.56, 87.89, , , , , 
1/31/2020 4:18:57 AM, 3280, 9181.75, 1645.3, 327.68, 222.6, 163.93, 323.87, 172.78, 245.81, 98.02, 30.6, 63.9, 125, 64.56, 87.89, , , , , 
1/31/2020 4:19:00 AM, 3280, 9182.25, 1645.4, 327.68, 222.6, 163.93, 323.87, 172.78, 245.81, 98.02, 30.6, 63.9, 125, 64.56, 87.89, , , , , 
1/31/2020 4:19:04 AM, 3280, 9182, 1645.4, 327.68, 222.6, 163.93, 323.87, 172.78, 245.81, 98.02, 30.6, 63.9, 125, 64.56, 87.89, , , , , 
1/31/2020 4:19:07 AM, 3280, 9182, 1645.4, 327.68, 222.6, 163.93, 323.87, 172.78, 245.81, 98.02, 30.6, 63.9, 125, 64.56, 87.89, , , , , 
1/31/2020 4:19:10 AM, 3280, 9182.5, 1645.4, 327.68, 222.6, 163.93, 323.87, 172.78, 245.81, 98.02, 30.6, 63.9, 125, 64.56, 87.89, , , , , 
1/31/2020 4:19:13 AM, 3280, 9182.25, 1645.4, 327.68, 222.6, 163.93, 323.87, 172.78, 245.81, 98.02, 30.6, 63.9, 125, 64.56, 87.89, , , , , 
1/31/2020 4:19:16 AM, 3280, 9182.25, 1645.4, 327.68, 222.6, 163.93, 323.87, 172.78, 245.81, 98.02, 30.6, 63.9, 125, 64.56, 87.89, , , , , 
1/31/2020 4:19:19 AM, 3280, 9182.25, 1645.4, 327.68, 222.6, 163.93, 323.87, 172.78, 245.81, 98.02, 30.6, 63.9, 125, 64.56, 87.89, , , , , 
1/31/2020 4:19:22 AM, 3280, 9182.25, 1645.4, 327.68, 222.6, 163.93, 323.87, 172.78, 245.81, 98.02, 30.6, 63.9, 125, 64.56, 87.89, , , , , 
1/31/2020 4:19:25 AM, 3280, 9183, 1645.4, 327.68, 222.6, 163.93, 323.87, 172.78, 245.81, 98.02, 30.6, 63.9, 125, 64.56, 87.89, , , , , 
1/31/2020 4:19:28 AM, 3280.25, 9183, 1645.4, 327.68, 222.6, 163.93, 323.87, 172.78, 245.81, 98.02, 30.6, 63.9, 125, 64.56, 87.89, , , , , 
1/31/2020 4:19:31 AM, 3280.25, 9183.75, 1645.5, 327.68, 222.6, 163.93, 323.87, 172.78, 245.81, 98.02, 30.6, 63.9, 125, 64.56, 87.89, , , , , 
1/31/2020 4:19:34 AM, 3280.25, 9183.75, 1645.5, 327.68, 222.6, 163.93, 323.87, 172.78, 245.81, 98.02, 30.6, 63.9, 125, 64.56, 87.89, , , , , 
1/31/2020 4:19:37 AM, 3280.5, 9184.25, 1645.5, 327.68, 222.6, 163.93, 323.87, 172.78, 245.81, 98.02, 30.6, 63.9, 125, 64.56, 87.89, , , , , 
1/31/2020 4:19:40 AM, 3280.5, 9184.25, 1645.5, 327.68, 222.6, 163.93, 323.87, 172.78, 245.81, 98.02, 30.6, 63.9, 125, 64.56, 87.89, , , , , 
1/31/2020 4:19:43 AM, 3280.5, 9184.75, 1645.5, 327.68, 222.6, 163.93, 323.87, 172.78, 245.81, 98.02, 30.6, 63.9, 125, 64.56, 87.89, , , , , 
1/31/2020 4:19:46 AM, 3280.25, 9184.75, 1645.5, 327.68, 222.6, 163.93, 323.87, 172.78, 245.81, 98.02, 30.6, 63.9, 125, 64.56, 87.89, , , , , 
1/31/2020 4:19:49 AM, 3280.5, 9184.75, 1645.5, 327.68, 222.6, 163.93, 323.87, 172.78, 245.81, 98.02, 30.6, 63.9, 125, 64.56, 87.89, , , , , 
1/31/2020 4:19:52 AM, 3280.5, 9184, 1645.5, 327.68, 222.6, 163.93, 323.87, 172.78, 245.81, 98.02, 30.6, 63.9, 125, 64.56, 87.89, , , , , 
1/31/2020 4:19:55 AM, 3280.5, 9184, 1645.5, 327.68, 222.6, 163.93, 323.87, 172.78, 245.81, 98.02, 30.6, 63.9, 125, 64.56, 87.89, , , , , 
1/31/2020 4:19:58 AM, 3280.5, 9184.5, 1645.5, 327.68, 222.6, 163.93, 323.87, 172.78, 245.81, 98.02, 30.6, 63.9, 125, 64.56, 87.89, , , , , 
1/31/2020 4:20:01 AM, 3280.25, 9183.75, 1645.5, 327.68, 222.6, 163.93, 323.87, 172.78, 245.81, 98.02, 30.6, 63.9, 125, 64.56, 87.89, , , , , 
1/31/2020 4:20:04 AM, 3280.25, 9183.5, 1645.5, 327.68, 222.6, 163.93, 323.87, 172.78, 245.81, 98.02, 30.6, 63.9, 125, 64.56, 87.89, , , , , 
1/31/2020 4:20:07 AM, 3280.25, 9184, 1645.5, 327.68, 222.6, 163.93, 323.87, 172.78, 245.81, 98.02, 30.6, 63.9, 125, 64.56, 87.89, , , , , 
1/31/2020 4:20:10 AM, 3280, 9183.5, 1645.5, 327.68, 222.6, 163.93, 323.87, 172.78, 245.81, 98.02, 30.6, 63.9, 125, 64.56, 87.89, , , , , 
1/31/2020 4:20:13 AM, 3280.25, 9184, 1645.2, 327.68, 222.6, 163.93, 323.87, 172.78, 245.81, 98.02, 30.6, 63.9, 125, 64.56, 87.89, , , , , 
1/31/2020 4:20:16 AM, 3280.25, 9184.25, 1645.3, 327.68, 222.6, 163.93, 323.87, 172.78, 245.81, 98.02, 30.6, 63.9, 125, 64.56, 87.89, , , , , 
1/31/2020 4:20:19 AM, 3280.25, 9184, 1645.3, 327.68, 222.6, 163.93, 323.87, 172.78, 245.81, 98.02, 30.6, 63.9, 125, 64.56, 87.89, , , , , 
1/31/2020 4:20:22 AM, 3279.75, 9182.25, 1645, 327.68, 222.6, 163.93, 323.87, 172.78, 245.81, 98.02, 30.6, 63.9, 125, 64.56, 87.89, , , , , 
1/31/2020 4:20:25 AM, 3279.75, 9182.25, 1645, 327.68, 222.6, 163.93, 323.87, 172.78, 245.81, 98.02, 30.6, 63.9, 125, 64.56, 87.89, , , , , 
1/31/2020 4:20:28 AM, 3279.75, 9182.75, 1645, 327.68, 222.6, 163.93, 323.87, 172.78, 245.81, 98.02, 30.6, 63.9, 125, 64.56, 87.89, , , , , 
1/31/2020 4:20:31 AM, 3280, 9183.25, 1645, 327.68, 222.6, 163.93, 323.87, 172.78, 245.81, 98.02, 30.6, 63.9, 125, 64.56, 87.89, , , , , 
1/31/2020 4:20:34 AM, 3279.75, 9182.5, 1645.1, 327.68, 222.6, 163.93, 323.87, 172.78, 245.81, 98.02, 30.6, 63.9, 125, 64.56, 87.89, , , , , 
1/31/2020 4:20:37 AM, 3279.75, 9182.75, 1645.1, 327.68, 222.6, 163.93, 323.87, 172.78, 245.81, 98.02, 30.6, 63.9, 125, 64.56, 87.89, , , , , 
1/31/2020 4:20:40 AM, 3279.75, 9183.25, 1645.1, 327.68, 222.6, 163.93, 323.87, 172.78, 245.81, 98.02, 30.6, 63.9, 125, 64.56, 87.89, , , , , 
1/31/2020 4:20:43 AM, 3279.75, 9183.25, 1645.1, 327.68, 222.6, 163.93, 323.87, 172.78, 245.81, 98.02, 30.6, 63.9, 125, 64.56, 87.89, , , , , 
1/31/2020 4:20:46 AM, 3280, 9183.25, 1645.1, 327.68, 222.6, 163.93, 323.87, 172.78, 245.81, 98.02, 30.6, 63.9, 125, 64.56, 87.89, , , , , 
1/31/2020 4:20:49 AM, 3280, 9183.25, 1645.1, 327.68, 222.6, 163.93, 323.87, 172.78, 245.81, 98.02, 30.6, 63.9, 125, 64.56, 87.89, , , , , 
1/31/2020 4:20:52 AM, 3279.75, 9183.25, 1645.1, 327.68, 222.6, 163.93, 323.87, 172.78, 245.81, 98.02, 30.6, 63.9, 125, 64.56, 87.89, , , , , 
1/31/2020 4:20:55 AM, 3280, 9183.5, 1645.2, 327.68, 222.6, 163.93, 323.87, 172.78, 245.81, 98.02, 30.6, 63.9, 125, 64.56, 87.89, , , , , 
1/31/2020 4:20:58 AM, 3279.75, 9183.25, 1645.2, 327.68, 222.6, 163.93, 323.87, 172.78, 245.81, 98.02, 30.6, 63.9, 125, 64.56, 87.89, , , , , 
1/31/2020 4:21:01 AM, 3280, 9183, 1645.1, 327.68, 222.6, 163.93, 323.87, 172.78, 245.81, 98.02, 30.6, 63.9, 125, 64.56, 87.89, , , , , 
1/31/2020 4:21:04 AM, 3279.75, 9182.5, 1645.1, 327.68, 222.6, 163.93, 323.87, 172.78, 245.81, 98.02, 30.6, 63.9, 125, 64.56, 87.89, , , , , 
1/31/2020 4:21:07 AM, 3279.75, 9182.5, 1645.1, 327.68, 222.6, 163.93, 323.87, 172.78, 245.81, 98.02, 30.6, 63.9, 125, 64.56, 87.89, , , , , 
1/31/2020 4:21:10 AM, 3279.75, 9183, 1645.1, 327.68, 222.6, 163.93, 323.87, 172.78, 245.81, 98.02, 30.6, 63.9, 125, 64.56, 87.89, , , , , 
1/31/2020 4:21:13 AM, 3279.75, 9183.25, 1645.1, 327.68, 222.6, 163.93, 323.87, 172.78, 245.81, 98.02, 30.6, 63.9, 125, 64.56, 87.89, , , , , 
1/31/2020 4:21:16 AM, 3279.75, 9182.75, 1645.1, 327.68, 222.6, 163.93, 323.87, 172.78, 245.81, 98.02, 30.6, 63.9, 125, 64.56, 87.89, , , , , 
1/31/2020 4:21:19 AM, 3279.75, 9182.75, 1645.1, 327.68, 222.6, 163.93, 323.87, 172.78, 245.81, 98.02, 30.6, 63.9, 125, 64.56, 87.89, , , , , 
1/31/2020 4:21:22 AM, 3279.75, 9183, 1645.1, 327.68, 222.6, 163.93, 323.87, 172.78, 245.81, 98.02, 30.6, 63.9, 125, 64.56, 87.89, , , , , 
1/31/2020 4:21:25 AM, 3279.75, 9182.25, 1645.1, 327.68, 222.6, 163.93, 323.87, 172.78, 245.81, 98.02, 30.6, 63.9, 125, 64.56, 87.89, , , , , 
1/31/2020 4:21:28 AM, 3279.75, 9183.25, 1645.1, 327.68, 222.6, 163.93, 323.87, 172.78, 245.81, 98.02, 30.6, 63.9, 125, 64.56, 87.89, , , , , 
1/31/2020 4:21:31 AM, 3279.75, 9183, 1645.1, 327.68, 222.6, 163.93, 323.87, 172.78, 245.81, 98.02, 30.6, 63.9, 125, 64.56, 87.89, , , , , 
1/31/2020 4:21:35 AM, 3279.75, 9183, 1645.1, 327.68, 222.6, 163.93, 323.87, 172.78, 245.81, 98.02, 30.6, 63.9, 125, 64.56, 87.89, , , , , 
1/31/2020 4:21:38 AM, 3279.75, 9183, 1645.1, 327.68, 222.6, 163.93, 323.87, 172.78, 245.81, 98.02, 30.6, 63.9, 125, 64.56, 87.89, , , , , 
1/31/2020 4:21:41 AM, 3279.75, 9183.25, 1645.1, 327.68, 222.6, 163.93, 323.87, 172.78, 245.81, 98.02, 30.6, 63.9, 125, 64.56, 87.89, , , , , 
1/31/2020 4:21:44 AM, 3279.75, 9183.25, 1645.1, 327.68, 222.6, 163.93, 323.87, 172.78, 245.81, 98.02, 30.6, 63.9, 125, 64.56, 87.89, , , , , 
1/31/2020 4:21:47 AM, 3280, 9184, 1645.2, 327.68, 222.6, 163.93, 323.87, 172.78, 245.81, 98.02, 30.6, 63.9, 125, 64.56, 87.89, , , , , 
1/31/2020 4:21:50 AM, 3280, 9184, 1645.2, 327.68, 222.6, 163.93, 323.87, 172.78, 245.81, 98.02, 30.6, 63.9, 125, 64.56, 87.89, , , , , 
1/31/2020 4:21:53 AM, 3280, 9183.75, 1645.2, 327.68, 222.6, 163.93, 323.87, 172.78, 245.81, 98.02, 30.6, 63.9, 125, 64.56, 87.89, , , , , 
1/31/2020 4:21:56 AM, 3280, 9183.75, 1645.2, 327.68, 222.6, 163.93, 323.87, 172.78, 245.81, 98.02, 30.6, 63.9, 125, 64.56, 87.89, , , , , 
1/31/2020 4:21:59 AM, 3280, 9183.75, 1645.2, 327.68, 222.6, 163.93, 323.87, 172.78, 245.81, 98.02, 30.6, 63.9, 125, 64.56, 87.89, , , , , 
1/31/2020 4:22:02 AM, 3280, 9183.75, 1645.2, 327.68, 222.6, 163.93, 323.87, 172.78, 245.81, 98.02, 30.6, 63.9, 125, 64.56, 87.89, , , , , 
1/31/2020 4:22:05 AM, 3280, 9183.5, 1645.3, 327.68, 222.6, 163.93, 323.87, 172.78, 245.81, 98.02, 30.6, 63.9, 125, 64.56, 87.89, , , , , 
1/31/2020 4:22:08 AM, 3280, 9183, 1645.2, 327.68, 222.6, 163.93, 323.87, 172.78, 245.81, 98.02, 30.6, 63.9, 125, 64.56, 87.89, , , , , 
1/31/2020 4:22:11 AM, 3280, 9183, 1645.2, 327.68, 222.6, 163.93, 323.87, 172.78, 245.81, 98.02, 30.6, 63.9, 125, 64.56, 87.89, , , , , 
1/31/2020 4:22:14 AM, 3279.75, 9183, 1645, 327.68, 222.6, 163.93, 323.87, 172.78, 245.81, 98.02, 30.6, 63.9, 125, 64.56, 87.89, , , , , 
1/31/2020 4:22:17 AM, 3279.75, 9183, 1645, 327.68, 222.6, 163.93, 323.87, 172.78, 245.81, 98.02, 30.6, 63.9, 125, 64.56, 87.89, , , , , 
1/31/2020 4:22:20 AM, 3279.75, 9182.75, 1645, 327.68, 222.6, 163.93, 323.87, 172.78, 245.81, 98.02, 30.6, 63.9, 125, 64.56, 87.89, , , , , 
1/31/2020 4:22:23 AM, 3279.75, 9183, 1645, 327.68, 222.6, 163.93, 323.87, 172.78, 245.81, 98.02, 30.6, 63.9, 125, 64.56, 87.89, , , , , 
1/31/2020 4:22:26 AM, 3279.75, 9183, 1645, 327.68, 222.6, 163.93, 323.87, 172.78, 245.81, 98.02, 30.6, 63.9, 125, 64.56, 87.89, , , , , 
1/31/2020 4:22:29 AM, 3279.75, 9183, 1645, 327.68, 222.6, 163.93, 323.87, 172.78, 245.81, 98.02, 30.6, 63.9, 125, 64.56, 87.89, , , , , 
1/31/2020 4:22:32 AM, 3279.75, 9183, 1645, 327.68, 222.6, 163.93, 323.87, 172.78, 245.81, 98.02, 30.6, 63.9, 125, 64.56, 87.89, , , , , 
1/31/2020 4:22:35 AM, 3279.75, 9183.5, 1645, 327.68, 222.6, 163.93, 323.87, 172.78, 245.81, 98.02, 30.6, 63.9, 125, 64.56, 87.89, , , , , 
1/31/2020 4:22:38 AM, 3279.75, 9182.5, 1645.1, 327.68, 222.6, 163.93, 323.87, 172.78, 245.81, 98.02, 30.6, 63.9, 125, 64.56, 87.89, , , , , 
1/31/2020 4:22:41 AM, 3279.75, 9182.75, 1645.1, 327.68, 222.6, 163.93, 323.87, 172.78, 245.81, 98.02, 30.6, 63.9, 125, 64.56, 87.89, , , , , 
1/31/2020 4:22:44 AM, 3280, 9184.25, 1645.3, 327.68, 222.6, 163.93, 323.87, 172.78, 245.81, 98.02, 30.6, 63.9, 125, 64.56, 87.89, , , , , 
1/31/2020 4:22:47 AM, 3280, 9183.25, 1645.2, 327.68, 222.6, 163.93, 323.87, 172.78, 245.81, 98.02, 30.6, 63.9, 125, 64.56, 87.89, , , , , 
1/31/2020 4:22:50 AM, 3280, 9183.5, 1645.2, 327.68, 222.6, 163.93, 323.87, 172.78, 245.81, 98.02, 30.6, 63.9, 125, 64.56, 87.89, , , , , 
1/31/2020 4:22:53 AM, 3280, 9183.75, 1645.2, 327.68, 222.6, 163.93, 323.87, 172.78, 245.81, 98.02, 30.6, 63.9, 125, 64.56, 87.89, , , , , 
1/31/2020 4:22:56 AM, 3280, 9183.75, 1645.2, 327.68, 222.6, 163.93, 323.87, 172.78, 245.81, 98.02, 30.6, 63.9, 125, 64.56, 87.89, , , , , 
1/31/2020 4:22:59 AM, 3280, 9184.5, 1645.4, 327.68, 222.6, 163.93, 323.87, 172.78, 245.81, 98.02, 30.6, 63.9, 125, 64.56, 87.89, , , , , 
1/31/2020 4:23:02 AM, 3280, 9184, 1645.4, 327.68, 222.6, 163.93, 323.87, 172.78, 245.81, 98.02, 30.6, 63.9, 125, 64.56, 87.89, , , , , 
1/31/2020 4:23:05 AM, 3279.75, 9183.25, 1645.2, 327.68, 222.6, 163.93, 323.87, 172.78, 245.81, 98.02, 30.6, 63.9, 125, 64.56, 87.89, , , , , 
1/31/2020 4:23:08 AM, 3279.75, 9183, 1645.2, 327.68, 222.6, 163.93, 323.87, 172.78, 245.81, 98.02, 30.6, 63.9, 125, 64.56, 87.89, , , , , 
1/31/2020 4:23:11 AM, 3279.75, 9182.75, 1645.2, 327.68, 222.6, 163.93, 323.87, 172.78, 245.81, 98.02, 30.6, 63.9, 125, 64.56, 87.89, , , , , 
1/31/2020 4:23:14 AM, 3279.75, 9183.25, 1645.1, 327.68, 222.6, 163.93, 323.87, 172.78, 245.81, 98.02, 30.6, 63.9, 125, 64.56, 87.89, , , , , 
1/31/2020 4:23:17 AM, 3279.75, 9182.25, 1645, 327.68, 222.6, 163.93, 323.87, 172.78, 245.81, 98.02, 30.6, 63.9, 125, 64.56, 87.89, , , , , 
1/31/2020 4:23:20 AM, 3279.75, 9183, 1645, 327.68, 222.6, 163.93, 323.87, 172.78, 245.81, 98.02, 30.6, 63.9, 125, 64.56, 87.89, , , , , 
1/31/2020 4:23:23 AM, 3279.5, 9181.75, 1645, 327.68, 222.6, 163.93, 323.87, 172.78, 245.81, 98.02, 30.6, 63.9, 125, 64.56, 87.89, , , , , 
1/31/2020 4:23:26 AM, 3279.25, 9181.5, 1644.9, 327.68, 222.6, 163.93, 323.87, 172.78, 245.81, 98.02, 30.6, 63.9, 125, 64.56, 87.89, , , , , 
1/31/2020 4:23:29 AM, 3279.5, 9182.25, 1644.9, 327.68, 222.6, 163.93, 323.87, 172.78, 245.81, 98.02, 30.6, 63.9, 125, 64.56, 87.89, , , , , 
1/31/2020 4:23:32 AM, 3279.5, 9182.75, 1644.9, 327.68, 222.6, 163.93, 323.87, 172.78, 245.81, 98.02, 30.6, 63.9, 125, 64.56, 87.89, , , , , 
1/31/2020 4:23:35 AM, 3279.5, 9182, 1644.9, 327.68, 222.6, 163.93, 323.87, 172.78, 245.81, 98.02, 30.6, 63.9, 125, 64.56, 87.89, , , , , 
1/31/2020 4:23:38 AM, 3279.5, 9182, 1644.9, 327.68, 222.6, 163.93, 323.87, 172.78, 245.81, 98.02, 30.6, 63.9, 125, 64.56, 87.89, , , , , 
1/31/2020 4:23:41 AM, 3279.5, 9182, 1644.9, 327.68, 222.6, 163.93, 323.87, 172.78, 245.81, 98.02, 30.6, 63.9, 125, 64.56, 87.89, , , , , 
1/31/2020 4:23:44 AM, 3279.5, 9182.75, 1645, 327.68, 222.6, 163.93, 323.87, 172.78, 245.81, 98.02, 30.6, 63.9, 125, 64.56, 87.89, , , , , 
1/31/2020 4:23:47 AM, 3280, 9183.5, 1645.2, 327.68, 222.6, 163.93, 323.87, 172.78, 245.81, 98.02, 30.6, 63.9, 125, 64.56, 87.89, , , , , 
1/31/2020 4:23:50 AM, 3280, 9183.5, 1645.2, 327.68, 222.6, 163.93, 323.87, 172.78, 245.81, 98.02, 30.6, 63.9, 125, 64.56, 87.89, , , , , 
1/31/2020 4:23:53 AM, 3280, 9183.5, 1645.2, 327.68, 222.6, 163.93, 323.87, 172.78, 245.81, 98.02, 30.6, 63.9, 125, 64.56, 87.89, , , , , 
1/31/2020 4:23:56 AM, 3280, 9183.5, 1645.2, 327.68, 222.6, 163.93, 323.87, 172.78, 245.81, 98.02, 30.6, 63.9, 125, 64.56, 87.89, , , , , 
1/31/2020 4:23:59 AM, 3280, 9183.5, 1645.2, 327.68, 222.6, 163.93, 323.87, 172.78, 245.81, 98.02, 30.6, 63.9, 125, 64.56, 87.89, , , , , 
1/31/2020 4:24:03 AM, 3280, 9183.25, 1645.2, 327.68, 222.6, 163.93, 323.87, 172.78, 245.81, 98.02, 30.6, 63.9, 125, 64.56, 87.89, , , , , 
1/31/2020 4:24:06 AM, 3279.75, 9182.75, 1645.2, 327.68, 222.6, 163.93, 323.87, 172.78, 245.81, 98.02, 30.6, 63.9, 125, 64.56, 87.89, , , , , 
1/31/2020 4:24:09 AM, 3280, 9182.75, 1645.2, 327.68, 222.6, 163.93, 323.87, 172.78, 245.81, 98.02, 30.6, 63.9, 125, 64.56, 87.89, , , , , 
1/31/2020 4:24:12 AM, 3280, 9183.5, 1645.2, 327.68, 222.6, 163.93, 323.87, 172.78, 245.81, 98.02, 30.6, 63.9, 125, 64.56, 87.89, , , , , 
1/31/2020 4:24:15 AM, 3279.5, 9182.5, 1645.1, 327.68, 222.6, 163.93, 323.87, 172.78, 245.81, 98.02, 30.6, 63.9, 125, 64.56, 87.89, , , , , 
1/31/2020 4:24:18 AM, 3279.5, 9182.5, 1644.8, 327.68, 222.6, 163.93, 323.87, 172.78, 245.81, 98.02, 30.6, 63.9, 125, 64.56, 87.89, , , , , 
1/31/2020 4:24:21 AM, 3279.25, 9181, 1644.9, 327.68, 222.6, 163.93, 323.87, 172.78, 245.81, 98.02, 30.6, 63.9, 125, 64.56, 87.89, , , , , 
1/31/2020 4:24:24 AM, 3279.25, 9181, 1644.9, 327.68, 222.6, 163.93, 323.87, 172.78, 245.81, 98.02, 30.6, 63.9, 125, 64.56, 87.89, , , , , 
1/31/2020 4:24:27 AM, 3279.5, 9181.75, 1644.9, 327.68, 222.6, 163.93, 323.87, 172.78, 245.81, 98.02, 30.6, 63.9, 125, 64.56, 87.89, , , , , 
1/31/2020 4:24:30 AM, 3279.5, 9181.75, 1644.9, 327.68, 222.6, 163.93, 323.87, 172.78, 245.81, 98.02, 30.6, 63.9, 125, 64.56, 87.89, , , , , 
1/31/2020 4:24:33 AM, 3279.75, 9182.25, 1645.1, 327.68, 222.6, 163.93, 323.87, 172.78, 245.81, 98.02, 30.6, 63.9, 125, 64.56, 87.89, , , , , 
1/31/2020 4:24:36 AM, 3279.75, 9182.25, 1645.1, 327.68, 222.6, 163.93, 323.87, 172.78, 245.81, 98.02, 30.6, 63.9, 125, 64.56, 87.89, , , , , 
1/31/2020 4:24:39 AM, 3279.5, 9181.75, 1645, 327.68, 222.6, 163.93, 323.87, 172.78, 245.81, 98.02, 30.6, 63.9, 125, 64.56, 87.89, , , , , 
1/31/2020 4:24:42 AM, 3279.5, 9181.75, 1645, 327.68, 222.6, 163.93, 323.87, 172.78, 245.81, 98.02, 30.6, 63.9, 125, 64.56, 87.89, , , , , 
1/31/2020 4:24:45 AM, 3279.5, 9181.25, 1645, 327.68, 222.6, 163.93, 323.87, 172.78, 245.81, 98.02, 30.6, 63.9, 125, 64.56, 87.89, , , , , 
1/31/2020 4:24:48 AM, 3279.5, 9181.25, 1645, 327.68, 222.6, 163.93, 323.87, 172.78, 245.81, 98.02, 30.6, 63.9, 125, 64.56, 87.89, , , , , 
1/31/2020 4:24:51 AM, 3279.5, 9181.5, 1645, 327.68, 222.6, 163.93, 323.87, 172.78, 245.81, 98.02, 30.6, 63.9, 125, 64.56, 87.89, , , , , 
1/31/2020 4:24:54 AM, 3279.5, 9181.25, 1645, 327.68, 222.6, 163.93, 323.87, 172.78, 245.81, 98.02, 30.6, 63.9, 125, 64.56, 87.89, , , , , 
1/31/2020 4:24:57 AM, 3279.5, 9181.25, 1645, 327.68, 222.6, 163.93, 323.87, 172.78, 245.81, 98.02, 30.6, 63.9, 125, 64.56, 87.89, , , , , 
1/31/2020 4:25:00 AM, 3279.5, 9181.25, 1645, 327.68, 222.6, 163.93, 323.87, 172.78, 245.81, 98.02, 30.6, 63.9, 125, 64.56, 87.89, , , , , 
1/31/2020 4:25:03 AM, 3279.5, 9182, 1645, 327.68, 222.6, 163.93, 323.87, 172.78, 245.81, 98.02, 30.6, 63.9, 125, 64.56, 87.89, , , , , 
1/31/2020 4:25:06 AM, 3279.5, 9182, 1645.1, 327.68, 222.6, 163.93, 323.87, 172.78, 245.81, 98.02, 30.6, 63.9, 125, 64.56, 87.89, , , , , 
1/31/2020 4:25:09 AM, 3279.5, 9182, 1645.1, 327.68, 222.6, 163.93, 323.87, 172.78, 245.81, 98.02, 30.6, 63.9, 125, 64.56, 87.89, , , , , 
1/31/2020 4:25:12 AM, 3279.5, 9181, 1645, 327.68, 222.6, 163.93, 323.87, 172.78, 245.81, 98.02, 30.6, 63.9, 125, 64.56, 87.89, , , , , 
1/31/2020 4:25:15 AM, 3279.25, 9181.25, 1645, 327.68, 222.6, 163.93, 323.87, 172.78, 245.81, 98.02, 30.6, 63.9, 125, 64.56, 87.89, , , , , 
1/31/2020 4:25:18 AM, 3279.5, 9181.75, 1645.1, 327.68, 222.6, 163.93, 323.87, 172.78, 245.81, 98.02, 30.6, 63.9, 125, 64.56, 87.89, , , , , 
1/31/2020 4:25:21 AM, 3279.75, 9183, 1645.2, 327.68, 222.6, 163.93, 323.87, 172.78, 245.81, 98.02, 30.6, 63.9, 125, 64.56, 87.89, , , , , 
1/31/2020 4:25:24 AM, 3280, 9183.25, 1645.4, 327.68, 222.6, 163.93, 323.87, 172.78, 245.81, 98.02, 30.6, 63.9, 125, 64.56, 87.89, , , , , 
1/31/2020 4:25:27 AM, 3280, 9183.25, 1645.4, 327.68, 222.6, 163.93, 323.87, 172.78, 245.81, 98.02, 30.6, 63.9, 125, 64.56, 87.89, , , , , 
1/31/2020 4:25:30 AM, 3279.75, 9182.75, 1645.4, 327.68, 222.6, 163.93, 323.87, 172.78, 245.81, 98.02, 30.6, 63.9, 125, 64.56, 87.89, , , , , 
1/31/2020 4:25:33 AM, 3280, 9182.75, 1645.4, 327.68, 222.6, 163.93, 323.87, 172.78, 245.81, 98.02, 30.6, 63.9, 125, 64.56, 87.89, , , , , 
1/31/2020 4:25:36 AM, 3280, 9182.25, 1645.4, 327.68, 222.6, 163.93, 323.87, 172.78, 245.81, 98.02, 30.6, 63.9, 125, 64.56, 87.89, , , , , 
1/31/2020 4:25:39 AM, 3280, 9182.25, 1645.4, 327.68, 222.6, 163.93, 323.87, 172.78, 245.81, 98.02, 30.6, 63.9, 125, 64.56, 87.89, , , , , 
1/31/2020 4:25:42 AM, 3280, 9182.25, 1645.4, 327.68, 222.6, 163.93, 323.87, 172.78, 245.81, 98.02, 30.6, 63.9, 125, 64.56, 87.89, , , , , 
1/31/2020 4:25:45 AM, 3279.75, 9182.5, 1645.4, 327.68, 222.6, 163.93, 323.87, 172.78, 245.81, 98.02, 30.6, 63.9, 125, 64.56, 87.89, , , , , 
1/31/2020 4:25:48 AM, 3279.75, 9182.5, 1645.4, 327.68, 222.6, 163.93, 323.87, 172.78, 245.81, 98.02, 30.6, 63.9, 125, 64.56, 87.89, , , , , 
1/31/2020 4:25:51 AM, 3279.75, 9182.5, 1645.4, 327.68, 222.6, 163.93, 323.87, 172.78, 245.81, 98.02, 30.6, 63.9, 125, 64.56, 87.89, , , , , 
1/31/2020 4:25:54 AM, 3279.75, 9182.5, 1645.4, 327.68, 222.6, 163.93, 323.87, 172.78, 245.81, 98.02, 30.6, 63.9, 125, 64.56, 87.89, , , , , 
1/31/2020 4:25:57 AM, 3280, 9182, 1645.2, 327.68, 222.6, 163.93, 323.87, 172.78, 245.81, 98.02, 30.6, 63.9, 125, 64.56, 87.89, , , , , 
1/31/2020 4:26:00 AM, 3280, 9182, 1645.2, 327.68, 222.6, 163.93, 323.87, 172.78, 245.81, 98.02, 30.6, 63.9, 125, 64.56, 87.89, , , , , 
1/31/2020 4:26:03 AM, 3280.25, 9183.75, 1645.3, 327.68, 222.6, 163.93, 323.87, 172.78, 245.81, 98.02, 30.6, 63.9, 125, 64.56, 87.89, , , , , 
1/31/2020 4:26:06 AM, 3280.25, 9183.75, 1645.3, 327.68, 222.6, 163.93, 323.87, 172.78, 245.81, 98.02, 30.6, 63.9, 125, 64.56, 87.89, , , , , 
1/31/2020 4:26:09 AM, 3280.25, 9183.75, 1645.3, 327.68, 222.6, 163.93, 323.87, 172.78, 245.81, 98.02, 30.6, 63.9, 125, 64.56, 87.89, , , , , 
1/31/2020 4:26:12 AM, 3280.25, 9183.75, 1645.3, 327.68, 222.6, 163.93, 323.87, 172.78, 245.81, 98.02, 30.6, 63.9, 125, 64.56, 87.89, , , , , 
1/31/2020 4:26:15 AM, 3280.25, 9183.25, 1645.4, 327.68, 222.6, 163.93, 323.87, 172.78, 245.81, 98.02, 30.6, 63.9, 125, 64.56, 87.89, , , , , 
1/31/2020 4:26:18 AM, 3280.25, 9183.75, 1645.4, 327.68, 222.6, 163.93, 323.87, 172.78, 245.81, 98.02, 30.6, 63.9, 125, 64.56, 87.89, , , , , 
1/31/2020 4:26:21 AM, 3280, 9183, 1645.3, 327.68, 222.6, 163.93, 323.87, 172.78, 245.81, 98.02, 30.6, 63.9, 125, 64.56, 87.89, , , , , 
1/31/2020 4:26:24 AM, 3279.75, 9182.25, 1645.3, 327.68, 222.6, 163.93, 323.87, 172.78, 245.81, 98.02, 30.6, 63.9, 125, 64.56, 87.89, , , , , 
1/31/2020 4:26:27 AM, 3280, 9182.25, 1645.3, 327.68, 222.6, 163.93, 323.87, 172.78, 245.81, 98.02, 30.6, 63.9, 125, 64.56, 87.89, , , , , 
1/31/2020 4:26:30 AM, 3280, 9182.75, 1645.3, 327.68, 222.6, 163.93, 323.87, 172.78, 245.81, 98.02, 30.6, 63.9, 125, 64.56, 87.89, , , , , 
1/31/2020 4:26:33 AM, 3280, 9182.5, 1645.3, 327.68, 222.6, 163.93, 323.87, 172.78, 245.81, 98.02, 30.6, 63.9, 125, 64.56, 87.89, , , , , 
1/31/2020 4:26:37 AM, 3279.75, 9182.5, 1645.3, 327.68, 222.6, 163.93, 323.87, 172.78, 245.81, 98.02, 30.6, 63.9, 125, 64.56, 87.89, , , , , 
1/31/2020 4:26:40 AM, 3279.75, 9182.5, 1645.3, 327.68, 222.6, 163.93, 323.87, 172.78, 245.81, 98.02, 30.6, 63.9, 125, 64.56, 87.89, , , , , 
1/31/2020 4:26:43 AM, 3279.75, 9182.5, 1645.3, 327.68, 222.6, 163.93, 323.87, 172.78, 245.81, 98.02, 30.6, 63.9, 125, 64.56, 87.89, , , , , 
1/31/2020 4:26:46 AM, 3279.75, 9183, 1645.3, 327.68, 222.6, 163.93, 323.87, 172.78, 245.81, 98.02, 30.6, 63.9, 125, 64.56, 87.89, , , , , 
1/31/2020 4:26:49 AM, 3280, 9183, 1645.3, 327.68, 222.6, 163.93, 323.87, 172.78, 245.81, 98.02, 30.6, 63.9, 125, 64.56, 87.89, , , , , 
1/31/2020 4:26:52 AM, 3279.75, 9183, 1645.3, 327.68, 222.6, 163.93, 323.87, 172.78, 245.81, 98.02, 30.6, 63.9, 125, 64.56, 87.89, , , , , 
1/31/2020 4:26:55 AM, 3279.75, 9183, 1645.3, 327.68, 222.6, 163.93, 323.87, 172.78, 245.81, 98.02, 30.6, 63.9, 125, 64.56, 87.89, , , , , 
1/31/2020 4:26:58 AM, 3280.25, 9184, 1645.3, 327.68, 222.6, 163.93, 323.87, 172.78, 245.81, 98.02, 30.6, 63.9, 125, 64.56, 87.89, , , , , 
1/31/2020 4:27:01 AM, 3280.25, 9183.75, 1645.3, 327.68, 222.6, 163.93, 323.87, 172.78, 245.81, 98.02, 30.6, 63.9, 125, 64.56, 87.89, , , , , 
1/31/2020 4:27:04 AM, 3280.25, 9183.75, 1645.3, 327.68, 222.6, 163.93, 323.87, 172.78, 245.81, 98.02, 30.6, 63.9, 125, 64.56, 87.89, , , , , 
1/31/2020 4:27:07 AM, 3280.25, 9183.75, 1645.4, 327.68, 222.6, 163.93, 323.87, 172.78, 245.81, 98.02, 30.6, 63.9, 125, 64.56, 87.89, , , , , 
1/31/2020 4:27:10 AM, 3280, 9183.5, 1645.3, 327.68, 222.6, 163.93, 323.87, 172.78, 245.81, 98.02, 30.6, 63.9, 125, 64.56, 87.89, , , , , 
1/31/2020 4:27:13 AM, 3280.25, 9183.5, 1645.2, 327.68, 222.6, 163.93, 323.87, 172.78, 245.81, 98.02, 30.6, 63.9, 125, 64.56, 87.89, , , , , 
1/31/2020 4:27:16 AM, 3280.25, 9184, 1645.2, 327.68, 222.6, 163.93, 323.87, 172.78, 245.81, 98.02, 30.6, 63.9, 125, 64.56, 87.89, , , , , 
1/31/2020 4:27:19 AM, 3280.25, 9184, 1645.2, 327.68, 222.6, 163.93, 323.87, 172.78, 245.81, 98.02, 30.6, 63.9, 125, 64.56, 87.89, , , , , 
1/31/2020 4:27:22 AM, 3280.25, 9183.5, 1645.2, 327.68, 222.6, 163.93, 323.87, 172.78, 245.81, 98.02, 30.6, 63.9, 125, 64.56, 87.89, , , , , 
1/31/2020 4:27:25 AM, 3280.25, 9183.75, 1645.2, 327.68, 222.6, 163.93, 323.87, 172.78, 245.81, 98.02, 30.6, 63.9, 125, 64.56, 87.89, , , , , 
1/31/2020 4:27:28 AM, 3280.25, 9183.25, 1645.2, 327.68, 222.6, 163.93, 323.87, 172.78, 245.81, 98.02, 30.6, 63.9, 125, 64.56, 87.89, , , , , 
1/31/2020 4:27:31 AM, 3280.25, 9183, 1645.2, 327.68, 222.6, 163.93, 323.87, 172.78, 245.81, 98.02, 30.6, 63.9, 125, 64.56, 87.89, , , , , 
1/31/2020 4:27:34 AM, 3280.25, 9183.25, 1645.2, 327.68, 222.6, 163.93, 323.87, 172.78, 245.81, 98.02, 30.6, 63.9, 125, 64.56, 87.89, , , , , 
1/31/2020 4:27:37 AM, 3280.25, 9183.25, 1645.2, 327.68, 222.6, 163.93, 323.87, 172.78, 245.81, 98.02, 30.6, 63.9, 125, 64.56, 87.89, , , , , 
1/31/2020 4:27:40 AM, 3280.25, 9183.25, 1645.1, 327.68, 222.6, 163.93, 323.87, 172.78, 245.81, 98.02, 30.6, 63.9, 125, 64.56, 87.89, , , , , 
1/31/2020 4:27:43 AM, 3280, 9183.25, 1645.2, 327.68, 222.6, 163.93, 323.87, 172.78, 245.81, 98.02, 30.6, 63.9, 125, 64.56, 87.89, , , , , 
1/31/2020 4:27:46 AM, 3280.25, 9183.5, 1645.3, 327.68, 222.6, 163.93, 323.87, 172.78, 245.81, 98.02, 30.6, 63.9, 125, 64.56, 87.89, , , , , 
1/31/2020 4:27:49 AM, 3280.25, 9183.75, 1645.3, 327.68, 222.6, 163.93, 323.87, 172.78, 245.81, 98.02, 30.6, 63.9, 125, 64.56, 87.89, , , , , 
1/31/2020 4:27:52 AM, 3280.25, 9183.5, 1645.3, 327.68, 222.6, 163.93, 323.87, 172.78, 245.81, 98.02, 30.6, 63.9, 125, 64.56, 87.89, , , , , 
1/31/2020 4:27:55 AM, 3280, 9183, 1645.2, 327.68, 222.6, 163.93, 323.87, 172.78, 245.81, 98.02, 30.6, 63.9, 125, 64.56, 87.89, , , , , 
1/31/2020 4:27:58 AM, 3280, 9183, 1645.2, 327.68, 222.6, 163.93, 323.87, 172.78, 245.81, 98.02, 30.6, 63.9, 125, 64.56, 87.89, , , , , 
1/31/2020 4:28:01 AM, 3280.25, 9183.25, 1645.2, 327.68, 222.6, 163.93, 323.87, 172.78, 245.81, 98.02, 30.6, 63.9, 125, 64.56, 87.89, , , , , 
1/31/2020 4:28:04 AM, 3280, 9183, 1645.2, 327.68, 222.6, 163.93, 323.87, 172.78, 245.81, 98.02, 30.6, 63.9, 125, 64.56, 87.89, , , , , 
1/31/2020 4:28:07 AM, 3280, 9183.5, 1645.2, 327.68, 222.6, 163.93, 323.87, 172.78, 245.81, 98.02, 30.6, 63.9, 125, 64.56, 87.89, , , , , 
1/31/2020 4:28:10 AM, 3280, 9183, 1645.2, 327.68, 222.6, 163.93, 323.87, 172.78, 245.81, 98.02, 30.6, 63.9, 125, 64.56, 87.89, , , , , 
1/31/2020 4:28:13 AM, 3280, 9183, 1645.2, 327.68, 222.6, 163.93, 323.87, 172.78, 245.81, 98.02, 30.6, 63.9, 125, 64.56, 87.89, , , , , 
1/31/2020 4:28:16 AM, 3280, 9183, 1645.2, 327.68, 222.6, 163.93, 323.87, 172.78, 245.81, 98.02, 30.6, 63.9, 125, 64.56, 87.89, , , , , 
1/31/2020 4:28:19 AM, 3280, 9183, 1645.2, 327.68, 222.6, 163.93, 323.87, 172.78, 245.81, 98.02, 30.6, 63.9, 125, 64.56, 87.89, , , , , 
1/31/2020 4:28:22 AM, 3280.25, 9184, 1645.3, 327.68, 222.6, 163.93, 323.87, 172.78, 245.81, 98.02, 30.6, 63.9, 125, 64.56, 87.89, , , , , 
1/31/2020 4:28:25 AM, 3280.25, 9184.5, 1645.3, 327.68, 222.6, 163.93, 323.87, 172.78, 245.81, 98.02, 30.6, 63.9, 125, 64.56, 87.89, , , , , 
1/31/2020 4:28:28 AM, 3280.25, 9184.25, 1645.3, 327.68, 222.6, 163.93, 323.87, 172.78, 245.81, 98.02, 30.6, 63.9, 125, 64.56, 87.89, , , , , 
1/31/2020 4:28:31 AM, 3280.5, 9184.25, 1645.3, 327.68, 222.6, 163.93, 323.87, 172.78, 245.81, 98.02, 30.6, 63.9, 125, 64.56, 87.89, , , , , 
1/31/2020 4:28:34 AM, 3280.5, 9184.25, 1645.3, 327.68, 222.6, 163.93, 323.87, 172.78, 245.81, 98.02, 30.6, 63.9, 125, 64.56, 87.89, , , , , 
1/31/2020 4:28:37 AM, 3280, 9183.5, 1645.3, 327.68, 222.6, 163.93, 323.87, 172.78, 245.81, 98.02, 30.6, 63.9, 125, 64.56, 87.89, , , , , 
1/31/2020 4:28:40 AM, 3280, 9183, 1645.3, 327.68, 222.6, 163.93, 323.87, 172.78, 245.81, 98.02, 30.6, 63.9, 125, 64.56, 87.89, , , , , 
1/31/2020 4:28:43 AM, 3280, 9183, 1645.3, 327.68, 222.6, 163.93, 323.87, 172.78, 245.81, 98.02, 30.6, 63.9, 125, 64.56, 87.89, , , , , 
1/31/2020 4:28:46 AM, 3280, 9183, 1645.3, 327.68, 222.6, 163.93, 323.87, 172.78, 245.81, 98.02, 30.6, 63.9, 125, 64.56, 87.89, , , , , 
1/31/2020 4:28:49 AM, 3280.25, 9183.75, 1645.3, 327.68, 222.6, 163.93, 323.87, 172.78, 245.81, 98.02, 30.6, 63.9, 125, 64.56, 87.89, , , , , 
1/31/2020 4:28:52 AM, 3280.25, 9183.75, 1645.3, 327.68, 222.6, 163.93, 323.87, 172.78, 245.81, 98.02, 30.6, 63.9, 125, 64.56, 87.89, , , , , 
1/31/2020 4:28:55 AM, 3280, 9182.25, 1645.1, 327.68, 222.6, 163.93, 323.87, 172.78, 245.81, 98.02, 30.6, 63.9, 125, 64.56, 87.89, , , , , 
1/31/2020 4:28:58 AM, 3280, 9182.25, 1645.1, 327.68, 222.6, 163.93, 323.87, 172.78, 245.81, 98.02, 30.6, 63.9, 125, 64.56, 87.89, , , , , 
1/31/2020 4:29:01 AM, 3280.25, 9183.25, 1645.2, 327.68, 222.6, 163.93, 323.87, 172.78, 245.81, 98.02, 30.6, 63.9, 125, 64.56, 87.89, , , , , 
1/31/2020 4:29:04 AM, 3280.25, 9183.25, 1645.2, 327.68, 222.6, 163.93, 323.87, 172.78, 245.81, 98.02, 30.6, 63.9, 125, 64.56, 87.89, , , , , 
1/31/2020 4:29:07 AM, 3280, 9183.25, 1645.2, 327.68, 222.6, 163.93, 323.87, 172.78, 245.81, 98.02, 30.6, 63.9, 125, 64.56, 87.89, , , , , 
1/31/2020 4:29:10 AM, 3280, 9183.25, 1645.2, 327.68, 222.6, 163.93, 323.87, 172.78, 245.81, 98.02, 30.6, 63.9, 125, 64.56, 87.89, , , , , 
1/31/2020 4:29:13 AM, 3280, 9183.75, 1645.2, 327.68, 222.6, 163.93, 323.87, 172.78, 245.81, 98.02, 30.6, 63.9, 125, 64.56, 87.89, , , , , 
1/31/2020 4:29:16 AM, 3280, 9183.25, 1645.2, 327.68, 222.6, 163.93, 323.87, 172.78, 245.81, 98.02, 30.6, 63.9, 125, 64.56, 87.89, , , , , 
1/31/2020 4:29:19 AM, 3280, 9183.25, 1645.2, 327.68, 222.6, 163.93, 323.87, 172.78, 245.81, 98.02, 30.6, 63.9, 125, 64.56, 87.89, , , , , 
1/31/2020 4:29:22 AM, 3280, 9182.75, 1645.1, 327.68, 222.6, 163.93, 323.87, 172.78, 245.81, 98.02, 30.6, 63.9, 125, 64.56, 87.89, , , , , 
1/31/2020 4:29:25 AM, 3279.75, 9183.25, 1645.1, 327.68, 222.6, 163.93, 323.87, 172.78, 245.81, 98.02, 30.6, 63.9, 125, 64.56, 87.89, , , , , 
1/31/2020 4:29:29 AM, 3279.75, 9183.25, 1645.1, 327.68, 222.6, 163.93, 323.87, 172.78, 245.81, 98.02, 30.6, 63.9, 125, 64.56, 87.89, , , , , 
1/31/2020 4:29:32 AM, 3279.75, 9182.75, 1645.1, 327.68, 222.6, 163.93, 323.87, 172.78, 245.81, 98.02, 30.6, 63.9, 125, 64.56, 87.89, , , , , 
1/31/2020 4:29:35 AM, 3280, 9183.75, 1645.1, 327.68, 222.6, 163.93, 323.87, 172.78, 245.81, 98.02, 30.6, 63.9, 125, 64.56, 87.89, , , , , 
1/31/2020 4:29:38 AM, 3280, 9184, 1645.1, 327.68, 222.6, 163.93, 323.87, 172.78, 245.81, 98.02, 30.6, 63.9, 125, 64.56, 87.89, , , , , 
1/31/2020 4:29:41 AM, 3280, 9184, 1645.1, 327.68, 222.6, 163.93, 323.87, 172.78, 245.81, 98.02, 30.6, 63.9, 125, 64.56, 87.89, , , , , 
1/31/2020 4:29:44 AM, 3280.25, 9184, 1645.1, 327.68, 222.6, 163.93, 323.87, 172.78, 245.81, 98.02, 30.6, 63.9, 125, 64.56, 87.89, , , , , 
1/31/2020 4:29:47 AM, 3280.25, 9184, 1645.1, 327.68, 222.6, 163.93, 323.87, 172.78, 245.81, 98.02, 30.6, 63.9, 125, 64.56, 87.89, , , , , 
1/31/2020 4:29:50 AM, 3280.25, 9184, 1645.1, 327.68, 222.6, 163.93, 323.87, 172.78, 245.81, 98.02, 30.6, 63.9, 125, 64.56, 87.89, , , , , 
1/31/2020 4:29:53 AM, 3280.25, 9184.25, 1645.3, 327.68, 222.6, 163.93, 323.87, 172.78, 245.81, 98.02, 30.6, 63.9, 125, 64.56, 87.89, , , , , 
1/31/2020 4:29:56 AM, 3280.25, 9184.75, 1645.3, 327.68, 222.6, 163.93, 323.87, 172.78, 245.81, 98.02, 30.6, 63.9, 125, 64.56, 87.89, , , , , 
1/31/2020 4:29:59 AM, 3280.25, 9184, 1645.3, 327.68, 222.6, 163.93, 323.87, 172.78, 245.81, 98.02, 30.6, 63.9, 125, 64.56, 87.89, , , , , 
1/31/2020 4:30:02 AM, 3280.25, 9185, 1645.3, 327.68, 222.6, 163.93, 323.87, 172.78, 245.81, 98.02, 30.6, 63.9, 125, 64.56, 87.89, , , , , 
1/31/2020 4:30:05 AM, 3280.25, 9184.5, 1645.3, 327.68, 222.6, 163.93, 323.87, 172.78, 245.81, 98.02, 30.6, 63.9, 125, 64.56, 87.89, , , , , 
1/31/2020 4:30:08 AM, 3280, 9183.25, 1645.3, 327.68, 222.6, 163.93, 323.87, 172.78, 245.81, 98.02, 30.6, 63.9, 125, 64.56, 87.89, , , , , 
1/31/2020 4:30:11 AM, 3279.75, 9183, 1645.3, 327.68, 222.6, 163.93, 323.87, 172.78, 245.81, 98.02, 30.6, 63.9, 125, 64.56, 87.89, , , , , 
1/31/2020 4:30:14 AM, 3280, 9183, 1645.3, 327.68, 222.6, 163.93, 323.87, 172.78, 245.81, 98.02, 30.6, 63.9, 125, 64.56, 87.89, , , , , 
1/31/2020 4:30:17 AM, 3279.5, 9182.75, 1645, 327.68, 222.6, 163.93, 323.87, 172.78, 245.81, 98.02, 30.6, 63.9, 125, 64.56, 87.89, , , , , 
1/31/2020 4:30:20 AM, 3279.5, 9183, 1645, 327.68, 222.6, 163.93, 323.87, 172.78, 245.81, 98.02, 30.6, 63.9, 125, 64.56, 87.89, , , , , 
1/31/2020 4:30:23 AM, 3280, 9184, 1645.2, 327.68, 222.6, 163.93, 323.87, 172.78, 245.81, 98.02, 30.6, 63.9, 125, 64.56, 87.89, , , , , 
1/31/2020 4:30:26 AM, 3280.25, 9184.5, 1645.2, 327.68, 222.6, 163.93, 323.87, 172.78, 245.81, 98.02, 30.6, 63.9, 125, 64.56, 87.89, , , , , 
1/31/2020 4:30:29 AM, 3280.25, 9184.75, 1645.2, 327.68, 222.6, 163.93, 323.87, 172.78, 245.81, 98.02, 30.6, 63.9, 125, 64.56, 87.89, , , , , 
1/31/2020 4:30:32 AM, 3280.75, 9185, 1645.4, 327.68, 222.6, 163.93, 323.87, 172.78, 245.81, 98.02, 30.6, 63.9, 125, 64.56, 87.89, , , , , 
1/31/2020 4:30:35 AM, 3280.25, 9184.75, 1645.4, 327.68, 222.6, 163.93, 323.87, 172.78, 245.81, 98.02, 30.6, 63.9, 125, 64.56, 87.89, , , , , 
1/31/2020 4:30:38 AM, 3280.25, 9184.75, 1645.4, 327.68, 222.6, 163.93, 323.87, 172.78, 245.81, 98.02, 30.6, 63.9, 125, 64.56, 87.89, , , , , 
1/31/2020 4:30:41 AM, 3280.5, 9185, 1645.4, 327.68, 222.6, 163.93, 323.87, 172.78, 245.81, 98.02, 30.6, 63.9, 125, 64.56, 87.89, , , , , 
1/31/2020 4:30:44 AM, 3280.5, 9184.75, 1645.4, 327.68, 222.6, 163.93, 323.87, 172.78, 245.81, 98.02, 30.6, 63.9, 125, 64.56, 87.89, , , , , 
1/31/2020 4:30:47 AM, 3280.5, 9184.75, 1645.4, 327.68, 222.6, 163.93, 323.87, 172.78, 245.81, 98.02, 30.6, 63.9, 125, 64.56, 87.89, , , , , 
1/31/2020 4:30:50 AM, 3280.25, 9184.25, 1645.4, 327.68, 222.6, 163.93, 323.87, 172.78, 245.81, 98.02, 30.6, 63.9, 125, 64.56, 87.89, , , , , 
1/31/2020 4:30:53 AM, 3280.5, 9184.25, 1645.4, 327.68, 222.6, 163.93, 323.87, 172.78, 245.81, 98.02, 30.6, 63.9, 125, 64.56, 87.89, , , , , 
1/31/2020 4:30:56 AM, 3280.5, 9184, 1645.4, 327.68, 222.6, 163.93, 323.87, 172.78, 245.81, 98.02, 30.6, 63.9, 125, 64.56, 87.89, , , , , 
1/31/2020 4:30:59 AM, 3280.5, 9184.75, 1645.4, 327.68, 222.6, 163.93, 323.87, 172.78, 245.81, 98.02, 30.6, 63.9, 125, 64.56, 87.89, , , , , 
1/31/2020 4:31:02 AM, 3280.25, 9184.75, 1645.4, 327.68, 222.6, 163.93, 323.87, 172.78, 245.81, 98.02, 30.6, 63.9, 125, 64.56, 87.89, , , , , 
1/31/2020 4:31:05 AM, 3280.25, 9184.75, 1645.4, 327.68, 222.6, 163.93, 323.87, 172.78, 245.81, 98.02, 30.6, 63.9, 125, 64.56, 87.89, , , , , 
1/31/2020 4:31:08 AM, 3280.25, 9184.25, 1645.4, 327.68, 222.6, 163.93, 323.87, 172.78, 245.81, 98.02, 30.6, 63.9, 125, 64.56, 87.89, , , , , 
1/31/2020 4:31:11 AM, 3280, 9184.25, 1645.4, 327.68, 222.6, 163.93, 323.87, 172.78, 245.81, 98.02, 30.6, 63.9, 125, 64.56, 87.89, , , , , 
1/31/2020 4:31:14 AM, 3280, 9184.25, 1645.4, 327.68, 222.6, 163.93, 323.87, 172.78, 245.81, 98.02, 30.6, 63.9, 125, 64.56, 87.89, , , , , 
1/31/2020 4:31:17 AM, 3280, 9183.75, 1645.4, 327.68, 222.6, 163.93, 323.87, 172.78, 245.81, 98.02, 30.6, 63.9, 125, 64.56, 87.89, , , , , 
1/31/2020 4:31:20 AM, 3280.25, 9183.75, 1645.4, 327.68, 222.6, 163.93, 323.87, 172.78, 245.81, 98.02, 30.6, 63.9, 125, 64.56, 87.89, , , , , 
1/31/2020 4:31:23 AM, 3280.25, 9184.25, 1645.4, 327.68, 222.6, 163.93, 323.87, 172.78, 245.81, 98.02, 30.6, 63.9, 125, 64.56, 87.89, , , , , 
1/31/2020 4:31:26 AM, 3280, 9183, 1645.1, 327.68, 222.6, 163.93, 323.87, 172.78, 245.81, 98.02, 30.6, 63.9, 125, 64.56, 87.89, , , , , 
1/31/2020 4:31:29 AM, 3280, 9183.25, 1645.1, 327.68, 222.6, 163.93, 323.87, 172.78, 245.81, 98.02, 30.6, 63.9, 125, 64.56, 87.89, , , , , 
1/31/2020 4:31:32 AM, 3280, 9183, 1645.1, 327.68, 222.6, 163.93, 323.87, 172.78, 245.81, 98.02, 30.6, 63.9, 125, 64.56, 87.89, , , , , 
1/31/2020 4:31:35 AM, 3280, 9182.75, 1645.1, 327.68, 222.6, 163.93, 323.87, 172.78, 245.81, 98.02, 30.6, 63.9, 125, 64.56, 87.89, , , , , 
1/31/2020 4:31:38 AM, 3280, 9182.5, 1645.1, 327.68, 222.6, 163.93, 323.87, 172.78, 245.81, 98.02, 30.6, 63.9, 125, 64.56, 87.89, , , , , 
1/31/2020 4:31:42 AM, 3279.75, 9182.5, 1645.1, 327.68, 222.6, 163.93, 323.87, 172.78, 245.81, 98.02, 30.6, 63.9, 125, 64.56, 87.89, , , , , 
1/31/2020 4:31:45 AM, 3279.75, 9183, 1645.1, 327.68, 222.6, 163.93, 323.87, 172.78, 245.81, 98.02, 30.6, 63.9, 125, 64.56, 87.89, , , , , 
1/31/2020 4:31:48 AM, 3280, 9183.5, 1645.1, 327.68, 222.6, 163.93, 323.87, 172.78, 245.81, 98.02, 30.6, 63.9, 125, 64.56, 87.89, , , , , 
1/31/2020 4:31:51 AM, 3280, 9183.5, 1645.1, 327.68, 222.6, 163.93, 323.87, 172.78, 245.81, 98.02, 30.6, 63.9, 125, 64.56, 87.89, , , , , 
1/31/2020 4:31:54 AM, 3279.75, 9182.75, 1645.2, 327.68, 222.6, 163.93, 323.87, 172.78, 245.81, 98.02, 30.6, 63.9, 125, 64.56, 87.89, , , , , 
1/31/2020 4:31:57 AM, 3279.75, 9182.75, 1645.2, 327.68, 222.6, 163.93, 323.87, 172.78, 245.81, 98.02, 30.6, 63.9, 125, 64.56, 87.89, , , , , 
1/31/2020 4:32:00 AM, 3280, 9182.75, 1645.2, 327.68, 222.6, 163.93, 323.87, 172.78, 245.81, 98.02, 30.6, 63.9, 125, 64.56, 87.89, , , , , 
1/31/2020 4:32:03 AM, 3280, 9182.75, 1645.2, 327.68, 222.6, 163.93, 323.87, 172.78, 245.81, 98.02, 30.6, 63.9, 125, 64.56, 87.89, , , , , 
1/31/2020 4:32:06 AM, 3279.75, 9183, 1645, 327.68, 222.6, 163.93, 323.87, 172.78, 245.81, 98.02, 30.6, 63.9, 125, 64.56, 87.89, , , , , 
1/31/2020 4:32:09 AM, 3279.75, 9183, 1645, 327.68, 222.6, 163.93, 323.87, 172.78, 245.81, 98.02, 30.6, 63.9, 125, 64.56, 87.89, , , , , 
1/31/2020 4:32:12 AM, 3280, 9183.5, 1645.2, 327.68, 222.6, 163.93, 323.87, 172.78, 245.81, 98.02, 30.6, 63.9, 125, 64.56, 87.89, , , , , 
1/31/2020 4:32:15 AM, 3280, 9183.5, 1645.2, 327.68, 222.6, 163.93, 323.87, 172.78, 245.81, 98.02, 30.6, 63.9, 125, 64.56, 87.89, , , , , 
1/31/2020 4:32:18 AM, 3280.25, 9183.5, 1645.2, 327.68, 222.6, 163.93, 323.87, 172.78, 245.81, 98.02, 30.6, 63.9, 125, 64.56, 87.89, , , , , 
1/31/2020 4:32:21 AM, 3280.25, 9183.5, 1645.2, 327.68, 222.6, 163.93, 323.87, 172.78, 245.81, 98.02, 30.6, 63.9, 125, 64.56, 87.89, , , , , 
1/31/2020 4:32:24 AM, 3280, 9183.25, 1645.2, 327.68, 222.6, 163.93, 323.87, 172.78, 245.81, 98.02, 30.6, 63.9, 125, 64.56, 87.89, , , , , 
1/31/2020 4:32:27 AM, 3280, 9183.25, 1645.2, 327.68, 222.6, 163.93, 323.87, 172.78, 245.81, 98.02, 30.6, 63.9, 125, 64.56, 87.89, , , , , 
1/31/2020 4:32:30 AM, 3280, 9183, 1645.2, 327.68, 222.6, 163.93, 323.87, 172.78, 245.81, 98.02, 30.6, 63.9, 125, 64.56, 87.89, , , , , 
1/31/2020 4:32:33 AM, 3280, 9183, 1645.2, 327.68, 222.6, 163.93, 323.87, 172.78, 245.81, 98.02, 30.6, 63.9, 125, 64.56, 87.89, , , , , 
1/31/2020 4:32:36 AM, 3280, 9183.25, 1645.2, 327.68, 222.6, 163.93, 323.87, 172.78, 245.81, 98.02, 30.6, 63.9, 125, 64.56, 87.89, , , , , 
1/31/2020 4:32:39 AM, 3280, 9183.25, 1645.2, 327.68, 222.6, 163.93, 323.87, 172.78, 245.81, 98.02, 30.6, 63.9, 125, 64.56, 87.89, , , , , 
1/31/2020 4:32:42 AM, 3280, 9183, 1645.1, 327.68, 222.6, 163.93, 323.87, 172.78, 245.81, 98.02, 30.6, 63.9, 125, 64.56, 87.89, , , , , 
1/31/2020 4:32:45 AM, 3280, 9183, 1645.1, 327.68, 222.6, 163.93, 323.87, 172.78, 245.81, 98.02, 30.6, 63.9, 125, 64.56, 87.89, , , , , 
1/31/2020 4:32:48 AM, 3280, 9183.25, 1645.1, 327.68, 222.6, 163.93, 323.87, 172.78, 245.81, 98.02, 30.6, 63.9, 125, 64.56, 87.89, , , , , 
1/31/2020 4:32:51 AM, 3280, 9183.25, 1645.1, 327.68, 222.6, 163.93, 323.87, 172.78, 245.81, 98.02, 30.6, 63.9, 125, 64.56, 87.89, , , , , 
1/31/2020 4:32:54 AM, 3280, 9182.75, 1645.1, 327.68, 222.6, 163.93, 323.87, 172.78, 245.81, 98.02, 30.6, 63.9, 125, 64.56, 87.89, , , , , 
1/31/2020 4:32:57 AM, 3280, 9182.75, 1645.1, 327.68, 222.6, 163.93, 323.87, 172.78, 245.81, 98.02, 30.6, 63.9, 125, 64.56, 87.89, , , , , 
1/31/2020 4:33:00 AM, 3279.5, 9181.75, 1644.8, 327.68, 222.6, 163.93, 323.87, 172.78, 245.81, 98.02, 30.6, 63.9, 125, 64.56, 87.89, , , , , 
1/31/2020 4:33:03 AM, 3279.5, 9181.75, 1644.8, 327.68, 222.6, 163.93, 323.87, 172.78, 245.81, 98.02, 30.6, 63.9, 125, 64.56, 87.89, , , , , 
1/31/2020 4:33:06 AM, 3279.25, 9180.5, 1644.7, 327.68, 222.6, 163.93, 323.87, 172.78, 245.81, 98.02, 30.6, 63.9, 125, 64.56, 87.89, , , , , 
1/31/2020 4:33:09 AM, 3279.25, 9180.5, 1644.7, 327.68, 222.6, 163.93, 323.87, 172.78, 245.81, 98.02, 30.6, 63.9, 125, 64.56, 87.89, , , , , 
1/31/2020 4:33:12 AM, 3279, 9179.25, 1644.6, 327.68, 222.6, 163.93, 323.87, 172.78, 245.81, 98.02, 30.6, 63.9, 125, 64.56, 87.89, , , , , 
1/31/2020 4:33:15 AM, 3279, 9179.25, 1644.6, 327.68, 222.6, 163.93, 323.87, 172.78, 245.81, 98.02, 30.6, 63.9, 125, 64.56, 87.89, , , , , 
1/31/2020 4:33:18 AM, 3278.5, 9178.5, 1644.4, 327.68, 222.6, 163.93, 323.87, 172.78, 245.81, 98.02, 30.6, 63.9, 125, 64.56, 87.89, , , , , 
1/31/2020 4:33:21 AM, 3278.5, 9178.5, 1644.4, 327.68, 222.6, 163.93, 323.87, 172.78, 245.81, 98.02, 30.6, 63.9, 125, 64.56, 87.89, , , , , 
1/31/2020 4:33:24 AM, 3278.5, 9177.75, 1644.4, 327.68, 222.6, 163.93, 323.87, 172.78, 245.81, 98.02, 30.6, 63.9, 125, 64.56, 87.89, , , , , 
1/31/2020 4:33:27 AM, 3278.5, 9177.75, 1644.4, 327.68, 222.6, 163.93, 323.87, 172.78, 245.81, 98.02, 30.6, 63.9, 125, 64.56, 87.89, , , , , 
1/31/2020 4:33:30 AM, 3278.5, 9178.25, 1644.4, 327.68, 222.6, 163.93, 323.87, 172.78, 245.81, 98.02, 30.6, 63.9, 125, 64.56, 87.89, , , , , 
1/31/2020 4:33:33 AM, 3278.5, 9178.25, 1644.4, 327.68, 222.6, 163.93, 323.87, 172.78, 245.81, 98.02, 30.6, 63.9, 125, 64.56, 87.89, , , , , 
1/31/2020 4:33:36 AM, 3278.75, 9178.5, 1644.5, 327.68, 222.6, 163.93, 323.87, 172.78, 245.81, 98.02, 30.6, 63.9, 125, 64.56, 87.89, , , , , 
1/31/2020 4:33:39 AM, 3278.75, 9178.5, 1644.5, 327.68, 222.6, 163.93, 323.87, 172.78, 245.81, 98.02, 30.6, 63.9, 125, 64.56, 87.89, , , , , 
1/31/2020 4:33:42 AM, 3278.75, 9178.75, 1644.6, 327.68, 222.6, 163.93, 323.87, 172.78, 245.81, 98.02, 30.6, 63.9, 125, 64.56, 87.89, , , , , 
1/31/2020 4:33:45 AM, 3278.75, 9178.75, 1644.6, 327.68, 222.6, 163.93, 323.87, 172.78, 245.81, 98.02, 30.6, 63.9, 125, 64.56, 87.89, , , , , 
1/31/2020 4:33:48 AM, 3278.75, 9178.25, 1644.5, 327.68, 222.6, 163.93, 323.87, 172.78, 245.81, 98.02, 30.6, 63.9, 125, 64.56, 87.89, , , , , 
1/31/2020 4:33:51 AM, 3278.75, 9178.25, 1644.5, 327.68, 222.6, 163.93, 323.87, 172.78, 245.81, 98.02, 30.6, 63.9, 125, 64.56, 87.89, , , , , 
1/31/2020 4:33:54 AM, 3278.5, 9178.25, 1644.5, 327.68, 222.6, 163.93, 323.87, 172.78, 245.81, 98.02, 30.6, 63.9, 125, 64.56, 87.89, , , , , 
1/31/2020 4:33:57 AM, 3278.5, 9178.25, 1644.5, 327.68, 222.6, 163.93, 323.87, 172.78, 245.81, 98.02, 30.6, 63.9, 125, 64.56, 87.89, , , , , 
1/31/2020 4:34:00 AM, 3278.5, 9178, 1644.5, 327.68, 222.6, 163.93, 323.87, 172.78, 245.81, 98.02, 30.6, 63.9, 125, 64.56, 87.89, , , , , 
1/31/2020 4:34:04 AM, 3278.5, 9178, 1644.5, 327.68, 222.6, 163.93, 323.87, 172.78, 245.81, 98.02, 30.6, 63.9, 125, 64.56, 87.89, , , , , 
1/31/2020 4:34:07 AM, 3278.5, 9178, 1644.5, 327.68, 222.6, 163.93, 323.87, 172.78, 245.81, 98.02, 30.6, 63.9, 125, 64.56, 87.89, , , , , 
1/31/2020 4:34:10 AM, 3278.5, 9178.75, 1644.6, 327.68, 222.6, 163.93, 323.87, 172.78, 245.81, 98.02, 30.6, 63.9, 125, 64.56, 87.89, , , , , 
1/31/2020 4:34:13 AM, 3278.5, 9178.5, 1644.6, 327.68, 222.6, 163.93, 323.87, 172.78, 245.81, 98.02, 30.6, 63.9, 125, 64.56, 87.89, , , , , 
1/31/2020 4:34:16 AM, 3278.5, 9178, 1644.4, 327.68, 222.6, 163.93, 323.87, 172.78, 245.81, 98.02, 30.6, 63.9, 125, 64.56, 87.89, , , , , 
1/31/2020 4:34:19 AM, 3278.25, 9177.5, 1644.4, 327.68, 222.6, 163.93, 323.87, 172.78, 245.81, 98.02, 30.6, 63.9, 125, 64.56, 87.89, , , , , 
1/31/2020 4:34:22 AM, 3278.25, 9176.75, 1644.3, 327.68, 222.6, 163.93, 323.87, 172.78, 245.81, 98.02, 30.6, 63.9, 125, 64.56, 87.89, , , , , 
1/31/2020 4:34:25 AM, 3277.75, 9175.5, 1644, 327.68, 222.6, 163.93, 323.87, 172.78, 245.81, 98.02, 30.6, 63.9, 125, 64.56, 87.89, , , , , 
1/31/2020 4:34:28 AM, 3278.25, 9177, 1644.4, 327.68, 222.6, 163.93, 323.87, 172.78, 245.81, 98.02, 30.6, 63.9, 125, 64.56, 87.89, , , , , 
1/31/2020 4:34:31 AM, 3278.25, 9177.25, 1644.4, 327.68, 222.6, 163.93, 323.87, 172.78, 245.81, 98.02, 30.6, 63.9, 125, 64.56, 87.89, , , , , 
1/31/2020 4:34:34 AM, 3278, 9176.75, 1644.3, 327.68, 222.6, 163.93, 323.87, 172.78, 245.81, 98.02, 30.6, 63.9, 125, 64.56, 87.89, , , , , 
1/31/2020 4:34:37 AM, 3278, 9176.75, 1644.3, 327.68, 222.6, 163.93, 323.87, 172.78, 245.81, 98.02, 30.6, 63.9, 125, 64.56, 87.89, , , , , 
1/31/2020 4:34:40 AM, 3278, 9176, 1644.2, 327.68, 222.6, 163.93, 323.87, 172.78, 245.81, 98.02, 30.6, 63.9, 125, 64.56, 87.89, , , , , 
1/31/2020 4:34:43 AM, 3278, 9176, 1644.2, 327.68, 222.6, 163.93, 323.87, 172.78, 245.81, 98.02, 30.6, 63.9, 125, 64.56, 87.89, , , , , 
1/31/2020 4:34:46 AM, 3278, 9177.25, 1644.2, 327.68, 222.6, 163.93, 323.87, 172.78, 245.81, 98.02, 30.6, 63.9, 125, 64.56, 87.89, , , , , 
1/31/2020 4:34:49 AM, 3277.75, 9176, 1644.2, 327.68, 222.6, 163.93, 323.87, 172.78, 245.81, 98.02, 30.6, 63.9, 125, 64.56, 87.89, , , , , 
1/31/2020 4:34:52 AM, 3277.75, 9176, 1644.2, 327.68, 222.6, 163.93, 323.87, 172.78, 245.81, 98.02, 30.6, 63.9, 125, 64.56, 87.89, , , , , 
1/31/2020 4:34:55 AM, 3278, 9176.25, 1644.2, 327.68, 222.6, 163.93, 323.87, 172.78, 245.81, 98.02, 30.6, 63.9, 125, 64.56, 87.89, , , , , 
1/31/2020 4:34:58 AM, 3277.75, 9176.25, 1644.2, 327.68, 222.6, 163.93, 323.87, 172.78, 245.81, 98.02, 30.6, 63.9, 125, 64.56, 87.89, , , , , 
1/31/2020 4:35:01 AM, 3278.25, 9177, 1644.2, 327.68, 222.6, 163.93, 323.87, 172.78, 245.81, 98.02, 30.6, 63.9, 125, 64.56, 87.89, , , , , 
1/31/2020 4:35:04 AM, 3277.75, 9175.75, 1644.1, 327.68, 222.6, 163.93, 323.87, 172.78, 245.81, 98.02, 30.6, 63.9, 125, 64.56, 87.89, , , , , 
1/31/2020 4:35:07 AM, 3277.75, 9176, 1644.2, 327.68, 222.6, 163.93, 323.87, 172.78, 245.81, 98.02, 30.6, 63.9, 125, 64.56, 87.89, , , , , 
1/31/2020 4:35:10 AM, 3277.25, 9173.75, 1644, 327.68, 222.6, 163.93, 323.87, 172.78, 245.81, 98.02, 30.6, 63.9, 125, 64.56, 87.89, , , , , 
1/31/2020 4:35:13 AM, 3277.25, 9173.75, 1644, 327.68, 222.6, 163.93, 323.87, 172.78, 245.81, 98.02, 30.6, 63.9, 125, 64.56, 87.89, , , , , 
1/31/2020 4:35:16 AM, 3277.5, 9174.75, 1644.1, 327.68, 222.6, 163.93, 323.87, 172.78, 245.81, 98.02, 30.6, 63.9, 125, 64.56, 87.89, , , , , 
1/31/2020 4:35:19 AM, 3277.5, 9174.5, 1644, 327.68, 222.6, 163.93, 323.87, 172.78, 245.81, 98.02, 30.6, 63.9, 125, 64.56, 87.89, , , , , 
1/31/2020 4:35:22 AM, 3277.5, 9174, 1644, 327.68, 222.6, 163.93, 323.87, 172.78, 245.81, 98.02, 30.6, 63.9, 125, 64.56, 87.89, , , , , 
1/31/2020 4:35:25 AM, 3277.5, 9173.75, 1644, 327.68, 222.6, 163.93, 323.87, 172.78, 245.81, 98.02, 30.6, 63.9, 125, 64.56, 87.89, , , , , 
1/31/2020 4:35:28 AM, 3277.5, 9174.25, 1644, 327.68, 222.6, 163.93, 323.87, 172.78, 245.81, 98.02, 30.6, 63.9, 125, 64.56, 87.89, , , , , 
1/31/2020 4:35:31 AM, 3277.5, 9173.75, 1644.1, 327.68, 222.6, 163.93, 323.87, 172.78, 245.81, 98.02, 30.6, 63.9, 125, 64.56, 87.89, , , , , 
1/31/2020 4:35:34 AM, 3277.5, 9174.5, 1644, 327.68, 222.6, 163.93, 323.87, 172.78, 245.81, 98.02, 30.6, 63.9, 125, 64.56, 87.89, , , , , 
1/31/2020 4:35:37 AM, 3277.5, 9174.5, 1644.1, 327.68, 222.6, 163.93, 323.87, 172.78, 245.81, 98.02, 30.6, 63.9, 125, 64.56, 87.89, , , , , 
1/31/2020 4:35:40 AM, 3277.5, 9174.5, 1644.1, 327.68, 222.6, 163.93, 323.87, 172.78, 245.81, 98.02, 30.6, 63.9, 125, 64.56, 87.89, , , , , 
1/31/2020 4:35:43 AM, 3277.75, 9175.25, 1644.2, 327.68, 222.6, 163.93, 323.87, 172.78, 245.81, 98.02, 30.6, 63.9, 125, 64.56, 87.89, , , , , 
1/31/2020 4:35:46 AM, 3277.75, 9175.25, 1644.2, 327.68, 222.6, 163.93, 323.87, 172.78, 245.81, 98.02, 30.6, 63.9, 125, 64.56, 87.89, , , , , 
1/31/2020 4:35:49 AM, 3277.75, 9175.75, 1644.3, 327.68, 222.6, 163.93, 323.87, 172.78, 245.81, 98.02, 30.6, 63.9, 125, 64.56, 87.89, , , , , 
1/31/2020 4:35:52 AM, 3278, 9175.75, 1644.4, 327.68, 222.6, 163.93, 323.87, 172.78, 245.81, 98.02, 30.6, 63.9, 125, 64.56, 87.89, , , , , 
1/31/2020 4:35:55 AM, 3278, 9175.25, 1644.4, 327.68, 222.6, 163.93, 323.87, 172.78, 245.81, 98.02, 30.6, 63.9, 125, 64.56, 87.89, , , , , 
1/31/2020 4:35:58 AM, 3277.75, 9175, 1644.2, 327.68, 222.6, 163.93, 323.87, 172.78, 245.81, 98.02, 30.6, 63.9, 125, 64.56, 87.89, , , , , 
1/31/2020 4:36:01 AM, 3277.75, 9174.5, 1644.2, 327.68, 222.6, 163.93, 323.87, 172.78, 245.81, 98.02, 30.6, 63.9, 125, 64.56, 87.89, , , , , 
1/31/2020 4:36:04 AM, 3278, 9175.75, 1644.4, 327.68, 222.6, 163.93, 323.87, 172.78, 245.81, 98.02, 30.6, 63.9, 125, 64.56, 87.89, , , , , 
1/31/2020 4:36:07 AM, 3278, 9176.25, 1644.4, 327.68, 222.6, 163.93, 323.87, 172.78, 245.81, 98.02, 30.6, 63.9, 125, 64.56, 87.89, , , , , 
1/31/2020 4:36:11 AM, 3278, 9176.75, 1644.4, 327.68, 222.6, 163.93, 323.87, 172.78, 245.81, 98.02, 30.6, 63.9, 125, 64.56, 87.89, , , , , 
1/31/2020 4:36:14 AM, 3278, 9176.5, 1644.4, 327.68, 222.6, 163.93, 323.87, 172.78, 245.81, 98.02, 30.6, 63.9, 125, 64.56, 87.89, , , , , 
1/31/2020 4:36:17 AM, 3278, 9176.25, 1644.4, 327.68, 222.6, 163.93, 323.87, 172.78, 245.81, 98.02, 30.6, 63.9, 125, 64.56, 87.89, , , , , 
1/31/2020 4:36:20 AM, 3278.5, 9177.25, 1644.6, 327.68, 222.6, 163.93, 323.87, 172.78, 245.81, 98.02, 30.6, 63.9, 125, 64.56, 87.89, , , , , 
1/31/2020 4:36:23 AM, 3278.25, 9176.5, 1644.6, 327.68, 222.6, 163.93, 323.87, 172.78, 245.81, 98.02, 30.6, 63.9, 125, 64.56, 87.89, , , , , 
1/31/2020 4:36:26 AM, 3278.25, 9176.5, 1644.6, 327.68, 222.6, 163.93, 323.87, 172.78, 245.81, 98.02, 30.6, 63.9, 125, 64.56, 87.89, , , , , 
1/31/2020 4:36:29 AM, 3278.25, 9176.5, 1644.6, 327.68, 222.6, 163.93, 323.87, 172.78, 245.81, 98.02, 30.6, 63.9, 125, 64.56, 87.89, , , , , 
1/31/2020 4:36:32 AM, 3278.25, 9176.75, 1644.6, 327.68, 222.6, 163.93, 323.87, 172.78, 245.81, 98.02, 30.6, 63.9, 125, 64.56, 87.89, , , , , 
1/31/2020 4:36:35 AM, 3278.25, 9176.5, 1644.6, 327.68, 222.6, 163.93, 323.87, 172.78, 245.81, 98.02, 30.6, 63.9, 125, 64.56, 87.89, , , , , 
1/31/2020 4:36:38 AM, 3278.25, 9176.75, 1644.5, 327.68, 222.6, 163.93, 323.87, 172.78, 245.81, 98.02, 30.6, 63.9, 125, 64.56, 87.89, , , , , 
1/31/2020 4:36:41 AM, 3278.25, 9176.5, 1644.4, 327.68, 222.6, 163.93, 323.87, 172.78, 245.81, 98.02, 30.6, 63.9, 125, 64.56, 87.89, , , , , 
1/31/2020 4:36:44 AM, 3278.25, 9176.5, 1644.4, 327.68, 222.6, 163.93, 323.87, 172.78, 245.81, 98.02, 30.6, 63.9, 125, 64.56, 87.89, , , , , 
1/31/2020 4:36:47 AM, 3278.25, 9176.5, 1644.4, 327.68, 222.6, 163.93, 323.87, 172.78, 245.81, 98.02, 30.6, 63.9, 125, 64.56, 87.89, , , , , 
1/31/2020 4:36:50 AM, 3278.25, 9176.5, 1644.6, 327.68, 222.6, 163.93, 323.87, 172.78, 245.81, 98.02, 30.6, 63.9, 125, 64.56, 87.89, , , , , 
1/31/2020 4:36:53 AM, 3278.25, 9176.5, 1644.6, 327.68, 222.6, 163.93, 323.87, 172.78, 245.81, 98.02, 30.6, 63.9, 125, 64.56, 87.89, , , , , 
1/31/2020 4:36:56 AM, 3278.25, 9176.5, 1644.5, 327.68, 222.6, 163.93, 323.87, 172.78, 245.81, 98.02, 30.6, 63.9, 125, 64.56, 87.89, , , , , 
1/31/2020 4:36:59 AM, 3278.25, 9176.5, 1644.6, 327.68, 222.6, 163.93, 323.87, 172.78, 245.81, 98.02, 30.6, 63.9, 125, 64.56, 87.89, , , , , 
1/31/2020 4:37:02 AM, 3278.25, 9176.25, 1644.6, 327.68, 222.6, 163.93, 323.87, 172.78, 245.81, 98.02, 30.6, 63.9, 125, 64.56, 87.89, , , , , 
1/31/2020 4:37:05 AM, 3278.25, 9176, 1644.5, 327.68, 222.6, 163.93, 323.87, 172.78, 245.81, 98.02, 30.6, 63.9, 125, 64.56, 87.89, , , , , 
1/31/2020 4:37:08 AM, 3278, 9175.25, 1644.4, 327.68, 222.6, 163.93, 323.87, 172.78, 245.81, 98.02, 30.6, 63.9, 125, 64.56, 87.89, , , , , 
1/31/2020 4:37:11 AM, 3278, 9175.25, 1644.4, 327.68, 222.6, 163.93, 323.87, 172.78, 245.81, 98.02, 30.6, 63.9, 125, 64.56, 87.89, , , , , 
1/31/2020 4:37:14 AM, 3277.5, 9175, 1644.3, 327.68, 222.6, 163.93, 323.87, 172.78, 245.81, 98.02, 30.6, 63.9, 125, 64.56, 87.89, , , , , 
1/31/2020 4:37:17 AM, 3277.5, 9174.5, 1644.2, 327.68, 222.6, 163.93, 323.87, 172.78, 245.81, 98.02, 30.6, 63.9, 125, 64.56, 87.89, , , , , 
1/31/2020 4:37:20 AM, 3277.5, 9174, 1644.2, 327.68, 222.6, 163.93, 323.87, 172.78, 245.81, 98.02, 30.6, 63.9, 125, 64.56, 87.89, , , , , 
1/31/2020 4:37:23 AM, 3276.75, 9172.25, 1643.8, 327.68, 222.6, 163.93, 323.87, 172.78, 245.81, 98.02, 30.6, 63.9, 125, 64.56, 87.89, , , , , 
1/31/2020 4:37:26 AM, 3276.75, 9171.5, 1643.7, 327.68, 222.6, 163.93, 323.87, 172.78, 245.81, 98.02, 30.6, 63.9, 125, 64.56, 87.89, , , , , 
1/31/2020 4:37:29 AM, 3276.5, 9171.75, 1643.6, 327.68, 222.6, 163.93, 323.87, 172.78, 245.81, 98.02, 30.6, 63.9, 125, 64.56, 87.89, , , , , 
1/31/2020 4:37:32 AM, 3277, 9172.75, 1643.8, 327.68, 222.6, 163.93, 323.87, 172.78, 245.81, 98.02, 30.6, 63.9, 125, 64.56, 87.89, , , , , 
1/31/2020 4:37:35 AM, 3277, 9172.75, 1643.8, 327.68, 222.6, 163.93, 323.87, 172.78, 245.81, 98.02, 30.6, 63.9, 125, 64.56, 87.89, , , , , 
1/31/2020 4:37:38 AM, 3277.25, 9173.75, 1644, 327.68, 222.6, 163.93, 323.87, 172.78, 245.81, 98.02, 30.6, 63.9, 125, 64.56, 87.89, , , , , 
1/31/2020 4:37:41 AM, 3277.5, 9174.25, 1644.1, 327.68, 222.6, 163.93, 323.87, 172.78, 245.81, 98.02, 30.6, 63.9, 125, 64.56, 87.89, , , , , 
1/31/2020 4:37:44 AM, 3277.25, 9174.25, 1644.1, 327.68, 222.6, 163.93, 323.87, 172.78, 245.81, 98.02, 30.6, 63.9, 125, 64.56, 87.89, , , , , 
1/31/2020 4:37:47 AM, 3277.25, 9175.25, 1644, 327.68, 222.6, 163.93, 323.87, 172.78, 245.81, 98.02, 30.6, 63.9, 125, 64.56, 87.89, , , , , 
1/31/2020 4:37:50 AM, 3276.75, 9173.5, 1643.7, 327.68, 222.6, 163.93, 323.87, 172.78, 245.81, 98.02, 30.6, 63.9, 125, 64.56, 87.89, , , , , 
1/31/2020 4:37:54 AM, 3276.75, 9173.25, 1643.6, 327.68, 222.6, 163.93, 323.87, 172.78, 245.81, 98.02, 30.6, 63.9, 125, 64.56, 87.89, , , , , 
1/31/2020 4:37:57 AM, 3276.75, 9173.25, 1643.6, 327.68, 222.6, 163.93, 323.87, 172.78, 245.81, 98.02, 30.6, 63.9, 125, 64.56, 87.89, , , , , 
1/31/2020 4:38:00 AM, 3276.25, 9172, 1643.5, 327.68, 222.6, 163.93, 323.87, 172.78, 245.81, 98.02, 30.6, 63.9, 125, 64.56, 87.89, , , , , 
1/31/2020 4:38:03 AM, 3276.25, 9172, 1643.5, 327.68, 222.6, 163.93, 323.87, 172.78, 245.81, 98.02, 30.6, 63.9, 125, 64.56, 87.89, , , , , 
1/31/2020 4:38:06 AM, 3275.75, 9170.75, 1643.3, 327.68, 222.6, 163.93, 323.87, 172.78, 245.81, 98.02, 30.6, 63.9, 125, 64.56, 87.89, , , , , 
1/31/2020 4:38:09 AM, 3275.75, 9170.75, 1643.3, 327.68, 222.6, 163.93, 323.87, 172.78, 245.81, 98.02, 30.6, 63.9, 125, 64.56, 87.89, , , , , 
1/31/2020 4:38:12 AM, 3276, 9171.25, 1643.4, 327.68, 222.6, 163.93, 323.87, 172.78, 245.81, 98.02, 30.6, 63.9, 125, 64.56, 87.89, , , , , 
1/31/2020 4:38:15 AM, 3276, 9171.25, 1643.4, 327.68, 222.6, 163.93, 323.87, 172.78, 245.81, 98.02, 30.6, 63.9, 125, 64.56, 87.89, , , , , 
1/31/2020 4:38:18 AM, 3276, 9171, 1643.3, 327.68, 222.6, 163.93, 323.87, 172.78, 245.81, 98.02, 30.6, 63.9, 125, 64.56, 87.89, , , , , 
1/31/2020 4:38:21 AM, 3276, 9171, 1643.3, 327.68, 222.6, 163.93, 323.87, 172.78, 245.81, 98.02, 30.6, 63.9, 125, 64.56, 87.89, , , , , 
1/31/2020 4:38:24 AM, 3275.75, 9170.25, 1643.3, 327.68, 222.6, 163.93, 323.87, 172.78, 245.81, 98.02, 30.6, 63.9, 125, 64.56, 87.89, , , , , 
1/31/2020 4:38:27 AM, 3275.75, 9170.25, 1643.3, 327.68, 222.6, 163.93, 323.87, 172.78, 245.81, 98.02, 30.6, 63.9, 125, 64.56, 87.89, , , , , 
1/31/2020 4:38:30 AM, 3275.75, 9170.5, 1643.3, 327.68, 222.6, 163.93, 323.87, 172.78, 245.81, 98.02, 30.6, 63.9, 125, 64.56, 87.89, , , , , 
1/31/2020 4:38:33 AM, 3275.75, 9170.5, 1643.3, 327.68, 222.6, 163.93, 323.87, 172.78, 245.81, 98.02, 30.6, 63.9, 125, 64.56, 87.89, , , , , 
1/31/2020 4:38:36 AM, 3276, 9170.25, 1643.3, 327.68, 222.6, 163.93, 323.87, 172.78, 245.81, 98.02, 30.6, 63.9, 125, 64.56, 87.89, , , , , 
1/31/2020 4:38:39 AM, 3276, 9170.25, 1643.3, 327.68, 222.6, 163.93, 323.87, 172.78, 245.81, 98.02, 30.6, 63.9, 125, 64.56, 87.89, , , , , 
1/31/2020 4:38:42 AM, 3275.5, 9169.75, 1643.2, 327.68, 222.6, 163.93, 323.87, 172.78, 245.81, 98.02, 30.6, 63.9, 125, 64.56, 87.89, , , , , 
1/31/2020 4:38:45 AM, 3275.5, 9169.75, 1643.2, 327.68, 222.6, 163.93, 323.87, 172.78, 245.81, 98.02, 30.6, 63.9, 125, 64.56, 87.89, , , , , 
1/31/2020 4:38:48 AM, 3275.75, 9170.25, 1643.2, 327.68, 222.6, 163.93, 323.87, 172.78, 245.81, 98.02, 30.6, 63.9, 125, 64.56, 87.89, , , , , 
1/31/2020 4:38:51 AM, 3275.75, 9170.25, 1643.2, 327.68, 222.6, 163.93, 323.87, 172.78, 245.81, 98.02, 30.6, 63.9, 125, 64.56, 87.89, , , , , 
1/31/2020 4:38:54 AM, 3275.75, 9170.25, 1643.3, 327.68, 222.6, 163.93, 323.87, 172.78, 245.81, 98.02, 30.6, 63.9, 125, 64.56, 87.89, , , , , 
1/31/2020 4:38:57 AM, 3275.75, 9170.25, 1643.3, 327.68, 222.6, 163.93, 323.87, 172.78, 245.81, 98.02, 30.6, 63.9, 125, 64.56, 87.89, , , , , 
1/31/2020 4:39:00 AM, 3276, 9170.5, 1643.3, 327.68, 222.6, 163.93, 323.87, 172.78, 245.81, 98.02, 30.6, 63.9, 125, 64.56, 87.89, , , , , 
1/31/2020 4:39:03 AM, 3276, 9170.5, 1643.3, 327.68, 222.6, 163.93, 323.87, 172.78, 245.81, 98.02, 30.6, 63.9, 125, 64.56, 87.89, , , , , 
1/31/2020 4:39:06 AM, 3275.75, 9170.25, 1643.3, 327.68, 222.6, 163.93, 323.87, 172.78, 245.81, 98.02, 30.6, 63.9, 125, 64.56, 87.89, , , , , 
1/31/2020 4:39:09 AM, 3275.75, 9170.25, 1643.3, 327.68, 222.6, 163.93, 323.87, 172.78, 245.81, 98.02, 30.6, 63.9, 125, 64.56, 87.89, , , , , 
1/31/2020 4:39:12 AM, 3275.75, 9169.75, 1643.3, 327.68, 222.6, 163.93, 323.87, 172.78, 245.81, 98.02, 30.6, 63.9, 125, 64.56, 87.89, , , , , 
1/31/2020 4:39:15 AM, 3275.75, 9169.75, 1643.3, 327.68, 222.6, 163.93, 323.87, 172.78, 245.81, 98.02, 30.6, 63.9, 125, 64.56, 87.89, , , , , 
1/31/2020 4:39:18 AM, 3275.75, 9169, 1643.1, 327.68, 222.6, 163.93, 323.87, 172.78, 245.81, 98.02, 30.6, 63.9, 125, 64.56, 87.89, , , , , 
1/31/2020 4:39:21 AM, 3275.75, 9169, 1643.1, 327.68, 222.6, 163.93, 323.87, 172.78, 245.81, 98.02, 30.6, 63.9, 125, 64.56, 87.89, , , , , 
1/31/2020 4:39:24 AM, 3275, 9168.25, 1643, 327.68, 222.6, 163.93, 323.87, 172.78, 245.81, 98.02, 30.6, 63.9, 125, 64.56, 87.89, , , , , 
1/31/2020 4:39:27 AM, 3275, 9168.25, 1643, 327.68, 222.6, 163.93, 323.87, 172.78, 245.81, 98.02, 30.6, 63.9, 125, 64.56, 87.89, , , , , 
1/31/2020 4:39:30 AM, 3275.5, 9169.5, 1643.1, 327.68, 222.6, 163.93, 323.87, 172.78, 245.81, 98.02, 30.6, 63.9, 125, 64.56, 87.89, , , , , 
1/31/2020 4:39:33 AM, 3275.5, 9169.5, 1643.1, 327.68, 222.6, 163.93, 323.87, 172.78, 245.81, 98.02, 30.6, 63.9, 125, 64.56, 87.89, , , , , 
1/31/2020 4:39:36 AM, 3275.75, 9170, 1643.3, 327.68, 222.6, 163.93, 323.87, 172.78, 245.81, 98.02, 30.6, 63.9, 125, 64.56, 87.89, , , , , 
1/31/2020 4:39:39 AM, 3275.75, 9170, 1643.3, 327.68, 222.6, 163.93, 323.87, 172.78, 245.81, 98.02, 30.6, 63.9, 125, 64.56, 87.89, , , , , 
1/31/2020 4:39:42 AM, 3275.75, 9169.75, 1643.3, 327.68, 222.6, 163.93, 323.87, 172.78, 245.81, 98.02, 30.6, 63.9, 125, 64.56, 87.89, , , , , 
1/31/2020 4:39:45 AM, 3275.75, 9169.75, 1643.3, 327.68, 222.6, 163.93, 323.87, 172.78, 245.81, 98.02, 30.6, 63.9, 125, 64.56, 87.89, , , , , 
1/31/2020 4:39:48 AM, 3275.75, 9170, 1643.2, 327.68, 222.6, 163.93, 323.87, 172.78, 245.81, 98.02, 30.6, 63.9, 125, 64.56, 87.89, , , , , 
1/31/2020 4:39:51 AM, 3275.75, 9170, 1643.2, 327.68, 222.6, 163.93, 323.87, 172.78, 245.81, 98.02, 30.6, 63.9, 125, 64.56, 87.89, , , , , 
1/31/2020 4:39:54 AM, 3275.75, 9169.5, 1643.3, 327.68, 222.6, 163.93, 323.87, 172.78, 245.81, 98.02, 30.6, 63.9, 125, 64.56, 87.89, , , , , 
1/31/2020 4:39:57 AM, 3275.75, 9169.5, 1643.3, 327.68, 222.6, 163.93, 323.87, 172.78, 245.81, 98.02, 30.6, 63.9, 125, 64.56, 87.89, , , , , 
1/31/2020 4:40:00 AM, 3275.5, 9169.5, 1643.1, 327.68, 222.6, 163.93, 323.87, 172.78, 245.81, 98.02, 30.6, 63.9, 125, 64.56, 87.89, , , , , 
1/31/2020 4:40:03 AM, 3275.5, 9169.5, 1643.1, 327.68, 222.6, 163.93, 323.87, 172.78, 245.81, 98.02, 30.6, 63.9, 125, 64.56, 87.89, , , , , 
1/31/2020 4:40:06 AM, 3275.75, 9170.5, 1643.1, 327.68, 222.6, 163.93, 323.87, 172.78, 245.81, 98.02, 30.6, 63.9, 125, 64.56, 87.89, , , , , 
1/31/2020 4:40:09 AM, 3275.75, 9170.5, 1643.1, 327.68, 222.6, 163.93, 323.87, 172.78, 245.81, 98.02, 30.6, 63.9, 125, 64.56, 87.89, , , , , 
1/31/2020 4:40:13 AM, 3275.25, 9169, 1643.1, 327.68, 222.6, 163.93, 323.87, 172.78, 245.81, 98.02, 30.6, 63.9, 125, 64.56, 87.89, , , , , 
1/31/2020 4:40:16 AM, 3275.5, 9168.75, 1643.1, 327.68, 222.6, 163.93, 323.87, 172.78, 245.81, 98.02, 30.6, 63.9, 125, 64.56, 87.89, , , , , 
1/31/2020 4:40:19 AM, 3275.5, 9169, 1643.1, 327.68, 222.6, 163.93, 323.87, 172.78, 245.81, 98.02, 30.6, 63.9, 125, 64.56, 87.89, , , , , 
1/31/2020 4:40:22 AM, 3275.5, 9170, 1643.4, 327.68, 222.6, 163.93, 323.87, 172.78, 245.81, 98.02, 30.6, 63.9, 125, 64.56, 87.89, , , , , 
1/31/2020 4:40:25 AM, 3275.75, 9169.75, 1643.3, 327.68, 222.6, 163.93, 323.87, 172.78, 245.81, 98.02, 30.6, 63.9, 125, 64.56, 87.89, , , , , 
1/31/2020 4:40:28 AM, 3275.75, 9170.25, 1643.3, 327.68, 222.6, 163.93, 323.87, 172.78, 245.81, 98.02, 30.6, 63.9, 125, 64.56, 87.89, , , , , 
1/31/2020 4:40:31 AM, 3275.5, 9169.75, 1643.2, 327.68, 222.6, 163.93, 323.87, 172.78, 245.81, 98.02, 30.6, 63.9, 125, 64.56, 87.89, , , , , 
1/31/2020 4:40:34 AM, 3276, 9171.5, 1643.4, 327.68, 222.6, 163.93, 323.87, 172.78, 245.81, 98.02, 30.6, 63.9, 125, 64.56, 87.89, , , , , 
1/31/2020 4:40:37 AM, 3276.25, 9172.5, 1643.3, 327.68, 222.6, 163.93, 323.87, 172.78, 245.81, 98.02, 30.6, 63.9, 125, 64.56, 87.89, , , , , 
1/31/2020 4:40:40 AM, 3276.5, 9173, 1643.5, 327.68, 222.6, 163.93, 323.87, 172.78, 245.81, 98.02, 30.6, 63.9, 125, 64.56, 87.89, , , , , 
1/31/2020 4:40:43 AM, 3276.25, 9172.75, 1643.5, 327.68, 222.6, 163.93, 323.87, 172.78, 245.81, 98.02, 30.6, 63.9, 125, 64.56, 87.89, , , , , 
1/31/2020 4:40:46 AM, 3276.5, 9173.5, 1643.6, 327.68, 222.6, 163.93, 323.87, 172.78, 245.81, 98.02, 30.6, 63.9, 125, 64.56, 87.89, , , , , 
1/31/2020 4:40:49 AM, 3276.75, 9174, 1643.6, 327.68, 222.6, 163.93, 323.87, 172.78, 245.81, 98.02, 30.6, 63.9, 125, 64.56, 87.89, , , , , 
1/31/2020 4:40:52 AM, 3277, 9174.25, 1643.8, 327.68, 222.6, 163.93, 323.87, 172.78, 245.81, 98.02, 30.6, 63.9, 125, 64.56, 87.89, , , , , 
1/31/2020 4:40:55 AM, 3277, 9174.25, 1643.8, 327.68, 222.6, 163.93, 323.87, 172.78, 245.81, 98.02, 30.6, 63.9, 125, 64.56, 87.89, , , , , 
1/31/2020 4:40:58 AM, 3277, 9174, 1643.7, 327.68, 222.6, 163.93, 323.87, 172.78, 245.81, 98.02, 30.6, 63.9, 125, 64.56, 87.89, , , , , 
1/31/2020 4:41:01 AM, 3276.75, 9174, 1643.7, 327.68, 222.6, 163.93, 323.87, 172.78, 245.81, 98.02, 30.6, 63.9, 125, 64.56, 87.89, , , , , 
1/31/2020 4:41:04 AM, 3276.75, 9174.5, 1643.7, 327.68, 222.6, 163.93, 323.87, 172.78, 245.81, 98.02, 30.6, 63.9, 125, 64.56, 87.89, , , , , 
1/31/2020 4:41:07 AM, 3277, 9174.5, 1643.7, 327.68, 222.6, 163.93, 323.87, 172.78, 245.81, 98.02, 30.6, 63.9, 125, 64.56, 87.89, , , , , 
1/31/2020 4:41:10 AM, 3276.75, 9174.25, 1643.7, 327.68, 222.6, 163.93, 323.87, 172.78, 245.81, 98.02, 30.6, 63.9, 125, 64.56, 87.89, , , , , 
1/31/2020 4:41:13 AM, 3276.75, 9173.5, 1643.7, 327.68, 222.6, 163.93, 323.87, 172.78, 245.81, 98.02, 30.6, 63.9, 125, 64.56, 87.89, , , , , 
1/31/2020 4:41:16 AM, 3276.75, 9173.75, 1643.7, 327.68, 222.6, 163.93, 323.87, 172.78, 245.81, 98.02, 30.6, 63.9, 125, 64.56, 87.89, , , , , 
1/31/2020 4:41:19 AM, 3276.75, 9174, 1643.8, 327.68, 222.6, 163.93, 323.87, 172.78, 245.81, 98.02, 30.6, 63.9, 125, 64.56, 87.89, , , , , 
1/31/2020 4:41:22 AM, 3276.5, 9173.5, 1643.7, 327.68, 222.6, 163.93, 323.87, 172.78, 245.81, 98.02, 30.6, 63.9, 125, 64.56, 87.89, , , , , 
1/31/2020 4:41:25 AM, 3276.5, 9173.5, 1643.6, 327.68, 222.6, 163.93, 323.87, 172.78, 245.81, 98.02, 30.6, 63.9, 125, 64.56, 87.89, , , , , 
1/31/2020 4:41:28 AM, 3276.5, 9173.25, 1643.6, 327.68, 222.6, 163.93, 323.87, 172.78, 245.81, 98.02, 30.6, 63.9, 125, 64.56, 87.89, , , , , 
1/31/2020 4:41:31 AM, 3276.25, 9173.5, 1643.6, 327.68, 222.6, 163.93, 323.87, 172.78, 245.81, 98.02, 30.6, 63.9, 125, 64.56, 87.89, , , , , 
1/31/2020 4:41:34 AM, 3276.5, 9173.75, 1643.6, 327.68, 222.6, 163.93, 323.87, 172.78, 245.81, 98.02, 30.6, 63.9, 125, 64.56, 87.89, , , , , 
1/31/2020 4:41:37 AM, 3276.5, 9173.5, 1643.6, 327.68, 222.6, 163.93, 323.87, 172.78, 245.81, 98.02, 30.6, 63.9, 125, 64.56, 87.89, , , , , 
1/31/2020 4:41:40 AM, 3276.5, 9173.25, 1643.6, 327.68, 222.6, 163.93, 323.87, 172.78, 245.81, 98.02, 30.6, 63.9, 125, 64.56, 87.89, , , , , 
1/31/2020 4:41:43 AM, 3276.5, 9173.25, 1643.6, 327.68, 222.6, 163.93, 323.87, 172.78, 245.81, 98.02, 30.6, 63.9, 125, 64.56, 87.89, , , , , 
1/31/2020 4:41:46 AM, 3276.5, 9173.25, 1643.6, 327.68, 222.6, 163.93, 323.87, 172.78, 245.81, 98.02, 30.6, 63.9, 125, 64.56, 87.89, , , , , 
1/31/2020 4:41:49 AM, 3276.5, 9173.5, 1643.7, 327.68, 222.6, 163.93, 323.87, 172.78, 245.81, 98.02, 30.6, 63.9, 125, 64.56, 87.89, , , , , 
1/31/2020 4:41:52 AM, 3276.5, 9174, 1643.8, 327.68, 222.6, 163.93, 323.87, 172.78, 245.81, 98.02, 30.6, 63.9, 125, 64.56, 87.89, , , , , 
1/31/2020 4:41:55 AM, 3276.75, 9174, 1643.8, 327.68, 222.6, 163.93, 323.87, 172.78, 245.81, 98.02, 30.6, 63.9, 125, 64.56, 87.89, , , , , 
1/31/2020 4:41:58 AM, 3276.75, 9174, 1643.8, 327.68, 222.6, 163.93, 323.87, 172.78, 245.81, 98.02, 30.6, 63.9, 125, 64.56, 87.89, , , , , 
1/31/2020 4:42:01 AM, 3276.75, 9175, 1643.8, 327.68, 222.6, 163.93, 323.87, 172.78, 245.81, 98.02, 30.6, 63.9, 125, 64.56, 87.89, , , , , 
1/31/2020 4:42:04 AM, 3276.75, 9175, 1643.9, 327.68, 222.6, 163.93, 323.87, 172.78, 245.81, 98.02, 30.6, 63.9, 125, 64.56, 87.89, , , , , 
1/31/2020 4:42:07 AM, 3277, 9174.5, 1643.9, 327.68, 222.6, 163.93, 323.87, 172.78, 245.81, 98.02, 30.6, 63.9, 125, 64.56, 87.89, , , , , 
1/31/2020 4:42:10 AM, 3276.5, 9172.75, 1643.7, 327.68, 222.6, 163.93, 323.87, 172.78, 245.81, 98.02, 30.6, 63.9, 125, 64.56, 87.89, , , , , 
1/31/2020 4:42:13 AM, 3276.5, 9173, 1643.6, 327.68, 222.6, 163.93, 323.87, 172.78, 245.81, 98.02, 30.6, 63.9, 125, 64.56, 87.89, , , , , 
1/31/2020 4:42:16 AM, 3276.5, 9173.25, 1643.8, 327.68, 222.6, 163.93, 323.87, 172.78, 245.81, 98.02, 30.6, 63.9, 125, 64.56, 87.89, , , , , 
1/31/2020 4:42:19 AM, 3276.5, 9173.25, 1643.8, 327.68, 222.6, 163.93, 323.87, 172.78, 245.81, 98.02, 30.6, 63.9, 125, 64.56, 87.89, , , , , 
1/31/2020 4:42:22 AM, 3276.5, 9173, 1643.8, 327.68, 222.6, 163.93, 323.87, 172.78, 245.81, 98.02, 30.6, 63.9, 125, 64.56, 87.89, , , , , 
1/31/2020 4:42:25 AM, 3276.5, 9173.5, 1643.8, 327.68, 222.6, 163.93, 323.87, 172.78, 245.81, 98.02, 30.6, 63.9, 125, 64.56, 87.89, , , , , 
1/31/2020 4:42:28 AM, 3276.5, 9173.75, 1643.8, 327.68, 222.6, 163.93, 323.87, 172.78, 245.81, 98.02, 30.6, 63.9, 125, 64.56, 87.89, , , , , 
1/31/2020 4:42:31 AM, 3276.75, 9173.75, 1643.8, 327.68, 222.6, 163.93, 323.87, 172.78, 245.81, 98.02, 30.6, 63.9, 125, 64.56, 87.89, , , , , 
1/31/2020 4:42:34 AM, 3276.5, 9173.75, 1643.8, 327.68, 222.6, 163.93, 323.87, 172.78, 245.81, 98.02, 30.6, 63.9, 125, 64.56, 87.89, , , , , 
1/31/2020 4:42:38 AM, 3276.5, 9174, 1643.8, 327.68, 222.6, 163.93, 323.87, 172.78, 245.81, 98.02, 30.6, 63.9, 125, 64.56, 87.89, , , , , 
1/31/2020 4:42:41 AM, 3276.75, 9173.75, 1643.8, 327.68, 222.6, 163.93, 323.87, 172.78, 245.81, 98.02, 30.6, 63.9, 125, 64.56, 87.89, , , , , 
1/31/2020 4:42:44 AM, 3276.75, 9173.75, 1643.9, 327.68, 222.6, 163.93, 323.87, 172.78, 245.81, 98.02, 30.6, 63.9, 125, 64.56, 87.89, , , , , 
1/31/2020 4:42:47 AM, 3276.5, 9173.5, 1643.9, 327.68, 222.6, 163.93, 323.87, 172.78, 245.81, 98.02, 30.6, 63.9, 125, 64.56, 87.89, , , , , 
1/31/2020 4:42:50 AM, 3276.5, 9173.25, 1643.9, 327.68, 222.6, 163.93, 323.87, 172.78, 245.81, 98.02, 30.6, 63.9, 125, 64.56, 87.89, , , , , 
1/31/2020 4:42:53 AM, 3276.5, 9173.25, 1643.9, 327.68, 222.6, 163.93, 323.87, 172.78, 245.81, 98.02, 30.6, 63.9, 125, 64.56, 87.89, , , , , 
1/31/2020 4:42:56 AM, 3276.75, 9173.25, 1643.9, 327.68, 222.6, 163.93, 323.87, 172.78, 245.81, 98.02, 30.6, 63.9, 125, 64.56, 87.89, , , , , 
1/31/2020 4:42:59 AM, 3276.25, 9172.75, 1643.8, 327.68, 222.6, 163.93, 323.87, 172.78, 245.81, 98.02, 30.6, 63.9, 125, 64.56, 87.89, , , , , 
1/31/2020 4:43:02 AM, 3276.25, 9172.75, 1643.7, 327.68, 222.6, 163.93, 323.87, 172.78, 245.81, 98.02, 30.6, 63.9, 125, 64.56, 87.89, , , , , 
1/31/2020 4:43:05 AM, 3276.25, 9172.5, 1643.7, 327.68, 222.6, 163.93, 323.87, 172.78, 245.81, 98.02, 30.6, 63.9, 125, 64.56, 87.89, , , , , 
1/31/2020 4:43:08 AM, 3276.5, 9172.75, 1643.7, 327.68, 222.6, 163.93, 323.87, 172.78, 245.81, 98.02, 30.6, 63.9, 125, 64.56, 87.89, , , , , 
1/31/2020 4:43:11 AM, 3276.5, 9172.75, 1643.7, 327.68, 222.6, 163.93, 323.87, 172.78, 245.81, 98.02, 30.6, 63.9, 125, 64.56, 87.89, , , , , 
1/31/2020 4:43:14 AM, 3276.25, 9172.75, 1643.7, 327.68, 222.6, 163.93, 323.87, 172.78, 245.81, 98.02, 30.6, 63.9, 125, 64.56, 87.89, , , , , 
1/31/2020 4:43:17 AM, 3276.5, 9172.75, 1643.7, 327.68, 222.6, 163.93, 323.87, 172.78, 245.81, 98.02, 30.6, 63.9, 125, 64.56, 87.89, , , , , 
1/31/2020 4:43:20 AM, 3276.5, 9173.25, 1643.9, 327.68, 222.6, 163.93, 323.87, 172.78, 245.81, 98.02, 30.6, 63.9, 125, 64.56, 87.89, , , , , 
1/31/2020 4:43:23 AM, 3276.5, 9174, 1643.9, 327.68, 222.6, 163.93, 323.87, 172.78, 245.81, 98.02, 30.6, 63.9, 125, 64.56, 87.89, , , , , 
1/31/2020 4:43:26 AM, 3276.5, 9172.5, 1643.8, 327.68, 222.6, 163.93, 323.87, 172.78, 245.81, 98.02, 30.6, 63.9, 125, 64.56, 87.89, , , , , 
1/31/2020 4:43:29 AM, 3276.5, 9172.75, 1643.7, 327.68, 222.6, 163.93, 323.87, 172.78, 245.81, 98.02, 30.6, 63.9, 125, 64.56, 87.89, , , , , 
1/31/2020 4:43:32 AM, 3276.5, 9173, 1643.7, 327.68, 222.6, 163.93, 323.87, 172.78, 245.81, 98.02, 30.6, 63.9, 125, 64.56, 87.89, , , , , 
1/31/2020 4:43:35 AM, 3276.5, 9173, 1643.7, 327.68, 222.6, 163.93, 323.87, 172.78, 245.81, 98.02, 30.6, 63.9, 125, 64.56, 87.89, , , , , 
1/31/2020 4:43:38 AM, 3276.5, 9173, 1643.8, 327.68, 222.6, 163.93, 323.87, 172.78, 245.81, 98.02, 30.6, 63.9, 125, 64.56, 87.89, , , , , 
1/31/2020 4:43:41 AM, 3276.25, 9173, 1643.8, 327.68, 222.6, 163.93, 323.87, 172.78, 245.81, 98.02, 30.6, 63.9, 125, 64.56, 87.89, , , , , 
1/31/2020 4:43:44 AM, 3276.5, 9173.5, 1643.9, 327.68, 222.6, 163.93, 323.87, 172.78, 245.81, 98.02, 30.6, 63.9, 125, 64.56, 87.89, , , , , 
1/31/2020 4:43:47 AM, 3276.75, 9173.5, 1643.9, 327.68, 222.6, 163.93, 323.87, 172.78, 245.81, 98.02, 30.6, 63.9, 125, 64.56, 87.89, , , , , 
1/31/2020 4:43:50 AM, 3276.75, 9174.25, 1644, 327.68, 222.6, 163.93, 323.87, 172.78, 245.81, 98.02, 30.6, 63.9, 125, 64.56, 87.89, , , , , 
1/31/2020 4:43:53 AM, 3276.75, 9174.5, 1644, 327.68, 222.6, 163.93, 323.87, 172.78, 245.81, 98.02, 30.6, 63.9, 125, 64.56, 87.89, , , , , 
1/31/2020 4:43:56 AM, 3276.75, 9174.25, 1644, 327.68, 222.6, 163.93, 323.87, 172.78, 245.81, 98.02, 30.6, 63.9, 125, 64.56, 87.89, , , , , 
1/31/2020 4:43:59 AM, 3276.75, 9174.25, 1644, 327.68, 222.6, 163.93, 323.87, 172.78, 245.81, 98.02, 30.6, 63.9, 125, 64.56, 87.89, , , , , 
1/31/2020 4:44:02 AM, 3276.75, 9174, 1644, 327.68, 222.6, 163.93, 323.87, 172.78, 245.81, 98.02, 30.6, 63.9, 125, 64.56, 87.89, , , , , 
1/31/2020 4:44:05 AM, 3276.75, 9174.5, 1644, 327.68, 222.6, 163.93, 323.87, 172.78, 245.81, 98.02, 30.6, 63.9, 125, 64.56, 87.89, , , , , 
1/31/2020 4:44:08 AM, 3276.75, 9174.25, 1644, 327.68, 222.6, 163.93, 323.87, 172.78, 245.81, 98.02, 30.6, 63.9, 125, 64.56, 87.89, , , , , 
1/31/2020 4:44:11 AM, 3276.75, 9174.5, 1644, 327.68, 222.6, 163.93, 323.87, 172.78, 245.81, 98.02, 30.6, 63.9, 125, 64.56, 87.89, , , , , 
1/31/2020 4:44:14 AM, 3276.75, 9174.5, 1644, 327.68, 222.6, 163.93, 323.87, 172.78, 245.81, 98.02, 30.6, 63.9, 125, 64.56, 87.89, , , , , 
1/31/2020 4:44:17 AM, 3277, 9174.25, 1644, 327.68, 222.6, 163.93, 323.87, 172.78, 245.81, 98.02, 30.6, 63.9, 125, 64.56, 87.89, , , , , 
1/31/2020 4:44:20 AM, 3276.5, 9173, 1643.8, 327.68, 222.6, 163.93, 323.87, 172.78, 245.81, 98.02, 30.6, 63.9, 125, 64.56, 87.89, , , , , 
1/31/2020 4:44:23 AM, 3276.5, 9173, 1643.8, 327.68, 222.6, 163.93, 323.87, 172.78, 245.81, 98.02, 30.6, 63.9, 125, 64.56, 87.89, , , , , 
1/31/2020 4:44:26 AM, 3276.5, 9172.75, 1643.7, 327.68, 222.6, 163.93, 323.87, 172.78, 245.81, 98.02, 30.6, 63.9, 125, 64.56, 87.89, , , , , 
1/31/2020 4:44:29 AM, 3276.5, 9173.25, 1643.7, 327.68, 222.6, 163.93, 323.87, 172.78, 245.81, 98.02, 30.6, 63.9, 125, 64.56, 87.89, , , , , 
1/31/2020 4:44:32 AM, 3276.5, 9173.25, 1643.7, 327.68, 222.6, 163.93, 323.87, 172.78, 245.81, 98.02, 30.6, 63.9, 125, 64.56, 87.89, , , , , 
1/31/2020 4:44:35 AM, 3276.5, 9173.25, 1643.8, 327.68, 222.6, 163.93, 323.87, 172.78, 245.81, 98.02, 30.6, 63.9, 125, 64.56, 87.89, , , , , 
1/31/2020 4:44:38 AM, 3276.5, 9172.75, 1643.8, 327.68, 222.6, 163.93, 323.87, 172.78, 245.81, 98.02, 30.6, 63.9, 125, 64.56, 87.89, , , , , 
1/31/2020 4:44:41 AM, 3276.25, 9172.75, 1643.7, 327.68, 222.6, 163.93, 323.87, 172.78, 245.81, 98.02, 30.6, 63.9, 125, 64.56, 87.89, , , , , 
1/31/2020 4:44:44 AM, 3276, 9172.25, 1643.6, 327.68, 222.6, 163.93, 323.87, 172.78, 245.81, 98.02, 30.6, 63.9, 125, 64.56, 87.89, , , , , 
1/31/2020 4:44:47 AM, 3276.25, 9173.25, 1643.7, 327.68, 222.6, 163.93, 323.87, 172.78, 245.81, 98.02, 30.6, 63.9, 125, 64.56, 87.89, , , , , 
1/31/2020 4:44:50 AM, 3276.25, 9173, 1643.7, 327.68, 222.6, 163.93, 323.87, 172.78, 245.81, 98.02, 30.6, 63.9, 125, 64.56, 87.89, , , , , 
1/31/2020 4:44:54 AM, 3276.25, 9173, 1643.7, 327.68, 222.6, 163.93, 323.87, 172.78, 245.81, 98.02, 30.6, 63.9, 125, 64.56, 87.89, , , , , 
1/31/2020 4:44:57 AM, 3276.25, 9173.25, 1643.7, 327.68, 222.6, 163.93, 323.87, 172.78, 245.81, 98.02, 30.6, 63.9, 125, 64.56, 87.89, , , , , 
1/31/2020 4:45:00 AM, 3276.25, 9172.75, 1643.7, 327.68, 222.6, 163.93, 323.87, 172.78, 245.81, 98.02, 30.6, 63.9, 125, 64.56, 87.89, , , , , 
1/31/2020 4:45:03 AM, 3276.25, 9172.75, 1643.7, 327.68, 222.6, 163.93, 323.87, 172.78, 245.81, 98.02, 30.6, 63.9, 125, 64.56, 87.89, , , , , 
1/31/2020 4:45:06 AM, 3276, 9172.75, 1643.6, 327.68, 222.6, 163.93, 323.87, 172.78, 245.81, 98.02, 30.6, 63.9, 125, 64.56, 87.89, , , , , 
1/31/2020 4:45:09 AM, 3276, 9172.75, 1643.6, 327.68, 222.6, 163.93, 323.87, 172.78, 245.81, 98.02, 30.6, 63.9, 125, 64.56, 87.89, , , , , 
1/31/2020 4:45:12 AM, 3276.5, 9174, 1643.8, 327.68, 222.6, 163.93, 323.87, 172.78, 245.81, 98.02, 30.6, 63.9, 125, 64.56, 87.89, , , , , 
1/31/2020 4:45:15 AM, 3276.5, 9174, 1643.8, 327.68, 222.6, 163.93, 323.87, 172.78, 245.81, 98.02, 30.6, 63.9, 125, 64.56, 87.89, , , , , 
1/31/2020 4:45:18 AM, 3276.5, 9173.75, 1643.8, 327.68, 222.6, 163.93, 323.87, 172.78, 245.81, 98.02, 30.6, 63.9, 125, 64.56, 87.89, , , , , 
1/31/2020 4:45:21 AM, 3276.5, 9173.75, 1643.8, 327.68, 222.6, 163.93, 323.87, 172.78, 245.81, 98.02, 30.6, 63.9, 125, 64.56, 87.89, , , , , 
1/31/2020 4:45:24 AM, 3276.5, 9173.75, 1643.8, 327.68, 222.6, 163.93, 323.87, 172.78, 245.81, 98.02, 30.6, 63.9, 125, 64.56, 87.89, , , , , 
1/31/2020 4:45:27 AM, 3276.5, 9173.75, 1643.8, 327.68, 222.6, 163.93, 323.87, 172.78, 245.81, 98.02, 30.6, 63.9, 125, 64.56, 87.89, , , , , 
1/31/2020 4:45:30 AM, 3276.5, 9173.25, 1643.9, 327.68, 222.6, 163.93, 323.87, 172.78, 245.81, 98.02, 30.6, 63.9, 125, 64.56, 87.89, , , , , 
1/31/2020 4:45:33 AM, 3276.5, 9173.25, 1643.9, 327.68, 222.6, 163.93, 323.87, 172.78, 245.81, 98.02, 30.6, 63.9, 125, 64.56, 87.89, , , , , 
1/31/2020 4:45:36 AM, 3276, 9171.75, 1643.5, 327.68, 222.6, 163.93, 323.87, 172.78, 245.81, 98.02, 30.6, 63.9, 125, 64.56, 87.89, , , , , 
1/31/2020 4:45:39 AM, 3276, 9171.75, 1643.5, 327.68, 222.6, 163.93, 323.87, 172.78, 245.81, 98.02, 30.6, 63.9, 125, 64.56, 87.89, , , , , 
1/31/2020 4:45:42 AM, 3276, 9171.25, 1643.6, 327.68, 222.6, 163.93, 323.87, 172.78, 245.81, 98.02, 30.6, 63.9, 125, 64.56, 87.89, , , , , 
1/31/2020 4:45:45 AM, 3276, 9171.25, 1643.6, 327.68, 222.6, 163.93, 323.87, 172.78, 245.81, 98.02, 30.6, 63.9, 125, 64.56, 87.89, , , , , 
1/31/2020 4:45:48 AM, 3276, 9171.25, 1643.6, 327.68, 222.6, 163.93, 323.87, 172.78, 245.81, 98.02, 30.6, 63.9, 125, 64.56, 87.89, , , , , 
1/31/2020 4:45:51 AM, 3276, 9171.25, 1643.6, 327.68, 222.6, 163.93, 323.87, 172.78, 245.81, 98.02, 30.6, 63.9, 125, 64.56, 87.89, , , , , 
1/31/2020 4:45:54 AM, 3276, 9171.25, 1643.6, 327.68, 222.6, 163.93, 323.87, 172.78, 245.81, 98.02, 30.6, 63.9, 125, 64.56, 87.89, , , , , 
1/31/2020 4:45:57 AM, 3276, 9171.25, 1643.6, 327.68, 222.6, 163.93, 323.87, 172.78, 245.81, 98.02, 30.6, 63.9, 125, 64.56, 87.89, , , , , 
1/31/2020 4:46:00 AM, 3276, 9171.25, 1643.7, 327.68, 222.6, 163.93, 323.87, 172.78, 245.81, 98.02, 30.6, 63.9, 125, 64.56, 87.89, , , , , 
1/31/2020 4:46:03 AM, 3276, 9171.25, 1643.7, 327.68, 222.6, 163.93, 323.87, 172.78, 245.81, 98.02, 30.6, 63.9, 125, 64.56, 87.89, , , , , 
1/31/2020 4:46:06 AM, 3276, 9171.5, 1643.7, 327.68, 222.6, 163.93, 323.87, 172.78, 245.81, 98.02, 30.6, 63.9, 125, 64.56, 87.89, , , , , 
1/31/2020 4:46:09 AM, 3276, 9171.5, 1643.7, 327.68, 222.6, 163.93, 323.87, 172.78, 245.81, 98.02, 30.6, 63.9, 125, 64.56, 87.89, , , , , 
1/31/2020 4:46:12 AM, 3276, 9171.5, 1643.7, 327.68, 222.6, 163.93, 323.87, 172.78, 245.81, 98.02, 30.6, 63.9, 125, 64.56, 87.89, , , , , 
1/31/2020 4:46:15 AM, 3276, 9171.5, 1643.7, 327.68, 222.6, 163.93, 323.87, 172.78, 245.81, 98.02, 30.6, 63.9, 125, 64.56, 87.89, , , , , 
1/31/2020 4:46:18 AM, 3276, 9171.75, 1643.7, 327.68, 222.6, 163.93, 323.87, 172.78, 245.81, 98.02, 30.6, 63.9, 125, 64.56, 87.89, , , , , 
1/31/2020 4:46:21 AM, 3276, 9171.75, 1643.7, 327.68, 222.6, 163.93, 323.87, 172.78, 245.81, 98.02, 30.6, 63.9, 125, 64.56, 87.89, , , , , 
1/31/2020 4:46:24 AM, 3276, 9171.5, 1643.7, 327.68, 222.6, 163.93, 323.87, 172.78, 245.81, 98.02, 30.6, 63.9, 125, 64.56, 87.89, , , , , 
1/31/2020 4:46:27 AM, 3276, 9171.5, 1643.7, 327.68, 222.6, 163.93, 323.87, 172.78, 245.81, 98.02, 30.6, 63.9, 125, 64.56, 87.89, , , , , 
1/31/2020 4:46:30 AM, 3276.25, 9172.25, 1643.8, 327.68, 222.6, 163.93, 323.87, 172.78, 245.81, 98.02, 30.6, 63.9, 125, 64.56, 87.89, , , , , 
1/31/2020 4:46:33 AM, 3276.25, 9172.25, 1643.8, 327.68, 222.6, 163.93, 323.87, 172.78, 245.81, 98.02, 30.6, 63.9, 125, 64.56, 87.89, , , , , 
1/31/2020 4:46:36 AM, 3276.5, 9172.5, 1643.9, 327.68, 222.6, 163.93, 323.87, 172.78, 245.81, 98.02, 30.6, 63.9, 125, 64.56, 87.89, , , , , 
1/31/2020 4:46:39 AM, 3276.5, 9172.5, 1643.9, 327.68, 222.6, 163.93, 323.87, 172.78, 245.81, 98.02, 30.6, 63.9, 125, 64.56, 87.89, , , , , 
1/31/2020 4:46:42 AM, 3276.5, 9172.5, 1643.9, 327.68, 222.6, 163.93, 323.87, 172.78, 245.81, 98.02, 30.6, 63.9, 125, 64.56, 87.89, , , , , 
1/31/2020 4:46:45 AM, 3276.25, 9172.5, 1643.9, 327.68, 222.6, 163.93, 323.87, 172.78, 245.81, 98.02, 30.6, 63.9, 125, 64.56, 87.89, , , , , 
1/31/2020 4:46:48 AM, 3276.25, 9172.25, 1643.9, 327.68, 222.6, 163.93, 323.87, 172.78, 245.81, 98.02, 30.6, 63.9, 125, 64.56, 87.89, , , , , 
1/31/2020 4:46:51 AM, 3276.25, 9172, 1643.8, 327.68, 222.6, 163.93, 323.87, 172.78, 245.81, 98.02, 30.6, 63.9, 125, 64.56, 87.89, , , , , 
1/31/2020 4:46:54 AM, 3276.25, 9172.25, 1643.8, 327.68, 222.6, 163.93, 323.87, 172.78, 245.81, 98.02, 30.6, 63.9, 125, 64.56, 87.89, , , , , 
1/31/2020 4:46:57 AM, 3276.5, 9172.25, 1643.8, 327.68, 222.6, 163.93, 323.87, 172.78, 245.81, 98.02, 30.6, 63.9, 125, 64.56, 87.89, , , , , 
1/31/2020 4:47:00 AM, 3276.5, 9172.25, 1643.8, 327.68, 222.6, 163.93, 323.87, 172.78, 245.81, 98.02, 30.6, 63.9, 125, 64.56, 87.89, , , , , 
1/31/2020 4:47:03 AM, 3276.25, 9171.5, 1643.8, 327.68, 222.6, 163.93, 323.87, 172.78, 245.81, 98.02, 30.6, 63.9, 125, 64.56, 87.89, , , , , 
1/31/2020 4:47:06 AM, 3276, 9170.75, 1643.7, 327.68, 222.6, 163.93, 323.87, 172.78, 245.81, 98.02, 30.6, 63.9, 125, 64.56, 87.89, , , , , 
1/31/2020 4:47:09 AM, 3276, 9171.5, 1643.8, 327.68, 222.6, 163.93, 323.87, 172.78, 245.81, 98.02, 30.6, 63.9, 125, 64.56, 87.89, , , , , 
1/31/2020 4:47:12 AM, 3276.25, 9171.5, 1643.8, 327.68, 222.6, 163.93, 323.87, 172.78, 245.81, 98.02, 30.6, 63.9, 125, 64.56, 87.89, , , , , 
1/31/2020 4:47:15 AM, 3276.25, 9171, 1643.7, 327.68, 222.6, 163.93, 323.87, 172.78, 245.81, 98.02, 30.6, 63.9, 125, 64.56, 87.89, , , , , 
1/31/2020 4:47:19 AM, 3276, 9170.75, 1643.7, 327.68, 222.6, 163.93, 323.87, 172.78, 245.81, 98.02, 30.6, 63.9, 125, 64.56, 87.89, , , , , 
1/31/2020 4:47:22 AM, 3276, 9170.75, 1643.7, 327.68, 222.6, 163.93, 323.87, 172.78, 245.81, 98.02, 30.6, 63.9, 125, 64.56, 87.89, , , , , 
1/31/2020 4:47:25 AM, 3276, 9170.75, 1643.7, 327.68, 222.6, 163.93, 323.87, 172.78, 245.81, 98.02, 30.6, 63.9, 125, 64.56, 87.89, , , , , 
1/31/2020 4:47:28 AM, 3276, 9170.25, 1643.7, 327.68, 222.6, 163.93, 323.87, 172.78, 245.81, 98.02, 30.6, 63.9, 125, 64.56, 87.89, , , , , 
1/31/2020 4:47:31 AM, 3276, 9170.25, 1643.7, 327.68, 222.6, 163.93, 323.87, 172.78, 245.81, 98.02, 30.6, 63.9, 125, 64.56, 87.89, , , , , 
1/31/2020 4:47:34 AM, 3276, 9170.5, 1643.7, 327.68, 222.6, 163.93, 323.87, 172.78, 245.81, 98.02, 30.6, 63.9, 125, 64.56, 87.89, , , , , 
1/31/2020 4:47:37 AM, 3276, 9170.5, 1643.7, 327.68, 222.6, 163.93, 323.87, 172.78, 245.81, 98.02, 30.6, 63.9, 125, 64.56, 87.89, , , , , 
1/31/2020 4:47:40 AM, 3276.25, 9171.25, 1643.9, 327.68, 222.6, 163.93, 323.87, 172.78, 245.81, 98.02, 30.6, 63.9, 125, 64.56, 87.89, , , , , 
1/31/2020 4:47:43 AM, 3276.25, 9171.25, 1643.9, 327.68, 222.6, 163.93, 323.87, 172.78, 245.81, 98.02, 30.6, 63.9, 125, 64.56, 87.89, , , , , 
1/31/2020 4:47:46 AM, 3276.25, 9171.75, 1643.9, 327.68, 222.6, 163.93, 323.87, 172.78, 245.81, 98.02, 30.6, 63.9, 125, 64.56, 87.89, , , , , 
1/31/2020 4:47:49 AM, 3276.25, 9171.75, 1643.9, 327.68, 222.6, 163.93, 323.87, 172.78, 245.81, 98.02, 30.6, 63.9, 125, 64.56, 87.89, , , , , 
1/31/2020 4:47:52 AM, 3276.75, 9172.25, 1644.1, 327.68, 222.6, 163.93, 323.87, 172.78, 245.81, 98.02, 30.6, 63.9, 125, 64.56, 87.89, , , , , 
1/31/2020 4:47:55 AM, 3276.75, 9172.25, 1644.1, 327.68, 222.6, 163.93, 323.87, 172.78, 245.81, 98.02, 30.6, 63.9, 125, 64.56, 87.89, , , , , 
1/31/2020 4:47:58 AM, 3276.5, 9172.25, 1644, 327.68, 222.6, 163.93, 323.87, 172.78, 245.81, 98.02, 30.6, 63.9, 125, 64.56, 87.89, , , , , 
1/31/2020 4:48:01 AM, 3276.5, 9172.25, 1644, 327.68, 222.6, 163.93, 323.87, 172.78, 245.81, 98.02, 30.6, 63.9, 125, 64.56, 87.89, , , , , 
1/31/2020 4:48:04 AM, 3276.5, 9172.25, 1644.1, 327.68, 222.6, 163.93, 323.87, 172.78, 245.81, 98.02, 30.6, 63.9, 125, 64.56, 87.89, , , , , 
1/31/2020 4:48:07 AM, 3276.5, 9172.25, 1644.1, 327.68, 222.6, 163.93, 323.87, 172.78, 245.81, 98.02, 30.6, 63.9, 125, 64.56, 87.89, , , , , 
1/31/2020 4:48:10 AM, 3276.5, 9172.25, 1644.1, 327.68, 222.6, 163.93, 323.87, 172.78, 245.81, 98.02, 30.6, 63.9, 125, 64.56, 87.89, , , , , 
1/31/2020 4:48:13 AM, 3276.5, 9172.25, 1644.1, 327.68, 222.6, 163.93, 323.87, 172.78, 245.81, 98.02, 30.6, 63.9, 125, 64.56, 87.89, , , , , 
1/31/2020 4:48:16 AM, 3276.75, 9173.25, 1644.2, 327.68, 222.6, 163.93, 323.87, 172.78, 245.81, 98.02, 30.6, 63.9, 125, 64.56, 87.89, , , , , 
1/31/2020 4:48:19 AM, 3276.75, 9173.25, 1644.2, 327.68, 222.6, 163.93, 323.87, 172.78, 245.81, 98.02, 30.6, 63.9, 125, 64.56, 87.89, , , , , 
1/31/2020 4:48:22 AM, 3277, 9173, 1644.3, 327.68, 222.6, 163.93, 323.87, 172.78, 245.81, 98.02, 30.6, 63.9, 125, 64.56, 87.89, , , , , 
1/31/2020 4:48:25 AM, 3277, 9173, 1644.3, 327.68, 222.6, 163.93, 323.87, 172.78, 245.81, 98.02, 30.6, 63.9, 125, 64.56, 87.89, , , , , 
1/31/2020 4:48:28 AM, 3276.75, 9173.5, 1644.2, 327.68, 222.6, 163.93, 323.87, 172.78, 245.81, 98.02, 30.6, 63.9, 125, 64.56, 87.89, , , , , 
1/31/2020 4:48:31 AM, 3276.75, 9173.5, 1644.2, 327.68, 222.6, 163.93, 323.87, 172.78, 245.81, 98.02, 30.6, 63.9, 125, 64.56, 87.89, , , , , 
1/31/2020 4:48:34 AM, 3276.75, 9172.75, 1644.2, 327.68, 222.6, 163.93, 323.87, 172.78, 245.81, 98.02, 30.6, 63.9, 125, 64.56, 87.89, , , , , 
1/31/2020 4:48:37 AM, 3276.75, 9172.75, 1644.2, 327.68, 222.6, 163.93, 323.87, 172.78, 245.81, 98.02, 30.6, 63.9, 125, 64.56, 87.89, , , , , 
1/31/2020 4:48:40 AM, 3277, 9172.75, 1644.2, 327.68, 222.6, 163.93, 323.87, 172.78, 245.81, 98.02, 30.6, 63.9, 125, 64.56, 87.89, , , , , 
1/31/2020 4:48:43 AM, 3277, 9172.75, 1644.2, 327.68, 222.6, 163.93, 323.87, 172.78, 245.81, 98.02, 30.6, 63.9, 125, 64.56, 87.89, , , , , 
1/31/2020 4:48:46 AM, 3277, 9173, 1644.2, 327.68, 222.6, 163.93, 323.87, 172.78, 245.81, 98.02, 30.6, 63.9, 125, 64.56, 87.89, , , , , 
1/31/2020 4:48:49 AM, 3277, 9173, 1644.2, 327.68, 222.6, 163.93, 323.87, 172.78, 245.81, 98.02, 30.6, 63.9, 125, 64.56, 87.89, , , , , 
1/31/2020 4:48:52 AM, 3277, 9172.75, 1644.2, 327.68, 222.6, 163.93, 323.87, 172.78, 245.81, 98.02, 30.6, 63.9, 125, 64.56, 87.89, , , , , 
1/31/2020 4:48:55 AM, 3276.5, 9172.5, 1644.2, 327.68, 222.6, 163.93, 323.87, 172.78, 245.81, 98.02, 30.6, 63.9, 125, 64.56, 87.89, , , , , 
1/31/2020 4:48:58 AM, 3276.75, 9172.5, 1644.2, 327.68, 222.6, 163.93, 323.87, 172.78, 245.81, 98.02, 30.6, 63.9, 125, 64.56, 87.89, , , , , 
1/31/2020 4:49:01 AM, 3277, 9173.75, 1644.3, 327.68, 222.6, 163.93, 323.87, 172.78, 245.81, 98.02, 30.6, 63.9, 125, 64.56, 87.89, , , , , 
1/31/2020 4:49:04 AM, 3277, 9173.5, 1644.3, 327.68, 222.6, 163.93, 323.87, 172.78, 245.81, 98.02, 30.6, 63.9, 125, 64.56, 87.89, , , , , 
1/31/2020 4:49:07 AM, 3276.75, 9173.25, 1644.3, 327.68, 222.6, 163.93, 323.87, 172.78, 245.81, 98.02, 30.6, 63.9, 125, 64.56, 87.89, , , , , 
1/31/2020 4:49:10 AM, 3277, 9173.25, 1644.3, 327.68, 222.6, 163.93, 323.87, 172.78, 245.81, 98.02, 30.6, 63.9, 125, 64.56, 87.89, , , , , 
1/31/2020 4:49:13 AM, 3277, 9173.25, 1644.3, 327.68, 222.6, 163.93, 323.87, 172.78, 245.81, 98.02, 30.6, 63.9, 125, 64.56, 87.89, , , , , 
1/31/2020 4:49:16 AM, 3277, 9173.75, 1644.4, 327.68, 222.6, 163.93, 323.87, 172.78, 245.81, 98.02, 30.6, 63.9, 125, 64.56, 87.89, , , , , 
1/31/2020 4:49:19 AM, 3277, 9173.5, 1644.3, 327.68, 222.6, 163.93, 323.87, 172.78, 245.81, 98.02, 30.6, 63.9, 125, 64.56, 87.89, , , , , 
1/31/2020 4:49:22 AM, 3277, 9173.75, 1644.3, 327.68, 222.6, 163.93, 323.87, 172.78, 245.81, 98.02, 30.6, 63.9, 125, 64.56, 87.89, , , , , 
1/31/2020 4:49:25 AM, 3276.75, 9173.5, 1644.3, 327.68, 222.6, 163.93, 323.87, 172.78, 245.81, 98.02, 30.6, 63.9, 125, 64.56, 87.89, , , , , 
1/31/2020 4:49:28 AM, 3277, 9173.25, 1644.3, 327.68, 222.6, 163.93, 323.87, 172.78, 245.81, 98.02, 30.6, 63.9, 125, 64.56, 87.89, , , , , 
1/31/2020 4:49:31 AM, 3276.75, 9172.75, 1644.1, 327.68, 222.6, 163.93, 323.87, 172.78, 245.81, 98.02, 30.6, 63.9, 125, 64.56, 87.89, , , , , 
1/31/2020 4:49:34 AM, 3276.75, 9173, 1644.2, 327.68, 222.6, 163.93, 323.87, 172.78, 245.81, 98.02, 30.6, 63.9, 125, 64.56, 87.89, , , , , 
1/31/2020 4:49:37 AM, 3277, 9173, 1644.2, 327.68, 222.6, 163.93, 323.87, 172.78, 245.81, 98.02, 30.6, 63.9, 125, 64.56, 87.89, , , , , 
1/31/2020 4:49:40 AM, 3277, 9173.5, 1644.2, 327.68, 222.6, 163.93, 323.87, 172.78, 245.81, 98.02, 30.6, 63.9, 125, 64.56, 87.89, , , , , 
1/31/2020 4:49:43 AM, 3277, 9173.25, 1644.3, 327.68, 222.6, 163.93, 323.87, 172.78, 245.81, 98.02, 30.6, 63.9, 125, 64.56, 87.89, , , , , 
1/31/2020 4:49:46 AM, 3277.25, 9173.75, 1644.3, 327.68, 222.6, 163.93, 323.87, 172.78, 245.81, 98.02, 30.6, 63.9, 125, 64.56, 87.89, , , , , 
1/31/2020 4:49:49 AM, 3277.25, 9173.5, 1644.3, 327.68, 222.6, 163.93, 323.87, 172.78, 245.81, 98.02, 30.6, 63.9, 125, 64.56, 87.89, , , , , 
1/31/2020 4:49:53 AM, 3277.25, 9174.25, 1644.3, 327.68, 222.6, 163.93, 323.87, 172.78, 245.81, 98.02, 30.6, 63.9, 125, 64.56, 87.89, , , , , 
1/31/2020 4:49:56 AM, 3277.5, 9174.75, 1644.5, 327.68, 222.6, 163.93, 323.87, 172.78, 245.81, 98.02, 30.6, 63.9, 125, 64.56, 87.89, , , , , 
1/31/2020 4:49:59 AM, 3277.5, 9174.75, 1644.5, 327.68, 222.6, 163.93, 323.87, 172.78, 245.81, 98.02, 30.6, 63.9, 125, 64.56, 87.89, , , , , 
1/31/2020 4:50:02 AM, 3277.5, 9174.75, 1644.4, 327.68, 222.6, 163.93, 323.87, 172.78, 245.81, 98.02, 30.6, 63.9, 125, 64.56, 87.89, , , , , 
1/31/2020 4:50:05 AM, 3277.25, 9174.25, 1644.4, 327.68, 222.6, 163.93, 323.87, 172.78, 245.81, 98.02, 30.6, 63.9, 125, 64.56, 87.89, , , , , 
1/31/2020 4:50:08 AM, 3277.25, 9174.75, 1644.4, 327.68, 222.6, 163.93, 323.87, 172.78, 245.81, 98.02, 30.6, 63.9, 125, 64.56, 87.89, , , , , 
1/31/2020 4:50:11 AM, 3277.25, 9174.75, 1644.4, 327.68, 222.6, 163.93, 323.87, 172.78, 245.81, 98.02, 30.6, 63.9, 125, 64.56, 87.89, , , , , 
1/31/2020 4:50:14 AM, 3277.25, 9174.25, 1644.4, 327.68, 222.6, 163.93, 323.87, 172.78, 245.81, 98.02, 30.6, 63.9, 125, 64.56, 87.89, , , , , 
1/31/2020 4:50:17 AM, 3277.25, 9174.75, 1644.4, 327.68, 222.6, 163.93, 323.87, 172.78, 245.81, 98.02, 30.6, 63.9, 125, 64.56, 87.89, , , , , 
1/31/2020 4:50:20 AM, 3277.25, 9175, 1644.4, 327.68, 222.6, 163.93, 323.87, 172.78, 245.81, 98.02, 30.6, 63.9, 125, 64.56, 87.89, , , , , 
1/31/2020 4:50:23 AM, 3277.25, 9174.5, 1644.4, 327.68, 222.6, 163.93, 323.87, 172.78, 245.81, 98.02, 30.6, 63.9, 125, 64.56, 87.89, , , , , 
1/31/2020 4:50:26 AM, 3277.25, 9175, 1644.4, 327.68, 222.6, 163.93, 323.87, 172.78, 245.81, 98.02, 30.6, 63.9, 125, 64.56, 87.89, , , , , 
1/31/2020 4:50:29 AM, 3277.25, 9175, 1644.4, 327.68, 222.6, 163.93, 323.87, 172.78, 245.81, 98.02, 30.6, 63.9, 125, 64.56, 87.89, , , , , 
1/31/2020 4:50:32 AM, 3277.25, 9175.25, 1644.4, 327.68, 222.6, 163.93, 323.87, 172.78, 245.81, 98.02, 30.6, 63.9, 125, 64.56, 87.89, , , , , 
1/31/2020 4:50:35 AM, 3277.5, 9175.5, 1644.7, 327.68, 222.6, 163.93, 323.87, 172.78, 245.81, 98.02, 30.6, 63.9, 125, 64.56, 87.89, , , , , 
1/31/2020 4:50:38 AM, 3277.5, 9176.25, 1644.6, 327.68, 222.6, 163.93, 323.87, 172.78, 245.81, 98.02, 30.6, 63.9, 125, 64.56, 87.89, , , , , 
1/31/2020 4:50:41 AM, 3278, 9176.75, 1644.7, 327.68, 222.6, 163.93, 323.87, 172.78, 245.81, 98.02, 30.6, 63.9, 125, 64.56, 87.89, , , , , 
1/31/2020 4:50:44 AM, 3277.5, 9176.75, 1644.7, 327.68, 222.6, 163.93, 323.87, 172.78, 245.81, 98.02, 30.6, 63.9, 125, 64.56, 87.89, , , , , 
1/31/2020 4:50:47 AM, 3277.5, 9176.25, 1644.7, 327.68, 222.6, 163.93, 323.87, 172.78, 245.81, 98.02, 30.6, 63.9, 125, 64.56, 87.89, , , , , 
1/31/2020 4:50:50 AM, 3277.75, 9176.75, 1644.7, 327.68, 222.6, 163.93, 323.87, 172.78, 245.81, 98.02, 30.6, 63.9, 125, 64.56, 87.89, , , , , 
1/31/2020 4:50:53 AM, 3277.75, 9176.5, 1644.8, 327.68, 222.6, 163.93, 323.87, 172.78, 245.81, 98.02, 30.6, 63.9, 125, 64.56, 87.89, , , , , 
1/31/2020 4:50:56 AM, 3277.75, 9176.75, 1644.7, 327.68, 222.6, 163.93, 323.87, 172.78, 245.81, 98.02, 30.6, 63.9, 125, 64.56, 87.89, , , , , 
1/31/2020 4:50:59 AM, 3277.75, 9176.5, 1644.7, 327.68, 222.6, 163.93, 323.87, 172.78, 245.81, 98.02, 30.6, 63.9, 125, 64.56, 87.89, , , , , 
1/31/2020 4:51:02 AM, 3277.75, 9176.5, 1644.7, 327.68, 222.6, 163.93, 323.87, 172.78, 245.81, 98.02, 30.6, 63.9, 125, 64.56, 87.89, , , , , 
1/31/2020 4:51:05 AM, 3278, 9177.25, 1644.8, 327.68, 222.6, 163.93, 323.87, 172.78, 245.81, 98.02, 30.6, 63.9, 125, 64.56, 87.89, , , , , 
1/31/2020 4:51:08 AM, 3277.75, 9177.25, 1644.8, 327.68, 222.6, 163.93, 323.87, 172.78, 245.81, 98.02, 30.6, 63.9, 125, 64.56, 87.89, , , , , 
1/31/2020 4:51:11 AM, 3277.75, 9177, 1644.8, 327.68, 222.6, 163.93, 323.87, 172.78, 245.81, 98.02, 30.6, 63.9, 125, 64.56, 87.89, , , , , 
1/31/2020 4:51:14 AM, 3277.75, 9177, 1644.8, 327.68, 222.6, 163.93, 323.87, 172.78, 245.81, 98.02, 30.6, 63.9, 125, 64.56, 87.89, , , , , 
1/31/2020 4:51:17 AM, 3278, 9177, 1644.7, 327.68, 222.6, 163.93, 323.87, 172.78, 245.81, 98.02, 30.6, 63.9, 125, 64.56, 87.89, , , , , 
1/31/2020 4:51:20 AM, 3277.75, 9177, 1644.7, 327.68, 222.6, 163.93, 323.87, 172.78, 245.81, 98.02, 30.6, 63.9, 125, 64.56, 87.89, , , , , 
1/31/2020 4:51:23 AM, 3277.75, 9176.5, 1644.7, 327.68, 222.6, 163.93, 323.87, 172.78, 245.81, 98.02, 30.6, 63.9, 125, 64.56, 87.89, , , , , 
1/31/2020 4:51:26 AM, 3277.5, 9176.5, 1644.7, 327.68, 222.6, 163.93, 323.87, 172.78, 245.81, 98.02, 30.6, 63.9, 125, 64.56, 87.89, , , , , 
1/31/2020 4:51:29 AM, 3277.5, 9176.75, 1644.7, 327.68, 222.6, 163.93, 323.87, 172.78, 245.81, 98.02, 30.6, 63.9, 125, 64.56, 87.89, , , , , 
1/31/2020 4:51:32 AM, 3277.75, 9176.75, 1644.7, 327.68, 222.6, 163.93, 323.87, 172.78, 245.81, 98.02, 30.6, 63.9, 125, 64.56, 87.89, , , , , 
1/31/2020 4:51:35 AM, 3277.75, 9176.75, 1644.7, 327.68, 222.6, 163.93, 323.87, 172.78, 245.81, 98.02, 30.6, 63.9, 125, 64.56, 87.89, , , , , 
1/31/2020 4:51:38 AM, 3277.75, 9177, 1644.8, 327.68, 222.6, 163.93, 323.87, 172.78, 245.81, 98.02, 30.6, 63.9, 125, 64.56, 87.89, , , , , 
1/31/2020 4:51:41 AM, 3277.75, 9177, 1644.8, 327.68, 222.6, 163.93, 323.87, 172.78, 245.81, 98.02, 30.6, 63.9, 125, 64.56, 87.89, , , , , 
1/31/2020 4:51:44 AM, 3277.75, 9176.75, 1644.7, 327.68, 222.6, 163.93, 323.87, 172.78, 245.81, 98.02, 30.6, 63.9, 125, 64.56, 87.89, , , , , 
1/31/2020 4:51:47 AM, 3277.5, 9175.5, 1644.6, 327.68, 222.6, 163.93, 323.87, 172.78, 245.81, 98.02, 30.6, 63.9, 125, 64.56, 87.89, , , , , 
1/31/2020 4:51:50 AM, 3277, 9175, 1644.4, 327.68, 222.6, 163.93, 323.87, 172.78, 245.81, 98.02, 30.6, 63.9, 125, 64.56, 87.89, , , , , 
1/31/2020 4:51:53 AM, 3277.25, 9175, 1644.4, 327.68, 222.6, 163.93, 323.87, 172.78, 245.81, 98.02, 30.6, 63.9, 125, 64.56, 87.89, , , , , 
1/31/2020 4:51:56 AM, 3277, 9174.25, 1644.3, 327.68, 222.6, 163.93, 323.87, 172.78, 245.81, 98.02, 30.6, 63.9, 125, 64.56, 87.89, , , , , 
1/31/2020 4:51:59 AM, 3277, 9174.25, 1644.3, 327.68, 222.6, 163.93, 323.87, 172.78, 245.81, 98.02, 30.6, 63.9, 125, 64.56, 87.89, , , , , 
1/31/2020 4:52:02 AM, 3277, 9174.75, 1644.3, 327.68, 222.6, 163.93, 323.87, 172.78, 245.81, 98.02, 30.6, 63.9, 125, 64.56, 87.89, , , , , 
1/31/2020 4:52:05 AM, 3277, 9174.75, 1644.1, 327.68, 222.6, 163.93, 323.87, 172.78, 245.81, 98.02, 30.6, 63.9, 125, 64.56, 87.89, , , , , 
1/31/2020 4:52:08 AM, 3276.75, 9174.75, 1644.1, 327.68, 222.6, 163.93, 323.87, 172.78, 245.81, 98.02, 30.6, 63.9, 125, 64.56, 87.89, , , , , 
1/31/2020 4:52:11 AM, 3276.75, 9174.5, 1644.1, 327.68, 222.6, 163.93, 323.87, 172.78, 245.81, 98.02, 30.6, 63.9, 125, 64.56, 87.89, , , , , 
1/31/2020 4:52:14 AM, 3276.75, 9173.5, 1644.1, 327.68, 222.6, 163.93, 323.87, 172.78, 245.81, 98.02, 30.6, 63.9, 125, 64.56, 87.89, , , , , 
1/31/2020 4:52:17 AM, 3276.75, 9173.75, 1644.1, 327.68, 222.6, 163.93, 323.87, 172.78, 245.81, 98.02, 30.6, 63.9, 125, 64.56, 87.89, , , , , 
1/31/2020 4:52:20 AM, 3276.75, 9174, 1644.2, 327.68, 222.6, 163.93, 323.87, 172.78, 245.81, 98.02, 30.6, 63.9, 125, 64.56, 87.89, , , , , 
1/31/2020 4:52:23 AM, 3276.75, 9174, 1644.2, 327.68, 222.6, 163.93, 323.87, 172.78, 245.81, 98.02, 30.6, 63.9, 125, 64.56, 87.89, , , , , 
1/31/2020 4:52:26 AM, 3276.75, 9174.25, 1644.2, 327.68, 222.6, 163.93, 323.87, 172.78, 245.81, 98.02, 30.6, 63.9, 125, 64.56, 87.89, , , , , 
1/31/2020 4:52:29 AM, 3276.75, 9174.25, 1644.2, 327.68, 222.6, 163.93, 323.87, 172.78, 245.81, 98.02, 30.6, 63.9, 125, 64.56, 87.89, , , , , 
1/31/2020 4:52:33 AM, 3277, 9175, 1644.3, 327.68, 222.6, 163.93, 323.87, 172.78, 245.81, 98.02, 30.6, 63.9, 125, 64.56, 87.89, , , , , 
1/31/2020 4:52:36 AM, 3276.75, 9174, 1644.2, 327.68, 222.6, 163.93, 323.87, 172.78, 245.81, 98.02, 30.6, 63.9, 125, 64.56, 87.89, , , , , 
1/31/2020 4:52:39 AM, 3276.75, 9174, 1644.2, 327.68, 222.6, 163.93, 323.87, 172.78, 245.81, 98.02, 30.6, 63.9, 125, 64.56, 87.89, , , , , 
1/31/2020 4:52:42 AM, 3276.5, 9173.75, 1644.2, 327.68, 222.6, 163.93, 323.87, 172.78, 245.81, 98.02, 30.6, 63.9, 125, 64.56, 87.89, , , , , 
1/31/2020 4:52:45 AM, 3276.5, 9173.75, 1644.2, 327.68, 222.6, 163.93, 323.87, 172.78, 245.81, 98.02, 30.6, 63.9, 125, 64.56, 87.89, , , , , 
1/31/2020 4:52:48 AM, 3276.5, 9173.25, 1644.1, 327.68, 222.6, 163.93, 323.87, 172.78, 245.81, 98.02, 30.6, 63.9, 125, 64.56, 87.89, , , , , 
1/31/2020 4:52:51 AM, 3276.5, 9173.25, 1644.1, 327.68, 222.6, 163.93, 323.87, 172.78, 245.81, 98.02, 30.6, 63.9, 125, 64.56, 87.89, , , , , 
1/31/2020 4:52:54 AM, 3276.5, 9174, 1644.1, 327.68, 222.6, 163.93, 323.87, 172.78, 245.81, 98.02, 30.6, 63.9, 125, 64.56, 87.89, , , , , 
1/31/2020 4:52:57 AM, 3276.5, 9174, 1644.1, 327.68, 222.6, 163.93, 323.87, 172.78, 245.81, 98.02, 30.6, 63.9, 125, 64.56, 87.89, , , , , 
1/31/2020 4:53:00 AM, 3276.5, 9173.5, 1644.1, 327.68, 222.6, 163.93, 323.87, 172.78, 245.81, 98.02, 30.6, 63.9, 125, 64.56, 87.89, , , , , 
1/31/2020 4:53:03 AM, 3276.5, 9173.5, 1644.1, 327.68, 222.6, 163.93, 323.87, 172.78, 245.81, 98.02, 30.6, 63.9, 125, 64.56, 87.89, , , , , 
1/31/2020 4:53:06 AM, 3276.5, 9173.25, 1644.1, 327.68, 222.6, 163.93, 323.87, 172.78, 245.81, 98.02, 30.6, 63.9, 125, 64.56, 87.89, , , , , 
1/31/2020 4:53:09 AM, 3276.5, 9173.25, 1644.1, 327.68, 222.6, 163.93, 323.87, 172.78, 245.81, 98.02, 30.6, 63.9, 125, 64.56, 87.89, , , , , 
1/31/2020 4:53:12 AM, 3276.5, 9173.5, 1644.2, 327.68, 222.6, 163.93, 323.87, 172.78, 245.81, 98.02, 30.6, 63.9, 125, 64.56, 87.89, , , , , 
1/31/2020 4:53:15 AM, 3276.5, 9173.5, 1644.2, 327.68, 222.6, 163.93, 323.87, 172.78, 245.81, 98.02, 30.6, 63.9, 125, 64.56, 87.89, , , , , 
1/31/2020 4:53:18 AM, 3276.75, 9173.5, 1644.2, 327.68, 222.6, 163.93, 323.87, 172.78, 245.81, 98.02, 30.6, 63.9, 125, 64.56, 87.89, , , , , 
1/31/2020 4:53:21 AM, 3276.75, 9173.5, 1644.2, 327.68, 222.6, 163.93, 323.87, 172.78, 245.81, 98.02, 30.6, 63.9, 125, 64.56, 87.89, , , , , 
1/31/2020 4:53:24 AM, 3276.5, 9173.5, 1644.2, 327.68, 222.6, 163.93, 323.87, 172.78, 245.81, 98.02, 30.6, 63.9, 125, 64.56, 87.89, , , , , 
1/31/2020 4:53:27 AM, 3276.5, 9173.5, 1644.2, 327.68, 222.6, 163.93, 323.87, 172.78, 245.81, 98.02, 30.6, 63.9, 125, 64.56, 87.89, , , , , 
1/31/2020 4:53:30 AM, 3276.5, 9173.25, 1644.2, 327.68, 222.6, 163.93, 323.87, 172.78, 245.81, 98.02, 30.6, 63.9, 125, 64.56, 87.89, , , , , 
1/31/2020 4:53:33 AM, 3276.5, 9173.25, 1644.2, 327.68, 222.6, 163.93, 323.87, 172.78, 245.81, 98.02, 30.6, 63.9, 125, 64.56, 87.89, , , , , 
1/31/2020 4:53:36 AM, 3276.5, 9173, 1644.1, 327.68, 222.6, 163.93, 323.87, 172.78, 245.81, 98.02, 30.6, 63.9, 125, 64.56, 87.89, , , , , 
1/31/2020 4:53:39 AM, 3276.5, 9173, 1644.1, 327.68, 222.6, 163.93, 323.87, 172.78, 245.81, 98.02, 30.6, 63.9, 125, 64.56, 87.89, , , , , 
1/31/2020 4:53:42 AM, 3276.75, 9173.75, 1644.3, 327.68, 222.6, 163.93, 323.87, 172.78, 245.81, 98.02, 30.6, 63.9, 125, 64.56, 87.89, , , , , 
1/31/2020 4:53:45 AM, 3276.75, 9173.75, 1644.3, 327.68, 222.6, 163.93, 323.87, 172.78, 245.81, 98.02, 30.6, 63.9, 125, 64.56, 87.89, , , , , 
1/31/2020 4:53:48 AM, 3276.75, 9173.75, 1644.3, 327.68, 222.6, 163.93, 323.87, 172.78, 245.81, 98.02, 30.6, 63.9, 125, 64.56, 87.89, , , , , 
1/31/2020 4:53:51 AM, 3276.75, 9174.25, 1644.3, 327.68, 222.6, 163.93, 323.87, 172.78, 245.81, 98.02, 30.6, 63.9, 125, 64.56, 87.89, , , , , 
1/31/2020 4:53:54 AM, 3276.75, 9174.25, 1644.3, 327.68, 222.6, 163.93, 323.87, 172.78, 245.81, 98.02, 30.6, 63.9, 125, 64.56, 87.89, , , , , 
1/31/2020 4:53:57 AM, 3277, 9175.75, 1644.5, 327.68, 222.6, 163.93, 323.87, 172.78, 245.81, 98.02, 30.6, 63.9, 125, 64.56, 87.89, , , , , 
1/31/2020 4:54:00 AM, 3277, 9175.75, 1644.5, 327.68, 222.6, 163.93, 323.87, 172.78, 245.81, 98.02, 30.6, 63.9, 125, 64.56, 87.89, , , , , 
1/31/2020 4:54:03 AM, 3277.25, 9175.75, 1644.5, 327.68, 222.6, 163.93, 323.87, 172.78, 245.81, 98.02, 30.6, 63.9, 125, 64.56, 87.89, , , , , 
1/31/2020 4:54:06 AM, 3277.25, 9175.75, 1644.5, 327.68, 222.6, 163.93, 323.87, 172.78, 245.81, 98.02, 30.6, 63.9, 125, 64.56, 87.89, , , , , 
1/31/2020 4:54:09 AM, 3277.25, 9175.5, 1644.5, 327.68, 222.6, 163.93, 323.87, 172.78, 245.81, 98.02, 30.6, 63.9, 125, 64.56, 87.89, , , , , 
1/31/2020 4:54:12 AM, 3277.25, 9175.5, 1644.5, 327.68, 222.6, 163.93, 323.87, 172.78, 245.81, 98.02, 30.6, 63.9, 125, 64.56, 87.89, , , , , 
1/31/2020 4:54:15 AM, 3277.25, 9175.75, 1644.5, 327.68, 222.6, 163.93, 323.87, 172.78, 245.81, 98.02, 30.6, 63.9, 125, 64.56, 87.89, , , , , 
1/31/2020 4:54:18 AM, 3277.25, 9175.75, 1644.5, 327.68, 222.6, 163.93, 323.87, 172.78, 245.81, 98.02, 30.6, 63.9, 125, 64.56, 87.89, , , , , 
1/31/2020 4:54:21 AM, 3277.25, 9176.25, 1644.4, 327.68, 222.6, 163.93, 323.87, 172.78, 245.81, 98.02, 30.6, 63.9, 125, 64.56, 87.89, , , , , 
1/31/2020 4:54:24 AM, 3277.25, 9176.25, 1644.4, 327.68, 222.6, 163.93, 323.87, 172.78, 245.81, 98.02, 30.6, 63.9, 125, 64.56, 87.89, , , , , 
1/31/2020 4:54:27 AM, 3277.5, 9176.5, 1644.4, 327.68, 222.6, 163.93, 323.87, 172.78, 245.81, 98.02, 30.6, 63.9, 125, 64.56, 87.89, , , , , 
1/31/2020 4:54:30 AM, 3277.5, 9177, 1644.4, 327.68, 222.6, 163.93, 323.87, 172.78, 245.81, 98.02, 30.6, 63.9, 125, 64.56, 87.89, , , , , 
1/31/2020 4:54:33 AM, 3277.5, 9177, 1644.7, 327.68, 222.6, 163.93, 323.87, 172.78, 245.81, 98.02, 30.6, 63.9, 125, 64.56, 87.89, , , , , 
1/31/2020 4:54:36 AM, 3277.5, 9177, 1644.7, 327.68, 222.6, 163.93, 323.87, 172.78, 245.81, 98.02, 30.6, 63.9, 125, 64.56, 87.89, , , , , 
1/31/2020 4:54:39 AM, 3277.5, 9176.75, 1644.7, 327.68, 222.6, 163.93, 323.87, 172.78, 245.81, 98.02, 30.6, 63.9, 125, 64.56, 87.89, , , , , 
1/31/2020 4:54:42 AM, 3277.75, 9177.75, 1644.8, 327.68, 222.6, 163.93, 323.87, 172.78, 245.81, 98.02, 30.6, 63.9, 125, 64.56, 87.89, , , , , 
1/31/2020 4:54:45 AM, 3277.75, 9176.75, 1644.7, 327.68, 222.6, 163.93, 323.87, 172.78, 245.81, 98.02, 30.6, 63.9, 125, 64.56, 87.89, , , , , 
1/31/2020 4:54:48 AM, 3277.5, 9176.5, 1644.7, 327.68, 222.6, 163.93, 323.87, 172.78, 245.81, 98.02, 30.6, 63.9, 125, 64.56, 87.89, , , , , 
1/31/2020 4:54:52 AM, 3277.5, 9176.25, 1644.6, 327.68, 222.6, 163.93, 323.87, 172.78, 245.81, 98.02, 30.6, 63.9, 125, 64.56, 87.89, , , , , 
1/31/2020 4:54:55 AM, 3277.75, 9176.5, 1644.6, 327.68, 222.6, 163.93, 323.87, 172.78, 245.81, 98.02, 30.6, 63.9, 125, 64.56, 87.89, , , , , 
1/31/2020 4:54:58 AM, 3277.75, 9177, 1644.6, 327.68, 222.6, 163.93, 323.87, 172.78, 245.81, 98.02, 30.6, 63.9, 125, 64.56, 87.89, , , , , 
1/31/2020 4:55:01 AM, 3277.5, 9176, 1644.6, 327.68, 222.6, 163.93, 323.87, 172.78, 245.81, 98.02, 30.6, 63.9, 125, 64.56, 87.89, , , , , 
1/31/2020 4:55:04 AM, 3277.75, 9176.75, 1644.7, 327.68, 222.6, 163.93, 323.87, 172.78, 245.81, 98.02, 30.6, 63.9, 125, 64.56, 87.89, , , , , 
1/31/2020 4:55:07 AM, 3277.5, 9176.25, 1644.7, 327.68, 222.6, 163.93, 323.87, 172.78, 245.81, 98.02, 30.6, 63.9, 125, 64.56, 87.89, , , , , 
1/31/2020 4:55:10 AM, 3277.25, 9175.5, 1644.6, 327.68, 222.6, 163.93, 323.87, 172.78, 245.81, 98.02, 30.6, 63.9, 125, 64.56, 87.89, , , , , 
1/31/2020 4:55:13 AM, 3277.25, 9176, 1644.6, 327.68, 222.6, 163.93, 323.87, 172.78, 245.81, 98.02, 30.6, 63.9, 125, 64.56, 87.89, , , , , 
1/31/2020 4:55:16 AM, 3277.25, 9175.75, 1644.6, 327.68, 222.6, 163.93, 323.87, 172.78, 245.81, 98.02, 30.6, 63.9, 125, 64.56, 87.89, , , , , 
1/31/2020 4:55:19 AM, 3277.5, 9175.75, 1644.7, 327.68, 222.6, 163.93, 323.87, 172.78, 245.81, 98.02, 30.6, 63.9, 125, 64.56, 87.89, , , , , 
1/31/2020 4:55:22 AM, 3277.25, 9176.25, 1644.7, 327.68, 222.6, 163.93, 323.87, 172.78, 245.81, 98.02, 30.6, 63.9, 125, 64.56, 87.89, , , , , 
1/31/2020 4:55:25 AM, 3277.5, 9176.5, 1644.7, 327.68, 222.6, 163.93, 323.87, 172.78, 245.81, 98.02, 30.6, 63.9, 125, 64.56, 87.89, , , , , 
1/31/2020 4:55:28 AM, 3277.75, 9176.5, 1644.7, 327.68, 222.6, 163.93, 323.87, 172.78, 245.81, 98.02, 30.6, 63.9, 125, 64.56, 87.89, , , , , 
1/31/2020 4:55:31 AM, 3278, 9176.5, 1644.9, 327.68, 222.6, 163.93, 323.87, 172.78, 245.81, 98.02, 30.6, 63.9, 125, 64.56, 87.89, , , , , 
1/31/2020 4:55:34 AM, 3277.75, 9176.75, 1644.9, 327.68, 222.6, 163.93, 323.87, 172.78, 245.81, 98.02, 30.6, 63.9, 125, 64.56, 87.89, , , , , 
1/31/2020 4:55:37 AM, 3277.75, 9176.25, 1644.9, 327.68, 222.6, 163.93, 323.87, 172.78, 245.81, 98.02, 30.6, 63.9, 125, 64.56, 87.89, , , , , 
1/31/2020 4:55:40 AM, 3277.75, 9176.25, 1644.8, 327.68, 222.6, 163.93, 323.87, 172.78, 245.81, 98.02, 30.6, 63.9, 125, 64.56, 87.89, , , , , 
1/31/2020 4:55:43 AM, 3277.5, 9175.75, 1644.8, 327.68, 222.6, 163.93, 323.87, 172.78, 245.81, 98.02, 30.6, 63.9, 125, 64.56, 87.89, , , , , 
1/31/2020 4:55:46 AM, 3277.5, 9176.25, 1644.8, 327.68, 222.6, 163.93, 323.87, 172.78, 245.81, 98.02, 30.6, 63.9, 125, 64.56, 87.89, , , , , 
1/31/2020 4:55:49 AM, 3277.5, 9176.25, 1644.8, 327.68, 222.6, 163.93, 323.87, 172.78, 245.81, 98.02, 30.6, 63.9, 125, 64.56, 87.89, , , , , 
1/31/2020 4:55:52 AM, 3277.5, 9175.25, 1644.6, 327.68, 222.6, 163.93, 323.87, 172.78, 245.81, 98.02, 30.6, 63.9, 125, 64.56, 87.89, , , , , 
1/31/2020 4:55:55 AM, 3277.5, 9175.75, 1644.6, 327.68, 222.6, 163.93, 323.87, 172.78, 245.81, 98.02, 30.6, 63.9, 125, 64.56, 87.89, , , , , 
1/31/2020 4:55:58 AM, 3277.5, 9175.75, 1644.6, 327.68, 222.6, 163.93, 323.87, 172.78, 245.81, 98.02, 30.6, 63.9, 125, 64.56, 87.89, , , , , 
1/31/2020 4:56:01 AM, 3277.5, 9175.75, 1644.6, 327.68, 222.6, 163.93, 323.87, 172.78, 245.81, 98.02, 30.6, 63.9, 125, 64.56, 87.89, , , , , 
1/31/2020 4:56:04 AM, 3277.5, 9175.5, 1644.7, 327.68, 222.6, 163.93, 323.87, 172.78, 245.81, 98.02, 30.6, 63.9, 125, 64.56, 87.89, , , , , 
1/31/2020 4:56:07 AM, 3277.5, 9175.75, 1644.7, 327.68, 222.6, 163.93, 323.87, 172.78, 245.81, 98.02, 30.6, 63.9, 125, 64.56, 87.89, , , , , 
1/31/2020 4:56:10 AM, 3277.5, 9175.5, 1644.8, 327.68, 222.6, 163.93, 323.87, 172.78, 245.81, 98.02, 30.6, 63.9, 125, 64.56, 87.89, , , , , 
1/31/2020 4:56:13 AM, 3277.75, 9175.5, 1644.8, 327.68, 222.6, 163.93, 323.87, 172.78, 245.81, 98.02, 30.6, 63.9, 125, 64.56, 87.89, , , , , 
1/31/2020 4:56:16 AM, 3277.5, 9175.5, 1644.8, 327.68, 222.6, 163.93, 323.87, 172.78, 245.81, 98.02, 30.6, 63.9, 125, 64.56, 87.89, , , , , 
1/31/2020 4:56:19 AM, 3277.5, 9175.5, 1644.8, 327.68, 222.6, 163.93, 323.87, 172.78, 245.81, 98.02, 30.6, 63.9, 125, 64.56, 87.89, , , , , 
1/31/2020 4:56:22 AM, 3277.5, 9176, 1644.8, 327.68, 222.6, 163.93, 323.87, 172.78, 245.81, 98.02, 30.6, 63.9, 125, 64.56, 87.89, , , , , 
1/31/2020 4:56:25 AM, 3277.75, 9176.75, 1644.9, 327.68, 222.6, 163.93, 323.87, 172.78, 245.81, 98.02, 30.6, 63.9, 125, 64.56, 87.89, , , , , 
1/31/2020 4:56:28 AM, 3277.75, 9177, 1644.9, 327.68, 222.6, 163.93, 323.87, 172.78, 245.81, 98.02, 30.6, 63.9, 125, 64.56, 87.89, , , , , 
1/31/2020 4:56:31 AM, 3277.5, 9176.25, 1644.9, 327.68, 222.6, 163.93, 323.87, 172.78, 245.81, 98.02, 30.6, 63.9, 125, 64.56, 87.89, , , , , 
1/31/2020 4:56:34 AM, 3277.5, 9176, 1644.8, 327.68, 222.6, 163.93, 323.87, 172.78, 245.81, 98.02, 30.6, 63.9, 125, 64.56, 87.89, , , , , 
1/31/2020 4:56:37 AM, 3277.5, 9176.25, 1644.8, 327.68, 222.6, 163.93, 323.87, 172.78, 245.81, 98.02, 30.6, 63.9, 125, 64.56, 87.89, , , , , 
1/31/2020 4:56:40 AM, 3277.25, 9175, 1644.6, 327.68, 222.6, 163.93, 323.87, 172.78, 245.81, 98.02, 30.6, 63.9, 125, 64.56, 87.89, , , , , 
1/31/2020 4:56:43 AM, 3277.25, 9174.75, 1644.6, 327.68, 222.6, 163.93, 323.87, 172.78, 245.81, 98.02, 30.6, 63.9, 125, 64.56, 87.89, , , , , 
1/31/2020 4:56:46 AM, 3277, 9174.75, 1644.6, 327.68, 222.6, 163.93, 323.87, 172.78, 245.81, 98.02, 30.6, 63.9, 125, 64.56, 87.89, , , , , 
1/31/2020 4:56:49 AM, 3277, 9174.25, 1644.5, 327.68, 222.6, 163.93, 323.87, 172.78, 245.81, 98.02, 30.6, 63.9, 125, 64.56, 87.89, , , , , 
1/31/2020 4:56:52 AM, 3277, 9174.5, 1644.5, 327.68, 222.6, 163.93, 323.87, 172.78, 245.81, 98.02, 30.6, 63.9, 125, 64.56, 87.89, , , , , 
1/31/2020 4:56:55 AM, 3277, 9174.25, 1644.5, 327.68, 222.6, 163.93, 323.87, 172.78, 245.81, 98.02, 30.6, 63.9, 125, 64.56, 87.89, , , , , 
1/31/2020 4:56:58 AM, 3277, 9174.25, 1644.5, 327.68, 222.6, 163.93, 323.87, 172.78, 245.81, 98.02, 30.6, 63.9, 125, 64.56, 87.89, , , , , 
1/31/2020 4:57:01 AM, 3277, 9174.25, 1644.5, 327.68, 222.6, 163.93, 323.87, 172.78, 245.81, 98.02, 30.6, 63.9, 125, 64.56, 87.89, , , , , 
1/31/2020 4:57:04 AM, 3277, 9174.75, 1644.5, 327.68, 222.6, 163.93, 323.87, 172.78, 245.81, 98.02, 30.6, 63.9, 125, 64.56, 87.89, , , , , 
1/31/2020 4:57:08 AM, 3277.25, 9175.5, 1644.7, 327.68, 222.6, 163.93, 323.87, 172.78, 245.81, 98.02, 30.6, 63.9, 125, 64.56, 87.89, , , , , 
1/31/2020 4:57:11 AM, 3277.25, 9175.25, 1644.7, 327.68, 222.6, 163.93, 323.87, 172.78, 245.81, 98.02, 30.6, 63.9, 125, 64.56, 87.89, , , , , 
1/31/2020 4:57:14 AM, 3277.25, 9175.5, 1644.7, 327.68, 222.6, 163.93, 323.87, 172.78, 245.81, 98.02, 30.6, 63.9, 125, 64.56, 87.89, , , , , 
1/31/2020 4:57:17 AM, 3277.25, 9175.25, 1644.7, 327.68, 222.6, 163.93, 323.87, 172.78, 245.81, 98.02, 30.6, 63.9, 125, 64.56, 87.89, , , , , 
1/31/2020 4:57:20 AM, 3277.25, 9175.5, 1644.7, 327.68, 222.6, 163.93, 323.87, 172.78, 245.81, 98.02, 30.6, 63.9, 125, 64.56, 87.89, , , , , 
1/31/2020 4:57:23 AM, 3277.5, 9175.5, 1644.6, 327.68, 222.6, 163.93, 323.87, 172.78, 245.81, 98.02, 30.6, 63.9, 125, 64.56, 87.89, , , , , 
1/31/2020 4:57:26 AM, 3277.5, 9175.25, 1644.6, 327.68, 222.6, 163.93, 323.87, 172.78, 245.81, 98.02, 30.6, 63.9, 125, 64.56, 87.89, , , , , 
1/31/2020 4:57:29 AM, 3277.25, 9175, 1644.6, 327.68, 222.6, 163.93, 323.87, 172.78, 245.81, 98.02, 30.6, 63.9, 125, 64.56, 87.89, , , , , 
1/31/2020 4:57:32 AM, 3277.25, 9175, 1644.6, 327.68, 222.6, 163.93, 323.87, 172.78, 245.81, 98.02, 30.6, 63.9, 125, 64.56, 87.89, , , , , 
1/31/2020 4:57:35 AM, 3277, 9175.25, 1644.6, 327.68, 222.6, 163.93, 323.87, 172.78, 245.81, 98.02, 30.6, 63.9, 125, 64.56, 87.89, , , , , 
1/31/2020 4:57:38 AM, 3277, 9175, 1644.6, 327.68, 222.6, 163.93, 323.87, 172.78, 245.81, 98.02, 30.6, 63.9, 125, 64.56, 87.89, , , , , 
1/31/2020 4:57:41 AM, 3277, 9175, 1644.6, 327.68, 222.6, 163.93, 323.87, 172.78, 245.81, 98.02, 30.6, 63.9, 125, 64.56, 87.89, , , , , 
1/31/2020 4:57:44 AM, 3277, 9175, 1644.6, 327.68, 222.6, 163.93, 323.87, 172.78, 245.81, 98.02, 30.6, 63.9, 125, 64.56, 87.89, , , , , 
1/31/2020 4:57:47 AM, 3276.75, 9174.5, 1644.5, 327.68, 222.6, 163.93, 323.87, 172.78, 245.81, 98.02, 30.6, 63.9, 125, 64.56, 87.89, , , , , 
1/31/2020 4:57:50 AM, 3277, 9174.5, 1644.5, 327.68, 222.6, 163.93, 323.87, 172.78, 245.81, 98.02, 30.6, 63.9, 125, 64.56, 87.89, , , , , 
1/31/2020 4:57:53 AM, 3277, 9174.75, 1644.5, 327.68, 222.6, 163.93, 323.87, 172.78, 245.81, 98.02, 30.6, 63.9, 125, 64.56, 87.89, , , , , 
1/31/2020 4:57:56 AM, 3277, 9174.75, 1644.5, 327.68, 222.6, 163.93, 323.87, 172.78, 245.81, 98.02, 30.6, 63.9, 125, 64.56, 87.89, , , , , 
1/31/2020 4:57:59 AM, 3277, 9174.75, 1644.5, 327.68, 222.6, 163.93, 323.87, 172.78, 245.81, 98.02, 30.6, 63.9, 125, 64.56, 87.89, , , , , 
1/31/2020 4:58:02 AM, 3277, 9175.5, 1644.6, 327.68, 222.6, 163.93, 323.87, 172.78, 245.81, 98.02, 30.6, 63.9, 125, 64.56, 87.89, , , , , 
1/31/2020 4:58:05 AM, 3277, 9175, 1644.6, 327.68, 222.6, 163.93, 323.87, 172.78, 245.81, 98.02, 30.6, 63.9, 125, 64.56, 87.89, , , , , 
1/31/2020 4:58:08 AM, 3277.25, 9175, 1644.6, 327.68, 222.6, 163.93, 323.87, 172.78, 245.81, 98.02, 30.6, 63.9, 125, 64.56, 87.89, , , , , 
1/31/2020 4:58:11 AM, 3277, 9174.75, 1644.6, 327.68, 222.6, 163.93, 323.87, 172.78, 245.81, 98.02, 30.6, 63.9, 125, 64.56, 87.89, , , , , 
1/31/2020 4:58:14 AM, 3277, 9174.75, 1644.6, 327.68, 222.6, 163.93, 323.87, 172.78, 245.81, 98.02, 30.6, 63.9, 125, 64.56, 87.89, , , , , 
1/31/2020 4:58:17 AM, 3277, 9175.5, 1644.6, 327.68, 222.6, 163.93, 323.87, 172.78, 245.81, 98.02, 30.6, 63.9, 125, 64.56, 87.89, , , , , 
1/31/2020 4:58:20 AM, 3277.25, 9175.5, 1644.6, 327.68, 222.6, 163.93, 323.87, 172.78, 245.81, 98.02, 30.6, 63.9, 125, 64.56, 87.89, , , , , 
1/31/2020 4:58:23 AM, 3277.25, 9175.5, 1644.6, 327.68, 222.6, 163.93, 323.87, 172.78, 245.81, 98.02, 30.6, 63.9, 125, 64.56, 87.89, , , , , 
1/31/2020 4:58:26 AM, 3277, 9175.5, 1644.6, 327.68, 222.6, 163.93, 323.87, 172.78, 245.81, 98.02, 30.6, 63.9, 125, 64.56, 87.89, , , , , 
1/31/2020 4:58:29 AM, 3277.25, 9175, 1644.5, 327.68, 222.6, 163.93, 323.87, 172.78, 245.81, 98.02, 30.6, 63.9, 125, 64.56, 87.89, , , , , 
1/31/2020 4:58:32 AM, 3276.75, 9174.25, 1644.4, 327.68, 222.6, 163.93, 323.87, 172.78, 245.81, 98.02, 30.6, 63.9, 125, 64.56, 87.89, , , , , 
1/31/2020 4:58:35 AM, 3277, 9174.75, 1644.5, 327.68, 222.6, 163.93, 323.87, 172.78, 245.81, 98.02, 30.6, 63.9, 125, 64.56, 87.89, , , , , 
1/31/2020 4:58:38 AM, 3277.25, 9175, 1644.6, 327.68, 222.6, 163.93, 323.87, 172.78, 245.81, 98.02, 30.6, 63.9, 125, 64.56, 87.89, , , , , 
1/31/2020 4:58:41 AM, 3277, 9175, 1644.6, 327.68, 222.6, 163.93, 323.87, 172.78, 245.81, 98.02, 30.6, 63.9, 125, 64.56, 87.89, , , , , 
1/31/2020 4:58:44 AM, 3277, 9174.25, 1644.5, 327.68, 222.6, 163.93, 323.87, 172.78, 245.81, 98.02, 30.6, 63.9, 125, 64.56, 87.89, , , , , 
1/31/2020 4:58:47 AM, 3276.75, 9173.25, 1644.5, 327.68, 222.6, 163.93, 323.87, 172.78, 245.81, 98.02, 30.6, 63.9, 125, 64.56, 87.89, , , , , 
1/31/2020 4:58:50 AM, 3276.75, 9173.25, 1644.4, 327.68, 222.6, 163.93, 323.87, 172.78, 245.81, 98.02, 30.6, 63.9, 125, 64.56, 87.89, , , , , 
1/31/2020 4:58:53 AM, 3276.75, 9173.75, 1644.3, 327.68, 222.6, 163.93, 323.87, 172.78, 245.81, 98.02, 30.6, 63.9, 125, 64.56, 87.89, , , , , 
1/31/2020 4:58:56 AM, 3276.75, 9173.75, 1644.3, 327.68, 222.6, 163.93, 323.87, 172.78, 245.81, 98.02, 30.6, 63.9, 125, 64.56, 87.89, , , , , 
1/31/2020 4:58:59 AM, 3276.75, 9173.5, 1644.3, 327.68, 222.6, 163.93, 323.87, 172.78, 245.81, 98.02, 30.6, 63.9, 125, 64.56, 87.89, , , , , 
1/31/2020 4:59:02 AM, 3276.75, 9174.25, 1644.3, 327.68, 222.6, 163.93, 323.87, 172.78, 245.81, 98.02, 30.6, 63.9, 125, 64.56, 87.89, , , , , 
1/31/2020 4:59:05 AM, 3276.75, 9174, 1644.4, 327.68, 222.6, 163.93, 323.87, 172.78, 245.81, 98.02, 30.6, 63.9, 125, 64.56, 87.89, , , , , 
1/31/2020 4:59:08 AM, 3277, 9174, 1644.5, 327.68, 222.6, 163.93, 323.87, 172.78, 245.81, 98.02, 30.6, 63.9, 125, 64.56, 87.89, , , , , 
1/31/2020 4:59:11 AM, 3276.75, 9173.75, 1644.5, 327.68, 222.6, 163.93, 323.87, 172.78, 245.81, 98.02, 30.6, 63.9, 125, 64.56, 87.89, , , , , 
1/31/2020 4:59:14 AM, 3276.75, 9173.25, 1644.4, 327.68, 222.6, 163.93, 323.87, 172.78, 245.81, 98.02, 30.6, 63.9, 125, 64.56, 87.89, , , , , 
1/31/2020 4:59:17 AM, 3276.75, 9173.5, 1644.4, 327.68, 222.6, 163.93, 323.87, 172.78, 245.81, 98.02, 30.6, 63.9, 125, 64.56, 87.89, , , , , 
1/31/2020 4:59:20 AM, 3276.75, 9173.5, 1644.4, 327.68, 222.6, 163.93, 323.87, 172.78, 245.81, 98.02, 30.6, 63.9, 125, 64.56, 87.89, , , , , 
1/31/2020 4:59:23 AM, 3276.75, 9173.5, 1644.4, 327.68, 222.6, 163.93, 323.87, 172.78, 245.81, 98.02, 30.6, 63.9, 125, 64.56, 87.89, , , , , 
1/31/2020 4:59:26 AM, 3276.75, 9174, 1644.4, 327.68, 222.6, 163.93, 323.87, 172.78, 245.81, 98.02, 30.6, 63.9, 125, 64.56, 87.89, , , , , 
1/31/2020 4:59:29 AM, 3276.75, 9174.25, 1644.4, 327.68, 222.6, 163.93, 323.87, 172.78, 245.81, 98.02, 30.6, 63.9, 125, 64.56, 87.89, , , , , 
1/31/2020 4:59:32 AM, 3276.75, 9174, 1644.4, 327.68, 222.6, 163.93, 323.87, 172.78, 245.81, 98.02, 30.6, 63.9, 125, 64.56, 87.89, , , , , 
1/31/2020 4:59:35 AM, 3276.75, 9174, 1644.5, 327.68, 222.6, 163.93, 323.87, 172.78, 245.81, 98.02, 30.6, 63.9, 125, 64.56, 87.89, , , , , 
1/31/2020 4:59:38 AM, 3277.25, 9174.5, 1644.4, 327.68, 222.6, 163.93, 323.87, 172.78, 245.81, 98.02, 30.6, 63.9, 125, 64.56, 87.89, , , , , 
1/31/2020 4:59:42 AM, 3277.25, 9174.5, 1644.4, 327.68, 222.6, 163.93, 323.87, 172.78, 245.81, 98.02, 30.6, 63.9, 125, 64.56, 87.89, , , , , 
1/31/2020 4:59:45 AM, 3277.25, 9175.5, 1644.7, 327.68, 222.6, 163.93, 323.87, 172.78, 245.81, 98.02, 30.6, 63.9, 125, 64.56, 87.89, , , , , 
1/31/2020 4:59:48 AM, 3277.25, 9175.5, 1644.7, 327.68, 222.6, 163.93, 323.87, 172.78, 245.81, 98.02, 30.6, 63.9, 125, 64.56, 87.89, , , , , 
1/31/2020 4:59:51 AM, 3277.75, 9176.25, 1644.8, 327.68, 222.6, 163.93, 323.87, 172.78, 245.81, 98.02, 30.6, 63.9, 125, 64.56, 87.89, , , , , 
1/31/2020 4:59:54 AM, 3277.75, 9176.25, 1644.8, 327.68, 222.6, 163.93, 323.87, 172.78, 245.81, 98.02, 30.6, 63.9, 125, 64.56, 87.89, , , , , 
1/31/2020 4:59:57 AM, 3277.75, 9176.5, 1644.9, 327.68, 222.6, 163.93, 323.87, 172.78, 245.81, 98.02, 30.6, 63.9, 125, 64.56, 87.89, , , , , 
1/31/2020 5:00:00 AM, 3277.75, 9176.5, 1644.9, 327.68, 222.6, 163.93, 323.87, 172.78, 245.81, 98.02, 30.6, 63.9, 125, 64.56, 87.89, , , , , 
1/31/2020 5:00:03 AM, 3277, 9174, 1644.5, 327.68, 222.6, 163.93, 323.87, 172.78, 245.81, 98.02, 30.6, 63.9, 125, 64.56, 87.89, , , , , 
1/31/2020 5:00:06 AM, 3277, 9174, 1644.5, 327.68, 222.6, 163.93, 323.87, 172.78, 245.81, 98.02, 30.6, 63.9, 125, 64.56, 87.89, , , , , 
1/31/2020 5:00:09 AM, 3277, 9173.5, 1644.5, 327.68, 222.6, 163.93, 323.87, 172.78, 245.81, 98.02, 30.6, 63.9, 125, 64.56, 87.89, , , , , 
1/31/2020 5:00:12 AM, 3277, 9173.5, 1644.5, 327.68, 222.6, 163.93, 323.87, 172.78, 245.81, 98.02, 30.6, 63.9, 125, 64.56, 87.89, , , , , 
1/31/2020 5:00:15 AM, 3276.75, 9172.5, 1644.5, 327.68, 222.6, 163.93, 323.87, 172.78, 245.81, 98.02, 30.6, 63.9, 125, 64.56, 87.89, , , , , 
1/31/2020 5:00:18 AM, 3276.75, 9172.5, 1644.5, 327.68, 222.6, 163.93, 323.87, 172.78, 245.81, 98.02, 30.6, 63.9, 125, 64.56, 87.89, , , , , 
1/31/2020 5:00:21 AM, 3276.5, 9171.75, 1644.3, 327.68, 222.6, 163.93, 323.87, 172.78, 245.81, 98.02, 30.6, 63.9, 125, 64.56, 87.89, , , , , 
1/31/2020 5:00:24 AM, 3276.5, 9171.75, 1644.3, 327.68, 222.6, 163.93, 323.87, 172.78, 245.81, 98.02, 30.6, 63.9, 125, 64.56, 87.89, , , , , 
1/31/2020 5:00:27 AM, 3276.5, 9172.5, 1644.5, 327.68, 222.6, 163.93, 323.87, 172.78, 245.81, 98.02, 30.6, 63.9, 125, 64.56, 87.89, , , , , 
1/31/2020 5:00:30 AM, 3276.5, 9172.5, 1644.5, 327.68, 222.6, 163.93, 323.87, 172.78, 245.81, 98.02, 30.6, 63.9, 125, 64.56, 87.89, , , , , 
1/31/2020 5:00:33 AM, 3276.5, 9172.25, 1644.4, 327.68, 222.6, 163.93, 323.87, 172.78, 245.81, 98.02, 30.6, 63.9, 125, 64.56, 87.89, , , , , 
1/31/2020 5:00:36 AM, 3276.5, 9172.25, 1644.4, 327.68, 222.6, 163.93, 323.87, 172.78, 245.81, 98.02, 30.6, 63.9, 125, 64.56, 87.89, , , , , 
1/31/2020 5:00:39 AM, 3276.5, 9172.25, 1644.3, 327.68, 222.6, 163.93, 323.87, 172.78, 245.81, 98.02, 30.6, 63.9, 125, 64.56, 87.89, , , , , 
1/31/2020 5:00:42 AM, 3276.5, 9172.25, 1644.3, 327.68, 222.6, 163.93, 323.87, 172.78, 245.81, 98.02, 30.6, 63.9, 125, 64.56, 87.89, , , , , 
1/31/2020 5:00:45 AM, 3276.25, 9172, 1644.3, 327.68, 222.6, 163.93, 323.87, 172.78, 245.81, 98.02, 30.6, 63.9, 125, 64.56, 87.89, , , , , 
1/31/2020 5:00:48 AM, 3276.25, 9172, 1644.3, 327.68, 222.6, 163.93, 323.87, 172.78, 245.81, 98.02, 30.6, 63.9, 125, 64.56, 87.89, , , , , 
1/31/2020 5:00:51 AM, 3276.5, 9172, 1644.3, 327.68, 222.6, 163.93, 323.87, 172.78, 245.81, 98.02, 30.6, 63.9, 125, 64.56, 87.89, , , , , 
1/31/2020 5:00:54 AM, 3276.5, 9172, 1644.3, 327.68, 222.6, 163.93, 323.87, 172.78, 245.81, 98.02, 30.6, 63.9, 125, 64.56, 87.89, , , , , 
1/31/2020 5:00:57 AM, 3276.25, 9172, 1644.3, 327.68, 222.6, 163.93, 323.87, 172.78, 245.81, 98.02, 30.6, 63.9, 125, 64.56, 87.89, , , , , 
1/31/2020 5:01:00 AM, 3276.75, 9173, 1644.4, 327.68, 222.6, 163.93, 323.87, 172.78, 245.81, 98.02, 30.6, 63.9, 125, 64.56, 87.89, , , , , 
1/31/2020 5:01:03 AM, 3276.75, 9173, 1644.4, 327.68, 222.6, 163.93, 323.87, 172.78, 245.81, 98.02, 30.6, 63.9, 125, 64.56, 87.89, , , , , 
1/31/2020 5:01:06 AM, 3276.75, 9173.25, 1644.4, 327.68, 222.6, 163.93, 323.87, 172.78, 245.81, 98.02, 30.6, 63.9, 125, 64.56, 87.89, , , , , 
1/31/2020 5:01:09 AM, 3276.25, 9172, 1644.4, 327.68, 222.6, 163.93, 323.87, 172.78, 245.81, 98.02, 30.6, 63.9, 125, 64.56, 87.89, , , , , 
1/31/2020 5:01:12 AM, 3276.25, 9171.75, 1644.4, 327.68, 222.6, 163.93, 323.87, 172.78, 245.81, 98.02, 30.6, 63.9, 125, 64.56, 87.89, , , , , 
1/31/2020 5:01:15 AM, 3276.25, 9171.5, 1644.4, 327.68, 222.6, 163.93, 323.87, 172.78, 245.81, 98.02, 30.6, 63.9, 125, 64.56, 87.89, , , , , 
1/31/2020 5:01:18 AM, 3276, 9171.25, 1644, 327.68, 222.6, 163.93, 323.87, 172.78, 245.81, 98.02, 30.6, 63.9, 125, 64.56, 87.89, , , , , 
1/31/2020 5:01:21 AM, 3276.25, 9171.75, 1644, 327.68, 222.6, 163.93, 323.87, 172.78, 245.81, 98.02, 30.6, 63.9, 125, 64.56, 87.89, , , , , 
1/31/2020 5:01:24 AM, 3276.25, 9171.75, 1644, 327.68, 222.6, 163.93, 323.87, 172.78, 245.81, 98.02, 30.6, 63.9, 125, 64.56, 87.89, , , , , 
1/31/2020 5:01:27 AM, 3276.5, 9172.75, 1644.3, 327.68, 222.6, 163.93, 323.87, 172.78, 245.81, 98.02, 30.6, 63.9, 125, 64.56, 87.89, , , , , 
1/31/2020 5:01:30 AM, 3276.5, 9172.75, 1644.3, 327.68, 222.6, 163.93, 323.87, 172.78, 245.81, 98.02, 30.6, 63.9, 125, 64.56, 87.89, , , , , 
1/31/2020 5:01:33 AM, 3276.25, 9172.75, 1644.3, 327.68, 222.6, 163.93, 323.87, 172.78, 245.81, 98.02, 30.6, 63.9, 125, 64.56, 87.89, , , , , 
1/31/2020 5:01:36 AM, 3276.25, 9171.75, 1644.2, 327.68, 222.6, 163.93, 323.87, 172.78, 245.81, 98.02, 30.6, 63.9, 125, 64.56, 87.89, , , , , 
1/31/2020 5:01:39 AM, 3276, 9172, 1644.1, 327.68, 222.6, 163.93, 323.87, 172.78, 245.81, 98.02, 30.6, 63.9, 125, 64.56, 87.89, , , , , 
1/31/2020 5:01:42 AM, 3276, 9172, 1644.1, 327.68, 222.6, 163.93, 323.87, 172.78, 245.81, 98.02, 30.6, 63.9, 125, 64.56, 87.89, , , , , 
1/31/2020 5:01:45 AM, 3276, 9172, 1644.1, 327.68, 222.6, 163.93, 323.87, 172.78, 245.81, 98.02, 30.6, 63.9, 125, 64.56, 87.89, , , , , 
1/31/2020 5:01:48 AM, 3276, 9171.25, 1644.1, 327.68, 222.6, 163.93, 323.87, 172.78, 245.81, 98.02, 30.6, 63.9, 125, 64.56, 87.89, , , , , 
1/31/2020 5:01:51 AM, 3276, 9171, 1644.1, 327.68, 222.6, 163.93, 323.87, 172.78, 245.81, 98.02, 30.6, 63.9, 125, 64.56, 87.89, , , , , 
1/31/2020 5:01:54 AM, 3276.25, 9171.5, 1644.2, 327.68, 222.6, 163.93, 323.87, 172.78, 245.81, 98.02, 30.6, 63.9, 125, 64.56, 87.89, , , , , 
1/31/2020 5:01:57 AM, 3276, 9170.75, 1644.1, 327.68, 222.6, 163.93, 323.87, 172.78, 245.81, 98.02, 30.6, 63.9, 125, 64.56, 87.89, , , , , 
1/31/2020 5:02:01 AM, 3275.5, 9169.5, 1643.8, 327.68, 222.6, 163.93, 323.87, 172.78, 245.81, 98.02, 30.6, 63.9, 125, 64.56, 87.89, , , , , 
1/31/2020 5:02:04 AM, 3275.25, 9168.25, 1643.8, 327.68, 222.6, 163.93, 323.87, 172.78, 245.81, 98.02, 30.6, 63.9, 125, 64.56, 87.89, , , , , 
1/31/2020 5:02:07 AM, 3274.75, 9167, 1643.8, 327.68, 222.6, 163.93, 323.87, 172.78, 245.81, 98.02, 30.6, 63.9, 125, 64.56, 87.89, , , , , 
1/31/2020 5:02:10 AM, 3274.75, 9165.25, 1643.4, 327.68, 222.6, 163.93, 323.87, 172.78, 245.81, 98.02, 30.6, 63.9, 125, 64.56, 87.89, , , , , 
1/31/2020 5:02:13 AM, 3275.25, 9166.5, 1643.5, 327.68, 222.6, 163.93, 323.87, 172.78, 245.81, 98.02, 30.6, 63.9, 125, 64.56, 87.89, , , , , 
1/31/2020 5:02:16 AM, 3275.25, 9166.25, 1643.6, 327.68, 222.6, 163.93, 323.87, 172.78, 245.81, 98.02, 30.6, 63.9, 125, 64.56, 87.89, , , , , 
1/31/2020 5:02:19 AM, 3274.75, 9165.5, 1643.5, 327.68, 222.6, 163.93, 323.87, 172.78, 245.81, 98.02, 30.6, 63.9, 125, 64.56, 87.89, , , , , 
1/31/2020 5:02:22 AM, 3275.25, 9166, 1643.6, 327.68, 222.6, 163.93, 323.87, 172.78, 245.81, 98.02, 30.6, 63.9, 125, 64.56, 87.89, , , , , 
1/31/2020 5:02:25 AM, 3275, 9165.5, 1643.6, 327.68, 222.6, 163.93, 323.87, 172.78, 245.81, 98.02, 30.6, 63.9, 125, 64.56, 87.89, , , , , 
1/31/2020 5:02:28 AM, 3275.25, 9166, 1643.6, 327.68, 222.6, 163.93, 323.87, 172.78, 245.81, 98.02, 30.6, 63.9, 125, 64.56, 87.89, , , , , 
1/31/2020 5:02:31 AM, 3275, 9166.5, 1643.6, 327.68, 222.6, 163.93, 323.87, 172.78, 245.81, 98.02, 30.6, 63.9, 125, 64.56, 87.89, , , , , 
1/31/2020 5:02:34 AM, 3275.25, 9166.5, 1643.7, 327.68, 222.6, 163.93, 323.87, 172.78, 245.81, 98.02, 30.6, 63.9, 125, 64.56, 87.89, , , , , 
1/31/2020 5:02:37 AM, 3275, 9166.75, 1643.6, 327.68, 222.6, 163.93, 323.87, 172.78, 245.81, 98.02, 30.6, 63.9, 125, 64.56, 87.89, , , , , 
1/31/2020 5:02:40 AM, 3275.5, 9167.5, 1643.6, 327.68, 222.6, 163.93, 323.87, 172.78, 245.81, 98.02, 30.6, 63.9, 125, 64.56, 87.89, , , , , 
1/31/2020 5:02:43 AM, 3275.75, 9167.5, 1643.8, 327.68, 222.6, 163.93, 323.87, 172.78, 245.81, 98.02, 30.6, 63.9, 125, 64.56, 87.89, , , , , 
1/31/2020 5:02:46 AM, 3276, 9170, 1644, 327.68, 222.6, 163.93, 323.87, 172.78, 245.81, 98.02, 30.6, 63.9, 125, 64.56, 87.89, , , , , 
1/31/2020 5:02:49 AM, 3275.75, 9169.5, 1643.9, 327.68, 222.6, 163.93, 323.87, 172.78, 245.81, 98.02, 30.6, 63.9, 125, 64.56, 87.89, , , , , 
1/31/2020 5:02:52 AM, 3275.75, 9169.75, 1643.9, 327.68, 222.6, 163.93, 323.87, 172.78, 245.81, 98.02, 30.6, 63.9, 125, 64.56, 87.89, , , , , 
1/31/2020 5:02:55 AM, 3275.75, 9169, 1643.8, 327.68, 222.6, 163.93, 323.87, 172.78, 245.81, 98.02, 30.6, 63.9, 125, 64.56, 87.89, , , , , 
1/31/2020 5:02:58 AM, 3275.75, 9169.25, 1643.9, 327.68, 222.6, 163.93, 323.87, 172.78, 245.81, 98.02, 30.6, 63.9, 125, 64.56, 87.89, , , , , 
1/31/2020 5:03:01 AM, 3276, 9170.25, 1644, 327.68, 222.6, 163.93, 323.87, 172.78, 245.81, 98.02, 30.6, 63.9, 125, 64.56, 87.89, , , , , 
1/31/2020 5:03:04 AM, 3276.5, 9172, 1644.2, 327.68, 222.6, 163.93, 323.87, 172.78, 245.81, 98.02, 30.6, 63.9, 125, 64.56, 87.89, , , , , 
1/31/2020 5:03:07 AM, 3276.5, 9172, 1644.2, 327.68, 222.6, 163.93, 323.87, 172.78, 245.81, 98.02, 30.6, 63.9, 125, 64.56, 87.89, , , , , 
1/31/2020 5:03:10 AM, 3276.75, 9173.25, 1644.3, 327.68, 222.6, 163.93, 323.87, 172.78, 245.81, 98.02, 30.6, 63.9, 125, 64.56, 87.89, , , , , 
1/31/2020 5:03:13 AM, 3276.75, 9173.25, 1644.3, 327.68, 222.6, 163.93, 323.87, 172.78, 245.81, 98.02, 30.6, 63.9, 125, 64.56, 87.89, , , , , 
1/31/2020 5:03:16 AM, 3276.5, 9173.25, 1644.3, 327.68, 222.6, 163.93, 323.87, 172.78, 245.81, 98.02, 30.6, 63.9, 125, 64.56, 87.89, , , , , 
1/31/2020 5:03:19 AM, 3276.75, 9173.75, 1644.3, 327.68, 222.6, 163.93, 323.87, 172.78, 245.81, 98.02, 30.6, 63.9, 125, 64.56, 87.89, , , , , 
1/31/2020 5:03:22 AM, 3276.75, 9174, 1644.3, 327.68, 222.6, 163.93, 323.87, 172.78, 245.81, 98.02, 30.6, 63.9, 125, 64.56, 87.89, , , , , 
1/31/2020 5:03:25 AM, 3277.25, 9175.25, 1644.4, 327.68, 222.6, 163.93, 323.87, 172.78, 245.81, 98.02, 30.6, 63.9, 125, 64.56, 87.89, , , , , 
1/31/2020 5:03:28 AM, 3277.25, 9175.5, 1644.5, 327.68, 222.6, 163.93, 323.87, 172.78, 245.81, 98.02, 30.6, 63.9, 125, 64.56, 87.89, , , , , 
1/31/2020 5:03:31 AM, 3277.5, 9175.25, 1644.5, 327.68, 222.6, 163.93, 323.87, 172.78, 245.81, 98.02, 30.6, 63.9, 125, 64.56, 87.89, , , , , 
1/31/2020 5:03:34 AM, 3277.5, 9175, 1644.5, 327.68, 222.6, 163.93, 323.87, 172.78, 245.81, 98.02, 30.6, 63.9, 125, 64.56, 87.89, , , , , 
1/31/2020 5:03:37 AM, 3277, 9174.75, 1644.5, 327.68, 222.6, 163.93, 323.87, 172.78, 245.81, 98.02, 30.6, 63.9, 125, 64.56, 87.89, , , , , 
1/31/2020 5:03:40 AM, 3277.25, 9175.25, 1644.4, 327.68, 222.6, 163.93, 323.87, 172.78, 245.81, 98.02, 30.6, 63.9, 125, 64.56, 87.89, , , , , 
1/31/2020 5:03:43 AM, 3277.25, 9175, 1644.6, 327.68, 222.6, 163.93, 323.87, 172.78, 245.81, 98.02, 30.6, 63.9, 125, 64.56, 87.89, , , , , 
1/31/2020 5:03:46 AM, 3277.25, 9175.5, 1644.6, 327.68, 222.6, 163.93, 323.87, 172.78, 245.81, 98.02, 30.6, 63.9, 125, 64.56, 87.89, , , , , 
1/31/2020 5:03:49 AM, 3277.5, 9174.75, 1644.5, 327.68, 222.6, 163.93, 323.87, 172.78, 245.81, 98.02, 30.6, 63.9, 125, 64.56, 87.89, , , , , 
1/31/2020 5:03:52 AM, 3277.5, 9174.5, 1644.5, 327.68, 222.6, 163.93, 323.87, 172.78, 245.81, 98.02, 30.6, 63.9, 125, 64.56, 87.89, , , , , 
1/31/2020 5:03:55 AM, 3277.5, 9175.25, 1644.5, 327.68, 222.6, 163.93, 323.87, 172.78, 245.81, 98.02, 30.6, 63.9, 125, 64.56, 87.89, , , , , 
1/31/2020 5:03:58 AM, 3277.25, 9174.75, 1644.5, 327.68, 222.6, 163.93, 323.87, 172.78, 245.81, 98.02, 30.6, 63.9, 125, 64.56, 87.89, , , , , 
1/31/2020 5:04:01 AM, 3277.25, 9174.25, 1644.5, 327.68, 222.6, 163.93, 323.87, 172.78, 245.81, 98.02, 30.6, 63.9, 125, 64.56, 87.89, , , , , 
1/31/2020 5:04:04 AM, 3277.25, 9174.5, 1644.5, 327.68, 222.6, 163.93, 323.87, 172.78, 245.81, 98.02, 30.6, 63.9, 125, 64.56, 87.89, , , , , 
1/31/2020 5:04:07 AM, 3277.25, 9174.5, 1644.5, 327.68, 222.6, 163.93, 323.87, 172.78, 245.81, 98.02, 30.6, 63.9, 125, 64.56, 87.89, , , , , 
1/31/2020 5:04:10 AM, 3277, 9174.25, 1644.5, 327.68, 222.6, 163.93, 323.87, 172.78, 245.81, 98.02, 30.6, 63.9, 125, 64.56, 87.89, , , , , 
1/31/2020 5:04:14 AM, 3277, 9174.25, 1644.5, 327.68, 222.6, 163.93, 323.87, 172.78, 245.81, 98.02, 30.6, 63.9, 125, 64.56, 87.89, , , , , 
1/31/2020 5:04:17 AM, 3277, 9173.75, 1644.4, 327.68, 222.6, 163.93, 323.87, 172.78, 245.81, 98.02, 30.6, 63.9, 125, 64.56, 87.89, , , , , 
1/31/2020 5:04:20 AM, 3277, 9173.75, 1644.4, 327.68, 222.6, 163.93, 323.87, 172.78, 245.81, 98.02, 30.6, 63.9, 125, 64.56, 87.89, , , , , 
1/31/2020 5:04:23 AM, 3277, 9174, 1644.4, 327.68, 222.6, 163.93, 323.87, 172.78, 245.81, 98.02, 30.6, 63.9, 125, 64.56, 87.89, , , , , 
1/31/2020 5:04:26 AM, 3277, 9174, 1644.4, 327.68, 222.6, 163.93, 323.87, 172.78, 245.81, 98.02, 30.6, 63.9, 125, 64.56, 87.89, , , , , 
1/31/2020 5:04:29 AM, 3276.75, 9174, 1644.4, 327.68, 222.6, 163.93, 323.87, 172.78, 245.81, 98.02, 30.6, 63.9, 125, 64.56, 87.89, , , , , 
1/31/2020 5:04:32 AM, 3276.75, 9174, 1644.4, 327.68, 222.6, 163.93, 323.87, 172.78, 245.81, 98.02, 30.6, 63.9, 125, 64.56, 87.89, , , , , 
1/31/2020 5:04:35 AM, 3276.75, 9174, 1644.4, 327.68, 222.6, 163.93, 323.87, 172.78, 245.81, 98.02, 30.6, 63.9, 125, 64.56, 87.89, , , , , 
1/31/2020 5:04:38 AM, 3276.75, 9174, 1644.4, 327.68, 222.6, 163.93, 323.87, 172.78, 245.81, 98.02, 30.6, 63.9, 125, 64.56, 87.89, , , , , 
1/31/2020 5:04:41 AM, 3276.75, 9174.25, 1644.4, 327.68, 222.6, 163.93, 323.87, 172.78, 245.81, 98.02, 30.6, 63.9, 125, 64.56, 87.89, , , , , 
1/31/2020 5:04:44 AM, 3276.75, 9174.25, 1644.4, 327.68, 222.6, 163.93, 323.87, 172.78, 245.81, 98.02, 30.6, 63.9, 125, 64.56, 87.89, , , , , 
1/31/2020 5:04:47 AM, 3277, 9174.25, 1644.3, 327.68, 222.6, 163.93, 323.87, 172.78, 245.81, 98.02, 30.6, 63.9, 125, 64.56, 87.89, , , , , 
1/31/2020 5:04:50 AM, 3277, 9174.25, 1644.3, 327.68, 222.6, 163.93, 323.87, 172.78, 245.81, 98.02, 30.6, 63.9, 125, 64.56, 87.89, , , , , 
1/31/2020 5:04:53 AM, 3276.75, 9174.75, 1644.3, 327.68, 222.6, 163.93, 323.87, 172.78, 245.81, 98.02, 30.6, 63.9, 125, 64.56, 87.89, , , , , 
1/31/2020 5:04:56 AM, 3276.75, 9174.75, 1644.3, 327.68, 222.6, 163.93, 323.87, 172.78, 245.81, 98.02, 30.6, 63.9, 125, 64.56, 87.89, , , , , 
1/31/2020 5:04:59 AM, 3277.25, 9175.25, 1644.3, 327.68, 222.6, 163.93, 323.87, 172.78, 245.81, 98.02, 30.6, 63.9, 125, 64.56, 87.89, , , , , 
1/31/2020 5:05:02 AM, 3277.25, 9175.25, 1644.3, 327.68, 222.6, 163.93, 323.87, 172.78, 245.81, 98.02, 30.6, 63.9, 125, 64.56, 87.89, , , , , 
1/31/2020 5:05:05 AM, 3277, 9175.5, 1644.6, 327.68, 222.6, 163.93, 323.87, 172.78, 245.81, 98.02, 30.6, 63.9, 125, 64.56, 87.89, , , , , 
1/31/2020 5:05:08 AM, 3277, 9175.5, 1644.6, 327.68, 222.6, 163.93, 323.87, 172.78, 245.81, 98.02, 30.6, 63.9, 125, 64.56, 87.89, , , , , 
1/31/2020 5:05:11 AM, 3277, 9174.75, 1644.6, 327.68, 222.6, 163.93, 323.87, 172.78, 245.81, 98.02, 30.6, 63.9, 125, 64.56, 87.89, , , , , 
1/31/2020 5:05:14 AM, 3277, 9174.75, 1644.6, 327.68, 222.6, 163.93, 323.87, 172.78, 245.81, 98.02, 30.6, 63.9, 125, 64.56, 87.89, , , , , 
1/31/2020 5:05:17 AM, 3277, 9174.25, 1644.6, 327.68, 222.6, 163.93, 323.87, 172.78, 245.81, 98.02, 30.6, 63.9, 125, 64.56, 87.89, , , , , 
1/31/2020 5:05:20 AM, 3277, 9174.25, 1644.6, 327.68, 222.6, 163.93, 323.87, 172.78, 245.81, 98.02, 30.6, 63.9, 125, 64.56, 87.89, , , , , 
1/31/2020 5:05:23 AM, 3276.75, 9174, 1644.5, 327.68, 222.6, 163.93, 323.87, 172.78, 245.81, 98.02, 30.6, 63.9, 125, 64.56, 87.89, , , , , 
1/31/2020 5:05:26 AM, 3276.75, 9174, 1644.5, 327.68, 222.6, 163.93, 323.87, 172.78, 245.81, 98.02, 30.6, 63.9, 125, 64.56, 87.89, , , , , 
1/31/2020 5:05:29 AM, 3276.75, 9175, 1644.6, 327.68, 222.6, 163.93, 323.87, 172.78, 245.81, 98.02, 30.6, 63.9, 125, 64.56, 87.89, , , , , 
1/31/2020 5:05:32 AM, 3276.75, 9175, 1644.6, 327.68, 222.6, 163.93, 323.87, 172.78, 245.81, 98.02, 30.6, 63.9, 125, 64.56, 87.89, , , , , 
1/31/2020 5:05:35 AM, 3277, 9175.5, 1644.6, 327.68, 222.6, 163.93, 323.87, 172.78, 245.81, 98.02, 30.6, 63.9, 125, 64.56, 87.89, , , , , 
1/31/2020 5:05:38 AM, 3277, 9175.5, 1644.6, 327.68, 222.6, 163.93, 323.87, 172.78, 245.81, 98.02, 30.6, 63.9, 125, 64.56, 87.89, , , , , 
1/31/2020 5:05:41 AM, 3277, 9174.75, 1644.7, 327.68, 222.6, 163.93, 323.87, 172.78, 245.81, 98.02, 30.6, 63.9, 125, 64.56, 87.89, , , , , 
1/31/2020 5:05:44 AM, 3277, 9174.75, 1644.7, 327.68, 222.6, 163.93, 323.87, 172.78, 245.81, 98.02, 30.6, 63.9, 125, 64.56, 87.89, , , , , 
1/31/2020 5:05:47 AM, 3277, 9175, 1644.7, 327.68, 222.6, 163.93, 323.87, 172.78, 245.81, 98.02, 30.6, 63.9, 125, 64.56, 87.89, , , , , 
1/31/2020 5:05:50 AM, 3277, 9175, 1644.7, 327.68, 222.6, 163.93, 323.87, 172.78, 245.81, 98.02, 30.6, 63.9, 125, 64.56, 87.89, , , , , 
1/31/2020 5:05:53 AM, 3277.25, 9175, 1644.7, 327.68, 222.6, 163.93, 323.87, 172.78, 245.81, 98.02, 30.6, 63.9, 125, 64.56, 87.89, , , , , 
1/31/2020 5:05:56 AM, 3277.25, 9175, 1644.7, 327.68, 222.6, 163.93, 323.87, 172.78, 245.81, 98.02, 30.6, 63.9, 125, 64.56, 87.89, , , , , 
1/31/2020 5:05:59 AM, 3277.25, 9174.5, 1644.7, 327.68, 222.6, 163.93, 323.87, 172.78, 245.81, 98.02, 30.6, 63.9, 125, 64.56, 87.89, , , , , 
1/31/2020 5:06:02 AM, 3277.25, 9175.75, 1644.8, 327.68, 222.6, 163.93, 323.87, 172.78, 245.81, 98.02, 30.6, 63.9, 125, 64.56, 87.89, , , , , 
1/31/2020 5:06:05 AM, 3277.25, 9175.5, 1644.8, 327.68, 222.6, 163.93, 323.87, 172.78, 245.81, 98.02, 30.6, 63.9, 125, 64.56, 87.89, , , , , 
1/31/2020 5:06:08 AM, 3277.25, 9175.5, 1644.8, 327.68, 222.6, 163.93, 323.87, 172.78, 245.81, 98.02, 30.6, 63.9, 125, 64.56, 87.89, , , , , 
1/31/2020 5:06:11 AM, 3277.5, 9176, 1644.9, 327.68, 222.6, 163.93, 323.87, 172.78, 245.81, 98.02, 30.6, 63.9, 125, 64.56, 87.89, , , , , 
1/31/2020 5:06:14 AM, 3277.5, 9176.25, 1644.9, 327.68, 222.6, 163.93, 323.87, 172.78, 245.81, 98.02, 30.6, 63.9, 125, 64.56, 87.89, , , , , 
1/31/2020 5:06:17 AM, 3277.5, 9175.75, 1644.9, 327.68, 222.6, 163.93, 323.87, 172.78, 245.81, 98.02, 30.6, 63.9, 125, 64.56, 87.89, , , , , 
1/31/2020 5:06:20 AM, 3277.25, 9175.5, 1644.8, 327.68, 222.6, 163.93, 323.87, 172.78, 245.81, 98.02, 30.6, 63.9, 125, 64.56, 87.89, , , , , 
1/31/2020 5:06:23 AM, 3277.25, 9176, 1644.8, 327.68, 222.6, 163.93, 323.87, 172.78, 245.81, 98.02, 30.6, 63.9, 125, 64.56, 87.89, , , , , 
1/31/2020 5:06:26 AM, 3277.5, 9176.5, 1644.9, 327.68, 222.6, 163.93, 323.87, 172.78, 245.81, 98.02, 30.6, 63.9, 125, 64.56, 87.89, , , , , 
1/31/2020 5:06:29 AM, 3277.5, 9176.25, 1644.9, 327.68, 222.6, 163.93, 323.87, 172.78, 245.81, 98.02, 30.6, 63.9, 125, 64.56, 87.89, , , , , 
1/31/2020 5:06:32 AM, 3277.25, 9176.25, 1644.9, 327.68, 222.6, 163.93, 323.87, 172.78, 245.81, 98.02, 30.6, 63.9, 125, 64.56, 87.89, , , , , 
1/31/2020 5:06:35 AM, 3277.5, 9176.5, 1644.9, 327.68, 222.6, 163.93, 323.87, 172.78, 245.81, 98.02, 30.6, 63.9, 125, 64.56, 87.89, , , , , 
1/31/2020 5:06:38 AM, 3277.5, 9176, 1644.9, 327.68, 222.6, 163.93, 323.87, 172.78, 245.81, 98.02, 30.6, 63.9, 125, 64.56, 87.89, , , , , 
1/31/2020 5:06:41 AM, 3277.25, 9176, 1644.9, 327.68, 222.6, 163.93, 323.87, 172.78, 245.81, 98.02, 30.6, 63.9, 125, 64.56, 87.89, , , , , 
1/31/2020 5:06:44 AM, 3277.5, 9176.5, 1644.9, 327.68, 222.6, 163.93, 323.87, 172.78, 245.81, 98.02, 30.6, 63.9, 125, 64.56, 87.89, , , , , 
1/31/2020 5:06:48 AM, 3277.5, 9176.5, 1644.9, 327.68, 222.6, 163.93, 323.87, 172.78, 245.81, 98.02, 30.6, 63.9, 125, 64.56, 87.89, , , , , 
1/31/2020 5:06:51 AM, 3277.75, 9177.25, 1645.1, 327.68, 222.6, 163.93, 323.87, 172.78, 245.81, 98.02, 30.6, 63.9, 125, 64.56, 87.89, , , , , 
1/31/2020 5:06:54 AM, 3278, 9177.75, 1645.2, 327.68, 222.6, 163.93, 323.87, 172.78, 245.81, 98.02, 30.6, 63.9, 125, 64.56, 87.89, , , , , 
1/31/2020 5:06:57 AM, 3278, 9177.75, 1645.1, 327.68, 222.6, 163.93, 323.87, 172.78, 245.81, 98.02, 30.6, 63.9, 125, 64.56, 87.89, , , , , 
1/31/2020 5:07:00 AM, 3278, 9178, 1645.1, 327.68, 222.6, 163.93, 323.87, 172.78, 245.81, 98.02, 30.6, 63.9, 125, 64.56, 87.89, , , , , 
1/31/2020 5:07:03 AM, 3278, 9178, 1645.1, 327.68, 222.6, 163.93, 323.87, 172.78, 245.81, 98.02, 30.6, 63.9, 125, 64.56, 87.89, , , , , 
1/31/2020 5:07:06 AM, 3278.25, 9178.75, 1645.2, 327.68, 222.6, 163.93, 323.87, 172.78, 245.81, 98.02, 30.6, 63.9, 125, 64.56, 87.89, , , , , 
1/31/2020 5:07:09 AM, 3278.25, 9178.5, 1645.2, 327.68, 222.6, 163.93, 323.87, 172.78, 245.81, 98.02, 30.6, 63.9, 125, 64.56, 87.89, , , , , 
1/31/2020 5:07:12 AM, 3278.25, 9178.75, 1645.2, 327.68, 222.6, 163.93, 323.87, 172.78, 245.81, 98.02, 30.6, 63.9, 125, 64.56, 87.89, , , , , 
1/31/2020 5:07:15 AM, 3278.5, 9179.25, 1645.2, 327.68, 222.6, 163.93, 323.87, 172.78, 245.81, 98.02, 30.6, 63.9, 125, 64.56, 87.89, , , , , 
1/31/2020 5:07:18 AM, 3278.5, 9179.25, 1645.2, 327.68, 222.6, 163.93, 323.87, 172.78, 245.81, 98.02, 30.6, 63.9, 125, 64.56, 87.89, , , , , 
1/31/2020 5:07:21 AM, 3278.25, 9178.75, 1645.2, 327.68, 222.6, 163.93, 323.87, 172.78, 245.81, 98.02, 30.6, 63.9, 125, 64.56, 87.89, , , , , 
1/31/2020 5:07:24 AM, 3278.5, 9179, 1645.2, 327.68, 222.6, 163.93, 323.87, 172.78, 245.81, 98.02, 30.6, 63.9, 125, 64.56, 87.89, , , , , 
1/31/2020 5:07:27 AM, 3278.5, 9179.25, 1645.2, 327.68, 222.6, 163.93, 323.87, 172.78, 245.81, 98.02, 30.6, 63.9, 125, 64.56, 87.89, , , , , 
1/31/2020 5:07:30 AM, 3278.5, 9178.75, 1645.2, 327.68, 222.6, 163.93, 323.87, 172.78, 245.81, 98.02, 30.6, 63.9, 125, 64.56, 87.89, , , , , 
1/31/2020 5:07:33 AM, 3278.25, 9178.75, 1645.2, 327.68, 222.6, 163.93, 323.87, 172.78, 245.81, 98.02, 30.6, 63.9, 125, 64.56, 87.89, , , , , 
1/31/2020 5:07:36 AM, 3278.25, 9178.5, 1645.2, 327.68, 222.6, 163.93, 323.87, 172.78, 245.81, 98.02, 30.6, 63.9, 125, 64.56, 87.89, , , , , 
1/31/2020 5:07:39 AM, 3278.5, 9178.75, 1645.2, 327.68, 222.6, 163.93, 323.87, 172.78, 245.81, 98.02, 30.6, 63.9, 125, 64.56, 87.89, , , , , 
1/31/2020 5:07:42 AM, 3278.25, 9178.5, 1645.2, 327.68, 222.6, 163.93, 323.87, 172.78, 245.81, 98.02, 30.6, 63.9, 125, 64.56, 87.89, , , , , 
1/31/2020 5:07:45 AM, 3278.25, 9177.75, 1645, 327.68, 222.6, 163.93, 323.87, 172.78, 245.81, 98.02, 30.6, 63.9, 125, 64.56, 87.89, , , , , 
1/31/2020 5:07:48 AM, 3278.25, 9178, 1645, 327.68, 222.6, 163.93, 323.87, 172.78, 245.81, 98.02, 30.6, 63.9, 125, 64.56, 87.89, , , , , 
1/31/2020 5:07:51 AM, 3278, 9178, 1645, 327.68, 222.6, 163.93, 323.87, 172.78, 245.81, 98.02, 30.6, 63.9, 125, 64.56, 87.89, , , , , 
1/31/2020 5:07:54 AM, 3278, 9178, 1645, 327.68, 222.6, 163.93, 323.87, 172.78, 245.81, 98.02, 30.6, 63.9, 125, 64.56, 87.89, , , , , 
1/31/2020 5:07:57 AM, 3278.25, 9178.75, 1645.2, 327.68, 222.6, 163.93, 323.87, 172.78, 245.81, 98.02, 30.6, 63.9, 125, 64.56, 87.89, , , , , 
1/31/2020 5:08:00 AM, 3278.25, 9178.5, 1645.2, 327.68, 222.6, 163.93, 323.87, 172.78, 245.81, 98.02, 30.6, 63.9, 125, 64.56, 87.89, , , , , 
1/31/2020 5:08:03 AM, 3278.5, 9178.75, 1645.2, 327.68, 222.6, 163.93, 323.87, 172.78, 245.81, 98.02, 30.6, 63.9, 125, 64.56, 87.89, , , , , 
1/31/2020 5:08:06 AM, 3278.5, 9179, 1645.2, 327.68, 222.6, 163.93, 323.87, 172.78, 245.81, 98.02, 30.6, 63.9, 125, 64.56, 87.89, , , , , 
1/31/2020 5:08:09 AM, 3278.5, 9179, 1645.2, 327.68, 222.6, 163.93, 323.87, 172.78, 245.81, 98.02, 30.6, 63.9, 125, 64.56, 87.89, , , , , 
1/31/2020 5:08:12 AM, 3278.5, 9179.25, 1645.2, 327.68, 222.6, 163.93, 323.87, 172.78, 245.81, 98.02, 30.6, 63.9, 125, 64.56, 87.89, , , , , 
1/31/2020 5:08:15 AM, 3278.5, 9178.5, 1645.2, 327.68, 222.6, 163.93, 323.87, 172.78, 245.81, 98.02, 30.6, 63.9, 125, 64.56, 87.89, , , , , 
1/31/2020 5:08:18 AM, 3278.5, 9178.75, 1645.2, 327.68, 222.6, 163.93, 323.87, 172.78, 245.81, 98.02, 30.6, 63.9, 125, 64.56, 87.89, , , , , 
1/31/2020 5:08:21 AM, 3278.5, 9179, 1645.2, 327.68, 222.6, 163.93, 323.87, 172.78, 245.81, 98.02, 30.6, 63.9, 125, 64.56, 87.89, , , , , 
1/31/2020 5:08:24 AM, 3278.75, 9179.5, 1645.2, 327.68, 222.6, 163.93, 323.87, 172.78, 245.81, 98.02, 30.6, 63.9, 125, 64.56, 87.89, , , , , 
1/31/2020 5:08:27 AM, 3278.5, 9180.5, 1645.4, 327.68, 222.6, 163.93, 323.87, 172.78, 245.81, 98.02, 30.6, 63.9, 125, 64.56, 87.89, , , , , 
1/31/2020 5:08:30 AM, 3278.75, 9180.5, 1645.5, 327.68, 222.6, 163.93, 323.87, 172.78, 245.81, 98.02, 30.6, 63.9, 125, 64.56, 87.89, , , , , 
1/31/2020 5:08:33 AM, 3278.75, 9180.5, 1645.5, 327.68, 222.6, 163.93, 323.87, 172.78, 245.81, 98.02, 30.6, 63.9, 125, 64.56, 87.89, , , , , 
1/31/2020 5:08:36 AM, 3278.75, 9180.25, 1645.5, 327.68, 222.6, 163.93, 323.87, 172.78, 245.81, 98.02, 30.6, 63.9, 125, 64.56, 87.89, , , , , 
1/31/2020 5:08:39 AM, 3278.75, 9180.75, 1645.5, 327.68, 222.6, 163.93, 323.87, 172.78, 245.81, 98.02, 30.6, 63.9, 125, 64.56, 87.89, , , , , 
1/31/2020 5:08:42 AM, 3278.75, 9180.5, 1645.5, 327.68, 222.6, 163.93, 323.87, 172.78, 245.81, 98.02, 30.6, 63.9, 125, 64.56, 87.89, , , , , 
1/31/2020 5:08:45 AM, 3278.75, 9180.25, 1645.5, 327.68, 222.6, 163.93, 323.87, 172.78, 245.81, 98.02, 30.6, 63.9, 125, 64.56, 87.89, , , , , 
1/31/2020 5:08:48 AM, 3278.75, 9180.25, 1645.5, 327.68, 222.6, 163.93, 323.87, 172.78, 245.81, 98.02, 30.6, 63.9, 125, 64.56, 87.89, , , , , 
1/31/2020 5:08:51 AM, 3278.75, 9180.5, 1645.5, 327.68, 222.6, 163.93, 323.87, 172.78, 245.81, 98.02, 30.6, 63.9, 125, 64.56, 87.89, , , , , 
1/31/2020 5:08:54 AM, 3278.75, 9180.5, 1645.2, 327.68, 222.6, 163.93, 323.87, 172.78, 245.81, 98.02, 30.6, 63.9, 125, 64.56, 87.89, , , , , 
1/31/2020 5:08:57 AM, 3278.75, 9180.5, 1645.2, 327.68, 222.6, 163.93, 323.87, 172.78, 245.81, 98.02, 30.6, 63.9, 125, 64.56, 87.89, , , , , 
1/31/2020 5:09:01 AM, 3278.75, 9180.75, 1645.2, 327.68, 222.6, 163.93, 323.87, 172.78, 245.81, 98.02, 30.6, 63.9, 125, 64.56, 87.89, , , , , 
1/31/2020 5:09:04 AM, 3278.5, 9180.25, 1645.2, 327.68, 222.6, 163.93, 323.87, 172.78, 245.81, 98.02, 30.6, 63.9, 125, 64.56, 87.89, , , , , 
1/31/2020 5:09:07 AM, 3278.5, 9180.5, 1645.2, 327.68, 222.6, 163.93, 323.87, 172.78, 245.81, 98.02, 30.6, 63.9, 125, 64.56, 87.89, , , , , 
1/31/2020 5:09:10 AM, 3278.5, 9180, 1645.2, 327.68, 222.6, 163.93, 323.87, 172.78, 245.81, 98.02, 30.6, 63.9, 125, 64.56, 87.89, , , , , 
1/31/2020 5:09:13 AM, 3278.5, 9179.75, 1645.2, 327.68, 222.6, 163.93, 323.87, 172.78, 245.81, 98.02, 30.6, 63.9, 125, 64.56, 87.89, , , , , 
1/31/2020 5:09:16 AM, 3278.25, 9178.75, 1645, 327.68, 222.6, 163.93, 323.87, 172.78, 245.81, 98.02, 30.6, 63.9, 125, 64.56, 87.89, , , , , 
1/31/2020 5:09:19 AM, 3278, 9178, 1644.9, 327.68, 222.6, 163.93, 323.87, 172.78, 245.81, 98.02, 30.6, 63.9, 125, 64.56, 87.89, , , , , 
1/31/2020 5:09:22 AM, 3277.75, 9178.25, 1644.9, 327.68, 222.6, 163.93, 323.87, 172.78, 245.81, 98.02, 30.6, 63.9, 125, 64.56, 87.89, , , , , 
1/31/2020 5:09:25 AM, 3278, 9178, 1644.9, 327.68, 222.6, 163.93, 323.87, 172.78, 245.81, 98.02, 30.6, 63.9, 125, 64.56, 87.89, , , , , 
1/31/2020 5:09:28 AM, 3278, 9178.75, 1644.9, 327.68, 222.6, 163.93, 323.87, 172.78, 245.81, 98.02, 30.6, 63.9, 125, 64.56, 87.89, , , , , 
1/31/2020 5:09:31 AM, 3277.75, 9178.5, 1644.8, 327.68, 222.6, 163.93, 323.87, 172.78, 245.81, 98.02, 30.6, 63.9, 125, 64.56, 87.89, , , , , 
1/31/2020 5:09:34 AM, 3278, 9178.5, 1645.1, 327.68, 222.6, 163.93, 323.87, 172.78, 245.81, 98.02, 30.6, 63.9, 125, 64.56, 87.89, , , , , 
1/31/2020 5:09:37 AM, 3278, 9179, 1645, 327.68, 222.6, 163.93, 323.87, 172.78, 245.81, 98.02, 30.6, 63.9, 125, 64.56, 87.89, , , , , 
1/31/2020 5:09:40 AM, 3278, 9178.75, 1645, 327.68, 222.6, 163.93, 323.87, 172.78, 245.81, 98.02, 30.6, 63.9, 125, 64.56, 87.89, , , , , 
1/31/2020 5:09:43 AM, 3278, 9179, 1645.1, 327.68, 222.6, 163.93, 323.87, 172.78, 245.81, 98.02, 30.6, 63.9, 125, 64.56, 87.89, , , , , 
1/31/2020 5:09:46 AM, 3278.25, 9179.5, 1645.4, 327.68, 222.6, 163.93, 323.87, 172.78, 245.81, 98.02, 30.6, 63.9, 125, 64.56, 87.89, , , , , 
1/31/2020 5:09:49 AM, 3278.25, 9179.5, 1645.4, 327.68, 222.6, 163.93, 323.87, 172.78, 245.81, 98.02, 30.6, 63.9, 125, 64.56, 87.89, , , , , 
1/31/2020 5:09:52 AM, 3278.5, 9179.5, 1645.5, 327.68, 222.6, 163.93, 323.87, 172.78, 245.81, 98.02, 30.6, 63.9, 125, 64.56, 87.89, , , , , 
1/31/2020 5:09:55 AM, 3278.5, 9179.5, 1645.5, 327.68, 222.6, 163.93, 323.87, 172.78, 245.81, 98.02, 30.6, 63.9, 125, 64.56, 87.89, , , , , 
1/31/2020 5:09:58 AM, 3278.25, 9178.75, 1645.2, 327.68, 222.6, 163.93, 323.87, 172.78, 245.81, 98.02, 30.6, 63.9, 125, 64.56, 87.89, , , , , 
1/31/2020 5:10:01 AM, 3278.25, 9178.75, 1645.2, 327.68, 222.6, 163.93, 323.87, 172.78, 245.81, 98.02, 30.6, 63.9, 125, 64.56, 87.89, , , , , 
1/31/2020 5:10:04 AM, 3278, 9178.25, 1645.1, 327.68, 222.6, 163.93, 323.87, 172.78, 245.81, 98.02, 30.6, 63.9, 125, 64.56, 87.89, , , , , 
1/31/2020 5:10:07 AM, 3277.75, 9177.25, 1645, 327.68, 222.6, 163.93, 323.87, 172.78, 245.81, 98.02, 30.6, 63.9, 125, 64.56, 87.89, , , , , 
1/31/2020 5:10:10 AM, 3277.75, 9177, 1644.8, 327.68, 222.6, 163.93, 323.87, 172.78, 245.81, 98.02, 30.6, 63.9, 125, 64.56, 87.89, , , , , 
1/31/2020 5:10:13 AM, 3277.25, 9175.5, 1644.7, 327.68, 222.6, 163.93, 323.87, 172.78, 245.81, 98.02, 30.6, 63.9, 125, 64.56, 87.89, , , , , 
1/31/2020 5:10:16 AM, 3277.25, 9176, 1644.8, 327.68, 222.6, 163.93, 323.87, 172.78, 245.81, 98.02, 30.6, 63.9, 125, 64.56, 87.89, , , , , 
1/31/2020 5:10:19 AM, 3277.25, 9175.75, 1644.8, 327.68, 222.6, 163.93, 323.87, 172.78, 245.81, 98.02, 30.6, 63.9, 125, 64.56, 87.89, , , , , 
1/31/2020 5:10:22 AM, 3277.25, 9175.75, 1644.8, 327.68, 222.6, 163.93, 323.87, 172.78, 245.81, 98.02, 30.6, 63.9, 125, 64.56, 87.89, , , , , 
1/31/2020 5:10:25 AM, 3277, 9175.5, 1644.8, 327.68, 222.6, 163.93, 323.87, 172.78, 245.81, 98.02, 30.6, 63.9, 125, 64.56, 87.89, , , , , 
1/31/2020 5:10:28 AM, 3277, 9175.5, 1644.8, 327.68, 222.6, 163.93, 323.87, 172.78, 245.81, 98.02, 30.6, 63.9, 125, 64.56, 87.89, , , , , 
1/31/2020 5:10:31 AM, 3277, 9175, 1644.7, 327.68, 222.6, 163.93, 323.87, 172.78, 245.81, 98.02, 30.6, 63.9, 125, 64.56, 87.89, , , , , 
1/31/2020 5:10:34 AM, 3277, 9175, 1644.7, 327.68, 222.6, 163.93, 323.87, 172.78, 245.81, 98.02, 30.6, 63.9, 125, 64.56, 87.89, , , , , 
1/31/2020 5:10:37 AM, 3277, 9174.75, 1644.7, 327.68, 222.6, 163.93, 323.87, 172.78, 245.81, 98.02, 30.6, 63.9, 125, 64.56, 87.89, , , , , 
1/31/2020 5:10:40 AM, 3277, 9174.75, 1644.7, 327.68, 222.6, 163.93, 323.87, 172.78, 245.81, 98.02, 30.6, 63.9, 125, 64.56, 87.89, , , , , 
1/31/2020 5:10:43 AM, 3276.5, 9174.5, 1644.6, 327.68, 222.6, 163.93, 323.87, 172.78, 245.81, 98.02, 30.6, 63.9, 125, 64.56, 87.89, , , , , 
1/31/2020 5:10:46 AM, 3276.5, 9174.5, 1644.6, 327.68, 222.6, 163.93, 323.87, 172.78, 245.81, 98.02, 30.6, 63.9, 125, 64.56, 87.89, , , , , 
1/31/2020 5:10:49 AM, 3276.75, 9174.75, 1644.7, 327.68, 222.6, 163.93, 323.87, 172.78, 245.81, 98.02, 30.6, 63.9, 125, 64.56, 87.89, , , , , 
1/31/2020 5:10:52 AM, 3276.75, 9174.75, 1644.7, 327.68, 222.6, 163.93, 323.87, 172.78, 245.81, 98.02, 30.6, 63.9, 125, 64.56, 87.89, , , , , 
1/31/2020 5:10:55 AM, 3276.5, 9174.75, 1644.7, 327.68, 222.6, 163.93, 323.87, 172.78, 245.81, 98.02, 30.6, 63.9, 125, 64.56, 87.89, , , , , 
1/31/2020 5:10:58 AM, 3276.5, 9174.75, 1644.7, 327.68, 222.6, 163.93, 323.87, 172.78, 245.81, 98.02, 30.6, 63.9, 125, 64.56, 87.89, , , , , 
1/31/2020 5:11:01 AM, 3276.5, 9173.75, 1644.6, 327.68, 222.6, 163.93, 323.87, 172.78, 245.81, 98.02, 30.6, 63.9, 125, 64.56, 87.89, , , , , 
1/31/2020 5:11:04 AM, 3276.5, 9173.75, 1644.6, 327.68, 222.6, 163.93, 323.87, 172.78, 245.81, 98.02, 30.6, 63.9, 125, 64.56, 87.89, , , , , 
1/31/2020 5:11:07 AM, 3276.5, 9173.5, 1644.6, 327.68, 222.6, 163.93, 323.87, 172.78, 245.81, 98.02, 30.6, 63.9, 125, 64.56, 87.89, , , , , 
1/31/2020 5:11:10 AM, 3276.5, 9173.5, 1644.6, 327.68, 222.6, 163.93, 323.87, 172.78, 245.81, 98.02, 30.6, 63.9, 125, 64.56, 87.89, , , , , 
1/31/2020 5:11:13 AM, 3275.75, 9172.25, 1644.3, 327.68, 222.6, 163.93, 323.87, 172.78, 245.81, 98.02, 30.6, 63.9, 125, 64.56, 87.89, , , , , 
1/31/2020 5:11:16 AM, 3275.75, 9172.25, 1644.3, 327.68, 222.6, 163.93, 323.87, 172.78, 245.81, 98.02, 30.6, 63.9, 125, 64.56, 87.89, , , , , 
1/31/2020 5:11:20 AM, 3276.5, 9174, 1644.7, 327.68, 222.6, 163.93, 323.87, 172.78, 245.81, 98.02, 30.6, 63.9, 125, 64.56, 87.89, , , , , 
1/31/2020 5:11:23 AM, 3276.5, 9174, 1644.7, 327.68, 222.6, 163.93, 323.87, 172.78, 245.81, 98.02, 30.6, 63.9, 125, 64.56, 87.89, , , , , 
1/31/2020 5:11:26 AM, 3276.5, 9174.5, 1644.6, 327.68, 222.6, 163.93, 323.87, 172.78, 245.81, 98.02, 30.6, 63.9, 125, 64.56, 87.89, , , , , 
1/31/2020 5:11:29 AM, 3276.5, 9174.5, 1644.6, 327.68, 222.6, 163.93, 323.87, 172.78, 245.81, 98.02, 30.6, 63.9, 125, 64.56, 87.89, , , , , 
1/31/2020 5:11:32 AM, 3276.25, 9173.5, 1644.6, 327.68, 222.6, 163.93, 323.87, 172.78, 245.81, 98.02, 30.6, 63.9, 125, 64.56, 87.89, , , , , 
1/31/2020 5:11:35 AM, 3276.25, 9173.5, 1644.6, 327.68, 222.6, 163.93, 323.87, 172.78, 245.81, 98.02, 30.6, 63.9, 125, 64.56, 87.89, , , , , 
1/31/2020 5:11:38 AM, 3276.25, 9173.5, 1644.5, 327.68, 222.6, 163.93, 323.87, 172.78, 245.81, 98.02, 30.6, 63.9, 125, 64.56, 87.89, , , , , 
1/31/2020 5:11:41 AM, 3276.25, 9173.5, 1644.5, 327.68, 222.6, 163.93, 323.87, 172.78, 245.81, 98.02, 30.6, 63.9, 125, 64.56, 87.89, , , , , 
1/31/2020 5:11:44 AM, 3276, 9173, 1644.5, 327.68, 222.6, 163.93, 323.87, 172.78, 245.81, 98.02, 30.6, 63.9, 125, 64.56, 87.89, , , , , 
1/31/2020 5:11:47 AM, 3276, 9173, 1644.5, 327.68, 222.6, 163.93, 323.87, 172.78, 245.81, 98.02, 30.6, 63.9, 125, 64.56, 87.89, , , , , 
1/31/2020 5:11:50 AM, 3276, 9173.25, 1644.5, 327.68, 222.6, 163.93, 323.87, 172.78, 245.81, 98.02, 30.6, 63.9, 125, 64.56, 87.89, , , , , 
1/31/2020 5:11:53 AM, 3276, 9173.25, 1644.5, 327.68, 222.6, 163.93, 323.87, 172.78, 245.81, 98.02, 30.6, 63.9, 125, 64.56, 87.89, , , , , 
1/31/2020 5:11:56 AM, 3276, 9172.25, 1644.4, 327.68, 222.6, 163.93, 323.87, 172.78, 245.81, 98.02, 30.6, 63.9, 125, 64.56, 87.89, , , , , 
1/31/2020 5:11:59 AM, 3276, 9172.25, 1644.4, 327.68, 222.6, 163.93, 323.87, 172.78, 245.81, 98.02, 30.6, 63.9, 125, 64.56, 87.89, , , , , 
1/31/2020 5:12:02 AM, 3275.25, 9171, 1644.2, 327.68, 222.6, 163.93, 323.87, 172.78, 245.81, 98.02, 30.6, 63.9, 125, 64.56, 87.89, , , , , 
1/31/2020 5:12:05 AM, 3275.25, 9171, 1644.2, 327.68, 222.6, 163.93, 323.87, 172.78, 245.81, 98.02, 30.6, 63.9, 125, 64.56, 87.89, , , , , 
1/31/2020 5:12:08 AM, 3275.75, 9172.5, 1644.4, 327.68, 222.6, 163.93, 323.87, 172.78, 245.81, 98.02, 30.6, 63.9, 125, 64.56, 87.89, , , , , 
1/31/2020 5:12:11 AM, 3275.75, 9172.5, 1644.4, 327.68, 222.6, 163.93, 323.87, 172.78, 245.81, 98.02, 30.6, 63.9, 125, 64.56, 87.89, , , , , 
1/31/2020 5:12:14 AM, 3276.75, 9175.25, 1644.8, 327.68, 222.6, 163.93, 323.87, 172.78, 245.81, 98.02, 30.6, 63.9, 125, 64.56, 87.89, , , , , 
1/31/2020 5:12:17 AM, 3276.75, 9175.25, 1644.8, 327.68, 222.6, 163.93, 323.87, 172.78, 245.81, 98.02, 30.6, 63.9, 125, 64.56, 87.89, , , , , 
1/31/2020 5:12:20 AM, 3277, 9176.25, 1644.9, 327.68, 222.6, 163.93, 323.87, 172.78, 245.81, 98.02, 30.6, 63.9, 125, 64.56, 87.89, , , , , 
1/31/2020 5:12:23 AM, 3277, 9176.25, 1644.9, 327.68, 222.6, 163.93, 323.87, 172.78, 245.81, 98.02, 30.6, 63.9, 125, 64.56, 87.89, , , , , 
1/31/2020 5:12:26 AM, 3276.5, 9174.75, 1644.8, 327.68, 222.6, 163.93, 323.87, 172.78, 245.81, 98.02, 30.6, 63.9, 125, 64.56, 87.89, , , , , 
1/31/2020 5:12:29 AM, 3276.5, 9174.75, 1644.8, 327.68, 222.6, 163.93, 323.87, 172.78, 245.81, 98.02, 30.6, 63.9, 125, 64.56, 87.89, , , , , 
1/31/2020 5:12:32 AM, 3276.5, 9175, 1644.9, 327.68, 222.6, 163.93, 323.87, 172.78, 245.81, 98.02, 30.6, 63.9, 125, 64.56, 87.89, , , , , 
1/31/2020 5:12:35 AM, 3276.5, 9175, 1644.9, 327.68, 222.6, 163.93, 323.87, 172.78, 245.81, 98.02, 30.6, 63.9, 125, 64.56, 87.89, , , , , 
1/31/2020 5:12:38 AM, 3276.5, 9175.5, 1644.8, 327.68, 222.6, 163.93, 323.87, 172.78, 245.81, 98.02, 30.6, 63.9, 125, 64.56, 87.89, , , , , 
1/31/2020 5:12:41 AM, 3276.25, 9174.5, 1644.5, 327.68, 222.6, 163.93, 323.87, 172.78, 245.81, 98.02, 30.6, 63.9, 125, 64.56, 87.89, , , , , 
1/31/2020 5:12:44 AM, 3276, 9174.5, 1644.5, 327.68, 222.6, 163.93, 323.87, 172.78, 245.81, 98.02, 30.6, 63.9, 125, 64.56, 87.89, , , , , 
1/31/2020 5:12:47 AM, 3276.25, 9174.25, 1644.6, 327.68, 222.6, 163.93, 323.87, 172.78, 245.81, 98.02, 30.6, 63.9, 125, 64.56, 87.89, , , , , 
1/31/2020 5:12:50 AM, 3276, 9173.75, 1644.6, 327.68, 222.6, 163.93, 323.87, 172.78, 245.81, 98.02, 30.6, 63.9, 125, 64.56, 87.89, , , , , 
1/31/2020 5:12:53 AM, 3276, 9173.75, 1644.5, 327.68, 222.6, 163.93, 323.87, 172.78, 245.81, 98.02, 30.6, 63.9, 125, 64.56, 87.89, , , , , 
1/31/2020 5:12:56 AM, 3276.25, 9173.5, 1644.5, 327.68, 222.6, 163.93, 323.87, 172.78, 245.81, 98.02, 30.6, 63.9, 125, 64.56, 87.89, , , , , 
1/31/2020 5:12:59 AM, 3275.75, 9171.75, 1644.3, 327.68, 222.6, 163.93, 323.87, 172.78, 245.81, 98.02, 30.6, 63.9, 125, 64.56, 87.89, , , , , 
1/31/2020 5:13:02 AM, 3275.75, 9172.5, 1644.4, 327.68, 222.6, 163.93, 323.87, 172.78, 245.81, 98.02, 30.6, 63.9, 125, 64.56, 87.89, , , , , 
1/31/2020 5:13:05 AM, 3275.5, 9172, 1644.2, 327.68, 222.6, 163.93, 323.87, 172.78, 245.81, 98.02, 30.6, 63.9, 125, 64.56, 87.89, , , , , 
1/31/2020 5:13:08 AM, 3275.5, 9172, 1644.2, 327.68, 222.6, 163.93, 323.87, 172.78, 245.81, 98.02, 30.6, 63.9, 125, 64.56, 87.89, , , , , 
1/31/2020 5:13:11 AM, 3275.25, 9171.75, 1644.2, 327.68, 222.6, 163.93, 323.87, 172.78, 245.81, 98.02, 30.6, 63.9, 125, 64.56, 87.89, , , , , 
1/31/2020 5:13:14 AM, 3275.25, 9171.25, 1644.1, 327.68, 222.6, 163.93, 323.87, 172.78, 245.81, 98.02, 30.6, 63.9, 125, 64.56, 87.89, , , , , 
1/31/2020 5:13:17 AM, 3275.5, 9171.5, 1644.1, 327.68, 222.6, 163.93, 323.87, 172.78, 245.81, 98.02, 30.6, 63.9, 125, 64.56, 87.89, , , , , 
1/31/2020 5:13:20 AM, 3275.5, 9171.25, 1644.2, 327.68, 222.6, 163.93, 323.87, 172.78, 245.81, 98.02, 30.6, 63.9, 125, 64.56, 87.89, , , , , 
1/31/2020 5:13:23 AM, 3275.25, 9171, 1644, 327.68, 222.6, 163.93, 323.87, 172.78, 245.81, 98.02, 30.6, 63.9, 125, 64.56, 87.89, , , , , 
1/31/2020 5:13:26 AM, 3275, 9170.25, 1644, 327.68, 222.6, 163.93, 323.87, 172.78, 245.81, 98.02, 30.6, 63.9, 125, 64.56, 87.89, , , , , 
1/31/2020 5:13:29 AM, 3275, 9170.5, 1644, 327.68, 222.6, 163.93, 323.87, 172.78, 245.81, 98.02, 30.6, 63.9, 125, 64.56, 87.89, , , , , 
1/31/2020 5:13:32 AM, 3275, 9171, 1644, 327.68, 222.6, 163.93, 323.87, 172.78, 245.81, 98.02, 30.6, 63.9, 125, 64.56, 87.89, , , , , 
1/31/2020 5:13:35 AM, 3275, 9169.5, 1644, 327.68, 222.6, 163.93, 323.87, 172.78, 245.81, 98.02, 30.6, 63.9, 125, 64.56, 87.89, , , , , 
1/31/2020 5:13:38 AM, 3275, 9170, 1643.9, 327.68, 222.6, 163.93, 323.87, 172.78, 245.81, 98.02, 30.6, 63.9, 125, 64.56, 87.89, , , , , 
1/31/2020 5:13:41 AM, 3274.5, 9169, 1643.8, 327.68, 222.6, 163.93, 323.87, 172.78, 245.81, 98.02, 30.6, 63.9, 125, 64.56, 87.89, , , , , 
1/31/2020 5:13:44 AM, 3274.5, 9168.75, 1643.8, 327.68, 222.6, 163.93, 323.87, 172.78, 245.81, 98.02, 30.6, 63.9, 125, 64.56, 87.89, , , , , 
1/31/2020 5:13:48 AM, 3274.5, 9169, 1643.8, 327.68, 222.6, 163.93, 323.87, 172.78, 245.81, 98.02, 30.6, 63.9, 125, 64.56, 87.89, , , , , 
1/31/2020 5:13:51 AM, 3274.5, 9168.75, 1643.8, 327.68, 222.6, 163.93, 323.87, 172.78, 245.81, 98.02, 30.6, 63.9, 125, 64.56, 87.89, , , , , 
1/31/2020 5:13:54 AM, 3274, 9167.75, 1643.5, 327.68, 222.6, 163.93, 323.87, 172.78, 245.81, 98.02, 30.6, 63.9, 125, 64.56, 87.89, , , , , 
1/31/2020 5:13:57 AM, 3274, 9167.5, 1643.5, 327.68, 222.6, 163.93, 323.87, 172.78, 245.81, 98.02, 30.6, 63.9, 125, 64.56, 87.89, , , , , 
1/31/2020 5:14:00 AM, 3274.5, 9169, 1643.7, 327.68, 222.6, 163.93, 323.87, 172.78, 245.81, 98.02, 30.6, 63.9, 125, 64.56, 87.89, , , , , 
1/31/2020 5:14:03 AM, 3274.25, 9167.75, 1643.7, 327.68, 222.6, 163.93, 323.87, 172.78, 245.81, 98.02, 30.6, 63.9, 125, 64.56, 87.89, , , , , 
1/31/2020 5:14:06 AM, 3274.25, 9166.5, 1643.5, 327.68, 222.6, 163.93, 323.87, 172.78, 245.81, 98.02, 30.6, 63.9, 125, 64.56, 87.89, , , , , 
1/31/2020 5:14:09 AM, 3274.5, 9167.5, 1643.6, 327.68, 222.6, 163.93, 323.87, 172.78, 245.81, 98.02, 30.6, 63.9, 125, 64.56, 87.89, , , , , 
1/31/2020 5:14:12 AM, 3274.25, 9167.75, 1643.7, 327.68, 222.6, 163.93, 323.87, 172.78, 245.81, 98.02, 30.6, 63.9, 125, 64.56, 87.89, , , , , 
1/31/2020 5:14:15 AM, 3274.25, 9167.5, 1643.6, 327.68, 222.6, 163.93, 323.87, 172.78, 245.81, 98.02, 30.6, 63.9, 125, 64.56, 87.89, , , , , 
1/31/2020 5:14:18 AM, 3274.5, 9168, 1643.7, 327.68, 222.6, 163.93, 323.87, 172.78, 245.81, 98.02, 30.6, 63.9, 125, 64.56, 87.89, , , , , 
1/31/2020 5:14:21 AM, 3274.5, 9168.5, 1643.7, 327.68, 222.6, 163.93, 323.87, 172.78, 245.81, 98.02, 30.6, 63.9, 125, 64.56, 87.89, , , , , 
1/31/2020 5:14:24 AM, 3274.5, 9168.5, 1643.6, 327.68, 222.6, 163.93, 323.87, 172.78, 245.81, 98.02, 30.6, 63.9, 125, 64.56, 87.89, , , , , 
1/31/2020 5:14:27 AM, 3274.5, 9168.5, 1643.6, 327.68, 222.6, 163.93, 323.87, 172.78, 245.81, 98.02, 30.6, 63.9, 125, 64.56, 87.89, , , , , 
1/31/2020 5:14:30 AM, 3274.75, 9169, 1643.9, 327.68, 222.6, 163.93, 323.87, 172.78, 245.81, 98.02, 30.6, 63.9, 125, 64.56, 87.89, , , , , 
1/31/2020 5:14:33 AM, 3275, 9170.75, 1644, 327.68, 222.6, 163.93, 323.87, 172.78, 245.81, 98.02, 30.6, 63.9, 125, 64.56, 87.89, , , , , 
1/31/2020 5:14:36 AM, 3274.75, 9169.25, 1644, 327.68, 222.6, 163.93, 323.87, 172.78, 245.81, 98.02, 30.6, 63.9, 125, 64.56, 87.89, , , , , 
1/31/2020 5:14:39 AM, 3274.75, 9169.25, 1644, 327.68, 222.6, 163.93, 323.87, 172.78, 245.81, 98.02, 30.6, 63.9, 125, 64.56, 87.89, , , , , 
1/31/2020 5:14:42 AM, 3275, 9170.25, 1644, 327.68, 222.6, 163.93, 323.87, 172.78, 245.81, 98.02, 30.6, 63.9, 125, 64.56, 87.89, , , , , 
1/31/2020 5:14:45 AM, 3274.75, 9169.5, 1644, 327.68, 222.6, 163.93, 323.87, 172.78, 245.81, 98.02, 30.6, 63.9, 125, 64.56, 87.89, , , , , 
1/31/2020 5:14:48 AM, 3275, 9169.5, 1644, 327.68, 222.6, 163.93, 323.87, 172.78, 245.81, 98.02, 30.6, 63.9, 125, 64.56, 87.89, , , , , 
1/31/2020 5:14:51 AM, 3275.25, 9170.5, 1644, 327.68, 222.6, 163.93, 323.87, 172.78, 245.81, 98.02, 30.6, 63.9, 125, 64.56, 87.89, , , , , 
1/31/2020 5:14:54 AM, 3275.25, 9170.5, 1644.1, 327.68, 222.6, 163.93, 323.87, 172.78, 245.81, 98.02, 30.6, 63.9, 125, 64.56, 87.89, , , , , 
1/31/2020 5:14:57 AM, 3275.25, 9170.5, 1644.1, 327.68, 222.6, 163.93, 323.87, 172.78, 245.81, 98.02, 30.6, 63.9, 125, 64.56, 87.89, , , , , 
1/31/2020 5:15:00 AM, 3275.25, 9170.5, 1644.1, 327.68, 222.6, 163.93, 323.87, 172.78, 245.81, 98.02, 30.6, 63.9, 125, 64.56, 87.89, , , , , 
1/31/2020 5:15:03 AM, 3275.25, 9169.5, 1644.1, 327.68, 222.6, 163.93, 323.87, 172.78, 245.81, 98.02, 30.6, 63.9, 125, 64.56, 87.89, , , , , 
1/31/2020 5:15:06 AM, 3275.25, 9171.25, 1644.2, 327.68, 222.6, 163.93, 323.87, 172.78, 245.81, 98.02, 30.6, 63.9, 125, 64.56, 87.89, , , , , 
1/31/2020 5:15:09 AM, 3275.25, 9171.5, 1644.2, 327.68, 222.6, 163.93, 323.87, 172.78, 245.81, 98.02, 30.6, 63.9, 125, 64.56, 87.89, , , , , 
1/31/2020 5:15:12 AM, 3275.5, 9172.25, 1644.3, 327.68, 222.6, 163.93, 323.87, 172.78, 245.81, 98.02, 30.6, 63.9, 125, 64.56, 87.89, , , , , 
1/31/2020 5:15:15 AM, 3275.5, 9172.25, 1644.3, 327.68, 222.6, 163.93, 323.87, 172.78, 245.81, 98.02, 30.6, 63.9, 125, 64.56, 87.89, , , , , 
1/31/2020 5:15:18 AM, 3275.75, 9172.75, 1644.5, 327.68, 222.6, 163.93, 323.87, 172.78, 245.81, 98.02, 30.6, 63.9, 125, 64.56, 87.89, , , , , 
1/31/2020 5:15:21 AM, 3275.5, 9173, 1644.5, 327.68, 222.6, 163.93, 323.87, 172.78, 245.81, 98.02, 30.6, 63.9, 125, 64.56, 87.89, , , , , 
1/31/2020 5:15:24 AM, 3275.5, 9172.5, 1644.4, 327.68, 222.6, 163.93, 323.87, 172.78, 245.81, 98.02, 30.6, 63.9, 125, 64.56, 87.89, , , , , 
1/31/2020 5:15:27 AM, 3275.5, 9172.75, 1644.4, 327.68, 222.6, 163.93, 323.87, 172.78, 245.81, 98.02, 30.6, 63.9, 125, 64.56, 87.89, , , , , 
1/31/2020 5:15:30 AM, 3275.75, 9172.75, 1644.4, 327.68, 222.6, 163.93, 323.87, 172.78, 245.81, 98.02, 30.6, 63.9, 125, 64.56, 87.89, , , , , 
1/31/2020 5:15:33 AM, 3275.5, 9172.75, 1644.4, 327.68, 222.6, 163.93, 323.87, 172.78, 245.81, 98.02, 30.6, 63.9, 125, 64.56, 87.89, , , , , 
1/31/2020 5:15:36 AM, 3275.5, 9172.5, 1644.4, 327.68, 222.6, 163.93, 323.87, 172.78, 245.81, 98.02, 30.6, 63.9, 125, 64.56, 87.89, , , , , 
1/31/2020 5:15:39 AM, 3275.5, 9172.5, 1644.5, 327.68, 222.6, 163.93, 323.87, 172.78, 245.81, 98.02, 30.6, 63.9, 125, 64.56, 87.89, , , , , 
1/31/2020 5:15:42 AM, 3275.5, 9173.25, 1644.5, 327.68, 222.6, 163.93, 323.87, 172.78, 245.81, 98.02, 30.6, 63.9, 125, 64.56, 87.89, , , , , 
1/31/2020 5:15:45 AM, 3275.75, 9172.5, 1644.4, 327.68, 222.6, 163.93, 323.87, 172.78, 245.81, 98.02, 30.6, 63.9, 125, 64.56, 87.89, , , , , 
1/31/2020 5:15:48 AM, 3275.5, 9172.5, 1644.4, 327.68, 222.6, 163.93, 323.87, 172.78, 245.81, 98.02, 30.6, 63.9, 125, 64.56, 87.89, , , , , 
1/31/2020 5:15:51 AM, 3275.75, 9173.25, 1644.5, 327.68, 222.6, 163.93, 323.87, 172.78, 245.81, 98.02, 30.6, 63.9, 125, 64.56, 87.89, , , , , 
1/31/2020 5:15:54 AM, 3276, 9172.75, 1644.5, 327.68, 222.6, 163.93, 323.87, 172.78, 245.81, 98.02, 30.6, 63.9, 125, 64.56, 87.89, , , , , 
1/31/2020 5:15:57 AM, 3276, 9174, 1644.6, 327.68, 222.6, 163.93, 323.87, 172.78, 245.81, 98.02, 30.6, 63.9, 125, 64.56, 87.89, , , , , 
1/31/2020 5:16:01 AM, 3276, 9173.75, 1644.6, 327.68, 222.6, 163.93, 323.87, 172.78, 245.81, 98.02, 30.6, 63.9, 125, 64.56, 87.89, , , , , 
1/31/2020 5:16:04 AM, 3276, 9173.75, 1644.7, 327.68, 222.6, 163.93, 323.87, 172.78, 245.81, 98.02, 30.6, 63.9, 125, 64.56, 87.89, , , , , 
1/31/2020 5:16:07 AM, 3276, 9173.75, 1644.6, 327.68, 222.6, 163.93, 323.87, 172.78, 245.81, 98.02, 30.6, 63.9, 125, 64.56, 87.89, , , , , 
1/31/2020 5:16:10 AM, 3275.75, 9172.75, 1644.6, 327.68, 222.6, 163.93, 323.87, 172.78, 245.81, 98.02, 30.6, 63.9, 125, 64.56, 87.89, , , , , 
1/31/2020 5:16:13 AM, 3275.75, 9172.75, 1644.6, 327.68, 222.6, 163.93, 323.87, 172.78, 245.81, 98.02, 30.6, 63.9, 125, 64.56, 87.89, , , , , 
1/31/2020 5:16:16 AM, 3275.75, 9172.5, 1644.3, 327.68, 222.6, 163.93, 323.87, 172.78, 245.81, 98.02, 30.6, 63.9, 125, 64.56, 87.89, , , , , 
1/31/2020 5:16:19 AM, 3275.75, 9172.75, 1644.3, 327.68, 222.6, 163.93, 323.87, 172.78, 245.81, 98.02, 30.6, 63.9, 125, 64.56, 87.89, , , , , 
1/31/2020 5:16:22 AM, 3275.75, 9172.75, 1644.2, 327.68, 222.6, 163.93, 323.87, 172.78, 245.81, 98.02, 30.6, 63.9, 125, 64.56, 87.89, , , , , 
1/31/2020 5:16:25 AM, 3276, 9173, 1644.2, 327.68, 222.6, 163.93, 323.87, 172.78, 245.81, 98.02, 30.6, 63.9, 125, 64.56, 87.89, , , , , 
1/31/2020 5:16:28 AM, 3276, 9173.25, 1644.3, 327.68, 222.6, 163.93, 323.87, 172.78, 245.81, 98.02, 30.6, 63.9, 125, 64.56, 87.89, , , , , 
1/31/2020 5:16:31 AM, 3276, 9173, 1644.3, 327.68, 222.6, 163.93, 323.87, 172.78, 245.81, 98.02, 30.6, 63.9, 125, 64.56, 87.89, , , , , 
1/31/2020 5:16:34 AM, 3276, 9173, 1644.3, 327.68, 222.6, 163.93, 323.87, 172.78, 245.81, 98.02, 30.6, 63.9, 125, 64.56, 87.89, , , , , 
1/31/2020 5:16:37 AM, 3275.75, 9172.25, 1644.3, 327.68, 222.6, 163.93, 323.87, 172.78, 245.81, 98.02, 30.6, 63.9, 125, 64.56, 87.89, , , , , 
1/31/2020 5:16:40 AM, 3276, 9172.75, 1644.3, 327.68, 222.6, 163.93, 323.87, 172.78, 245.81, 98.02, 30.6, 63.9, 125, 64.56, 87.89, , , , , 
1/31/2020 5:16:43 AM, 3275.75, 9172, 1644.2, 327.68, 222.6, 163.93, 323.87, 172.78, 245.81, 98.02, 30.6, 63.9, 125, 64.56, 87.89, , , , , 
1/31/2020 5:16:46 AM, 3275.5, 9172.75, 1644.2, 327.68, 222.6, 163.93, 323.87, 172.78, 245.81, 98.02, 30.6, 63.9, 125, 64.56, 87.89, , , , , 
1/31/2020 5:16:49 AM, 3275.5, 9172.75, 1644.2, 327.68, 222.6, 163.93, 323.87, 172.78, 245.81, 98.02, 30.6, 63.9, 125, 64.56, 87.89, , , , , 
1/31/2020 5:16:52 AM, 3275.5, 9172.75, 1644.2, 327.68, 222.6, 163.93, 323.87, 172.78, 245.81, 98.02, 30.6, 63.9, 125, 64.56, 87.89, , , , , 
1/31/2020 5:16:55 AM, 3275.25, 9171, 1644, 327.68, 222.6, 163.93, 323.87, 172.78, 245.81, 98.02, 30.6, 63.9, 125, 64.56, 87.89, , , , , 
1/31/2020 5:16:58 AM, 3275.5, 9171.75, 1644, 327.68, 222.6, 163.93, 323.87, 172.78, 245.81, 98.02, 30.6, 63.9, 125, 64.56, 87.89, , , , , 
1/31/2020 5:17:01 AM, 3275.5, 9172, 1644, 327.68, 222.6, 163.93, 323.87, 172.78, 245.81, 98.02, 30.6, 63.9, 125, 64.56, 87.89, , , , , 
1/31/2020 5:17:04 AM, 3275.5, 9172, 1644, 327.68, 222.6, 163.93, 323.87, 172.78, 245.81, 98.02, 30.6, 63.9, 125, 64.56, 87.89, , , , , 
1/31/2020 5:17:07 AM, 3275.25, 9171, 1644, 327.68, 222.6, 163.93, 323.87, 172.78, 245.81, 98.02, 30.6, 63.9, 125, 64.56, 87.89, , , , , 
1/31/2020 5:17:10 AM, 3274.75, 9170.5, 1643.7, 327.68, 222.6, 163.93, 323.87, 172.78, 245.81, 98.02, 30.6, 63.9, 125, 64.56, 87.89, , , , , 
1/31/2020 5:17:13 AM, 3274.75, 9170.5, 1643.7, 327.68, 222.6, 163.93, 323.87, 172.78, 245.81, 98.02, 30.6, 63.9, 125, 64.56, 87.89, , , , , 
1/31/2020 5:17:16 AM, 3274.75, 9170, 1643.7, 327.68, 222.6, 163.93, 323.87, 172.78, 245.81, 98.02, 30.6, 63.9, 125, 64.56, 87.89, , , , , 
1/31/2020 5:17:19 AM, 3275, 9169.5, 1643.7, 327.68, 222.6, 163.93, 323.87, 172.78, 245.81, 98.02, 30.6, 63.9, 125, 64.56, 87.89, , , , , 
1/31/2020 5:17:22 AM, 3275, 9169.5, 1643.7, 327.68, 222.6, 163.93, 323.87, 172.78, 245.81, 98.02, 30.6, 63.9, 125, 64.56, 87.89, , , , , 
1/31/2020 5:17:25 AM, 3275, 9169.75, 1643.7, 327.68, 222.6, 163.93, 323.87, 172.78, 245.81, 98.02, 30.6, 63.9, 125, 64.56, 87.89, , , , , 
1/31/2020 5:17:28 AM, 3275, 9169.75, 1643.7, 327.68, 222.6, 163.93, 323.87, 172.78, 245.81, 98.02, 30.6, 63.9, 125, 64.56, 87.89, , , , , 
1/31/2020 5:17:31 AM, 3275, 9170, 1643.7, 327.68, 222.6, 163.93, 323.87, 172.78, 245.81, 98.02, 30.6, 63.9, 125, 64.56, 87.89, , , , , 
1/31/2020 5:17:34 AM, 3275, 9170, 1643.7, 327.68, 222.6, 163.93, 323.87, 172.78, 245.81, 98.02, 30.6, 63.9, 125, 64.56, 87.89, , , , , 
1/31/2020 5:17:37 AM, 3275, 9170.25, 1643.7, 327.68, 222.6, 163.93, 323.87, 172.78, 245.81, 98.02, 30.6, 63.9, 125, 64.56, 87.89, , , , , 
1/31/2020 5:17:40 AM, 3275, 9170.25, 1643.7, 327.68, 222.6, 163.93, 323.87, 172.78, 245.81, 98.02, 30.6, 63.9, 125, 64.56, 87.89, , , , , 
1/31/2020 5:17:43 AM, 3275, 9170.75, 1643.8, 327.68, 222.6, 163.93, 323.87, 172.78, 245.81, 98.02, 30.6, 63.9, 125, 64.56, 87.89, , , , , 
1/31/2020 5:17:46 AM, 3275, 9170.75, 1643.8, 327.68, 222.6, 163.93, 323.87, 172.78, 245.81, 98.02, 30.6, 63.9, 125, 64.56, 87.89, , , , , 
1/31/2020 5:17:49 AM, 3275.25, 9171.25, 1643.9, 327.68, 222.6, 163.93, 323.87, 172.78, 245.81, 98.02, 30.6, 63.9, 125, 64.56, 87.89, , , , , 
1/31/2020 5:17:52 AM, 3275.25, 9171.25, 1643.9, 327.68, 222.6, 163.93, 323.87, 172.78, 245.81, 98.02, 30.6, 63.9, 125, 64.56, 87.89, , , , , 
1/31/2020 5:17:55 AM, 3275.5, 9172, 1643.9, 327.68, 222.6, 163.93, 323.87, 172.78, 245.81, 98.02, 30.6, 63.9, 125, 64.56, 87.89, , , , , 
1/31/2020 5:17:58 AM, 3275.5, 9172, 1643.9, 327.68, 222.6, 163.93, 323.87, 172.78, 245.81, 98.02, 30.6, 63.9, 125, 64.56, 87.89, , , , , 
1/31/2020 5:18:01 AM, 3275.25, 9171, 1643.7, 327.68, 222.6, 163.93, 323.87, 172.78, 245.81, 98.02, 30.6, 63.9, 125, 64.56, 87.89, , , , , 
1/31/2020 5:18:04 AM, 3275.25, 9171, 1643.7, 327.68, 222.6, 163.93, 323.87, 172.78, 245.81, 98.02, 30.6, 63.9, 125, 64.56, 87.89, , , , , 
1/31/2020 5:18:07 AM, 3274.75, 9170, 1643.6, 327.68, 222.6, 163.93, 323.87, 172.78, 245.81, 98.02, 30.6, 63.9, 125, 64.56, 87.89, , , , , 
1/31/2020 5:18:10 AM, 3274.75, 9170, 1643.6, 327.68, 222.6, 163.93, 323.87, 172.78, 245.81, 98.02, 30.6, 63.9, 125, 64.56, 87.89, , , , , 
1/31/2020 5:18:13 AM, 3275, 9170.75, 1643.6, 327.68, 222.6, 163.93, 323.87, 172.78, 245.81, 98.02, 30.6, 63.9, 125, 64.56, 87.89, , , , , 
1/31/2020 5:18:16 AM, 3275, 9170.75, 1643.6, 327.68, 222.6, 163.93, 323.87, 172.78, 245.81, 98.02, 30.6, 63.9, 125, 64.56, 87.89, , , , , 
1/31/2020 5:18:20 AM, 3275.25, 9171, 1643.7, 327.68, 222.6, 163.93, 323.87, 172.78, 245.81, 98.02, 30.6, 63.9, 125, 64.56, 87.89, , , , , 
1/31/2020 5:18:23 AM, 3275.25, 9171, 1643.7, 327.68, 222.6, 163.93, 323.87, 172.78, 245.81, 98.02, 30.6, 63.9, 125, 64.56, 87.89, , , , , 
1/31/2020 5:18:26 AM, 3275.25, 9170.5, 1643.7, 327.68, 222.6, 163.93, 323.87, 172.78, 245.81, 98.02, 30.6, 63.9, 125, 64.56, 87.89, , , , , 
1/31/2020 5:18:29 AM, 3275.25, 9170.5, 1643.7, 327.68, 222.6, 163.93, 323.87, 172.78, 245.81, 98.02, 30.6, 63.9, 125, 64.56, 87.89, , , , , 
1/31/2020 5:18:32 AM, 3275, 9170.25, 1643.6, 327.68, 222.6, 163.93, 323.87, 172.78, 245.81, 98.02, 30.6, 63.9, 125, 64.56, 87.89, , , , , 
1/31/2020 5:18:35 AM, 3275, 9170.25, 1643.6, 327.68, 222.6, 163.93, 323.87, 172.78, 245.81, 98.02, 30.6, 63.9, 125, 64.56, 87.89, , , , , 
1/31/2020 5:18:38 AM, 3275, 9170.5, 1643.6, 327.68, 222.6, 163.93, 323.87, 172.78, 245.81, 98.02, 30.6, 63.9, 125, 64.56, 87.89, , , , , 
1/31/2020 5:18:41 AM, 3275, 9170.5, 1643.6, 327.68, 222.6, 163.93, 323.87, 172.78, 245.81, 98.02, 30.6, 63.9, 125, 64.56, 87.89, , , , , 
1/31/2020 5:18:44 AM, 3275, 9170.5, 1643.6, 327.68, 222.6, 163.93, 323.87, 172.78, 245.81, 98.02, 30.6, 63.9, 125, 64.56, 87.89, , , , , 
1/31/2020 5:18:47 AM, 3275, 9170.5, 1643.6, 327.68, 222.6, 163.93, 323.87, 172.78, 245.81, 98.02, 30.6, 63.9, 125, 64.56, 87.89, , , , , 
1/31/2020 5:18:50 AM, 3275, 9170.75, 1643.6, 327.68, 222.6, 163.93, 323.87, 172.78, 245.81, 98.02, 30.6, 63.9, 125, 64.56, 87.89, , , , , 
1/31/2020 5:18:53 AM, 3275, 9170.75, 1643.6, 327.68, 222.6, 163.93, 323.87, 172.78, 245.81, 98.02, 30.6, 63.9, 125, 64.56, 87.89, , , , , 
1/31/2020 5:18:56 AM, 3275, 9171, 1643.6, 327.68, 222.6, 163.93, 323.87, 172.78, 245.81, 98.02, 30.6, 63.9, 125, 64.56, 87.89, , , , , 
1/31/2020 5:18:59 AM, 3275, 9171, 1643.6, 327.68, 222.6, 163.93, 323.87, 172.78, 245.81, 98.02, 30.6, 63.9, 125, 64.56, 87.89, , , , , 
1/31/2020 5:19:02 AM, 3275, 9171, 1643.7, 327.68, 222.6, 163.93, 323.87, 172.78, 245.81, 98.02, 30.6, 63.9, 125, 64.56, 87.89, , , , , 
1/31/2020 5:19:05 AM, 3275, 9171, 1643.7, 327.68, 222.6, 163.93, 323.87, 172.78, 245.81, 98.02, 30.6, 63.9, 125, 64.56, 87.89, , , , , 
1/31/2020 5:19:08 AM, 3274.75, 9169.75, 1643.3, 327.68, 222.6, 163.93, 323.87, 172.78, 245.81, 98.02, 30.6, 63.9, 125, 64.56, 87.89, , , , , 
1/31/2020 5:19:11 AM, 3274.75, 9169.75, 1643.3, 327.68, 222.6, 163.93, 323.87, 172.78, 245.81, 98.02, 30.6, 63.9, 125, 64.56, 87.89, , , , , 
1/31/2020 5:19:14 AM, 3275, 9170.25, 1643.4, 327.68, 222.6, 163.93, 323.87, 172.78, 245.81, 98.02, 30.6, 63.9, 125, 64.56, 87.89, , , , , 
1/31/2020 5:19:17 AM, 3275, 9170.25, 1643.4, 327.68, 222.6, 163.93, 323.87, 172.78, 245.81, 98.02, 30.6, 63.9, 125, 64.56, 87.89, , , , , 
1/31/2020 5:19:20 AM, 3275.5, 9171.25, 1643.7, 327.68, 222.6, 163.93, 323.87, 172.78, 245.81, 98.02, 30.6, 63.9, 125, 64.56, 87.89, , , , , 
1/31/2020 5:19:23 AM, 3275.5, 9171.25, 1643.7, 327.68, 222.6, 163.93, 323.87, 172.78, 245.81, 98.02, 30.6, 63.9, 125, 64.56, 87.89, , , , , 
1/31/2020 5:19:26 AM, 3275.25, 9171, 1643.7, 327.68, 222.6, 163.93, 323.87, 172.78, 245.81, 98.02, 30.6, 63.9, 125, 64.56, 87.89, , , , , 
1/31/2020 5:19:29 AM, 3275.25, 9171, 1643.7, 327.68, 222.6, 163.93, 323.87, 172.78, 245.81, 98.02, 30.6, 63.9, 125, 64.56, 87.89, , , , , 
1/31/2020 5:19:32 AM, 3275.25, 9170.5, 1643.6, 327.68, 222.6, 163.93, 323.87, 172.78, 245.81, 98.02, 30.6, 63.9, 125, 64.56, 87.89, , , , , 
1/31/2020 5:19:35 AM, 3275.25, 9170.5, 1643.6, 327.68, 222.6, 163.93, 323.87, 172.78, 245.81, 98.02, 30.6, 63.9, 125, 64.56, 87.89, , , , , 
1/31/2020 5:19:38 AM, 3275.5, 9171, 1643.6, 327.68, 222.6, 163.93, 323.87, 172.78, 245.81, 98.02, 30.6, 63.9, 125, 64.56, 87.89, , , , , 
1/31/2020 5:19:41 AM, 3275.5, 9171, 1643.6, 327.68, 222.6, 163.93, 323.87, 172.78, 245.81, 98.02, 30.6, 63.9, 125, 64.56, 87.89, , , , , 
1/31/2020 5:19:44 AM, 3275.5, 9170.75, 1643.6, 327.68, 222.6, 163.93, 323.87, 172.78, 245.81, 98.02, 30.6, 63.9, 125, 64.56, 87.89, , , , , 
1/31/2020 5:19:47 AM, 3275.5, 9170.75, 1643.6, 327.68, 222.6, 163.93, 323.87, 172.78, 245.81, 98.02, 30.6, 63.9, 125, 64.56, 87.89, , , , , 
1/31/2020 5:19:50 AM, 3275.5, 9171.75, 1643.8, 327.68, 222.6, 163.93, 323.87, 172.78, 245.81, 98.02, 30.6, 63.9, 125, 64.56, 87.89, , , , , 
1/31/2020 5:19:53 AM, 3275.5, 9172, 1643.8, 327.68, 222.6, 163.93, 323.87, 172.78, 245.81, 98.02, 30.6, 63.9, 125, 64.56, 87.89, , , , , 
1/31/2020 5:19:56 AM, 3275.75, 9172.25, 1643.8, 327.68, 222.6, 163.93, 323.87, 172.78, 245.81, 98.02, 30.6, 63.9, 125, 64.56, 87.89, , , , , 
1/31/2020 5:19:59 AM, 3275.75, 9171.75, 1643.8, 327.68, 222.6, 163.93, 323.87, 172.78, 245.81, 98.02, 30.6, 63.9, 125, 64.56, 87.89, , , , , 
1/31/2020 5:20:02 AM, 3275.5, 9171, 1643.7, 327.68, 222.6, 163.93, 323.87, 172.78, 245.81, 98.02, 30.6, 63.9, 125, 64.56, 87.89, , , , , 
1/31/2020 5:20:05 AM, 3275.25, 9170, 1643.6, 327.68, 222.6, 163.93, 323.87, 172.78, 245.81, 98.02, 30.6, 63.9, 125, 64.56, 87.89, , , , , 
1/31/2020 5:20:08 AM, 3274.75, 9169.25, 1643.3, 327.68, 222.6, 163.93, 323.87, 172.78, 245.81, 98.02, 30.6, 63.9, 125, 64.56, 87.89, , , , , 
1/31/2020 5:20:11 AM, 3274.5, 9167.75, 1643.2, 327.68, 222.6, 163.93, 323.87, 172.78, 245.81, 98.02, 30.6, 63.9, 125, 64.56, 87.89, , , , , 
1/31/2020 5:20:14 AM, 3274, 9166.5, 1643, 327.68, 222.6, 163.93, 323.87, 172.78, 245.81, 98.02, 30.6, 63.9, 125, 64.56, 87.89, , , , , 
1/31/2020 5:20:17 AM, 3274.25, 9167, 1643, 327.68, 222.6, 163.93, 323.87, 172.78, 245.81, 98.02, 30.6, 63.9, 125, 64.56, 87.89, , , , , 
1/31/2020 5:20:20 AM, 3274.25, 9167.5, 1643.2, 327.68, 222.6, 163.93, 323.87, 172.78, 245.81, 98.02, 30.6, 63.9, 125, 64.56, 87.89, , , , , 
1/31/2020 5:20:23 AM, 3274, 9167, 1643.2, 327.68, 222.6, 163.93, 323.87, 172.78, 245.81, 98.02, 30.6, 63.9, 125, 64.56, 87.89, , , , , 
1/31/2020 5:20:26 AM, 3274, 9167, 1643.1, 327.68, 222.6, 163.93, 323.87, 172.78, 245.81, 98.02, 30.6, 63.9, 125, 64.56, 87.89, , , , , 
1/31/2020 5:20:29 AM, 3274, 9167.25, 1643.1, 327.68, 222.6, 163.93, 323.87, 172.78, 245.81, 98.02, 30.6, 63.9, 125, 64.56, 87.89, , , , , 
1/31/2020 5:20:32 AM, 3274.25, 9168.25, 1643.2, 327.68, 222.6, 163.93, 323.87, 172.78, 245.81, 98.02, 30.6, 63.9, 125, 64.56, 87.89, , , , , 
1/31/2020 5:20:35 AM, 3274.25, 9167.5, 1643.2, 327.68, 222.6, 163.93, 323.87, 172.78, 245.81, 98.02, 30.6, 63.9, 125, 64.56, 87.89, , , , , 
1/31/2020 5:20:38 AM, 3274.25, 9167.5, 1643.1, 327.68, 222.6, 163.93, 323.87, 172.78, 245.81, 98.02, 30.6, 63.9, 125, 64.56, 87.89, , , , , 
1/31/2020 5:20:41 AM, 3274.25, 9167.5, 1643.1, 327.68, 222.6, 163.93, 323.87, 172.78, 245.81, 98.02, 30.6, 63.9, 125, 64.56, 87.89, , , , , 
1/31/2020 5:20:44 AM, 3274, 9166.5, 1643, 327.68, 222.6, 163.93, 323.87, 172.78, 245.81, 98.02, 30.6, 63.9, 125, 64.56, 87.89, , , , , 
1/31/2020 5:20:48 AM, 3273.75, 9166.5, 1643, 327.68, 222.6, 163.93, 323.87, 172.78, 245.81, 98.02, 30.6, 63.9, 125, 64.56, 87.89, , , , , 
1/31/2020 5:20:51 AM, 3273.5, 9166, 1642.8, 327.68, 222.6, 163.93, 323.87, 172.78, 245.81, 98.02, 30.6, 63.9, 125, 64.56, 87.89, , , , , 
1/31/2020 5:20:54 AM, 3273.75, 9165.75, 1642.8, 327.68, 222.6, 163.93, 323.87, 172.78, 245.81, 98.02, 30.6, 63.9, 125, 64.56, 87.89, , , , , 
1/31/2020 5:20:57 AM, 3273.75, 9166.5, 1643, 327.68, 222.6, 163.93, 323.87, 172.78, 245.81, 98.02, 30.6, 63.9, 125, 64.56, 87.89, , , , , 
1/31/2020 5:21:00 AM, 3273.75, 9166.5, 1643, 327.68, 222.6, 163.93, 323.87, 172.78, 245.81, 98.02, 30.6, 63.9, 125, 64.56, 87.89, , , , , 
1/31/2020 5:21:03 AM, 3273.75, 9166.5, 1643, 327.68, 222.6, 163.93, 323.87, 172.78, 245.81, 98.02, 30.6, 63.9, 125, 64.56, 87.89, , , , , 
1/31/2020 5:21:06 AM, 3274, 9166.5, 1643, 327.68, 222.6, 163.93, 323.87, 172.78, 245.81, 98.02, 30.6, 63.9, 125, 64.56, 87.89, , , , , 
1/31/2020 5:21:09 AM, 3274, 9166.5, 1643, 327.68, 222.6, 163.93, 323.87, 172.78, 245.81, 98.02, 30.6, 63.9, 125, 64.56, 87.89, , , , , 
1/31/2020 5:21:12 AM, 3274, 9166.75, 1643, 327.68, 222.6, 163.93, 323.87, 172.78, 245.81, 98.02, 30.6, 63.9, 125, 64.56, 87.89, , , , , 
1/31/2020 5:21:15 AM, 3273.75, 9166, 1642.9, 327.68, 222.6, 163.93, 323.87, 172.78, 245.81, 98.02, 30.6, 63.9, 125, 64.56, 87.89, , , , , 
1/31/2020 5:21:18 AM, 3273.75, 9166.5, 1642.9, 327.68, 222.6, 163.93, 323.87, 172.78, 245.81, 98.02, 30.6, 63.9, 125, 64.56, 87.89, , , , , 
1/31/2020 5:21:21 AM, 3274.25, 9167.25, 1643.1, 327.68, 222.6, 163.93, 323.87, 172.78, 245.81, 98.02, 30.6, 63.9, 125, 64.56, 87.89, , , , , 
1/31/2020 5:21:24 AM, 3273.75, 9166.75, 1643.1, 327.68, 222.6, 163.93, 323.87, 172.78, 245.81, 98.02, 30.6, 63.9, 125, 64.56, 87.89, , , , , 
1/31/2020 5:21:27 AM, 3273.75, 9166.5, 1643, 327.68, 222.6, 163.93, 323.87, 172.78, 245.81, 98.02, 30.6, 63.9, 125, 64.56, 87.89, , , , , 
1/31/2020 5:21:30 AM, 3273.75, 9166.5, 1643, 327.68, 222.6, 163.93, 323.87, 172.78, 245.81, 98.02, 30.6, 63.9, 125, 64.56, 87.89, , , , , 
1/31/2020 5:21:33 AM, 3273.75, 9166.25, 1643, 327.68, 222.6, 163.93, 323.87, 172.78, 245.81, 98.02, 30.6, 63.9, 125, 64.56, 87.89, , , , , 
1/31/2020 5:21:36 AM, 3273.75, 9166.25, 1643, 327.68, 222.6, 163.93, 323.87, 172.78, 245.81, 98.02, 30.6, 63.9, 125, 64.56, 87.89, , , , , 
1/31/2020 5:21:39 AM, 3273.75, 9166.75, 1643, 327.68, 222.6, 163.93, 323.87, 172.78, 245.81, 98.02, 30.6, 63.9, 125, 64.56, 87.89, , , , , 
1/31/2020 5:21:42 AM, 3274, 9166.75, 1643.1, 327.68, 222.6, 163.93, 323.87, 172.78, 245.81, 98.02, 30.6, 63.9, 125, 64.56, 87.89, , , , , 
1/31/2020 5:21:45 AM, 3273.25, 9165, 1642.9, 327.68, 222.6, 163.93, 323.87, 172.78, 245.81, 98.02, 30.6, 63.9, 125, 64.56, 87.89, , , , , 
1/31/2020 5:21:48 AM, 3273.5, 9165.75, 1642.7, 327.68, 222.6, 163.93, 323.87, 172.78, 245.81, 98.02, 30.6, 63.9, 125, 64.56, 87.89, , , , , 
1/31/2020 5:21:51 AM, 3273.5, 9166, 1642.7, 327.68, 222.6, 163.93, 323.87, 172.78, 245.81, 98.02, 30.6, 63.9, 125, 64.56, 87.89, , , , , 
1/31/2020 5:21:54 AM, 3273.75, 9166.75, 1642.8, 327.68, 222.6, 163.93, 323.87, 172.78, 245.81, 98.02, 30.6, 63.9, 125, 64.56, 87.89, , , , , 
1/31/2020 5:21:57 AM, 3273.75, 9166.5, 1642.9, 327.68, 222.6, 163.93, 323.87, 172.78, 245.81, 98.02, 30.6, 63.9, 125, 64.56, 87.89, , , , , 
1/31/2020 5:22:00 AM, 3274, 9166.5, 1642.9, 327.68, 222.6, 163.93, 323.87, 172.78, 245.81, 98.02, 30.6, 63.9, 125, 64.56, 87.89, , , , , 
1/31/2020 5:22:03 AM, 3273.5, 9166, 1642.9, 327.68, 222.6, 163.93, 323.87, 172.78, 245.81, 98.02, 30.6, 63.9, 125, 64.56, 87.89, , , , , 
1/31/2020 5:22:06 AM, 3273.5, 9165.75, 1642.8, 327.68, 222.6, 163.93, 323.87, 172.78, 245.81, 98.02, 30.6, 63.9, 125, 64.56, 87.89, , , , , 
1/31/2020 5:22:09 AM, 3273.5, 9166, 1642.8, 327.68, 222.6, 163.93, 323.87, 172.78, 245.81, 98.02, 30.6, 63.9, 125, 64.56, 87.89, , , , , 
1/31/2020 5:22:12 AM, 3273.5, 9165.25, 1642.8, 327.68, 222.6, 163.93, 323.87, 172.78, 245.81, 98.02, 30.6, 63.9, 125, 64.56, 87.89, , , , , 
1/31/2020 5:22:15 AM, 3273.5, 9165, 1642.7, 327.68, 222.6, 163.93, 323.87, 172.78, 245.81, 98.02, 30.6, 63.9, 125, 64.56, 87.89, , , , , 
1/31/2020 5:22:18 AM, 3273.5, 9165.75, 1642.8, 327.68, 222.6, 163.93, 323.87, 172.78, 245.81, 98.02, 30.6, 63.9, 125, 64.56, 87.89, , , , , 
1/31/2020 5:22:21 AM, 3273.5, 9165.75, 1642.8, 327.68, 222.6, 163.93, 323.87, 172.78, 245.81, 98.02, 30.6, 63.9, 125, 64.56, 87.89, , , , , 
1/31/2020 5:22:24 AM, 3273.5, 9165.5, 1642.7, 327.68, 222.6, 163.93, 323.87, 172.78, 245.81, 98.02, 30.6, 63.9, 125, 64.56, 87.89, , , , , 
1/31/2020 5:22:27 AM, 3273.5, 9165.5, 1642.7, 327.68, 222.6, 163.93, 323.87, 172.78, 245.81, 98.02, 30.6, 63.9, 125, 64.56, 87.89, , , , , 
1/31/2020 5:22:30 AM, 3273.5, 9165.5, 1642.7, 327.68, 222.6, 163.93, 323.87, 172.78, 245.81, 98.02, 30.6, 63.9, 125, 64.56, 87.89, , , , , 
1/31/2020 5:22:33 AM, 3273.5, 9165, 1642.7, 327.68, 222.6, 163.93, 323.87, 172.78, 245.81, 98.02, 30.6, 63.9, 125, 64.56, 87.89, , , , , 
1/31/2020 5:22:36 AM, 3273.5, 9165.5, 1642.8, 327.68, 222.6, 163.93, 323.87, 172.78, 245.81, 98.02, 30.6, 63.9, 125, 64.56, 87.89, , , , , 
1/31/2020 5:22:39 AM, 3273.25, 9165.25, 1642.7, 327.68, 222.6, 163.93, 323.87, 172.78, 245.81, 98.02, 30.6, 63.9, 125, 64.56, 87.89, , , , , 
1/31/2020 5:22:42 AM, 3273.25, 9165, 1642.7, 327.68, 222.6, 163.93, 323.87, 172.78, 245.81, 98.02, 30.6, 63.9, 125, 64.56, 87.89, , , , , 
1/31/2020 5:22:45 AM, 3273.5, 9165, 1642.7, 327.68, 222.6, 163.93, 323.87, 172.78, 245.81, 98.02, 30.6, 63.9, 125, 64.56, 87.89, , , , , 
1/31/2020 5:22:48 AM, 3273.5, 9165.25, 1642.7, 327.68, 222.6, 163.93, 323.87, 172.78, 245.81, 98.02, 30.6, 63.9, 125, 64.56, 87.89, , , , , 
1/31/2020 5:22:51 AM, 3273.5, 9165.25, 1642.7, 327.68, 222.6, 163.93, 323.87, 172.78, 245.81, 98.02, 30.6, 63.9, 125, 64.56, 87.89, , , , , 
1/31/2020 5:22:54 AM, 3273.5, 9165.25, 1642.7, 327.68, 222.6, 163.93, 323.87, 172.78, 245.81, 98.02, 30.6, 63.9, 125, 64.56, 87.89, , , , , 
1/31/2020 5:22:57 AM, 3273, 9164.25, 1642.4, 327.68, 222.6, 163.93, 323.87, 172.78, 245.81, 98.02, 30.6, 63.9, 125, 64.56, 87.89, , , , , 
1/31/2020 5:23:00 AM, 3273.25, 9165, 1642.5, 327.68, 222.6, 163.93, 323.87, 172.78, 245.81, 98.02, 30.6, 63.9, 125, 64.56, 87.89, , , , , 
1/31/2020 5:23:03 AM, 3273, 9164.5, 1642.5, 327.68, 222.6, 163.93, 323.87, 172.78, 245.81, 98.02, 30.6, 63.9, 125, 64.56, 87.89, , , , , 
1/31/2020 5:23:06 AM, 3272.5, 9163, 1642.1, 327.68, 222.6, 163.93, 323.87, 172.78, 245.81, 98.02, 30.6, 63.9, 125, 64.56, 87.89, , , , , 
1/31/2020 5:23:09 AM, 3272.25, 9162.5, 1642.1, 327.68, 222.6, 163.93, 323.87, 172.78, 245.81, 98.02, 30.6, 63.9, 125, 64.56, 87.89, , , , , 
1/31/2020 5:23:13 AM, 3272.25, 9162.25, 1641.7, 327.68, 222.6, 163.93, 323.87, 172.78, 245.81, 98.02, 30.6, 63.9, 125, 64.56, 87.89, , , , , 
1/31/2020 5:23:16 AM, 3272.25, 9163.25, 1641.9, 327.68, 222.6, 163.93, 323.87, 172.78, 245.81, 98.02, 30.6, 63.9, 125, 64.56, 87.89, , , , , 
1/31/2020 5:23:19 AM, 3272.5, 9163, 1641.9, 327.68, 222.6, 163.93, 323.87, 172.78, 245.81, 98.02, 30.6, 63.9, 125, 64.56, 87.89, , , , , 
1/31/2020 5:23:22 AM, 3272.75, 9163.5, 1641.9, 327.68, 222.6, 163.93, 323.87, 172.78, 245.81, 98.02, 30.6, 63.9, 125, 64.56, 87.89, , , , , 
1/31/2020 5:23:25 AM, 3272.5, 9163.5, 1641.9, 327.68, 222.6, 163.93, 323.87, 172.78, 245.81, 98.02, 30.6, 63.9, 125, 64.56, 87.89, , , , , 
1/31/2020 5:23:28 AM, 3272.5, 9163.75, 1641.9, 327.68, 222.6, 163.93, 323.87, 172.78, 245.81, 98.02, 30.6, 63.9, 125, 64.56, 87.89, , , , , 
1/31/2020 5:23:31 AM, 3272.75, 9163.25, 1641.9, 327.68, 222.6, 163.93, 323.87, 172.78, 245.81, 98.02, 30.6, 63.9, 125, 64.56, 87.89, , , , , 
1/31/2020 5:23:34 AM, 3272.5, 9163.25, 1641.9, 327.68, 222.6, 163.93, 323.87, 172.78, 245.81, 98.02, 30.6, 63.9, 125, 64.56, 87.89, , , , , 
1/31/2020 5:23:37 AM, 3272.5, 9163, 1641.8, 327.68, 222.6, 163.93, 323.87, 172.78, 245.81, 98.02, 30.6, 63.9, 125, 64.56, 87.89, , , , , 
1/31/2020 5:23:40 AM, 3272.25, 9162.5, 1641.8, 327.68, 222.6, 163.93, 323.87, 172.78, 245.81, 98.02, 30.6, 63.9, 125, 64.56, 87.89, , , , , 
1/31/2020 5:23:43 AM, 3272, 9162, 1641.8, 327.68, 222.6, 163.93, 323.87, 172.78, 245.81, 98.02, 30.6, 63.9, 125, 64.56, 87.89, , , , , 
1/31/2020 5:23:46 AM, 3272.25, 9162.75, 1641.6, 327.68, 222.6, 163.93, 323.87, 172.78, 245.81, 98.02, 30.6, 63.9, 125, 64.56, 87.89, , , , , 
1/31/2020 5:23:49 AM, 3272.5, 9162.5, 1641.6, 327.68, 222.6, 163.93, 323.87, 172.78, 245.81, 98.02, 30.6, 63.9, 125, 64.56, 87.89, , , , , 
1/31/2020 5:23:52 AM, 3272.25, 9162.25, 1641.7, 327.68, 222.6, 163.93, 323.87, 172.78, 245.81, 98.02, 30.6, 63.9, 125, 64.56, 87.89, , , , , 
1/31/2020 5:23:55 AM, 3272.25, 9162.25, 1641.7, 327.68, 222.6, 163.93, 323.87, 172.78, 245.81, 98.02, 30.6, 63.9, 125, 64.56, 87.89, , , , , 
1/31/2020 5:23:58 AM, 3272, 9161.75, 1641.6, 327.68, 222.6, 163.93, 323.87, 172.78, 245.81, 98.02, 30.6, 63.9, 125, 64.56, 87.89, , , , , 
1/31/2020 5:24:01 AM, 3272, 9160.5, 1641.5, 327.68, 222.6, 163.93, 323.87, 172.78, 245.81, 98.02, 30.6, 63.9, 125, 64.56, 87.89, , , , , 
1/31/2020 5:24:04 AM, 3272, 9161, 1641.5, 327.68, 222.6, 163.93, 323.87, 172.78, 245.81, 98.02, 30.6, 63.9, 125, 64.56, 87.89, , , , , 
1/31/2020 5:24:07 AM, 3271.75, 9160.75, 1641.5, 327.68, 222.6, 163.93, 323.87, 172.78, 245.81, 98.02, 30.6, 63.9, 125, 64.56, 87.89, , , , , 
1/31/2020 5:24:10 AM, 3272, 9160.75, 1641.5, 327.68, 222.6, 163.93, 323.87, 172.78, 245.81, 98.02, 30.6, 63.9, 125, 64.56, 87.89, , , , , 
1/31/2020 5:24:13 AM, 3271.5, 9159.5, 1641.3, 327.68, 222.6, 163.93, 323.87, 172.78, 245.81, 98.02, 30.6, 63.9, 125, 64.56, 87.89, , , , , 
1/31/2020 5:24:16 AM, 3271.5, 9159, 1641.2, 327.68, 222.6, 163.93, 323.87, 172.78, 245.81, 98.02, 30.6, 63.9, 125, 64.56, 87.89, , , , , 
1/31/2020 5:24:19 AM, 3271.25, 9159, 1641.3, 327.68, 222.6, 163.93, 323.87, 172.78, 245.81, 98.02, 30.6, 63.9, 125, 64.56, 87.89, , , , , 
1/31/2020 5:24:22 AM, 3270.75, 9157.5, 1641, 327.68, 222.6, 163.93, 323.87, 172.78, 245.81, 98.02, 30.6, 63.9, 125, 64.56, 87.89, , , , , 
1/31/2020 5:24:25 AM, 3270.5, 9157.5, 1641, 327.68, 222.6, 163.93, 323.87, 172.78, 245.81, 98.02, 30.6, 63.9, 125, 64.56, 87.89, , , , , 
1/31/2020 5:24:28 AM, 3270, 9155.5, 1640.8, 327.68, 222.6, 163.93, 323.87, 172.78, 245.81, 98.02, 30.6, 63.9, 125, 64.56, 87.89, , , , , 
1/31/2020 5:24:31 AM, 3270.25, 9156.5, 1641, 327.68, 222.6, 163.93, 323.87, 172.78, 245.81, 98.02, 30.6, 63.9, 125, 64.56, 87.89, , , , , 
1/31/2020 5:24:34 AM, 3271, 9158, 1641.2, 327.68, 222.6, 163.93, 323.87, 172.78, 245.81, 98.02, 30.6, 63.9, 125, 64.56, 87.89, , , , , 
1/31/2020 5:24:37 AM, 3270.75, 9157.25, 1641.1, 327.68, 222.6, 163.93, 323.87, 172.78, 245.81, 98.02, 30.6, 63.9, 125, 64.56, 87.89, , , , , 
1/31/2020 5:24:40 AM, 3270.5, 9156.25, 1640.9, 327.68, 222.6, 163.93, 323.87, 172.78, 245.81, 98.02, 30.6, 63.9, 125, 64.56, 87.89, , , , , 
1/31/2020 5:24:43 AM, 3270.25, 9156, 1641, 327.68, 222.6, 163.93, 323.87, 172.78, 245.81, 98.02, 30.6, 63.9, 125, 64.56, 87.89, , , , , 
1/31/2020 5:24:46 AM, 3270.25, 9155.75, 1640.9, 327.68, 222.6, 163.93, 323.87, 172.78, 245.81, 98.02, 30.6, 63.9, 125, 64.56, 87.89, , , , , 
1/31/2020 5:24:49 AM, 3270.25, 9155.75, 1640.9, 327.68, 222.6, 163.93, 323.87, 172.78, 245.81, 98.02, 30.6, 63.9, 125, 64.56, 87.89, , , , , 
1/31/2020 5:24:52 AM, 3270.25, 9156, 1640.9, 327.68, 222.6, 163.93, 323.87, 172.78, 245.81, 98.02, 30.6, 63.9, 125, 64.56, 87.89, , , , , 
1/31/2020 5:24:55 AM, 3270.25, 9155.75, 1640.9, 327.68, 222.6, 163.93, 323.87, 172.78, 245.81, 98.02, 30.6, 63.9, 125, 64.56, 87.89, , , , , 
1/31/2020 5:24:58 AM, 3270.5, 9156.25, 1641, 327.68, 222.6, 163.93, 323.87, 172.78, 245.81, 98.02, 30.6, 63.9, 125, 64.56, 87.89, , , , , 
1/31/2020 5:25:01 AM, 3270.5, 9156.25, 1641, 327.68, 222.6, 163.93, 323.87, 172.78, 245.81, 98.02, 30.6, 63.9, 125, 64.56, 87.89, , , , , 
1/31/2020 5:25:04 AM, 3270.5, 9157, 1641, 327.68, 222.6, 163.93, 323.87, 172.78, 245.81, 98.02, 30.6, 63.9, 125, 64.56, 87.89, , , , , 
1/31/2020 5:25:07 AM, 3270.5, 9157.25, 1640.9, 327.68, 222.6, 163.93, 323.87, 172.78, 245.81, 98.02, 30.6, 63.9, 125, 64.56, 87.89, , , , , 
1/31/2020 5:25:10 AM, 3270.5, 9158, 1641, 327.68, 222.6, 163.93, 323.87, 172.78, 245.81, 98.02, 30.6, 63.9, 125, 64.56, 87.89, , , , , 
1/31/2020 5:25:13 AM, 3271.25, 9159.5, 1641.3, 327.68, 222.6, 163.93, 323.87, 172.78, 245.81, 98.02, 30.6, 63.9, 125, 64.56, 87.89, , , , , 
1/31/2020 5:25:16 AM, 3271.25, 9159.25, 1641.3, 327.68, 222.6, 163.93, 323.87, 172.78, 245.81, 98.02, 30.6, 63.9, 125, 64.56, 87.89, , , , , 
1/31/2020 5:25:19 AM, 3271.25, 9158.75, 1641.3, 327.68, 222.6, 163.93, 323.87, 172.78, 245.81, 98.02, 30.6, 63.9, 125, 64.56, 87.89, , , , , 
1/31/2020 5:25:22 AM, 3271, 9157.75, 1641.1, 327.68, 222.6, 163.93, 323.87, 172.78, 245.81, 98.02, 30.6, 63.9, 125, 64.56, 87.89, , , , , 
1/31/2020 5:25:26 AM, 3270.75, 9157.5, 1641, 327.68, 222.6, 163.93, 323.87, 172.78, 245.81, 98.02, 30.6, 63.9, 125, 64.56, 87.89, , , , , 
1/31/2020 5:25:29 AM, 3271, 9158.5, 1641, 327.68, 222.6, 163.93, 323.87, 172.78, 245.81, 98.02, 30.6, 63.9, 125, 64.56, 87.89, , , , , 
1/31/2020 5:25:32 AM, 3271, 9158.5, 1641, 327.68, 222.6, 163.93, 323.87, 172.78, 245.81, 98.02, 30.6, 63.9, 125, 64.56, 87.89, , , , , 
1/31/2020 5:25:35 AM, 3271.25, 9159, 1641.3, 327.68, 222.6, 163.93, 323.87, 172.78, 245.81, 98.02, 30.6, 63.9, 125, 64.56, 87.89, , , , , 
1/31/2020 5:25:38 AM, 3271.5, 9160, 1641.4, 327.68, 222.6, 163.93, 323.87, 172.78, 245.81, 98.02, 30.6, 63.9, 125, 64.56, 87.89, , , , , 
1/31/2020 5:25:41 AM, 3271.75, 9160.75, 1641.4, 327.68, 222.6, 163.93, 323.87, 172.78, 245.81, 98.02, 30.6, 63.9, 125, 64.56, 87.89, , , , , 
1/31/2020 5:25:44 AM, 3271.75, 9160.5, 1641.4, 327.68, 222.6, 163.93, 323.87, 172.78, 245.81, 98.02, 30.6, 63.9, 125, 64.56, 87.89, , , , , 
1/31/2020 5:25:47 AM, 3271.75, 9160.5, 1641.4, 327.68, 222.6, 163.93, 323.87, 172.78, 245.81, 98.02, 30.6, 63.9, 125, 64.56, 87.89, , , , , 
1/31/2020 5:25:50 AM, 3271.75, 9160.75, 1641.4, 327.68, 222.6, 163.93, 323.87, 172.78, 245.81, 98.02, 30.6, 63.9, 125, 64.56, 87.89, , , , , 
1/31/2020 5:25:53 AM, 3271.75, 9160.5, 1641.3, 327.68, 222.6, 163.93, 323.87, 172.78, 245.81, 98.02, 30.6, 63.9, 125, 64.56, 87.89, , , , , 
1/31/2020 5:25:56 AM, 3271.5, 9160.75, 1641.3, 327.68, 222.6, 163.93, 323.87, 172.78, 245.81, 98.02, 30.6, 63.9, 125, 64.56, 87.89, , , , , 
1/31/2020 5:25:59 AM, 3271.75, 9160.25, 1641.2, 327.68, 222.6, 163.93, 323.87, 172.78, 245.81, 98.02, 30.6, 63.9, 125, 64.56, 87.89, , , , , 
1/31/2020 5:26:02 AM, 3272, 9160.75, 1641.4, 327.68, 222.6, 163.93, 323.87, 172.78, 245.81, 98.02, 30.6, 63.9, 125, 64.56, 87.89, , , , , 
1/31/2020 5:26:05 AM, 3271.5, 9160, 1641.2, 327.68, 222.6, 163.93, 323.87, 172.78, 245.81, 98.02, 30.6, 63.9, 125, 64.56, 87.89, , , , , 
1/31/2020 5:26:08 AM, 3271.5, 9160.25, 1641.2, 327.68, 222.6, 163.93, 323.87, 172.78, 245.81, 98.02, 30.6, 63.9, 125, 64.56, 87.89, , , , , 
1/31/2020 5:26:11 AM, 3271.5, 9159.75, 1641.2, 327.68, 222.6, 163.93, 323.87, 172.78, 245.81, 98.02, 30.6, 63.9, 125, 64.56, 87.89, , , , , 
1/31/2020 5:26:14 AM, 3271.5, 9160, 1641.1, 327.68, 222.6, 163.93, 323.87, 172.78, 245.81, 98.02, 30.6, 63.9, 125, 64.56, 87.89, , , , , 
1/31/2020 5:26:17 AM, 3271.5, 9160, 1641.1, 327.68, 222.6, 163.93, 323.87, 172.78, 245.81, 98.02, 30.6, 63.9, 125, 64.56, 87.89, , , , , 
1/31/2020 5:26:20 AM, 3272, 9161.5, 1641.4, 327.68, 222.6, 163.93, 323.87, 172.78, 245.81, 98.02, 30.6, 63.9, 125, 64.56, 87.89, , , , , 
1/31/2020 5:26:23 AM, 3272, 9161, 1641.3, 327.68, 222.6, 163.93, 323.87, 172.78, 245.81, 98.02, 30.6, 63.9, 125, 64.56, 87.89, , , , , 
1/31/2020 5:26:26 AM, 3271.25, 9158.5, 1641.1, 327.68, 222.6, 163.93, 323.87, 172.78, 245.81, 98.02, 30.6, 63.9, 125, 64.56, 87.89, , , , , 
1/31/2020 5:26:29 AM, 3271.5, 9158.75, 1641.1, 327.68, 222.6, 163.93, 323.87, 172.78, 245.81, 98.02, 30.6, 63.9, 125, 64.56, 87.89, , , , , 
1/31/2020 5:26:32 AM, 3271.75, 9159.25, 1641.2, 327.68, 222.6, 163.93, 323.87, 172.78, 245.81, 98.02, 30.6, 63.9, 125, 64.56, 87.89, , , , , 
1/31/2020 5:26:35 AM, 3271.5, 9159.25, 1641.1, 327.68, 222.6, 163.93, 323.87, 172.78, 245.81, 98.02, 30.6, 63.9, 125, 64.56, 87.89, , , , , 
1/31/2020 5:26:38 AM, 3271.5, 9158.75, 1641.1, 327.68, 222.6, 163.93, 323.87, 172.78, 245.81, 98.02, 30.6, 63.9, 125, 64.56, 87.89, , , , , 
1/31/2020 5:26:41 AM, 3271.25, 9158.5, 1641, 327.68, 222.6, 163.93, 323.87, 172.78, 245.81, 98.02, 30.6, 63.9, 125, 64.56, 87.89, , , , , 
1/31/2020 5:26:44 AM, 3271.25, 9158.25, 1640.9, 327.68, 222.6, 163.93, 323.87, 172.78, 245.81, 98.02, 30.6, 63.9, 125, 64.56, 87.89, , , , , 
1/31/2020 5:26:47 AM, 3271.25, 9158.5, 1641, 327.68, 222.6, 163.93, 323.87, 172.78, 245.81, 98.02, 30.6, 63.9, 125, 64.56, 87.89, , , , , 
1/31/2020 5:26:50 AM, 3271.25, 9158.75, 1641.1, 327.68, 222.6, 163.93, 323.87, 172.78, 245.81, 98.02, 30.6, 63.9, 125, 64.56, 87.89, , , , , 
1/31/2020 5:26:53 AM, 3271.25, 9159, 1641.1, 327.68, 222.6, 163.93, 323.87, 172.78, 245.81, 98.02, 30.6, 63.9, 125, 64.56, 87.89, , , , , 
1/31/2020 5:26:56 AM, 3271.25, 9158, 1641, 327.68, 222.6, 163.93, 323.87, 172.78, 245.81, 98.02, 30.6, 63.9, 125, 64.56, 87.89, , , , , 
1/31/2020 5:26:59 AM, 3271, 9157.75, 1641, 327.68, 222.6, 163.93, 323.87, 172.78, 245.81, 98.02, 30.6, 63.9, 125, 64.56, 87.89, , , , , 
1/31/2020 5:27:02 AM, 3271.5, 9158.25, 1641, 327.68, 222.6, 163.93, 323.87, 172.78, 245.81, 98.02, 30.6, 63.9, 125, 64.56, 87.89, , , , , 
1/31/2020 5:27:05 AM, 3271.25, 9158, 1641, 327.68, 222.6, 163.93, 323.87, 172.78, 245.81, 98.02, 30.6, 63.9, 125, 64.56, 87.89, , , , , 
1/31/2020 5:27:08 AM, 3271.25, 9158, 1641, 327.68, 222.6, 163.93, 323.87, 172.78, 245.81, 98.02, 30.6, 63.9, 125, 64.56, 87.89, , , , , 
1/31/2020 5:27:11 AM, 3271.25, 9158.5, 1641, 327.68, 222.6, 163.93, 323.87, 172.78, 245.81, 98.02, 30.6, 63.9, 125, 64.56, 87.89, , , , , 
1/31/2020 5:27:14 AM, 3271.25, 9158.25, 1641.1, 327.68, 222.6, 163.93, 323.87, 172.78, 245.81, 98.02, 30.6, 63.9, 125, 64.56, 87.89, , , , , 
1/31/2020 5:27:17 AM, 3271.25, 9158.25, 1641.1, 327.68, 222.6, 163.93, 323.87, 172.78, 245.81, 98.02, 30.6, 63.9, 125, 64.56, 87.89, , , , , 
1/31/2020 5:27:20 AM, 3271.25, 9158, 1641.1, 327.68, 222.6, 163.93, 323.87, 172.78, 245.81, 98.02, 30.6, 63.9, 125, 64.56, 87.89, , , , , 
1/31/2020 5:27:23 AM, 3271.25, 9158, 1641, 327.68, 222.6, 163.93, 323.87, 172.78, 245.81, 98.02, 30.6, 63.9, 125, 64.56, 87.89, , , , , 
1/31/2020 5:27:26 AM, 3271.25, 9158.25, 1641, 327.68, 222.6, 163.93, 323.87, 172.78, 245.81, 98.02, 30.6, 63.9, 125, 64.56, 87.89, , , , , 
1/31/2020 5:27:29 AM, 3271.25, 9158, 1641, 327.68, 222.6, 163.93, 323.87, 172.78, 245.81, 98.02, 30.6, 63.9, 125, 64.56, 87.89, , , , , 
1/31/2020 5:27:32 AM, 3270.5, 9155.5, 1640.7, 327.68, 222.6, 163.93, 323.87, 172.78, 245.81, 98.02, 30.6, 63.9, 125, 64.56, 87.89, , , , , 
1/31/2020 5:27:35 AM, 3270.5, 9156.25, 1640.7, 327.68, 222.6, 163.93, 323.87, 172.78, 245.81, 98.02, 30.6, 63.9, 125, 64.56, 87.89, , , , , 
1/31/2020 5:27:38 AM, 3270.25, 9153.5, 1640.6, 327.68, 222.6, 163.93, 323.87, 172.78, 245.81, 98.02, 30.6, 63.9, 125, 64.56, 87.89, , , , , 
1/31/2020 5:27:41 AM, 3270, 9153, 1640.4, 327.68, 222.6, 163.93, 323.87, 172.78, 245.81, 98.02, 30.6, 63.9, 125, 64.56, 87.89, , , , , 
1/31/2020 5:27:44 AM, 3270, 9153.25, 1640.5, 327.68, 222.6, 163.93, 323.87, 172.78, 245.81, 98.02, 30.6, 63.9, 125, 64.56, 87.89, , , , , 
1/31/2020 5:27:47 AM, 3270, 9153.5, 1640.5, 327.68, 222.6, 163.93, 323.87, 172.78, 245.81, 98.02, 30.6, 63.9, 125, 64.56, 87.89, , , , , 
1/31/2020 5:27:50 AM, 3270, 9153.5, 1640.5, 327.68, 222.6, 163.93, 323.87, 172.78, 245.81, 98.02, 30.6, 63.9, 125, 64.56, 87.89, , , , , 
1/31/2020 5:27:53 AM, 3270, 9153.75, 1640.5, 327.68, 222.6, 163.93, 323.87, 172.78, 245.81, 98.02, 30.6, 63.9, 125, 64.56, 87.89, , , , , 
1/31/2020 5:27:56 AM, 3270, 9153.75, 1640.5, 327.68, 222.6, 163.93, 323.87, 172.78, 245.81, 98.02, 30.6, 63.9, 125, 64.56, 87.89, , , , , 
1/31/2020 5:27:59 AM, 3269.5, 9152.25, 1640.3, 327.68, 222.6, 163.93, 323.87, 172.78, 245.81, 98.02, 30.6, 63.9, 125, 64.56, 87.89, , , , , 
1/31/2020 5:28:02 AM, 3269.5, 9152.25, 1640.3, 327.68, 222.6, 163.93, 323.87, 172.78, 245.81, 98.02, 30.6, 63.9, 125, 64.56, 87.89, , , , , 
1/31/2020 5:28:05 AM, 3269.5, 9152.5, 1640.3, 327.68, 222.6, 163.93, 323.87, 172.78, 245.81, 98.02, 30.6, 63.9, 125, 64.56, 87.89, , , , , 
1/31/2020 5:28:08 AM, 3269.5, 9152.5, 1640.3, 327.68, 222.6, 163.93, 323.87, 172.78, 245.81, 98.02, 30.6, 63.9, 125, 64.56, 87.89, , , , , 
1/31/2020 5:28:12 AM, 3269.5, 9153, 1640.2, 327.68, 222.6, 163.93, 323.87, 172.78, 245.81, 98.02, 30.6, 63.9, 125, 64.56, 87.89, , , , , 
1/31/2020 5:28:15 AM, 3269.5, 9153, 1640.2, 327.68, 222.6, 163.93, 323.87, 172.78, 245.81, 98.02, 30.6, 63.9, 125, 64.56, 87.89, , , , , 
1/31/2020 5:28:18 AM, 3269.75, 9152.75, 1640.3, 327.68, 222.6, 163.93, 323.87, 172.78, 245.81, 98.02, 30.6, 63.9, 125, 64.56, 87.89, , , , , 
1/31/2020 5:28:21 AM, 3269.75, 9152.75, 1640.3, 327.68, 222.6, 163.93, 323.87, 172.78, 245.81, 98.02, 30.6, 63.9, 125, 64.56, 87.89, , , , , 
1/31/2020 5:28:24 AM, 3269.5, 9152.5, 1640.3, 327.68, 222.6, 163.93, 323.87, 172.78, 245.81, 98.02, 30.6, 63.9, 125, 64.56, 87.89, , , , , 
1/31/2020 5:28:27 AM, 3269.5, 9152.5, 1640.3, 327.68, 222.6, 163.93, 323.87, 172.78, 245.81, 98.02, 30.6, 63.9, 125, 64.56, 87.89, , , , , 
1/31/2020 5:28:30 AM, 3269, 9152, 1640, 327.68, 222.6, 163.93, 323.87, 172.78, 245.81, 98.02, 30.6, 63.9, 125, 64.56, 87.89, , , , , 
1/31/2020 5:28:33 AM, 3269, 9152, 1640, 327.68, 222.6, 163.93, 323.87, 172.78, 245.81, 98.02, 30.6, 63.9, 125, 64.56, 87.89, , , , , 
1/31/2020 5:28:36 AM, 3269, 9151.5, 1640, 327.68, 222.6, 163.93, 323.87, 172.78, 245.81, 98.02, 30.6, 63.9, 125, 64.56, 87.89, , , , , 
1/31/2020 5:28:39 AM, 3269, 9151.5, 1640, 327.68, 222.6, 163.93, 323.87, 172.78, 245.81, 98.02, 30.6, 63.9, 125, 64.56, 87.89, , , , , 
1/31/2020 5:28:42 AM, 3268.5, 9150.25, 1639.9, 327.68, 222.6, 163.93, 323.87, 172.78, 245.81, 98.02, 30.6, 63.9, 125, 64.56, 87.89, , , , , 
1/31/2020 5:28:45 AM, 3268.5, 9150.25, 1639.9, 327.68, 222.6, 163.93, 323.87, 172.78, 245.81, 98.02, 30.6, 63.9, 125, 64.56, 87.89, , , , , 
1/31/2020 5:28:48 AM, 3269, 9151.75, 1640.1, 327.68, 222.6, 163.93, 323.87, 172.78, 245.81, 98.02, 30.6, 63.9, 125, 64.56, 87.89, , , , , 
1/31/2020 5:28:51 AM, 3269, 9151.75, 1640.1, 327.68, 222.6, 163.93, 323.87, 172.78, 245.81, 98.02, 30.6, 63.9, 125, 64.56, 87.89, , , , , 
1/31/2020 5:28:54 AM, 3269.5, 9152.75, 1640.2, 327.68, 222.6, 163.93, 323.87, 172.78, 245.81, 98.02, 30.6, 63.9, 125, 64.56, 87.89, , , , , 
1/31/2020 5:28:57 AM, 3269.5, 9152.75, 1640.2, 327.68, 222.6, 163.93, 323.87, 172.78, 245.81, 98.02, 30.6, 63.9, 125, 64.56, 87.89, , , , , 
1/31/2020 5:29:00 AM, 3269.5, 9153.5, 1640.2, 327.68, 222.6, 163.93, 323.87, 172.78, 245.81, 98.02, 30.6, 63.9, 125, 64.56, 87.89, , , , , 
1/31/2020 5:29:03 AM, 3269.5, 9153.5, 1640.2, 327.68, 222.6, 163.93, 323.87, 172.78, 245.81, 98.02, 30.6, 63.9, 125, 64.56, 87.89, , , , , 
1/31/2020 5:29:06 AM, 3269.25, 9153.25, 1640.2, 327.68, 222.6, 163.93, 323.87, 172.78, 245.81, 98.02, 30.6, 63.9, 125, 64.56, 87.89, , , , , 
1/31/2020 5:29:09 AM, 3269.25, 9153.25, 1640.2, 327.68, 222.6, 163.93, 323.87, 172.78, 245.81, 98.02, 30.6, 63.9, 125, 64.56, 87.89, , , , , 
1/31/2020 5:29:12 AM, 3269.5, 9154, 1640.3, 327.68, 222.6, 163.93, 323.87, 172.78, 245.81, 98.02, 30.6, 63.9, 125, 64.56, 87.89, , , , , 
1/31/2020 5:29:15 AM, 3269.5, 9154, 1640.3, 327.68, 222.6, 163.93, 323.87, 172.78, 245.81, 98.02, 30.6, 63.9, 125, 64.56, 87.89, , , , , 
1/31/2020 5:29:18 AM, 3269.5, 9153.25, 1640.2, 327.68, 222.6, 163.93, 323.87, 172.78, 245.81, 98.02, 30.6, 63.9, 125, 64.56, 87.89, , , , , 
1/31/2020 5:29:21 AM, 3269.5, 9153.25, 1640.2, 327.68, 222.6, 163.93, 323.87, 172.78, 245.81, 98.02, 30.6, 63.9, 125, 64.56, 87.89, , , , , 
1/31/2020 5:29:24 AM, 3269.5, 9153.75, 1640.2, 327.68, 222.6, 163.93, 323.87, 172.78, 245.81, 98.02, 30.6, 63.9, 125, 64.56, 87.89, , , , , 
1/31/2020 5:29:27 AM, 3269.5, 9153.75, 1640.2, 327.68, 222.6, 163.93, 323.87, 172.78, 245.81, 98.02, 30.6, 63.9, 125, 64.56, 87.89, , , , , 
1/31/2020 5:29:30 AM, 3269.25, 9152.25, 1640.1, 327.68, 222.6, 163.93, 323.87, 172.78, 245.81, 98.02, 30.6, 63.9, 125, 64.56, 87.89, , , , , 
1/31/2020 5:29:33 AM, 3269.25, 9152.25, 1640.1, 327.68, 222.6, 163.93, 323.87, 172.78, 245.81, 98.02, 30.6, 63.9, 125, 64.56, 87.89, , , , , 
1/31/2020 5:29:36 AM, 3269, 9151.75, 1640, 327.68, 222.6, 163.93, 323.87, 172.78, 245.81, 98.02, 30.6, 63.9, 125, 64.56, 87.89, , , , , 
1/31/2020 5:29:39 AM, 3269, 9151.75, 1640, 327.68, 222.6, 163.93, 323.87, 172.78, 245.81, 98.02, 30.6, 63.9, 125, 64.56, 87.89, , , , , 
1/31/2020 5:29:42 AM, 3269.25, 9151.5, 1640.1, 327.68, 222.6, 163.93, 323.87, 172.78, 245.81, 98.02, 30.6, 63.9, 125, 64.56, 87.89, , , , , 
1/31/2020 5:29:45 AM, 3269.25, 9151.5, 1640.1, 327.68, 222.6, 163.93, 323.87, 172.78, 245.81, 98.02, 30.6, 63.9, 125, 64.56, 87.89, , , , , 
1/31/2020 5:29:48 AM, 3269.75, 9153, 1640.3, 327.68, 222.6, 163.93, 323.87, 172.78, 245.81, 98.02, 30.6, 63.9, 125, 64.56, 87.89, , , , , 
1/31/2020 5:29:51 AM, 3269.75, 9153, 1640.3, 327.68, 222.6, 163.93, 323.87, 172.78, 245.81, 98.02, 30.6, 63.9, 125, 64.56, 87.89, , , , , 
1/31/2020 5:29:54 AM, 3269.75, 9153, 1640.4, 327.68, 222.6, 163.93, 323.87, 172.78, 245.81, 98.02, 30.6, 63.9, 125, 64.56, 87.89, , , , , 
1/31/2020 5:29:57 AM, 3270, 9153.5, 1640.4, 327.68, 222.6, 163.93, 323.87, 172.78, 245.81, 98.02, 30.6, 63.9, 125, 64.56, 87.89, , , , , 
1/31/2020 5:30:00 AM, 3269.75, 9153, 1640.4, 327.68, 222.6, 163.93, 323.87, 172.78, 245.81, 98.02, 30.6, 63.9, 125, 64.56, 87.89, , , , , 
1/31/2020 5:30:03 AM, 3269.25, 9151.75, 1640.1, 327.68, 222.6, 163.93, 323.87, 172.78, 245.81, 98.02, 30.6, 63.9, 125, 64.56, 87.89, , , , , 
1/31/2020 5:30:06 AM, 3269, 9152, 1640.1, 327.68, 222.6, 163.93, 323.87, 172.78, 245.81, 98.02, 30.6, 63.9, 125, 64.56, 87.89, , , , , 
1/31/2020 5:30:09 AM, 3269, 9151.5, 1639.8, 327.68, 222.6, 163.93, 323.87, 172.78, 245.81, 98.02, 30.6, 63.9, 125, 64.56, 87.89, , , , , 
1/31/2020 5:30:12 AM, 3269.25, 9151.75, 1640, 327.68, 222.6, 163.93, 323.87, 172.78, 245.81, 98.02, 30.6, 63.9, 125, 64.56, 87.89, , , , , 
1/31/2020 5:30:15 AM, 3269.25, 9151.75, 1640, 327.68, 222.6, 163.93, 323.87, 172.78, 245.81, 98.02, 30.6, 63.9, 125, 64.56, 87.89, , , , , 
1/31/2020 5:30:18 AM, 3269.25, 9152, 1640, 327.68, 222.6, 163.93, 323.87, 172.78, 245.81, 98.02, 30.6, 63.9, 125, 64.56, 87.89, , , , , 
1/31/2020 5:30:22 AM, 3269.25, 9152.25, 1640, 327.68, 222.6, 163.93, 323.87, 172.78, 245.81, 98.02, 30.6, 63.9, 125, 64.56, 87.89, , , , , 
1/31/2020 5:30:25 AM, 3269.25, 9152.25, 1640, 327.68, 222.6, 163.93, 323.87, 172.78, 245.81, 98.02, 30.6, 63.9, 125, 64.56, 87.89, , , , , 
1/31/2020 5:30:28 AM, 3269.5, 9152.25, 1640, 327.68, 222.6, 163.93, 323.87, 172.78, 245.81, 98.02, 30.6, 63.9, 125, 64.56, 87.89, , , , , 
1/31/2020 5:30:31 AM, 3269, 9151, 1640, 327.68, 222.6, 163.93, 323.87, 172.78, 245.81, 98.02, 30.6, 63.9, 125, 64.56, 87.89, , , , , 
1/31/2020 5:30:34 AM, 3268.75, 9149.5, 1639.8, 327.68, 222.6, 163.93, 323.87, 172.78, 245.81, 98.02, 30.6, 63.9, 125, 64.56, 87.89, , , , , 
1/31/2020 5:30:37 AM, 3268.5, 9149, 1639.7, 327.68, 222.6, 163.93, 323.87, 172.78, 245.81, 98.02, 30.6, 63.9, 125, 64.56, 87.89, , , , , 
1/31/2020 5:30:40 AM, 3268.5, 9148.75, 1639.8, 327.68, 222.6, 163.93, 323.87, 172.78, 245.81, 98.02, 30.6, 63.9, 125, 64.56, 87.89, , , , , 
1/31/2020 5:30:43 AM, 3268.75, 9149.25, 1639.8, 327.68, 222.6, 163.93, 323.87, 172.78, 245.81, 98.02, 30.6, 63.9, 125, 64.56, 87.89, , , , , 
1/31/2020 5:30:46 AM, 3268.25, 9148.5, 1639.7, 327.68, 222.6, 163.93, 323.87, 172.78, 245.81, 98.02, 30.6, 63.9, 125, 64.56, 87.89, , , , , 
1/31/2020 5:30:49 AM, 3268.5, 9149, 1639.7, 327.68, 222.6, 163.93, 323.87, 172.78, 245.81, 98.02, 30.6, 63.9, 125, 64.56, 87.89, , , , , 
1/31/2020 5:30:52 AM, 3268.25, 9148.25, 1639.6, 327.68, 222.6, 163.93, 323.87, 172.78, 245.81, 98.02, 30.6, 63.9, 125, 64.56, 87.89, , , , , 
1/31/2020 5:30:55 AM, 3268.25, 9148.5, 1639.6, 327.68, 222.6, 163.93, 323.87, 172.78, 245.81, 98.02, 30.6, 63.9, 125, 64.56, 87.89, , , , , 
1/31/2020 5:30:58 AM, 3268.75, 9149.5, 1639.9, 327.68, 222.6, 163.93, 323.87, 172.78, 245.81, 98.02, 30.6, 63.9, 125, 64.56, 87.89, , , , , 
1/31/2020 5:31:01 AM, 3268.75, 9149.75, 1639.9, 327.68, 222.6, 163.93, 323.87, 172.78, 245.81, 98.02, 30.6, 63.9, 125, 64.56, 87.89, , , , , 
1/31/2020 5:31:04 AM, 3268.75, 9149.5, 1639.9, 327.68, 222.6, 163.93, 323.87, 172.78, 245.81, 98.02, 30.6, 63.9, 125, 64.56, 87.89, , , , , 
1/31/2020 5:31:07 AM, 3268.75, 9150, 1639.9, 327.68, 222.6, 163.93, 323.87, 172.78, 245.81, 98.02, 30.6, 63.9, 125, 64.56, 87.89, , , , , 
1/31/2020 5:31:10 AM, 3268.75, 9149.75, 1639.7, 327.68, 222.6, 163.93, 323.87, 172.78, 245.81, 98.02, 30.6, 63.9, 125, 64.56, 87.89, , , , , 
1/31/2020 5:31:13 AM, 3268.75, 9149.5, 1639.7, 327.68, 222.6, 163.93, 323.87, 172.78, 245.81, 98.02, 30.6, 63.9, 125, 64.56, 87.89, , , , , 
1/31/2020 5:31:16 AM, 3268.5, 9150, 1639.8, 327.68, 222.6, 163.93, 323.87, 172.78, 245.81, 98.02, 30.6, 63.9, 125, 64.56, 87.89, , , , , 
1/31/2020 5:31:19 AM, 3268.5, 9149.75, 1639.6, 327.68, 222.6, 163.93, 323.87, 172.78, 245.81, 98.02, 30.6, 63.9, 125, 64.56, 87.89, , , , , 
1/31/2020 5:31:22 AM, 3268.75, 9150.5, 1639.8, 327.68, 222.6, 163.93, 323.87, 172.78, 245.81, 98.02, 30.6, 63.9, 125, 64.56, 87.89, , , , , 
1/31/2020 5:31:25 AM, 3268.5, 9148, 1639.7, 327.68, 222.6, 163.93, 323.87, 172.78, 245.81, 98.02, 30.6, 63.9, 125, 64.56, 87.89, , , , , 
1/31/2020 5:31:28 AM, 3268.25, 9148.25, 1639.7, 327.68, 222.6, 163.93, 323.87, 172.78, 245.81, 98.02, 30.6, 63.9, 125, 64.56, 87.89, , , , , 
1/31/2020 5:31:31 AM, 3267.75, 9147.25, 1639.6, 327.68, 222.6, 163.93, 323.87, 172.78, 245.81, 98.02, 30.6, 63.9, 125, 64.56, 87.89, , , , , 
1/31/2020 5:31:34 AM, 3267.75, 9147, 1639.4, 327.68, 222.6, 163.93, 323.87, 172.78, 245.81, 98.02, 30.6, 63.9, 125, 64.56, 87.89, , , , , 
1/31/2020 5:31:37 AM, 3268, 9148, 1639.5, 327.68, 222.6, 163.93, 323.87, 172.78, 245.81, 98.02, 30.6, 63.9, 125, 64.56, 87.89, , , , , 
1/31/2020 5:31:40 AM, 3268, 9148, 1639.5, 327.68, 222.6, 163.93, 323.87, 172.78, 245.81, 98.02, 30.6, 63.9, 125, 64.56, 87.89, , , , , 
1/31/2020 5:31:43 AM, 3268.25, 9148, 1639.6, 327.68, 222.6, 163.93, 323.87, 172.78, 245.81, 98.02, 30.6, 63.9, 125, 64.56, 87.89, , , , , 
1/31/2020 5:31:46 AM, 3268.25, 9148.75, 1639.7, 327.68, 222.6, 163.93, 323.87, 172.78, 245.81, 98.02, 30.6, 63.9, 125, 64.56, 87.89, , , , , 
1/31/2020 5:31:49 AM, 3268.5, 9148.5, 1639.8, 327.68, 222.6, 163.93, 323.87, 172.78, 245.81, 98.02, 30.6, 63.9, 125, 64.56, 87.89, , , , , 
1/31/2020 5:31:52 AM, 3268.5, 9148.25, 1639.8, 327.68, 222.6, 163.93, 323.87, 172.78, 245.81, 98.02, 30.6, 63.9, 125, 64.56, 87.89, , , , , 
1/31/2020 5:31:55 AM, 3268.5, 9148, 1639.9, 327.68, 222.6, 163.93, 323.87, 172.78, 245.81, 98.02, 30.6, 63.9, 125, 64.56, 87.89, , , , , 
1/31/2020 5:31:58 AM, 3268.25, 9147.5, 1639.8, 327.68, 222.6, 163.93, 323.87, 172.78, 245.81, 98.02, 30.6, 63.9, 125, 64.56, 87.89, , , , , 
1/31/2020 5:32:01 AM, 3267.75, 9147, 1639.6, 327.68, 222.6, 163.93, 323.87, 172.78, 245.81, 98.02, 30.6, 63.9, 125, 64.56, 87.89, , , , , 
1/31/2020 5:32:04 AM, 3268, 9147.25, 1639.7, 327.68, 222.6, 163.93, 323.87, 172.78, 245.81, 98.02, 30.6, 63.9, 125, 64.56, 87.89, , , , , 
1/31/2020 5:32:07 AM, 3268, 9148, 1639.8, 327.68, 222.6, 163.93, 323.87, 172.78, 245.81, 98.02, 30.6, 63.9, 125, 64.56, 87.89, , , , , 
1/31/2020 5:32:10 AM, 3268.25, 9148, 1639.8, 327.68, 222.6, 163.93, 323.87, 172.78, 245.81, 98.02, 30.6, 63.9, 125, 64.56, 87.89, , , , , 
1/31/2020 5:32:13 AM, 3268, 9147.75, 1639.8, 327.68, 222.6, 163.93, 323.87, 172.78, 245.81, 98.02, 30.6, 63.9, 125, 64.56, 87.89, , , , , 
1/31/2020 5:32:16 AM, 3267.75, 9146.75, 1639.6, 327.68, 222.6, 163.93, 323.87, 172.78, 245.81, 98.02, 30.6, 63.9, 125, 64.56, 87.89, , , , , 
1/31/2020 5:32:19 AM, 3267.5, 9146, 1639, 327.68, 222.6, 163.93, 323.87, 172.78, 245.81, 98.02, 30.6, 63.9, 125, 64.56, 87.89, , , , , 
1/31/2020 5:32:22 AM, 3267.25, 9146, 1638.9, 327.68, 222.6, 163.93, 323.87, 172.78, 245.81, 98.02, 30.6, 63.9, 125, 64.56, 87.89, , , , , 
1/31/2020 5:32:25 AM, 3267.25, 9145.25, 1638.8, 327.68, 222.6, 163.93, 323.87, 172.78, 245.81, 98.02, 30.6, 63.9, 125, 64.56, 87.89, , , , , 
1/31/2020 5:32:28 AM, 3267, 9145.75, 1638.8, 327.68, 222.6, 163.93, 323.87, 172.78, 245.81, 98.02, 30.6, 63.9, 125, 64.56, 87.89, , , , , 
1/31/2020 5:32:31 AM, 3267, 9144.75, 1638.8, 327.68, 222.6, 163.93, 323.87, 172.78, 245.81, 98.02, 30.6, 63.9, 125, 64.56, 87.89, , , , , 
1/31/2020 5:32:34 AM, 3267.25, 9145.5, 1639, 327.68, 222.6, 163.93, 323.87, 172.78, 245.81, 98.02, 30.6, 63.9, 125, 64.56, 87.89, , , , , 
1/31/2020 5:32:37 AM, 3267.5, 9146, 1638.9, 327.68, 222.6, 163.93, 323.87, 172.78, 245.81, 98.02, 30.6, 63.9, 125, 64.56, 87.89, , , , , 
1/31/2020 5:32:40 AM, 3267.25, 9145.5, 1638.7, 327.68, 222.6, 163.93, 323.87, 172.78, 245.81, 98.02, 30.6, 63.9, 125, 64.56, 87.89, , , , , 
1/31/2020 5:32:43 AM, 3267.25, 9145.25, 1638.7, 327.68, 222.6, 163.93, 323.87, 172.78, 245.81, 98.02, 30.6, 63.9, 125, 64.56, 87.89, , , , , 
1/31/2020 5:32:46 AM, 3267.5, 9145.25, 1638.7, 327.68, 222.6, 163.93, 323.87, 172.78, 245.81, 98.02, 30.6, 63.9, 125, 64.56, 87.89, , , , , 
1/31/2020 5:32:50 AM, 3267.5, 9146, 1638.8, 327.68, 222.6, 163.93, 323.87, 172.78, 245.81, 98.02, 30.6, 63.9, 125, 64.56, 87.89, , , , , 
1/31/2020 5:32:53 AM, 3267.5, 9146.25, 1638.8, 327.68, 222.6, 163.93, 323.87, 172.78, 245.81, 98.02, 30.6, 63.9, 125, 64.56, 87.89, , , , , 
1/31/2020 5:32:56 AM, 3267.5, 9146.25, 1638.7, 327.68, 222.6, 163.93, 323.87, 172.78, 245.81, 98.02, 30.6, 63.9, 125, 64.56, 87.89, , , , , 
1/31/2020 5:32:59 AM, 3267, 9144.75, 1638.5, 327.68, 222.6, 163.93, 323.87, 172.78, 245.81, 98.02, 30.6, 63.9, 125, 64.56, 87.89, , , , , 
1/31/2020 5:33:02 AM, 3267, 9145, 1638.5, 327.68, 222.6, 163.93, 323.87, 172.78, 245.81, 98.02, 30.6, 63.9, 125, 64.56, 87.89, , , , , 
1/31/2020 5:33:05 AM, 3267, 9145.5, 1638.5, 327.68, 222.6, 163.93, 323.87, 172.78, 245.81, 98.02, 30.6, 63.9, 125, 64.56, 87.89, , , , , 
1/31/2020 5:33:08 AM, 3267.25, 9145.75, 1638.6, 327.68, 222.6, 163.93, 323.87, 172.78, 245.81, 98.02, 30.6, 63.9, 125, 64.56, 87.89, , , , , 
1/31/2020 5:33:11 AM, 3267.25, 9146, 1638.6, 327.68, 222.6, 163.93, 323.87, 172.78, 245.81, 98.02, 30.6, 63.9, 125, 64.56, 87.89, , , , , 
1/31/2020 5:33:14 AM, 3267, 9145, 1638.5, 327.68, 222.6, 163.93, 323.87, 172.78, 245.81, 98.02, 30.6, 63.9, 125, 64.56, 87.89, , , , , 
1/31/2020 5:33:17 AM, 3267, 9144.75, 1638.4, 327.68, 222.6, 163.93, 323.87, 172.78, 245.81, 98.02, 30.6, 63.9, 125, 64.56, 87.89, , , , , 
1/31/2020 5:33:20 AM, 3267, 9144, 1638.4, 327.68, 222.6, 163.93, 323.87, 172.78, 245.81, 98.02, 30.6, 63.9, 125, 64.56, 87.89, , , , , 
1/31/2020 5:33:23 AM, 3267, 9144.5, 1638.5, 327.68, 222.6, 163.93, 323.87, 172.78, 245.81, 98.02, 30.6, 63.9, 125, 64.56, 87.89, , , , , 
1/31/2020 5:33:26 AM, 3266.75, 9142.75, 1638.5, 327.68, 222.6, 163.93, 323.87, 172.78, 245.81, 98.02, 30.6, 63.9, 125, 64.56, 87.89, , , , , 
1/31/2020 5:33:29 AM, 3266.75, 9142.75, 1638.5, 327.68, 222.6, 163.93, 323.87, 172.78, 245.81, 98.02, 30.6, 63.9, 125, 64.56, 87.89, , , , , 
1/31/2020 5:33:32 AM, 3267, 9143.25, 1638.5, 327.68, 222.6, 163.93, 323.87, 172.78, 245.81, 98.02, 30.6, 63.9, 125, 64.56, 87.89, , , , , 
1/31/2020 5:33:35 AM, 3266.75, 9143, 1638.1, 327.68, 222.6, 163.93, 323.87, 172.78, 245.81, 98.02, 30.6, 63.9, 125, 64.56, 87.89, , , , , 
1/31/2020 5:33:38 AM, 3266.75, 9142.75, 1638, 327.68, 222.6, 163.93, 323.87, 172.78, 245.81, 98.02, 30.6, 63.9, 125, 64.56, 87.89, , , , , 
1/31/2020 5:33:41 AM, 3266.75, 9142.5, 1638.1, 327.68, 222.6, 163.93, 323.87, 172.78, 245.81, 98.02, 30.6, 63.9, 125, 64.56, 87.89, , , , , 
1/31/2020 5:33:44 AM, 3267, 9143.25, 1638.2, 327.68, 222.6, 163.93, 323.87, 172.78, 245.81, 98.02, 30.6, 63.9, 125, 64.56, 87.89, , , , , 
1/31/2020 5:33:47 AM, 3267, 9143.5, 1638.1, 327.68, 222.6, 163.93, 323.87, 172.78, 245.81, 98.02, 30.6, 63.9, 125, 64.56, 87.89, , , , , 
1/31/2020 5:33:50 AM, 3267, 9143.5, 1638.2, 327.68, 222.6, 163.93, 323.87, 172.78, 245.81, 98.02, 30.6, 63.9, 125, 64.56, 87.89, , , , , 
1/31/2020 5:33:53 AM, 3267, 9143.25, 1638.1, 327.68, 222.6, 163.93, 323.87, 172.78, 245.81, 98.02, 30.6, 63.9, 125, 64.56, 87.89, , , , , 
1/31/2020 5:33:56 AM, 3267, 9143.5, 1638.1, 327.68, 222.6, 163.93, 323.87, 172.78, 245.81, 98.02, 30.6, 63.9, 125, 64.56, 87.89, , , , , 
1/31/2020 5:33:59 AM, 3266.75, 9142, 1637.9, 327.68, 222.6, 163.93, 323.87, 172.78, 245.81, 98.02, 30.6, 63.9, 125, 64.56, 87.89, , , , , 
1/31/2020 5:34:02 AM, 3266.5, 9142.5, 1637.9, 327.68, 222.6, 163.93, 323.87, 172.78, 245.81, 98.02, 30.6, 63.9, 125, 64.56, 87.89, , , , , 
1/31/2020 5:34:05 AM, 3266.5, 9142, 1637.7, 327.68, 222.6, 163.93, 323.87, 172.78, 245.81, 98.02, 30.6, 63.9, 125, 64.56, 87.89, , , , , 
1/31/2020 5:34:08 AM, 3266, 9141.25, 1637.7, 327.68, 222.6, 163.93, 323.87, 172.78, 245.81, 98.02, 30.6, 63.9, 125, 64.56, 87.89, , , , , 
1/31/2020 5:34:11 AM, 3266.5, 9142, 1637.7, 327.68, 222.6, 163.93, 323.87, 172.78, 245.81, 98.02, 30.6, 63.9, 125, 64.56, 87.89, , , , , 
1/31/2020 5:34:14 AM, 3266.5, 9142, 1637.7, 327.68, 222.6, 163.93, 323.87, 172.78, 245.81, 98.02, 30.6, 63.9, 125, 64.56, 87.89, , , , , 
1/31/2020 5:34:17 AM, 3266.25, 9142, 1637.7, 327.68, 222.6, 163.93, 323.87, 172.78, 245.81, 98.02, 30.6, 63.9, 125, 64.56, 87.89, , , , , 
1/31/2020 5:34:20 AM, 3266.5, 9142, 1637.8, 327.68, 222.6, 163.93, 323.87, 172.78, 245.81, 98.02, 30.6, 63.9, 125, 64.56, 87.89, , , , , 
1/31/2020 5:34:23 AM, 3266.5, 9142.25, 1637.8, 327.68, 222.6, 163.93, 323.87, 172.78, 245.81, 98.02, 30.6, 63.9, 125, 64.56, 87.89, , , , , 
1/31/2020 5:34:26 AM, 3266, 9140.75, 1637.6, 327.68, 222.6, 163.93, 323.87, 172.78, 245.81, 98.02, 30.6, 63.9, 125, 64.56, 87.89, , , , , 
1/31/2020 5:34:29 AM, 3265.75, 9140.25, 1637.4, 327.68, 222.6, 163.93, 323.87, 172.78, 245.81, 98.02, 30.6, 63.9, 125, 64.56, 87.89, , , , , 
1/31/2020 5:34:32 AM, 3266.25, 9141, 1637.6, 327.68, 222.6, 163.93, 323.87, 172.78, 245.81, 98.02, 30.6, 63.9, 125, 64.56, 87.89, , , , , 
1/31/2020 5:34:35 AM, 3266.25, 9141.25, 1637.5, 327.68, 222.6, 163.93, 323.87, 172.78, 245.81, 98.02, 30.6, 63.9, 125, 64.56, 87.89, , , , , 
1/31/2020 5:34:38 AM, 3266.25, 9141, 1637.7, 327.68, 222.6, 163.93, 323.87, 172.78, 245.81, 98.02, 30.6, 63.9, 125, 64.56, 87.89, , , , , 
1/31/2020 5:34:41 AM, 3266.25, 9141, 1637.1, 327.68, 222.6, 163.93, 323.87, 172.78, 245.81, 98.02, 30.6, 63.9, 125, 64.56, 87.89, , , , , 
1/31/2020 5:34:44 AM, 3266, 9140.75, 1637, 327.68, 222.6, 163.93, 323.87, 172.78, 245.81, 98.02, 30.6, 63.9, 125, 64.56, 87.89, , , , , 
1/31/2020 5:34:47 AM, 3266, 9140.75, 1637.1, 327.68, 222.6, 163.93, 323.87, 172.78, 245.81, 98.02, 30.6, 63.9, 125, 64.56, 87.89, , , , , 
1/31/2020 5:34:50 AM, 3266.25, 9141.25, 1637.4, 327.68, 222.6, 163.93, 323.87, 172.78, 245.81, 98.02, 30.6, 63.9, 125, 64.56, 87.89, , , , , 
1/31/2020 5:34:53 AM, 3266.75, 9141.25, 1637.4, 327.68, 222.6, 163.93, 323.87, 172.78, 245.81, 98.02, 30.6, 63.9, 125, 64.56, 87.89, , , , , 
1/31/2020 5:34:56 AM, 3266.75, 9141.25, 1637.4, 327.68, 222.6, 163.93, 323.87, 172.78, 245.81, 98.02, 30.6, 63.9, 125, 64.56, 87.89, , , , , 
1/31/2020 5:34:59 AM, 3266.75, 9141, 1637.5, 327.68, 222.6, 163.93, 323.87, 172.78, 245.81, 98.02, 30.6, 63.9, 125, 64.56, 87.89, , , , , 
1/31/2020 5:35:02 AM, 3266.75, 9141, 1637.5, 327.68, 222.6, 163.93, 323.87, 172.78, 245.81, 98.02, 30.6, 63.9, 125, 64.56, 87.89, , , , , 
1/31/2020 5:35:05 AM, 3266.25, 9140.25, 1636.8, 327.68, 222.6, 163.93, 323.87, 172.78, 245.81, 98.02, 30.6, 63.9, 125, 64.56, 87.89, , , , , 
1/31/2020 5:35:08 AM, 3266.25, 9140.25, 1636.8, 327.68, 222.6, 163.93, 323.87, 172.78, 245.81, 98.02, 30.6, 63.9, 125, 64.56, 87.89, , , , , 
1/31/2020 5:35:11 AM, 3266.5, 9139.75, 1636.9, 327.68, 222.6, 163.93, 323.87, 172.78, 245.81, 98.02, 30.6, 63.9, 125, 64.56, 87.89, , , , , 
1/31/2020 5:35:14 AM, 3266.5, 9139.75, 1636.9, 327.68, 222.6, 163.93, 323.87, 172.78, 245.81, 98.02, 30.6, 63.9, 125, 64.56, 87.89, , , , , 
1/31/2020 5:35:18 AM, 3266.5, 9140.75, 1637, 327.68, 222.6, 163.93, 323.87, 172.78, 245.81, 98.02, 30.6, 63.9, 125, 64.56, 87.89, , , , , 
1/31/2020 5:35:21 AM, 3266.5, 9140.75, 1637, 327.68, 222.6, 163.93, 323.87, 172.78, 245.81, 98.02, 30.6, 63.9, 125, 64.56, 87.89, , , , , 
1/31/2020 5:35:24 AM, 3266.5, 9140, 1637, 327.68, 222.6, 163.93, 323.87, 172.78, 245.81, 98.02, 30.6, 63.9, 125, 64.56, 87.89, , , , , 
1/31/2020 5:35:27 AM, 3266.5, 9140, 1637, 327.68, 222.6, 163.93, 323.87, 172.78, 245.81, 98.02, 30.6, 63.9, 125, 64.56, 87.89, , , , , 
1/31/2020 5:35:30 AM, 3266, 9139.25, 1636.7, 327.68, 222.6, 163.93, 323.87, 172.78, 245.81, 98.02, 30.6, 63.9, 125, 64.56, 87.89, , , , , 
1/31/2020 5:35:33 AM, 3266, 9139.25, 1636.7, 327.68, 222.6, 163.93, 323.87, 172.78, 245.81, 98.02, 30.6, 63.9, 125, 64.56, 87.89, , , , , 
1/31/2020 5:35:36 AM, 3266.25, 9139.25, 1636.8, 327.68, 222.6, 163.93, 323.87, 172.78, 245.81, 98.02, 30.6, 63.9, 125, 64.56, 87.89, , , , , 
1/31/2020 5:35:39 AM, 3266.25, 9139.25, 1636.8, 327.68, 222.6, 163.93, 323.87, 172.78, 245.81, 98.02, 30.6, 63.9, 125, 64.56, 87.89, , , , , 
1/31/2020 5:35:42 AM, 3266, 9138.75, 1636.9, 327.68, 222.6, 163.93, 323.87, 172.78, 245.81, 98.02, 30.6, 63.9, 125, 64.56, 87.89, , , , , 
1/31/2020 5:35:45 AM, 3266, 9138.75, 1636.9, 327.68, 222.6, 163.93, 323.87, 172.78, 245.81, 98.02, 30.6, 63.9, 125, 64.56, 87.89, , , , , 
1/31/2020 5:35:48 AM, 3266.25, 9139.5, 1637, 327.68, 222.6, 163.93, 323.87, 172.78, 245.81, 98.02, 30.6, 63.9, 125, 64.56, 87.89, , , , , 
1/31/2020 5:35:51 AM, 3266.25, 9139.5, 1637, 327.68, 222.6, 163.93, 323.87, 172.78, 245.81, 98.02, 30.6, 63.9, 125, 64.56, 87.89, , , , , 
1/31/2020 5:35:54 AM, 3266.75, 9140.25, 1637.1, 327.68, 222.6, 163.93, 323.87, 172.78, 245.81, 98.02, 30.6, 63.9, 125, 64.56, 87.89, , , , , 
1/31/2020 5:35:57 AM, 3266.75, 9140.25, 1637.1, 327.68, 222.6, 163.93, 323.87, 172.78, 245.81, 98.02, 30.6, 63.9, 125, 64.56, 87.89, , , , , 
1/31/2020 5:36:00 AM, 3267, 9141, 1637.2, 327.68, 222.6, 163.93, 323.87, 172.78, 245.81, 98.02, 30.6, 63.9, 125, 64.56, 87.89, , , , , 
1/31/2020 5:36:03 AM, 3267, 9141, 1637.2, 327.68, 222.6, 163.93, 323.87, 172.78, 245.81, 98.02, 30.6, 63.9, 125, 64.56, 87.89, , , , , 
1/31/2020 5:36:06 AM, 3267.25, 9142, 1637.2, 327.68, 222.6, 163.93, 323.87, 172.78, 245.81, 98.02, 30.6, 63.9, 125, 64.56, 87.89, , , , , 
1/31/2020 5:36:09 AM, 3267.25, 9142, 1637.2, 327.68, 222.6, 163.93, 323.87, 172.78, 245.81, 98.02, 30.6, 63.9, 125, 64.56, 87.89, , , , , 
1/31/2020 5:36:12 AM, 3267.25, 9141.5, 1637.2, 327.68, 222.6, 163.93, 323.87, 172.78, 245.81, 98.02, 30.6, 63.9, 125, 64.56, 87.89, , , , , 
1/31/2020 5:36:15 AM, 3267.25, 9141.5, 1637.2, 327.68, 222.6, 163.93, 323.87, 172.78, 245.81, 98.02, 30.6, 63.9, 125, 64.56, 87.89, , , , , 
1/31/2020 5:36:18 AM, 3267.5, 9143.25, 1637.5, 327.68, 222.6, 163.93, 323.87, 172.78, 245.81, 98.02, 30.6, 63.9, 125, 64.56, 87.89, , , , , 
1/31/2020 5:36:21 AM, 3267.5, 9143.25, 1637.5, 327.68, 222.6, 163.93, 323.87, 172.78, 245.81, 98.02, 30.6, 63.9, 125, 64.56, 87.89, , , , , 
1/31/2020 5:36:30 AM, 3267.25, 9143, 1637.4, 327.68, 222.6, 163.93, 323.87, 172.78, 245.81, 98.02, 30.6, 63.9, 125, 64.56, 87.89, , , , , 
1/31/2020 5:36:33 AM, 3267.25, 9143, 1637.4, 327.68, 222.6, 163.93, 323.87, 172.78, 245.81, 98.02, 30.6, 63.9, 125, 64.56, 87.89, , , , , 
1/31/2020 5:36:36 AM, 3267.5, 9143.75, 1637.5, 327.68, 222.6, 163.93, 323.87, 172.78, 245.81, 98.02, 30.6, 63.9, 125, 64.56, 87.89, , , , , 
1/31/2020 5:36:39 AM, 3267.5, 9143.75, 1637.5, 327.68, 222.6, 163.93, 323.87, 172.78, 245.81, 98.02, 30.6, 63.9, 125, 64.56, 87.89, , , , , 
1/31/2020 5:36:42 AM, 3267.75, 9144.5, 1637.5, 327.68, 222.6, 163.93, 323.87, 172.78, 245.81, 98.02, 30.6, 63.9, 125, 64.56, 87.89, , , , , 
1/31/2020 5:36:45 AM, 3267.75, 9144.5, 1637.5, 327.68, 222.6, 163.93, 323.87, 172.78, 245.81, 98.02, 30.6, 63.9, 125, 64.56, 87.89, , , , , 
1/31/2020 5:36:48 AM, 3267.5, 9144.25, 1637.5, 327.68, 222.6, 163.93, 323.87, 172.78, 245.81, 98.02, 30.6, 63.9, 125, 64.56, 87.89, , , , , 
1/31/2020 5:36:51 AM, 3267.5, 9144.25, 1637.5, 327.68, 222.6, 163.93, 323.87, 172.78, 245.81, 98.02, 30.6, 63.9, 125, 64.56, 87.89, , , , , 
1/31/2020 5:36:54 AM, 3267.5, 9144.25, 1637.4, 327.68, 222.6, 163.93, 323.87, 172.78, 245.81, 98.02, 30.6, 63.9, 125, 64.56, 87.89, , , , , 
1/31/2020 5:36:57 AM, 3267.5, 9144.25, 1637.4, 327.68, 222.6, 163.93, 323.87, 172.78, 245.81, 98.02, 30.6, 63.9, 125, 64.56, 87.89, , , , , 
1/31/2020 5:37:00 AM, 3267.5, 9144.5, 1637.4, 327.68, 222.6, 163.93, 323.87, 172.78, 245.81, 98.02, 30.6, 63.9, 125, 64.56, 87.89, , , , , 
1/31/2020 5:37:03 AM, 3267.5, 9144.5, 1637.4, 327.68, 222.6, 163.93, 323.87, 172.78, 245.81, 98.02, 30.6, 63.9, 125, 64.56, 87.89, , , , , 
1/31/2020 5:37:06 AM, 3267.5, 9144.75, 1637.4, 327.68, 222.6, 163.93, 323.87, 172.78, 245.81, 98.02, 30.6, 63.9, 125, 64.56, 87.89, , , , , 
1/31/2020 5:37:09 AM, 3267.5, 9144.75, 1637.4, 327.68, 222.6, 163.93, 323.87, 172.78, 245.81, 98.02, 30.6, 63.9, 125, 64.56, 87.89, , , , , 
1/31/2020 5:37:12 AM, 3267.5, 9144.75, 1637.4, 327.68, 222.6, 163.93, 323.87, 172.78, 245.81, 98.02, 30.6, 63.9, 125, 64.56, 87.89, , , , , 
1/31/2020 5:37:15 AM, 3267.5, 9144.75, 1637.4, 327.68, 222.6, 163.93, 323.87, 172.78, 245.81, 98.02, 30.6, 63.9, 125, 64.56, 87.89, , , , , 
1/31/2020 5:37:18 AM, 3267.75, 9145.5, 1637.5, 327.68, 222.6, 163.93, 323.87, 172.78, 245.81, 98.02, 30.6, 63.9, 125, 64.56, 87.89, , , , , 
1/31/2020 5:37:21 AM, 3267.75, 9145.5, 1637.5, 327.68, 222.6, 163.93, 323.87, 172.78, 245.81, 98.02, 30.6, 63.9, 125, 64.56, 87.89, , , , , 
1/31/2020 5:37:24 AM, 3267.75, 9146.25, 1637.4, 327.68, 222.6, 163.93, 323.87, 172.78, 245.81, 98.02, 30.6, 63.9, 125, 64.56, 87.89, , , , , 
1/31/2020 5:37:27 AM, 3267.75, 9146.25, 1637.4, 327.68, 222.6, 163.93, 323.87, 172.78, 245.81, 98.02, 30.6, 63.9, 125, 64.56, 87.89, , , , , 
1/31/2020 5:37:30 AM, 3268, 9146.25, 1637.5, 327.68, 222.6, 163.93, 323.87, 172.78, 245.81, 98.02, 30.6, 63.9, 125, 64.56, 87.89, , , , , 
1/31/2020 5:37:33 AM, 3268, 9146.25, 1637.5, 327.68, 222.6, 163.93, 323.87, 172.78, 245.81, 98.02, 30.6, 63.9, 125, 64.56, 87.89, , , , , 
1/31/2020 5:37:36 AM, 3268.25, 9146.5, 1637.5, 327.68, 222.6, 163.93, 323.87, 172.78, 245.81, 98.02, 30.6, 63.9, 125, 64.56, 87.89, , , , , 
1/31/2020 5:37:39 AM, 3268.25, 9146.75, 1637.5, 327.68, 222.6, 163.93, 323.87, 172.78, 245.81, 98.02, 30.6, 63.9, 125, 64.56, 87.89, , , , , 
1/31/2020 5:37:42 AM, 3268.25, 9147.25, 1637.5, 327.68, 222.6, 163.93, 323.87, 172.78, 245.81, 98.02, 30.6, 63.9, 125, 64.56, 87.89, , , , , 
1/31/2020 5:37:45 AM, 3268.5, 9147.5, 1637.5, 327.68, 222.6, 163.93, 323.87, 172.78, 245.81, 98.02, 30.6, 63.9, 125, 64.56, 87.89, , , , , 
1/31/2020 5:37:48 AM, 3268.25, 9147, 1637.4, 327.68, 222.6, 163.93, 323.87, 172.78, 245.81, 98.02, 30.6, 63.9, 125, 64.56, 87.89, , , , , 
1/31/2020 5:37:51 AM, 3268.25, 9147, 1637.4, 327.68, 222.6, 163.93, 323.87, 172.78, 245.81, 98.02, 30.6, 63.9, 125, 64.56, 87.89, , , , , 
1/31/2020 5:37:54 AM, 3268.25, 9146.75, 1637.4, 327.68, 222.6, 163.93, 323.87, 172.78, 245.81, 98.02, 30.6, 63.9, 125, 64.56, 87.89, , , , , 
1/31/2020 5:37:57 AM, 3268.5, 9147.25, 1637.5, 327.68, 222.6, 163.93, 323.87, 172.78, 245.81, 98.02, 30.6, 63.9, 125, 64.56, 87.89, , , , , 
1/31/2020 5:38:00 AM, 3268.5, 9147.25, 1637.5, 327.68, 222.6, 163.93, 323.87, 172.78, 245.81, 98.02, 30.6, 63.9, 125, 64.56, 87.89, , , , , 
1/31/2020 5:38:03 AM, 3268.25, 9146.75, 1637.5, 327.68, 222.6, 163.93, 323.87, 172.78, 245.81, 98.02, 30.6, 63.9, 125, 64.56, 87.89, , , , , 
1/31/2020 5:38:06 AM, 3268.25, 9146.5, 1637.5, 327.68, 222.6, 163.93, 323.87, 172.78, 245.81, 98.02, 30.6, 63.9, 125, 64.56, 87.89, , , , , 
1/31/2020 5:38:10 AM, 3268.25, 9146.75, 1637.4, 327.68, 222.6, 163.93, 323.87, 172.78, 245.81, 98.02, 30.6, 63.9, 125, 64.56, 87.89, , , , , 
1/31/2020 5:38:13 AM, 3268, 9146.5, 1637.4, 327.68, 222.6, 163.93, 323.87, 172.78, 245.81, 98.02, 30.6, 63.9, 125, 64.56, 87.89, , , , , 
1/31/2020 5:38:16 AM, 3268.25, 9146.75, 1637.4, 327.68, 222.6, 163.93, 323.87, 172.78, 245.81, 98.02, 30.6, 63.9, 125, 64.56, 87.89, , , , , 
1/31/2020 5:38:19 AM, 3268, 9146.5, 1637.3, 327.68, 222.6, 163.93, 323.87, 172.78, 245.81, 98.02, 30.6, 63.9, 125, 64.56, 87.89, , , , , 
1/31/2020 5:38:22 AM, 3268, 9146.75, 1637.2, 327.68, 222.6, 163.93, 323.87, 172.78, 245.81, 98.02, 30.6, 63.9, 125, 64.56, 87.89, , , , , 
1/31/2020 5:38:25 AM, 3268, 9147, 1637.2, 327.68, 222.6, 163.93, 323.87, 172.78, 245.81, 98.02, 30.6, 63.9, 125, 64.56, 87.89, , , , , 
1/31/2020 5:38:28 AM, 3268.25, 9146.25, 1637.3, 327.68, 222.6, 163.93, 323.87, 172.78, 245.81, 98.02, 30.6, 63.9, 125, 64.56, 87.89, , , , , 
1/31/2020 5:38:31 AM, 3268, 9147.25, 1637.2, 327.68, 222.6, 163.93, 323.87, 172.78, 245.81, 98.02, 30.6, 63.9, 125, 64.56, 87.89, , , , , 
1/31/2020 5:38:34 AM, 3268, 9146, 1637.1, 327.68, 222.6, 163.93, 323.87, 172.78, 245.81, 98.02, 30.6, 63.9, 125, 64.56, 87.89, , , , , 
1/31/2020 5:38:37 AM, 3268, 9146, 1637, 327.68, 222.6, 163.93, 323.87, 172.78, 245.81, 98.02, 30.6, 63.9, 125, 64.56, 87.89, , , , , 
1/31/2020 5:38:40 AM, 3268, 9146, 1637, 327.68, 222.6, 163.93, 323.87, 172.78, 245.81, 98.02, 30.6, 63.9, 125, 64.56, 87.89, , , , , 
1/31/2020 5:38:43 AM, 3268, 9146.25, 1637, 327.68, 222.6, 163.93, 323.87, 172.78, 245.81, 98.02, 30.6, 63.9, 125, 64.56, 87.89, , , , , 
1/31/2020 5:38:46 AM, 3268, 9146.75, 1637, 327.68, 222.6, 163.93, 323.87, 172.78, 245.81, 98.02, 30.6, 63.9, 125, 64.56, 87.89, , , , , 
1/31/2020 5:38:49 AM, 3268.25, 9146.75, 1637, 327.68, 222.6, 163.93, 323.87, 172.78, 245.81, 98.02, 30.6, 63.9, 125, 64.56, 87.89, , , , , 
1/31/2020 5:38:52 AM, 3268.25, 9146.25, 1637, 327.68, 222.6, 163.93, 323.87, 172.78, 245.81, 98.02, 30.6, 63.9, 125, 64.56, 87.89, , , , , 
1/31/2020 5:38:55 AM, 3268.25, 9146.5, 1637.3, 327.68, 222.6, 163.93, 323.87, 172.78, 245.81, 98.02, 30.6, 63.9, 125, 64.56, 87.89, , , , , 
1/31/2020 5:38:58 AM, 3268, 9145.75, 1637.3, 327.68, 222.6, 163.93, 323.87, 172.78, 245.81, 98.02, 30.6, 63.9, 125, 64.56, 87.89, , , , , 
1/31/2020 5:39:01 AM, 3268.25, 9146.5, 1637.3, 327.68, 222.6, 163.93, 323.87, 172.78, 245.81, 98.02, 30.6, 63.9, 125, 64.56, 87.89, , , , , 
1/31/2020 5:39:04 AM, 3268.25, 9147, 1637.2, 327.68, 222.6, 163.93, 323.87, 172.78, 245.81, 98.02, 30.6, 63.9, 125, 64.56, 87.89, , , , , 
1/31/2020 5:39:07 AM, 3268.25, 9147.25, 1637.2, 327.68, 222.6, 163.93, 323.87, 172.78, 245.81, 98.02, 30.6, 63.9, 125, 64.56, 87.89, , , , , 
1/31/2020 5:39:10 AM, 3268.25, 9146.75, 1637.2, 327.68, 222.6, 163.93, 323.87, 172.78, 245.81, 98.02, 30.6, 63.9, 125, 64.56, 87.89, , , , , 
1/31/2020 5:39:13 AM, 3268.25, 9146.5, 1637.2, 327.68, 222.6, 163.93, 323.87, 172.78, 245.81, 98.02, 30.6, 63.9, 125, 64.56, 87.89, , , , , 
1/31/2020 5:39:16 AM, 3268.25, 9146.75, 1637.2, 327.68, 222.6, 163.93, 323.87, 172.78, 245.81, 98.02, 30.6, 63.9, 125, 64.56, 87.89, , , , , 
1/31/2020 5:39:19 AM, 3268, 9146.75, 1637.1, 327.68, 222.6, 163.93, 323.87, 172.78, 245.81, 98.02, 30.6, 63.9, 125, 64.56, 87.89, , , , , 
1/31/2020 5:39:22 AM, 3268, 9146.5, 1637.1, 327.68, 222.6, 163.93, 323.87, 172.78, 245.81, 98.02, 30.6, 63.9, 125, 64.56, 87.89, , , , , 
1/31/2020 5:39:25 AM, 3268, 9146.75, 1637.1, 327.68, 222.6, 163.93, 323.87, 172.78, 245.81, 98.02, 30.6, 63.9, 125, 64.56, 87.89, , , , , 
1/31/2020 5:39:28 AM, 3268, 9146.75, 1637, 327.68, 222.6, 163.93, 323.87, 172.78, 245.81, 98.02, 30.6, 63.9, 125, 64.56, 87.89, , , , , 
1/31/2020 5:39:31 AM, 3268, 9146.75, 1637.1, 327.68, 222.6, 163.93, 323.87, 172.78, 245.81, 98.02, 30.6, 63.9, 125, 64.56, 87.89, , , , , 
1/31/2020 5:39:34 AM, 3268, 9146.75, 1637.1, 327.68, 222.6, 163.93, 323.87, 172.78, 245.81, 98.02, 30.6, 63.9, 125, 64.56, 87.89, , , , , 
1/31/2020 5:39:37 AM, 3268, 9146.25, 1636.9, 327.68, 222.6, 163.93, 323.87, 172.78, 245.81, 98.02, 30.6, 63.9, 125, 64.56, 87.89, , , , , 
1/31/2020 5:39:40 AM, 3268, 9146.25, 1636.8, 327.68, 222.6, 163.93, 323.87, 172.78, 245.81, 98.02, 30.6, 63.9, 125, 64.56, 87.89, , , , , 
1/31/2020 5:39:43 AM, 3268, 9146.25, 1636.8, 327.68, 222.6, 163.93, 323.87, 172.78, 245.81, 98.02, 30.6, 63.9, 125, 64.56, 87.89, , , , , 
1/31/2020 5:39:46 AM, 3268, 9146.75, 1636.7, 327.68, 222.6, 163.93, 323.87, 172.78, 245.81, 98.02, 30.6, 63.9, 125, 64.56, 87.89, , , , , 
1/31/2020 5:39:49 AM, 3268, 9146.5, 1636.7, 327.68, 222.6, 163.93, 323.87, 172.78, 245.81, 98.02, 30.6, 63.9, 125, 64.56, 87.89, , , , , 
1/31/2020 5:39:52 AM, 3268, 9146.25, 1636.7, 327.68, 222.6, 163.93, 323.87, 172.78, 245.81, 98.02, 30.6, 63.9, 125, 64.56, 87.89, , , , , 
1/31/2020 5:39:55 AM, 3268, 9147, 1636.9, 327.68, 222.6, 163.93, 323.87, 172.78, 245.81, 98.02, 30.6, 63.9, 125, 64.56, 87.89, , , , , 
1/31/2020 5:39:58 AM, 3268.25, 9147, 1637, 327.68, 222.6, 163.93, 323.87, 172.78, 245.81, 98.02, 30.6, 63.9, 125, 64.56, 87.89, , , , , 
1/31/2020 5:40:01 AM, 3268, 9146.5, 1637, 327.68, 222.6, 163.93, 323.87, 172.78, 245.81, 98.02, 30.6, 63.9, 125, 64.56, 87.89, , , , , 
1/31/2020 5:40:04 AM, 3267.5, 9144.75, 1636.7, 327.68, 222.6, 163.93, 323.87, 172.78, 245.81, 98.02, 30.6, 63.9, 125, 64.56, 87.89, , , , , 
1/31/2020 5:40:07 AM, 3267.25, 9144, 1636.5, 327.68, 222.6, 163.93, 323.87, 172.78, 245.81, 98.02, 30.6, 63.9, 125, 64.56, 87.89, , , , , 
1/31/2020 5:40:10 AM, 3267, 9143.25, 1636.4, 327.68, 222.6, 163.93, 323.87, 172.78, 245.81, 98.02, 30.6, 63.9, 125, 64.56, 87.89, , , , , 
1/31/2020 5:40:13 AM, 3266.75, 9142.75, 1636.3, 327.68, 222.6, 163.93, 323.87, 172.78, 245.81, 98.02, 30.6, 63.9, 125, 64.56, 87.89, , , , , 
1/31/2020 5:40:16 AM, 3266.75, 9142.25, 1636.1, 327.68, 222.6, 163.93, 323.87, 172.78, 245.81, 98.02, 30.6, 63.9, 125, 64.56, 87.89, , , , , 
1/31/2020 5:40:19 AM, 3266.75, 9141.75, 1636.4, 327.68, 222.6, 163.93, 323.87, 172.78, 245.81, 98.02, 30.6, 63.9, 125, 64.56, 87.89, , , , , 
1/31/2020 5:40:22 AM, 3266.75, 9142.5, 1636.4, 327.68, 222.6, 163.93, 323.87, 172.78, 245.81, 98.02, 30.6, 63.9, 125, 64.56, 87.89, , , , , 
1/31/2020 5:40:25 AM, 3266.75, 9142.25, 1636.3, 327.68, 222.6, 163.93, 323.87, 172.78, 245.81, 98.02, 30.6, 63.9, 125, 64.56, 87.89, , , , , 
1/31/2020 5:40:28 AM, 3267, 9143.75, 1636.5, 327.68, 222.6, 163.93, 323.87, 172.78, 245.81, 98.02, 30.6, 63.9, 125, 64.56, 87.89, , , , , 
1/31/2020 5:40:31 AM, 3267.25, 9144.25, 1636.7, 327.68, 222.6, 163.93, 323.87, 172.78, 245.81, 98.02, 30.6, 63.9, 125, 64.56, 87.89, , , , , 
1/31/2020 5:40:34 AM, 3267.5, 9145.25, 1636.8, 327.68, 222.6, 163.93, 323.87, 172.78, 245.81, 98.02, 30.6, 63.9, 125, 64.56, 87.89, , , , , 
1/31/2020 5:40:38 AM, 3268, 9146.25, 1637, 327.68, 222.6, 163.93, 323.87, 172.78, 245.81, 98.02, 30.6, 63.9, 125, 64.56, 87.89, , , , , 
1/31/2020 5:40:41 AM, 3268, 9146.25, 1637.1, 327.68, 222.6, 163.93, 323.87, 172.78, 245.81, 98.02, 30.6, 63.9, 125, 64.56, 87.89, , , , , 
1/31/2020 5:40:44 AM, 3267.75, 9146, 1637, 327.68, 222.6, 163.93, 323.87, 172.78, 245.81, 98.02, 30.6, 63.9, 125, 64.56, 87.89, , , , , 
1/31/2020 5:40:47 AM, 3267.5, 9145, 1636.9, 327.68, 222.6, 163.93, 323.87, 172.78, 245.81, 98.02, 30.6, 63.9, 125, 64.56, 87.89, , , , , 
1/31/2020 5:40:50 AM, 3267.75, 9145, 1636.9, 327.68, 222.6, 163.93, 323.87, 172.78, 245.81, 98.02, 30.6, 63.9, 125, 64.56, 87.89, , , , , 
1/31/2020 5:40:53 AM, 3267.25, 9144.75, 1636.9, 327.68, 222.6, 163.93, 323.87, 172.78, 245.81, 98.02, 30.6, 63.9, 125, 64.56, 87.89, , , , , 
1/31/2020 5:40:56 AM, 3267.5, 9144.25, 1636.8, 327.68, 222.6, 163.93, 323.87, 172.78, 245.81, 98.02, 30.6, 63.9, 125, 64.56, 87.89, , , , , 
1/31/2020 5:40:59 AM, 3267.25, 9144.25, 1636.8, 327.68, 222.6, 163.93, 323.87, 172.78, 245.81, 98.02, 30.6, 63.9, 125, 64.56, 87.89, , , , , 
1/31/2020 5:41:02 AM, 3267.25, 9145, 1636.8, 327.68, 222.6, 163.93, 323.87, 172.78, 245.81, 98.02, 30.6, 63.9, 125, 64.56, 87.89, , , , , 
1/31/2020 5:41:05 AM, 3267.5, 9145.25, 1636.9, 327.68, 222.6, 163.93, 323.87, 172.78, 245.81, 98.02, 30.6, 63.9, 125, 64.56, 87.89, , , , , 
1/31/2020 5:41:08 AM, 3267.5, 9145.75, 1636.9, 327.68, 222.6, 163.93, 323.87, 172.78, 245.81, 98.02, 30.6, 63.9, 125, 64.56, 87.89, , , , , 
1/31/2020 5:41:11 AM, 3267.75, 9146, 1637.1, 327.68, 222.6, 163.93, 323.87, 172.78, 245.81, 98.02, 30.6, 63.9, 125, 64.56, 87.89, , , , , 
1/31/2020 5:41:14 AM, 3267.5, 9145.5, 1636.9, 327.68, 222.6, 163.93, 323.87, 172.78, 245.81, 98.02, 30.6, 63.9, 125, 64.56, 87.89, , , , , 
1/31/2020 5:41:17 AM, 3267.75, 9146, 1636.9, 327.68, 222.6, 163.93, 323.87, 172.78, 245.81, 98.02, 30.6, 63.9, 125, 64.56, 87.89, , , , , 
1/31/2020 5:41:20 AM, 3267.75, 9146, 1636.9, 327.68, 222.6, 163.93, 323.87, 172.78, 245.81, 98.02, 30.6, 63.9, 125, 64.56, 87.89, , , , , 
1/31/2020 5:41:23 AM, 3267.75, 9146, 1636.9, 327.68, 222.6, 163.93, 323.87, 172.78, 245.81, 98.02, 30.6, 63.9, 125, 64.56, 87.89, , , , , 
1/31/2020 5:41:26 AM, 3267.5, 9145.75, 1636.9, 327.68, 222.6, 163.93, 323.87, 172.78, 245.81, 98.02, 30.6, 63.9, 125, 64.56, 87.89, , , , , 
1/31/2020 5:41:29 AM, 3267.75, 9145.75, 1636.9, 327.68, 222.6, 163.93, 323.87, 172.78, 245.81, 98.02, 30.6, 63.9, 125, 64.56, 87.89, , , , , 
1/31/2020 5:41:32 AM, 3267.5, 9145.75, 1636.9, 327.68, 222.6, 163.93, 323.87, 172.78, 245.81, 98.02, 30.6, 63.9, 125, 64.56, 87.89, , , , , 
1/31/2020 5:41:35 AM, 3267.5, 9145.25, 1636.9, 327.68, 222.6, 163.93, 323.87, 172.78, 245.81, 98.02, 30.6, 63.9, 125, 64.56, 87.89, , , , , 
1/31/2020 5:41:38 AM, 3267.5, 9145.5, 1636.9, 327.68, 222.6, 163.93, 323.87, 172.78, 245.81, 98.02, 30.6, 63.9, 125, 64.56, 87.89, , , , , 
1/31/2020 5:41:41 AM, 3267.5, 9145.5, 1636.9, 327.68, 222.6, 163.93, 323.87, 172.78, 245.81, 98.02, 30.6, 63.9, 125, 64.56, 87.89, , , , , 
1/31/2020 5:41:44 AM, 3267.75, 9145.25, 1636.9, 327.68, 222.6, 163.93, 323.87, 172.78, 245.81, 98.02, 30.6, 63.9, 125, 64.56, 87.89, , , , , 
1/31/2020 5:41:47 AM, 3267.75, 9145, 1636.9, 327.68, 222.6, 163.93, 323.87, 172.78, 245.81, 98.02, 30.6, 63.9, 125, 64.56, 87.89, , , , , 
1/31/2020 5:41:50 AM, 3267.75, 9145, 1636.9, 327.68, 222.6, 163.93, 323.87, 172.78, 245.81, 98.02, 30.6, 63.9, 125, 64.56, 87.89, , , , , 
1/31/2020 5:41:53 AM, 3267.75, 9146, 1637, 327.68, 222.6, 163.93, 323.87, 172.78, 245.81, 98.02, 30.6, 63.9, 125, 64.56, 87.89, , , , , 
1/31/2020 5:41:56 AM, 3268, 9145.5, 1637, 327.68, 222.6, 163.93, 323.87, 172.78, 245.81, 98.02, 30.6, 63.9, 125, 64.56, 87.89, , , , , 
1/31/2020 5:41:59 AM, 3268, 9146.25, 1637, 327.68, 222.6, 163.93, 323.87, 172.78, 245.81, 98.02, 30.6, 63.9, 125, 64.56, 87.89, , , , , 
1/31/2020 5:42:02 AM, 3267.75, 9146.25, 1637.1, 327.68, 222.6, 163.93, 323.87, 172.78, 245.81, 98.02, 30.6, 63.9, 125, 64.56, 87.89, , , , , 
1/31/2020 5:42:05 AM, 3267.75, 9145.5, 1637.1, 327.68, 222.6, 163.93, 323.87, 172.78, 245.81, 98.02, 30.6, 63.9, 125, 64.56, 87.89, , , , , 
1/31/2020 5:42:08 AM, 3267.75, 9145.25, 1637.1, 327.68, 222.6, 163.93, 323.87, 172.78, 245.81, 98.02, 30.6, 63.9, 125, 64.56, 87.89, , , , , 
1/31/2020 5:42:11 AM, 3267.75, 9145.25, 1637.2, 327.68, 222.6, 163.93, 323.87, 172.78, 245.81, 98.02, 30.6, 63.9, 125, 64.56, 87.89, , , , , 
1/31/2020 5:42:14 AM, 3268, 9146.25, 1637.2, 327.68, 222.6, 163.93, 323.87, 172.78, 245.81, 98.02, 30.6, 63.9, 125, 64.56, 87.89, , , , , 
1/31/2020 5:42:17 AM, 3267.75, 9146, 1637.2, 327.68, 222.6, 163.93, 323.87, 172.78, 245.81, 98.02, 30.6, 63.9, 125, 64.56, 87.89, , , , , 
1/31/2020 5:42:20 AM, 3267.75, 9145.5, 1636.9, 327.68, 222.6, 163.93, 323.87, 172.78, 245.81, 98.02, 30.6, 63.9, 125, 64.56, 87.89, , , , , 
1/31/2020 5:42:23 AM, 3267.75, 9145.5, 1636.9, 327.68, 222.6, 163.93, 323.87, 172.78, 245.81, 98.02, 30.6, 63.9, 125, 64.56, 87.89, , , , , 
1/31/2020 5:42:26 AM, 3267.5, 9144.5, 1636.8, 327.68, 222.6, 163.93, 323.87, 172.78, 245.81, 98.02, 30.6, 63.9, 125, 64.56, 87.89, , , , , 
1/31/2020 5:42:29 AM, 3268, 9145.5, 1636.8, 327.68, 222.6, 163.93, 323.87, 172.78, 245.81, 98.02, 30.6, 63.9, 125, 64.56, 87.89, , , , , 
1/31/2020 5:42:32 AM, 3268, 9145.5, 1636.8, 327.68, 222.6, 163.93, 323.87, 172.78, 245.81, 98.02, 30.6, 63.9, 125, 64.56, 87.89, , , , , 
1/31/2020 5:42:35 AM, 3268, 9145.5, 1636.8, 327.68, 222.6, 163.93, 323.87, 172.78, 245.81, 98.02, 30.6, 63.9, 125, 64.56, 87.89, , , , , 
1/31/2020 5:42:38 AM, 3267.75, 9145.5, 1636.8, 327.68, 222.6, 163.93, 323.87, 172.78, 245.81, 98.02, 30.6, 63.9, 125, 64.56, 87.89, , , , , 
1/31/2020 5:42:41 AM, 3268, 9145.25, 1636.8, 327.68, 222.6, 163.93, 323.87, 172.78, 245.81, 98.02, 30.6, 63.9, 125, 64.56, 87.89, , , , , 
1/31/2020 5:42:44 AM, 3268, 9145.75, 1636.8, 327.68, 222.6, 163.93, 323.87, 172.78, 245.81, 98.02, 30.6, 63.9, 125, 64.56, 87.89, , , , , 
1/31/2020 5:42:47 AM, 3268, 9145.75, 1637, 327.68, 222.6, 163.93, 323.87, 172.78, 245.81, 98.02, 30.6, 63.9, 125, 64.56, 87.89, , , , , 
1/31/2020 5:42:50 AM, 3268, 9145.75, 1637, 327.68, 222.6, 163.93, 323.87, 172.78, 245.81, 98.02, 30.6, 63.9, 125, 64.56, 87.89, , , , , 
1/31/2020 5:42:53 AM, 3267.75, 9145, 1636.8, 327.68, 222.6, 163.93, 323.87, 172.78, 245.81, 98.02, 30.6, 63.9, 125, 64.56, 87.89, , , , , 
1/31/2020 5:42:56 AM, 3267.75, 9145, 1636.8, 327.68, 222.6, 163.93, 323.87, 172.78, 245.81, 98.02, 30.6, 63.9, 125, 64.56, 87.89, , , , , 
1/31/2020 5:43:00 AM, 3268, 9145.5, 1636.9, 327.68, 222.6, 163.93, 323.87, 172.78, 245.81, 98.02, 30.6, 63.9, 125, 64.56, 87.89, , , , , 
1/31/2020 5:43:03 AM, 3268, 9145.5, 1636.9, 327.68, 222.6, 163.93, 323.87, 172.78, 245.81, 98.02, 30.6, 63.9, 125, 64.56, 87.89, , , , , 
1/31/2020 5:43:06 AM, 3268, 9145.75, 1636.9, 327.68, 222.6, 163.93, 323.87, 172.78, 245.81, 98.02, 30.6, 63.9, 125, 64.56, 87.89, , , , , 
1/31/2020 5:43:09 AM, 3268, 9145.75, 1636.9, 327.68, 222.6, 163.93, 323.87, 172.78, 245.81, 98.02, 30.6, 63.9, 125, 64.56, 87.89, , , , , 
1/31/2020 5:43:12 AM, 3268, 9145.75, 1636.9, 327.68, 222.6, 163.93, 323.87, 172.78, 245.81, 98.02, 30.6, 63.9, 125, 64.56, 87.89, , , , , 
1/31/2020 5:43:15 AM, 3268, 9145.75, 1636.9, 327.68, 222.6, 163.93, 323.87, 172.78, 245.81, 98.02, 30.6, 63.9, 125, 64.56, 87.89, , , , , 
1/31/2020 5:43:18 AM, 3267.75, 9145, 1636.8, 327.68, 222.6, 163.93, 323.87, 172.78, 245.81, 98.02, 30.6, 63.9, 125, 64.56, 87.89, , , , , 
1/31/2020 5:43:21 AM, 3267.75, 9145, 1636.8, 327.68, 222.6, 163.93, 323.87, 172.78, 245.81, 98.02, 30.6, 63.9, 125, 64.56, 87.89, , , , , 
1/31/2020 5:43:24 AM, 3268, 9146.25, 1636.9, 327.68, 222.6, 163.93, 323.87, 172.78, 245.81, 98.02, 30.6, 63.9, 125, 64.56, 87.89, , , , , 
1/31/2020 5:43:27 AM, 3268, 9146.25, 1636.9, 327.68, 222.6, 163.93, 323.87, 172.78, 245.81, 98.02, 30.6, 63.9, 125, 64.56, 87.89, , , , , 
1/31/2020 5:43:30 AM, 3268, 9146, 1636.9, 327.68, 222.6, 163.93, 323.87, 172.78, 245.81, 98.02, 30.6, 63.9, 125, 64.56, 87.89, , , , , 
1/31/2020 5:43:33 AM, 3268, 9146, 1636.9, 327.68, 222.6, 163.93, 323.87, 172.78, 245.81, 98.02, 30.6, 63.9, 125, 64.56, 87.89, , , , , 
1/31/2020 5:43:36 AM, 3267.75, 9145.25, 1636.9, 327.68, 222.6, 163.93, 323.87, 172.78, 245.81, 98.02, 30.6, 63.9, 125, 64.56, 87.89, , , , , 
1/31/2020 5:43:39 AM, 3267.75, 9145.25, 1636.9, 327.68, 222.6, 163.93, 323.87, 172.78, 245.81, 98.02, 30.6, 63.9, 125, 64.56, 87.89, , , , , 
1/31/2020 5:43:42 AM, 3267.75, 9145.25, 1636.9, 327.68, 222.6, 163.93, 323.87, 172.78, 245.81, 98.02, 30.6, 63.9, 125, 64.56, 87.89, , , , , 
1/31/2020 5:43:45 AM, 3267.75, 9145.25, 1636.9, 327.68, 222.6, 163.93, 323.87, 172.78, 245.81, 98.02, 30.6, 63.9, 125, 64.56, 87.89, , , , , 
1/31/2020 5:43:48 AM, 3267.75, 9145.5, 1636.8, 327.68, 222.6, 163.93, 323.87, 172.78, 245.81, 98.02, 30.6, 63.9, 125, 64.56, 87.89, , , , , 
1/31/2020 5:43:51 AM, 3267.75, 9145.5, 1636.8, 327.68, 222.6, 163.93, 323.87, 172.78, 245.81, 98.02, 30.6, 63.9, 125, 64.56, 87.89, , , , , 
1/31/2020 5:43:54 AM, 3268, 9145.75, 1636.7, 327.68, 222.6, 163.93, 323.87, 172.78, 245.81, 98.02, 30.6, 63.9, 125, 64.56, 87.89, , , , , 
1/31/2020 5:43:57 AM, 3268, 9145.75, 1636.7, 327.68, 222.6, 163.93, 323.87, 172.78, 245.81, 98.02, 30.6, 63.9, 125, 64.56, 87.89, , , , , 
1/31/2020 5:44:00 AM, 3267.75, 9145, 1636.8, 327.68, 222.6, 163.93, 323.87, 172.78, 245.81, 98.02, 30.6, 63.9, 125, 64.56, 87.89, , , , , 
1/31/2020 5:44:03 AM, 3267.75, 9145, 1636.8, 327.68, 222.6, 163.93, 323.87, 172.78, 245.81, 98.02, 30.6, 63.9, 125, 64.56, 87.89, , , , , 
1/31/2020 5:44:06 AM, 3267.75, 9145, 1636.7, 327.68, 222.6, 163.93, 323.87, 172.78, 245.81, 98.02, 30.6, 63.9, 125, 64.56, 87.89, , , , , 
1/31/2020 5:44:09 AM, 3267.75, 9145, 1636.7, 327.68, 222.6, 163.93, 323.87, 172.78, 245.81, 98.02, 30.6, 63.9, 125, 64.56, 87.89, , , , , 
1/31/2020 5:44:12 AM, 3267.75, 9145.25, 1636.8, 327.68, 222.6, 163.93, 323.87, 172.78, 245.81, 98.02, 30.6, 63.9, 125, 64.56, 87.89, , , , , 
1/31/2020 5:44:15 AM, 3267.75, 9145.25, 1636.8, 327.68, 222.6, 163.93, 323.87, 172.78, 245.81, 98.02, 30.6, 63.9, 125, 64.56, 87.89, , , , , 
1/31/2020 5:44:18 AM, 3267.75, 9145, 1636.8, 327.68, 222.6, 163.93, 323.87, 172.78, 245.81, 98.02, 30.6, 63.9, 125, 64.56, 87.89, , , , , 
1/31/2020 5:44:21 AM, 3267.75, 9145, 1636.8, 327.68, 222.6, 163.93, 323.87, 172.78, 245.81, 98.02, 30.6, 63.9, 125, 64.56, 87.89, , , , , 
1/31/2020 5:44:24 AM, 3267.75, 9145.25, 1636.8, 327.68, 222.6, 163.93, 323.87, 172.78, 245.81, 98.02, 30.6, 63.9, 125, 64.56, 87.89, , , , , 
1/31/2020 5:44:27 AM, 3267.75, 9145.25, 1636.8, 327.68, 222.6, 163.93, 323.87, 172.78, 245.81, 98.02, 30.6, 63.9, 125, 64.56, 87.89, , , , , 
1/31/2020 5:44:30 AM, 3268.25, 9146, 1637, 327.68, 222.6, 163.93, 323.87, 172.78, 245.81, 98.02, 30.6, 63.9, 125, 64.56, 87.89, , , , , 
1/31/2020 5:44:33 AM, 3268.25, 9146, 1637, 327.68, 222.6, 163.93, 323.87, 172.78, 245.81, 98.02, 30.6, 63.9, 125, 64.56, 87.89, , , , , 
1/31/2020 5:44:36 AM, 3268.25, 9146, 1637.1, 327.68, 222.6, 163.93, 323.87, 172.78, 245.81, 98.02, 30.6, 63.9, 125, 64.56, 87.89, , , , , 
1/31/2020 5:44:39 AM, 3268.25, 9146, 1637.1, 327.68, 222.6, 163.93, 323.87, 172.78, 245.81, 98.02, 30.6, 63.9, 125, 64.56, 87.89, , , , , 
1/31/2020 5:44:42 AM, 3268.25, 9146.5, 1637.1, 327.68, 222.6, 163.93, 323.87, 172.78, 245.81, 98.02, 30.6, 63.9, 125, 64.56, 87.89, , , , , 
1/31/2020 5:44:45 AM, 3268, 9146, 1637.1, 327.68, 222.6, 163.93, 323.87, 172.78, 245.81, 98.02, 30.6, 63.9, 125, 64.56, 87.89, , , , , 
1/31/2020 5:44:48 AM, 3268, 9146.5, 1637.1, 327.68, 222.6, 163.93, 323.87, 172.78, 245.81, 98.02, 30.6, 63.9, 125, 64.56, 87.89, , , , , 
1/31/2020 5:44:51 AM, 3268.25, 9146.75, 1637.1, 327.68, 222.6, 163.93, 323.87, 172.78, 245.81, 98.02, 30.6, 63.9, 125, 64.56, 87.89, , , , , 
1/31/2020 5:44:54 AM, 3268, 9146.75, 1637.1, 327.68, 222.6, 163.93, 323.87, 172.78, 245.81, 98.02, 30.6, 63.9, 125, 64.56, 87.89, , , , , 
1/31/2020 5:44:57 AM, 3268.5, 9147.25, 1637.2, 327.68, 222.6, 163.93, 323.87, 172.78, 245.81, 98.02, 30.6, 63.9, 125, 64.56, 87.89, , , , , 
1/31/2020 5:45:00 AM, 3268.5, 9148, 1637.2, 327.68, 222.6, 163.93, 323.87, 172.78, 245.81, 98.02, 30.6, 63.9, 125, 64.56, 87.89, , , , , 
1/31/2020 5:45:03 AM, 3268, 9148, 1637, 327.68, 222.6, 163.93, 323.87, 172.78, 245.81, 98.02, 30.6, 63.9, 125, 64.56, 87.89, , , , , 
1/31/2020 5:45:06 AM, 3268, 9147.25, 1637, 327.68, 222.6, 163.93, 323.87, 172.78, 245.81, 98.02, 30.6, 63.9, 125, 64.56, 87.89, , , , , 
1/31/2020 5:45:09 AM, 3268, 9147.25, 1637, 327.68, 222.6, 163.93, 323.87, 172.78, 245.81, 98.02, 30.6, 63.9, 125, 64.56, 87.89, , , , , 
1/31/2020 5:45:12 AM, 3267.75, 9146.5, 1637, 327.68, 222.6, 163.93, 323.87, 172.78, 245.81, 98.02, 30.6, 63.9, 125, 64.56, 87.89, , , , , 
1/31/2020 5:45:15 AM, 3267.75, 9146.5, 1637, 327.68, 222.6, 163.93, 323.87, 172.78, 245.81, 98.02, 30.6, 63.9, 125, 64.56, 87.89, , , , , 
1/31/2020 5:45:18 AM, 3268, 9147, 1637, 327.68, 222.6, 163.93, 323.87, 172.78, 245.81, 98.02, 30.6, 63.9, 125, 64.56, 87.89, , , , , 
1/31/2020 5:45:21 AM, 3268, 9147, 1637, 327.68, 222.6, 163.93, 323.87, 172.78, 245.81, 98.02, 30.6, 63.9, 125, 64.56, 87.89, , , , , 
1/31/2020 5:45:24 AM, 3268, 9147, 1636.8, 327.68, 222.6, 163.93, 323.87, 172.78, 245.81, 98.02, 30.6, 63.9, 125, 64.56, 87.89, , , , , 
1/31/2020 5:45:28 AM, 3268, 9146.5, 1636.9, 327.68, 222.6, 163.93, 323.87, 172.78, 245.81, 98.02, 30.6, 63.9, 125, 64.56, 87.89, , , , , 
1/31/2020 5:45:31 AM, 3268, 9146.5, 1636.9, 327.68, 222.6, 163.93, 323.87, 172.78, 245.81, 98.02, 30.6, 63.9, 125, 64.56, 87.89, , , , , 
1/31/2020 5:45:34 AM, 3268, 9147.5, 1636.9, 327.68, 222.6, 163.93, 323.87, 172.78, 245.81, 98.02, 30.6, 63.9, 125, 64.56, 87.89, , , , , 
1/31/2020 5:45:37 AM, 3267.75, 9146.75, 1636.9, 327.68, 222.6, 163.93, 323.87, 172.78, 245.81, 98.02, 30.6, 63.9, 125, 64.56, 87.89, , , , , 
1/31/2020 5:45:40 AM, 3267.75, 9147.25, 1636.9, 327.68, 222.6, 163.93, 323.87, 172.78, 245.81, 98.02, 30.6, 63.9, 125, 64.56, 87.89, , , , , 
1/31/2020 5:45:43 AM, 3267.75, 9146.75, 1636.9, 327.68, 222.6, 163.93, 323.87, 172.78, 245.81, 98.02, 30.6, 63.9, 125, 64.56, 87.89, , , , , 
1/31/2020 5:45:46 AM, 3268, 9147.75, 1636.9, 327.68, 222.6, 163.93, 323.87, 172.78, 245.81, 98.02, 30.6, 63.9, 125, 64.56, 87.89, , , , , 
1/31/2020 5:45:49 AM, 3268, 9147.75, 1636.9, 327.68, 222.6, 163.93, 323.87, 172.78, 245.81, 98.02, 30.6, 63.9, 125, 64.56, 87.89, , , , , 
1/31/2020 5:45:52 AM, 3268, 9147.75, 1637, 327.68, 222.6, 163.93, 323.87, 172.78, 245.81, 98.02, 30.6, 63.9, 125, 64.56, 87.89, , , , , 
1/31/2020 5:45:55 AM, 3268, 9148, 1637, 327.68, 222.6, 163.93, 323.87, 172.78, 245.81, 98.02, 30.6, 63.9, 125, 64.56, 87.89, , , , , 
1/31/2020 5:45:58 AM, 3268.25, 9148, 1637, 327.68, 222.6, 163.93, 323.87, 172.78, 245.81, 98.02, 30.6, 63.9, 125, 64.56, 87.89, , , , , 
1/31/2020 5:46:01 AM, 3268.25, 9149, 1637.2, 327.68, 222.6, 163.93, 323.87, 172.78, 245.81, 98.02, 30.6, 63.9, 125, 64.56, 87.89, , , , , 
1/31/2020 5:46:04 AM, 3268.5, 9149, 1637.3, 327.68, 222.6, 163.93, 323.87, 172.78, 245.81, 98.02, 30.6, 63.9, 125, 64.56, 87.89, , , , , 
1/31/2020 5:46:07 AM, 3268.75, 9149.25, 1637.3, 327.68, 222.6, 163.93, 323.87, 172.78, 245.81, 98.02, 30.6, 63.9, 125, 64.56, 87.89, , , , , 
1/31/2020 5:46:10 AM, 3268.75, 9150, 1637.3, 327.68, 222.6, 163.93, 323.87, 172.78, 245.81, 98.02, 30.6, 63.9, 125, 64.56, 87.89, , , , , 
1/31/2020 5:46:13 AM, 3268.75, 9150, 1637.4, 327.68, 222.6, 163.93, 323.87, 172.78, 245.81, 98.02, 30.6, 63.9, 125, 64.56, 87.89, , , , , 
1/31/2020 5:46:16 AM, 3268.75, 9150, 1637.4, 327.68, 222.6, 163.93, 323.87, 172.78, 245.81, 98.02, 30.6, 63.9, 125, 64.56, 87.89, , , , , 
1/31/2020 5:46:19 AM, 3268.75, 9150, 1637.4, 327.68, 222.6, 163.93, 323.87, 172.78, 245.81, 98.02, 30.6, 63.9, 125, 64.56, 87.89, , , , , 
1/31/2020 5:46:22 AM, 3269, 9151, 1637.5, 327.68, 222.6, 163.93, 323.87, 172.78, 245.81, 98.02, 30.6, 63.9, 125, 64.56, 87.89, , , , , 
1/31/2020 5:46:25 AM, 3269.25, 9152, 1637.5, 327.68, 222.6, 163.93, 323.87, 172.78, 245.81, 98.02, 30.6, 63.9, 125, 64.56, 87.89, , , , , 
1/31/2020 5:46:28 AM, 3269.25, 9151.75, 1637.6, 327.68, 222.6, 163.93, 323.87, 172.78, 245.81, 98.02, 30.6, 63.9, 125, 64.56, 87.89, , , , , 
1/31/2020 5:46:31 AM, 3269.25, 9151.5, 1637.6, 327.68, 222.6, 163.93, 323.87, 172.78, 245.81, 98.02, 30.6, 63.9, 125, 64.56, 87.89, , , , , 
1/31/2020 5:46:34 AM, 3269, 9150.75, 1637.5, 327.68, 222.6, 163.93, 323.87, 172.78, 245.81, 98.02, 30.6, 63.9, 125, 64.56, 87.89, , , , , 
1/31/2020 5:46:37 AM, 3269.25, 9151.25, 1637.5, 327.68, 222.6, 163.93, 323.87, 172.78, 245.81, 98.02, 30.6, 63.9, 125, 64.56, 87.89, , , , , 
1/31/2020 5:46:40 AM, 3269.25, 9151.25, 1637.5, 327.68, 222.6, 163.93, 323.87, 172.78, 245.81, 98.02, 30.6, 63.9, 125, 64.56, 87.89, , , , , 
1/31/2020 5:46:43 AM, 3269.25, 9151.25, 1637.5, 327.68, 222.6, 163.93, 323.87, 172.78, 245.81, 98.02, 30.6, 63.9, 125, 64.56, 87.89, , , , , 
1/31/2020 5:46:46 AM, 3269.25, 9151.5, 1637.4, 327.68, 222.6, 163.93, 323.87, 172.78, 245.81, 98.02, 30.6, 63.9, 125, 64.56, 87.89, , , , , 
1/31/2020 5:46:49 AM, 3269.25, 9152, 1637.4, 327.68, 222.6, 163.93, 323.87, 172.78, 245.81, 98.02, 30.6, 63.9, 125, 64.56, 87.89, , , , , 
1/31/2020 5:46:52 AM, 3269, 9151, 1637.4, 327.68, 222.6, 163.93, 323.87, 172.78, 245.81, 98.02, 30.6, 63.9, 125, 64.56, 87.89, , , , , 
1/31/2020 5:46:55 AM, 3269, 9151, 1637.4, 327.68, 222.6, 163.93, 323.87, 172.78, 245.81, 98.02, 30.6, 63.9, 125, 64.56, 87.89, , , , , 
1/31/2020 5:46:58 AM, 3269.25, 9151.5, 1637.4, 327.68, 222.6, 163.93, 323.87, 172.78, 245.81, 98.02, 30.6, 63.9, 125, 64.56, 87.89, , , , , 
1/31/2020 5:47:01 AM, 3269.25, 9151.5, 1637.4, 327.68, 222.6, 163.93, 323.87, 172.78, 245.81, 98.02, 30.6, 63.9, 125, 64.56, 87.89, , , , , 
1/31/2020 5:47:04 AM, 3269.5, 9152, 1637.4, 327.68, 222.6, 163.93, 323.87, 172.78, 245.81, 98.02, 30.6, 63.9, 125, 64.56, 87.89, , , , , 
1/31/2020 5:47:07 AM, 3269.25, 9152.25, 1637.5, 327.68, 222.6, 163.93, 323.87, 172.78, 245.81, 98.02, 30.6, 63.9, 125, 64.56, 87.89, , , , , 
1/31/2020 5:47:10 AM, 3269.5, 9152.25, 1637.5, 327.68, 222.6, 163.93, 323.87, 172.78, 245.81, 98.02, 30.6, 63.9, 125, 64.56, 87.89, , , , , 
1/31/2020 5:47:13 AM, 3269.5, 9152, 1637.5, 327.68, 222.6, 163.93, 323.87, 172.78, 245.81, 98.02, 30.6, 63.9, 125, 64.56, 87.89, , , , , 
1/31/2020 5:47:16 AM, 3269.5, 9152, 1637.5, 327.68, 222.6, 163.93, 323.87, 172.78, 245.81, 98.02, 30.6, 63.9, 125, 64.56, 87.89, , , , , 
1/31/2020 5:47:19 AM, 3269.5, 9152, 1637.6, 327.68, 222.6, 163.93, 323.87, 172.78, 245.81, 98.02, 30.6, 63.9, 125, 64.56, 87.89, , , , , 
1/31/2020 5:47:22 AM, 3269.5, 9152.25, 1637.5, 327.68, 222.6, 163.93, 323.87, 172.78, 245.81, 98.02, 30.6, 63.9, 125, 64.56, 87.89, , , , , 
1/31/2020 5:47:25 AM, 3269.5, 9152, 1637.5, 327.68, 222.6, 163.93, 323.87, 172.78, 245.81, 98.02, 30.6, 63.9, 125, 64.56, 87.89, , , , , 
1/31/2020 5:47:28 AM, 3269.5, 9152.25, 1637.5, 327.68, 222.6, 163.93, 323.87, 172.78, 245.81, 98.02, 30.6, 63.9, 125, 64.56, 87.89, , , , , 
1/31/2020 5:47:31 AM, 3269.5, 9152.25, 1637.6, 327.68, 222.6, 163.93, 323.87, 172.78, 245.81, 98.02, 30.6, 63.9, 125, 64.56, 87.89, , , , , 
1/31/2020 5:47:34 AM, 3269.5, 9151.5, 1637.6, 327.68, 222.6, 163.93, 323.87, 172.78, 245.81, 98.02, 30.6, 63.9, 125, 64.56, 87.89, , , , , 
1/31/2020 5:47:37 AM, 3269.5, 9152.25, 1637.6, 327.68, 222.6, 163.93, 323.87, 172.78, 245.81, 98.02, 30.6, 63.9, 125, 64.56, 87.89, , , , , 
1/31/2020 5:47:40 AM, 3269.75, 9152.25, 1637.6, 327.68, 222.6, 163.93, 323.87, 172.78, 245.81, 98.02, 30.6, 63.9, 125, 64.56, 87.89, , , , , 
1/31/2020 5:47:43 AM, 3269.75, 9152.75, 1637.6, 327.68, 222.6, 163.93, 323.87, 172.78, 245.81, 98.02, 30.6, 63.9, 125, 64.56, 87.89, , , , , 
1/31/2020 5:47:46 AM, 3269.75, 9153.5, 1637.7, 327.68, 222.6, 163.93, 323.87, 172.78, 245.81, 98.02, 30.6, 63.9, 125, 64.56, 87.89, , , , , 
1/31/2020 5:47:49 AM, 3269.75, 9153.25, 1637.7, 327.68, 222.6, 163.93, 323.87, 172.78, 245.81, 98.02, 30.6, 63.9, 125, 64.56, 87.89, , , , , 
1/31/2020 5:47:52 AM, 3270, 9154.25, 1637.8, 327.68, 222.6, 163.93, 323.87, 172.78, 245.81, 98.02, 30.6, 63.9, 125, 64.56, 87.89, , , , , 
1/31/2020 5:47:55 AM, 3270, 9154.25, 1637.8, 327.68, 222.6, 163.93, 323.87, 172.78, 245.81, 98.02, 30.6, 63.9, 125, 64.56, 87.89, , , , , 
1/31/2020 5:47:59 AM, 3270.5, 9154.75, 1638.1, 327.68, 222.6, 163.93, 323.87, 172.78, 245.81, 98.02, 30.6, 63.9, 125, 64.56, 87.89, , , , , 
1/31/2020 5:48:02 AM, 3270.75, 9155.75, 1638.1, 327.68, 222.6, 163.93, 323.87, 172.78, 245.81, 98.02, 30.6, 63.9, 125, 64.56, 87.89, , , , , 
1/31/2020 5:48:05 AM, 3271, 9155.75, 1638.2, 327.68, 222.6, 163.93, 323.87, 172.78, 245.81, 98.02, 30.6, 63.9, 125, 64.56, 87.89, , , , , 
1/31/2020 5:48:08 AM, 3271, 9156, 1638.3, 327.68, 222.6, 163.93, 323.87, 172.78, 245.81, 98.02, 30.6, 63.9, 125, 64.56, 87.89, , , , , 
1/31/2020 5:48:11 AM, 3271.25, 9156, 1638.3, 327.68, 222.6, 163.93, 323.87, 172.78, 245.81, 98.02, 30.6, 63.9, 125, 64.56, 87.89, , , , , 
1/31/2020 5:48:14 AM, 3271.25, 9156.5, 1638.4, 327.68, 222.6, 163.93, 323.87, 172.78, 245.81, 98.02, 30.6, 63.9, 125, 64.56, 87.89, , , , , 
1/31/2020 5:48:17 AM, 3271.25, 9156.75, 1638.4, 327.68, 222.6, 163.93, 323.87, 172.78, 245.81, 98.02, 30.6, 63.9, 125, 64.56, 87.89, , , , , 
1/31/2020 5:48:20 AM, 3271, 9156, 1638.3, 327.68, 222.6, 163.93, 323.87, 172.78, 245.81, 98.02, 30.6, 63.9, 125, 64.56, 87.89, , , , , 
1/31/2020 5:48:23 AM, 3271, 9156, 1638.3, 327.68, 222.6, 163.93, 323.87, 172.78, 245.81, 98.02, 30.6, 63.9, 125, 64.56, 87.89, , , , , 
1/31/2020 5:48:26 AM, 3270.75, 9155.25, 1638.1, 327.68, 222.6, 163.93, 323.87, 172.78, 245.81, 98.02, 30.6, 63.9, 125, 64.56, 87.89, , , , , 
1/31/2020 5:48:29 AM, 3270.75, 9155.5, 1638, 327.68, 222.6, 163.93, 323.87, 172.78, 245.81, 98.02, 30.6, 63.9, 125, 64.56, 87.89, , , , , 
1/31/2020 5:48:32 AM, 3270.5, 9154.75, 1638, 327.68, 222.6, 163.93, 323.87, 172.78, 245.81, 98.02, 30.6, 63.9, 125, 64.56, 87.89, , , , , 
1/31/2020 5:48:35 AM, 3270.5, 9155, 1638, 327.68, 222.6, 163.93, 323.87, 172.78, 245.81, 98.02, 30.6, 63.9, 125, 64.56, 87.89, , , , , 
1/31/2020 5:48:38 AM, 3270.5, 9154.5, 1637.9, 327.68, 222.6, 163.93, 323.87, 172.78, 245.81, 98.02, 30.6, 63.9, 125, 64.56, 87.89, , , , , 
1/31/2020 5:48:41 AM, 3270.75, 9155, 1638.1, 327.68, 222.6, 163.93, 323.87, 172.78, 245.81, 98.02, 30.6, 63.9, 125, 64.56, 87.89, , , , , 
1/31/2020 5:48:44 AM, 3270.75, 9155, 1638.1, 327.68, 222.6, 163.93, 323.87, 172.78, 245.81, 98.02, 30.6, 63.9, 125, 64.56, 87.89, , , , , 
1/31/2020 5:48:47 AM, 3270.5, 9154.25, 1638.1, 327.68, 222.6, 163.93, 323.87, 172.78, 245.81, 98.02, 30.6, 63.9, 125, 64.56, 87.89, , , , , 
1/31/2020 5:48:50 AM, 3270.25, 9153.5, 1637.9, 327.68, 222.6, 163.93, 323.87, 172.78, 245.81, 98.02, 30.6, 63.9, 125, 64.56, 87.89, , , , , 
1/31/2020 5:48:53 AM, 3270.25, 9153.25, 1638.1, 327.68, 222.6, 163.93, 323.87, 172.78, 245.81, 98.02, 30.6, 63.9, 125, 64.56, 87.89, , , , , 
1/31/2020 5:48:56 AM, 3270.25, 9152.75, 1637.9, 327.68, 222.6, 163.93, 323.87, 172.78, 245.81, 98.02, 30.6, 63.9, 125, 64.56, 87.89, , , , , 
1/31/2020 5:48:59 AM, 3270.5, 9154.25, 1638.1, 327.68, 222.6, 163.93, 323.87, 172.78, 245.81, 98.02, 30.6, 63.9, 125, 64.56, 87.89, , , , , 
1/31/2020 5:49:02 AM, 3270.75, 9155, 1638.1, 327.68, 222.6, 163.93, 323.87, 172.78, 245.81, 98.02, 30.6, 63.9, 125, 64.56, 87.89, , , , , 
1/31/2020 5:49:05 AM, 3270.75, 9155, 1638.3, 327.68, 222.6, 163.93, 323.87, 172.78, 245.81, 98.02, 30.6, 63.9, 125, 64.56, 87.89, , , , , 
1/31/2020 5:49:08 AM, 3270.5, 9154, 1638.1, 327.68, 222.6, 163.93, 323.87, 172.78, 245.81, 98.02, 30.6, 63.9, 125, 64.56, 87.89, , , , , 
1/31/2020 5:49:11 AM, 3270.75, 9154.25, 1638.2, 327.68, 222.6, 163.93, 323.87, 172.78, 245.81, 98.02, 30.6, 63.9, 125, 64.56, 87.89, , , , , 
1/31/2020 5:49:14 AM, 3270.75, 9154.5, 1638.2, 327.68, 222.6, 163.93, 323.87, 172.78, 245.81, 98.02, 30.6, 63.9, 125, 64.56, 87.89, , , , , 
1/31/2020 5:49:17 AM, 3270.5, 9154.5, 1638.2, 327.68, 222.6, 163.93, 323.87, 172.78, 245.81, 98.02, 30.6, 63.9, 125, 64.56, 87.89, , , , , 
1/31/2020 5:49:20 AM, 3270.75, 9154.25, 1638.2, 327.68, 222.6, 163.93, 323.87, 172.78, 245.81, 98.02, 30.6, 63.9, 125, 64.56, 87.89, , , , , 
1/31/2020 5:49:23 AM, 3270.75, 9154, 1638.2, 327.68, 222.6, 163.93, 323.87, 172.78, 245.81, 98.02, 30.6, 63.9, 125, 64.56, 87.89, , , , , 
1/31/2020 5:49:26 AM, 3270.5, 9154.5, 1638.2, 327.68, 222.6, 163.93, 323.87, 172.78, 245.81, 98.02, 30.6, 63.9, 125, 64.56, 87.89, , , , , 
1/31/2020 5:49:29 AM, 3270.75, 9154.75, 1638.2, 327.68, 222.6, 163.93, 323.87, 172.78, 245.81, 98.02, 30.6, 63.9, 125, 64.56, 87.89, , , , , 
1/31/2020 5:49:32 AM, 3271, 9154.75, 1638.2, 327.68, 222.6, 163.93, 323.87, 172.78, 245.81, 98.02, 30.6, 63.9, 125, 64.56, 87.89, , , , , 
1/31/2020 5:49:35 AM, 3271, 9155, 1638.2, 327.68, 222.6, 163.93, 323.87, 172.78, 245.81, 98.02, 30.6, 63.9, 125, 64.56, 87.89, , , , , 
1/31/2020 5:49:38 AM, 3271, 9154.75, 1638.2, 327.68, 222.6, 163.93, 323.87, 172.78, 245.81, 98.02, 30.6, 63.9, 125, 64.56, 87.89, , , , , 
1/31/2020 5:49:41 AM, 3271, 9155, 1638.2, 327.68, 222.6, 163.93, 323.87, 172.78, 245.81, 98.02, 30.6, 63.9, 125, 64.56, 87.89, , , , , 
1/31/2020 5:49:44 AM, 3270.75, 9154.75, 1638.3, 327.68, 222.6, 163.93, 323.87, 172.78, 245.81, 98.02, 30.6, 63.9, 125, 64.56, 87.89, , , , , 
1/31/2020 5:49:47 AM, 3270.75, 9155.25, 1638.4, 327.68, 222.6, 163.93, 323.87, 172.78, 245.81, 98.02, 30.6, 63.9, 125, 64.56, 87.89, , , , , 
1/31/2020 5:49:50 AM, 3271.25, 9157, 1638.7, 327.68, 222.6, 163.93, 323.87, 172.78, 245.81, 98.02, 30.6, 63.9, 125, 64.56, 87.89, , , , , 
1/31/2020 5:49:53 AM, 3271.5, 9156.75, 1638.7, 327.68, 222.6, 163.93, 323.87, 172.78, 245.81, 98.02, 30.6, 63.9, 125, 64.56, 87.89, , , , , 
1/31/2020 5:49:56 AM, 3271.5, 9157, 1638.7, 327.68, 222.6, 163.93, 323.87, 172.78, 245.81, 98.02, 30.6, 63.9, 125, 64.56, 87.89, , , , , 
1/31/2020 5:49:59 AM, 3271.5, 9156.5, 1638.7, 327.68, 222.6, 163.93, 323.87, 172.78, 245.81, 98.02, 30.6, 63.9, 125, 64.56, 87.89, , , , , 
1/31/2020 5:50:02 AM, 3271.5, 9156.75, 1638.7, 327.68, 222.6, 163.93, 323.87, 172.78, 245.81, 98.02, 30.6, 63.9, 125, 64.56, 87.89, , , , , 
1/31/2020 5:50:05 AM, 3271, 9155.75, 1638.6, 327.68, 222.6, 163.93, 323.87, 172.78, 245.81, 98.02, 30.6, 63.9, 125, 64.56, 87.89, , , , , 
1/31/2020 5:50:08 AM, 3270.5, 9154.25, 1638.2, 327.68, 222.6, 163.93, 323.87, 172.78, 245.81, 98.02, 30.6, 63.9, 125, 64.56, 87.89, , , , , 
1/31/2020 5:50:11 AM, 3270.25, 9153.75, 1638.1, 327.68, 222.6, 163.93, 323.87, 172.78, 245.81, 98.02, 30.6, 63.9, 125, 64.56, 87.89, , , , , 
1/31/2020 5:50:14 AM, 3270.25, 9152.5, 1638, 327.68, 222.6, 163.93, 323.87, 172.78, 245.81, 98.02, 30.6, 63.9, 125, 64.56, 87.89, , , , , 
1/31/2020 5:50:17 AM, 3270.25, 9152.5, 1638, 327.68, 222.6, 163.93, 323.87, 172.78, 245.81, 98.02, 30.6, 63.9, 125, 64.56, 87.89, , , , , 
1/31/2020 5:50:20 AM, 3269.75, 9151.75, 1637.9, 327.68, 222.6, 163.93, 323.87, 172.78, 245.81, 98.02, 30.6, 63.9, 125, 64.56, 87.89, , , , , 
1/31/2020 5:50:23 AM, 3269.75, 9151.75, 1637.9, 327.68, 222.6, 163.93, 323.87, 172.78, 245.81, 98.02, 30.6, 63.9, 125, 64.56, 87.89, , , , , 
1/31/2020 5:50:27 AM, 3269.75, 9152.25, 1637.9, 327.68, 222.6, 163.93, 323.87, 172.78, 245.81, 98.02, 30.6, 63.9, 125, 64.56, 87.89, , , , , 
1/31/2020 5:50:30 AM, 3269.75, 9152.25, 1637.9, 327.68, 222.6, 163.93, 323.87, 172.78, 245.81, 98.02, 30.6, 63.9, 125, 64.56, 87.89, , , , , 
1/31/2020 5:50:33 AM, 3270, 9152.75, 1638.1, 327.68, 222.6, 163.93, 323.87, 172.78, 245.81, 98.02, 30.6, 63.9, 125, 64.56, 87.89, , , , , 
1/31/2020 5:50:36 AM, 3270, 9152.75, 1638.1, 327.68, 222.6, 163.93, 323.87, 172.78, 245.81, 98.02, 30.6, 63.9, 125, 64.56, 87.89, , , , , 
1/31/2020 5:50:39 AM, 3270.25, 9153.75, 1638.1, 327.68, 222.6, 163.93, 323.87, 172.78, 245.81, 98.02, 30.6, 63.9, 125, 64.56, 87.89, , , , , 
1/31/2020 5:50:42 AM, 3270.25, 9153.75, 1638.1, 327.68, 222.6, 163.93, 323.87, 172.78, 245.81, 98.02, 30.6, 63.9, 125, 64.56, 87.89, , , , , 
1/31/2020 5:50:45 AM, 3270.25, 9154.5, 1638.1, 327.68, 222.6, 163.93, 323.87, 172.78, 245.81, 98.02, 30.6, 63.9, 125, 64.56, 87.89, , , , , 
1/31/2020 5:50:48 AM, 3270.25, 9154.5, 1638.1, 327.68, 222.6, 163.93, 323.87, 172.78, 245.81, 98.02, 30.6, 63.9, 125, 64.56, 87.89, , , , , 
1/31/2020 5:50:51 AM, 3270.25, 9154.75, 1638.1, 327.68, 222.6, 163.93, 323.87, 172.78, 245.81, 98.02, 30.6, 63.9, 125, 64.56, 87.89, , , , , 
1/31/2020 5:50:54 AM, 3270.25, 9154.75, 1638.1, 327.68, 222.6, 163.93, 323.87, 172.78, 245.81, 98.02, 30.6, 63.9, 125, 64.56, 87.89, , , , , 
1/31/2020 5:50:57 AM, 3270.25, 9154.25, 1638.1, 327.68, 222.6, 163.93, 323.87, 172.78, 245.81, 98.02, 30.6, 63.9, 125, 64.56, 87.89, , , , , 
1/31/2020 5:51:00 AM, 3270.25, 9154.25, 1638.1, 327.68, 222.6, 163.93, 323.87, 172.78, 245.81, 98.02, 30.6, 63.9, 125, 64.56, 87.89, , , , , 
1/31/2020 5:51:03 AM, 3270.5, 9154.75, 1638.1, 327.68, 222.6, 163.93, 323.87, 172.78, 245.81, 98.02, 30.6, 63.9, 125, 64.56, 87.89, , , , , 
1/31/2020 5:51:06 AM, 3270.5, 9154.75, 1638.1, 327.68, 222.6, 163.93, 323.87, 172.78, 245.81, 98.02, 30.6, 63.9, 125, 64.56, 87.89, , , , , 
1/31/2020 5:51:09 AM, 3270.25, 9153.5, 1638.1, 327.68, 222.6, 163.93, 323.87, 172.78, 245.81, 98.02, 30.6, 63.9, 125, 64.56, 87.89, , , , , 
1/31/2020 5:51:12 AM, 3270.25, 9153.5, 1638.1, 327.68, 222.6, 163.93, 323.87, 172.78, 245.81, 98.02, 30.6, 63.9, 125, 64.56, 87.89, , , , , 
1/31/2020 5:51:15 AM, 3270.25, 9154, 1638, 327.68, 222.6, 163.93, 323.87, 172.78, 245.81, 98.02, 30.6, 63.9, 125, 64.56, 87.89, , , , , 
1/31/2020 5:51:18 AM, 3270.25, 9154, 1638, 327.68, 222.6, 163.93, 323.87, 172.78, 245.81, 98.02, 30.6, 63.9, 125, 64.56, 87.89, , , , , 
1/31/2020 5:51:21 AM, 3271.25, 9156.5, 1638.6, 327.68, 222.6, 163.93, 323.87, 172.78, 245.81, 98.02, 30.6, 63.9, 125, 64.56, 87.89, , , , , 
1/31/2020 5:51:24 AM, 3271.25, 9156.5, 1638.6, 327.68, 222.6, 163.93, 323.87, 172.78, 245.81, 98.02, 30.6, 63.9, 125, 64.56, 87.89, , , , , 
1/31/2020 5:51:27 AM, 3271, 9155.5, 1638.5, 327.68, 222.6, 163.93, 323.87, 172.78, 245.81, 98.02, 30.6, 63.9, 125, 64.56, 87.89, , , , , 
1/31/2020 5:51:30 AM, 3271, 9155.5, 1638.5, 327.68, 222.6, 163.93, 323.87, 172.78, 245.81, 98.02, 30.6, 63.9, 125, 64.56, 87.89, , , , , 
1/31/2020 5:51:33 AM, 3271, 9155.5, 1638.4, 327.68, 222.6, 163.93, 323.87, 172.78, 245.81, 98.02, 30.6, 63.9, 125, 64.56, 87.89, , , , , 
1/31/2020 5:51:36 AM, 3271, 9155.5, 1638.4, 327.68, 222.6, 163.93, 323.87, 172.78, 245.81, 98.02, 30.6, 63.9, 125, 64.56, 87.89, , , , , 
1/31/2020 5:51:39 AM, 3270.75, 9154.75, 1638.3, 327.68, 222.6, 163.93, 323.87, 172.78, 245.81, 98.02, 30.6, 63.9, 125, 64.56, 87.89, , , , , 
1/31/2020 5:51:42 AM, 3270.75, 9154.75, 1638.3, 327.68, 222.6, 163.93, 323.87, 172.78, 245.81, 98.02, 30.6, 63.9, 125, 64.56, 87.89, , , , , 
1/31/2020 5:51:45 AM, 3270.75, 9155.25, 1638.3, 327.68, 222.6, 163.93, 323.87, 172.78, 245.81, 98.02, 30.6, 63.9, 125, 64.56, 87.89, , , , , 
1/31/2020 5:51:48 AM, 3270.75, 9155.25, 1638.3, 327.68, 222.6, 163.93, 323.87, 172.78, 245.81, 98.02, 30.6, 63.9, 125, 64.56, 87.89, , , , , 
1/31/2020 5:51:51 AM, 3270.5, 9154.75, 1638.3, 327.68, 222.6, 163.93, 323.87, 172.78, 245.81, 98.02, 30.6, 63.9, 125, 64.56, 87.89, , , , , 
1/31/2020 5:51:54 AM, 3270.5, 9154.75, 1638.3, 327.68, 222.6, 163.93, 323.87, 172.78, 245.81, 98.02, 30.6, 63.9, 125, 64.56, 87.89, , , , , 
1/31/2020 5:51:57 AM, 3271, 9155.25, 1638.3, 327.68, 222.6, 163.93, 323.87, 172.78, 245.81, 98.02, 30.6, 63.9, 125, 64.56, 87.89, , , , , 
1/31/2020 5:52:00 AM, 3271, 9155.25, 1638.3, 327.68, 222.6, 163.93, 323.87, 172.78, 245.81, 98.02, 30.6, 63.9, 125, 64.56, 87.89, , , , , 
1/31/2020 5:52:03 AM, 3270.5, 9154.5, 1638.2, 327.68, 222.6, 163.93, 323.87, 172.78, 245.81, 98.02, 30.6, 63.9, 125, 64.56, 87.89, , , , , 
1/31/2020 5:52:06 AM, 3270.5, 9154.5, 1638.2, 327.68, 222.6, 163.93, 323.87, 172.78, 245.81, 98.02, 30.6, 63.9, 125, 64.56, 87.89, , , , , 
1/31/2020 5:52:09 AM, 3270.5, 9154.5, 1638.2, 327.68, 222.6, 163.93, 323.87, 172.78, 245.81, 98.02, 30.6, 63.9, 125, 64.56, 87.89, , , , , 
1/31/2020 5:52:12 AM, 3270.75, 9155.5, 1638.2, 327.68, 222.6, 163.93, 323.87, 172.78, 245.81, 98.02, 30.6, 63.9, 125, 64.56, 87.89, , , , , 
1/31/2020 5:52:15 AM, 3270.75, 9155.5, 1638.2, 327.68, 222.6, 163.93, 323.87, 172.78, 245.81, 98.02, 30.6, 63.9, 125, 64.56, 87.89, , , , , 
1/31/2020 5:52:18 AM, 3270.75, 9155.25, 1638.4, 327.68, 222.6, 163.93, 323.87, 172.78, 245.81, 98.02, 30.6, 63.9, 125, 64.56, 87.89, , , , , 
1/31/2020 5:52:21 AM, 3270.5, 9154.75, 1638.2, 327.68, 222.6, 163.93, 323.87, 172.78, 245.81, 98.02, 30.6, 63.9, 125, 64.56, 87.89, , , , , 
1/31/2020 5:52:24 AM, 3270.5, 9155, 1638.2, 327.68, 222.6, 163.93, 323.87, 172.78, 245.81, 98.02, 30.6, 63.9, 125, 64.56, 87.89, , , , , 
1/31/2020 5:52:27 AM, 3270.5, 9155, 1638.2, 327.68, 222.6, 163.93, 323.87, 172.78, 245.81, 98.02, 30.6, 63.9, 125, 64.56, 87.89, , , , , 
1/31/2020 5:52:30 AM, 3270.5, 9155, 1638.2, 327.68, 222.6, 163.93, 323.87, 172.78, 245.81, 98.02, 30.6, 63.9, 125, 64.56, 87.89, , , , , 
1/31/2020 5:52:33 AM, 3270.5, 9155, 1638.2, 327.68, 222.6, 163.93, 323.87, 172.78, 245.81, 98.02, 30.6, 63.9, 125, 64.56, 87.89, , , , , 
1/31/2020 5:52:36 AM, 3270.5, 9154, 1638.1, 327.68, 222.6, 163.93, 323.87, 172.78, 245.81, 98.02, 30.6, 63.9, 125, 64.56, 87.89, , , , , 
1/31/2020 5:52:39 AM, 3270.25, 9154, 1638.1, 327.68, 222.6, 163.93, 323.87, 172.78, 245.81, 98.02, 30.6, 63.9, 125, 64.56, 87.89, , , , , 
1/31/2020 5:52:42 AM, 3270.25, 9154, 1638.1, 327.68, 222.6, 163.93, 323.87, 172.78, 245.81, 98.02, 30.6, 63.9, 125, 64.56, 87.89, , , , , 
1/31/2020 5:52:45 AM, 3270, 9153.75, 1638, 327.68, 222.6, 163.93, 323.87, 172.78, 245.81, 98.02, 30.6, 63.9, 125, 64.56, 87.89, , , , , 
1/31/2020 5:52:48 AM, 3270.5, 9154.5, 1638, 327.68, 222.6, 163.93, 323.87, 172.78, 245.81, 98.02, 30.6, 63.9, 125, 64.56, 87.89, , , , , 
1/31/2020 5:52:52 AM, 3270.5, 9154.5, 1638, 327.68, 222.6, 163.93, 323.87, 172.78, 245.81, 98.02, 30.6, 63.9, 125, 64.56, 87.89, , , , , 
1/31/2020 5:52:55 AM, 3270.25, 9154, 1638, 327.68, 222.6, 163.93, 323.87, 172.78, 245.81, 98.02, 30.6, 63.9, 125, 64.56, 87.89, , , , , 
1/31/2020 5:52:58 AM, 3270.25, 9154, 1638, 327.68, 222.6, 163.93, 323.87, 172.78, 245.81, 98.02, 30.6, 63.9, 125, 64.56, 87.89, , , , , 
1/31/2020 5:53:01 AM, 3270.25, 9154.5, 1638, 327.68, 222.6, 163.93, 323.87, 172.78, 245.81, 98.02, 30.6, 63.9, 125, 64.56, 87.89, , , , , 
1/31/2020 5:53:04 AM, 3270.25, 9154.5, 1638, 327.68, 222.6, 163.93, 323.87, 172.78, 245.81, 98.02, 30.6, 63.9, 125, 64.56, 87.89, , , , , 
1/31/2020 5:53:07 AM, 3270, 9153.75, 1637.9, 327.68, 222.6, 163.93, 323.87, 172.78, 245.81, 98.02, 30.6, 63.9, 125, 64.56, 87.89, , , , , 
1/31/2020 5:53:10 AM, 3270, 9153.75, 1637.9, 327.68, 222.6, 163.93, 323.87, 172.78, 245.81, 98.02, 30.6, 63.9, 125, 64.56, 87.89, , , , , 
1/31/2020 5:53:13 AM, 3270, 9154, 1638, 327.68, 222.6, 163.93, 323.87, 172.78, 245.81, 98.02, 30.6, 63.9, 125, 64.56, 87.89, , , , , 
1/31/2020 5:53:16 AM, 3270, 9154, 1638, 327.68, 222.6, 163.93, 323.87, 172.78, 245.81, 98.02, 30.6, 63.9, 125, 64.56, 87.89, , , , , 
1/31/2020 5:53:19 AM, 3270, 9153.5, 1637.8, 327.68, 222.6, 163.93, 323.87, 172.78, 245.81, 98.02, 30.6, 63.9, 125, 64.56, 87.89, , , , , 
1/31/2020 5:53:22 AM, 3270, 9153.5, 1637.8, 327.68, 222.6, 163.93, 323.87, 172.78, 245.81, 98.02, 30.6, 63.9, 125, 64.56, 87.89, , , , , 
1/31/2020 5:53:25 AM, 3270, 9153.75, 1637.8, 327.68, 222.6, 163.93, 323.87, 172.78, 245.81, 98.02, 30.6, 63.9, 125, 64.56, 87.89, , , , , 
1/31/2020 5:53:28 AM, 3270, 9153.75, 1637.8, 327.68, 222.6, 163.93, 323.87, 172.78, 245.81, 98.02, 30.6, 63.9, 125, 64.56, 87.89, , , , , 
1/31/2020 5:53:31 AM, 3270.25, 9153.25, 1637.9, 327.68, 222.6, 163.93, 323.87, 172.78, 245.81, 98.02, 30.6, 63.9, 125, 64.56, 87.89, , , , , 
1/31/2020 5:53:34 AM, 3270.25, 9153.25, 1637.9, 327.68, 222.6, 163.93, 323.87, 172.78, 245.81, 98.02, 30.6, 63.9, 125, 64.56, 87.89, , , , , 
1/31/2020 5:53:37 AM, 3270, 9153.5, 1637.9, 327.68, 222.6, 163.93, 323.87, 172.78, 245.81, 98.02, 30.6, 63.9, 125, 64.56, 87.89, , , , , 
1/31/2020 5:53:40 AM, 3270, 9153.5, 1637.9, 327.68, 222.6, 163.93, 323.87, 172.78, 245.81, 98.02, 30.6, 63.9, 125, 64.56, 87.89, , , , , 
1/31/2020 5:53:43 AM, 3270.25, 9154, 1637.9, 327.68, 222.6, 163.93, 323.87, 172.78, 245.81, 98.02, 30.6, 63.9, 125, 64.56, 87.89, , , , , 
1/31/2020 5:53:46 AM, 3270.25, 9154, 1637.9, 327.68, 222.6, 163.93, 323.87, 172.78, 245.81, 98.02, 30.6, 63.9, 125, 64.56, 87.89, , , , , 
1/31/2020 5:53:49 AM, 3270.75, 9154.75, 1638.2, 327.68, 222.6, 163.93, 323.87, 172.78, 245.81, 98.02, 30.6, 63.9, 125, 64.56, 87.89, , , , , 
1/31/2020 5:53:52 AM, 3270.75, 9154.75, 1638.2, 327.68, 222.6, 163.93, 323.87, 172.78, 245.81, 98.02, 30.6, 63.9, 125, 64.56, 87.89, , , , , 
1/31/2020 5:53:55 AM, 3270.5, 9154, 1638.2, 327.68, 222.6, 163.93, 323.87, 172.78, 245.81, 98.02, 30.6, 63.9, 125, 64.56, 87.89, , , , , 
1/31/2020 5:53:58 AM, 3270.5, 9154, 1638.2, 327.68, 222.6, 163.93, 323.87, 172.78, 245.81, 98.02, 30.6, 63.9, 125, 64.56, 87.89, , , , , 
1/31/2020 5:54:01 AM, 3270.5, 9153.5, 1638.2, 327.68, 222.6, 163.93, 323.87, 172.78, 245.81, 98.02, 30.6, 63.9, 125, 64.56, 87.89, , , , , 
1/31/2020 5:54:04 AM, 3270.5, 9153.5, 1638.2, 327.68, 222.6, 163.93, 323.87, 172.78, 245.81, 98.02, 30.6, 63.9, 125, 64.56, 87.89, , , , , 
1/31/2020 5:54:07 AM, 3270.5, 9154.25, 1638.2, 327.68, 222.6, 163.93, 323.87, 172.78, 245.81, 98.02, 30.6, 63.9, 125, 64.56, 87.89, , , , , 
1/31/2020 5:54:10 AM, 3270.5, 9154.25, 1638.2, 327.68, 222.6, 163.93, 323.87, 172.78, 245.81, 98.02, 30.6, 63.9, 125, 64.56, 87.89, , , , , 
1/31/2020 5:54:13 AM, 3270.5, 9153.75, 1638.2, 327.68, 222.6, 163.93, 323.87, 172.78, 245.81, 98.02, 30.6, 63.9, 125, 64.56, 87.89, , , , , 
1/31/2020 5:54:16 AM, 3270.5, 9153.75, 1638.2, 327.68, 222.6, 163.93, 323.87, 172.78, 245.81, 98.02, 30.6, 63.9, 125, 64.56, 87.89, , , , , 
1/31/2020 5:54:19 AM, 3270.5, 9153.5, 1638.3, 327.68, 222.6, 163.93, 323.87, 172.78, 245.81, 98.02, 30.6, 63.9, 125, 64.56, 87.89, , , , , 
1/31/2020 5:54:22 AM, 3270.5, 9153.5, 1638.3, 327.68, 222.6, 163.93, 323.87, 172.78, 245.81, 98.02, 30.6, 63.9, 125, 64.56, 87.89, , , , , 
1/31/2020 5:54:25 AM, 3270.75, 9153.75, 1638.3, 327.68, 222.6, 163.93, 323.87, 172.78, 245.81, 98.02, 30.6, 63.9, 125, 64.56, 87.89, , , , , 
1/31/2020 5:54:28 AM, 3270.75, 9153.75, 1638.3, 327.68, 222.6, 163.93, 323.87, 172.78, 245.81, 98.02, 30.6, 63.9, 125, 64.56, 87.89, , , , , 
1/31/2020 5:54:31 AM, 3270.75, 9153.75, 1638.3, 327.68, 222.6, 163.93, 323.87, 172.78, 245.81, 98.02, 30.6, 63.9, 125, 64.56, 87.89, , , , , 
1/31/2020 5:54:34 AM, 3270.75, 9153.75, 1638.3, 327.68, 222.6, 163.93, 323.87, 172.78, 245.81, 98.02, 30.6, 63.9, 125, 64.56, 87.89, , , , , 
1/31/2020 5:54:37 AM, 3270.75, 9153.75, 1638.2, 327.68, 222.6, 163.93, 323.87, 172.78, 245.81, 98.02, 30.6, 63.9, 125, 64.56, 87.89, , , , , 
1/31/2020 5:54:40 AM, 3270.75, 9153.75, 1638.2, 327.68, 222.6, 163.93, 323.87, 172.78, 245.81, 98.02, 30.6, 63.9, 125, 64.56, 87.89, , , , , 
1/31/2020 5:54:43 AM, 3270.5, 9154, 1638.2, 327.68, 222.6, 163.93, 323.87, 172.78, 245.81, 98.02, 30.6, 63.9, 125, 64.56, 87.89, , , , , 
1/31/2020 5:54:46 AM, 3270.5, 9154, 1638.2, 327.68, 222.6, 163.93, 323.87, 172.78, 245.81, 98.02, 30.6, 63.9, 125, 64.56, 87.89, , , , , 
1/31/2020 5:54:49 AM, 3270.5, 9154.25, 1638.2, 327.68, 222.6, 163.93, 323.87, 172.78, 245.81, 98.02, 30.6, 63.9, 125, 64.56, 87.89, , , , , 
1/31/2020 5:54:52 AM, 3270.5, 9154.25, 1638.2, 327.68, 222.6, 163.93, 323.87, 172.78, 245.81, 98.02, 30.6, 63.9, 125, 64.56, 87.89, , , , , 
1/31/2020 5:54:55 AM, 3270.5, 9154.5, 1638.2, 327.68, 222.6, 163.93, 323.87, 172.78, 245.81, 98.02, 30.6, 63.9, 125, 64.56, 87.89, , , , , 
1/31/2020 5:54:58 AM, 3270.5, 9154.5, 1638.2, 327.68, 222.6, 163.93, 323.87, 172.78, 245.81, 98.02, 30.6, 63.9, 125, 64.56, 87.89, , , , , 
1/31/2020 5:55:01 AM, 3270.5, 9154.75, 1638.2, 327.68, 222.6, 163.93, 323.87, 172.78, 245.81, 98.02, 30.6, 63.9, 125, 64.56, 87.89, , , , , 
1/31/2020 5:55:04 AM, 3270.75, 9154.5, 1638.2, 327.68, 222.6, 163.93, 323.87, 172.78, 245.81, 98.02, 30.6, 63.9, 125, 64.56, 87.89, , , , , 
1/31/2020 5:55:07 AM, 3270.75, 9154.5, 1638.2, 327.68, 222.6, 163.93, 323.87, 172.78, 245.81, 98.02, 30.6, 63.9, 125, 64.56, 87.89, , , , , 
1/31/2020 5:55:10 AM, 3270.75, 9154.5, 1638.2, 327.68, 222.6, 163.93, 323.87, 172.78, 245.81, 98.02, 30.6, 63.9, 125, 64.56, 87.89, , , , , 
1/31/2020 5:55:13 AM, 3271, 9155.5, 1638.3, 327.68, 222.6, 163.93, 323.87, 172.78, 245.81, 98.02, 30.6, 63.9, 125, 64.56, 87.89, , , , , 
1/31/2020 5:55:17 AM, 3271, 9155.5, 1638.3, 327.68, 222.6, 163.93, 323.87, 172.78, 245.81, 98.02, 30.6, 63.9, 125, 64.56, 87.89, , , , , 
1/31/2020 5:55:20 AM, 3271, 9155.25, 1638.4, 327.68, 222.6, 163.93, 323.87, 172.78, 245.81, 98.02, 30.6, 63.9, 125, 64.56, 87.89, , , , , 
1/31/2020 5:55:23 AM, 3270.75, 9154, 1638.3, 327.68, 222.6, 163.93, 323.87, 172.78, 245.81, 98.02, 30.6, 63.9, 125, 64.56, 87.89, , , , , 
1/31/2020 5:55:26 AM, 3270.25, 9153.25, 1638, 327.68, 222.6, 163.93, 323.87, 172.78, 245.81, 98.02, 30.6, 63.9, 125, 64.56, 87.89, , , , , 
1/31/2020 5:55:29 AM, 3270.5, 9153.75, 1638, 327.68, 222.6, 163.93, 323.87, 172.78, 245.81, 98.02, 30.6, 63.9, 125, 64.56, 87.89, , , , , 
1/31/2020 5:55:32 AM, 3271, 9155.25, 1638.3, 327.68, 222.6, 163.93, 323.87, 172.78, 245.81, 98.02, 30.6, 63.9, 125, 64.56, 87.89, , , , , 
1/31/2020 5:55:35 AM, 3271.25, 9156, 1638.3, 327.68, 222.6, 163.93, 323.87, 172.78, 245.81, 98.02, 30.6, 63.9, 125, 64.56, 87.89, , , , , 
1/31/2020 5:55:38 AM, 3271.5, 9155.75, 1638.3, 327.68, 222.6, 163.93, 323.87, 172.78, 245.81, 98.02, 30.6, 63.9, 125, 64.56, 87.89, , , , , 
1/31/2020 5:55:41 AM, 3271.25, 9156, 1638.3, 327.68, 222.6, 163.93, 323.87, 172.78, 245.81, 98.02, 30.6, 63.9, 125, 64.56, 87.89, , , , , 
1/31/2020 5:55:44 AM, 3271.75, 9156.75, 1638.8, 327.68, 222.6, 163.93, 323.87, 172.78, 245.81, 98.02, 30.6, 63.9, 125, 64.56, 87.89, , , , , 
1/31/2020 5:55:47 AM, 3271.5, 9156.25, 1638.6, 327.68, 222.6, 163.93, 323.87, 172.78, 245.81, 98.02, 30.6, 63.9, 125, 64.56, 87.89, , , , , 
1/31/2020 5:55:50 AM, 3271.5, 9156.25, 1638.6, 327.68, 222.6, 163.93, 323.87, 172.78, 245.81, 98.02, 30.6, 63.9, 125, 64.56, 87.89, , , , , 
1/31/2020 5:55:53 AM, 3271.5, 9156.5, 1638.6, 327.68, 222.6, 163.93, 323.87, 172.78, 245.81, 98.02, 30.6, 63.9, 125, 64.56, 87.89, , , , , 
1/31/2020 5:55:56 AM, 3271.5, 9156.5, 1638.6, 327.68, 222.6, 163.93, 323.87, 172.78, 245.81, 98.02, 30.6, 63.9, 125, 64.56, 87.89, , , , , 
1/31/2020 5:55:59 AM, 3271.5, 9156.5, 1638.7, 327.68, 222.6, 163.93, 323.87, 172.78, 245.81, 98.02, 30.6, 63.9, 125, 64.56, 87.89, , , , , 
1/31/2020 5:56:02 AM, 3271.5, 9156.25, 1638.7, 327.68, 222.6, 163.93, 323.87, 172.78, 245.81, 98.02, 30.6, 63.9, 125, 64.56, 87.89, , , , , 
1/31/2020 5:56:05 AM, 3271.75, 9156.5, 1638.8, 327.68, 222.6, 163.93, 323.87, 172.78, 245.81, 98.02, 30.6, 63.9, 125, 64.56, 87.89, , , , , 
1/31/2020 5:56:08 AM, 3271.5, 9156.5, 1638.8, 327.68, 222.6, 163.93, 323.87, 172.78, 245.81, 98.02, 30.6, 63.9, 125, 64.56, 87.89, , , , , 
1/31/2020 5:56:11 AM, 3271.5, 9157, 1638.8, 327.68, 222.6, 163.93, 323.87, 172.78, 245.81, 98.02, 30.6, 63.9, 125, 64.56, 87.89, , , , , 
1/31/2020 5:56:14 AM, 3271.75, 9157, 1638.8, 327.68, 222.6, 163.93, 323.87, 172.78, 245.81, 98.02, 30.6, 63.9, 125, 64.56, 87.89, , , , , 
1/31/2020 5:56:17 AM, 3271.75, 9157, 1639, 327.68, 222.6, 163.93, 323.87, 172.78, 245.81, 98.02, 30.6, 63.9, 125, 64.56, 87.89, , , , , 
1/31/2020 5:56:20 AM, 3272, 9157.25, 1638.9, 327.68, 222.6, 163.93, 323.87, 172.78, 245.81, 98.02, 30.6, 63.9, 125, 64.56, 87.89, , , , , 
1/31/2020 5:56:23 AM, 3272, 9157, 1638.9, 327.68, 222.6, 163.93, 323.87, 172.78, 245.81, 98.02, 30.6, 63.9, 125, 64.56, 87.89, , , , , 
1/31/2020 5:56:26 AM, 3271.75, 9157, 1638.9, 327.68, 222.6, 163.93, 323.87, 172.78, 245.81, 98.02, 30.6, 63.9, 125, 64.56, 87.89, , , , , 
1/31/2020 5:56:29 AM, 3272, 9157.25, 1638.9, 327.68, 222.6, 163.93, 323.87, 172.78, 245.81, 98.02, 30.6, 63.9, 125, 64.56, 87.89, , , , , 
1/31/2020 5:56:32 AM, 3271.75, 9157.25, 1638.9, 327.68, 222.6, 163.93, 323.87, 172.78, 245.81, 98.02, 30.6, 63.9, 125, 64.56, 87.89, , , , , 
1/31/2020 5:56:35 AM, 3272, 9157.25, 1638.9, 327.68, 222.6, 163.93, 323.87, 172.78, 245.81, 98.02, 30.6, 63.9, 125, 64.56, 87.89, , , , , 
1/31/2020 5:56:38 AM, 3271.75, 9157, 1638.9, 327.68, 222.6, 163.93, 323.87, 172.78, 245.81, 98.02, 30.6, 63.9, 125, 64.56, 87.89, , , , , 
1/31/2020 5:56:41 AM, 3271.75, 9157.25, 1638.8, 327.68, 222.6, 163.93, 323.87, 172.78, 245.81, 98.02, 30.6, 63.9, 125, 64.56, 87.89, , , , , 
1/31/2020 5:56:44 AM, 3271.75, 9157.25, 1638.8, 327.68, 222.6, 163.93, 323.87, 172.78, 245.81, 98.02, 30.6, 63.9, 125, 64.56, 87.89, , , , , 
1/31/2020 5:56:47 AM, 3271.75, 9157.25, 1638.8, 327.68, 222.6, 163.93, 323.87, 172.78, 245.81, 98.02, 30.6, 63.9, 125, 64.56, 87.89, , , , , 
1/31/2020 5:56:50 AM, 3272, 9158, 1638.8, 327.68, 222.6, 163.93, 323.87, 172.78, 245.81, 98.02, 30.6, 63.9, 125, 64.56, 87.89, , , , , 
1/31/2020 5:56:53 AM, 3272, 9158.5, 1639, 327.68, 222.6, 163.93, 323.87, 172.78, 245.81, 98.02, 30.6, 63.9, 125, 64.56, 87.89, , , , , 
1/31/2020 5:56:56 AM, 3272.25, 9158.75, 1639, 327.68, 222.6, 163.93, 323.87, 172.78, 245.81, 98.02, 30.6, 63.9, 125, 64.56, 87.89, , , , , 
1/31/2020 5:56:59 AM, 3272.25, 9158.75, 1639, 327.68, 222.6, 163.93, 323.87, 172.78, 245.81, 98.02, 30.6, 63.9, 125, 64.56, 87.89, , , , , 
1/31/2020 5:57:02 AM, 3272.25, 9158.5, 1639, 327.68, 222.6, 163.93, 323.87, 172.78, 245.81, 98.02, 30.6, 63.9, 125, 64.56, 87.89, , , , , 
1/31/2020 5:57:05 AM, 3272.25, 9158.5, 1639, 327.68, 222.6, 163.93, 323.87, 172.78, 245.81, 98.02, 30.6, 63.9, 125, 64.56, 87.89, , , , , 
1/31/2020 5:57:08 AM, 3271.75, 9157.75, 1638.9, 327.68, 222.6, 163.93, 323.87, 172.78, 245.81, 98.02, 30.6, 63.9, 125, 64.56, 87.89, , , , , 
1/31/2020 5:57:11 AM, 3272, 9157.75, 1638.9, 327.68, 222.6, 163.93, 323.87, 172.78, 245.81, 98.02, 30.6, 63.9, 125, 64.56, 87.89, , , , , 
1/31/2020 5:57:14 AM, 3271.75, 9157.25, 1638.9, 327.68, 222.6, 163.93, 323.87, 172.78, 245.81, 98.02, 30.6, 63.9, 125, 64.56, 87.89, , , , , 
1/31/2020 5:57:17 AM, 3272, 9157.75, 1638.9, 327.68, 222.6, 163.93, 323.87, 172.78, 245.81, 98.02, 30.6, 63.9, 125, 64.56, 87.89, , , , , 
1/31/2020 5:57:20 AM, 3271.75, 9157.25, 1638.9, 327.68, 222.6, 163.93, 323.87, 172.78, 245.81, 98.02, 30.6, 63.9, 125, 64.56, 87.89, , , , , 
1/31/2020 5:57:23 AM, 3271.75, 9157.25, 1638.9, 327.68, 222.6, 163.93, 323.87, 172.78, 245.81, 98.02, 30.6, 63.9, 125, 64.56, 87.89, , , , , 
1/31/2020 5:57:26 AM, 3271.5, 9157.75, 1638.9, 327.68, 222.6, 163.93, 323.87, 172.78, 245.81, 98.02, 30.6, 63.9, 125, 64.56, 87.89, , , , , 
1/31/2020 5:57:29 AM, 3271.5, 9157.25, 1638.9, 327.68, 222.6, 163.93, 323.87, 172.78, 245.81, 98.02, 30.6, 63.9, 125, 64.56, 87.89, , , , , 
1/31/2020 5:57:32 AM, 3271.75, 9157.25, 1638.9, 327.68, 222.6, 163.93, 323.87, 172.78, 245.81, 98.02, 30.6, 63.9, 125, 64.56, 87.89, , , , , 
1/31/2020 5:57:35 AM, 3271.75, 9157.25, 1638.9, 327.68, 222.6, 163.93, 323.87, 172.78, 245.81, 98.02, 30.6, 63.9, 125, 64.56, 87.89, , , , , 
1/31/2020 5:57:39 AM, 3271.75, 9157.25, 1638.8, 327.68, 222.6, 163.93, 323.87, 172.78, 245.81, 98.02, 30.6, 63.9, 125, 64.56, 87.89, , , , , 
1/31/2020 5:57:42 AM, 3272, 9157.25, 1638.8, 327.68, 222.6, 163.93, 323.87, 172.78, 245.81, 98.02, 30.6, 63.9, 125, 64.56, 87.89, , , , , 
1/31/2020 5:57:45 AM, 3272, 9157.5, 1638.9, 327.68, 222.6, 163.93, 323.87, 172.78, 245.81, 98.02, 30.6, 63.9, 125, 64.56, 87.89, , , , , 
1/31/2020 5:57:48 AM, 3271.75, 9157.25, 1638.9, 327.68, 222.6, 163.93, 323.87, 172.78, 245.81, 98.02, 30.6, 63.9, 125, 64.56, 87.89, , , , , 
1/31/2020 5:57:51 AM, 3271.75, 9157.25, 1638.9, 327.68, 222.6, 163.93, 323.87, 172.78, 245.81, 98.02, 30.6, 63.9, 125, 64.56, 87.89, , , , , 
1/31/2020 5:57:54 AM, 3272, 9158.25, 1639.2, 327.68, 222.6, 163.93, 323.87, 172.78, 245.81, 98.02, 30.6, 63.9, 125, 64.56, 87.89, , , , , 
1/31/2020 5:57:57 AM, 3272, 9158.25, 1639.2, 327.68, 222.6, 163.93, 323.87, 172.78, 245.81, 98.02, 30.6, 63.9, 125, 64.56, 87.89, , , , , 
1/31/2020 5:58:00 AM, 3272, 9158, 1639.2, 327.68, 222.6, 163.93, 323.87, 172.78, 245.81, 98.02, 30.6, 63.9, 125, 64.56, 87.89, , , , , 
1/31/2020 5:58:03 AM, 3272, 9157.75, 1639.1, 327.68, 222.6, 163.93, 323.87, 172.78, 245.81, 98.02, 30.6, 63.9, 125, 64.56, 87.89, , , , , 
1/31/2020 5:58:06 AM, 3272, 9157.5, 1639.1, 327.68, 222.6, 163.93, 323.87, 172.78, 245.81, 98.02, 30.6, 63.9, 125, 64.56, 87.89, , , , , 
1/31/2020 5:58:09 AM, 3271.75, 9157, 1639.1, 327.68, 222.6, 163.93, 323.87, 172.78, 245.81, 98.02, 30.6, 63.9, 125, 64.56, 87.89, , , , , 
1/31/2020 5:58:12 AM, 3272, 9157.25, 1639.1, 327.68, 222.6, 163.93, 323.87, 172.78, 245.81, 98.02, 30.6, 63.9, 125, 64.56, 87.89, , , , , 
1/31/2020 5:58:15 AM, 3271.75, 9157.25, 1639.1, 327.68, 222.6, 163.93, 323.87, 172.78, 245.81, 98.02, 30.6, 63.9, 125, 64.56, 87.89, , , , , 
1/31/2020 5:58:18 AM, 3271.75, 9156.5, 1639, 327.68, 222.6, 163.93, 323.87, 172.78, 245.81, 98.02, 30.6, 63.9, 125, 64.56, 87.89, , , , , 
1/31/2020 5:58:21 AM, 3271.75, 9157.25, 1639.1, 327.68, 222.6, 163.93, 323.87, 172.78, 245.81, 98.02, 30.6, 63.9, 125, 64.56, 87.89, , , , , 
1/31/2020 5:58:24 AM, 3272, 9157.75, 1639.1, 327.68, 222.6, 163.93, 323.87, 172.78, 245.81, 98.02, 30.6, 63.9, 125, 64.56, 87.89, , , , , 
1/31/2020 5:58:27 AM, 3272, 9157.75, 1639.2, 327.68, 222.6, 163.93, 323.87, 172.78, 245.81, 98.02, 30.6, 63.9, 125, 64.56, 87.89, , , , , 
1/31/2020 5:58:30 AM, 3272, 9157.5, 1639.2, 327.68, 222.6, 163.93, 323.87, 172.78, 245.81, 98.02, 30.6, 63.9, 125, 64.56, 87.89, , , , , 
1/31/2020 5:58:33 AM, 3272, 9157.5, 1639.2, 327.68, 222.6, 163.93, 323.87, 172.78, 245.81, 98.02, 30.6, 63.9, 125, 64.56, 87.89, , , , , 
1/31/2020 5:58:36 AM, 3271.75, 9157.5, 1639.2, 327.68, 222.6, 163.93, 323.87, 172.78, 245.81, 98.02, 30.6, 63.9, 125, 64.56, 87.89, , , , , 
1/31/2020 5:58:39 AM, 3271.75, 9157.25, 1639.2, 327.68, 222.6, 163.93, 323.87, 172.78, 245.81, 98.02, 30.6, 63.9, 125, 64.56, 87.89, , , , , 
1/31/2020 5:58:42 AM, 3271.75, 9157.5, 1639.1, 327.68, 222.6, 163.93, 323.87, 172.78, 245.81, 98.02, 30.6, 63.9, 125, 64.56, 87.89, , , , , 
1/31/2020 5:58:45 AM, 3271.75, 9157.5, 1639.1, 327.68, 222.6, 163.93, 323.87, 172.78, 245.81, 98.02, 30.6, 63.9, 125, 64.56, 87.89, , , , , 
1/31/2020 5:58:48 AM, 3271.75, 9157.25, 1639.1, 327.68, 222.6, 163.93, 323.87, 172.78, 245.81, 98.02, 30.6, 63.9, 125, 64.56, 87.89, , , , , 
1/31/2020 5:58:51 AM, 3271.75, 9157, 1639.1, 327.68, 222.6, 163.93, 323.87, 172.78, 245.81, 98.02, 30.6, 63.9, 125, 64.56, 87.89, , , , , 
1/31/2020 5:58:54 AM, 3271.5, 9156.5, 1639.1, 327.68, 222.6, 163.93, 323.87, 172.78, 245.81, 98.02, 30.6, 63.9, 125, 64.56, 87.89, , , , , 
1/31/2020 5:58:57 AM, 3271.5, 9156.5, 1639.1, 327.68, 222.6, 163.93, 323.87, 172.78, 245.81, 98.02, 30.6, 63.9, 125, 64.56, 87.89, , , , , 
1/31/2020 5:59:00 AM, 3271.5, 9157, 1639.1, 327.68, 222.6, 163.93, 323.87, 172.78, 245.81, 98.02, 30.6, 63.9, 125, 64.56, 87.89, , , , , 
1/31/2020 5:59:03 AM, 3271.75, 9157, 1639.1, 327.68, 222.6, 163.93, 323.87, 172.78, 245.81, 98.02, 30.6, 63.9, 125, 64.56, 87.89, , , , , 
1/31/2020 5:59:06 AM, 3271.75, 9156.75, 1639, 327.68, 222.6, 163.93, 323.87, 172.78, 245.81, 98.02, 30.6, 63.9, 125, 64.56, 87.89, , , , , 
1/31/2020 5:59:09 AM, 3271.75, 9157, 1639, 327.68, 222.6, 163.93, 323.87, 172.78, 245.81, 98.02, 30.6, 63.9, 125, 64.56, 87.89, , , , , 
1/31/2020 5:59:12 AM, 3271.75, 9157, 1639, 327.68, 222.6, 163.93, 323.87, 172.78, 245.81, 98.02, 30.6, 63.9, 125, 64.56, 87.89, , , , , 
1/31/2020 5:59:15 AM, 3271.75, 9157.5, 1639.1, 327.68, 222.6, 163.93, 323.87, 172.78, 245.81, 98.02, 30.6, 63.9, 125, 64.56, 87.89, , , , , 
1/31/2020 5:59:18 AM, 3271.75, 9157.5, 1639.1, 327.68, 222.6, 163.93, 323.87, 172.78, 245.81, 98.02, 30.6, 63.9, 125, 64.56, 87.89, , , , , 
1/31/2020 5:59:21 AM, 3271.75, 9157.75, 1639.1, 327.68, 222.6, 163.93, 323.87, 172.78, 245.81, 98.02, 30.6, 63.9, 125, 64.56, 87.89, , , , , 
1/31/2020 5:59:24 AM, 3271.75, 9157.5, 1639.1, 327.68, 222.6, 163.93, 323.87, 172.78, 245.81, 98.02, 30.6, 63.9, 125, 64.56, 87.89, , , , , 
1/31/2020 5:59:27 AM, 3271.75, 9158, 1639.1, 327.68, 222.6, 163.93, 323.87, 172.78, 245.81, 98.02, 30.6, 63.9, 125, 64.56, 87.89, , , , , 
1/31/2020 5:59:30 AM, 3272, 9158.75, 1639.2, 327.68, 222.6, 163.93, 323.87, 172.78, 245.81, 98.02, 30.6, 63.9, 125, 64.56, 87.89, , , , , 
1/31/2020 5:59:33 AM, 3272.5, 9159, 1639.2, 327.68, 222.6, 163.93, 323.87, 172.78, 245.81, 98.02, 30.6, 63.9, 125, 64.56, 87.89, , , , , 
1/31/2020 5:59:36 AM, 3272.5, 9159, 1639.2, 327.68, 222.6, 163.93, 323.87, 172.78, 245.81, 98.02, 30.6, 63.9, 125, 64.56, 87.89, , , , , 
1/31/2020 5:59:39 AM, 3272.5, 9158.75, 1639.2, 327.68, 222.6, 163.93, 323.87, 172.78, 245.81, 98.02, 30.6, 63.9, 125, 64.56, 87.89, , , , , 
1/31/2020 5:59:42 AM, 3272.25, 9158.25, 1639.2, 327.68, 222.6, 163.93, 323.87, 172.78, 245.81, 98.02, 30.6, 63.9, 125, 64.56, 87.89, , , , , 
1/31/2020 5:59:45 AM, 3272.25, 9158.25, 1639.2, 327.68, 222.6, 163.93, 323.87, 172.78, 245.81, 98.02, 30.6, 63.9, 125, 64.56, 87.89, , , , , 
1/31/2020 5:59:48 AM, 3272.5, 9159, 1639.3, 327.68, 222.6, 163.93, 323.87, 172.78, 245.81, 98.02, 30.6, 63.9, 125, 64.56, 87.89, , , , , 
1/31/2020 5:59:51 AM, 3272.5, 9159, 1639.3, 327.68, 222.6, 163.93, 323.87, 172.78, 245.81, 98.02, 30.6, 63.9, 125, 64.56, 87.89, , , , , 
1/31/2020 5:59:55 AM, 3272.25, 9158.75, 1639.3, 327.68, 222.6, 163.93, 323.87, 172.78, 245.81, 98.02, 30.6, 63.9, 125, 64.56, 87.89, , , , , 
1/31/2020 5:59:58 AM, 3272.25, 9158.75, 1639.3, 327.68, 222.6, 163.93, 323.87, 172.78, 245.81, 98.02, 30.6, 63.9, 125, 64.56, 87.89, , , , , 
1/31/2020 6:00:01 AM, 3272.25, 9159, 1639.2, 327.68, 222.6, 163.93, 323.87, 172.78, 245.81, 98.02, 30.6, 63.9, 125, 64.56, 87.89, , , , , 
1/31/2020 6:00:04 AM, 3272.25, 9159, 1639.2, 327.68, 222.6, 163.93, 323.87, 172.78, 245.81, 98.02, 30.6, 63.9, 125, 64.56, 87.89, , , , , 
1/31/2020 6:00:07 AM, 3272.5, 9158.75, 1639.5, 327.68, 222.6, 163.93, 323.87, 172.78, 245.81, 98.02, 30.6, 63.9, 125, 64.56, 87.89, , , , , 
1/31/2020 6:00:10 AM, 3272.5, 9158.75, 1639.5, 327.68, 222.6, 163.93, 323.87, 172.78, 245.81, 98.02, 30.6, 63.9, 125, 64.56, 87.89, , , , , 
1/31/2020 6:00:13 AM, 3272.25, 9158, 1639.2, 327.68, 222.6, 163.93, 323.87, 172.78, 245.81, 98.02, 30.6, 63.9, 125, 64.56, 87.89, , , , , 
1/31/2020 6:00:16 AM, 3272.25, 9158, 1639.2, 327.68, 222.6, 163.93, 323.87, 172.78, 245.81, 98.02, 30.6, 63.9, 125, 64.56, 87.89, , , , , 
1/31/2020 6:00:19 AM, 3272, 9157.75, 1639.2, 327.68, 222.6, 163.93, 323.87, 172.78, 245.81, 98.02, 30.6, 63.9, 125, 64.56, 87.89, , , , , 
1/31/2020 6:00:22 AM, 3272, 9157.75, 1639.2, 327.68, 222.6, 163.93, 323.87, 172.78, 245.81, 98.02, 30.6, 63.9, 125, 64.56, 87.89, , , , , 
1/31/2020 6:00:25 AM, 3272, 9157.5, 1639.2, 327.68, 222.6, 163.93, 323.87, 172.78, 245.81, 98.02, 30.6, 63.9, 125, 64.56, 87.89, , , , , 
1/31/2020 6:00:28 AM, 3272, 9157.5, 1639.2, 327.68, 222.6, 163.93, 323.87, 172.78, 245.81, 98.02, 30.6, 63.9, 125, 64.56, 87.89, , , , , 
1/31/2020 6:00:31 AM, 3271.75, 9157.25, 1639.2, 327.68, 222.6, 163.93, 323.87, 172.78, 245.81, 98.02, 30.6, 63.9, 125, 64.56, 87.89, , , , , 
1/31/2020 6:00:34 AM, 3271.75, 9157.25, 1639.2, 327.68, 222.6, 163.93, 323.87, 172.78, 245.81, 98.02, 30.6, 63.9, 125, 64.56, 87.89, , , , , 
1/31/2020 6:00:37 AM, 3271.75, 9156.5, 1639.2, 327.68, 222.6, 163.93, 323.87, 172.78, 245.81, 98.02, 30.6, 63.9, 125, 64.56, 87.89, , , , , 
1/31/2020 6:00:40 AM, 3271.75, 9156.5, 1639.2, 327.68, 222.6, 163.93, 323.87, 172.78, 245.81, 98.02, 30.6, 63.9, 125, 64.56, 87.89, , , , , 
1/31/2020 6:00:43 AM, 3271.75, 9157.25, 1639.2, 327.68, 222.6, 163.93, 323.87, 172.78, 245.81, 98.02, 30.6, 63.9, 125, 64.56, 87.89, , , , , 
1/31/2020 6:00:46 AM, 3271.75, 9157.25, 1639.2, 327.68, 222.6, 163.93, 323.87, 172.78, 245.81, 98.02, 30.6, 63.9, 125, 64.56, 87.89, , , , , 
1/31/2020 6:00:49 AM, 3271.75, 9157.5, 1639.1, 327.68, 222.6, 163.93, 323.87, 172.78, 245.81, 98.02, 30.6, 63.9, 125, 64.56, 87.89, , , , , 
1/31/2020 6:00:52 AM, 3271.75, 9157.5, 1639.1, 327.68, 222.6, 163.93, 323.87, 172.78, 245.81, 98.02, 30.6, 63.9, 125, 64.56, 87.89, , , , , 
1/31/2020 6:00:55 AM, 3271.75, 9157, 1639.1, 327.68, 222.6, 163.93, 323.87, 172.78, 245.81, 98.02, 30.6, 63.9, 125, 64.56, 87.89, , , , , 
1/31/2020 6:00:58 AM, 3271.75, 9157, 1639.1, 327.68, 222.6, 163.93, 323.87, 172.78, 245.81, 98.02, 30.6, 63.9, 125, 64.56, 87.89, , , , , 
1/31/2020 6:01:01 AM, 3271.75, 9156.5, 1639.1, 327.68, 222.6, 163.93, 323.87, 172.78, 245.81, 98.02, 30.6, 63.9, 125, 64.56, 87.89, , , , , 
1/31/2020 6:01:04 AM, 3271.75, 9156.75, 1639.1, 327.68, 222.6, 163.93, 323.87, 172.78, 245.81, 98.02, 30.6, 63.9, 125, 64.56, 87.89, , , , , 
1/31/2020 6:01:07 AM, 3271.75, 9156.5, 1639, 327.68, 222.6, 163.93, 323.87, 172.78, 245.81, 98.02, 30.6, 63.9, 125, 64.56, 87.89, , , , , 
1/31/2020 6:01:10 AM, 3271.75, 9156.25, 1639, 327.68, 222.6, 163.93, 323.87, 172.78, 245.81, 98.02, 30.6, 63.9, 125, 64.56, 87.89, , , , , 
1/31/2020 6:01:13 AM, 3271.75, 9157, 1639, 327.68, 222.6, 163.93, 323.87, 172.78, 245.81, 98.02, 30.6, 63.9, 125, 64.56, 87.89, , , , , 
1/31/2020 6:01:16 AM, 3271.75, 9157, 1639, 327.68, 222.6, 163.93, 323.87, 172.78, 245.81, 98.02, 30.6, 63.9, 125, 64.56, 87.89, , , , , 
1/31/2020 6:01:19 AM, 3272.25, 9158, 1639.2, 327.68, 222.6, 163.93, 323.87, 172.78, 245.81, 98.02, 30.6, 63.9, 125, 64.56, 87.89, , , , , 
1/31/2020 6:01:22 AM, 3272.25, 9157.75, 1639.2, 327.68, 222.6, 163.93, 323.87, 172.78, 245.81, 98.02, 30.6, 63.9, 125, 64.56, 87.89, , , , , 
1/31/2020 6:01:25 AM, 3272, 9158, 1639.2, 327.68, 222.6, 163.93, 323.87, 172.78, 245.81, 98.02, 30.6, 63.9, 125, 64.56, 87.89, , , , , 
1/31/2020 6:01:28 AM, 3272, 9158.25, 1639.2, 327.68, 222.6, 163.93, 323.87, 172.78, 245.81, 98.02, 30.6, 63.9, 125, 64.56, 87.89, , , , , 
1/31/2020 6:01:31 AM, 3272.25, 9158, 1639.4, 327.68, 222.6, 163.93, 323.87, 172.78, 245.81, 98.02, 30.6, 63.9, 125, 64.56, 87.89, , , , , 
1/31/2020 6:01:34 AM, 3272.25, 9158, 1639.4, 327.68, 222.6, 163.93, 323.87, 172.78, 245.81, 98.02, 30.6, 63.9, 125, 64.56, 87.89, , , , , 
1/31/2020 6:01:37 AM, 3272.25, 9158.25, 1639.5, 327.68, 222.6, 163.93, 323.87, 172.78, 245.81, 98.02, 30.6, 63.9, 125, 64.56, 87.89, , , , , 
1/31/2020 6:01:40 AM, 3272.25, 9158.25, 1639.5, 327.68, 222.6, 163.93, 323.87, 172.78, 245.81, 98.02, 30.6, 63.9, 125, 64.56, 87.89, , , , , 
1/31/2020 6:01:43 AM, 3272.25, 9157.5, 1639.6, 327.68, 222.6, 163.93, 323.87, 172.78, 245.81, 98.02, 30.6, 63.9, 125, 64.56, 87.89, , , , , 
1/31/2020 6:01:46 AM, 3272.25, 9157.5, 1639.6, 327.68, 222.6, 163.93, 323.87, 172.78, 245.81, 98.02, 30.6, 63.9, 125, 64.56, 87.89, , , , , 
1/31/2020 6:01:49 AM, 3272.25, 9157.5, 1639.6, 327.68, 222.6, 163.93, 323.87, 172.78, 245.81, 98.02, 30.6, 63.9, 125, 64.56, 87.89, , , , , 
1/31/2020 6:01:52 AM, 3272.25, 9157.5, 1639.6, 327.68, 222.6, 163.93, 323.87, 172.78, 245.81, 98.02, 30.6, 63.9, 125, 64.56, 87.89, , , , , 
1/31/2020 6:01:55 AM, 3272.25, 9157.75, 1639.6, 327.68, 222.6, 163.93, 323.87, 172.78, 245.81, 98.02, 30.6, 63.9, 125, 64.56, 87.89, , , , , 
1/31/2020 6:01:58 AM, 3272.25, 9157.75, 1639.6, 327.68, 222.6, 163.93, 323.87, 172.78, 245.81, 98.02, 30.6, 63.9, 125, 64.56, 87.89, , , , , 
1/31/2020 6:02:01 AM, 3272.25, 9157.25, 1639.6, 327.68, 222.6, 163.93, 323.87, 172.78, 245.81, 98.02, 30.6, 63.9, 125, 64.56, 87.89, , , , , 
1/31/2020 6:02:04 AM, 3272.25, 9157.25, 1639.6, 327.68, 222.6, 163.93, 323.87, 172.78, 245.81, 98.02, 30.6, 63.9, 125, 64.56, 87.89, , , , , 
1/31/2020 6:02:07 AM, 3272.25, 9157.25, 1639.6, 327.68, 222.6, 163.93, 323.87, 172.78, 245.81, 98.02, 30.6, 63.9, 125, 64.56, 87.89, , , , , 
1/31/2020 6:02:10 AM, 3272.25, 9157.25, 1639.6, 327.68, 222.6, 163.93, 323.87, 172.78, 245.81, 98.02, 30.6, 63.9, 125, 64.56, 87.89, , , , , 
1/31/2020 6:02:13 AM, 3272.25, 9158.25, 1639.8, 327.68, 222.6, 163.93, 323.87, 172.78, 245.81, 98.02, 30.6, 63.9, 125, 64.56, 87.89, , , , , 
1/31/2020 6:02:16 AM, 3272.25, 9158.25, 1639.8, 327.68, 222.6, 163.93, 323.87, 172.78, 245.81, 98.02, 30.6, 63.9, 125, 64.56, 87.89, , , , , 
1/31/2020 6:02:19 AM, 3272.5, 9158.25, 1640, 327.68, 222.6, 163.93, 323.87, 172.78, 245.81, 98.02, 30.6, 63.9, 125, 64.56, 87.89, , , , , 
1/31/2020 6:02:22 AM, 3272.5, 9158.25, 1640, 327.68, 222.6, 163.93, 323.87, 172.78, 245.81, 98.02, 30.6, 63.9, 125, 64.56, 87.89, , , , , 
1/31/2020 6:02:26 AM, 3272.5, 9159.25, 1640.2, 327.68, 222.6, 163.93, 323.87, 172.78, 245.81, 98.02, 30.6, 63.9, 125, 64.56, 87.89, , , , , 
1/31/2020 6:02:29 AM, 3272.5, 9159.75, 1640.1, 327.68, 222.6, 163.93, 323.87, 172.78, 245.81, 98.02, 30.6, 63.9, 125, 64.56, 87.89, , , , , 
1/31/2020 6:02:32 AM, 3272.5, 9159.75, 1640.1, 327.68, 222.6, 163.93, 323.87, 172.78, 245.81, 98.02, 30.6, 63.9, 125, 64.56, 87.89, , , , , 
1/31/2020 6:02:35 AM, 3273.25, 9161, 1640.4, 327.68, 222.6, 163.93, 323.87, 172.78, 245.81, 98.02, 30.6, 63.9, 125, 64.56, 87.89, , , , , 
1/31/2020 6:02:38 AM, 3273.25, 9160.75, 1640.4, 327.68, 222.6, 163.93, 323.87, 172.78, 245.81, 98.02, 30.6, 63.9, 125, 64.56, 87.89, , , , , 
1/31/2020 6:02:41 AM, 3273.25, 9162.25, 1640.5, 327.68, 222.6, 163.93, 323.87, 172.78, 245.81, 98.02, 30.6, 63.9, 125, 64.56, 87.89, , , , , 
1/31/2020 6:02:44 AM, 3273.25, 9162.5, 1640.5, 327.68, 222.6, 163.93, 323.87, 172.78, 245.81, 98.02, 30.6, 63.9, 125, 64.56, 87.89, , , , , 
1/31/2020 6:02:47 AM, 3273.5, 9162.75, 1640.5, 327.68, 222.6, 163.93, 323.87, 172.78, 245.81, 98.02, 30.6, 63.9, 125, 64.56, 87.89, , , , , 
1/31/2020 6:02:50 AM, 3273.5, 9162.75, 1640.5, 327.68, 222.6, 163.93, 323.87, 172.78, 245.81, 98.02, 30.6, 63.9, 125, 64.56, 87.89, , , , , 
1/31/2020 6:02:53 AM, 3273.75, 9163, 1640.8, 327.68, 222.6, 163.93, 323.87, 172.78, 245.81, 98.02, 30.6, 63.9, 125, 64.56, 87.89, , , , , 
1/31/2020 6:02:56 AM, 3273.75, 9163, 1640.8, 327.68, 222.6, 163.93, 323.87, 172.78, 245.81, 98.02, 30.6, 63.9, 125, 64.56, 87.89, , , , , 
1/31/2020 6:02:59 AM, 3273.75, 9163.5, 1640.8, 327.68, 222.6, 163.93, 323.87, 172.78, 245.81, 98.02, 30.6, 63.9, 125, 64.56, 87.89, , , , , 
1/31/2020 6:03:02 AM, 3273.75, 9163, 1640.9, 327.68, 222.6, 163.93, 323.87, 172.78, 245.81, 98.02, 30.6, 63.9, 125, 64.56, 87.89, , , , , 
1/31/2020 6:03:05 AM, 3273.5, 9162.5, 1640.8, 327.68, 222.6, 163.93, 323.87, 172.78, 245.81, 98.02, 30.6, 63.9, 125, 64.56, 87.89, , , , , 
1/31/2020 6:03:08 AM, 3273.75, 9162.75, 1640.9, 327.68, 222.6, 163.93, 323.87, 172.78, 245.81, 98.02, 30.6, 63.9, 125, 64.56, 87.89, , , , , 
1/31/2020 6:03:11 AM, 3273.5, 9162.75, 1640.9, 327.68, 222.6, 163.93, 323.87, 172.78, 245.81, 98.02, 30.6, 63.9, 125, 64.56, 87.89, , , , , 
1/31/2020 6:03:14 AM, 3273.5, 9163, 1641, 327.68, 222.6, 163.93, 323.87, 172.78, 245.81, 98.02, 30.6, 63.9, 125, 64.56, 87.89, , , , , 
1/31/2020 6:03:17 AM, 3273.5, 9162.5, 1640.8, 327.68, 222.6, 163.93, 323.87, 172.78, 245.81, 98.02, 30.6, 63.9, 125, 64.56, 87.89, , , , , 
1/31/2020 6:03:20 AM, 3273.5, 9162.5, 1640.9, 327.68, 222.6, 163.93, 323.87, 172.78, 245.81, 98.02, 30.6, 63.9, 125, 64.56, 87.89, , , , , 
1/31/2020 6:03:23 AM, 3273.5, 9162.25, 1640.8, 327.68, 222.6, 163.93, 323.87, 172.78, 245.81, 98.02, 30.6, 63.9, 125, 64.56, 87.89, , , , , 
1/31/2020 6:03:26 AM, 3273.5, 9162.5, 1640.8, 327.68, 222.6, 163.93, 323.87, 172.78, 245.81, 98.02, 30.6, 63.9, 125, 64.56, 87.89, , , , , 
1/31/2020 6:03:29 AM, 3273.5, 9162.75, 1640.8, 327.68, 222.6, 163.93, 323.87, 172.78, 245.81, 98.02, 30.6, 63.9, 125, 64.56, 87.89, , , , , 
1/31/2020 6:03:32 AM, 3273.5, 9163, 1640.8, 327.68, 222.6, 163.93, 323.87, 172.78, 245.81, 98.02, 30.6, 63.9, 125, 64.56, 87.89, , , , , 
1/31/2020 6:03:35 AM, 3273.5, 9163.25, 1640.9, 327.68, 222.6, 163.93, 323.87, 172.78, 245.81, 98.02, 30.6, 63.9, 125, 64.56, 87.89, , , , , 
1/31/2020 6:03:38 AM, 3273.5, 9163.5, 1640.9, 327.68, 222.6, 163.93, 323.87, 172.78, 245.81, 98.02, 30.6, 63.9, 125, 64.56, 87.89, , , , , 
1/31/2020 6:03:41 AM, 3273.75, 9163.5, 1640.9, 327.68, 222.6, 163.93, 323.87, 172.78, 245.81, 98.02, 30.6, 63.9, 125, 64.56, 87.89, , , , , 
1/31/2020 6:03:44 AM, 3273.75, 9163, 1640.9, 327.68, 222.6, 163.93, 323.87, 172.78, 245.81, 98.02, 30.6, 63.9, 125, 64.56, 87.89, , , , , 
1/31/2020 6:03:47 AM, 3273.5, 9163.75, 1640.9, 327.68, 222.6, 163.93, 323.87, 172.78, 245.81, 98.02, 30.6, 63.9, 125, 64.56, 87.89, , , , , 
1/31/2020 6:03:50 AM, 3273.75, 9164, 1640.9, 327.68, 222.6, 163.93, 323.87, 172.78, 245.81, 98.02, 30.6, 63.9, 125, 64.56, 87.89, , , , , 
1/31/2020 6:03:53 AM, 3273.5, 9163.75, 1640.9, 327.68, 222.6, 163.93, 323.87, 172.78, 245.81, 98.02, 30.6, 63.9, 125, 64.56, 87.89, , , , , 
1/31/2020 6:03:56 AM, 3274, 9163.75, 1640.9, 327.68, 222.6, 163.93, 323.87, 172.78, 245.81, 98.02, 30.6, 63.9, 125, 64.56, 87.89, , , , , 
1/31/2020 6:03:59 AM, 3273.75, 9163.25, 1641, 327.68, 222.6, 163.93, 323.87, 172.78, 245.81, 98.02, 30.6, 63.9, 125, 64.56, 87.89, , , , , 
1/31/2020 6:04:02 AM, 3273.75, 9163.5, 1640.8, 327.68, 222.6, 163.93, 323.87, 172.78, 245.81, 98.02, 30.6, 63.9, 125, 64.56, 87.89, , , , , 
1/31/2020 6:04:05 AM, 3273.75, 9162.75, 1640.8, 327.68, 222.6, 163.93, 323.87, 172.78, 245.81, 98.02, 30.6, 63.9, 125, 64.56, 87.89, , , , , 
1/31/2020 6:04:08 AM, 3274, 9165, 1641, 327.68, 222.6, 163.93, 323.87, 172.78, 245.81, 98.02, 30.6, 63.9, 125, 64.56, 87.89, , , , , 
1/31/2020 6:04:11 AM, 3274, 9165.25, 1641, 327.68, 222.6, 163.93, 323.87, 172.78, 245.81, 98.02, 30.6, 63.9, 125, 64.56, 87.89, , , , , 
1/31/2020 6:04:14 AM, 3274.25, 9165.75, 1641, 327.68, 222.6, 163.93, 323.87, 172.78, 245.81, 98.02, 30.6, 63.9, 125, 64.56, 87.89, , , , , 
1/31/2020 6:04:17 AM, 3274.25, 9165.75, 1641.1, 327.68, 222.6, 163.93, 323.87, 172.78, 245.81, 98.02, 30.6, 63.9, 125, 64.56, 87.89, , , , , 
1/31/2020 6:04:20 AM, 3274.25, 9165.75, 1641.5, 327.68, 222.6, 163.93, 323.87, 172.78, 245.81, 98.02, 30.6, 63.9, 125, 64.56, 87.89, , , , , 
1/31/2020 6:04:23 AM, 3274.25, 9165, 1641.5, 327.68, 222.6, 163.93, 323.87, 172.78, 245.81, 98.02, 30.6, 63.9, 125, 64.56, 87.89, , , , , 
1/31/2020 6:04:26 AM, 3274.25, 9165, 1641.5, 327.68, 222.6, 163.93, 323.87, 172.78, 245.81, 98.02, 30.6, 63.9, 125, 64.56, 87.89, , , , , 
1/31/2020 6:04:29 AM, 3274.25, 9165.75, 1641.5, 327.68, 222.6, 163.93, 323.87, 172.78, 245.81, 98.02, 30.6, 63.9, 125, 64.56, 87.89, , , , , 
1/31/2020 6:04:32 AM, 3274.5, 9166, 1641.6, 327.68, 222.6, 163.93, 323.87, 172.78, 245.81, 98.02, 30.6, 63.9, 125, 64.56, 87.89, , , , , 
1/31/2020 6:04:35 AM, 3274.5, 9166, 1641.7, 327.68, 222.6, 163.93, 323.87, 172.78, 245.81, 98.02, 30.6, 63.9, 125, 64.56, 87.89, , , , , 
1/31/2020 6:04:38 AM, 3274.5, 9166.25, 1641.8, 327.68, 222.6, 163.93, 323.87, 172.78, 245.81, 98.02, 30.6, 63.9, 125, 64.56, 87.89, , , , , 
1/31/2020 6:04:41 AM, 3274.75, 9166.25, 1641.7, 327.68, 222.6, 163.93, 323.87, 172.78, 245.81, 98.02, 30.6, 63.9, 125, 64.56, 87.89, , , , , 
1/31/2020 6:04:44 AM, 3274.75, 9166, 1641.8, 327.68, 222.6, 163.93, 323.87, 172.78, 245.81, 98.02, 30.6, 63.9, 125, 64.56, 87.89, , , , , 
1/31/2020 6:04:47 AM, 3274.75, 9166, 1641.8, 327.68, 222.6, 163.93, 323.87, 172.78, 245.81, 98.02, 30.6, 63.9, 125, 64.56, 87.89, , , , , 
1/31/2020 6:04:50 AM, 3275, 9168, 1642.1, 327.68, 222.6, 163.93, 323.87, 172.78, 245.81, 98.02, 30.6, 63.9, 125, 64.56, 87.89, , , , , 
1/31/2020 6:04:53 AM, 3275.5, 9169.25, 1642.1, 327.68, 222.6, 163.93, 323.87, 172.78, 245.81, 98.02, 30.6, 63.9, 125, 64.56, 87.89, , , , , 
1/31/2020 6:04:56 AM, 3275.5, 9169.25, 1642.2, 327.68, 222.6, 163.93, 323.87, 172.78, 245.81, 98.02, 30.6, 63.9, 125, 64.56, 87.89, , , , , 
1/31/2020 6:04:59 AM, 3275.75, 9170, 1642.2, 327.68, 222.6, 163.93, 323.87, 172.78, 245.81, 98.02, 30.6, 63.9, 125, 64.56, 87.89, , , , , 
1/31/2020 6:05:03 AM, 3275.5, 9169.25, 1642.1, 327.68, 222.6, 163.93, 323.87, 172.78, 245.81, 98.02, 30.6, 63.9, 125, 64.56, 87.89, , , , , 
1/31/2020 6:05:06 AM, 3275.5, 9169.5, 1642.3, 327.68, 222.6, 163.93, 323.87, 172.78, 245.81, 98.02, 30.6, 63.9, 125, 64.56, 87.89, , , , , 
1/31/2020 6:05:09 AM, 3275.5, 9169, 1642.1, 327.68, 222.6, 163.93, 323.87, 172.78, 245.81, 98.02, 30.6, 63.9, 125, 64.56, 87.89, , , , , 
1/31/2020 6:05:12 AM, 3275.25, 9167.75, 1642, 327.68, 222.6, 163.93, 323.87, 172.78, 245.81, 98.02, 30.6, 63.9, 125, 64.56, 87.89, , , , , 
1/31/2020 6:05:15 AM, 3275, 9167, 1641.9, 327.68, 222.6, 163.93, 323.87, 172.78, 245.81, 98.02, 30.6, 63.9, 125, 64.56, 87.89, , , , , 
1/31/2020 6:05:18 AM, 3275, 9166.75, 1641.9, 327.68, 222.6, 163.93, 323.87, 172.78, 245.81, 98.02, 30.6, 63.9, 125, 64.56, 87.89, , , , , 
1/31/2020 6:05:21 AM, 3275, 9167.5, 1641.8, 327.68, 222.6, 163.93, 323.87, 172.78, 245.81, 98.02, 30.6, 63.9, 125, 64.56, 87.89, , , , , 
1/31/2020 6:05:24 AM, 3275, 9167.5, 1641.8, 327.68, 222.6, 163.93, 323.87, 172.78, 245.81, 98.02, 30.6, 63.9, 125, 64.56, 87.89, , , , , 
1/31/2020 6:05:27 AM, 3275.25, 9168, 1641.8, 327.68, 222.6, 163.93, 323.87, 172.78, 245.81, 98.02, 30.6, 63.9, 125, 64.56, 87.89, , , , , 
1/31/2020 6:05:30 AM, 3275.25, 9167.75, 1641.8, 327.68, 222.6, 163.93, 323.87, 172.78, 245.81, 98.02, 30.6, 63.9, 125, 64.56, 87.89, , , , , 
1/31/2020 6:05:33 AM, 3275.25, 9168, 1642, 327.68, 222.6, 163.93, 323.87, 172.78, 245.81, 98.02, 30.6, 63.9, 125, 64.56, 87.89, , , , , 
1/31/2020 6:05:36 AM, 3275.25, 9167.75, 1642, 327.68, 222.6, 163.93, 323.87, 172.78, 245.81, 98.02, 30.6, 63.9, 125, 64.56, 87.89, , , , , 
1/31/2020 6:05:39 AM, 3275.25, 9168.25, 1642, 327.68, 222.6, 163.93, 323.87, 172.78, 245.81, 98.02, 30.6, 63.9, 125, 64.56, 87.89, , , , , 
1/31/2020 6:05:42 AM, 3275, 9167.75, 1641.9, 327.68, 222.6, 163.93, 323.87, 172.78, 245.81, 98.02, 30.6, 63.9, 125, 64.56, 87.89, , , , , 
1/31/2020 6:05:45 AM, 3274.75, 9166.5, 1641.8, 327.68, 222.6, 163.93, 323.87, 172.78, 245.81, 98.02, 30.6, 63.9, 125, 64.56, 87.89, , , , , 
1/31/2020 6:05:48 AM, 3274.5, 9166, 1641.7, 327.68, 222.6, 163.93, 323.87, 172.78, 245.81, 98.02, 30.6, 63.9, 125, 64.56, 87.89, , , , , 
1/31/2020 6:05:51 AM, 3274.5, 9165.5, 1641.8, 327.68, 222.6, 163.93, 323.87, 172.78, 245.81, 98.02, 30.6, 63.9, 125, 64.56, 87.89, , , , , 
1/31/2020 6:05:54 AM, 3274.25, 9165.25, 1641.6, 327.68, 222.6, 163.93, 323.87, 172.78, 245.81, 98.02, 30.6, 63.9, 125, 64.56, 87.89, , , , , 
1/31/2020 6:05:57 AM, 3274.25, 9165.75, 1641.7, 327.68, 222.6, 163.93, 323.87, 172.78, 245.81, 98.02, 30.6, 63.9, 125, 64.56, 87.89, , , , , 
1/31/2020 6:06:00 AM, 3274.25, 9165, 1641.7, 327.68, 222.6, 163.93, 323.87, 172.78, 245.81, 98.02, 30.6, 63.9, 125, 64.56, 87.89, , , , , 
1/31/2020 6:06:03 AM, 3274.25, 9165.25, 1641.7, 327.68, 222.6, 163.93, 323.87, 172.78, 245.81, 98.02, 30.6, 63.9, 125, 64.56, 87.89, , , , , 
1/31/2020 6:06:06 AM, 3274.25, 9165.25, 1641.7, 327.68, 222.6, 163.93, 323.87, 172.78, 245.81, 98.02, 30.6, 63.9, 125, 64.56, 87.89, , , , , 
1/31/2020 6:06:09 AM, 3274.25, 9165.5, 1641.7, 327.68, 222.6, 163.93, 323.87, 172.78, 245.81, 98.02, 30.6, 63.9, 125, 64.56, 87.89, , , , , 
1/31/2020 6:06:12 AM, 3274, 9165, 1641.7, 327.68, 222.6, 163.93, 323.87, 172.78, 245.81, 98.02, 30.6, 63.9, 125, 64.56, 87.89, , , , , 
1/31/2020 6:06:15 AM, 3274, 9166, 1641.7, 327.68, 222.6, 163.93, 323.87, 172.78, 245.81, 98.02, 30.6, 63.9, 125, 64.56, 87.89, , , , , 
1/31/2020 6:06:18 AM, 3274.25, 9166, 1641.7, 327.68, 222.6, 163.93, 323.87, 172.78, 245.81, 98.02, 30.6, 63.9, 125, 64.56, 87.89, , , , , 
1/31/2020 6:06:21 AM, 3274.25, 9166, 1641.7, 327.68, 222.6, 163.93, 323.87, 172.78, 245.81, 98.02, 30.6, 63.9, 125, 64.56, 87.89, , , , , 
1/31/2020 6:06:24 AM, 3274.25, 9166, 1641.7, 327.68, 222.6, 163.93, 323.87, 172.78, 245.81, 98.02, 30.6, 63.9, 125, 64.56, 87.89, , , , , 
1/31/2020 6:06:27 AM, 3274.25, 9166, 1641.7, 327.68, 222.6, 163.93, 323.87, 172.78, 245.81, 98.02, 30.6, 63.9, 125, 64.56, 87.89, , , , , 
1/31/2020 6:06:30 AM, 3274.25, 9165.5, 1641.6, 327.68, 222.6, 163.93, 323.87, 172.78, 245.81, 98.02, 30.6, 63.9, 125, 64.56, 87.89, , , , , 
1/31/2020 6:06:33 AM, 3274, 9165.5, 1641.8, 327.68, 222.6, 163.93, 323.87, 172.78, 245.81, 98.02, 30.6, 63.9, 125, 64.56, 87.89, , , , , 
1/31/2020 6:06:36 AM, 3274, 9165.25, 1641.8, 327.68, 222.6, 163.93, 323.87, 172.78, 245.81, 98.02, 30.6, 63.9, 125, 64.56, 87.89, , , , , 
1/31/2020 6:06:39 AM, 3273.75, 9165.5, 1641.9, 327.68, 222.6, 163.93, 323.87, 172.78, 245.81, 98.02, 30.6, 63.9, 125, 64.56, 87.89, , , , , 
1/31/2020 6:06:42 AM, 3274, 9165.5, 1641.9, 327.68, 222.6, 163.93, 323.87, 172.78, 245.81, 98.02, 30.6, 63.9, 125, 64.56, 87.89, , , , , 
1/31/2020 6:06:45 AM, 3274, 9166.75, 1642, 327.68, 222.6, 163.93, 323.87, 172.78, 245.81, 98.02, 30.6, 63.9, 125, 64.56, 87.89, , , , , 
1/31/2020 6:06:48 AM, 3274.25, 9167, 1642, 327.68, 222.6, 163.93, 323.87, 172.78, 245.81, 98.02, 30.6, 63.9, 125, 64.56, 87.89, , , , , 
1/31/2020 6:06:51 AM, 3274.25, 9166.75, 1642, 327.68, 222.6, 163.93, 323.87, 172.78, 245.81, 98.02, 30.6, 63.9, 125, 64.56, 87.89, , , , , 
1/31/2020 6:06:54 AM, 3274.25, 9167, 1642, 327.68, 222.6, 163.93, 323.87, 172.78, 245.81, 98.02, 30.6, 63.9, 125, 64.56, 87.89, , , , , 
1/31/2020 6:06:57 AM, 3274.25, 9167.25, 1642, 327.68, 222.6, 163.93, 323.87, 172.78, 245.81, 98.02, 30.6, 63.9, 125, 64.56, 87.89, , , , , 
1/31/2020 6:07:00 AM, 3274.5, 9168, 1642, 327.68, 222.6, 163.93, 323.87, 172.78, 245.81, 98.02, 30.6, 63.9, 125, 64.56, 87.89, , , , , 
1/31/2020 6:07:03 AM, 3274.75, 9168.5, 1642.2, 327.68, 222.6, 163.93, 323.87, 172.78, 245.81, 98.02, 30.6, 63.9, 125, 64.56, 87.89, , , , , 
1/31/2020 6:07:06 AM, 3274.75, 9168.75, 1642.2, 327.68, 222.6, 163.93, 323.87, 172.78, 245.81, 98.02, 30.6, 63.9, 125, 64.56, 87.89, , , , , 
1/31/2020 6:07:09 AM, 3274.25, 9168, 1642.2, 327.68, 222.6, 163.93, 323.87, 172.78, 245.81, 98.02, 30.6, 63.9, 125, 64.56, 87.89, , , , , 
1/31/2020 6:07:12 AM, 3274.25, 9168, 1642.1, 327.68, 222.6, 163.93, 323.87, 172.78, 245.81, 98.02, 30.6, 63.9, 125, 64.56, 87.89, , , , , 
1/31/2020 6:07:15 AM, 3274.25, 9166.75, 1642, 327.68, 222.6, 163.93, 323.87, 172.78, 245.81, 98.02, 30.6, 63.9, 125, 64.56, 87.89, , , , , 
1/31/2020 6:07:18 AM, 3274.25, 9167.25, 1642, 327.68, 222.6, 163.93, 323.87, 172.78, 245.81, 98.02, 30.6, 63.9, 125, 64.56, 87.89, , , , , 
1/31/2020 6:07:21 AM, 3274.25, 9167, 1642, 327.68, 222.6, 163.93, 323.87, 172.78, 245.81, 98.02, 30.6, 63.9, 125, 64.56, 87.89, , , , , 
1/31/2020 6:07:24 AM, 3274.25, 9167, 1642, 327.68, 222.6, 163.93, 323.87, 172.78, 245.81, 98.02, 30.6, 63.9, 125, 64.56, 87.89, , , , , 
1/31/2020 6:07:27 AM, 3274.25, 9167, 1642, 327.68, 222.6, 163.93, 323.87, 172.78, 245.81, 98.02, 30.6, 63.9, 125, 64.56, 87.89, , , , , 
1/31/2020 6:07:30 AM, 3274, 9167, 1642, 327.68, 222.6, 163.93, 323.87, 172.78, 245.81, 98.02, 30.6, 63.9, 125, 64.56, 87.89, , , , , 
1/31/2020 6:07:33 AM, 3274.25, 9167, 1642.2, 327.68, 222.6, 163.93, 323.87, 172.78, 245.81, 98.02, 30.6, 63.9, 125, 64.56, 87.89, , , , , 
1/31/2020 6:07:36 AM, 3274.25, 9167, 1642.3, 327.68, 222.6, 163.93, 323.87, 172.78, 245.81, 98.02, 30.6, 63.9, 125, 64.56, 87.89, , , , , 
1/31/2020 6:07:39 AM, 3274.25, 9166.75, 1642.2, 327.68, 222.6, 163.93, 323.87, 172.78, 245.81, 98.02, 30.6, 63.9, 125, 64.56, 87.89, , , , , 
1/31/2020 6:07:43 AM, 3274.25, 9167, 1642.2, 327.68, 222.6, 163.93, 323.87, 172.78, 245.81, 98.02, 30.6, 63.9, 125, 64.56, 87.89, , , , , 
1/31/2020 6:07:46 AM, 3274, 9166.75, 1642.3, 327.68, 222.6, 163.93, 323.87, 172.78, 245.81, 98.02, 30.6, 63.9, 125, 64.56, 87.89, , , , , 
1/31/2020 6:07:49 AM, 3274, 9167.25, 1642.3, 327.68, 222.6, 163.93, 323.87, 172.78, 245.81, 98.02, 30.6, 63.9, 125, 64.56, 87.89, , , , , 
1/31/2020 6:07:52 AM, 3274, 9167, 1642.3, 327.68, 222.6, 163.93, 323.87, 172.78, 245.81, 98.02, 30.6, 63.9, 125, 64.56, 87.89, , , , , 
1/31/2020 6:07:55 AM, 3274, 9167, 1642.3, 327.68, 222.6, 163.93, 323.87, 172.78, 245.81, 98.02, 30.6, 63.9, 125, 64.56, 87.89, , , , , 
1/31/2020 6:07:58 AM, 3274, 9167, 1642.3, 327.68, 222.6, 163.93, 323.87, 172.78, 245.81, 98.02, 30.6, 63.9, 125, 64.56, 87.89, , , , , 
1/31/2020 6:08:01 AM, 3274, 9166.5, 1642.3, 327.68, 222.6, 163.93, 323.87, 172.78, 245.81, 98.02, 30.6, 63.9, 125, 64.56, 87.89, , , , , 
1/31/2020 6:08:04 AM, 3274, 9167, 1642.3, 327.68, 222.6, 163.93, 323.87, 172.78, 245.81, 98.02, 30.6, 63.9, 125, 64.56, 87.89, , , , , 
1/31/2020 6:08:07 AM, 3274, 9167, 1642.2, 327.68, 222.6, 163.93, 323.87, 172.78, 245.81, 98.02, 30.6, 63.9, 125, 64.56, 87.89, , , , , 
1/31/2020 6:08:10 AM, 3274.25, 9167, 1642.3, 327.68, 222.6, 163.93, 323.87, 172.78, 245.81, 98.02, 30.6, 63.9, 125, 64.56, 87.89, , , , , 
1/31/2020 6:08:13 AM, 3274.25, 9166.75, 1642.1, 327.68, 222.6, 163.93, 323.87, 172.78, 245.81, 98.02, 30.6, 63.9, 125, 64.56, 87.89, , , , , 
1/31/2020 6:08:16 AM, 3274, 9166.75, 1642.2, 327.68, 222.6, 163.93, 323.87, 172.78, 245.81, 98.02, 30.6, 63.9, 125, 64.56, 87.89, , , , , 
1/31/2020 6:08:19 AM, 3274, 9166.25, 1642.1, 327.68, 222.6, 163.93, 323.87, 172.78, 245.81, 98.02, 30.6, 63.9, 125, 64.56, 87.89, , , , , 
1/31/2020 6:08:22 AM, 3273.75, 9166, 1642, 327.68, 222.6, 163.93, 323.87, 172.78, 245.81, 98.02, 30.6, 63.9, 125, 64.56, 87.89, , , , , 
1/31/2020 6:08:25 AM, 3274, 9166, 1642, 327.68, 222.6, 163.93, 323.87, 172.78, 245.81, 98.02, 30.6, 63.9, 125, 64.56, 87.89, , , , , 
1/31/2020 6:08:28 AM, 3274.25, 9167, 1642.2, 327.68, 222.6, 163.93, 323.87, 172.78, 245.81, 98.02, 30.6, 63.9, 125, 64.56, 87.89, , , , , 
1/31/2020 6:08:31 AM, 3274.25, 9167.75, 1642.3, 327.68, 222.6, 163.93, 323.87, 172.78, 245.81, 98.02, 30.6, 63.9, 125, 64.56, 87.89, , , , , 
1/31/2020 6:08:34 AM, 3274.5, 9167.75, 1642.3, 327.68, 222.6, 163.93, 323.87, 172.78, 245.81, 98.02, 30.6, 63.9, 125, 64.56, 87.89, , , , , 
1/31/2020 6:08:37 AM, 3274.5, 9168, 1642.3, 327.68, 222.6, 163.93, 323.87, 172.78, 245.81, 98.02, 30.6, 63.9, 125, 64.56, 87.89, , , , , 
1/31/2020 6:08:40 AM, 3274.5, 9167.5, 1642.3, 327.68, 222.6, 163.93, 323.87, 172.78, 245.81, 98.02, 30.6, 63.9, 125, 64.56, 87.89, , , , , 
1/31/2020 6:08:43 AM, 3274.5, 9167.5, 1642.2, 327.68, 222.6, 163.93, 323.87, 172.78, 245.81, 98.02, 30.6, 63.9, 125, 64.56, 87.89, , , , , 
1/31/2020 6:08:46 AM, 3274.5, 9167.5, 1642.2, 327.68, 222.6, 163.93, 323.87, 172.78, 245.81, 98.02, 30.6, 63.9, 125, 64.56, 87.89, , , , , 
1/31/2020 6:08:49 AM, 3274.5, 9167.5, 1642.2, 327.68, 222.6, 163.93, 323.87, 172.78, 245.81, 98.02, 30.6, 63.9, 125, 64.56, 87.89, , , , , 
1/31/2020 6:08:52 AM, 3274.5, 9167.5, 1642.2, 327.68, 222.6, 163.93, 323.87, 172.78, 245.81, 98.02, 30.6, 63.9, 125, 64.56, 87.89, , , , , 
1/31/2020 6:08:55 AM, 3274.5, 9168, 1642.2, 327.68, 222.6, 163.93, 323.87, 172.78, 245.81, 98.02, 30.6, 63.9, 125, 64.56, 87.89, , , , , 
1/31/2020 6:08:58 AM, 3274.25, 9168, 1642.3, 327.68, 222.6, 163.93, 323.87, 172.78, 245.81, 98.02, 30.6, 63.9, 125, 64.56, 87.89, , , , , 
1/31/2020 6:09:01 AM, 3274.25, 9167, 1642.2, 327.68, 222.6, 163.93, 323.87, 172.78, 245.81, 98.02, 30.6, 63.9, 125, 64.56, 87.89, , , , , 
1/31/2020 6:09:04 AM, 3274.25, 9166.75, 1642.2, 327.68, 222.6, 163.93, 323.87, 172.78, 245.81, 98.02, 30.6, 63.9, 125, 64.56, 87.89, , , , , 
1/31/2020 6:09:07 AM, 3274.25, 9167.5, 1642.3, 327.68, 222.6, 163.93, 323.87, 172.78, 245.81, 98.02, 30.6, 63.9, 125, 64.56, 87.89, , , , , 
1/31/2020 6:09:10 AM, 3274.5, 9168, 1642.5, 327.68, 222.6, 163.93, 323.87, 172.78, 245.81, 98.02, 30.6, 63.9, 125, 64.56, 87.89, , , , , 
1/31/2020 6:09:13 AM, 3274.5, 9168, 1642.5, 327.68, 222.6, 163.93, 323.87, 172.78, 245.81, 98.02, 30.6, 63.9, 125, 64.56, 87.89, , , , , 
1/31/2020 6:09:16 AM, 3274.5, 9167.5, 1642.4, 327.68, 222.6, 163.93, 323.87, 172.78, 245.81, 98.02, 30.6, 63.9, 125, 64.56, 87.89, , , , , 
1/31/2020 6:09:19 AM, 3274.5, 9167.5, 1642.3, 327.68, 222.6, 163.93, 323.87, 172.78, 245.81, 98.02, 30.6, 63.9, 125, 64.56, 87.89, , , , , 
1/31/2020 6:09:22 AM, 3274.5, 9167.5, 1642.3, 327.68, 222.6, 163.93, 323.87, 172.78, 245.81, 98.02, 30.6, 63.9, 125, 64.56, 87.89, , , , , 
1/31/2020 6:09:25 AM, 3274.5, 9167.25, 1642.3, 327.68, 222.6, 163.93, 323.87, 172.78, 245.81, 98.02, 30.6, 63.9, 125, 64.56, 87.89, , , , , 
1/31/2020 6:09:28 AM, 3274.5, 9167.25, 1642.3, 327.68, 222.6, 163.93, 323.87, 172.78, 245.81, 98.02, 30.6, 63.9, 125, 64.56, 87.89, , , , , 
1/31/2020 6:09:31 AM, 3274.25, 9166.75, 1642.3, 327.68, 222.6, 163.93, 323.87, 172.78, 245.81, 98.02, 30.6, 63.9, 125, 64.56, 87.89, , , , , 
1/31/2020 6:09:34 AM, 3274.25, 9166.75, 1642.3, 327.68, 222.6, 163.93, 323.87, 172.78, 245.81, 98.02, 30.6, 63.9, 125, 64.56, 87.89, , , , , 
1/31/2020 6:09:37 AM, 3274.25, 9167, 1642.3, 327.68, 222.6, 163.93, 323.87, 172.78, 245.81, 98.02, 30.6, 63.9, 125, 64.56, 87.89, , , , , 
1/31/2020 6:09:40 AM, 3274.25, 9167, 1642.3, 327.68, 222.6, 163.93, 323.87, 172.78, 245.81, 98.02, 30.6, 63.9, 125, 64.56, 87.89, , , , , 
1/31/2020 6:09:43 AM, 3274.25, 9166.5, 1642.3, 327.68, 222.6, 163.93, 323.87, 172.78, 245.81, 98.02, 30.6, 63.9, 125, 64.56, 87.89, , , , , 
1/31/2020 6:09:46 AM, 3274.25, 9166.5, 1642.3, 327.68, 222.6, 163.93, 323.87, 172.78, 245.81, 98.02, 30.6, 63.9, 125, 64.56, 87.89, , , , , 
1/31/2020 6:09:49 AM, 3274.25, 9166.75, 1642.3, 327.68, 222.6, 163.93, 323.87, 172.78, 245.81, 98.02, 30.6, 63.9, 125, 64.56, 87.89, , , , , 
1/31/2020 6:09:52 AM, 3274.25, 9166.75, 1642.3, 327.68, 222.6, 163.93, 323.87, 172.78, 245.81, 98.02, 30.6, 63.9, 125, 64.56, 87.89, , , , , 
1/31/2020 6:09:55 AM, 3274, 9165.5, 1642.1, 327.68, 222.6, 163.93, 323.87, 172.78, 245.81, 98.02, 30.6, 63.9, 125, 64.56, 87.89, , , , , 
1/31/2020 6:09:58 AM, 3274, 9165.5, 1642.1, 327.68, 222.6, 163.93, 323.87, 172.78, 245.81, 98.02, 30.6, 63.9, 125, 64.56, 87.89, , , , , 
1/31/2020 6:10:01 AM, 3274.25, 9165.75, 1642.2, 327.68, 222.6, 163.93, 323.87, 172.78, 245.81, 98.02, 30.6, 63.9, 125, 64.56, 87.89, , , , , 
1/31/2020 6:10:04 AM, 3274.25, 9165.75, 1642.2, 327.68, 222.6, 163.93, 323.87, 172.78, 245.81, 98.02, 30.6, 63.9, 125, 64.56, 87.89, , , , , 
1/31/2020 6:10:07 AM, 3274, 9166, 1642.2, 327.68, 222.6, 163.93, 323.87, 172.78, 245.81, 98.02, 30.6, 63.9, 125, 64.56, 87.89, , , , , 
1/31/2020 6:10:11 AM, 3274, 9166, 1642.2, 327.68, 222.6, 163.93, 323.87, 172.78, 245.81, 98.02, 30.6, 63.9, 125, 64.56, 87.89, , , , , 
1/31/2020 6:10:14 AM, 3274.25, 9166.25, 1642.2, 327.68, 222.6, 163.93, 323.87, 172.78, 245.81, 98.02, 30.6, 63.9, 125, 64.56, 87.89, , , , , 
1/31/2020 6:10:17 AM, 3274.25, 9166.25, 1642.2, 327.68, 222.6, 163.93, 323.87, 172.78, 245.81, 98.02, 30.6, 63.9, 125, 64.56, 87.89, , , , , 
1/31/2020 6:10:20 AM, 3273.75, 9165.5, 1642.2, 327.68, 222.6, 163.93, 323.87, 172.78, 245.81, 98.02, 30.6, 63.9, 125, 64.56, 87.89, , , , , 
1/31/2020 6:10:23 AM, 3273.75, 9165.5, 1642.2, 327.68, 222.6, 163.93, 323.87, 172.78, 245.81, 98.02, 30.6, 63.9, 125, 64.56, 87.89, , , , , 
1/31/2020 6:10:26 AM, 3273.75, 9165.5, 1642.2, 327.68, 222.6, 163.93, 323.87, 172.78, 245.81, 98.02, 30.6, 63.9, 125, 64.56, 87.89, , , , , 
1/31/2020 6:10:29 AM, 3273.75, 9165.5, 1642.2, 327.68, 222.6, 163.93, 323.87, 172.78, 245.81, 98.02, 30.6, 63.9, 125, 64.56, 87.89, , , , , 
1/31/2020 6:10:32 AM, 3274, 9165.25, 1642.2, 327.68, 222.6, 163.93, 323.87, 172.78, 245.81, 98.02, 30.6, 63.9, 125, 64.56, 87.89, , , , , 
1/31/2020 6:10:35 AM, 3274, 9165.25, 1642.2, 327.68, 222.6, 163.93, 323.87, 172.78, 245.81, 98.02, 30.6, 63.9, 125, 64.56, 87.89, , , , , 
1/31/2020 6:10:38 AM, 3274, 9166, 1642.2, 327.68, 222.6, 163.93, 323.87, 172.78, 245.81, 98.02, 30.6, 63.9, 125, 64.56, 87.89, , , , , 
1/31/2020 6:10:41 AM, 3274, 9166, 1642.2, 327.68, 222.6, 163.93, 323.87, 172.78, 245.81, 98.02, 30.6, 63.9, 125, 64.56, 87.89, , , , , 
1/31/2020 6:10:44 AM, 3274.25, 9165.75, 1642.3, 327.68, 222.6, 163.93, 323.87, 172.78, 245.81, 98.02, 30.6, 63.9, 125, 64.56, 87.89, , , , , 
1/31/2020 6:10:47 AM, 3274.25, 9165.75, 1642.3, 327.68, 222.6, 163.93, 323.87, 172.78, 245.81, 98.02, 30.6, 63.9, 125, 64.56, 87.89, , , , , 
1/31/2020 6:10:50 AM, 3273.75, 9165, 1642, 327.68, 222.6, 163.93, 323.87, 172.78, 245.81, 98.02, 30.6, 63.9, 125, 64.56, 87.89, , , , , 
1/31/2020 6:10:53 AM, 3273.75, 9165, 1642, 327.68, 222.6, 163.93, 323.87, 172.78, 245.81, 98.02, 30.6, 63.9, 125, 64.56, 87.89, , , , , 
1/31/2020 6:10:56 AM, 3273.75, 9164, 1642, 327.68, 222.6, 163.93, 323.87, 172.78, 245.81, 98.02, 30.6, 63.9, 125, 64.56, 87.89, , , , , 
1/31/2020 6:10:59 AM, 3273.75, 9164, 1642, 327.68, 222.6, 163.93, 323.87, 172.78, 245.81, 98.02, 30.6, 63.9, 125, 64.56, 87.89, , , , , 
1/31/2020 6:11:02 AM, 3273.75, 9164.75, 1642, 327.68, 222.6, 163.93, 323.87, 172.78, 245.81, 98.02, 30.6, 63.9, 125, 64.56, 87.89, , , , , 
1/31/2020 6:11:05 AM, 3273.75, 9164.75, 1642, 327.68, 222.6, 163.93, 323.87, 172.78, 245.81, 98.02, 30.6, 63.9, 125, 64.56, 87.89, , , , , 
1/31/2020 6:11:08 AM, 3274, 9165.25, 1642.1, 327.68, 222.6, 163.93, 323.87, 172.78, 245.81, 98.02, 30.6, 63.9, 125, 64.56, 87.89, , , , , 
1/31/2020 6:11:11 AM, 3274, 9165.25, 1642.1, 327.68, 222.6, 163.93, 323.87, 172.78, 245.81, 98.02, 30.6, 63.9, 125, 64.56, 87.89, , , , , 
1/31/2020 6:11:14 AM, 3273.75, 9165.25, 1642.1, 327.68, 222.6, 163.93, 323.87, 172.78, 245.81, 98.02, 30.6, 63.9, 125, 64.56, 87.89, , , , , 
1/31/2020 6:11:17 AM, 3273.75, 9165.25, 1642.1, 327.68, 222.6, 163.93, 323.87, 172.78, 245.81, 98.02, 30.6, 63.9, 125, 64.56, 87.89, , , , , 
1/31/2020 6:11:20 AM, 3273.75, 9165, 1642.1, 327.68, 222.6, 163.93, 323.87, 172.78, 245.81, 98.02, 30.6, 63.9, 125, 64.56, 87.89, , , , , 
1/31/2020 6:11:23 AM, 3274, 9165.25, 1642.1, 327.68, 222.6, 163.93, 323.87, 172.78, 245.81, 98.02, 30.6, 63.9, 125, 64.56, 87.89, , , , , 
1/31/2020 6:11:26 AM, 3273.75, 9165, 1642.1, 327.68, 222.6, 163.93, 323.87, 172.78, 245.81, 98.02, 30.6, 63.9, 125, 64.56, 87.89, , , , , 
1/31/2020 6:11:29 AM, 3273.5, 9164.75, 1642.1, 327.68, 222.6, 163.93, 323.87, 172.78, 245.81, 98.02, 30.6, 63.9, 125, 64.56, 87.89, , , , , 
1/31/2020 6:11:32 AM, 3273.25, 9163.75, 1641.8, 327.68, 222.6, 163.93, 323.87, 172.78, 245.81, 98.02, 30.6, 63.9, 125, 64.56, 87.89, , , , , 
1/31/2020 6:11:35 AM, 3273.5, 9164.75, 1641.9, 327.68, 222.6, 163.93, 323.87, 172.78, 245.81, 98.02, 30.6, 63.9, 125, 64.56, 87.89, , , , , 
1/31/2020 6:11:38 AM, 3273.5, 9164.75, 1641.9, 327.68, 222.6, 163.93, 323.87, 172.78, 245.81, 98.02, 30.6, 63.9, 125, 64.56, 87.89, , , , , 
1/31/2020 6:11:41 AM, 3273.5, 9164.75, 1641.9, 327.68, 222.6, 163.93, 323.87, 172.78, 245.81, 98.02, 30.6, 63.9, 125, 64.56, 87.89, , , , , 
1/31/2020 6:11:44 AM, 3273.25, 9164.5, 1641.9, 327.68, 222.6, 163.93, 323.87, 172.78, 245.81, 98.02, 30.6, 63.9, 125, 64.56, 87.89, , , , , 
1/31/2020 6:11:47 AM, 3273.5, 9164.5, 1641.9, 327.68, 222.6, 163.93, 323.87, 172.78, 245.81, 98.02, 30.6, 63.9, 125, 64.56, 87.89, , , , , 
1/31/2020 6:11:50 AM, 3273.5, 9165, 1642, 327.68, 222.6, 163.93, 323.87, 172.78, 245.81, 98.02, 30.6, 63.9, 125, 64.56, 87.89, , , , , 
1/31/2020 6:11:53 AM, 3273.5, 9165, 1642.1, 327.68, 222.6, 163.93, 323.87, 172.78, 245.81, 98.02, 30.6, 63.9, 125, 64.56, 87.89, , , , , 
1/31/2020 6:11:56 AM, 3273.5, 9164.75, 1642.1, 327.68, 222.6, 163.93, 323.87, 172.78, 245.81, 98.02, 30.6, 63.9, 125, 64.56, 87.89, , , , , 
1/31/2020 6:11:59 AM, 3273.25, 9164.25, 1641.9, 327.68, 222.6, 163.93, 323.87, 172.78, 245.81, 98.02, 30.6, 63.9, 125, 64.56, 87.89, , , , , 
1/31/2020 6:12:02 AM, 3273.25, 9164.5, 1641.9, 327.68, 222.6, 163.93, 323.87, 172.78, 245.81, 98.02, 30.6, 63.9, 125, 64.56, 87.89, , , , , 
1/31/2020 6:12:05 AM, 3273.5, 9165, 1641.9, 327.68, 222.6, 163.93, 323.87, 172.78, 245.81, 98.02, 30.6, 63.9, 125, 64.56, 87.89, , , , , 
1/31/2020 6:12:08 AM, 3273.25, 9164.75, 1641.9, 327.68, 222.6, 163.93, 323.87, 172.78, 245.81, 98.02, 30.6, 63.9, 125, 64.56, 87.89, , , , , 
1/31/2020 6:12:11 AM, 3273.25, 9164.5, 1641.8, 327.68, 222.6, 163.93, 323.87, 172.78, 245.81, 98.02, 30.6, 63.9, 125, 64.56, 87.89, , , , , 
1/31/2020 6:12:14 AM, 3273.25, 9164.5, 1641.8, 327.68, 222.6, 163.93, 323.87, 172.78, 245.81, 98.02, 30.6, 63.9, 125, 64.56, 87.89, , , , , 
1/31/2020 6:12:18 AM, 3273.25, 9164, 1641.8, 327.68, 222.6, 163.93, 323.87, 172.78, 245.81, 98.02, 30.6, 63.9, 125, 64.56, 87.89, , , , , 
1/31/2020 6:12:21 AM, 3273.25, 9164, 1641.8, 327.68, 222.6, 163.93, 323.87, 172.78, 245.81, 98.02, 30.6, 63.9, 125, 64.56, 87.89, , , , , 
1/31/2020 6:12:24 AM, 3273, 9164, 1641.8, 327.68, 222.6, 163.93, 323.87, 172.78, 245.81, 98.02, 30.6, 63.9, 125, 64.56, 87.89, , , , , 
1/31/2020 6:12:27 AM, 3273, 9164, 1641.8, 327.68, 222.6, 163.93, 323.87, 172.78, 245.81, 98.02, 30.6, 63.9, 125, 64.56, 87.89, , , , , 
1/31/2020 6:12:30 AM, 3273, 9164, 1641.7, 327.68, 222.6, 163.93, 323.87, 172.78, 245.81, 98.02, 30.6, 63.9, 125, 64.56, 87.89, , , , , 
1/31/2020 6:12:33 AM, 3273, 9164, 1641.7, 327.68, 222.6, 163.93, 323.87, 172.78, 245.81, 98.02, 30.6, 63.9, 125, 64.56, 87.89, , , , , 
1/31/2020 6:12:36 AM, 3272.75, 9163.25, 1641.7, 327.68, 222.6, 163.93, 323.87, 172.78, 245.81, 98.02, 30.6, 63.9, 125, 64.56, 87.89, , , , , 
1/31/2020 6:12:39 AM, 3272.75, 9163.25, 1641.7, 327.68, 222.6, 163.93, 323.87, 172.78, 245.81, 98.02, 30.6, 63.9, 125, 64.56, 87.89, , , , , 
1/31/2020 6:12:42 AM, 3273, 9163.75, 1641.7, 327.68, 222.6, 163.93, 323.87, 172.78, 245.81, 98.02, 30.6, 63.9, 125, 64.56, 87.89, , , , , 
1/31/2020 6:12:45 AM, 3273, 9163.75, 1641.7, 327.68, 222.6, 163.93, 323.87, 172.78, 245.81, 98.02, 30.6, 63.9, 125, 64.56, 87.89, , , , , 
1/31/2020 6:12:48 AM, 3273, 9163.75, 1641.7, 327.68, 222.6, 163.93, 323.87, 172.78, 245.81, 98.02, 30.6, 63.9, 125, 64.56, 87.89, , , , , 
1/31/2020 6:12:51 AM, 3273, 9163.75, 1641.7, 327.68, 222.6, 163.93, 323.87, 172.78, 245.81, 98.02, 30.6, 63.9, 125, 64.56, 87.89, , , , , 
1/31/2020 6:12:54 AM, 3273, 9163.25, 1641.6, 327.68, 222.6, 163.93, 323.87, 172.78, 245.81, 98.02, 30.6, 63.9, 125, 64.56, 87.89, , , , , 
1/31/2020 6:12:57 AM, 3273, 9163.25, 1641.6, 327.68, 222.6, 163.93, 323.87, 172.78, 245.81, 98.02, 30.6, 63.9, 125, 64.56, 87.89, , , , , 
1/31/2020 6:13:00 AM, 3273, 9163.25, 1641.7, 327.68, 222.6, 163.93, 323.87, 172.78, 245.81, 98.02, 30.6, 63.9, 125, 64.56, 87.89, , , , , 
1/31/2020 6:13:03 AM, 3273, 9163.25, 1641.7, 327.68, 222.6, 163.93, 323.87, 172.78, 245.81, 98.02, 30.6, 63.9, 125, 64.56, 87.89, , , , , 
1/31/2020 6:13:06 AM, 3273.25, 9163.75, 1641.7, 327.68, 222.6, 163.93, 323.87, 172.78, 245.81, 98.02, 30.6, 63.9, 125, 64.56, 87.89, , , , , 
1/31/2020 6:13:09 AM, 3273.25, 9163.75, 1641.7, 327.68, 222.6, 163.93, 323.87, 172.78, 245.81, 98.02, 30.6, 63.9, 125, 64.56, 87.89, , , , , 
1/31/2020 6:13:12 AM, 3273.25, 9164, 1641.8, 327.68, 222.6, 163.93, 323.87, 172.78, 245.81, 98.02, 30.6, 63.9, 125, 64.56, 87.89, , , , , 
1/31/2020 6:13:15 AM, 3273.25, 9164, 1641.8, 327.68, 222.6, 163.93, 323.87, 172.78, 245.81, 98.02, 30.6, 63.9, 125, 64.56, 87.89, , , , , 
1/31/2020 6:13:18 AM, 3273.25, 9164.25, 1641.8, 327.68, 222.6, 163.93, 323.87, 172.78, 245.81, 98.02, 30.6, 63.9, 125, 64.56, 87.89, , , , , 
1/31/2020 6:13:21 AM, 3273.25, 9164.25, 1641.8, 327.68, 222.6, 163.93, 323.87, 172.78, 245.81, 98.02, 30.6, 63.9, 125, 64.56, 87.89, , , , , 
1/31/2020 6:13:24 AM, 3273.25, 9163.75, 1641.8, 327.68, 222.6, 163.93, 323.87, 172.78, 245.81, 98.02, 30.6, 63.9, 125, 64.56, 87.89, , , , , 
1/31/2020 6:13:27 AM, 3273.25, 9163.75, 1641.8, 327.68, 222.6, 163.93, 323.87, 172.78, 245.81, 98.02, 30.6, 63.9, 125, 64.56, 87.89, , , , , 
1/31/2020 6:13:30 AM, 3273.5, 9165.75, 1641.8, 327.68, 222.6, 163.93, 323.87, 172.78, 245.81, 98.02, 30.6, 63.9, 125, 64.56, 87.89, , , , , 
1/31/2020 6:13:33 AM, 3273.5, 9165.75, 1641.8, 327.68, 222.6, 163.93, 323.87, 172.78, 245.81, 98.02, 30.6, 63.9, 125, 64.56, 87.89, , , , , 
1/31/2020 6:13:36 AM, 3273.5, 9165, 1642, 327.68, 222.6, 163.93, 323.87, 172.78, 245.81, 98.02, 30.6, 63.9, 125, 64.56, 87.89, , , , , 
1/31/2020 6:13:39 AM, 3273.5, 9165, 1642, 327.68, 222.6, 163.93, 323.87, 172.78, 245.81, 98.02, 30.6, 63.9, 125, 64.56, 87.89, , , , , 
1/31/2020 6:13:42 AM, 3273.5, 9165.25, 1642, 327.68, 222.6, 163.93, 323.87, 172.78, 245.81, 98.02, 30.6, 63.9, 125, 64.56, 87.89, , , , , 
1/31/2020 6:13:45 AM, 3273.5, 9165, 1641.9, 327.68, 222.6, 163.93, 323.87, 172.78, 245.81, 98.02, 30.6, 63.9, 125, 64.56, 87.89, , , , , 
1/31/2020 6:13:48 AM, 3273.5, 9165, 1641.9, 327.68, 222.6, 163.93, 323.87, 172.78, 245.81, 98.02, 30.6, 63.9, 125, 64.56, 87.89, , , , , 
1/31/2020 6:13:51 AM, 3273.25, 9164.75, 1641.8, 327.68, 222.6, 163.93, 323.87, 172.78, 245.81, 98.02, 30.6, 63.9, 125, 64.56, 87.89, , , , , 
1/31/2020 6:13:54 AM, 3273.25, 9164.75, 1641.8, 327.68, 222.6, 163.93, 323.87, 172.78, 245.81, 98.02, 30.6, 63.9, 125, 64.56, 87.89, , , , , 
1/31/2020 6:13:57 AM, 3273.5, 9165.5, 1642.1, 327.68, 222.6, 163.93, 323.87, 172.78, 245.81, 98.02, 30.6, 63.9, 125, 64.56, 87.89, , , , , 
1/31/2020 6:14:00 AM, 3273.5, 9165.5, 1642.1, 327.68, 222.6, 163.93, 323.87, 172.78, 245.81, 98.02, 30.6, 63.9, 125, 64.56, 87.89, , , , , 
1/31/2020 6:14:03 AM, 3273.75, 9165.5, 1642.1, 327.68, 222.6, 163.93, 323.87, 172.78, 245.81, 98.02, 30.6, 63.9, 125, 64.56, 87.89, , , , , 
1/31/2020 6:14:06 AM, 3273.75, 9165.5, 1642.1, 327.68, 222.6, 163.93, 323.87, 172.78, 245.81, 98.02, 30.6, 63.9, 125, 64.56, 87.89, , , , , 
1/31/2020 6:14:09 AM, 3273.25, 9164.25, 1641.9, 327.68, 222.6, 163.93, 323.87, 172.78, 245.81, 98.02, 30.6, 63.9, 125, 64.56, 87.89, , , , , 
1/31/2020 6:14:12 AM, 3273.25, 9164.25, 1641.9, 327.68, 222.6, 163.93, 323.87, 172.78, 245.81, 98.02, 30.6, 63.9, 125, 64.56, 87.89, , , , , 
1/31/2020 6:14:15 AM, 3273.5, 9165.5, 1642, 327.68, 222.6, 163.93, 323.87, 172.78, 245.81, 98.02, 30.6, 63.9, 125, 64.56, 87.89, , , , , 
1/31/2020 6:14:18 AM, 3273.5, 9165.5, 1642, 327.68, 222.6, 163.93, 323.87, 172.78, 245.81, 98.02, 30.6, 63.9, 125, 64.56, 87.89, , , , , 
1/31/2020 6:14:21 AM, 3273.5, 9165.5, 1642, 327.68, 222.6, 163.93, 323.87, 172.78, 245.81, 98.02, 30.6, 63.9, 125, 64.56, 87.89, , , , , 
1/31/2020 6:14:24 AM, 3273.5, 9165.5, 1642, 327.68, 222.6, 163.93, 323.87, 172.78, 245.81, 98.02, 30.6, 63.9, 125, 64.56, 87.89, , , , , 
1/31/2020 6:14:27 AM, 3274, 9167.25, 1642.3, 327.68, 222.6, 163.93, 323.87, 172.78, 245.81, 98.02, 30.6, 63.9, 125, 64.56, 87.89, , , , , 
1/31/2020 6:14:30 AM, 3274, 9167.25, 1642.3, 327.68, 222.6, 163.93, 323.87, 172.78, 245.81, 98.02, 30.6, 63.9, 125, 64.56, 87.89, , , , , 
1/31/2020 6:14:33 AM, 3274, 9167.5, 1642.3, 327.68, 222.6, 163.93, 323.87, 172.78, 245.81, 98.02, 30.6, 63.9, 125, 64.56, 87.89, , , , , 
1/31/2020 6:14:36 AM, 3274, 9167.5, 1642.3, 327.68, 222.6, 163.93, 323.87, 172.78, 245.81, 98.02, 30.6, 63.9, 125, 64.56, 87.89, , , , , 
1/31/2020 6:14:39 AM, 3274, 9167.5, 1642.4, 327.68, 222.6, 163.93, 323.87, 172.78, 245.81, 98.02, 30.6, 63.9, 125, 64.56, 87.89, , , , , 
1/31/2020 6:14:42 AM, 3274, 9167.5, 1642.4, 327.68, 222.6, 163.93, 323.87, 172.78, 245.81, 98.02, 30.6, 63.9, 125, 64.56, 87.89, , , , , 
1/31/2020 6:14:45 AM, 3274.25, 9168.25, 1642.4, 327.68, 222.6, 163.93, 323.87, 172.78, 245.81, 98.02, 30.6, 63.9, 125, 64.56, 87.89, , , , , 
1/31/2020 6:14:48 AM, 3274.25, 9168.25, 1642.4, 327.68, 222.6, 163.93, 323.87, 172.78, 245.81, 98.02, 30.6, 63.9, 125, 64.56, 87.89, , , , , 
1/31/2020 6:14:51 AM, 3274, 9168, 1642.3, 327.68, 222.6, 163.93, 323.87, 172.78, 245.81, 98.02, 30.6, 63.9, 125, 64.56, 87.89, , , , , 
1/31/2020 6:14:54 AM, 3274, 9168, 1642.3, 327.68, 222.6, 163.93, 323.87, 172.78, 245.81, 98.02, 30.6, 63.9, 125, 64.56, 87.89, , , , , 
1/31/2020 6:14:58 AM, 3274.5, 9169.5, 1642.3, 327.68, 222.6, 163.93, 323.87, 172.78, 245.81, 98.02, 30.6, 63.9, 125, 64.56, 87.89, , , , , 
1/31/2020 6:15:01 AM, 3274.5, 9169.5, 1642.3, 327.68, 222.6, 163.93, 323.87, 172.78, 245.81, 98.02, 30.6, 63.9, 125, 64.56, 87.89, , , , , 
1/31/2020 6:15:04 AM, 3274.5, 9169.75, 1642.4, 327.68, 222.6, 163.93, 323.87, 172.78, 245.81, 98.02, 30.6, 63.9, 125, 64.56, 87.89, , , , , 
1/31/2020 6:15:07 AM, 3274.5, 9169.75, 1642.4, 327.68, 222.6, 163.93, 323.87, 172.78, 245.81, 98.02, 30.6, 63.9, 125, 64.56, 87.89, , , , , 
1/31/2020 6:15:10 AM, 3274, 9168, 1642.4, 327.68, 222.6, 163.93, 323.87, 172.78, 245.81, 98.02, 30.6, 63.9, 125, 64.56, 87.89, , , , , 
1/31/2020 6:15:13 AM, 3274, 9168, 1642.4, 327.68, 222.6, 163.93, 323.87, 172.78, 245.81, 98.02, 30.6, 63.9, 125, 64.56, 87.89, , , , , 
1/31/2020 6:15:16 AM, 3274.5, 9168.5, 1642.2, 327.68, 222.6, 163.93, 323.87, 172.78, 245.81, 98.02, 30.6, 63.9, 125, 64.56, 87.89, , , , , 
1/31/2020 6:15:19 AM, 3274.5, 9168.5, 1642.2, 327.68, 222.6, 163.93, 323.87, 172.78, 245.81, 98.02, 30.6, 63.9, 125, 64.56, 87.89, , , , , 
1/31/2020 6:15:22 AM, 3274.5, 9168.75, 1642.3, 327.68, 222.6, 163.93, 323.87, 172.78, 245.81, 98.02, 30.6, 63.9, 125, 64.56, 87.89, , , , , 
1/31/2020 6:15:25 AM, 3274.5, 9168.75, 1642.3, 327.68, 222.6, 163.93, 323.87, 172.78, 245.81, 98.02, 30.6, 63.9, 125, 64.56, 87.89, , , , , 
1/31/2020 6:15:28 AM, 3274.25, 9169, 1642.2, 327.68, 222.6, 163.93, 323.87, 172.78, 245.81, 98.02, 30.6, 63.9, 125, 64.56, 87.89, , , , , 
1/31/2020 6:15:31 AM, 3274.25, 9169, 1642.2, 327.68, 222.6, 163.93, 323.87, 172.78, 245.81, 98.02, 30.6, 63.9, 125, 64.56, 87.89, , , , , 
1/31/2020 6:15:34 AM, 3274.25, 9168.5, 1642.2, 327.68, 222.6, 163.93, 323.87, 172.78, 245.81, 98.02, 30.6, 63.9, 125, 64.56, 87.89, , , , , 
1/31/2020 6:15:37 AM, 3274.25, 9168.5, 1642.2, 327.68, 222.6, 163.93, 323.87, 172.78, 245.81, 98.02, 30.6, 63.9, 125, 64.56, 87.89, , , , , 
1/31/2020 6:15:40 AM, 3274, 9168.5, 1642.2, 327.68, 222.6, 163.93, 323.87, 172.78, 245.81, 98.02, 30.6, 63.9, 125, 64.56, 87.89, , , , , 
1/31/2020 6:15:43 AM, 3274, 9168.5, 1642.2, 327.68, 222.6, 163.93, 323.87, 172.78, 245.81, 98.02, 30.6, 63.9, 125, 64.56, 87.89, , , , , 
1/31/2020 6:15:46 AM, 3274, 9168.5, 1642.2, 327.68, 222.6, 163.93, 323.87, 172.78, 245.81, 98.02, 30.6, 63.9, 125, 64.56, 87.89, , , , , 
1/31/2020 6:15:49 AM, 3274, 9168.5, 1642.2, 327.68, 222.6, 163.93, 323.87, 172.78, 245.81, 98.02, 30.6, 63.9, 125, 64.56, 87.89, , , , , 
1/31/2020 6:15:52 AM, 3274, 9168, 1642.2, 327.68, 222.6, 163.93, 323.87, 172.78, 245.81, 98.02, 30.6, 63.9, 125, 64.56, 87.89, , , , , 
1/31/2020 6:15:55 AM, 3274, 9168, 1642.2, 327.68, 222.6, 163.93, 323.87, 172.78, 245.81, 98.02, 30.6, 63.9, 125, 64.56, 87.89, , , , , 
1/31/2020 6:15:58 AM, 3274.25, 9169, 1642.1, 327.68, 222.6, 163.93, 323.87, 172.78, 245.81, 98.02, 30.6, 63.9, 125, 64.56, 87.89, , , , , 
1/31/2020 6:16:01 AM, 3274.25, 9169, 1642.1, 327.68, 222.6, 163.93, 323.87, 172.78, 245.81, 98.02, 30.6, 63.9, 125, 64.56, 87.89, , , , , 
1/31/2020 6:16:04 AM, 3274.25, 9168.75, 1642.1, 327.68, 222.6, 163.93, 323.87, 172.78, 245.81, 98.02, 30.6, 63.9, 125, 64.56, 87.89, , , , , 
1/31/2020 6:16:07 AM, 3274.25, 9168.75, 1642.1, 327.68, 222.6, 163.93, 323.87, 172.78, 245.81, 98.02, 30.6, 63.9, 125, 64.56, 87.89, , , , , 
1/31/2020 6:16:10 AM, 3274.25, 9168.75, 1642.1, 327.68, 222.6, 163.93, 323.87, 172.78, 245.81, 98.02, 30.6, 63.9, 125, 64.56, 87.89, , , , , 
1/31/2020 6:16:13 AM, 3274.5, 9169, 1642.1, 327.68, 222.6, 163.93, 323.87, 172.78, 245.81, 98.02, 30.6, 63.9, 125, 64.56, 87.89, , , , , 
1/31/2020 6:16:16 AM, 3274.25, 9168.75, 1642.1, 327.68, 222.6, 163.93, 323.87, 172.78, 245.81, 98.02, 30.6, 63.9, 125, 64.56, 87.89, , , , , 
1/31/2020 6:16:19 AM, 3274.5, 9168.75, 1642.1, 327.68, 222.6, 163.93, 323.87, 172.78, 245.81, 98.02, 30.6, 63.9, 125, 64.56, 87.89, , , , , 
1/31/2020 6:16:22 AM, 3274.5, 9169.25, 1642.1, 327.68, 222.6, 163.93, 323.87, 172.78, 245.81, 98.02, 30.6, 63.9, 125, 64.56, 87.89, , , , , 
1/31/2020 6:16:25 AM, 3274.25, 9169, 1642.1, 327.68, 222.6, 163.93, 323.87, 172.78, 245.81, 98.02, 30.6, 63.9, 125, 64.56, 87.89, , , , , 
1/31/2020 6:16:28 AM, 3274.25, 9169.25, 1642.1, 327.68, 222.6, 163.93, 323.87, 172.78, 245.81, 98.02, 30.6, 63.9, 125, 64.56, 87.89, , , , , 
1/31/2020 6:16:31 AM, 3274.25, 9169, 1642.1, 327.68, 222.6, 163.93, 323.87, 172.78, 245.81, 98.02, 30.6, 63.9, 125, 64.56, 87.89, , , , , 
1/31/2020 6:16:34 AM, 3274.5, 9169.25, 1642.1, 327.68, 222.6, 163.93, 323.87, 172.78, 245.81, 98.02, 30.6, 63.9, 125, 64.56, 87.89, , , , , 
1/31/2020 6:16:37 AM, 3275.25, 9172, 1642.5, 327.68, 222.6, 163.93, 323.87, 172.78, 245.81, 98.02, 30.6, 63.9, 125, 64.56, 87.89, , , , , 
1/31/2020 6:16:40 AM, 3275.25, 9172.25, 1642.5, 327.68, 222.6, 163.93, 323.87, 172.78, 245.81, 98.02, 30.6, 63.9, 125, 64.56, 87.89, , , , , 
1/31/2020 6:16:43 AM, 3275, 9171.75, 1642.5, 327.68, 222.6, 163.93, 323.87, 172.78, 245.81, 98.02, 30.6, 63.9, 125, 64.56, 87.89, , , , , 
1/31/2020 6:16:46 AM, 3275, 9171.75, 1642.5, 327.68, 222.6, 163.93, 323.87, 172.78, 245.81, 98.02, 30.6, 63.9, 125, 64.56, 87.89, , , , , 
1/31/2020 6:16:49 AM, 3275.25, 9172.5, 1642.6, 327.68, 222.6, 163.93, 323.87, 172.78, 245.81, 98.02, 30.6, 63.9, 125, 64.56, 87.89, , , , , 
1/31/2020 6:16:52 AM, 3275.25, 9172.75, 1642.6, 327.68, 222.6, 163.93, 323.87, 172.78, 245.81, 98.02, 30.6, 63.9, 125, 64.56, 87.89, , , , , 
1/31/2020 6:16:55 AM, 3275.25, 9172.75, 1642.7, 327.68, 222.6, 163.93, 323.87, 172.78, 245.81, 98.02, 30.6, 63.9, 125, 64.56, 87.89, , , , , 
1/31/2020 6:16:58 AM, 3275.25, 9172.25, 1642.6, 327.68, 222.6, 163.93, 323.87, 172.78, 245.81, 98.02, 30.6, 63.9, 125, 64.56, 87.89, , , , , 
1/31/2020 6:17:01 AM, 3275.25, 9172.25, 1642.6, 327.68, 222.6, 163.93, 323.87, 172.78, 245.81, 98.02, 30.6, 63.9, 125, 64.56, 87.89, , , , , 
1/31/2020 6:17:04 AM, 3275, 9172.75, 1642.6, 327.68, 222.6, 163.93, 323.87, 172.78, 245.81, 98.02, 30.6, 63.9, 125, 64.56, 87.89, , , , , 
1/31/2020 6:17:07 AM, 3275, 9172.5, 1642.6, 327.68, 222.6, 163.93, 323.87, 172.78, 245.81, 98.02, 30.6, 63.9, 125, 64.56, 87.89, , , , , 
1/31/2020 6:17:10 AM, 3275.5, 9173.25, 1642.7, 327.68, 222.6, 163.93, 323.87, 172.78, 245.81, 98.02, 30.6, 63.9, 125, 64.56, 87.89, , , , , 
1/31/2020 6:17:13 AM, 3275.25, 9172.75, 1642.7, 327.68, 222.6, 163.93, 323.87, 172.78, 245.81, 98.02, 30.6, 63.9, 125, 64.56, 87.89, , , , , 
1/31/2020 6:17:16 AM, 3275, 9171.25, 1642.5, 327.68, 222.6, 163.93, 323.87, 172.78, 245.81, 98.02, 30.6, 63.9, 125, 64.56, 87.89, , , , , 
1/31/2020 6:17:19 AM, 3274.75, 9170, 1642.3, 327.68, 222.6, 163.93, 323.87, 172.78, 245.81, 98.02, 30.6, 63.9, 125, 64.56, 87.89, , , , , 
1/31/2020 6:17:22 AM, 3274.75, 9170.25, 1642.3, 327.68, 222.6, 163.93, 323.87, 172.78, 245.81, 98.02, 30.6, 63.9, 125, 64.56, 87.89, , , , , 
1/31/2020 6:17:25 AM, 3274.75, 9170.25, 1642.3, 327.68, 222.6, 163.93, 323.87, 172.78, 245.81, 98.02, 30.6, 63.9, 125, 64.56, 87.89, , , , , 
1/31/2020 6:17:29 AM, 3274.75, 9170, 1642.3, 327.68, 222.6, 163.93, 323.87, 172.78, 245.81, 98.02, 30.6, 63.9, 125, 64.56, 87.89, , , , , 
1/31/2020 6:17:32 AM, 3274.5, 9170, 1642.3, 327.68, 222.6, 163.93, 323.87, 172.78, 245.81, 98.02, 30.6, 63.9, 125, 64.56, 87.89, , , , , 
1/31/2020 6:17:35 AM, 3274.5, 9169.75, 1642.2, 327.68, 222.6, 163.93, 323.87, 172.78, 245.81, 98.02, 30.6, 63.9, 125, 64.56, 87.89, , , , , 
1/31/2020 6:17:38 AM, 3274.25, 9169.5, 1642.1, 327.68, 222.6, 163.93, 323.87, 172.78, 245.81, 98.02, 30.6, 63.9, 125, 64.56, 87.89, , , , , 
1/31/2020 6:17:41 AM, 3274.25, 9170, 1642.1, 327.68, 222.6, 163.93, 323.87, 172.78, 245.81, 98.02, 30.6, 63.9, 125, 64.56, 87.89, , , , , 
1/31/2020 6:17:44 AM, 3274.25, 9170, 1642.1, 327.68, 222.6, 163.93, 323.87, 172.78, 245.81, 98.02, 30.6, 63.9, 125, 64.56, 87.89, , , , , 
1/31/2020 6:17:47 AM, 3274.5, 9170, 1642.1, 327.68, 222.6, 163.93, 323.87, 172.78, 245.81, 98.02, 30.6, 63.9, 125, 64.56, 87.89, , , , , 
1/31/2020 6:17:50 AM, 3274.5, 9170, 1642.1, 327.68, 222.6, 163.93, 323.87, 172.78, 245.81, 98.02, 30.6, 63.9, 125, 64.56, 87.89, , , , , 
1/31/2020 6:17:53 AM, 3274.5, 9169.75, 1642.1, 327.68, 222.6, 163.93, 323.87, 172.78, 245.81, 98.02, 30.6, 63.9, 125, 64.56, 87.89, , , , , 
1/31/2020 6:17:56 AM, 3274.25, 9169.5, 1642.1, 327.68, 222.6, 163.93, 323.87, 172.78, 245.81, 98.02, 30.6, 63.9, 125, 64.56, 87.89, , , , , 
1/31/2020 6:17:59 AM, 3274.25, 9169.25, 1642.1, 327.68, 222.6, 163.93, 323.87, 172.78, 245.81, 98.02, 30.6, 63.9, 125, 64.56, 87.89, , , , , 
1/31/2020 6:18:02 AM, 3274, 9169, 1642.1, 327.68, 222.6, 163.93, 323.87, 172.78, 245.81, 98.02, 30.6, 63.9, 125, 64.56, 87.89, , , , , 
1/31/2020 6:18:05 AM, 3274, 9169.5, 1642.1, 327.68, 222.6, 163.93, 323.87, 172.78, 245.81, 98.02, 30.6, 63.9, 125, 64.56, 87.89, , , , , 
1/31/2020 6:18:08 AM, 3274, 9169, 1642.1, 327.68, 222.6, 163.93, 323.87, 172.78, 245.81, 98.02, 30.6, 63.9, 125, 64.56, 87.89, , , , , 
1/31/2020 6:18:11 AM, 3273.75, 9168, 1641.9, 327.68, 222.6, 163.93, 323.87, 172.78, 245.81, 98.02, 30.6, 63.9, 125, 64.56, 87.89, , , , , 
1/31/2020 6:18:14 AM, 3273.75, 9168.25, 1642, 327.68, 222.6, 163.93, 323.87, 172.78, 245.81, 98.02, 30.6, 63.9, 125, 64.56, 87.89, , , , , 
1/31/2020 6:18:17 AM, 3274, 9169.25, 1642.1, 327.68, 222.6, 163.93, 323.87, 172.78, 245.81, 98.02, 30.6, 63.9, 125, 64.56, 87.89, , , , , 
1/31/2020 6:18:20 AM, 3274, 9169, 1642.2, 327.68, 222.6, 163.93, 323.87, 172.78, 245.81, 98.02, 30.6, 63.9, 125, 64.56, 87.89, , , , , 
1/31/2020 6:18:23 AM, 3274, 9169.25, 1642.2, 327.68, 222.6, 163.93, 323.87, 172.78, 245.81, 98.02, 30.6, 63.9, 125, 64.56, 87.89, , , , , 
1/31/2020 6:18:26 AM, 3274, 9169.25, 1642.2, 327.68, 222.6, 163.93, 323.87, 172.78, 245.81, 98.02, 30.6, 63.9, 125, 64.56, 87.89, , , , , 
1/31/2020 6:18:29 AM, 3274, 9168.75, 1642.2, 327.68, 222.6, 163.93, 323.87, 172.78, 245.81, 98.02, 30.6, 63.9, 125, 64.56, 87.89, , , , , 
1/31/2020 6:18:32 AM, 3274, 9169.25, 1642.2, 327.68, 222.6, 163.93, 323.87, 172.78, 245.81, 98.02, 30.6, 63.9, 125, 64.56, 87.89, , , , , 
1/31/2020 6:18:35 AM, 3274, 9169.25, 1642.2, 327.68, 222.6, 163.93, 323.87, 172.78, 245.81, 98.02, 30.6, 63.9, 125, 64.56, 87.89, , , , , 
1/31/2020 6:18:38 AM, 3274, 9169.5, 1642.1, 327.68, 222.6, 163.93, 323.87, 172.78, 245.81, 98.02, 30.6, 63.9, 125, 64.56, 87.89, , , , , 
1/31/2020 6:18:41 AM, 3274, 9169, 1642.1, 327.68, 222.6, 163.93, 323.87, 172.78, 245.81, 98.02, 30.6, 63.9, 125, 64.56, 87.89, , , , , 
1/31/2020 6:18:44 AM, 3274.25, 9170, 1642.4, 327.68, 222.6, 163.93, 323.87, 172.78, 245.81, 98.02, 30.6, 63.9, 125, 64.56, 87.89, , , , , 
1/31/2020 6:18:47 AM, 3274.5, 9170.5, 1642.4, 327.68, 222.6, 163.93, 323.87, 172.78, 245.81, 98.02, 30.6, 63.9, 125, 64.56, 87.89, , , , , 
1/31/2020 6:18:50 AM, 3274.5, 9170.75, 1642.4, 327.68, 222.6, 163.93, 323.87, 172.78, 245.81, 98.02, 30.6, 63.9, 125, 64.56, 87.89, , , , , 
1/31/2020 6:18:53 AM, 3274.5, 9171, 1642.4, 327.68, 222.6, 163.93, 323.87, 172.78, 245.81, 98.02, 30.6, 63.9, 125, 64.56, 87.89, , , , , 
1/31/2020 6:18:56 AM, 3274.5, 9170.75, 1642.4, 327.68, 222.6, 163.93, 323.87, 172.78, 245.81, 98.02, 30.6, 63.9, 125, 64.56, 87.89, , , , , 
1/31/2020 6:18:59 AM, 3274.5, 9171, 1642.4, 327.68, 222.6, 163.93, 323.87, 172.78, 245.81, 98.02, 30.6, 63.9, 125, 64.56, 87.89, , , , , 
1/31/2020 6:19:02 AM, 3274.75, 9170.75, 1642.4, 327.68, 222.6, 163.93, 323.87, 172.78, 245.81, 98.02, 30.6, 63.9, 125, 64.56, 87.89, , , , , 
1/31/2020 6:19:05 AM, 3274.5, 9170.25, 1642.4, 327.68, 222.6, 163.93, 323.87, 172.78, 245.81, 98.02, 30.6, 63.9, 125, 64.56, 87.89, , , , , 
1/31/2020 6:19:08 AM, 3274.5, 9170.5, 1642.4, 327.68, 222.6, 163.93, 323.87, 172.78, 245.81, 98.02, 30.6, 63.9, 125, 64.56, 87.89, , , , , 
1/31/2020 6:19:11 AM, 3274.75, 9170.5, 1642.7, 327.68, 222.6, 163.93, 323.87, 172.78, 245.81, 98.02, 30.6, 63.9, 125, 64.56, 87.89, , , , , 
1/31/2020 6:19:14 AM, 3274.75, 9170.5, 1642.7, 327.68, 222.6, 163.93, 323.87, 172.78, 245.81, 98.02, 30.6, 63.9, 125, 64.56, 87.89, , , , , 
1/31/2020 6:19:17 AM, 3274.75, 9170.5, 1642.5, 327.68, 222.6, 163.93, 323.87, 172.78, 245.81, 98.02, 30.6, 63.9, 125, 64.56, 87.89, , , , , 
1/31/2020 6:19:20 AM, 3274.75, 9170, 1642.5, 327.68, 222.6, 163.93, 323.87, 172.78, 245.81, 98.02, 30.6, 63.9, 125, 64.56, 87.89, , , , , 
1/31/2020 6:19:23 AM, 3274.75, 9170, 1642.5, 327.68, 222.6, 163.93, 323.87, 172.78, 245.81, 98.02, 30.6, 63.9, 125, 64.56, 87.89, , , , , 
1/31/2020 6:19:26 AM, 3274.5, 9169.5, 1642.4, 327.68, 222.6, 163.93, 323.87, 172.78, 245.81, 98.02, 30.6, 63.9, 125, 64.56, 87.89, , , , , 
1/31/2020 6:19:29 AM, 3274.5, 9169.5, 1642.4, 327.68, 222.6, 163.93, 323.87, 172.78, 245.81, 98.02, 30.6, 63.9, 125, 64.56, 87.89, , , , , 
1/31/2020 6:19:32 AM, 3274.5, 9170, 1642.4, 327.68, 222.6, 163.93, 323.87, 172.78, 245.81, 98.02, 30.6, 63.9, 125, 64.56, 87.89, , , , , 
1/31/2020 6:19:35 AM, 3274.5, 9169.75, 1642.4, 327.68, 222.6, 163.93, 323.87, 172.78, 245.81, 98.02, 30.6, 63.9, 125, 64.56, 87.89, , , , , 
1/31/2020 6:19:38 AM, 3274.5, 9169.75, 1642.4, 327.68, 222.6, 163.93, 323.87, 172.78, 245.81, 98.02, 30.6, 63.9, 125, 64.56, 87.89, , , , , 
1/31/2020 6:19:41 AM, 3274.5, 9169.75, 1642.4, 327.68, 222.6, 163.93, 323.87, 172.78, 245.81, 98.02, 30.6, 63.9, 125, 64.56, 87.89, , , , , 
1/31/2020 6:19:44 AM, 3274.5, 9169.75, 1642.4, 327.68, 222.6, 163.93, 323.87, 172.78, 245.81, 98.02, 30.6, 63.9, 125, 64.56, 87.89, , , , , 
1/31/2020 6:19:48 AM, 3274.5, 9169.75, 1642.4, 327.68, 222.6, 163.93, 323.87, 172.78, 245.81, 98.02, 30.6, 63.9, 125, 64.56, 87.89, , , , , 
1/31/2020 6:19:51 AM, 3274.5, 9169.5, 1642.4, 327.68, 222.6, 163.93, 323.87, 172.78, 245.81, 98.02, 30.6, 63.9, 125, 64.56, 87.89, , , , , 
1/31/2020 6:19:54 AM, 3274.5, 9169.25, 1642.4, 327.68, 222.6, 163.93, 323.87, 172.78, 245.81, 98.02, 30.6, 63.9, 125, 64.56, 87.89, , , , , 
1/31/2020 6:19:57 AM, 3274.5, 9169.25, 1642.2, 327.68, 222.6, 163.93, 323.87, 172.78, 245.81, 98.02, 30.6, 63.9, 125, 64.56, 87.89, , , , , 
1/31/2020 6:20:00 AM, 3274.25, 9169.5, 1642.2, 327.68, 222.6, 163.93, 323.87, 172.78, 245.81, 98.02, 30.6, 63.9, 125, 64.56, 87.89, , , , , 
1/31/2020 6:20:03 AM, 3274.25, 9168.75, 1642.2, 327.68, 222.6, 163.93, 323.87, 172.78, 245.81, 98.02, 30.6, 63.9, 125, 64.56, 87.89, , , , , 
1/31/2020 6:20:06 AM, 3273.75, 9167.25, 1641.9, 327.68, 222.6, 163.93, 323.87, 172.78, 245.81, 98.02, 30.6, 63.9, 125, 64.56, 87.89, , , , , 
1/31/2020 6:20:09 AM, 3273.75, 9167.5, 1642, 327.68, 222.6, 163.93, 323.87, 172.78, 245.81, 98.02, 30.6, 63.9, 125, 64.56, 87.89, , , , , 
1/31/2020 6:20:12 AM, 3274, 9168.5, 1642, 327.68, 222.6, 163.93, 323.87, 172.78, 245.81, 98.02, 30.6, 63.9, 125, 64.56, 87.89, , , , , 
1/31/2020 6:20:15 AM, 3274, 9168.25, 1642.1, 327.68, 222.6, 163.93, 323.87, 172.78, 245.81, 98.02, 30.6, 63.9, 125, 64.56, 87.89, , , , , 
1/31/2020 6:20:18 AM, 3274, 9168.5, 1642.1, 327.68, 222.6, 163.93, 323.87, 172.78, 245.81, 98.02, 30.6, 63.9, 125, 64.56, 87.89, , , , , 
1/31/2020 6:20:21 AM, 3274, 9168.25, 1642.1, 327.68, 222.6, 163.93, 323.87, 172.78, 245.81, 98.02, 30.6, 63.9, 125, 64.56, 87.89, , , , , 
1/31/2020 6:20:24 AM, 3274.25, 9168.25, 1642.2, 327.68, 222.6, 163.93, 323.87, 172.78, 245.81, 98.02, 30.6, 63.9, 125, 64.56, 87.89, , , , , 
1/31/2020 6:20:27 AM, 3274.25, 9168.25, 1642.2, 327.68, 222.6, 163.93, 323.87, 172.78, 245.81, 98.02, 30.6, 63.9, 125, 64.56, 87.89, , , , , 
1/31/2020 6:20:30 AM, 3274.5, 9169.25, 1642.3, 327.68, 222.6, 163.93, 323.87, 172.78, 245.81, 98.02, 30.6, 63.9, 125, 64.56, 87.89, , , , , 
1/31/2020 6:20:33 AM, 3274.5, 9169, 1642.3, 327.68, 222.6, 163.93, 323.87, 172.78, 245.81, 98.02, 30.6, 63.9, 125, 64.56, 87.89, , , , , 
1/31/2020 6:20:36 AM, 3274.25, 9168.25, 1642.3, 327.68, 222.6, 163.93, 323.87, 172.78, 245.81, 98.02, 30.6, 63.9, 125, 64.56, 87.89, , , , , 
1/31/2020 6:20:39 AM, 3274.25, 9168.25, 1642.3, 327.68, 222.6, 163.93, 323.87, 172.78, 245.81, 98.02, 30.6, 63.9, 125, 64.56, 87.89, , , , , 
1/31/2020 6:20:42 AM, 3274.25, 9168.25, 1642.3, 327.68, 222.6, 163.93, 323.87, 172.78, 245.81, 98.02, 30.6, 63.9, 125, 64.56, 87.89, , , , , 
1/31/2020 6:20:45 AM, 3274.25, 9167.5, 1642.1, 327.68, 222.6, 163.93, 323.87, 172.78, 245.81, 98.02, 30.6, 63.9, 125, 64.56, 87.89, , , , , 
1/31/2020 6:20:48 AM, 3273.75, 9166.25, 1642, 327.68, 222.6, 163.93, 323.87, 172.78, 245.81, 98.02, 30.6, 63.9, 125, 64.56, 87.89, , , , , 
1/31/2020 6:20:51 AM, 3273.75, 9166.25, 1642, 327.68, 222.6, 163.93, 323.87, 172.78, 245.81, 98.02, 30.6, 63.9, 125, 64.56, 87.89, , , , , 
1/31/2020 6:20:54 AM, 3273.75, 9166.5, 1642, 327.68, 222.6, 163.93, 323.87, 172.78, 245.81, 98.02, 30.6, 63.9, 125, 64.56, 87.89, , , , , 
1/31/2020 6:20:57 AM, 3273.75, 9166.25, 1642, 327.68, 222.6, 163.93, 323.87, 172.78, 245.81, 98.02, 30.6, 63.9, 125, 64.56, 87.89, , , , , 
1/31/2020 6:21:00 AM, 3273.75, 9165.25, 1642, 327.68, 222.6, 163.93, 323.87, 172.78, 245.81, 98.02, 30.6, 63.9, 125, 64.56, 87.89, , , , , 
1/31/2020 6:21:03 AM, 3273.75, 9166, 1642, 327.68, 222.6, 163.93, 323.87, 172.78, 245.81, 98.02, 30.6, 63.9, 125, 64.56, 87.89, , , , , 
1/31/2020 6:21:06 AM, 3273.75, 9165.75, 1642, 327.68, 222.6, 163.93, 323.87, 172.78, 245.81, 98.02, 30.6, 63.9, 125, 64.56, 87.89, , , , , 
1/31/2020 6:21:09 AM, 3273.75, 9165.75, 1642, 327.68, 222.6, 163.93, 323.87, 172.78, 245.81, 98.02, 30.6, 63.9, 125, 64.56, 87.89, , , , , 
1/31/2020 6:21:12 AM, 3274, 9166.25, 1642.1, 327.68, 222.6, 163.93, 323.87, 172.78, 245.81, 98.02, 30.6, 63.9, 125, 64.56, 87.89, , , , , 
1/31/2020 6:21:15 AM, 3273.75, 9165.25, 1642, 327.68, 222.6, 163.93, 323.87, 172.78, 245.81, 98.02, 30.6, 63.9, 125, 64.56, 87.89, , , , , 
1/31/2020 6:21:18 AM, 3273.75, 9165.25, 1642, 327.68, 222.6, 163.93, 323.87, 172.78, 245.81, 98.02, 30.6, 63.9, 125, 64.56, 87.89, , , , , 
1/31/2020 6:21:21 AM, 3273.75, 9165.25, 1641.9, 327.68, 222.6, 163.93, 323.87, 172.78, 245.81, 98.02, 30.6, 63.9, 125, 64.56, 87.89, , , , , 
1/31/2020 6:21:24 AM, 3273.75, 9165.25, 1641.9, 327.68, 222.6, 163.93, 323.87, 172.78, 245.81, 98.02, 30.6, 63.9, 125, 64.56, 87.89, , , , , 
1/31/2020 6:21:27 AM, 3273.75, 9166, 1641.9, 327.68, 222.6, 163.93, 323.87, 172.78, 245.81, 98.02, 30.6, 63.9, 125, 64.56, 87.89, , , , , 
1/31/2020 6:21:30 AM, 3273.75, 9166, 1641.9, 327.68, 222.6, 163.93, 323.87, 172.78, 245.81, 98.02, 30.6, 63.9, 125, 64.56, 87.89, , , , , 
1/31/2020 6:21:33 AM, 3273.5, 9165.25, 1641.9, 327.68, 222.6, 163.93, 323.87, 172.78, 245.81, 98.02, 30.6, 63.9, 125, 64.56, 87.89, , , , , 
1/31/2020 6:21:36 AM, 3273.5, 9165.25, 1641.9, 327.68, 222.6, 163.93, 323.87, 172.78, 245.81, 98.02, 30.6, 63.9, 125, 64.56, 87.89, , , , , 
1/31/2020 6:21:39 AM, 3273.5, 9165.25, 1641.9, 327.68, 222.6, 163.93, 323.87, 172.78, 245.81, 98.02, 30.6, 63.9, 125, 64.56, 87.89, , , , , 
1/31/2020 6:21:42 AM, 3273.5, 9165.25, 1641.9, 327.68, 222.6, 163.93, 323.87, 172.78, 245.81, 98.02, 30.6, 63.9, 125, 64.56, 87.89, , , , , 
1/31/2020 6:21:45 AM, 3273.5, 9164.75, 1641.9, 327.68, 222.6, 163.93, 323.87, 172.78, 245.81, 98.02, 30.6, 63.9, 125, 64.56, 87.89, , , , , 
1/31/2020 6:21:48 AM, 3273.5, 9164.75, 1641.9, 327.68, 222.6, 163.93, 323.87, 172.78, 245.81, 98.02, 30.6, 63.9, 125, 64.56, 87.89, , , , , 
1/31/2020 6:21:51 AM, 3273.25, 9164.5, 1641.8, 327.68, 222.6, 163.93, 323.87, 172.78, 245.81, 98.02, 30.6, 63.9, 125, 64.56, 87.89, , , , , 
1/31/2020 6:21:54 AM, 3273.25, 9164.5, 1641.8, 327.68, 222.6, 163.93, 323.87, 172.78, 245.81, 98.02, 30.6, 63.9, 125, 64.56, 87.89, , , , , 
1/31/2020 6:21:57 AM, 3273.5, 9165, 1641.9, 327.68, 222.6, 163.93, 323.87, 172.78, 245.81, 98.02, 30.6, 63.9, 125, 64.56, 87.89, , , , , 
1/31/2020 6:22:00 AM, 3273.5, 9165, 1641.9, 327.68, 222.6, 163.93, 323.87, 172.78, 245.81, 98.02, 30.6, 63.9, 125, 64.56, 87.89, , , , , 
1/31/2020 6:22:03 AM, 3273.5, 9164.5, 1641.9, 327.68, 222.6, 163.93, 323.87, 172.78, 245.81, 98.02, 30.6, 63.9, 125, 64.56, 87.89, , , , , 
1/31/2020 6:22:06 AM, 3273.5, 9164.5, 1641.9, 327.68, 222.6, 163.93, 323.87, 172.78, 245.81, 98.02, 30.6, 63.9, 125, 64.56, 87.89, , , , , 
1/31/2020 6:22:09 AM, 3273.25, 9164.5, 1641.9, 327.68, 222.6, 163.93, 323.87, 172.78, 245.81, 98.02, 30.6, 63.9, 125, 64.56, 87.89, , , , , 
1/31/2020 6:22:12 AM, 3273.25, 9164.5, 1641.9, 327.68, 222.6, 163.93, 323.87, 172.78, 245.81, 98.02, 30.6, 63.9, 125, 64.56, 87.89, , , , , 
1/31/2020 6:22:16 AM, 3273.25, 9164.25, 1641.8, 327.68, 222.6, 163.93, 323.87, 172.78, 245.81, 98.02, 30.6, 63.9, 125, 64.56, 87.89, , , , , 
1/31/2020 6:22:19 AM, 3273.25, 9164.25, 1641.8, 327.68, 222.6, 163.93, 323.87, 172.78, 245.81, 98.02, 30.6, 63.9, 125, 64.56, 87.89, , , , , 
1/31/2020 6:22:22 AM, 3273.5, 9164.5, 1641.8, 327.68, 222.6, 163.93, 323.87, 172.78, 245.81, 98.02, 30.6, 63.9, 125, 64.56, 87.89, , , , , 
1/31/2020 6:22:25 AM, 3273.5, 9164.5, 1641.8, 327.68, 222.6, 163.93, 323.87, 172.78, 245.81, 98.02, 30.6, 63.9, 125, 64.56, 87.89, , , , , 
1/31/2020 6:22:28 AM, 3273.5, 9164.75, 1641.8, 327.68, 222.6, 163.93, 323.87, 172.78, 245.81, 98.02, 30.6, 63.9, 125, 64.56, 87.89, , , , , 
1/31/2020 6:22:31 AM, 3273.5, 9164.75, 1641.8, 327.68, 222.6, 163.93, 323.87, 172.78, 245.81, 98.02, 30.6, 63.9, 125, 64.56, 87.89, , , , , 
1/31/2020 6:22:34 AM, 3273.25, 9164.75, 1641.9, 327.68, 222.6, 163.93, 323.87, 172.78, 245.81, 98.02, 30.6, 63.9, 125, 64.56, 87.89, , , , , 
1/31/2020 6:22:37 AM, 3273.25, 9164.75, 1641.9, 327.68, 222.6, 163.93, 323.87, 172.78, 245.81, 98.02, 30.6, 63.9, 125, 64.56, 87.89, , , , , 
1/31/2020 6:22:40 AM, 3273.25, 9164, 1641.8, 327.68, 222.6, 163.93, 323.87, 172.78, 245.81, 98.02, 30.6, 63.9, 125, 64.56, 87.89, , , , , 
1/31/2020 6:22:43 AM, 3273.25, 9164, 1641.8, 327.68, 222.6, 163.93, 323.87, 172.78, 245.81, 98.02, 30.6, 63.9, 125, 64.56, 87.89, , , , , 
1/31/2020 6:22:46 AM, 3273.25, 9164.75, 1641.8, 327.68, 222.6, 163.93, 323.87, 172.78, 245.81, 98.02, 30.6, 63.9, 125, 64.56, 87.89, , , , , 
1/31/2020 6:22:49 AM, 3273.25, 9164.75, 1641.8, 327.68, 222.6, 163.93, 323.87, 172.78, 245.81, 98.02, 30.6, 63.9, 125, 64.56, 87.89, , , , , 
1/31/2020 6:22:52 AM, 3273, 9163.5, 1641.6, 327.68, 222.6, 163.93, 323.87, 172.78, 245.81, 98.02, 30.6, 63.9, 125, 64.56, 87.89, , , , , 
1/31/2020 6:22:55 AM, 3273, 9163.5, 1641.6, 327.68, 222.6, 163.93, 323.87, 172.78, 245.81, 98.02, 30.6, 63.9, 125, 64.56, 87.89, , , , , 
1/31/2020 6:22:58 AM, 3273, 9163.25, 1641.6, 327.68, 222.6, 163.93, 323.87, 172.78, 245.81, 98.02, 30.6, 63.9, 125, 64.56, 87.89, , , , , 
1/31/2020 6:23:01 AM, 3273, 9163.25, 1641.6, 327.68, 222.6, 163.93, 323.87, 172.78, 245.81, 98.02, 30.6, 63.9, 125, 64.56, 87.89, , , , , 
1/31/2020 6:23:04 AM, 3273, 9163.5, 1641.6, 327.68, 222.6, 163.93, 323.87, 172.78, 245.81, 98.02, 30.6, 63.9, 125, 64.56, 87.89, , , , , 
1/31/2020 6:23:07 AM, 3273, 9163.5, 1641.6, 327.68, 222.6, 163.93, 323.87, 172.78, 245.81, 98.02, 30.6, 63.9, 125, 64.56, 87.89, , , , , 
1/31/2020 6:23:10 AM, 3273, 9163.25, 1641.6, 327.68, 222.6, 163.93, 323.87, 172.78, 245.81, 98.02, 30.6, 63.9, 125, 64.56, 87.89, , , , , 
1/31/2020 6:23:13 AM, 3273, 9163.25, 1641.6, 327.68, 222.6, 163.93, 323.87, 172.78, 245.81, 98.02, 30.6, 63.9, 125, 64.56, 87.89, , , , , 
1/31/2020 6:23:16 AM, 3273, 9163, 1641.7, 327.68, 222.6, 163.93, 323.87, 172.78, 245.81, 98.02, 30.6, 63.9, 125, 64.56, 87.89, , , , , 
1/31/2020 6:23:19 AM, 3273, 9163, 1641.7, 327.68, 222.6, 163.93, 323.87, 172.78, 245.81, 98.02, 30.6, 63.9, 125, 64.56, 87.89, , , , , 
1/31/2020 6:23:22 AM, 3273, 9163.5, 1641.7, 327.68, 222.6, 163.93, 323.87, 172.78, 245.81, 98.02, 30.6, 63.9, 125, 64.56, 87.89, , , , , 
1/31/2020 6:23:25 AM, 3273, 9163.5, 1641.7, 327.68, 222.6, 163.93, 323.87, 172.78, 245.81, 98.02, 30.6, 63.9, 125, 64.56, 87.89, , , , , 
1/31/2020 6:23:28 AM, 3273.5, 9163.75, 1641.8, 327.68, 222.6, 163.93, 323.87, 172.78, 245.81, 98.02, 30.6, 63.9, 125, 64.56, 87.89, , , , , 
1/31/2020 6:23:31 AM, 3273.5, 9164, 1641.9, 327.68, 222.6, 163.93, 323.87, 172.78, 245.81, 98.02, 30.6, 63.9, 125, 64.56, 87.89, , , , , 
1/31/2020 6:23:34 AM, 3273.5, 9164, 1641.9, 327.68, 222.6, 163.93, 323.87, 172.78, 245.81, 98.02, 30.6, 63.9, 125, 64.56, 87.89, , , , , 
1/31/2020 6:23:37 AM, 3273.5, 9164.25, 1641.9, 327.68, 222.6, 163.93, 323.87, 172.78, 245.81, 98.02, 30.6, 63.9, 125, 64.56, 87.89, , , , , 
1/31/2020 6:23:40 AM, 3273.75, 9164.25, 1641.9, 327.68, 222.6, 163.93, 323.87, 172.78, 245.81, 98.02, 30.6, 63.9, 125, 64.56, 87.89, , , , , 
1/31/2020 6:23:43 AM, 3273.75, 9164.5, 1641.9, 327.68, 222.6, 163.93, 323.87, 172.78, 245.81, 98.02, 30.6, 63.9, 125, 64.56, 87.89, , , , , 
1/31/2020 6:23:46 AM, 3273.75, 9164.5, 1641.9, 327.68, 222.6, 163.93, 323.87, 172.78, 245.81, 98.02, 30.6, 63.9, 125, 64.56, 87.89, , , , , 
1/31/2020 6:23:49 AM, 3273.75, 9164.5, 1641.9, 327.68, 222.6, 163.93, 323.87, 172.78, 245.81, 98.02, 30.6, 63.9, 125, 64.56, 87.89, , , , , 
1/31/2020 6:23:52 AM, 3273.75, 9164.75, 1641.9, 327.68, 222.6, 163.93, 323.87, 172.78, 245.81, 98.02, 30.6, 63.9, 125, 64.56, 87.89, , , , , 
1/31/2020 6:23:55 AM, 3273.75, 9164.25, 1642, 327.68, 222.6, 163.93, 323.87, 172.78, 245.81, 98.02, 30.6, 63.9, 125, 64.56, 87.89, , , , , 
1/31/2020 6:23:58 AM, 3273.75, 9164.25, 1642, 327.68, 222.6, 163.93, 323.87, 172.78, 245.81, 98.02, 30.6, 63.9, 125, 64.56, 87.89, , , , , 
1/31/2020 6:24:01 AM, 3273.75, 9164, 1642, 327.68, 222.6, 163.93, 323.87, 172.78, 245.81, 98.02, 30.6, 63.9, 125, 64.56, 87.89, , , , , 
1/31/2020 6:24:04 AM, 3273.5, 9164, 1642, 327.68, 222.6, 163.93, 323.87, 172.78, 245.81, 98.02, 30.6, 63.9, 125, 64.56, 87.89, , , , , 
1/31/2020 6:24:07 AM, 3274, 9165.25, 1642, 327.68, 222.6, 163.93, 323.87, 172.78, 245.81, 98.02, 30.6, 63.9, 125, 64.56, 87.89, , , , , 
1/31/2020 6:24:10 AM, 3273.75, 9164.5, 1642, 327.68, 222.6, 163.93, 323.87, 172.78, 245.81, 98.02, 30.6, 63.9, 125, 64.56, 87.89, , , , , 
1/31/2020 6:24:13 AM, 3273.75, 9164.5, 1642, 327.68, 222.6, 163.93, 323.87, 172.78, 245.81, 98.02, 30.6, 63.9, 125, 64.56, 87.89, , , , , 
1/31/2020 6:24:16 AM, 3273.75, 9164.5, 1642, 327.68, 222.6, 163.93, 323.87, 172.78, 245.81, 98.02, 30.6, 63.9, 125, 64.56, 87.89, , , , , 
1/31/2020 6:24:19 AM, 3273.75, 9164.5, 1642, 327.68, 222.6, 163.93, 323.87, 172.78, 245.81, 98.02, 30.6, 63.9, 125, 64.56, 87.89, , , , , 
1/31/2020 6:24:22 AM, 3273.75, 9164.5, 1642, 327.68, 222.6, 163.93, 323.87, 172.78, 245.81, 98.02, 30.6, 63.9, 125, 64.56, 87.89, , , , , 
1/31/2020 6:24:25 AM, 3273.75, 9164.5, 1642, 327.68, 222.6, 163.93, 323.87, 172.78, 245.81, 98.02, 30.6, 63.9, 125, 64.56, 87.89, , , , , 
1/31/2020 6:24:29 AM, 3273.75, 9164, 1642, 327.68, 222.6, 163.93, 323.87, 172.78, 245.81, 98.02, 30.6, 63.9, 125, 64.56, 87.89, , , , , 
1/31/2020 6:24:32 AM, 3273.75, 9164.25, 1642, 327.68, 222.6, 163.93, 323.87, 172.78, 245.81, 98.02, 30.6, 63.9, 125, 64.56, 87.89, , , , , 
1/31/2020 6:24:35 AM, 3273.75, 9164, 1642, 327.68, 222.6, 163.93, 323.87, 172.78, 245.81, 98.02, 30.6, 63.9, 125, 64.56, 87.89, , , , , 
1/31/2020 6:24:38 AM, 3273.75, 9164, 1642, 327.68, 222.6, 163.93, 323.87, 172.78, 245.81, 98.02, 30.6, 63.9, 125, 64.56, 87.89, , , , , 
1/31/2020 6:24:41 AM, 3273.75, 9164, 1642, 327.68, 222.6, 163.93, 323.87, 172.78, 245.81, 98.02, 30.6, 63.9, 125, 64.56, 87.89, , , , , 
1/31/2020 6:24:44 AM, 3273.25, 9163.5, 1641.7, 327.68, 222.6, 163.93, 323.87, 172.78, 245.81, 98.02, 30.6, 63.9, 125, 64.56, 87.89, , , , , 
1/31/2020 6:24:47 AM, 3273.25, 9163.5, 1641.7, 327.68, 222.6, 163.93, 323.87, 172.78, 245.81, 98.02, 30.6, 63.9, 125, 64.56, 87.89, , , , , 
1/31/2020 6:24:50 AM, 3273.25, 9164, 1641.8, 327.68, 222.6, 163.93, 323.87, 172.78, 245.81, 98.02, 30.6, 63.9, 125, 64.56, 87.89, , , , , 
1/31/2020 6:24:53 AM, 3273.25, 9164, 1641.8, 327.68, 222.6, 163.93, 323.87, 172.78, 245.81, 98.02, 30.6, 63.9, 125, 64.56, 87.89, , , , , 
1/31/2020 6:24:56 AM, 3273.25, 9163.5, 1641.8, 327.68, 222.6, 163.93, 323.87, 172.78, 245.81, 98.02, 30.6, 63.9, 125, 64.56, 87.89, , , , , 
1/31/2020 6:24:59 AM, 3273.25, 9163.5, 1641.8, 327.68, 222.6, 163.93, 323.87, 172.78, 245.81, 98.02, 30.6, 63.9, 125, 64.56, 87.89, , , , , 
1/31/2020 6:25:02 AM, 3272.5, 9161.25, 1641.4, 327.68, 222.6, 163.93, 323.87, 172.78, 245.81, 98.02, 30.6, 63.9, 125, 64.56, 87.89, , , , , 
1/31/2020 6:25:05 AM, 3272.5, 9161.25, 1641.4, 327.68, 222.6, 163.93, 323.87, 172.78, 245.81, 98.02, 30.6, 63.9, 125, 64.56, 87.89, , , , , 
1/31/2020 6:25:08 AM, 3272.75, 9162.5, 1641.6, 327.68, 222.6, 163.93, 323.87, 172.78, 245.81, 98.02, 30.6, 63.9, 125, 64.56, 87.89, , , , , 
1/31/2020 6:25:11 AM, 3272.75, 9162.5, 1641.6, 327.68, 222.6, 163.93, 323.87, 172.78, 245.81, 98.02, 30.6, 63.9, 125, 64.56, 87.89, , , , , 
1/31/2020 6:25:14 AM, 3272.75, 9162.75, 1641.7, 327.68, 222.6, 163.93, 323.87, 172.78, 245.81, 98.02, 30.6, 63.9, 125, 64.56, 87.89, , , , , 
1/31/2020 6:25:17 AM, 3272.75, 9162.75, 1641.7, 327.68, 222.6, 163.93, 323.87, 172.78, 245.81, 98.02, 30.6, 63.9, 125, 64.56, 87.89, , , , , 
1/31/2020 6:25:20 AM, 3272.75, 9162.5, 1641.7, 327.68, 222.6, 163.93, 323.87, 172.78, 245.81, 98.02, 30.6, 63.9, 125, 64.56, 87.89, , , , , 
1/31/2020 6:25:23 AM, 3272.75, 9162.5, 1641.7, 327.68, 222.6, 163.93, 323.87, 172.78, 245.81, 98.02, 30.6, 63.9, 125, 64.56, 87.89, , , , , 
1/31/2020 6:25:26 AM, 3272.75, 9162.25, 1641.7, 327.68, 222.6, 163.93, 323.87, 172.78, 245.81, 98.02, 30.6, 63.9, 125, 64.56, 87.89, , , , , 
1/31/2020 6:25:29 AM, 3272.75, 9162.25, 1641.7, 327.68, 222.6, 163.93, 323.87, 172.78, 245.81, 98.02, 30.6, 63.9, 125, 64.56, 87.89, , , , , 
1/31/2020 6:25:32 AM, 3272.25, 9160.75, 1641.3, 327.68, 222.6, 163.93, 323.87, 172.78, 245.81, 98.02, 30.6, 63.9, 125, 64.56, 87.89, , , , , 
1/31/2020 6:25:35 AM, 3272.25, 9159.25, 1641.1, 327.68, 222.6, 163.93, 323.87, 172.78, 245.81, 98.02, 30.6, 63.9, 125, 64.56, 87.89, , , , , 
1/31/2020 6:25:38 AM, 3271.75, 9159, 1640.9, 327.68, 222.6, 163.93, 323.87, 172.78, 245.81, 98.02, 30.6, 63.9, 125, 64.56, 87.89, , , , , 
1/31/2020 6:25:41 AM, 3272, 9158.5, 1641.1, 327.68, 222.6, 163.93, 323.87, 172.78, 245.81, 98.02, 30.6, 63.9, 125, 64.56, 87.89, , , , , 
1/31/2020 6:25:44 AM, 3271.75, 9158.75, 1640.9, 327.68, 222.6, 163.93, 323.87, 172.78, 245.81, 98.02, 30.6, 63.9, 125, 64.56, 87.89, , , , , 
1/31/2020 6:25:47 AM, 3272, 9158.75, 1640.9, 327.68, 222.6, 163.93, 323.87, 172.78, 245.81, 98.02, 30.6, 63.9, 125, 64.56, 87.89, , , , , 
1/31/2020 6:25:50 AM, 3271.75, 9159, 1640.9, 327.68, 222.6, 163.93, 323.87, 172.78, 245.81, 98.02, 30.6, 63.9, 125, 64.56, 87.89, , , , , 
1/31/2020 6:25:53 AM, 3271.75, 9159, 1640.9, 327.68, 222.6, 163.93, 323.87, 172.78, 245.81, 98.02, 30.6, 63.9, 125, 64.56, 87.89, , , , , 
1/31/2020 6:25:56 AM, 3271.5, 9158.25, 1640.8, 327.68, 222.6, 163.93, 323.87, 172.78, 245.81, 98.02, 30.6, 63.9, 125, 64.56, 87.89, , , , , 
1/31/2020 6:25:59 AM, 3271.5, 9158, 1640.8, 327.68, 222.6, 163.93, 323.87, 172.78, 245.81, 98.02, 30.6, 63.9, 125, 64.56, 87.89, , , , , 
1/31/2020 6:26:02 AM, 3271.5, 9158.25, 1640.9, 327.68, 222.6, 163.93, 323.87, 172.78, 245.81, 98.02, 30.6, 63.9, 125, 64.56, 87.89, , , , , 
1/31/2020 6:26:05 AM, 3271.5, 9158.75, 1640.9, 327.68, 222.6, 163.93, 323.87, 172.78, 245.81, 98.02, 30.6, 63.9, 125, 64.56, 87.89, , , , , 
1/31/2020 6:26:08 AM, 3271.75, 9159.75, 1640.9, 327.68, 222.6, 163.93, 323.87, 172.78, 245.81, 98.02, 30.6, 63.9, 125, 64.56, 87.89, , , , , 
1/31/2020 6:26:11 AM, 3271.5, 9160, 1640.8, 327.68, 222.6, 163.93, 323.87, 172.78, 245.81, 98.02, 30.6, 63.9, 125, 64.56, 87.89, , , , , 
1/31/2020 6:26:14 AM, 3271.75, 9159.5, 1640.8, 327.68, 222.6, 163.93, 323.87, 172.78, 245.81, 98.02, 30.6, 63.9, 125, 64.56, 87.89, , , , , 
1/31/2020 6:26:17 AM, 3271.75, 9159.5, 1640.8, 327.68, 222.6, 163.93, 323.87, 172.78, 245.81, 98.02, 30.6, 63.9, 125, 64.56, 87.89, , , , , 
1/31/2020 6:26:20 AM, 3271.5, 9158.5, 1640.8, 327.68, 222.6, 163.93, 323.87, 172.78, 245.81, 98.02, 30.6, 63.9, 125, 64.56, 87.89, , , , , 
1/31/2020 6:26:23 AM, 3271.5, 9158.75, 1640.8, 327.68, 222.6, 163.93, 323.87, 172.78, 245.81, 98.02, 30.6, 63.9, 125, 64.56, 87.89, , , , , 
1/31/2020 6:26:26 AM, 3271.25, 9159, 1640.8, 327.68, 222.6, 163.93, 323.87, 172.78, 245.81, 98.02, 30.6, 63.9, 125, 64.56, 87.89, , , , , 
1/31/2020 6:26:29 AM, 3271.5, 9159.25, 1640.8, 327.68, 222.6, 163.93, 323.87, 172.78, 245.81, 98.02, 30.6, 63.9, 125, 64.56, 87.89, , , , , 
1/31/2020 6:26:32 AM, 3271.25, 9159.25, 1640.8, 327.68, 222.6, 163.93, 323.87, 172.78, 245.81, 98.02, 30.6, 63.9, 125, 64.56, 87.89, , , , , 
1/31/2020 6:26:35 AM, 3271.5, 9159.5, 1640.7, 327.68, 222.6, 163.93, 323.87, 172.78, 245.81, 98.02, 30.6, 63.9, 125, 64.56, 87.89, , , , , 
1/31/2020 6:26:38 AM, 3271.5, 9159.25, 1640.7, 327.68, 222.6, 163.93, 323.87, 172.78, 245.81, 98.02, 30.6, 63.9, 125, 64.56, 87.89, , , , , 
1/31/2020 6:26:41 AM, 3271.5, 9159, 1640.7, 327.68, 222.6, 163.93, 323.87, 172.78, 245.81, 98.02, 30.6, 63.9, 125, 64.56, 87.89, , , , , 
1/31/2020 6:26:44 AM, 3271.5, 9159.25, 1640.7, 327.68, 222.6, 163.93, 323.87, 172.78, 245.81, 98.02, 30.6, 63.9, 125, 64.56, 87.89, , , , , 
1/31/2020 6:26:47 AM, 3271.25, 9158.25, 1640.7, 327.68, 222.6, 163.93, 323.87, 172.78, 245.81, 98.02, 30.6, 63.9, 125, 64.56, 87.89, , , , , 
1/31/2020 6:26:51 AM, 3271, 9158.25, 1640.5, 327.68, 222.6, 163.93, 323.87, 172.78, 245.81, 98.02, 30.6, 63.9, 125, 64.56, 87.89, , , , , 
1/31/2020 6:26:54 AM, 3271, 9158, 1640.5, 327.68, 222.6, 163.93, 323.87, 172.78, 245.81, 98.02, 30.6, 63.9, 125, 64.56, 87.89, , , , , 
1/31/2020 6:26:57 AM, 3271, 9158.25, 1640.5, 327.68, 222.6, 163.93, 323.87, 172.78, 245.81, 98.02, 30.6, 63.9, 125, 64.56, 87.89, , , , , 
1/31/2020 6:27:00 AM, 3271, 9158.25, 1640.5, 327.68, 222.6, 163.93, 323.87, 172.78, 245.81, 98.02, 30.6, 63.9, 125, 64.56, 87.89, , , , , 
1/31/2020 6:27:03 AM, 3271, 9157, 1640.5, 327.68, 222.6, 163.93, 323.87, 172.78, 245.81, 98.02, 30.6, 63.9, 125, 64.56, 87.89, , , , , 
1/31/2020 6:27:06 AM, 3270.75, 9157.5, 1640.5, 327.68, 222.6, 163.93, 323.87, 172.78, 245.81, 98.02, 30.6, 63.9, 125, 64.56, 87.89, , , , , 
1/31/2020 6:27:09 AM, 3270.75, 9157.25, 1640.5, 327.68, 222.6, 163.93, 323.87, 172.78, 245.81, 98.02, 30.6, 63.9, 125, 64.56, 87.89, , , , , 
1/31/2020 6:27:12 AM, 3270.75, 9156.5, 1640.3, 327.68, 222.6, 163.93, 323.87, 172.78, 245.81, 98.02, 30.6, 63.9, 125, 64.56, 87.89, , , , , 
1/31/2020 6:27:15 AM, 3270.5, 9156, 1640.2, 327.68, 222.6, 163.93, 323.87, 172.78, 245.81, 98.02, 30.6, 63.9, 125, 64.56, 87.89, , , , , 
1/31/2020 6:27:18 AM, 3270.5, 9155, 1640.1, 327.68, 222.6, 163.93, 323.87, 172.78, 245.81, 98.02, 30.6, 63.9, 125, 64.56, 87.89, , , , , 
1/31/2020 6:27:21 AM, 3270.25, 9154.75, 1639.9, 327.68, 222.6, 163.93, 323.87, 172.78, 245.81, 98.02, 30.6, 63.9, 125, 64.56, 87.89, , , , , 
1/31/2020 6:27:24 AM, 3270.25, 9154.75, 1639.9, 327.68, 222.6, 163.93, 323.87, 172.78, 245.81, 98.02, 30.6, 63.9, 125, 64.56, 87.89, , , , , 
1/31/2020 6:27:27 AM, 3270.5, 9155, 1639.9, 327.68, 222.6, 163.93, 323.87, 172.78, 245.81, 98.02, 30.6, 63.9, 125, 64.56, 87.89, , , , , 
1/31/2020 6:27:30 AM, 3269.75, 9153.5, 1639.6, 327.68, 222.6, 163.93, 323.87, 172.78, 245.81, 98.02, 30.6, 63.9, 125, 64.56, 87.89, , , , , 
1/31/2020 6:27:33 AM, 3270.25, 9155, 1639.9, 327.68, 222.6, 163.93, 323.87, 172.78, 245.81, 98.02, 30.6, 63.9, 125, 64.56, 87.89, , , , , 
1/31/2020 6:27:36 AM, 3270, 9154.25, 1639.9, 327.68, 222.6, 163.93, 323.87, 172.78, 245.81, 98.02, 30.6, 63.9, 125, 64.56, 87.89, , , , , 
1/31/2020 6:27:39 AM, 3270.25, 9155.25, 1640, 327.68, 222.6, 163.93, 323.87, 172.78, 245.81, 98.02, 30.6, 63.9, 125, 64.56, 87.89, , , , , 
1/31/2020 6:27:42 AM, 3270.25, 9155, 1640, 327.68, 222.6, 163.93, 323.87, 172.78, 245.81, 98.02, 30.6, 63.9, 125, 64.56, 87.89, , , , , 
1/31/2020 6:27:45 AM, 3270.25, 9155.5, 1639.9, 327.68, 222.6, 163.93, 323.87, 172.78, 245.81, 98.02, 30.6, 63.9, 125, 64.56, 87.89, , , , , 
1/31/2020 6:27:48 AM, 3270.25, 9155.75, 1639.9, 327.68, 222.6, 163.93, 323.87, 172.78, 245.81, 98.02, 30.6, 63.9, 125, 64.56, 87.89, , , , , 
1/31/2020 6:27:51 AM, 3270.25, 9156, 1639.9, 327.68, 222.6, 163.93, 323.87, 172.78, 245.81, 98.02, 30.6, 63.9, 125, 64.56, 87.89, , , , , 
1/31/2020 6:27:54 AM, 3270.25, 9155.75, 1639.9, 327.68, 222.6, 163.93, 323.87, 172.78, 245.81, 98.02, 30.6, 63.9, 125, 64.56, 87.89, , , , , 
1/31/2020 6:27:57 AM, 3270.25, 9156, 1639.9, 327.68, 222.6, 163.93, 323.87, 172.78, 245.81, 98.02, 30.6, 63.9, 125, 64.56, 87.89, , , , , 
1/31/2020 6:28:00 AM, 3270.25, 9155.5, 1640, 327.68, 222.6, 163.93, 323.87, 172.78, 245.81, 98.02, 30.6, 63.9, 125, 64.56, 87.89, , , , , 
1/31/2020 6:28:03 AM, 3270.25, 9155.5, 1640.1, 327.68, 222.6, 163.93, 323.87, 172.78, 245.81, 98.02, 30.6, 63.9, 125, 64.56, 87.89, , , , , 
1/31/2020 6:28:06 AM, 3270.25, 9155.75, 1640.1, 327.68, 222.6, 163.93, 323.87, 172.78, 245.81, 98.02, 30.6, 63.9, 125, 64.56, 87.89, , , , , 
1/31/2020 6:28:09 AM, 3270.25, 9154.75, 1640.1, 327.68, 222.6, 163.93, 323.87, 172.78, 245.81, 98.02, 30.6, 63.9, 125, 64.56, 87.89, , , , , 
1/31/2020 6:28:12 AM, 3270, 9153.75, 1639.9, 327.68, 222.6, 163.93, 323.87, 172.78, 245.81, 98.02, 30.6, 63.9, 125, 64.56, 87.89, , , , , 
1/31/2020 6:28:15 AM, 3270, 9154.75, 1640, 327.68, 222.6, 163.93, 323.87, 172.78, 245.81, 98.02, 30.6, 63.9, 125, 64.56, 87.89, , , , , 
1/31/2020 6:28:18 AM, 3270.25, 9155.25, 1640, 327.68, 222.6, 163.93, 323.87, 172.78, 245.81, 98.02, 30.6, 63.9, 125, 64.56, 87.89, , , , , 
1/31/2020 6:28:21 AM, 3270.5, 9156.25, 1640.2, 327.68, 222.6, 163.93, 323.87, 172.78, 245.81, 98.02, 30.6, 63.9, 125, 64.56, 87.89, , , , , 
1/31/2020 6:28:24 AM, 3271, 9157.25, 1640.4, 327.68, 222.6, 163.93, 323.87, 172.78, 245.81, 98.02, 30.6, 63.9, 125, 64.56, 87.89, , , , , 
1/31/2020 6:28:27 AM, 3271, 9157.5, 1640.4, 327.68, 222.6, 163.93, 323.87, 172.78, 245.81, 98.02, 30.6, 63.9, 125, 64.56, 87.89, , , , , 
1/31/2020 6:28:30 AM, 3271, 9157.75, 1640.4, 327.68, 222.6, 163.93, 323.87, 172.78, 245.81, 98.02, 30.6, 63.9, 125, 64.56, 87.89, , , , , 
1/31/2020 6:28:33 AM, 3271.5, 9159.25, 1640.5, 327.68, 222.6, 163.93, 323.87, 172.78, 245.81, 98.02, 30.6, 63.9, 125, 64.56, 87.89, , , , , 
1/31/2020 6:28:36 AM, 3271.5, 9159, 1640.5, 327.68, 222.6, 163.93, 323.87, 172.78, 245.81, 98.02, 30.6, 63.9, 125, 64.56, 87.89, , , , , 
1/31/2020 6:28:39 AM, 3271.5, 9159.75, 1640.6, 327.68, 222.6, 163.93, 323.87, 172.78, 245.81, 98.02, 30.6, 63.9, 125, 64.56, 87.89, , , , , 
1/31/2020 6:28:42 AM, 3271.5, 9159.5, 1640.6, 327.68, 222.6, 163.93, 323.87, 172.78, 245.81, 98.02, 30.6, 63.9, 125, 64.56, 87.89, , , , , 
1/31/2020 6:28:45 AM, 3271.5, 9159.25, 1640.6, 327.68, 222.6, 163.93, 323.87, 172.78, 245.81, 98.02, 30.6, 63.9, 125, 64.56, 87.89, , , , , 
1/31/2020 6:28:48 AM, 3271.5, 9159, 1640.5, 327.68, 222.6, 163.93, 323.87, 172.78, 245.81, 98.02, 30.6, 63.9, 125, 64.56, 87.89, , , , , 
1/31/2020 6:28:51 AM, 3271.25, 9159, 1640.5, 327.68, 222.6, 163.93, 323.87, 172.78, 245.81, 98.02, 30.6, 63.9, 125, 64.56, 87.89, , , , , 
1/31/2020 6:28:54 AM, 3271.25, 9159, 1640.5, 327.68, 222.6, 163.93, 323.87, 172.78, 245.81, 98.02, 30.6, 63.9, 125, 64.56, 87.89, , , , , 
1/31/2020 6:28:57 AM, 3271, 9158.25, 1640.3, 327.68, 222.6, 163.93, 323.87, 172.78, 245.81, 98.02, 30.6, 63.9, 125, 64.56, 87.89, , , , , 
1/31/2020 6:29:00 AM, 3271, 9159, 1640.4, 327.68, 222.6, 163.93, 323.87, 172.78, 245.81, 98.02, 30.6, 63.9, 125, 64.56, 87.89, , , , , 
1/31/2020 6:29:04 AM, 3271.25, 9159.25, 1640.5, 327.68, 222.6, 163.93, 323.87, 172.78, 245.81, 98.02, 30.6, 63.9, 125, 64.56, 87.89, , , , , 
1/31/2020 6:29:07 AM, 3271.25, 9159.25, 1640.5, 327.68, 222.6, 163.93, 323.87, 172.78, 245.81, 98.02, 30.6, 63.9, 125, 64.56, 87.89, , , , , 
1/31/2020 6:29:10 AM, 3271.5, 9159.75, 1640.5, 327.68, 222.6, 163.93, 323.87, 172.78, 245.81, 98.02, 30.6, 63.9, 125, 64.56, 87.89, , , , , 
1/31/2020 6:29:13 AM, 3271.5, 9159.75, 1640.5, 327.68, 222.6, 163.93, 323.87, 172.78, 245.81, 98.02, 30.6, 63.9, 125, 64.56, 87.89, , , , , 
1/31/2020 6:29:16 AM, 3271.5, 9159.25, 1640.5, 327.68, 222.6, 163.93, 323.87, 172.78, 245.81, 98.02, 30.6, 63.9, 125, 64.56, 87.89, , , , , 
1/31/2020 6:29:19 AM, 3271.25, 9159.25, 1640.5, 327.68, 222.6, 163.93, 323.87, 172.78, 245.81, 98.02, 30.6, 63.9, 125, 64.56, 87.89, , , , , 
1/31/2020 6:29:22 AM, 3271.25, 9159.75, 1640.5, 327.68, 222.6, 163.93, 323.87, 172.78, 245.81, 98.02, 30.6, 63.9, 125, 64.56, 87.89, , , , , 
1/31/2020 6:29:25 AM, 3271.5, 9159.75, 1640.5, 327.68, 222.6, 163.93, 323.87, 172.78, 245.81, 98.02, 30.6, 63.9, 125, 64.56, 87.89, , , , , 
1/31/2020 6:29:28 AM, 3271.25, 9159.75, 1640.5, 327.68, 222.6, 163.93, 323.87, 172.78, 245.81, 98.02, 30.6, 63.9, 125, 64.56, 87.89, , , , , 
1/31/2020 6:29:31 AM, 3271.25, 9159.75, 1640.5, 327.68, 222.6, 163.93, 323.87, 172.78, 245.81, 98.02, 30.6, 63.9, 125, 64.56, 87.89, , , , , 
1/31/2020 6:29:34 AM, 3271.25, 9159.5, 1640.5, 327.68, 222.6, 163.93, 323.87, 172.78, 245.81, 98.02, 30.6, 63.9, 125, 64.56, 87.89, , , , , 
1/31/2020 6:29:37 AM, 3271.25, 9159.75, 1640.5, 327.68, 222.6, 163.93, 323.87, 172.78, 245.81, 98.02, 30.6, 63.9, 125, 64.56, 87.89, , , , , 
1/31/2020 6:29:40 AM, 3271.5, 9160.25, 1640.5, 327.68, 222.6, 163.93, 323.87, 172.78, 245.81, 98.02, 30.6, 63.9, 125, 64.56, 87.89, , , , , 
1/31/2020 6:29:43 AM, 3271.5, 9159.75, 1640.6, 327.68, 222.6, 163.93, 323.87, 172.78, 245.81, 98.02, 30.6, 63.9, 125, 64.56, 87.89, , , , , 
1/31/2020 6:29:46 AM, 3271.25, 9159, 1640.6, 327.68, 222.6, 163.93, 323.87, 172.78, 245.81, 98.02, 30.6, 63.9, 125, 64.56, 87.89, , , , , 
1/31/2020 6:29:49 AM, 3271.25, 9158.5, 1640.6, 327.68, 222.6, 163.93, 323.87, 172.78, 245.81, 98.02, 30.6, 63.9, 125, 64.56, 87.89, , , , , 
1/31/2020 6:29:52 AM, 3271.25, 9158.5, 1640.6, 327.68, 222.6, 163.93, 323.87, 172.78, 245.81, 98.02, 30.6, 63.9, 125, 64.56, 87.89, , , , , 
1/31/2020 6:29:55 AM, 3270.75, 9157.25, 1640.2, 327.68, 222.6, 163.93, 323.87, 172.78, 245.81, 98.02, 30.6, 63.9, 125, 64.56, 87.89, , , , , 
1/31/2020 6:29:58 AM, 3270.75, 9157.25, 1640.2, 327.68, 222.6, 163.93, 323.87, 172.78, 245.81, 98.02, 30.6, 63.9, 125, 64.56, 87.89, , , , , 
1/31/2020 6:30:01 AM, 3270.5, 9157.25, 1640.3, 327.68, 222.6, 163.93, 323.87, 172.78, 245.81, 98.02, 30.6, 63.9, 125, 64.56, 87.89, , , , , 
1/31/2020 6:30:04 AM, 3270.75, 9157.5, 1640.3, 327.68, 222.6, 163.93, 323.87, 172.78, 245.81, 98.02, 30.6, 63.9, 125, 64.56, 87.89, , , , , 
1/31/2020 6:30:07 AM, 3270.75, 9158.25, 1640.3, 327.68, 222.6, 163.93, 323.87, 172.78, 245.81, 98.02, 30.6, 63.9, 125, 64.56, 87.89, , , , , 
1/31/2020 6:30:10 AM, 3271, 9159.5, 1640.4, 327.68, 222.6, 163.93, 323.87, 172.78, 245.81, 98.02, 30.6, 63.9, 125, 64.56, 87.89, , , , , 
1/31/2020 6:30:13 AM, 3270.75, 9157.5, 1640.2, 327.68, 222.6, 163.93, 323.87, 172.78, 245.81, 98.02, 30.6, 63.9, 125, 64.56, 87.89, , , , , 
1/31/2020 6:30:16 AM, 3270.5, 9157.5, 1640.2, 327.68, 222.6, 163.93, 323.87, 172.78, 245.81, 98.02, 30.6, 63.9, 125, 64.56, 87.89, , , , , 
1/31/2020 6:30:19 AM, 3270.75, 9158, 1640.3, 327.68, 222.6, 163.93, 323.87, 172.78, 245.81, 98.02, 30.6, 63.9, 125, 64.56, 87.89, , , , , 
1/31/2020 6:30:22 AM, 3270.75, 9158, 1640.3, 327.68, 222.6, 163.93, 323.87, 172.78, 245.81, 98.02, 30.6, 63.9, 125, 64.56, 87.89, , , , , 
1/31/2020 6:30:25 AM, 3271, 9159, 1640.3, 327.68, 222.6, 163.93, 323.87, 172.78, 245.81, 98.02, 30.6, 63.9, 125, 64.56, 87.89, , , , , 
1/31/2020 6:30:28 AM, 3271, 9159, 1640.3, 327.68, 222.6, 163.93, 323.87, 172.78, 245.81, 98.02, 30.6, 63.9, 125, 64.56, 87.89, , , , , 
1/31/2020 6:30:31 AM, 3271, 9158.75, 1640.2, 327.68, 222.6, 163.93, 323.87, 172.78, 245.81, 98.02, 30.6, 63.9, 125, 64.56, 87.89, , , , , 
1/31/2020 6:30:34 AM, 3271, 9158.75, 1640.2, 327.68, 222.6, 163.93, 323.87, 172.78, 245.81, 98.02, 30.6, 63.9, 125, 64.56, 87.89, , , , , 
1/31/2020 6:30:37 AM, 3270.75, 9158.5, 1640.2, 327.68, 222.6, 163.93, 323.87, 172.78, 245.81, 98.02, 30.6, 63.9, 125, 64.56, 87.89, , , , , 
1/31/2020 6:30:40 AM, 3270.75, 9158.5, 1640.2, 327.68, 222.6, 163.93, 323.87, 172.78, 245.81, 98.02, 30.6, 63.9, 125, 64.56, 87.89, , , , , 
1/31/2020 6:30:43 AM, 3270.5, 9158, 1640, 327.68, 222.6, 163.93, 323.87, 172.78, 245.81, 98.02, 30.6, 63.9, 125, 64.56, 87.89, , , , , 
1/31/2020 6:30:46 AM, 3270.5, 9158, 1640, 327.68, 222.6, 163.93, 323.87, 172.78, 245.81, 98.02, 30.6, 63.9, 125, 64.56, 87.89, , , , , 
1/31/2020 6:30:49 AM, 3270.25, 9158.25, 1640, 327.68, 222.6, 163.93, 323.87, 172.78, 245.81, 98.02, 30.6, 63.9, 125, 64.56, 87.89, , , , , 
1/31/2020 6:30:52 AM, 3270.25, 9158.25, 1640, 327.68, 222.6, 163.93, 323.87, 172.78, 245.81, 98.02, 30.6, 63.9, 125, 64.56, 87.89, , , , , 
1/31/2020 6:30:55 AM, 3270.75, 9158.75, 1640.1, 327.68, 222.6, 163.93, 323.87, 172.78, 245.81, 98.02, 30.6, 63.9, 125, 64.56, 87.89, , , , , 
1/31/2020 6:30:58 AM, 3270.75, 9158.75, 1640.1, 327.68, 222.6, 163.93, 323.87, 172.78, 245.81, 98.02, 30.6, 63.9, 125, 64.56, 87.89, , , , , 
1/31/2020 6:31:01 AM, 3271, 9160, 1640.3, 327.68, 222.6, 163.93, 323.87, 172.78, 245.81, 98.02, 30.6, 63.9, 125, 64.56, 87.89, , , , , 
1/31/2020 6:31:04 AM, 3271, 9160, 1640.3, 327.68, 222.6, 163.93, 323.87, 172.78, 245.81, 98.02, 30.6, 63.9, 125, 64.56, 87.89, , , , , 
1/31/2020 6:31:07 AM, 3270.75, 9159.75, 1640.3, 327.68, 222.6, 163.93, 323.87, 172.78, 245.81, 98.02, 30.6, 63.9, 125, 64.56, 87.89, , , , , 
1/31/2020 6:31:10 AM, 3270.75, 9159.75, 1640.3, 327.68, 222.6, 163.93, 323.87, 172.78, 245.81, 98.02, 30.6, 63.9, 125, 64.56, 87.89, , , , , 
1/31/2020 6:31:13 AM, 3271, 9160.25, 1640.4, 327.68, 222.6, 163.93, 323.87, 172.78, 245.81, 98.02, 30.6, 63.9, 125, 64.56, 87.89, , , , , 
1/31/2020 6:31:16 AM, 3271, 9160.25, 1640.4, 327.68, 222.6, 163.93, 323.87, 172.78, 245.81, 98.02, 30.6, 63.9, 125, 64.56, 87.89, , , , , 
1/31/2020 6:31:19 AM, 3271.25, 9160.25, 1640.5, 327.68, 222.6, 163.93, 323.87, 172.78, 245.81, 98.02, 30.6, 63.9, 125, 64.56, 87.89, , , , , 
1/31/2020 6:31:22 AM, 3271.25, 9160.25, 1640.5, 327.68, 222.6, 163.93, 323.87, 172.78, 245.81, 98.02, 30.6, 63.9, 125, 64.56, 87.89, , , , , 
1/31/2020 6:31:26 AM, 3271.25, 9160.75, 1640.5, 327.68, 222.6, 163.93, 323.87, 172.78, 245.81, 98.02, 30.6, 63.9, 125, 64.56, 87.89, , , , , 
1/31/2020 6:31:29 AM, 3271.25, 9160.75, 1640.5, 327.68, 222.6, 163.93, 323.87, 172.78, 245.81, 98.02, 30.6, 63.9, 125, 64.56, 87.89, , , , , 
1/31/2020 6:31:32 AM, 3271.75, 9162, 1640.8, 327.68, 222.6, 163.93, 323.87, 172.78, 245.81, 98.02, 30.6, 63.9, 125, 64.56, 87.89, , , , , 
1/31/2020 6:31:35 AM, 3271.75, 9162, 1640.8, 327.68, 222.6, 163.93, 323.87, 172.78, 245.81, 98.02, 30.6, 63.9, 125, 64.56, 87.89, , , , , 
1/31/2020 6:31:38 AM, 3272, 9162.25, 1640.7, 327.68, 222.6, 163.93, 323.87, 172.78, 245.81, 98.02, 30.6, 63.9, 125, 64.56, 87.89, , , , , 
1/31/2020 6:31:41 AM, 3272, 9162.25, 1640.7, 327.68, 222.6, 163.93, 323.87, 172.78, 245.81, 98.02, 30.6, 63.9, 125, 64.56, 87.89, , , , , 
1/31/2020 6:31:44 AM, 3272, 9163.75, 1640.9, 327.68, 222.6, 163.93, 323.87, 172.78, 245.81, 98.02, 30.6, 63.9, 125, 64.56, 87.89, , , , , 
1/31/2020 6:31:47 AM, 3272, 9163.75, 1640.9, 327.68, 222.6, 163.93, 323.87, 172.78, 245.81, 98.02, 30.6, 63.9, 125, 64.56, 87.89, , , , , 
1/31/2020 6:31:50 AM, 3272.5, 9165, 1641, 327.68, 222.6, 163.93, 323.87, 172.78, 245.81, 98.02, 30.6, 63.9, 125, 64.56, 87.89, , , , , 
1/31/2020 6:31:53 AM, 3272.5, 9165, 1641, 327.68, 222.6, 163.93, 323.87, 172.78, 245.81, 98.02, 30.6, 63.9, 125, 64.56, 87.89, , , , , 
1/31/2020 6:31:56 AM, 3272.25, 9164.5, 1640.9, 327.68, 222.6, 163.93, 323.87, 172.78, 245.81, 98.02, 30.6, 63.9, 125, 64.56, 87.89, , , , , 
1/31/2020 6:31:59 AM, 3272.25, 9164.5, 1640.9, 327.68, 222.6, 163.93, 323.87, 172.78, 245.81, 98.02, 30.6, 63.9, 125, 64.56, 87.89, , , , , 
1/31/2020 6:32:02 AM, 3272.75, 9166, 1641.1, 327.68, 222.6, 163.93, 323.87, 172.78, 245.81, 98.02, 30.6, 63.9, 125, 64.56, 87.89, , , , , 
1/31/2020 6:32:05 AM, 3272.75, 9166, 1641.1, 327.68, 222.6, 163.93, 323.87, 172.78, 245.81, 98.02, 30.6, 63.9, 125, 64.56, 87.89, , , , , 
1/31/2020 6:32:08 AM, 3272.75, 9165.5, 1641.1, 327.68, 222.6, 163.93, 323.87, 172.78, 245.81, 98.02, 30.6, 63.9, 125, 64.56, 87.89, , , , , 
1/31/2020 6:32:11 AM, 3272.75, 9165.5, 1641.1, 327.68, 222.6, 163.93, 323.87, 172.78, 245.81, 98.02, 30.6, 63.9, 125, 64.56, 87.89, , , , , 
1/31/2020 6:32:14 AM, 3273, 9166.5, 1641.1, 327.68, 222.6, 163.93, 323.87, 172.78, 245.81, 98.02, 30.6, 63.9, 125, 64.56, 87.89, , , , , 
1/31/2020 6:32:17 AM, 3273, 9166.5, 1641.1, 327.68, 222.6, 163.93, 323.87, 172.78, 245.81, 98.02, 30.6, 63.9, 125, 64.56, 87.89, , , , , 
1/31/2020 6:32:20 AM, 3273, 9166.75, 1641.1, 327.68, 222.6, 163.93, 323.87, 172.78, 245.81, 98.02, 30.6, 63.9, 125, 64.56, 87.89, , , , , 
1/31/2020 6:32:23 AM, 3273, 9166.75, 1641.1, 327.68, 222.6, 163.93, 323.87, 172.78, 245.81, 98.02, 30.6, 63.9, 125, 64.56, 87.89, , , , , 
1/31/2020 6:32:26 AM, 3272.75, 9166.5, 1641.1, 327.68, 222.6, 163.93, 323.87, 172.78, 245.81, 98.02, 30.6, 63.9, 125, 64.56, 87.89, , , , , 
1/31/2020 6:32:29 AM, 3272.75, 9166.5, 1641.1, 327.68, 222.6, 163.93, 323.87, 172.78, 245.81, 98.02, 30.6, 63.9, 125, 64.56, 87.89, , , , , 
1/31/2020 6:32:32 AM, 3273.5, 9168.25, 1641.3, 327.68, 222.6, 163.93, 323.87, 172.78, 245.81, 98.02, 30.6, 63.9, 125, 64.56, 87.89, , , , , 
1/31/2020 6:32:35 AM, 3273.5, 9168.25, 1641.3, 327.68, 222.6, 163.93, 323.87, 172.78, 245.81, 98.02, 30.6, 63.9, 125, 64.56, 87.89, , , , , 
1/31/2020 6:32:38 AM, 3273.5, 9168.25, 1641.3, 327.68, 222.6, 163.93, 323.87, 172.78, 245.81, 98.02, 30.6, 63.9, 125, 64.56, 87.89, , , , , 
1/31/2020 6:32:41 AM, 3273.5, 9168.75, 1641.3, 327.68, 222.6, 163.93, 323.87, 172.78, 245.81, 98.02, 30.6, 63.9, 125, 64.56, 87.89, , , , , 
1/31/2020 6:32:44 AM, 3273.5, 9168.75, 1641.4, 327.68, 222.6, 163.93, 323.87, 172.78, 245.81, 98.02, 30.6, 63.9, 125, 64.56, 87.89, , , , , 
1/31/2020 6:32:47 AM, 3273.5, 9168.25, 1641.4, 327.68, 222.6, 163.93, 323.87, 172.78, 245.81, 98.02, 30.6, 63.9, 125, 64.56, 87.89, , , , , 
1/31/2020 6:32:50 AM, 3273.5, 9168.25, 1641.3, 327.68, 222.6, 163.93, 323.87, 172.78, 245.81, 98.02, 30.6, 63.9, 125, 64.56, 87.89, , , , , 
1/31/2020 6:32:53 AM, 3273.25, 9167.75, 1641.3, 327.68, 222.6, 163.93, 323.87, 172.78, 245.81, 98.02, 30.6, 63.9, 125, 64.56, 87.89, , , , , 
1/31/2020 6:32:56 AM, 3273.5, 9168.25, 1641.5, 327.68, 222.6, 163.93, 323.87, 172.78, 245.81, 98.02, 30.6, 63.9, 125, 64.56, 87.89, , , , , 
1/31/2020 6:32:59 AM, 3273.75, 9168.75, 1641.6, 327.68, 222.6, 163.93, 323.87, 172.78, 245.81, 98.02, 30.6, 63.9, 125, 64.56, 87.89, , , , , 
1/31/2020 6:33:02 AM, 3273.75, 9168.25, 1641.6, 327.68, 222.6, 163.93, 323.87, 172.78, 245.81, 98.02, 30.6, 63.9, 125, 64.56, 87.89, , , , , 
1/31/2020 6:33:05 AM, 3273.5, 9168.25, 1641.6, 327.68, 222.6, 163.93, 323.87, 172.78, 245.81, 98.02, 30.6, 63.9, 125, 64.56, 87.89, , , , , 
1/31/2020 6:33:08 AM, 3273.5, 9167.5, 1641.5, 327.68, 222.6, 163.93, 323.87, 172.78, 245.81, 98.02, 30.6, 63.9, 125, 64.56, 87.89, , , , , 
1/31/2020 6:33:11 AM, 3273.5, 9167.5, 1641.5, 327.68, 222.6, 163.93, 323.87, 172.78, 245.81, 98.02, 30.6, 63.9, 125, 64.56, 87.89, , , , , 
1/31/2020 6:33:14 AM, 3273.5, 9167.5, 1641.5, 327.68, 222.6, 163.93, 323.87, 172.78, 245.81, 98.02, 30.6, 63.9, 125, 64.56, 87.89, , , , , 
1/31/2020 6:33:17 AM, 3273, 9166.5, 1641.3, 327.68, 222.6, 163.93, 323.87, 172.78, 245.81, 98.02, 30.6, 63.9, 125, 64.56, 87.89, , , , , 
1/31/2020 6:33:20 AM, 3273, 9166.75, 1641.2, 327.68, 222.6, 163.93, 323.87, 172.78, 245.81, 98.02, 30.6, 63.9, 125, 64.56, 87.89, , , , , 
1/31/2020 6:33:23 AM, 3273, 9166.75, 1641.2, 327.68, 222.6, 163.93, 323.87, 172.78, 245.81, 98.02, 30.6, 63.9, 125, 64.56, 87.89, , , , , 
1/31/2020 6:33:26 AM, 3273, 9166.5, 1641.2, 327.68, 222.6, 163.93, 323.87, 172.78, 245.81, 98.02, 30.6, 63.9, 125, 64.56, 87.89, , , , , 
1/31/2020 6:33:29 AM, 3273.25, 9167, 1641.3, 327.68, 222.6, 163.93, 323.87, 172.78, 245.81, 98.02, 30.6, 63.9, 125, 64.56, 87.89, , , , , 
1/31/2020 6:33:32 AM, 3273.5, 9167.5, 1641.4, 327.68, 222.6, 163.93, 323.87, 172.78, 245.81, 98.02, 30.6, 63.9, 125, 64.56, 87.89, , , , , 
1/31/2020 6:33:35 AM, 3273.5, 9167.5, 1641.4, 327.68, 222.6, 163.93, 323.87, 172.78, 245.81, 98.02, 30.6, 63.9, 125, 64.56, 87.89, , , , , 
1/31/2020 6:33:38 AM, 3273.5, 9167.5, 1641.4, 327.68, 222.6, 163.93, 323.87, 172.78, 245.81, 98.02, 30.6, 63.9, 125, 64.56, 87.89, , , , , 
1/31/2020 6:33:41 AM, 3273.5, 9167.75, 1641.4, 327.68, 222.6, 163.93, 323.87, 172.78, 245.81, 98.02, 30.6, 63.9, 125, 64.56, 87.89, , , , , 
1/31/2020 6:33:44 AM, 3273.5, 9167.5, 1641.4, 327.68, 222.6, 163.93, 323.87, 172.78, 245.81, 98.02, 30.6, 63.9, 125, 64.56, 87.89, , , , , 
1/31/2020 6:33:47 AM, 3273.5, 9168, 1641.5, 327.68, 222.6, 163.93, 323.87, 172.78, 245.81, 98.02, 30.6, 63.9, 125, 64.56, 87.89, , , , , 
1/31/2020 6:33:50 AM, 3273.5, 9167.5, 1641.5, 327.68, 222.6, 163.93, 323.87, 172.78, 245.81, 98.02, 30.6, 63.9, 125, 64.56, 87.89, , , , , 
1/31/2020 6:33:53 AM, 3273.5, 9167.5, 1641.5, 327.68, 222.6, 163.93, 323.87, 172.78, 245.81, 98.02, 30.6, 63.9, 125, 64.56, 87.89, , , , , 
1/31/2020 6:33:56 AM, 3273.5, 9168, 1641.5, 327.68, 222.6, 163.93, 323.87, 172.78, 245.81, 98.02, 30.6, 63.9, 125, 64.56, 87.89, , , , , 
1/31/2020 6:33:59 AM, 3273.75, 9167.75, 1641.5, 327.68, 222.6, 163.93, 323.87, 172.78, 245.81, 98.02, 30.6, 63.9, 125, 64.56, 87.89, , , , , 
1/31/2020 6:34:02 AM, 3273.75, 9167.5, 1641.5, 327.68, 222.6, 163.93, 323.87, 172.78, 245.81, 98.02, 30.6, 63.9, 125, 64.56, 87.89, , , , , 
1/31/2020 6:34:06 AM, 3273.5, 9167.75, 1641.5, 327.68, 222.6, 163.93, 323.87, 172.78, 245.81, 98.02, 30.6, 63.9, 125, 64.56, 87.89, , , , , 
1/31/2020 6:34:09 AM, 3273.5, 9167.75, 1641.5, 327.68, 222.6, 163.93, 323.87, 172.78, 245.81, 98.02, 30.6, 63.9, 125, 64.56, 87.89, , , , , 
1/31/2020 6:34:12 AM, 3274, 9168.5, 1641.7, 327.68, 222.6, 163.93, 323.87, 172.78, 245.81, 98.02, 30.6, 63.9, 125, 64.56, 87.89, , , , , 
1/31/2020 6:34:15 AM, 3273.75, 9168.5, 1641.7, 327.68, 222.6, 163.93, 323.87, 172.78, 245.81, 98.02, 30.6, 63.9, 125, 64.56, 87.89, , , , , 
1/31/2020 6:34:18 AM, 3273.5, 9167.5, 1641.4, 327.68, 222.6, 163.93, 323.87, 172.78, 245.81, 98.02, 30.6, 63.9, 125, 64.56, 87.89, , , , , 
1/31/2020 6:34:21 AM, 3273.5, 9168, 1641.4, 327.68, 222.6, 163.93, 323.87, 172.78, 245.81, 98.02, 30.6, 63.9, 125, 64.56, 87.89, , , , , 
1/31/2020 6:34:24 AM, 3273.5, 9167.75, 1641.4, 327.68, 222.6, 163.93, 323.87, 172.78, 245.81, 98.02, 30.6, 63.9, 125, 64.56, 87.89, , , , , 
1/31/2020 6:34:27 AM, 3273.5, 9167.75, 1641.4, 327.68, 222.6, 163.93, 323.87, 172.78, 245.81, 98.02, 30.6, 63.9, 125, 64.56, 87.89, , , , , 
1/31/2020 6:34:30 AM, 3273.5, 9168.25, 1641.4, 327.68, 222.6, 163.93, 323.87, 172.78, 245.81, 98.02, 30.6, 63.9, 125, 64.56, 87.89, , , , , 
1/31/2020 6:34:33 AM, 3273.5, 9168.75, 1641.4, 327.68, 222.6, 163.93, 323.87, 172.78, 245.81, 98.02, 30.6, 63.9, 125, 64.56, 87.89, , , , , 
1/31/2020 6:34:36 AM, 3273.75, 9168.25, 1641.4, 327.68, 222.6, 163.93, 323.87, 172.78, 245.81, 98.02, 30.6, 63.9, 125, 64.56, 87.89, , , , , 
1/31/2020 6:34:39 AM, 3273.75, 9168, 1641.4, 327.68, 222.6, 163.93, 323.87, 172.78, 245.81, 98.02, 30.6, 63.9, 125, 64.56, 87.89, , , , , 
1/31/2020 6:34:42 AM, 3273.5, 9167.5, 1641.5, 327.68, 222.6, 163.93, 323.87, 172.78, 245.81, 98.02, 30.6, 63.9, 125, 64.56, 87.89, , , , , 
1/31/2020 6:34:45 AM, 3273.75, 9167.75, 1641.5, 327.68, 222.6, 163.93, 323.87, 172.78, 245.81, 98.02, 30.6, 63.9, 125, 64.56, 87.89, , , , , 
1/31/2020 6:34:48 AM, 3273.5, 9167.25, 1641.5, 327.68, 222.6, 163.93, 323.87, 172.78, 245.81, 98.02, 30.6, 63.9, 125, 64.56, 87.89, , , , , 
1/31/2020 6:34:51 AM, 3273.5, 9167.25, 1641.5, 327.68, 222.6, 163.93, 323.87, 172.78, 245.81, 98.02, 30.6, 63.9, 125, 64.56, 87.89, , , , , 
1/31/2020 6:34:54 AM, 3273.5, 9167, 1641.5, 327.68, 222.6, 163.93, 323.87, 172.78, 245.81, 98.02, 30.6, 63.9, 125, 64.56, 87.89, , , , , 
1/31/2020 6:34:57 AM, 3273.25, 9165.5, 1641.5, 327.68, 222.6, 163.93, 323.87, 172.78, 245.81, 98.02, 30.6, 63.9, 125, 64.56, 87.89, , , , , 
1/31/2020 6:35:00 AM, 3273.25, 9165.75, 1641.5, 327.68, 222.6, 163.93, 323.87, 172.78, 245.81, 98.02, 30.6, 63.9, 125, 64.56, 87.89, , , , , 
1/31/2020 6:35:03 AM, 3273, 9165.25, 1641.5, 327.68, 222.6, 163.93, 323.87, 172.78, 245.81, 98.02, 30.6, 63.9, 125, 64.56, 87.89, , , , , 
1/31/2020 6:35:06 AM, 3272.75, 9164.75, 1641, 327.68, 222.6, 163.93, 323.87, 172.78, 245.81, 98.02, 30.6, 63.9, 125, 64.56, 87.89, , , , , 
1/31/2020 6:35:09 AM, 3272.25, 9162.75, 1640.9, 327.68, 222.6, 163.93, 323.87, 172.78, 245.81, 98.02, 30.6, 63.9, 125, 64.56, 87.89, , , , , 
1/31/2020 6:35:12 AM, 3272, 9161.25, 1640.9, 327.68, 222.6, 163.93, 323.87, 172.78, 245.81, 98.02, 30.6, 63.9, 125, 64.56, 87.89, , , , , 
1/31/2020 6:35:15 AM, 3272.5, 9163.25, 1640.8, 327.68, 222.6, 163.93, 323.87, 172.78, 245.81, 98.02, 30.6, 63.9, 125, 64.56, 87.89, , , , , 
1/31/2020 6:35:18 AM, 3272.75, 9164.25, 1641.2, 327.68, 222.6, 163.93, 323.87, 172.78, 245.81, 98.02, 30.6, 63.9, 125, 64.56, 87.89, , , , , 
1/31/2020 6:35:21 AM, 3272.75, 9164.25, 1641.2, 327.68, 222.6, 163.93, 323.87, 172.78, 245.81, 98.02, 30.6, 63.9, 125, 64.56, 87.89, , , , , 
1/31/2020 6:35:24 AM, 3272.75, 9164.5, 1641.2, 327.68, 222.6, 163.93, 323.87, 172.78, 245.81, 98.02, 30.6, 63.9, 125, 64.56, 87.89, , , , , 
1/31/2020 6:35:27 AM, 3272.5, 9163.5, 1641.2, 327.68, 222.6, 163.93, 323.87, 172.78, 245.81, 98.02, 30.6, 63.9, 125, 64.56, 87.89, , , , , 
1/31/2020 6:35:30 AM, 3272.25, 9163.25, 1641.1, 327.68, 222.6, 163.93, 323.87, 172.78, 245.81, 98.02, 30.6, 63.9, 125, 64.56, 87.89, , , , , 
1/31/2020 6:35:33 AM, 3272.25, 9162.5, 1641, 327.68, 222.6, 163.93, 323.87, 172.78, 245.81, 98.02, 30.6, 63.9, 125, 64.56, 87.89, , , , , 
1/31/2020 6:35:36 AM, 3272.25, 9162, 1641, 327.68, 222.6, 163.93, 323.87, 172.78, 245.81, 98.02, 30.6, 63.9, 125, 64.56, 87.89, , , , , 
1/31/2020 6:35:39 AM, 3272, 9161.25, 1641, 327.68, 222.6, 163.93, 323.87, 172.78, 245.81, 98.02, 30.6, 63.9, 125, 64.56, 87.89, , , , , 
1/31/2020 6:35:42 AM, 3271.75, 9161.25, 1640.7, 327.68, 222.6, 163.93, 323.87, 172.78, 245.81, 98.02, 30.6, 63.9, 125, 64.56, 87.89, , , , , 
1/31/2020 6:35:45 AM, 3271.75, 9161.5, 1640.6, 327.68, 222.6, 163.93, 323.87, 172.78, 245.81, 98.02, 30.6, 63.9, 125, 64.56, 87.89, , , , , 
1/31/2020 6:35:48 AM, 3271.75, 9161.25, 1640.7, 327.68, 222.6, 163.93, 323.87, 172.78, 245.81, 98.02, 30.6, 63.9, 125, 64.56, 87.89, , , , , 
1/31/2020 6:35:51 AM, 3271.75, 9161.75, 1640.7, 327.68, 222.6, 163.93, 323.87, 172.78, 245.81, 98.02, 30.6, 63.9, 125, 64.56, 87.89, , , , , 
1/31/2020 6:35:54 AM, 3272, 9161.75, 1640.7, 327.68, 222.6, 163.93, 323.87, 172.78, 245.81, 98.02, 30.6, 63.9, 125, 64.56, 87.89, , , , , 
1/31/2020 6:35:57 AM, 3271.75, 9161.5, 1640.7, 327.68, 222.6, 163.93, 323.87, 172.78, 245.81, 98.02, 30.6, 63.9, 125, 64.56, 87.89, , , , , 
1/31/2020 6:36:00 AM, 3271.5, 9161.5, 1640.6, 327.68, 222.6, 163.93, 323.87, 172.78, 245.81, 98.02, 30.6, 63.9, 125, 64.56, 87.89, , , , , 
1/31/2020 6:36:03 AM, 3271.5, 9160.25, 1640.6, 327.68, 222.6, 163.93, 323.87, 172.78, 245.81, 98.02, 30.6, 63.9, 125, 64.56, 87.89, , , , , 
1/31/2020 6:36:06 AM, 3271.5, 9160, 1640.6, 327.68, 222.6, 163.93, 323.87, 172.78, 245.81, 98.02, 30.6, 63.9, 125, 64.56, 87.89, , , , , 
1/31/2020 6:36:09 AM, 3271.25, 9160, 1640.5, 327.68, 222.6, 163.93, 323.87, 172.78, 245.81, 98.02, 30.6, 63.9, 125, 64.56, 87.89, , , , , 
1/31/2020 6:36:12 AM, 3271, 9159.75, 1640.5, 327.68, 222.6, 163.93, 323.87, 172.78, 245.81, 98.02, 30.6, 63.9, 125, 64.56, 87.89, , , , , 
1/31/2020 6:36:15 AM, 3271, 9160, 1640.4, 327.68, 222.6, 163.93, 323.87, 172.78, 245.81, 98.02, 30.6, 63.9, 125, 64.56, 87.89, , , , , 
1/31/2020 6:36:18 AM, 3271, 9160.25, 1640.4, 327.68, 222.6, 163.93, 323.87, 172.78, 245.81, 98.02, 30.6, 63.9, 125, 64.56, 87.89, , , , , 
1/31/2020 6:36:21 AM, 3271, 9160, 1640.4, 327.68, 222.6, 163.93, 323.87, 172.78, 245.81, 98.02, 30.6, 63.9, 125, 64.56, 87.89, , , , , 
1/31/2020 6:36:25 AM, 3271, 9160, 1640.4, 327.68, 222.6, 163.93, 323.87, 172.78, 245.81, 98.02, 30.6, 63.9, 125, 64.56, 87.89, , , , , 
1/31/2020 6:36:28 AM, 3271, 9159.75, 1640.4, 327.68, 222.6, 163.93, 323.87, 172.78, 245.81, 98.02, 30.6, 63.9, 125, 64.56, 87.89, , , , , 
1/31/2020 6:36:31 AM, 3271, 9159.75, 1640.4, 327.68, 222.6, 163.93, 323.87, 172.78, 245.81, 98.02, 30.6, 63.9, 125, 64.56, 87.89, , , , , 
1/31/2020 6:36:34 AM, 3271, 9159.25, 1640.3, 327.68, 222.6, 163.93, 323.87, 172.78, 245.81, 98.02, 30.6, 63.9, 125, 64.56, 87.89, , , , , 
1/31/2020 6:36:37 AM, 3271, 9159.25, 1640.3, 327.68, 222.6, 163.93, 323.87, 172.78, 245.81, 98.02, 30.6, 63.9, 125, 64.56, 87.89, , , , , 
1/31/2020 6:36:40 AM, 3271.25, 9160.75, 1640.4, 327.68, 222.6, 163.93, 323.87, 172.78, 245.81, 98.02, 30.6, 63.9, 125, 64.56, 87.89, , , , , 
1/31/2020 6:36:50 AM, 3271.25, 9160.75, 1640.5, 327.68, 222.6, 163.93, 323.87, 172.78, 245.81, 98.02, 30.6, 63.9, 125, 64.56, 87.89, , , , , 
1/31/2020 6:36:53 AM, 3271.25, 9160, 1640.4, 327.68, 222.6, 163.93, 323.87, 172.78, 245.81, 98.02, 30.6, 63.9, 125, 64.56, 87.89, , , , , 
1/31/2020 6:36:56 AM, 3271.5, 9160, 1640.4, 327.68, 222.6, 163.93, 323.87, 172.78, 245.81, 98.02, 30.6, 63.9, 125, 64.56, 87.89, , , , , 
1/31/2020 6:36:59 AM, 3271.25, 9160, 1640.3, 327.68, 222.6, 163.93, 323.87, 172.78, 245.81, 98.02, 30.6, 63.9, 125, 64.56, 87.89, , , , , 
1/31/2020 6:37:02 AM, 3271.5, 9159.75, 1640.3, 327.68, 222.6, 163.93, 323.87, 172.78, 245.81, 98.02, 30.6, 63.9, 125, 64.56, 87.89, , , , , 
1/31/2020 6:37:05 AM, 3271.5, 9160.5, 1640.3, 327.68, 222.6, 163.93, 323.87, 172.78, 245.81, 98.02, 30.6, 63.9, 125, 64.56, 87.89, , , , , 
1/31/2020 6:37:08 AM, 3271.5, 9160.5, 1640.3, 327.68, 222.6, 163.93, 323.87, 172.78, 245.81, 98.02, 30.6, 63.9, 125, 64.56, 87.89, , , , , 
1/31/2020 6:37:11 AM, 3271.5, 9160, 1640.3, 327.68, 222.6, 163.93, 323.87, 172.78, 245.81, 98.02, 30.6, 63.9, 125, 64.56, 87.89, , , , , 
1/31/2020 6:37:14 AM, 3271.5, 9160.25, 1640.6, 327.68, 222.6, 163.93, 323.87, 172.78, 245.81, 98.02, 30.6, 63.9, 125, 64.56, 87.89, , , , , 
1/31/2020 6:37:17 AM, 3271.5, 9160.5, 1640.6, 327.68, 222.6, 163.93, 323.87, 172.78, 245.81, 98.02, 30.6, 63.9, 125, 64.56, 87.89, , , , , 
1/31/2020 6:37:20 AM, 3271.75, 9160.5, 1640.7, 327.68, 222.6, 163.93, 323.87, 172.78, 245.81, 98.02, 30.6, 63.9, 125, 64.56, 87.89, , , , , 
1/31/2020 6:37:23 AM, 3271.5, 9160.5, 1640.7, 327.68, 222.6, 163.93, 323.87, 172.78, 245.81, 98.02, 30.6, 63.9, 125, 64.56, 87.89, , , , , 
1/31/2020 6:37:26 AM, 3271.75, 9160.25, 1640.4, 327.68, 222.6, 163.93, 323.87, 172.78, 245.81, 98.02, 30.6, 63.9, 125, 64.56, 87.89, , , , , 
1/31/2020 6:37:29 AM, 3271.5, 9160, 1640.4, 327.68, 222.6, 163.93, 323.87, 172.78, 245.81, 98.02, 30.6, 63.9, 125, 64.56, 87.89, , , , , 
1/31/2020 6:37:32 AM, 3271.5, 9159.75, 1640.4, 327.68, 222.6, 163.93, 323.87, 172.78, 245.81, 98.02, 30.6, 63.9, 125, 64.56, 87.89, , , , , 
1/31/2020 6:37:35 AM, 3271.5, 9159.75, 1640.4, 327.68, 222.6, 163.93, 323.87, 172.78, 245.81, 98.02, 30.6, 63.9, 125, 64.56, 87.89, , , , , 
1/31/2020 6:37:38 AM, 3271.75, 9159.75, 1640.4, 327.68, 222.6, 163.93, 323.87, 172.78, 245.81, 98.02, 30.6, 63.9, 125, 64.56, 87.89, , , , , 
1/31/2020 6:37:41 AM, 3271.75, 9160.25, 1640.4, 327.68, 222.6, 163.93, 323.87, 172.78, 245.81, 98.02, 30.6, 63.9, 125, 64.56, 87.89, , , , , 
1/31/2020 6:37:44 AM, 3271.75, 9160.25, 1640.4, 327.68, 222.6, 163.93, 323.87, 172.78, 245.81, 98.02, 30.6, 63.9, 125, 64.56, 87.89, , , , , 
1/31/2020 6:37:47 AM, 3271.75, 9160.25, 1640.4, 327.68, 222.6, 163.93, 323.87, 172.78, 245.81, 98.02, 30.6, 63.9, 125, 64.56, 87.89, , , , , 
1/31/2020 6:37:50 AM, 3271.75, 9160, 1640.4, 327.68, 222.6, 163.93, 323.87, 172.78, 245.81, 98.02, 30.6, 63.9, 125, 64.56, 87.89, , , , , 
1/31/2020 6:37:53 AM, 3271.75, 9160, 1640.4, 327.68, 222.6, 163.93, 323.87, 172.78, 245.81, 98.02, 30.6, 63.9, 125, 64.56, 87.89, , , , , 
1/31/2020 6:37:56 AM, 3271.5, 9160.25, 1640.4, 327.68, 222.6, 163.93, 323.87, 172.78, 245.81, 98.02, 30.6, 63.9, 125, 64.56, 87.89, , , , , 
1/31/2020 6:37:59 AM, 3271.5, 9159.5, 1640.4, 327.68, 222.6, 163.93, 323.87, 172.78, 245.81, 98.02, 30.6, 63.9, 125, 64.56, 87.89, , , , , 
1/31/2020 6:38:02 AM, 3271.25, 9159.5, 1640.4, 327.68, 222.6, 163.93, 323.87, 172.78, 245.81, 98.02, 30.6, 63.9, 125, 64.56, 87.89, , , , , 
1/31/2020 6:38:05 AM, 3271.5, 9159.75, 1640.4, 327.68, 222.6, 163.93, 323.87, 172.78, 245.81, 98.02, 30.6, 63.9, 125, 64.56, 87.89, , , , , 
1/31/2020 6:38:08 AM, 3271.5, 9160.25, 1640.4, 327.68, 222.6, 163.93, 323.87, 172.78, 245.81, 98.02, 30.6, 63.9, 125, 64.56, 87.89, , , , , 
1/31/2020 6:38:12 AM, 3271.75, 9160.5, 1640.4, 327.68, 222.6, 163.93, 323.87, 172.78, 245.81, 98.02, 30.6, 63.9, 125, 64.56, 87.89, , , , , 
1/31/2020 6:38:15 AM, 3271.5, 9160.5, 1640.5, 327.68, 222.6, 163.93, 323.87, 172.78, 245.81, 98.02, 30.6, 63.9, 125, 64.56, 87.89, , , , , 
1/31/2020 6:38:18 AM, 3271.5, 9160.25, 1640.5, 327.68, 222.6, 163.93, 323.87, 172.78, 245.81, 98.02, 30.6, 63.9, 125, 64.56, 87.89, , , , , 
1/31/2020 6:38:21 AM, 3271.5, 9160, 1640.5, 327.68, 222.6, 163.93, 323.87, 172.78, 245.81, 98.02, 30.6, 63.9, 125, 64.56, 87.89, , , , , 
1/31/2020 6:38:24 AM, 3271.5, 9159.5, 1640.5, 327.68, 222.6, 163.93, 323.87, 172.78, 245.81, 98.02, 30.6, 63.9, 125, 64.56, 87.89, , , , , 
1/31/2020 6:38:27 AM, 3271.5, 9160, 1640.5, 327.68, 222.6, 163.93, 323.87, 172.78, 245.81, 98.02, 30.6, 63.9, 125, 64.56, 87.89, , , , , 
1/31/2020 6:38:30 AM, 3271.5, 9160.25, 1640.5, 327.68, 222.6, 163.93, 323.87, 172.78, 245.81, 98.02, 30.6, 63.9, 125, 64.56, 87.89, , , , , 
1/31/2020 6:38:33 AM, 3271.5, 9160.25, 1640.5, 327.68, 222.6, 163.93, 323.87, 172.78, 245.81, 98.02, 30.6, 63.9, 125, 64.56, 87.89, , , , , 
1/31/2020 6:38:36 AM, 3271.75, 9160.25, 1640.5, 327.68, 222.6, 163.93, 323.87, 172.78, 245.81, 98.02, 30.6, 63.9, 125, 64.56, 87.89, , , , , 
1/31/2020 6:38:39 AM, 3272, 9160.75, 1640.5, 327.68, 222.6, 163.93, 323.87, 172.78, 245.81, 98.02, 30.6, 63.9, 125, 64.56, 87.89, , , , , 
1/31/2020 6:38:42 AM, 3272, 9161, 1640.5, 327.68, 222.6, 163.93, 323.87, 172.78, 245.81, 98.02, 30.6, 63.9, 125, 64.56, 87.89, , , , , 
1/31/2020 6:38:45 AM, 3272, 9160.75, 1640.6, 327.68, 222.6, 163.93, 323.87, 172.78, 245.81, 98.02, 30.6, 63.9, 125, 64.56, 87.89, , , , , 
1/31/2020 6:38:48 AM, 3272, 9160.75, 1640.6, 327.68, 222.6, 163.93, 323.87, 172.78, 245.81, 98.02, 30.6, 63.9, 125, 64.56, 87.89, , , , , 
1/31/2020 6:38:51 AM, 3272, 9160.75, 1640.6, 327.68, 222.6, 163.93, 323.87, 172.78, 245.81, 98.02, 30.6, 63.9, 125, 64.56, 87.89, , , , , 
1/31/2020 6:38:54 AM, 3272, 9160.5, 1640.6, 327.68, 222.6, 163.93, 323.87, 172.78, 245.81, 98.02, 30.6, 63.9, 125, 64.56, 87.89, , , , , 
1/31/2020 6:38:57 AM, 3272, 9160.75, 1640.6, 327.68, 222.6, 163.93, 323.87, 172.78, 245.81, 98.02, 30.6, 63.9, 125, 64.56, 87.89, , , , , 
1/31/2020 6:39:00 AM, 3271.75, 9160.5, 1640.6, 327.68, 222.6, 163.93, 323.87, 172.78, 245.81, 98.02, 30.6, 63.9, 125, 64.56, 87.89, , , , , 
1/31/2020 6:39:03 AM, 3271.75, 9160.25, 1640.6, 327.68, 222.6, 163.93, 323.87, 172.78, 245.81, 98.02, 30.6, 63.9, 125, 64.56, 87.89, , , , , 
1/31/2020 6:39:06 AM, 3272, 9160.75, 1640.6, 327.68, 222.6, 163.93, 323.87, 172.78, 245.81, 98.02, 30.6, 63.9, 125, 64.56, 87.89, , , , , 
1/31/2020 6:39:09 AM, 3272, 9160.75, 1640.7, 327.68, 222.6, 163.93, 323.87, 172.78, 245.81, 98.02, 30.6, 63.9, 125, 64.56, 87.89, , , , , 
1/31/2020 6:39:12 AM, 3272, 9161.25, 1640.7, 327.68, 222.6, 163.93, 323.87, 172.78, 245.81, 98.02, 30.6, 63.9, 125, 64.56, 87.89, , , , , 
1/31/2020 6:39:15 AM, 3272.25, 9161.25, 1640.7, 327.68, 222.6, 163.93, 323.87, 172.78, 245.81, 98.02, 30.6, 63.9, 125, 64.56, 87.89, , , , , 
1/31/2020 6:39:18 AM, 3272.25, 9161.5, 1640.7, 327.68, 222.6, 163.93, 323.87, 172.78, 245.81, 98.02, 30.6, 63.9, 125, 64.56, 87.89, , , , , 
1/31/2020 6:39:21 AM, 3272.25, 9162, 1640.8, 327.68, 222.6, 163.93, 323.87, 172.78, 245.81, 98.02, 30.6, 63.9, 125, 64.56, 87.89, , , , , 
1/31/2020 6:39:24 AM, 3272.5, 9162, 1640.8, 327.68, 222.6, 163.93, 323.87, 172.78, 245.81, 98.02, 30.6, 63.9, 125, 64.56, 87.89, , , , , 
1/31/2020 6:39:27 AM, 3272.25, 9162.5, 1640.9, 327.68, 222.6, 163.93, 323.87, 172.78, 245.81, 98.02, 30.6, 63.9, 125, 64.56, 87.89, , , , , 
1/31/2020 6:39:30 AM, 3272.5, 9162.5, 1640.9, 327.68, 222.6, 163.93, 323.87, 172.78, 245.81, 98.02, 30.6, 63.9, 125, 64.56, 87.89, , , , , 
1/31/2020 6:39:33 AM, 3272.25, 9161.75, 1640.9, 327.68, 222.6, 163.93, 323.87, 172.78, 245.81, 98.02, 30.6, 63.9, 125, 64.56, 87.89, , , , , 
1/31/2020 6:39:36 AM, 3272.5, 9161.75, 1640.9, 327.68, 222.6, 163.93, 323.87, 172.78, 245.81, 98.02, 30.6, 63.9, 125, 64.56, 87.89, , , , , 
1/31/2020 6:39:39 AM, 3272.25, 9161, 1640.9, 327.68, 222.6, 163.93, 323.87, 172.78, 245.81, 98.02, 30.6, 63.9, 125, 64.56, 87.89, , , , , 
1/31/2020 6:39:42 AM, 3272.25, 9161.75, 1640.7, 327.68, 222.6, 163.93, 323.87, 172.78, 245.81, 98.02, 30.6, 63.9, 125, 64.56, 87.89, , , , , 
1/31/2020 6:39:45 AM, 3272, 9161.75, 1640.7, 327.68, 222.6, 163.93, 323.87, 172.78, 245.81, 98.02, 30.6, 63.9, 125, 64.56, 87.89, , , , , 
1/31/2020 6:39:48 AM, 3272, 9161.75, 1640.7, 327.68, 222.6, 163.93, 323.87, 172.78, 245.81, 98.02, 30.6, 63.9, 125, 64.56, 87.89, , , , , 
1/31/2020 6:39:51 AM, 3272, 9161, 1640.7, 327.68, 222.6, 163.93, 323.87, 172.78, 245.81, 98.02, 30.6, 63.9, 125, 64.56, 87.89, , , , , 
1/31/2020 6:39:54 AM, 3272, 9161.75, 1640.7, 327.68, 222.6, 163.93, 323.87, 172.78, 245.81, 98.02, 30.6, 63.9, 125, 64.56, 87.89, , , , , 
1/31/2020 6:39:57 AM, 3272, 9161.5, 1640.7, 327.68, 222.6, 163.93, 323.87, 172.78, 245.81, 98.02, 30.6, 63.9, 125, 64.56, 87.89, , , , , 
1/31/2020 6:40:00 AM, 3272, 9161.25, 1640.7, 327.68, 222.6, 163.93, 323.87, 172.78, 245.81, 98.02, 30.6, 63.9, 125, 64.56, 87.89, , , , , 
1/31/2020 6:40:03 AM, 3272.5, 9163.5, 1640.9, 327.68, 222.6, 163.93, 323.87, 172.78, 245.81, 98.02, 30.6, 63.9, 125, 64.56, 87.89, , , , , 
1/31/2020 6:40:06 AM, 3272.75, 9163.75, 1641, 327.68, 222.6, 163.93, 323.87, 172.78, 245.81, 98.02, 30.6, 63.9, 125, 64.56, 87.89, , , , , 
1/31/2020 6:40:09 AM, 3273, 9164.5, 1641.3, 327.68, 222.6, 163.93, 323.87, 172.78, 245.81, 98.02, 30.6, 63.9, 125, 64.56, 87.89, , , , , 
1/31/2020 6:40:12 AM, 3273, 9164.25, 1641.3, 327.68, 222.6, 163.93, 323.87, 172.78, 245.81, 98.02, 30.6, 63.9, 125, 64.56, 87.89, , , , , 
1/31/2020 6:40:15 AM, 3272.75, 9164, 1641.3, 327.68, 222.6, 163.93, 323.87, 172.78, 245.81, 98.02, 30.6, 63.9, 125, 64.56, 87.89, , , , , 
1/31/2020 6:40:18 AM, 3272.75, 9164, 1641.3, 327.68, 222.6, 163.93, 323.87, 172.78, 245.81, 98.02, 30.6, 63.9, 125, 64.56, 87.89, , , , , 
1/31/2020 6:40:21 AM, 3272.5, 9164, 1641.3, 327.68, 222.6, 163.93, 323.87, 172.78, 245.81, 98.02, 30.6, 63.9, 125, 64.56, 87.89, , , , , 
1/31/2020 6:40:24 AM, 3272.75, 9163.5, 1641.3, 327.68, 222.6, 163.93, 323.87, 172.78, 245.81, 98.02, 30.6, 63.9, 125, 64.56, 87.89, , , , , 
1/31/2020 6:40:27 AM, 3272.5, 9163.25, 1641, 327.68, 222.6, 163.93, 323.87, 172.78, 245.81, 98.02, 30.6, 63.9, 125, 64.56, 87.89, , , , , 
1/31/2020 6:40:30 AM, 3272.75, 9163.75, 1641, 327.68, 222.6, 163.93, 323.87, 172.78, 245.81, 98.02, 30.6, 63.9, 125, 64.56, 87.89, , , , , 
1/31/2020 6:40:33 AM, 3272.75, 9164, 1641, 327.68, 222.6, 163.93, 323.87, 172.78, 245.81, 98.02, 30.6, 63.9, 125, 64.56, 87.89, , , , , 
1/31/2020 6:40:36 AM, 3272.75, 9164, 1641, 327.68, 222.6, 163.93, 323.87, 172.78, 245.81, 98.02, 30.6, 63.9, 125, 64.56, 87.89, , , , , 
1/31/2020 6:40:39 AM, 3272.75, 9163.75, 1641, 327.68, 222.6, 163.93, 323.87, 172.78, 245.81, 98.02, 30.6, 63.9, 125, 64.56, 87.89, , , , , 
1/31/2020 6:40:42 AM, 3272.75, 9163.5, 1641, 327.68, 222.6, 163.93, 323.87, 172.78, 245.81, 98.02, 30.6, 63.9, 125, 64.56, 87.89, , , , , 
1/31/2020 6:40:46 AM, 3272.75, 9163.5, 1641, 327.68, 222.6, 163.93, 323.87, 172.78, 245.81, 98.02, 30.6, 63.9, 125, 64.56, 87.89, , , , , 
1/31/2020 6:40:49 AM, 3272.75, 9163.75, 1641, 327.68, 222.6, 163.93, 323.87, 172.78, 245.81, 98.02, 30.6, 63.9, 125, 64.56, 87.89, , , , , 
1/31/2020 6:40:52 AM, 3272.75, 9163.75, 1641, 327.68, 222.6, 163.93, 323.87, 172.78, 245.81, 98.02, 30.6, 63.9, 125, 64.56, 87.89, , , , , 
1/31/2020 6:40:55 AM, 3272.75, 9163.75, 1641, 327.68, 222.6, 163.93, 323.87, 172.78, 245.81, 98.02, 30.6, 63.9, 125, 64.56, 87.89, , , , , 
1/31/2020 6:40:58 AM, 3273, 9164, 1641, 327.68, 222.6, 163.93, 323.87, 172.78, 245.81, 98.02, 30.6, 63.9, 125, 64.56, 87.89, , , , , 
1/31/2020 6:41:01 AM, 3273, 9164, 1641, 327.68, 222.6, 163.93, 323.87, 172.78, 245.81, 98.02, 30.6, 63.9, 125, 64.56, 87.89, , , , , 
1/31/2020 6:41:04 AM, 3272.75, 9163.75, 1641, 327.68, 222.6, 163.93, 323.87, 172.78, 245.81, 98.02, 30.6, 63.9, 125, 64.56, 87.89, , , , , 
1/31/2020 6:41:07 AM, 3272.75, 9163.75, 1641, 327.68, 222.6, 163.93, 323.87, 172.78, 245.81, 98.02, 30.6, 63.9, 125, 64.56, 87.89, , , , , 
1/31/2020 6:41:10 AM, 3273, 9163.75, 1641, 327.68, 222.6, 163.93, 323.87, 172.78, 245.81, 98.02, 30.6, 63.9, 125, 64.56, 87.89, , , , , 
1/31/2020 6:41:13 AM, 3273, 9163.75, 1641, 327.68, 222.6, 163.93, 323.87, 172.78, 245.81, 98.02, 30.6, 63.9, 125, 64.56, 87.89, , , , , 
1/31/2020 6:41:16 AM, 3273, 9164.25, 1641, 327.68, 222.6, 163.93, 323.87, 172.78, 245.81, 98.02, 30.6, 63.9, 125, 64.56, 87.89, , , , , 
1/31/2020 6:41:19 AM, 3273, 9164.25, 1641, 327.68, 222.6, 163.93, 323.87, 172.78, 245.81, 98.02, 30.6, 63.9, 125, 64.56, 87.89, , , , , 
1/31/2020 6:41:22 AM, 3272.75, 9164, 1641, 327.68, 222.6, 163.93, 323.87, 172.78, 245.81, 98.02, 30.6, 63.9, 125, 64.56, 87.89, , , , , 
1/31/2020 6:41:25 AM, 3272.75, 9163.75, 1641.1, 327.68, 222.6, 163.93, 323.87, 172.78, 245.81, 98.02, 30.6, 63.9, 125, 64.56, 87.89, , , , , 
1/31/2020 6:41:28 AM, 3272.75, 9163.75, 1641.1, 327.68, 222.6, 163.93, 323.87, 172.78, 245.81, 98.02, 30.6, 63.9, 125, 64.56, 87.89, , , , , 
1/31/2020 6:41:31 AM, 3272.5, 9163.25, 1641.1, 327.68, 222.6, 163.93, 323.87, 172.78, 245.81, 98.02, 30.6, 63.9, 125, 64.56, 87.89, , , , , 
1/31/2020 6:41:34 AM, 3272.5, 9163.25, 1641.1, 327.68, 222.6, 163.93, 323.87, 172.78, 245.81, 98.02, 30.6, 63.9, 125, 64.56, 87.89, , , , , 
1/31/2020 6:41:37 AM, 3272.5, 9163.5, 1641.1, 327.68, 222.6, 163.93, 323.87, 172.78, 245.81, 98.02, 30.6, 63.9, 125, 64.56, 87.89, , , , , 
1/31/2020 6:41:40 AM, 3272.5, 9163.5, 1641.1, 327.68, 222.6, 163.93, 323.87, 172.78, 245.81, 98.02, 30.6, 63.9, 125, 64.56, 87.89, , , , , 
1/31/2020 6:41:43 AM, 3272.75, 9163.5, 1641.1, 327.68, 222.6, 163.93, 323.87, 172.78, 245.81, 98.02, 30.6, 63.9, 125, 64.56, 87.89, , , , , 
1/31/2020 6:41:46 AM, 3272.75, 9163.5, 1641.1, 327.68, 222.6, 163.93, 323.87, 172.78, 245.81, 98.02, 30.6, 63.9, 125, 64.56, 87.89, , , , , 
1/31/2020 6:41:49 AM, 3272.75, 9164, 1641.1, 327.68, 222.6, 163.93, 323.87, 172.78, 245.81, 98.02, 30.6, 63.9, 125, 64.56, 87.89, , , , , 
1/31/2020 6:41:52 AM, 3272.75, 9164, 1641.1, 327.68, 222.6, 163.93, 323.87, 172.78, 245.81, 98.02, 30.6, 63.9, 125, 64.56, 87.89, , , , , 
1/31/2020 6:41:55 AM, 3272.75, 9163.75, 1641.1, 327.68, 222.6, 163.93, 323.87, 172.78, 245.81, 98.02, 30.6, 63.9, 125, 64.56, 87.89, , , , , 
1/31/2020 6:41:58 AM, 3272.75, 9163.75, 1641.1, 327.68, 222.6, 163.93, 323.87, 172.78, 245.81, 98.02, 30.6, 63.9, 125, 64.56, 87.89, , , , , 
1/31/2020 6:42:01 AM, 3273, 9163.75, 1641.1, 327.68, 222.6, 163.93, 323.87, 172.78, 245.81, 98.02, 30.6, 63.9, 125, 64.56, 87.89, , , , , 
1/31/2020 6:42:04 AM, 3273, 9163.75, 1641.1, 327.68, 222.6, 163.93, 323.87, 172.78, 245.81, 98.02, 30.6, 63.9, 125, 64.56, 87.89, , , , , 
1/31/2020 6:42:07 AM, 3272.75, 9163, 1641, 327.68, 222.6, 163.93, 323.87, 172.78, 245.81, 98.02, 30.6, 63.9, 125, 64.56, 87.89, , , , , 
1/31/2020 6:42:10 AM, 3272.75, 9163, 1641, 327.68, 222.6, 163.93, 323.87, 172.78, 245.81, 98.02, 30.6, 63.9, 125, 64.56, 87.89, , , , , 
1/31/2020 6:42:13 AM, 3272.75, 9162.75, 1641, 327.68, 222.6, 163.93, 323.87, 172.78, 245.81, 98.02, 30.6, 63.9, 125, 64.56, 87.89, , , , , 
1/31/2020 6:42:16 AM, 3272.75, 9162.75, 1641, 327.68, 222.6, 163.93, 323.87, 172.78, 245.81, 98.02, 30.6, 63.9, 125, 64.56, 87.89, , , , , 
1/31/2020 6:42:19 AM, 3272.5, 9162.75, 1640.8, 327.68, 222.6, 163.93, 323.87, 172.78, 245.81, 98.02, 30.6, 63.9, 125, 64.56, 87.89, , , , , 
1/31/2020 6:42:22 AM, 3272.5, 9162.75, 1640.8, 327.68, 222.6, 163.93, 323.87, 172.78, 245.81, 98.02, 30.6, 63.9, 125, 64.56, 87.89, , , , , 
1/31/2020 6:42:25 AM, 3272.5, 9161.75, 1640.9, 327.68, 222.6, 163.93, 323.87, 172.78, 245.81, 98.02, 30.6, 63.9, 125, 64.56, 87.89, , , , , 
1/31/2020 6:42:28 AM, 3272.5, 9161.75, 1640.9, 327.68, 222.6, 163.93, 323.87, 172.78, 245.81, 98.02, 30.6, 63.9, 125, 64.56, 87.89, , , , , 
1/31/2020 6:42:31 AM, 3272, 9161, 1640.8, 327.68, 222.6, 163.93, 323.87, 172.78, 245.81, 98.02, 30.6, 63.9, 125, 64.56, 87.89, , , , , 
1/31/2020 6:42:34 AM, 3272, 9161, 1640.8, 327.68, 222.6, 163.93, 323.87, 172.78, 245.81, 98.02, 30.6, 63.9, 125, 64.56, 87.89, , , , , 
1/31/2020 6:42:37 AM, 3271.75, 9159.75, 1640.4, 327.68, 222.6, 163.93, 323.87, 172.78, 245.81, 98.02, 30.6, 63.9, 125, 64.56, 87.89, , , , , 
1/31/2020 6:42:40 AM, 3271.75, 9159.75, 1640.4, 327.68, 222.6, 163.93, 323.87, 172.78, 245.81, 98.02, 30.6, 63.9, 125, 64.56, 87.89, , , , , 
1/31/2020 6:42:43 AM, 3271.75, 9160.75, 1640.5, 327.68, 222.6, 163.93, 323.87, 172.78, 245.81, 98.02, 30.6, 63.9, 125, 64.56, 87.89, , , , , 
1/31/2020 6:42:46 AM, 3271.75, 9160.75, 1640.5, 327.68, 222.6, 163.93, 323.87, 172.78, 245.81, 98.02, 30.6, 63.9, 125, 64.56, 87.89, , , , , 
1/31/2020 6:42:49 AM, 3271.75, 9160.25, 1640.5, 327.68, 222.6, 163.93, 323.87, 172.78, 245.81, 98.02, 30.6, 63.9, 125, 64.56, 87.89, , , , , 
1/31/2020 6:42:52 AM, 3271.75, 9160.25, 1640.5, 327.68, 222.6, 163.93, 323.87, 172.78, 245.81, 98.02, 30.6, 63.9, 125, 64.56, 87.89, , , , , 
1/31/2020 6:42:55 AM, 3272, 9161.5, 1640.5, 327.68, 222.6, 163.93, 323.87, 172.78, 245.81, 98.02, 30.6, 63.9, 125, 64.56, 87.89, , , , , 
1/31/2020 6:42:58 AM, 3272, 9161.5, 1640.5, 327.68, 222.6, 163.93, 323.87, 172.78, 245.81, 98.02, 30.6, 63.9, 125, 64.56, 87.89, , , , , 
1/31/2020 6:43:01 AM, 3272, 9161.75, 1640.5, 327.68, 222.6, 163.93, 323.87, 172.78, 245.81, 98.02, 30.6, 63.9, 125, 64.56, 87.89, , , , , 
1/31/2020 6:43:04 AM, 3272, 9161.75, 1640.5, 327.68, 222.6, 163.93, 323.87, 172.78, 245.81, 98.02, 30.6, 63.9, 125, 64.56, 87.89, , , , , 
1/31/2020 6:43:07 AM, 3272, 9160.75, 1640.7, 327.68, 222.6, 163.93, 323.87, 172.78, 245.81, 98.02, 30.6, 63.9, 125, 64.56, 87.89, , , , , 
1/31/2020 6:43:10 AM, 3272, 9160.75, 1640.7, 327.68, 222.6, 163.93, 323.87, 172.78, 245.81, 98.02, 30.6, 63.9, 125, 64.56, 87.89, , , , , 
1/31/2020 6:43:13 AM, 3272.25, 9162, 1640.8, 327.68, 222.6, 163.93, 323.87, 172.78, 245.81, 98.02, 30.6, 63.9, 125, 64.56, 87.89, , , , , 
1/31/2020 6:43:16 AM, 3272.25, 9162, 1640.8, 327.68, 222.6, 163.93, 323.87, 172.78, 245.81, 98.02, 30.6, 63.9, 125, 64.56, 87.89, , , , , 
1/31/2020 6:43:19 AM, 3272.25, 9162, 1640.8, 327.68, 222.6, 163.93, 323.87, 172.78, 245.81, 98.02, 30.6, 63.9, 125, 64.56, 87.89, , , , , 
1/31/2020 6:43:22 AM, 3272.25, 9161.5, 1640.8, 327.68, 222.6, 163.93, 323.87, 172.78, 245.81, 98.02, 30.6, 63.9, 125, 64.56, 87.89, , , , , 
1/31/2020 6:43:26 AM, 3272.25, 9162, 1640.8, 327.68, 222.6, 163.93, 323.87, 172.78, 245.81, 98.02, 30.6, 63.9, 125, 64.56, 87.89, , , , , 
1/31/2020 6:43:29 AM, 3272.25, 9161.75, 1640.8, 327.68, 222.6, 163.93, 323.87, 172.78, 245.81, 98.02, 30.6, 63.9, 125, 64.56, 87.89, , , , , 
1/31/2020 6:43:32 AM, 3272.25, 9161.75, 1640.8, 327.68, 222.6, 163.93, 323.87, 172.78, 245.81, 98.02, 30.6, 63.9, 125, 64.56, 87.89, , , , , 
1/31/2020 6:43:35 AM, 3272.25, 9161.5, 1640.8, 327.68, 222.6, 163.93, 323.87, 172.78, 245.81, 98.02, 30.6, 63.9, 125, 64.56, 87.89, , , , , 
1/31/2020 6:43:38 AM, 3272.25, 9161.5, 1640.8, 327.68, 222.6, 163.93, 323.87, 172.78, 245.81, 98.02, 30.6, 63.9, 125, 64.56, 87.89, , , , , 
1/31/2020 6:43:41 AM, 3272.25, 9161.5, 1640.8, 327.68, 222.6, 163.93, 323.87, 172.78, 245.81, 98.02, 30.6, 63.9, 125, 64.56, 87.89, , , , , 
1/31/2020 6:43:44 AM, 3272.25, 9161.5, 1640.8, 327.68, 222.6, 163.93, 323.87, 172.78, 245.81, 98.02, 30.6, 63.9, 125, 64.56, 87.89, , , , , 
1/31/2020 6:43:47 AM, 3272.25, 9161.5, 1640.8, 327.68, 222.6, 163.93, 323.87, 172.78, 245.81, 98.02, 30.6, 63.9, 125, 64.56, 87.89, , , , , 
1/31/2020 6:43:50 AM, 3272.5, 9162.25, 1640.9, 327.68, 222.6, 163.93, 323.87, 172.78, 245.81, 98.02, 30.6, 63.9, 125, 64.56, 87.89, , , , , 
1/31/2020 6:43:53 AM, 3272, 9161.25, 1640.9, 327.68, 222.6, 163.93, 323.87, 172.78, 245.81, 98.02, 30.6, 63.9, 125, 64.56, 87.89, , , , , 
1/31/2020 6:43:56 AM, 3272.25, 9161.25, 1640.9, 327.68, 222.6, 163.93, 323.87, 172.78, 245.81, 98.02, 30.6, 63.9, 125, 64.56, 87.89, , , , , 
1/31/2020 6:43:59 AM, 3272.25, 9161.25, 1640.9, 327.68, 222.6, 163.93, 323.87, 172.78, 245.81, 98.02, 30.6, 63.9, 125, 64.56, 87.89, , , , , 
1/31/2020 6:44:02 AM, 3272.25, 9161.5, 1640.9, 327.68, 222.6, 163.93, 323.87, 172.78, 245.81, 98.02, 30.6, 63.9, 125, 64.56, 87.89, , , , , 
1/31/2020 6:44:05 AM, 3272.25, 9161.5, 1640.9, 327.68, 222.6, 163.93, 323.87, 172.78, 245.81, 98.02, 30.6, 63.9, 125, 64.56, 87.89, , , , , 
1/31/2020 6:44:08 AM, 3272.25, 9161.25, 1640.9, 327.68, 222.6, 163.93, 323.87, 172.78, 245.81, 98.02, 30.6, 63.9, 125, 64.56, 87.89, , , , , 
1/31/2020 6:44:11 AM, 3272.25, 9161.25, 1640.9, 327.68, 222.6, 163.93, 323.87, 172.78, 245.81, 98.02, 30.6, 63.9, 125, 64.56, 87.89, , , , , 
1/31/2020 6:44:14 AM, 3272, 9161, 1640.7, 327.68, 222.6, 163.93, 323.87, 172.78, 245.81, 98.02, 30.6, 63.9, 125, 64.56, 87.89, , , , , 
1/31/2020 6:44:17 AM, 3272, 9161, 1640.7, 327.68, 222.6, 163.93, 323.87, 172.78, 245.81, 98.02, 30.6, 63.9, 125, 64.56, 87.89, , , , , 
1/31/2020 6:44:20 AM, 3272, 9161, 1640.7, 327.68, 222.6, 163.93, 323.87, 172.78, 245.81, 98.02, 30.6, 63.9, 125, 64.56, 87.89, , , , , 
1/31/2020 6:44:23 AM, 3272, 9161, 1640.7, 327.68, 222.6, 163.93, 323.87, 172.78, 245.81, 98.02, 30.6, 63.9, 125, 64.56, 87.89, , , , , 
1/31/2020 6:44:26 AM, 3272, 9161.25, 1640.7, 327.68, 222.6, 163.93, 323.87, 172.78, 245.81, 98.02, 30.6, 63.9, 125, 64.56, 87.89, , , , , 
1/31/2020 6:44:29 AM, 3272, 9161.25, 1640.7, 327.68, 222.6, 163.93, 323.87, 172.78, 245.81, 98.02, 30.6, 63.9, 125, 64.56, 87.89, , , , , 
1/31/2020 6:44:32 AM, 3272.25, 9161, 1640.7, 327.68, 222.6, 163.93, 323.87, 172.78, 245.81, 98.02, 30.6, 63.9, 125, 64.56, 87.89, , , , , 
1/31/2020 6:44:35 AM, 3272.25, 9161, 1640.7, 327.68, 222.6, 163.93, 323.87, 172.78, 245.81, 98.02, 30.6, 63.9, 125, 64.56, 87.89, , , , , 
1/31/2020 6:44:38 AM, 3272.25, 9161, 1640.7, 327.68, 222.6, 163.93, 323.87, 172.78, 245.81, 98.02, 30.6, 63.9, 125, 64.56, 87.89, , , , , 
1/31/2020 6:44:41 AM, 3272.25, 9161.5, 1640.7, 327.68, 222.6, 163.93, 323.87, 172.78, 245.81, 98.02, 30.6, 63.9, 125, 64.56, 87.89, , , , , 
1/31/2020 6:44:44 AM, 3272.25, 9161.5, 1640.7, 327.68, 222.6, 163.93, 323.87, 172.78, 245.81, 98.02, 30.6, 63.9, 125, 64.56, 87.89, , , , , 
1/31/2020 6:44:47 AM, 3272.25, 9161.5, 1640.7, 327.68, 222.6, 163.93, 323.87, 172.78, 245.81, 98.02, 30.6, 63.9, 125, 64.56, 87.89, , , , , 
1/31/2020 6:44:50 AM, 3272.25, 9162.25, 1640.7, 327.68, 222.6, 163.93, 323.87, 172.78, 245.81, 98.02, 30.6, 63.9, 125, 64.56, 87.89, , , , , 
1/31/2020 6:44:53 AM, 3272, 9162.25, 1640.7, 327.68, 222.6, 163.93, 323.87, 172.78, 245.81, 98.02, 30.6, 63.9, 125, 64.56, 87.89, , , , , 
1/31/2020 6:44:56 AM, 3272, 9162.25, 1640.7, 327.68, 222.6, 163.93, 323.87, 172.78, 245.81, 98.02, 30.6, 63.9, 125, 64.56, 87.89, , , , , 
1/31/2020 6:44:59 AM, 3272, 9161.25, 1640.6, 327.68, 222.6, 163.93, 323.87, 172.78, 245.81, 98.02, 30.6, 63.9, 125, 64.56, 87.89, , , , , 
1/31/2020 6:45:02 AM, 3272, 9160.75, 1640.6, 327.68, 222.6, 163.93, 323.87, 172.78, 245.81, 98.02, 30.6, 63.9, 125, 64.56, 87.89, , , , , 
1/31/2020 6:45:05 AM, 3272, 9161, 1640.6, 327.68, 222.6, 163.93, 323.87, 172.78, 245.81, 98.02, 30.6, 63.9, 125, 64.56, 87.89, , , , , 
1/31/2020 6:45:08 AM, 3272, 9160.75, 1640.7, 327.68, 222.6, 163.93, 323.87, 172.78, 245.81, 98.02, 30.6, 63.9, 125, 64.56, 87.89, , , , , 
1/31/2020 6:45:11 AM, 3272, 9160.75, 1640.7, 327.68, 222.6, 163.93, 323.87, 172.78, 245.81, 98.02, 30.6, 63.9, 125, 64.56, 87.89, , , , , 
1/31/2020 6:45:14 AM, 3272, 9161, 1640.8, 327.68, 222.6, 163.93, 323.87, 172.78, 245.81, 98.02, 30.6, 63.9, 125, 64.56, 87.89, , , , , 
1/31/2020 6:45:17 AM, 3272, 9161, 1640.8, 327.68, 222.6, 163.93, 323.87, 172.78, 245.81, 98.02, 30.6, 63.9, 125, 64.56, 87.89, , , , , 
1/31/2020 6:45:20 AM, 3271.75, 9160.5, 1640.8, 327.68, 222.6, 163.93, 323.87, 172.78, 245.81, 98.02, 30.6, 63.9, 125, 64.56, 87.89, , , , , 
1/31/2020 6:45:23 AM, 3271.75, 9160.5, 1640.8, 327.68, 222.6, 163.93, 323.87, 172.78, 245.81, 98.02, 30.6, 63.9, 125, 64.56, 87.89, , , , , 
1/31/2020 6:45:26 AM, 3271.5, 9159.75, 1640.6, 327.68, 222.6, 163.93, 323.87, 172.78, 245.81, 98.02, 30.6, 63.9, 125, 64.56, 87.89, , , , , 
1/31/2020 6:45:29 AM, 3271.5, 9159.75, 1640.6, 327.68, 222.6, 163.93, 323.87, 172.78, 245.81, 98.02, 30.6, 63.9, 125, 64.56, 87.89, , , , , 
1/31/2020 6:45:32 AM, 3271.5, 9160, 1640.6, 327.68, 222.6, 163.93, 323.87, 172.78, 245.81, 98.02, 30.6, 63.9, 125, 64.56, 87.89, , , , , 
1/31/2020 6:45:35 AM, 3271.5, 9160, 1640.6, 327.68, 222.6, 163.93, 323.87, 172.78, 245.81, 98.02, 30.6, 63.9, 125, 64.56, 87.89, , , , , 
1/31/2020 6:45:38 AM, 3271.5, 9159, 1640.5, 327.68, 222.6, 163.93, 323.87, 172.78, 245.81, 98.02, 30.6, 63.9, 125, 64.56, 87.89, , , , , 
1/31/2020 6:45:42 AM, 3271.5, 9159, 1640.5, 327.68, 222.6, 163.93, 323.87, 172.78, 245.81, 98.02, 30.6, 63.9, 125, 64.56, 87.89, , , , , 
1/31/2020 6:45:45 AM, 3270.5, 9157, 1640, 327.68, 222.6, 163.93, 323.87, 172.78, 245.81, 98.02, 30.6, 63.9, 125, 64.56, 87.89, , , , , 
1/31/2020 6:45:48 AM, 3270.5, 9157, 1640, 327.68, 222.6, 163.93, 323.87, 172.78, 245.81, 98.02, 30.6, 63.9, 125, 64.56, 87.89, , , , , 
1/31/2020 6:45:51 AM, 3270.75, 9158, 1640, 327.68, 222.6, 163.93, 323.87, 172.78, 245.81, 98.02, 30.6, 63.9, 125, 64.56, 87.89, , , , , 
1/31/2020 6:45:54 AM, 3270.75, 9158, 1640, 327.68, 222.6, 163.93, 323.87, 172.78, 245.81, 98.02, 30.6, 63.9, 125, 64.56, 87.89, , , , , 
1/31/2020 6:45:57 AM, 3271.25, 9159.25, 1640.3, 327.68, 222.6, 163.93, 323.87, 172.78, 245.81, 98.02, 30.6, 63.9, 125, 64.56, 87.89, , , , , 
1/31/2020 6:46:00 AM, 3271.25, 9159.25, 1640.3, 327.68, 222.6, 163.93, 323.87, 172.78, 245.81, 98.02, 30.6, 63.9, 125, 64.56, 87.89, , , , , 
1/31/2020 6:46:03 AM, 3271.25, 9158.75, 1640.2, 327.68, 222.6, 163.93, 323.87, 172.78, 245.81, 98.02, 30.6, 63.9, 125, 64.56, 87.89, , , , , 
1/31/2020 6:46:06 AM, 3271.25, 9158.75, 1640.2, 327.68, 222.6, 163.93, 323.87, 172.78, 245.81, 98.02, 30.6, 63.9, 125, 64.56, 87.89, , , , , 
1/31/2020 6:46:09 AM, 3271.25, 9159, 1640.2, 327.68, 222.6, 163.93, 323.87, 172.78, 245.81, 98.02, 30.6, 63.9, 125, 64.56, 87.89, , , , , 
1/31/2020 6:46:12 AM, 3271.25, 9159, 1640.2, 327.68, 222.6, 163.93, 323.87, 172.78, 245.81, 98.02, 30.6, 63.9, 125, 64.56, 87.89, , , , , 
1/31/2020 6:46:15 AM, 3271.25, 9160, 1640.2, 327.68, 222.6, 163.93, 323.87, 172.78, 245.81, 98.02, 30.6, 63.9, 125, 64.56, 87.89, , , , , 
1/31/2020 6:46:18 AM, 3271.25, 9160, 1640.2, 327.68, 222.6, 163.93, 323.87, 172.78, 245.81, 98.02, 30.6, 63.9, 125, 64.56, 87.89, , , , , 
1/31/2020 6:46:21 AM, 3271.25, 9160.25, 1640.2, 327.68, 222.6, 163.93, 323.87, 172.78, 245.81, 98.02, 30.6, 63.9, 125, 64.56, 87.89, , , , , 
1/31/2020 6:46:24 AM, 3271.25, 9160.25, 1640.2, 327.68, 222.6, 163.93, 323.87, 172.78, 245.81, 98.02, 30.6, 63.9, 125, 64.56, 87.89, , , , , 
1/31/2020 6:46:27 AM, 3271, 9158.5, 1640.4, 327.68, 222.6, 163.93, 323.87, 172.78, 245.81, 98.02, 30.6, 63.9, 125, 64.56, 87.89, , , , , 
1/31/2020 6:46:30 AM, 3271, 9158.5, 1640.4, 327.68, 222.6, 163.93, 323.87, 172.78, 245.81, 98.02, 30.6, 63.9, 125, 64.56, 87.89, , , , , 
1/31/2020 6:46:33 AM, 3270.75, 9158.25, 1640.4, 327.68, 222.6, 163.93, 323.87, 172.78, 245.81, 98.02, 30.6, 63.9, 125, 64.56, 87.89, , , , , 
1/31/2020 6:46:36 AM, 3270.75, 9158.25, 1640.4, 327.68, 222.6, 163.93, 323.87, 172.78, 245.81, 98.02, 30.6, 63.9, 125, 64.56, 87.89, , , , , 
1/31/2020 6:46:39 AM, 3270.5, 9156.5, 1640, 327.68, 222.6, 163.93, 323.87, 172.78, 245.81, 98.02, 30.6, 63.9, 125, 64.56, 87.89, , , , , 
1/31/2020 6:46:42 AM, 3270.5, 9156.5, 1640, 327.68, 222.6, 163.93, 323.87, 172.78, 245.81, 98.02, 30.6, 63.9, 125, 64.56, 87.89, , , , , 
1/31/2020 6:46:45 AM, 3270.75, 9158, 1640, 327.68, 222.6, 163.93, 323.87, 172.78, 245.81, 98.02, 30.6, 63.9, 125, 64.56, 87.89, , , , , 
1/31/2020 6:46:48 AM, 3270.75, 9158, 1640, 327.68, 222.6, 163.93, 323.87, 172.78, 245.81, 98.02, 30.6, 63.9, 125, 64.56, 87.89, , , , , 
1/31/2020 6:46:51 AM, 3271, 9159.5, 1640, 327.68, 222.6, 163.93, 323.87, 172.78, 245.81, 98.02, 30.6, 63.9, 125, 64.56, 87.89, , , , , 
1/31/2020 6:46:54 AM, 3271, 9159.5, 1640, 327.68, 222.6, 163.93, 323.87, 172.78, 245.81, 98.02, 30.6, 63.9, 125, 64.56, 87.89, , , , , 
1/31/2020 6:46:57 AM, 3271, 9159.75, 1640, 327.68, 222.6, 163.93, 323.87, 172.78, 245.81, 98.02, 30.6, 63.9, 125, 64.56, 87.89, , , , , 
1/31/2020 6:47:00 AM, 3271, 9159.75, 1640, 327.68, 222.6, 163.93, 323.87, 172.78, 245.81, 98.02, 30.6, 63.9, 125, 64.56, 87.89, , , , , 
1/31/2020 6:47:03 AM, 3271.5, 9160.25, 1640.5, 327.68, 222.6, 163.93, 323.87, 172.78, 245.81, 98.02, 30.6, 63.9, 125, 64.56, 87.89, , , , , 
1/31/2020 6:47:06 AM, 3271.5, 9160.25, 1640.5, 327.68, 222.6, 163.93, 323.87, 172.78, 245.81, 98.02, 30.6, 63.9, 125, 64.56, 87.89, , , , , 
1/31/2020 6:47:09 AM, 3271.5, 9160.25, 1640.5, 327.68, 222.6, 163.93, 323.87, 172.78, 245.81, 98.02, 30.6, 63.9, 125, 64.56, 87.89, , , , , 
1/31/2020 6:47:12 AM, 3271.5, 9160.25, 1640.5, 327.68, 222.6, 163.93, 323.87, 172.78, 245.81, 98.02, 30.6, 63.9, 125, 64.56, 87.89, , , , , 
1/31/2020 6:47:15 AM, 3271.5, 9160.75, 1640.6, 327.68, 222.6, 163.93, 323.87, 172.78, 245.81, 98.02, 30.6, 63.9, 125, 64.56, 87.89, , , , , 
1/31/2020 6:47:18 AM, 3271.5, 9160.75, 1640.6, 327.68, 222.6, 163.93, 323.87, 172.78, 245.81, 98.02, 30.6, 63.9, 125, 64.56, 87.89, , , , , 
1/31/2020 6:47:21 AM, 3271.25, 9160.25, 1640.6, 327.68, 222.6, 163.93, 323.87, 172.78, 245.81, 98.02, 30.6, 63.9, 125, 64.56, 87.89, , , , , 
1/31/2020 6:47:24 AM, 3271.25, 9159.75, 1640.4, 327.68, 222.6, 163.93, 323.87, 172.78, 245.81, 98.02, 30.6, 63.9, 125, 64.56, 87.89, , , , , 
1/31/2020 6:47:27 AM, 3271, 9159.25, 1640.3, 327.68, 222.6, 163.93, 323.87, 172.78, 245.81, 98.02, 30.6, 63.9, 125, 64.56, 87.89, , , , , 
1/31/2020 6:47:30 AM, 3271, 9159.25, 1640.3, 327.68, 222.6, 163.93, 323.87, 172.78, 245.81, 98.02, 30.6, 63.9, 125, 64.56, 87.89, , , , , 
1/31/2020 6:47:33 AM, 3271, 9159.25, 1640.3, 327.68, 222.6, 163.93, 323.87, 172.78, 245.81, 98.02, 30.6, 63.9, 125, 64.56, 87.89, , , , , 
1/31/2020 6:47:36 AM, 3271, 9159.25, 1640.3, 327.68, 222.6, 163.93, 323.87, 172.78, 245.81, 98.02, 30.6, 63.9, 125, 64.56, 87.89, , , , , 
1/31/2020 6:47:39 AM, 3271.25, 9159.5, 1640.3, 327.68, 222.6, 163.93, 323.87, 172.78, 245.81, 98.02, 30.6, 63.9, 125, 64.56, 87.89, , , , , 
1/31/2020 6:47:42 AM, 3271.25, 9159.5, 1640.3, 327.68, 222.6, 163.93, 323.87, 172.78, 245.81, 98.02, 30.6, 63.9, 125, 64.56, 87.89, , , , , 
1/31/2020 6:47:45 AM, 3271.25, 9159.25, 1640.3, 327.68, 222.6, 163.93, 323.87, 172.78, 245.81, 98.02, 30.6, 63.9, 125, 64.56, 87.89, , , , , 
1/31/2020 6:47:48 AM, 3271.25, 9159.25, 1640.3, 327.68, 222.6, 163.93, 323.87, 172.78, 245.81, 98.02, 30.6, 63.9, 125, 64.56, 87.89, , , , , 
1/31/2020 6:47:51 AM, 3271, 9158.5, 1640.3, 327.68, 222.6, 163.93, 323.87, 172.78, 245.81, 98.02, 30.6, 63.9, 125, 64.56, 87.89, , , , , 
1/31/2020 6:47:54 AM, 3271, 9158.5, 1640.3, 327.68, 222.6, 163.93, 323.87, 172.78, 245.81, 98.02, 30.6, 63.9, 125, 64.56, 87.89, , , , , 
1/31/2020 6:47:57 AM, 3270.75, 9158.75, 1640.3, 327.68, 222.6, 163.93, 323.87, 172.78, 245.81, 98.02, 30.6, 63.9, 125, 64.56, 87.89, , , , , 
1/31/2020 6:48:00 AM, 3270.75, 9158.75, 1640.3, 327.68, 222.6, 163.93, 323.87, 172.78, 245.81, 98.02, 30.6, 63.9, 125, 64.56, 87.89, , , , , 
1/31/2020 6:48:03 AM, 3270.75, 9158.5, 1640.3, 327.68, 222.6, 163.93, 323.87, 172.78, 245.81, 98.02, 30.6, 63.9, 125, 64.56, 87.89, , , , , 
1/31/2020 6:48:07 AM, 3270.75, 9158.75, 1640.3, 327.68, 222.6, 163.93, 323.87, 172.78, 245.81, 98.02, 30.6, 63.9, 125, 64.56, 87.89, , , , , 
1/31/2020 6:48:10 AM, 3271, 9159, 1640.3, 327.68, 222.6, 163.93, 323.87, 172.78, 245.81, 98.02, 30.6, 63.9, 125, 64.56, 87.89, , , , , 
1/31/2020 6:48:13 AM, 3271, 9159.5, 1640.3, 327.68, 222.6, 163.93, 323.87, 172.78, 245.81, 98.02, 30.6, 63.9, 125, 64.56, 87.89, , , , , 
1/31/2020 6:48:16 AM, 3271, 9159.75, 1640.3, 327.68, 222.6, 163.93, 323.87, 172.78, 245.81, 98.02, 30.6, 63.9, 125, 64.56, 87.89, , , , , 
1/31/2020 6:48:19 AM, 3271, 9159.25, 1640.3, 327.68, 222.6, 163.93, 323.87, 172.78, 245.81, 98.02, 30.6, 63.9, 125, 64.56, 87.89, , , , , 
1/31/2020 6:48:22 AM, 3271.25, 9160.25, 1640.3, 327.68, 222.6, 163.93, 323.87, 172.78, 245.81, 98.02, 30.6, 63.9, 125, 64.56, 87.89, , , , , 
1/31/2020 6:48:25 AM, 3271.25, 9160.25, 1640.3, 327.68, 222.6, 163.93, 323.87, 172.78, 245.81, 98.02, 30.6, 63.9, 125, 64.56, 87.89, , , , , 
1/31/2020 6:48:28 AM, 3271, 9159.25, 1640.3, 327.68, 222.6, 163.93, 323.87, 172.78, 245.81, 98.02, 30.6, 63.9, 125, 64.56, 87.89, , , , , 
1/31/2020 6:48:31 AM, 3271.25, 9160, 1640.3, 327.68, 222.6, 163.93, 323.87, 172.78, 245.81, 98.02, 30.6, 63.9, 125, 64.56, 87.89, , , , , 
1/31/2020 6:48:34 AM, 3271.25, 9160.25, 1640.3, 327.68, 222.6, 163.93, 323.87, 172.78, 245.81, 98.02, 30.6, 63.9, 125, 64.56, 87.89, , , , , 
1/31/2020 6:48:37 AM, 3271.25, 9160.5, 1640.5, 327.68, 222.6, 163.93, 323.87, 172.78, 245.81, 98.02, 30.6, 63.9, 125, 64.56, 87.89, , , , , 
1/31/2020 6:48:40 AM, 3271.75, 9161.75, 1640.8, 327.68, 222.6, 163.93, 323.87, 172.78, 245.81, 98.02, 30.6, 63.9, 125, 64.56, 87.89, , , , , 
1/31/2020 6:48:43 AM, 3271.75, 9162.5, 1640.8, 327.68, 222.6, 163.93, 323.87, 172.78, 245.81, 98.02, 30.6, 63.9, 125, 64.56, 87.89, , , , , 
1/31/2020 6:48:46 AM, 3271.75, 9162.75, 1640.8, 327.68, 222.6, 163.93, 323.87, 172.78, 245.81, 98.02, 30.6, 63.9, 125, 64.56, 87.89, , , , , 
1/31/2020 6:48:49 AM, 3272.5, 9163.5, 1641, 327.68, 222.6, 163.93, 323.87, 172.78, 245.81, 98.02, 30.6, 63.9, 125, 64.56, 87.89, , , , , 
1/31/2020 6:48:52 AM, 3272.5, 9164, 1641, 327.68, 222.6, 163.93, 323.87, 172.78, 245.81, 98.02, 30.6, 63.9, 125, 64.56, 87.89, , , , , 
1/31/2020 6:48:55 AM, 3272.5, 9163.5, 1641, 327.68, 222.6, 163.93, 323.87, 172.78, 245.81, 98.02, 30.6, 63.9, 125, 64.56, 87.89, , , , , 
1/31/2020 6:48:58 AM, 3272.25, 9163.75, 1641, 327.68, 222.6, 163.93, 323.87, 172.78, 245.81, 98.02, 30.6, 63.9, 125, 64.56, 87.89, , , , , 
1/31/2020 6:49:01 AM, 3272.25, 9163.5, 1640.9, 327.68, 222.6, 163.93, 323.87, 172.78, 245.81, 98.02, 30.6, 63.9, 125, 64.56, 87.89, , , , , 
1/31/2020 6:49:04 AM, 3271.75, 9161.75, 1640.7, 327.68, 222.6, 163.93, 323.87, 172.78, 245.81, 98.02, 30.6, 63.9, 125, 64.56, 87.89, , , , , 
1/31/2020 6:49:07 AM, 3272, 9162.75, 1640.7, 327.68, 222.6, 163.93, 323.87, 172.78, 245.81, 98.02, 30.6, 63.9, 125, 64.56, 87.89, , , , , 
1/31/2020 6:49:10 AM, 3272.25, 9162.25, 1640.8, 327.68, 222.6, 163.93, 323.87, 172.78, 245.81, 98.02, 30.6, 63.9, 125, 64.56, 87.89, , , , , 
1/31/2020 6:49:13 AM, 3272.25, 9162.75, 1640.8, 327.68, 222.6, 163.93, 323.87, 172.78, 245.81, 98.02, 30.6, 63.9, 125, 64.56, 87.89, , , , , 
1/31/2020 6:49:16 AM, 3272, 9162.75, 1640.8, 327.68, 222.6, 163.93, 323.87, 172.78, 245.81, 98.02, 30.6, 63.9, 125, 64.56, 87.89, , , , , 
1/31/2020 6:49:19 AM, 3271.75, 9162, 1640.7, 327.68, 222.6, 163.93, 323.87, 172.78, 245.81, 98.02, 30.6, 63.9, 125, 64.56, 87.89, , , , , 
1/31/2020 6:49:22 AM, 3272, 9162.5, 1640.8, 327.68, 222.6, 163.93, 323.87, 172.78, 245.81, 98.02, 30.6, 63.9, 125, 64.56, 87.89, , , , , 
1/31/2020 6:49:25 AM, 3272.25, 9162.5, 1640.8, 327.68, 222.6, 163.93, 323.87, 172.78, 245.81, 98.02, 30.6, 63.9, 125, 64.56, 87.89, , , , , 
1/31/2020 6:49:28 AM, 3272.5, 9163.75, 1640.9, 327.68, 222.6, 163.93, 323.87, 172.78, 245.81, 98.02, 30.6, 63.9, 125, 64.56, 87.89, , , , , 
1/31/2020 6:49:31 AM, 3272.5, 9163.75, 1640.9, 327.68, 222.6, 163.93, 323.87, 172.78, 245.81, 98.02, 30.6, 63.9, 125, 64.56, 87.89, , , , , 
1/31/2020 6:49:34 AM, 3272.75, 9164.25, 1640.9, 327.68, 222.6, 163.93, 323.87, 172.78, 245.81, 98.02, 30.6, 63.9, 125, 64.56, 87.89, , , , , 
1/31/2020 6:49:37 AM, 3272.75, 9165, 1641.1, 327.68, 222.6, 163.93, 323.87, 172.78, 245.81, 98.02, 30.6, 63.9, 125, 64.56, 87.89, , , , , 
1/31/2020 6:49:40 AM, 3273.25, 9165.25, 1641.1, 327.68, 222.6, 163.93, 323.87, 172.78, 245.81, 98.02, 30.6, 63.9, 125, 64.56, 87.89, , , , , 
1/31/2020 6:49:43 AM, 3273.25, 9166, 1641.3, 327.68, 222.6, 163.93, 323.87, 172.78, 245.81, 98.02, 30.6, 63.9, 125, 64.56, 87.89, , , , , 
1/31/2020 6:49:46 AM, 3273.25, 9166.25, 1641.3, 327.68, 222.6, 163.93, 323.87, 172.78, 245.81, 98.02, 30.6, 63.9, 125, 64.56, 87.89, , , , , 
1/31/2020 6:49:49 AM, 3273.5, 9167.5, 1641.4, 327.68, 222.6, 163.93, 323.87, 172.78, 245.81, 98.02, 30.6, 63.9, 125, 64.56, 87.89, , , , , 
1/31/2020 6:49:52 AM, 3273.5, 9167, 1641.6, 327.68, 222.6, 163.93, 323.87, 172.78, 245.81, 98.02, 30.6, 63.9, 125, 64.56, 87.89, , , , , 
1/31/2020 6:49:55 AM, 3274, 9167.5, 1641.6, 327.68, 222.6, 163.93, 323.87, 172.78, 245.81, 98.02, 30.6, 63.9, 125, 64.56, 87.89, , , , , 
1/31/2020 6:49:58 AM, 3273.75, 9167.5, 1641.4, 327.68, 222.6, 163.93, 323.87, 172.78, 245.81, 98.02, 30.6, 63.9, 125, 64.56, 87.89, , , , , 
1/31/2020 6:50:01 AM, 3273.75, 9167.25, 1641.4, 327.68, 222.6, 163.93, 323.87, 172.78, 245.81, 98.02, 30.6, 63.9, 125, 64.56, 87.89, , , , , 
1/31/2020 6:50:04 AM, 3273.25, 9166.75, 1641.2, 327.68, 222.6, 163.93, 323.87, 172.78, 245.81, 98.02, 30.6, 63.9, 125, 64.56, 87.89, , , , , 
1/31/2020 6:50:07 AM, 3273.25, 9166.25, 1641.1, 327.68, 222.6, 163.93, 323.87, 172.78, 245.81, 98.02, 30.6, 63.9, 125, 64.56, 87.89, , , , , 
1/31/2020 6:50:10 AM, 3273.25, 9166.5, 1641.1, 327.68, 222.6, 163.93, 323.87, 172.78, 245.81, 98.02, 30.6, 63.9, 125, 64.56, 87.89, , , , , 
1/31/2020 6:50:13 AM, 3273.5, 9166.5, 1641.1, 327.68, 222.6, 163.93, 323.87, 172.78, 245.81, 98.02, 30.6, 63.9, 125, 64.56, 87.89, , , , , 
1/31/2020 6:50:16 AM, 3273.25, 9166.25, 1641.2, 327.68, 222.6, 163.93, 323.87, 172.78, 245.81, 98.02, 30.6, 63.9, 125, 64.56, 87.89, , , , , 
1/31/2020 6:50:19 AM, 3273.25, 9166, 1641.2, 327.68, 222.6, 163.93, 323.87, 172.78, 245.81, 98.02, 30.6, 63.9, 125, 64.56, 87.89, , , , , 
1/31/2020 6:50:22 AM, 3273.25, 9166, 1641.2, 327.68, 222.6, 163.93, 323.87, 172.78, 245.81, 98.02, 30.6, 63.9, 125, 64.56, 87.89, , , , , 
1/31/2020 6:50:25 AM, 3272.75, 9165.25, 1641.2, 327.68, 222.6, 163.93, 323.87, 172.78, 245.81, 98.02, 30.6, 63.9, 125, 64.56, 87.89, , , , , 
1/31/2020 6:50:28 AM, 3272.75, 9165.5, 1641.2, 327.68, 222.6, 163.93, 323.87, 172.78, 245.81, 98.02, 30.6, 63.9, 125, 64.56, 87.89, , , , , 
1/31/2020 6:50:31 AM, 3272.5, 9164, 1640.8, 327.68, 222.6, 163.93, 323.87, 172.78, 245.81, 98.02, 30.6, 63.9, 125, 64.56, 87.89, , , , , 
1/31/2020 6:50:34 AM, 3272.5, 9164.75, 1640.8, 327.68, 222.6, 163.93, 323.87, 172.78, 245.81, 98.02, 30.6, 63.9, 125, 64.56, 87.89, , , , , 
1/31/2020 6:50:37 AM, 3272.75, 9164.25, 1640.8, 327.68, 222.6, 163.93, 323.87, 172.78, 245.81, 98.02, 30.6, 63.9, 125, 64.56, 87.89, , , , , 
1/31/2020 6:50:40 AM, 3272.5, 9165.25, 1640.8, 327.68, 222.6, 163.93, 323.87, 172.78, 245.81, 98.02, 30.6, 63.9, 125, 64.56, 87.89, , , , , 
1/31/2020 6:50:43 AM, 3272.75, 9165.25, 1640.8, 327.68, 222.6, 163.93, 323.87, 172.78, 245.81, 98.02, 30.6, 63.9, 125, 64.56, 87.89, , , , , 
1/31/2020 6:50:46 AM, 3272.75, 9166, 1641, 327.68, 222.6, 163.93, 323.87, 172.78, 245.81, 98.02, 30.6, 63.9, 125, 64.56, 87.89, , , , , 
1/31/2020 6:50:49 AM, 3273, 9165.75, 1641, 327.68, 222.6, 163.93, 323.87, 172.78, 245.81, 98.02, 30.6, 63.9, 125, 64.56, 87.89, , , , , 
1/31/2020 6:50:53 AM, 3273, 9165.75, 1641, 327.68, 222.6, 163.93, 323.87, 172.78, 245.81, 98.02, 30.6, 63.9, 125, 64.56, 87.89, , , , , 
1/31/2020 6:50:56 AM, 3273, 9165.75, 1641, 327.68, 222.6, 163.93, 323.87, 172.78, 245.81, 98.02, 30.6, 63.9, 125, 64.56, 87.89, , , , , 
1/31/2020 6:50:59 AM, 3272.75, 9165.5, 1641, 327.68, 222.6, 163.93, 323.87, 172.78, 245.81, 98.02, 30.6, 63.9, 125, 64.56, 87.89, , , , , 
1/31/2020 6:51:02 AM, 3273, 9165.75, 1641, 327.68, 222.6, 163.93, 323.87, 172.78, 245.81, 98.02, 30.6, 63.9, 125, 64.56, 87.89, , , , , 
1/31/2020 6:51:05 AM, 3273, 9165.75, 1641.1, 327.68, 222.6, 163.93, 323.87, 172.78, 245.81, 98.02, 30.6, 63.9, 125, 64.56, 87.89, , , , , 
1/31/2020 6:51:08 AM, 3273, 9165.25, 1641.1, 327.68, 222.6, 163.93, 323.87, 172.78, 245.81, 98.02, 30.6, 63.9, 125, 64.56, 87.89, , , , , 
1/31/2020 6:51:11 AM, 3273, 9165.25, 1641.1, 327.68, 222.6, 163.93, 323.87, 172.78, 245.81, 98.02, 30.6, 63.9, 125, 64.56, 87.89, , , , , 
1/31/2020 6:51:14 AM, 3272.75, 9164.75, 1640.9, 327.68, 222.6, 163.93, 323.87, 172.78, 245.81, 98.02, 30.6, 63.9, 125, 64.56, 87.89, , , , , 
1/31/2020 6:51:17 AM, 3272.75, 9165.5, 1640.9, 327.68, 222.6, 163.93, 323.87, 172.78, 245.81, 98.02, 30.6, 63.9, 125, 64.56, 87.89, , , , , 
1/31/2020 6:51:20 AM, 3272.75, 9165, 1641.1, 327.68, 222.6, 163.93, 323.87, 172.78, 245.81, 98.02, 30.6, 63.9, 125, 64.56, 87.89, , , , , 
1/31/2020 6:51:23 AM, 3273, 9165, 1641.1, 327.68, 222.6, 163.93, 323.87, 172.78, 245.81, 98.02, 30.6, 63.9, 125, 64.56, 87.89, , , , , 
1/31/2020 6:51:26 AM, 3272.75, 9165, 1641, 327.68, 222.6, 163.93, 323.87, 172.78, 245.81, 98.02, 30.6, 63.9, 125, 64.56, 87.89, , , , , 
1/31/2020 6:51:29 AM, 3273, 9165.25, 1641, 327.68, 222.6, 163.93, 323.87, 172.78, 245.81, 98.02, 30.6, 63.9, 125, 64.56, 87.89, , , , , 
1/31/2020 6:51:32 AM, 3272.75, 9164.75, 1640.9, 327.68, 222.6, 163.93, 323.87, 172.78, 245.81, 98.02, 30.6, 63.9, 125, 64.56, 87.89, , , , , 
1/31/2020 6:51:35 AM, 3272.75, 9164.25, 1640.9, 327.68, 222.6, 163.93, 323.87, 172.78, 245.81, 98.02, 30.6, 63.9, 125, 64.56, 87.89, , , , , 
1/31/2020 6:51:38 AM, 3273, 9165, 1640.9, 327.68, 222.6, 163.93, 323.87, 172.78, 245.81, 98.02, 30.6, 63.9, 125, 64.56, 87.89, , , , , 
1/31/2020 6:51:41 AM, 3272.75, 9164.75, 1641, 327.68, 222.6, 163.93, 323.87, 172.78, 245.81, 98.02, 30.6, 63.9, 125, 64.56, 87.89, , , , , 
1/31/2020 6:51:44 AM, 3272.75, 9164.5, 1641, 327.68, 222.6, 163.93, 323.87, 172.78, 245.81, 98.02, 30.6, 63.9, 125, 64.56, 87.89, , , , , 
1/31/2020 6:51:47 AM, 3272.75, 9165, 1641, 327.68, 222.6, 163.93, 323.87, 172.78, 245.81, 98.02, 30.6, 63.9, 125, 64.56, 87.89, , , , , 
1/31/2020 6:51:50 AM, 3273, 9165, 1641, 327.68, 222.6, 163.93, 323.87, 172.78, 245.81, 98.02, 30.6, 63.9, 125, 64.56, 87.89, , , , , 
1/31/2020 6:51:53 AM, 3273, 9165, 1641, 327.68, 222.6, 163.93, 323.87, 172.78, 245.81, 98.02, 30.6, 63.9, 125, 64.56, 87.89, , , , , 
1/31/2020 6:51:56 AM, 3273, 9165, 1641, 327.68, 222.6, 163.93, 323.87, 172.78, 245.81, 98.02, 30.6, 63.9, 125, 64.56, 87.89, , , , , 
1/31/2020 6:51:59 AM, 3273, 9165, 1641, 327.68, 222.6, 163.93, 323.87, 172.78, 245.81, 98.02, 30.6, 63.9, 125, 64.56, 87.89, , , , , 
1/31/2020 6:52:02 AM, 3272.75, 9165.25, 1641, 327.68, 222.6, 163.93, 323.87, 172.78, 245.81, 98.02, 30.6, 63.9, 125, 64.56, 87.89, , , , , 
1/31/2020 6:52:05 AM, 3272.75, 9165.5, 1641, 327.68, 222.6, 163.93, 323.87, 172.78, 245.81, 98.02, 30.6, 63.9, 125, 64.56, 87.89, , , , , 
1/31/2020 6:52:08 AM, 3272.75, 9165, 1641, 327.68, 222.6, 163.93, 323.87, 172.78, 245.81, 98.02, 30.6, 63.9, 125, 64.56, 87.89, , , , , 
1/31/2020 6:52:11 AM, 3273, 9165.25, 1641, 327.68, 222.6, 163.93, 323.87, 172.78, 245.81, 98.02, 30.6, 63.9, 125, 64.56, 87.89, , , , , 
1/31/2020 6:52:14 AM, 3272.75, 9164.75, 1640.9, 327.68, 222.6, 163.93, 323.87, 172.78, 245.81, 98.02, 30.6, 63.9, 125, 64.56, 87.89, , , , , 
1/31/2020 6:52:17 AM, 3272.75, 9164.5, 1640.9, 327.68, 222.6, 163.93, 323.87, 172.78, 245.81, 98.02, 30.6, 63.9, 125, 64.56, 87.89, , , , , 
1/31/2020 6:52:20 AM, 3272.5, 9163.75, 1640.9, 327.68, 222.6, 163.93, 323.87, 172.78, 245.81, 98.02, 30.6, 63.9, 125, 64.56, 87.89, , , , , 
1/31/2020 6:52:23 AM, 3272.5, 9164, 1640.9, 327.68, 222.6, 163.93, 323.87, 172.78, 245.81, 98.02, 30.6, 63.9, 125, 64.56, 87.89, , , , , 
1/31/2020 6:52:26 AM, 3272.5, 9164, 1640.9, 327.68, 222.6, 163.93, 323.87, 172.78, 245.81, 98.02, 30.6, 63.9, 125, 64.56, 87.89, , , , , 
1/31/2020 6:52:29 AM, 3272.75, 9164.25, 1640.8, 327.68, 222.6, 163.93, 323.87, 172.78, 245.81, 98.02, 30.6, 63.9, 125, 64.56, 87.89, , , , , 
1/31/2020 6:52:32 AM, 3272.75, 9164.25, 1640.8, 327.68, 222.6, 163.93, 323.87, 172.78, 245.81, 98.02, 30.6, 63.9, 125, 64.56, 87.89, , , , , 
1/31/2020 6:52:35 AM, 3272.75, 9164.5, 1640.8, 327.68, 222.6, 163.93, 323.87, 172.78, 245.81, 98.02, 30.6, 63.9, 125, 64.56, 87.89, , , , , 
1/31/2020 6:52:38 AM, 3272.75, 9164.75, 1640.8, 327.68, 222.6, 163.93, 323.87, 172.78, 245.81, 98.02, 30.6, 63.9, 125, 64.56, 87.89, , , , , 
1/31/2020 6:52:41 AM, 3272.5, 9164, 1640.8, 327.68, 222.6, 163.93, 323.87, 172.78, 245.81, 98.02, 30.6, 63.9, 125, 64.56, 87.89, , , , , 
1/31/2020 6:52:44 AM, 3272.5, 9164.5, 1640.8, 327.68, 222.6, 163.93, 323.87, 172.78, 245.81, 98.02, 30.6, 63.9, 125, 64.56, 87.89, , , , , 
1/31/2020 6:52:47 AM, 3272.5, 9164, 1640.7, 327.68, 222.6, 163.93, 323.87, 172.78, 245.81, 98.02, 30.6, 63.9, 125, 64.56, 87.89, , , , , 
1/31/2020 6:52:50 AM, 3272.5, 9164.75, 1640.7, 327.68, 222.6, 163.93, 323.87, 172.78, 245.81, 98.02, 30.6, 63.9, 125, 64.56, 87.89, , , , , 
1/31/2020 6:52:53 AM, 3272.5, 9164.75, 1640.7, 327.68, 222.6, 163.93, 323.87, 172.78, 245.81, 98.02, 30.6, 63.9, 125, 64.56, 87.89, , , , , 
1/31/2020 6:52:56 AM, 3272.75, 9164.75, 1640.7, 327.68, 222.6, 163.93, 323.87, 172.78, 245.81, 98.02, 30.6, 63.9, 125, 64.56, 87.89, , , , , 
1/31/2020 6:52:59 AM, 3272.75, 9164.75, 1640.7, 327.68, 222.6, 163.93, 323.87, 172.78, 245.81, 98.02, 30.6, 63.9, 125, 64.56, 87.89, , , , , 
1/31/2020 6:53:03 AM, 3272.5, 9164.5, 1640.7, 327.68, 222.6, 163.93, 323.87, 172.78, 245.81, 98.02, 30.6, 63.9, 125, 64.56, 87.89, , , , , 
1/31/2020 6:53:06 AM, 3272.5, 9164.5, 1640.7, 327.68, 222.6, 163.93, 323.87, 172.78, 245.81, 98.02, 30.6, 63.9, 125, 64.56, 87.89, , , , , 
1/31/2020 6:53:09 AM, 3272.5, 9164.5, 1640.7, 327.68, 222.6, 163.93, 323.87, 172.78, 245.81, 98.02, 30.6, 63.9, 125, 64.56, 87.89, , , , , 
1/31/2020 6:53:12 AM, 3272.5, 9164.5, 1640.7, 327.68, 222.6, 163.93, 323.87, 172.78, 245.81, 98.02, 30.6, 63.9, 125, 64.56, 87.89, , , , , 
1/31/2020 6:53:15 AM, 3272.5, 9164, 1640.7, 327.68, 222.6, 163.93, 323.87, 172.78, 245.81, 98.02, 30.6, 63.9, 125, 64.56, 87.89, , , , , 
1/31/2020 6:53:18 AM, 3272.5, 9164, 1640.7, 327.68, 222.6, 163.93, 323.87, 172.78, 245.81, 98.02, 30.6, 63.9, 125, 64.56, 87.89, , , , , 
1/31/2020 6:53:21 AM, 3272.5, 9164, 1640.7, 327.68, 222.6, 163.93, 323.87, 172.78, 245.81, 98.02, 30.6, 63.9, 125, 64.56, 87.89, , , , , 
1/31/2020 6:53:24 AM, 3272.75, 9165.75, 1640.9, 327.68, 222.6, 163.93, 323.87, 172.78, 245.81, 98.02, 30.6, 63.9, 125, 64.56, 87.89, , , , , 
1/31/2020 6:53:27 AM, 3272.75, 9165, 1640.9, 327.68, 222.6, 163.93, 323.87, 172.78, 245.81, 98.02, 30.6, 63.9, 125, 64.56, 87.89, , , , , 
1/31/2020 6:53:30 AM, 3272.5, 9164.5, 1640.8, 327.68, 222.6, 163.93, 323.87, 172.78, 245.81, 98.02, 30.6, 63.9, 125, 64.56, 87.89, , , , , 
1/31/2020 6:53:33 AM, 3272.25, 9164, 1640.7, 327.68, 222.6, 163.93, 323.87, 172.78, 245.81, 98.02, 30.6, 63.9, 125, 64.56, 87.89, , , , , 
1/31/2020 6:53:36 AM, 3272.25, 9164, 1640.7, 327.68, 222.6, 163.93, 323.87, 172.78, 245.81, 98.02, 30.6, 63.9, 125, 64.56, 87.89, , , , , 
1/31/2020 6:53:39 AM, 3272.5, 9164.75, 1640.7, 327.68, 222.6, 163.93, 323.87, 172.78, 245.81, 98.02, 30.6, 63.9, 125, 64.56, 87.89, , , , , 
1/31/2020 6:53:42 AM, 3272.5, 9164.75, 1640.7, 327.68, 222.6, 163.93, 323.87, 172.78, 245.81, 98.02, 30.6, 63.9, 125, 64.56, 87.89, , , , , 
1/31/2020 6:53:45 AM, 3272.5, 9164.25, 1640.7, 327.68, 222.6, 163.93, 323.87, 172.78, 245.81, 98.02, 30.6, 63.9, 125, 64.56, 87.89, , , , , 
1/31/2020 6:53:48 AM, 3272.5, 9164.25, 1640.7, 327.68, 222.6, 163.93, 323.87, 172.78, 245.81, 98.02, 30.6, 63.9, 125, 64.56, 87.89, , , , , 
1/31/2020 6:53:51 AM, 3272.5, 9164.25, 1640.8, 327.68, 222.6, 163.93, 323.87, 172.78, 245.81, 98.02, 30.6, 63.9, 125, 64.56, 87.89, , , , , 
1/31/2020 6:53:54 AM, 3272.5, 9164.25, 1640.8, 327.68, 222.6, 163.93, 323.87, 172.78, 245.81, 98.02, 30.6, 63.9, 125, 64.56, 87.89, , , , , 
1/31/2020 6:53:57 AM, 3272.5, 9164.5, 1640.8, 327.68, 222.6, 163.93, 323.87, 172.78, 245.81, 98.02, 30.6, 63.9, 125, 64.56, 87.89, , , , , 
1/31/2020 6:54:00 AM, 3272.5, 9164.5, 1640.8, 327.68, 222.6, 163.93, 323.87, 172.78, 245.81, 98.02, 30.6, 63.9, 125, 64.56, 87.89, , , , , 
1/31/2020 6:54:03 AM, 3272.25, 9164.25, 1640.8, 327.68, 222.6, 163.93, 323.87, 172.78, 245.81, 98.02, 30.6, 63.9, 125, 64.56, 87.89, , , , , 
1/31/2020 6:54:06 AM, 3272.25, 9164.25, 1640.8, 327.68, 222.6, 163.93, 323.87, 172.78, 245.81, 98.02, 30.6, 63.9, 125, 64.56, 87.89, , , , , 
1/31/2020 6:54:09 AM, 3272.5, 9165.5, 1640.8, 327.68, 222.6, 163.93, 323.87, 172.78, 245.81, 98.02, 30.6, 63.9, 125, 64.56, 87.89, , , , , 
1/31/2020 6:54:12 AM, 3272.5, 9165.5, 1640.8, 327.68, 222.6, 163.93, 323.87, 172.78, 245.81, 98.02, 30.6, 63.9, 125, 64.56, 87.89, , , , , 
1/31/2020 6:54:15 AM, 3272.5, 9165.25, 1640.8, 327.68, 222.6, 163.93, 323.87, 172.78, 245.81, 98.02, 30.6, 63.9, 125, 64.56, 87.89, , , , , 
1/31/2020 6:54:18 AM, 3272.5, 9165.25, 1640.8, 327.68, 222.6, 163.93, 323.87, 172.78, 245.81, 98.02, 30.6, 63.9, 125, 64.56, 87.89, , , , , 
1/31/2020 6:54:21 AM, 3272.75, 9165.25, 1640.8, 327.68, 222.6, 163.93, 323.87, 172.78, 245.81, 98.02, 30.6, 63.9, 125, 64.56, 87.89, , , , , 
1/31/2020 6:54:24 AM, 3272.75, 9165.75, 1641, 327.68, 222.6, 163.93, 323.87, 172.78, 245.81, 98.02, 30.6, 63.9, 125, 64.56, 87.89, , , , , 
1/31/2020 6:54:27 AM, 3272.75, 9165.75, 1641, 327.68, 222.6, 163.93, 323.87, 172.78, 245.81, 98.02, 30.6, 63.9, 125, 64.56, 87.89, , , , , 
1/31/2020 6:54:30 AM, 3273.25, 9167, 1641.2, 327.68, 222.6, 163.93, 323.87, 172.78, 245.81, 98.02, 30.6, 63.9, 125, 64.56, 87.89, , , , , 
1/31/2020 6:54:33 AM, 3273.25, 9167, 1641.2, 327.68, 222.6, 163.93, 323.87, 172.78, 245.81, 98.02, 30.6, 63.9, 125, 64.56, 87.89, , , , , 
1/31/2020 6:54:36 AM, 3273.25, 9167, 1641.2, 327.68, 222.6, 163.93, 323.87, 172.78, 245.81, 98.02, 30.6, 63.9, 125, 64.56, 87.89, , , , , 
1/31/2020 6:54:39 AM, 3273.25, 9167, 1641.2, 327.68, 222.6, 163.93, 323.87, 172.78, 245.81, 98.02, 30.6, 63.9, 125, 64.56, 87.89, , , , , 
1/31/2020 6:54:42 AM, 3273, 9166.25, 1641.2, 327.68, 222.6, 163.93, 323.87, 172.78, 245.81, 98.02, 30.6, 63.9, 125, 64.56, 87.89, , , , , 
1/31/2020 6:54:45 AM, 3273, 9166.25, 1641.2, 327.68, 222.6, 163.93, 323.87, 172.78, 245.81, 98.02, 30.6, 63.9, 125, 64.56, 87.89, , , , , 
1/31/2020 6:54:48 AM, 3273.25, 9166.5, 1641.1, 327.68, 222.6, 163.93, 323.87, 172.78, 245.81, 98.02, 30.6, 63.9, 125, 64.56, 87.89, , , , , 
1/31/2020 6:54:51 AM, 3273.25, 9166.5, 1641.1, 327.68, 222.6, 163.93, 323.87, 172.78, 245.81, 98.02, 30.6, 63.9, 125, 64.56, 87.89, , , , , 
1/31/2020 6:54:54 AM, 3273.25, 9166.75, 1641.1, 327.68, 222.6, 163.93, 323.87, 172.78, 245.81, 98.02, 30.6, 63.9, 125, 64.56, 87.89, , , , , 
1/31/2020 6:54:57 AM, 3273.25, 9166.75, 1641.1, 327.68, 222.6, 163.93, 323.87, 172.78, 245.81, 98.02, 30.6, 63.9, 125, 64.56, 87.89, , , , , 
1/31/2020 6:55:00 AM, 3273.25, 9166.75, 1641.1, 327.68, 222.6, 163.93, 323.87, 172.78, 245.81, 98.02, 30.6, 63.9, 125, 64.56, 87.89, , , , , 
1/31/2020 6:55:03 AM, 3273.25, 9166.75, 1641.1, 327.68, 222.6, 163.93, 323.87, 172.78, 245.81, 98.02, 30.6, 63.9, 125, 64.56, 87.89, , , , , 
1/31/2020 6:55:06 AM, 3273, 9166.5, 1641.1, 327.68, 222.6, 163.93, 323.87, 172.78, 245.81, 98.02, 30.6, 63.9, 125, 64.56, 87.89, , , , , 
1/31/2020 6:55:09 AM, 3273, 9166.5, 1641.1, 327.68, 222.6, 163.93, 323.87, 172.78, 245.81, 98.02, 30.6, 63.9, 125, 64.56, 87.89, , , , , 
1/31/2020 6:55:12 AM, 3273, 9166.5, 1641.1, 327.68, 222.6, 163.93, 323.87, 172.78, 245.81, 98.02, 30.6, 63.9, 125, 64.56, 87.89, , , , , 
1/31/2020 6:55:15 AM, 3273, 9166.5, 1641.1, 327.68, 222.6, 163.93, 323.87, 172.78, 245.81, 98.02, 30.6, 63.9, 125, 64.56, 87.89, , , , , 
1/31/2020 6:55:18 AM, 3273.25, 9167, 1641.1, 327.68, 222.6, 163.93, 323.87, 172.78, 245.81, 98.02, 30.6, 63.9, 125, 64.56, 87.89, , , , , 
1/31/2020 6:55:21 AM, 3273.25, 9167, 1641.1, 327.68, 222.6, 163.93, 323.87, 172.78, 245.81, 98.02, 30.6, 63.9, 125, 64.56, 87.89, , , , , 
1/31/2020 6:55:24 AM, 3273.25, 9167, 1641.1, 327.68, 222.6, 163.93, 323.87, 172.78, 245.81, 98.02, 30.6, 63.9, 125, 64.56, 87.89, , , , , 
1/31/2020 6:55:27 AM, 3273.25, 9167, 1641.1, 327.68, 222.6, 163.93, 323.87, 172.78, 245.81, 98.02, 30.6, 63.9, 125, 64.56, 87.89, , , , , 
1/31/2020 6:55:30 AM, 3273, 9166.25, 1641, 327.68, 222.6, 163.93, 323.87, 172.78, 245.81, 98.02, 30.6, 63.9, 125, 64.56, 87.89, , , , , 
1/31/2020 6:55:33 AM, 3273, 9166.25, 1640.9, 327.68, 222.6, 163.93, 323.87, 172.78, 245.81, 98.02, 30.6, 63.9, 125, 64.56, 87.89, , , , , 
1/31/2020 6:55:36 AM, 3273, 9166.25, 1640.9, 327.68, 222.6, 163.93, 323.87, 172.78, 245.81, 98.02, 30.6, 63.9, 125, 64.56, 87.89, , , , , 
1/31/2020 6:55:39 AM, 3273, 9166.5, 1640.9, 327.68, 222.6, 163.93, 323.87, 172.78, 245.81, 98.02, 30.6, 63.9, 125, 64.56, 87.89, , , , , 
1/31/2020 6:55:42 AM, 3273, 9167.25, 1640.9, 327.68, 222.6, 163.93, 323.87, 172.78, 245.81, 98.02, 30.6, 63.9, 125, 64.56, 87.89, , , , , 
1/31/2020 6:55:46 AM, 3272.75, 9167, 1640.9, 327.68, 222.6, 163.93, 323.87, 172.78, 245.81, 98.02, 30.6, 63.9, 125, 64.56, 87.89, , , , , 
1/31/2020 6:55:49 AM, 3273, 9167.25, 1640.9, 327.68, 222.6, 163.93, 323.87, 172.78, 245.81, 98.02, 30.6, 63.9, 125, 64.56, 87.89, , , , , 
1/31/2020 6:55:52 AM, 3273, 9167, 1640.9, 327.68, 222.6, 163.93, 323.87, 172.78, 245.81, 98.02, 30.6, 63.9, 125, 64.56, 87.89, , , , , 
1/31/2020 6:55:55 AM, 3273, 9167, 1640.9, 327.68, 222.6, 163.93, 323.87, 172.78, 245.81, 98.02, 30.6, 63.9, 125, 64.56, 87.89, , , , , 
1/31/2020 6:55:58 AM, 3273.25, 9167.75, 1641, 327.68, 222.6, 163.93, 323.87, 172.78, 245.81, 98.02, 30.6, 63.9, 125, 64.56, 87.89, , , , , 
1/31/2020 6:56:01 AM, 3273.25, 9167.75, 1641, 327.68, 222.6, 163.93, 323.87, 172.78, 245.81, 98.02, 30.6, 63.9, 125, 64.56, 87.89, , , , , 
1/31/2020 6:56:04 AM, 3273, 9167.25, 1641, 327.68, 222.6, 163.93, 323.87, 172.78, 245.81, 98.02, 30.6, 63.9, 125, 64.56, 87.89, , , , , 
1/31/2020 6:56:07 AM, 3273, 9167.25, 1641, 327.68, 222.6, 163.93, 323.87, 172.78, 245.81, 98.02, 30.6, 63.9, 125, 64.56, 87.89, , , , , 
1/31/2020 6:56:10 AM, 3273.5, 9168.5, 1641.2, 327.68, 222.6, 163.93, 323.87, 172.78, 245.81, 98.02, 30.6, 63.9, 125, 64.56, 87.89, , , , , 
1/31/2020 6:56:13 AM, 3273.5, 9168.5, 1641.2, 327.68, 222.6, 163.93, 323.87, 172.78, 245.81, 98.02, 30.6, 63.9, 125, 64.56, 87.89, , , , , 
1/31/2020 6:56:16 AM, 3273.5, 9168.75, 1641.2, 327.68, 222.6, 163.93, 323.87, 172.78, 245.81, 98.02, 30.6, 63.9, 125, 64.56, 87.89, , , , , 
1/31/2020 6:56:19 AM, 3273.5, 9168.75, 1641.2, 327.68, 222.6, 163.93, 323.87, 172.78, 245.81, 98.02, 30.6, 63.9, 125, 64.56, 87.89, , , , , 
1/31/2020 6:56:22 AM, 3273.5, 9168.5, 1641.2, 327.68, 222.6, 163.93, 323.87, 172.78, 245.81, 98.02, 30.6, 63.9, 125, 64.56, 87.89, , , , , 
1/31/2020 6:56:25 AM, 3273.5, 9168.5, 1641.2, 327.68, 222.6, 163.93, 323.87, 172.78, 245.81, 98.02, 30.6, 63.9, 125, 64.56, 87.89, , , , , 
1/31/2020 6:56:28 AM, 3273.5, 9169, 1641.2, 327.68, 222.6, 163.93, 323.87, 172.78, 245.81, 98.02, 30.6, 63.9, 125, 64.56, 87.89, , , , , 
1/31/2020 6:56:31 AM, 3273.5, 9169, 1641.2, 327.68, 222.6, 163.93, 323.87, 172.78, 245.81, 98.02, 30.6, 63.9, 125, 64.56, 87.89, , , , , 
1/31/2020 6:56:34 AM, 3273.5, 9168.25, 1641.2, 327.68, 222.6, 163.93, 323.87, 172.78, 245.81, 98.02, 30.6, 63.9, 125, 64.56, 87.89, , , , , 
1/31/2020 6:56:37 AM, 3273.5, 9168.25, 1641.2, 327.68, 222.6, 163.93, 323.87, 172.78, 245.81, 98.02, 30.6, 63.9, 125, 64.56, 87.89, , , , , 
1/31/2020 6:56:40 AM, 3273.5, 9169.25, 1641.2, 327.68, 222.6, 163.93, 323.87, 172.78, 245.81, 98.02, 30.6, 63.9, 125, 64.56, 87.89, , , , , 
1/31/2020 6:56:43 AM, 3273.5, 9169.25, 1641.2, 327.68, 222.6, 163.93, 323.87, 172.78, 245.81, 98.02, 30.6, 63.9, 125, 64.56, 87.89, , , , , 
1/31/2020 6:56:46 AM, 3273.5, 9169.5, 1641.2, 327.68, 222.6, 163.93, 323.87, 172.78, 245.81, 98.02, 30.6, 63.9, 125, 64.56, 87.89, , , , , 
1/31/2020 6:56:49 AM, 3273.5, 9169.5, 1641.2, 327.68, 222.6, 163.93, 323.87, 172.78, 245.81, 98.02, 30.6, 63.9, 125, 64.56, 87.89, , , , , 
1/31/2020 6:56:52 AM, 3273.75, 9170.25, 1641.2, 327.68, 222.6, 163.93, 323.87, 172.78, 245.81, 98.02, 30.6, 63.9, 125, 64.56, 87.89, , , , , 
1/31/2020 6:56:55 AM, 3273.75, 9170.25, 1641.2, 327.68, 222.6, 163.93, 323.87, 172.78, 245.81, 98.02, 30.6, 63.9, 125, 64.56, 87.89, , , , , 
1/31/2020 6:56:58 AM, 3274, 9170.75, 1641.2, 327.68, 222.6, 163.93, 323.87, 172.78, 245.81, 98.02, 30.6, 63.9, 125, 64.56, 87.89, , , , , 
1/31/2020 6:57:01 AM, 3274, 9170.75, 1641.2, 327.68, 222.6, 163.93, 323.87, 172.78, 245.81, 98.02, 30.6, 63.9, 125, 64.56, 87.89, , , , , 
1/31/2020 6:57:04 AM, 3274, 9170.75, 1641.6, 327.68, 222.6, 163.93, 323.87, 172.78, 245.81, 98.02, 30.6, 63.9, 125, 64.56, 87.89, , , , , 
1/31/2020 6:57:07 AM, 3274, 9170.75, 1641.6, 327.68, 222.6, 163.93, 323.87, 172.78, 245.81, 98.02, 30.6, 63.9, 125, 64.56, 87.89, , , , , 
1/31/2020 6:57:10 AM, 3274, 9171.25, 1641.6, 327.68, 222.6, 163.93, 323.87, 172.78, 245.81, 98.02, 30.6, 63.9, 125, 64.56, 87.89, , , , , 
1/31/2020 6:57:13 AM, 3274, 9171.25, 1641.6, 327.68, 222.6, 163.93, 323.87, 172.78, 245.81, 98.02, 30.6, 63.9, 125, 64.56, 87.89, , , , , 
1/31/2020 6:57:16 AM, 3274.25, 9170.75, 1641.6, 327.68, 222.6, 163.93, 323.87, 172.78, 245.81, 98.02, 30.6, 63.9, 125, 64.56, 87.89, , , , , 
1/31/2020 6:57:19 AM, 3274.25, 9170.75, 1641.6, 327.68, 222.6, 163.93, 323.87, 172.78, 245.81, 98.02, 30.6, 63.9, 125, 64.56, 87.89, , , , , 
1/31/2020 6:57:22 AM, 3274, 9170.25, 1641.6, 327.68, 222.6, 163.93, 323.87, 172.78, 245.81, 98.02, 30.6, 63.9, 125, 64.56, 87.89, , , , , 
1/31/2020 6:57:25 AM, 3274, 9170.25, 1641.6, 327.68, 222.6, 163.93, 323.87, 172.78, 245.81, 98.02, 30.6, 63.9, 125, 64.56, 87.89, , , , , 
1/31/2020 6:57:28 AM, 3273.75, 9169.75, 1641.4, 327.68, 222.6, 163.93, 323.87, 172.78, 245.81, 98.02, 30.6, 63.9, 125, 64.56, 87.89, , , , , 
1/31/2020 6:57:31 AM, 3273.75, 9169.75, 1641.4, 327.68, 222.6, 163.93, 323.87, 172.78, 245.81, 98.02, 30.6, 63.9, 125, 64.56, 87.89, , , , , 
1/31/2020 6:57:34 AM, 3273.5, 9170, 1641.4, 327.68, 222.6, 163.93, 323.87, 172.78, 245.81, 98.02, 30.6, 63.9, 125, 64.56, 87.89, , , , , 
1/31/2020 6:57:37 AM, 3273.5, 9170, 1641.4, 327.68, 222.6, 163.93, 323.87, 172.78, 245.81, 98.02, 30.6, 63.9, 125, 64.56, 87.89, , , , , 
1/31/2020 6:57:40 AM, 3273.75, 9170, 1641.3, 327.68, 222.6, 163.93, 323.87, 172.78, 245.81, 98.02, 30.6, 63.9, 125, 64.56, 87.89, , , , , 
1/31/2020 6:57:43 AM, 3273.75, 9170, 1641.3, 327.68, 222.6, 163.93, 323.87, 172.78, 245.81, 98.02, 30.6, 63.9, 125, 64.56, 87.89, , , , , 
1/31/2020 6:57:46 AM, 3273.5, 9169.5, 1641.3, 327.68, 222.6, 163.93, 323.87, 172.78, 245.81, 98.02, 30.6, 63.9, 125, 64.56, 87.89, , , , , 
1/31/2020 6:57:49 AM, 3273.5, 9169.5, 1641.3, 327.68, 222.6, 163.93, 323.87, 172.78, 245.81, 98.02, 30.6, 63.9, 125, 64.56, 87.89, , , , , 
1/31/2020 6:57:52 AM, 3273.5, 9169.25, 1641.2, 327.68, 222.6, 163.93, 323.87, 172.78, 245.81, 98.02, 30.6, 63.9, 125, 64.56, 87.89, , , , , 
1/31/2020 6:57:55 AM, 3273.5, 9169.25, 1641.2, 327.68, 222.6, 163.93, 323.87, 172.78, 245.81, 98.02, 30.6, 63.9, 125, 64.56, 87.89, , , , , 
1/31/2020 6:57:58 AM, 3273.5, 9169, 1641.2, 327.68, 222.6, 163.93, 323.87, 172.78, 245.81, 98.02, 30.6, 63.9, 125, 64.56, 87.89, , , , , 
1/31/2020 6:58:01 AM, 3273.5, 9169, 1641.2, 327.68, 222.6, 163.93, 323.87, 172.78, 245.81, 98.02, 30.6, 63.9, 125, 64.56, 87.89, , , , , 
1/31/2020 6:58:04 AM, 3273.25, 9169.25, 1641.2, 327.68, 222.6, 163.93, 323.87, 172.78, 245.81, 98.02, 30.6, 63.9, 125, 64.56, 87.89, , , , , 
1/31/2020 6:58:07 AM, 3273.25, 9169.25, 1641.2, 327.68, 222.6, 163.93, 323.87, 172.78, 245.81, 98.02, 30.6, 63.9, 125, 64.56, 87.89, , , , , 
1/31/2020 6:58:10 AM, 3273.25, 9169.25, 1641.2, 327.68, 222.6, 163.93, 323.87, 172.78, 245.81, 98.02, 30.6, 63.9, 125, 64.56, 87.89, , , , , 
1/31/2020 6:58:13 AM, 3273.25, 9169.25, 1641.2, 327.68, 222.6, 163.93, 323.87, 172.78, 245.81, 98.02, 30.6, 63.9, 125, 64.56, 87.89, , , , , 
1/31/2020 6:58:17 AM, 3273.5, 9170.25, 1641.1, 327.68, 222.6, 163.93, 323.87, 172.78, 245.81, 98.02, 30.6, 63.9, 125, 64.56, 87.89, , , , , 
1/31/2020 6:58:20 AM, 3273.5, 9170.25, 1641.1, 327.68, 222.6, 163.93, 323.87, 172.78, 245.81, 98.02, 30.6, 63.9, 125, 64.56, 87.89, , , , , 
1/31/2020 6:58:23 AM, 3273.25, 9169, 1641.1, 327.68, 222.6, 163.93, 323.87, 172.78, 245.81, 98.02, 30.6, 63.9, 125, 64.56, 87.89, , , , , 
1/31/2020 6:58:26 AM, 3273.25, 9169, 1641.1, 327.68, 222.6, 163.93, 323.87, 172.78, 245.81, 98.02, 30.6, 63.9, 125, 64.56, 87.89, , , , , 
1/31/2020 6:58:29 AM, 3273.25, 9169.25, 1641.1, 327.68, 222.6, 163.93, 323.87, 172.78, 245.81, 98.02, 30.6, 63.9, 125, 64.56, 87.89, , , , , 
1/31/2020 6:58:32 AM, 3273.25, 9169, 1641.1, 327.68, 222.6, 163.93, 323.87, 172.78, 245.81, 98.02, 30.6, 63.9, 125, 64.56, 87.89, , , , , 
1/31/2020 6:58:35 AM, 3273.25, 9169, 1641.1, 327.68, 222.6, 163.93, 323.87, 172.78, 245.81, 98.02, 30.6, 63.9, 125, 64.56, 87.89, , , , , 
1/31/2020 6:58:38 AM, 3273.25, 9168.75, 1641.2, 327.68, 222.6, 163.93, 323.87, 172.78, 245.81, 98.02, 30.6, 63.9, 125, 64.56, 87.89, , , , , 
1/31/2020 6:58:41 AM, 3273.25, 9168.75, 1641.2, 327.68, 222.6, 163.93, 323.87, 172.78, 245.81, 98.02, 30.6, 63.9, 125, 64.56, 87.89, , , , , 
1/31/2020 6:58:44 AM, 3273.5, 9170.5, 1641.2, 327.68, 222.6, 163.93, 323.87, 172.78, 245.81, 98.02, 30.6, 63.9, 125, 64.56, 87.89, , , , , 
1/31/2020 6:58:47 AM, 3273.5, 9170.5, 1641.2, 327.68, 222.6, 163.93, 323.87, 172.78, 245.81, 98.02, 30.6, 63.9, 125, 64.56, 87.89, , , , , 
1/31/2020 6:58:50 AM, 3273.75, 9170.25, 1641.2, 327.68, 222.6, 163.93, 323.87, 172.78, 245.81, 98.02, 30.6, 63.9, 125, 64.56, 87.89, , , , , 
1/31/2020 6:58:53 AM, 3273.75, 9170, 1641.2, 327.68, 222.6, 163.93, 323.87, 172.78, 245.81, 98.02, 30.6, 63.9, 125, 64.56, 87.89, , , , , 
1/31/2020 6:58:56 AM, 3273.75, 9170.5, 1641.2, 327.68, 222.6, 163.93, 323.87, 172.78, 245.81, 98.02, 30.6, 63.9, 125, 64.56, 87.89, , , , , 
1/31/2020 6:58:59 AM, 3273.75, 9170.5, 1641.2, 327.68, 222.6, 163.93, 323.87, 172.78, 245.81, 98.02, 30.6, 63.9, 125, 64.56, 87.89, , , , , 
1/31/2020 6:59:02 AM, 3273.5, 9170.25, 1641.2, 327.68, 222.6, 163.93, 323.87, 172.78, 245.81, 98.02, 30.6, 63.9, 125, 64.56, 87.89, , , , , 
1/31/2020 6:59:05 AM, 3273.5, 9170.25, 1641.2, 327.68, 222.6, 163.93, 323.87, 172.78, 245.81, 98.02, 30.6, 63.9, 125, 64.56, 87.89, , , , , 
1/31/2020 6:59:08 AM, 3273.75, 9171, 1641.2, 327.68, 222.6, 163.93, 323.87, 172.78, 245.81, 98.02, 30.6, 63.9, 125, 64.56, 87.89, , , , , 
1/31/2020 6:59:11 AM, 3274, 9171, 1641.2, 327.68, 222.6, 163.93, 323.87, 172.78, 245.81, 98.02, 30.6, 63.9, 125, 64.56, 87.89, , , , , 
1/31/2020 6:59:14 AM, 3274, 9170.75, 1641.2, 327.68, 222.6, 163.93, 323.87, 172.78, 245.81, 98.02, 30.6, 63.9, 125, 64.56, 87.89, , , , , 
1/31/2020 6:59:17 AM, 3274, 9170.75, 1641.2, 327.68, 222.6, 163.93, 323.87, 172.78, 245.81, 98.02, 30.6, 63.9, 125, 64.56, 87.89, , , , , 
1/31/2020 6:59:20 AM, 3273.75, 9171, 1641.2, 327.68, 222.6, 163.93, 323.87, 172.78, 245.81, 98.02, 30.6, 63.9, 125, 64.56, 87.89, , , , , 
1/31/2020 6:59:23 AM, 3273.75, 9171, 1641.2, 327.68, 222.6, 163.93, 323.87, 172.78, 245.81, 98.02, 30.6, 63.9, 125, 64.56, 87.89, , , , , 
1/31/2020 6:59:26 AM, 3273.5, 9170.5, 1641.2, 327.68, 222.6, 163.93, 323.87, 172.78, 245.81, 98.02, 30.6, 63.9, 125, 64.56, 87.89, , , , , 
1/31/2020 6:59:29 AM, 3273.5, 9170.5, 1641.2, 327.68, 222.6, 163.93, 323.87, 172.78, 245.81, 98.02, 30.6, 63.9, 125, 64.56, 87.89, , , , , 
1/31/2020 6:59:32 AM, 3273.5, 9170.75, 1641.2, 327.68, 222.6, 163.93, 323.87, 172.78, 245.81, 98.02, 30.6, 63.9, 125, 64.56, 87.89, , , , , 
1/31/2020 6:59:35 AM, 3273.5, 9170.75, 1641.2, 327.68, 222.6, 163.93, 323.87, 172.78, 245.81, 98.02, 30.6, 63.9, 125, 64.56, 87.89, , , , , 
1/31/2020 6:59:38 AM, 3273.75, 9171, 1641.2, 327.68, 222.6, 163.93, 323.87, 172.78, 245.81, 98.02, 30.6, 63.9, 125, 64.56, 87.89, , , , , 
1/31/2020 6:59:41 AM, 3273.75, 9171, 1641.2, 327.68, 222.6, 163.93, 323.87, 172.78, 245.81, 98.02, 30.6, 63.9, 125, 64.56, 87.89, , , , , 
1/31/2020 6:59:44 AM, 3273.5, 9171, 1641.2, 327.68, 222.6, 163.93, 323.87, 172.78, 245.81, 98.02, 30.6, 63.9, 125, 64.56, 87.89, , , , , 
1/31/2020 6:59:47 AM, 3273.5, 9171, 1641.2, 327.68, 222.6, 163.93, 323.87, 172.78, 245.81, 98.02, 30.6, 63.9, 125, 64.56, 87.89, , , , , 
1/31/2020 6:59:50 AM, 3273.75, 9171.25, 1641.2, 327.68, 222.6, 163.93, 323.87, 172.78, 245.81, 98.02, 30.6, 63.9, 125, 64.56, 87.89, , , , , 
1/31/2020 6:59:53 AM, 3273.75, 9171.25, 1641.3, 327.68, 222.6, 163.93, 323.87, 172.78, 245.81, 98.02, 30.6, 63.9, 125, 64.56, 87.89, , , , , 
1/31/2020 6:59:56 AM, 3273.75, 9171.75, 1641.3, 327.68, 222.6, 163.93, 323.87, 172.78, 245.81, 98.02, 30.6, 63.9, 125, 64.56, 87.89, , , , , 
1/31/2020 6:59:59 AM, 3274, 9171.5, 1641.3, 327.68, 222.6, 163.93, 323.87, 172.78, 245.81, 98.02, 30.6, 63.9, 125, 64.56, 87.89, , , , , 
1/31/2020 7:00:02 AM, 3273.75, 9172, 1641.4, 327.68, 222.6, 163.93, 323.87, 172.78, 245.81, 98.02, 30.6, 63.9, 125, 64.56, 87.89, , , , , 
1/31/2020 7:00:05 AM, 3274.25, 9173, 1641.6, 327.68, 222.6, 163.93, 323.87, 172.78, 245.81, 98.02, 30.6, 63.9, 125, 64.56, 87.89, , , , , 
1/31/2020 7:00:08 AM, 3274.5, 9174.25, 1641.9, 327.68, 222.6, 163.93, 323.87, 172.78, 245.81, 98.02, 30.6, 63.9, 125, 64.56, 87.89, , , , , 
1/31/2020 7:00:11 AM, 3274.5, 9174.25, 1641.9, 327.68, 222.6, 163.93, 323.87, 172.78, 245.81, 98.02, 30.6, 63.9, 125, 64.56, 87.89, , , , , 
1/31/2020 7:00:14 AM, 3274.5, 9174.75, 1641.9, 327.68, 222.6, 163.93, 323.87, 172.78, 245.81, 98.02, 30.6, 63.9, 125, 64.56, 87.89, , , , , 
1/31/2020 7:00:17 AM, 3274.75, 9174.75, 1641.9, 327.68, 222.6, 163.93, 323.87, 172.78, 245.81, 98.02, 30.6, 63.9, 125, 64.56, 87.89, , , , , 
1/31/2020 7:00:20 AM, 3274.5, 9174, 1641.7, 327.68, 222.6, 163.93, 323.87, 172.78, 245.81, 98.02, 30.6, 63.9, 125, 64.56, 87.89, , , , , 
1/31/2020 7:00:23 AM, 3274.5, 9174, 1641.7, 327.68, 222.6, 163.93, 323.87, 172.78, 245.81, 98.02, 30.6, 63.9, 125, 64.56, 87.89, , , , , 
1/31/2020 7:00:26 AM, 3274.5, 9174.25, 1641.6, 327.68, 222.6, 163.93, 323.87, 172.78, 245.81, 98.02, 30.6, 63.9, 125, 64.56, 87.89, , , , , 
1/31/2020 7:00:29 AM, 3274.5, 9174.25, 1641.6, 327.68, 222.6, 163.93, 323.87, 172.78, 245.81, 98.02, 30.6, 63.9, 125, 64.56, 87.89, , , , , 
1/31/2020 7:00:32 AM, 3275, 9176.5, 1641.9, 327.68, 222.6, 163.93, 323.87, 172.78, 245.81, 98.02, 30.6, 63.9, 125, 64.56, 87.89, , , , , 
1/31/2020 7:00:35 AM, 3274.75, 9176.75, 1641.9, 327.68, 222.6, 163.93, 323.87, 172.78, 245.81, 98.02, 30.6, 63.9, 125, 64.56, 87.89, , , , , 
1/31/2020 7:00:38 AM, 3275, 9177.5, 1642.1, 327.68, 222.6, 163.93, 323.87, 172.78, 245.81, 98.02, 30.6, 63.9, 125, 64.56, 87.89, , , , , 
1/31/2020 7:00:42 AM, 3275, 9177.5, 1642.1, 327.68, 222.6, 163.93, 323.87, 172.78, 245.81, 98.02, 30.6, 63.9, 125, 64.56, 87.89, , , , , 
1/31/2020 7:00:45 AM, 3275, 9177, 1642, 327.68, 222.6, 163.93, 323.87, 172.78, 245.81, 98.02, 30.6, 63.9, 125, 64.56, 87.89, , , , , 
1/31/2020 7:00:48 AM, 3275, 9177, 1642, 327.68, 222.6, 163.93, 323.87, 172.78, 245.81, 98.02, 30.6, 63.9, 125, 64.56, 87.89, , , , , 
1/31/2020 7:00:51 AM, 3275, 9177.75, 1642.1, 327.68, 222.6, 163.93, 323.87, 172.78, 245.81, 98.02, 30.6, 63.9, 125, 64.56, 87.89, , , , , 
1/31/2020 7:00:54 AM, 3275.25, 9178, 1642.3, 327.68, 222.6, 163.93, 323.87, 172.78, 245.81, 98.02, 30.6, 63.9, 125, 64.56, 87.89, , , , , 
1/31/2020 7:00:57 AM, 3275.25, 9178, 1642.3, 327.68, 222.6, 163.93, 323.87, 172.78, 245.81, 98.02, 30.6, 63.9, 125, 64.56, 87.89, , , , , 
1/31/2020 7:01:00 AM, 3275.25, 9177.75, 1642.3, 327.68, 222.6, 163.93, 323.87, 172.78, 245.81, 98.02, 30.6, 63.9, 125, 64.56, 87.89, , , , , 
1/31/2020 7:01:03 AM, 3274.75, 9177.25, 1642.3, 327.68, 222.6, 163.93, 323.87, 172.78, 245.81, 98.02, 30.6, 63.9, 125, 64.56, 87.89, , , , , 
1/31/2020 7:01:06 AM, 3275, 9177, 1642.2, 327.68, 222.6, 163.93, 323.87, 172.78, 245.81, 98.02, 30.6, 63.9, 125, 64.56, 87.89, , , , , 
1/31/2020 7:01:09 AM, 3275, 9177.5, 1642.3, 327.68, 222.6, 163.93, 323.87, 172.78, 245.81, 98.02, 30.6, 63.9, 125, 64.56, 87.89, , , , , 
1/31/2020 7:01:12 AM, 3275, 9178.25, 1642.3, 327.68, 222.6, 163.93, 323.87, 172.78, 245.81, 98.02, 30.6, 63.9, 125, 64.56, 87.89, , , , , 
1/31/2020 7:01:15 AM, 3275.25, 9178.5, 1642.3, 327.68, 222.6, 163.93, 323.87, 172.78, 245.81, 98.02, 30.6, 63.9, 125, 64.56, 87.89, , , , , 
1/31/2020 7:01:18 AM, 3275, 9178.25, 1642.4, 327.68, 222.6, 163.93, 323.87, 172.78, 245.81, 98.02, 30.6, 63.9, 125, 64.56, 87.89, , , , , 
1/31/2020 7:01:21 AM, 3275, 9178.5, 1642.4, 327.68, 222.6, 163.93, 323.87, 172.78, 245.81, 98.02, 30.6, 63.9, 125, 64.56, 87.89, , , , , 
1/31/2020 7:01:24 AM, 3275.25, 9178.75, 1642.4, 327.68, 222.6, 163.93, 323.87, 172.78, 245.81, 98.02, 30.6, 63.9, 125, 64.56, 87.89, , , , , 
1/31/2020 7:01:27 AM, 3275.25, 9179, 1642.5, 327.68, 222.6, 163.93, 323.87, 172.78, 245.81, 98.02, 30.6, 63.9, 125, 64.56, 87.89, , , , , 
1/31/2020 7:01:30 AM, 3275.5, 9179.5, 1642.5, 327.68, 222.6, 163.93, 323.87, 172.78, 245.81, 98.02, 30.6, 63.9, 125, 64.56, 87.89, , , , , 
1/31/2020 7:01:33 AM, 3275.5, 9179.25, 1642.5, 327.68, 222.6, 163.93, 323.87, 172.78, 245.81, 98.02, 30.6, 63.9, 125, 64.56, 87.89, , , , , 
1/31/2020 7:01:36 AM, 3275, 9178.25, 1642.5, 327.68, 222.6, 163.93, 323.87, 172.78, 245.81, 98.02, 30.6, 63.9, 125, 64.56, 87.89, , , , , 
1/31/2020 7:01:39 AM, 3275, 9178.25, 1642.4, 327.68, 222.6, 163.93, 323.87, 172.78, 245.81, 98.02, 30.6, 63.9, 125, 64.56, 87.89, , , , , 
1/31/2020 7:01:42 AM, 3275, 9178.25, 1642.5, 327.68, 222.6, 163.93, 323.87, 172.78, 245.81, 98.02, 30.6, 63.9, 125, 64.56, 87.89, , , , , 
1/31/2020 7:01:45 AM, 3275, 9178.5, 1642.5, 327.68, 222.6, 163.93, 323.87, 172.78, 245.81, 98.02, 30.6, 63.9, 125, 64.56, 87.89, , , , , 
1/31/2020 7:01:48 AM, 3275.25, 9178.5, 1642.4, 327.68, 222.6, 163.93, 323.87, 172.78, 245.81, 98.02, 30.6, 63.9, 125, 64.56, 87.89, , , , , 
1/31/2020 7:01:51 AM, 3275.25, 9178.25, 1642.4, 327.68, 222.6, 163.93, 323.87, 172.78, 245.81, 98.02, 30.6, 63.9, 125, 64.56, 87.89, , , , , 
1/31/2020 7:01:54 AM, 3275.25, 9178.5, 1642.4, 327.68, 222.6, 163.93, 323.87, 172.78, 245.81, 98.02, 30.6, 63.9, 125, 64.56, 87.89, , , , , 
1/31/2020 7:01:57 AM, 3275.5, 9179.25, 1642.6, 327.68, 222.6, 163.93, 323.87, 172.78, 245.81, 98.02, 30.6, 63.9, 125, 64.56, 87.89, , , , , 
1/31/2020 7:02:00 AM, 3275.75, 9179.25, 1642.8, 327.68, 222.6, 163.93, 323.87, 172.78, 245.81, 98.02, 30.6, 63.9, 125, 64.56, 87.89, , , , , 
1/31/2020 7:02:03 AM, 3275.5, 9179.5, 1642.8, 327.68, 222.6, 163.93, 323.87, 172.78, 245.81, 98.02, 30.6, 63.9, 125, 64.56, 87.89, , , , , 
1/31/2020 7:02:06 AM, 3275.75, 9179.25, 1642.7, 327.68, 222.6, 163.93, 323.87, 172.78, 245.81, 98.02, 30.6, 63.9, 125, 64.56, 87.89, , , , , 
1/31/2020 7:02:09 AM, 3275.5, 9179.5, 1642.6, 327.68, 222.6, 163.93, 323.87, 172.78, 245.81, 98.02, 30.6, 63.9, 125, 64.56, 87.89, , , , , 
1/31/2020 7:02:12 AM, 3276, 9181.25, 1642.8, 327.68, 222.6, 163.93, 323.87, 172.78, 245.81, 98.02, 30.6, 63.9, 125, 64.56, 87.89, , , , , 
1/31/2020 7:02:15 AM, 3276, 9182.25, 1642.9, 327.68, 222.6, 163.93, 323.87, 172.78, 245.81, 98.02, 30.6, 63.9, 125, 64.56, 87.89, , , , , 
1/31/2020 7:02:18 AM, 3275.75, 9181, 1642.8, 327.68, 222.6, 163.93, 323.87, 172.78, 245.81, 98.02, 30.6, 63.9, 125, 64.56, 87.89, , , , , 
1/31/2020 7:02:21 AM, 3276, 9181.25, 1642.7, 327.68, 222.6, 163.93, 323.87, 172.78, 245.81, 98.02, 30.6, 63.9, 125, 64.56, 87.89, , , , , 
1/31/2020 7:02:24 AM, 3275.75, 9180.75, 1642.6, 327.68, 222.6, 163.93, 323.87, 172.78, 245.81, 98.02, 30.6, 63.9, 125, 64.56, 87.89, , , , , 
1/31/2020 7:02:27 AM, 3275.75, 9180.5, 1642.6, 327.68, 222.6, 163.93, 323.87, 172.78, 245.81, 98.02, 30.6, 63.9, 125, 64.56, 87.89, , , , , 
1/31/2020 7:02:30 AM, 3275.75, 9180.5, 1642.6, 327.68, 222.6, 163.93, 323.87, 172.78, 245.81, 98.02, 30.6, 63.9, 125, 64.56, 87.89, , , , , 
1/31/2020 7:02:33 AM, 3276, 9181, 1642.8, 327.68, 222.6, 163.93, 323.87, 172.78, 245.81, 98.02, 30.6, 63.9, 125, 64.56, 87.89, , , , , 
1/31/2020 7:02:36 AM, 3275.75, 9181, 1642.8, 327.68, 222.6, 163.93, 323.87, 172.78, 245.81, 98.02, 30.6, 63.9, 125, 64.56, 87.89, , , , , 
1/31/2020 7:02:39 AM, 3276, 9181.25, 1642.8, 327.68, 222.6, 163.93, 323.87, 172.78, 245.81, 98.02, 30.6, 63.9, 125, 64.56, 87.89, , , , , 
1/31/2020 7:02:42 AM, 3275.75, 9180.75, 1642.7, 327.68, 222.6, 163.93, 323.87, 172.78, 245.81, 98.02, 30.6, 63.9, 125, 64.56, 87.89, , , , , 
1/31/2020 7:02:45 AM, 3276, 9181.5, 1642.8, 327.68, 222.6, 163.93, 323.87, 172.78, 245.81, 98.02, 30.6, 63.9, 125, 64.56, 87.89, , , , , 
1/31/2020 7:02:48 AM, 3276.25, 9181.75, 1642.8, 327.68, 222.6, 163.93, 323.87, 172.78, 245.81, 98.02, 30.6, 63.9, 125, 64.56, 87.89, , , , , 
1/31/2020 7:02:51 AM, 3276, 9182, 1642.8, 327.68, 222.6, 163.93, 323.87, 172.78, 245.81, 98.02, 30.6, 63.9, 125, 64.56, 87.89, , , , , 
1/31/2020 7:02:54 AM, 3275.75, 9181, 1642.8, 327.68, 222.6, 163.93, 323.87, 172.78, 245.81, 98.02, 30.6, 63.9, 125, 64.56, 87.89, , , , , 
1/31/2020 7:02:57 AM, 3276.75, 9184.75, 1643.2, 327.68, 222.6, 163.93, 323.87, 172.78, 245.81, 98.02, 30.6, 63.9, 125, 64.56, 87.89, , , , , 
1/31/2020 7:03:00 AM, 3276.5, 9184, 1643.1, 327.68, 222.6, 163.93, 323.87, 172.78, 245.81, 98.02, 30.6, 63.9, 125, 64.56, 87.89, , , , , 
1/31/2020 7:03:03 AM, 3276.75, 9184, 1643.2, 327.68, 222.6, 163.93, 323.87, 172.78, 245.81, 98.02, 30.6, 63.9, 125, 64.56, 87.89, , , , , 
1/31/2020 7:03:06 AM, 3276.75, 9184.5, 1643, 327.68, 222.6, 163.93, 323.87, 172.78, 245.81, 98.02, 30.6, 63.9, 125, 64.56, 87.89, , , , , 
1/31/2020 7:03:09 AM, 3276.75, 9184, 1643.1, 327.68, 222.6, 163.93, 323.87, 172.78, 245.81, 98.02, 30.6, 63.9, 125, 64.56, 87.89, , , , , 
1/31/2020 7:03:12 AM, 3276.75, 9184.25, 1643, 327.68, 222.6, 163.93, 323.87, 172.78, 245.81, 98.02, 30.6, 63.9, 125, 64.56, 87.89, , , , , 
1/31/2020 7:03:15 AM, 3276.5, 9183.75, 1643, 327.68, 222.6, 163.93, 323.87, 172.78, 245.81, 98.02, 30.6, 63.9, 125, 64.56, 87.89, , , , , 
1/31/2020 7:03:18 AM, 3276.5, 9183.5, 1643, 327.68, 222.6, 163.93, 323.87, 172.78, 245.81, 98.02, 30.6, 63.9, 125, 64.56, 87.89, , , , , 
1/31/2020 7:03:22 AM, 3276.5, 9183.5, 1643, 327.68, 222.6, 163.93, 323.87, 172.78, 245.81, 98.02, 30.6, 63.9, 125, 64.56, 87.89, , , , , 
1/31/2020 7:03:25 AM, 3276.5, 9183.25, 1642.9, 327.68, 222.6, 163.93, 323.87, 172.78, 245.81, 98.02, 30.6, 63.9, 125, 64.56, 87.89, , , , , 
1/31/2020 7:03:28 AM, 3276.5, 9183.5, 1642.9, 327.68, 222.6, 163.93, 323.87, 172.78, 245.81, 98.02, 30.6, 63.9, 125, 64.56, 87.89, , , , , 
1/31/2020 7:03:31 AM, 3276.5, 9183.25, 1642.9, 327.68, 222.6, 163.93, 323.87, 172.78, 245.81, 98.02, 30.6, 63.9, 125, 64.56, 87.89, , , , , 
1/31/2020 7:03:34 AM, 3276.25, 9183, 1642.9, 327.68, 222.6, 163.93, 323.87, 172.78, 245.81, 98.02, 30.6, 63.9, 125, 64.56, 87.89, , , , , 
1/31/2020 7:03:37 AM, 3276, 9182.25, 1642.8, 327.68, 222.6, 163.93, 323.87, 172.78, 245.81, 98.02, 30.6, 63.9, 125, 64.56, 87.89, , , , , 
1/31/2020 7:03:40 AM, 3276, 9182.25, 1642.8, 327.68, 222.6, 163.93, 323.87, 172.78, 245.81, 98.02, 30.6, 63.9, 125, 64.56, 87.89, , , , , 
1/31/2020 7:03:43 AM, 3276, 9182.25, 1642.8, 327.68, 222.6, 163.93, 323.87, 172.78, 245.81, 98.02, 30.6, 63.9, 125, 64.56, 87.89, , , , , 
1/31/2020 7:03:46 AM, 3276.25, 9183.5, 1642.7, 327.68, 222.6, 163.93, 323.87, 172.78, 245.81, 98.02, 30.6, 63.9, 125, 64.56, 87.89, , , , , 
1/31/2020 7:03:49 AM, 3276.25, 9183.5, 1642.7, 327.68, 222.6, 163.93, 323.87, 172.78, 245.81, 98.02, 30.6, 63.9, 125, 64.56, 87.89, , , , , 
1/31/2020 7:03:52 AM, 3276.25, 9182.75, 1642.7, 327.68, 222.6, 163.93, 323.87, 172.78, 245.81, 98.02, 30.6, 63.9, 125, 64.56, 87.89, , , , , 
1/31/2020 7:03:55 AM, 3276.25, 9182.75, 1642.7, 327.68, 222.6, 163.93, 323.87, 172.78, 245.81, 98.02, 30.6, 63.9, 125, 64.56, 87.89, , , , , 
1/31/2020 7:03:58 AM, 3276, 9182.25, 1642.7, 327.68, 222.6, 163.93, 323.87, 172.78, 245.81, 98.02, 30.6, 63.9, 125, 64.56, 87.89, , , , , 
1/31/2020 7:04:01 AM, 3276, 9182.25, 1642.7, 327.68, 222.6, 163.93, 323.87, 172.78, 245.81, 98.02, 30.6, 63.9, 125, 64.56, 87.89, , , , , 
1/31/2020 7:04:04 AM, 3276, 9182.25, 1642.6, 327.68, 222.6, 163.93, 323.87, 172.78, 245.81, 98.02, 30.6, 63.9, 125, 64.56, 87.89, , , , , 
1/31/2020 7:04:07 AM, 3275.75, 9180.75, 1642.6, 327.68, 222.6, 163.93, 323.87, 172.78, 245.81, 98.02, 30.6, 63.9, 125, 64.56, 87.89, , , , , 
1/31/2020 7:04:10 AM, 3275.75, 9181.25, 1642.4, 327.68, 222.6, 163.93, 323.87, 172.78, 245.81, 98.02, 30.6, 63.9, 125, 64.56, 87.89, , , , , 
1/31/2020 7:04:13 AM, 3275.75, 9181.25, 1642.4, 327.68, 222.6, 163.93, 323.87, 172.78, 245.81, 98.02, 30.6, 63.9, 125, 64.56, 87.89, , , , , 
1/31/2020 7:04:16 AM, 3275.5, 9180.75, 1642.3, 327.68, 222.6, 163.93, 323.87, 172.78, 245.81, 98.02, 30.6, 63.9, 125, 64.56, 87.89, , , , , 
1/31/2020 7:04:19 AM, 3275.75, 9182, 1642.5, 327.68, 222.6, 163.93, 323.87, 172.78, 245.81, 98.02, 30.6, 63.9, 125, 64.56, 87.89, , , , , 
1/31/2020 7:04:22 AM, 3276, 9182.25, 1642.5, 327.68, 222.6, 163.93, 323.87, 172.78, 245.81, 98.02, 30.6, 63.9, 125, 64.56, 87.89, , , , , 
1/31/2020 7:04:25 AM, 3276, 9182, 1642.6, 327.68, 222.6, 163.93, 323.87, 172.78, 245.81, 98.02, 30.6, 63.9, 125, 64.56, 87.89, , , , , 
1/31/2020 7:04:28 AM, 3276, 9182.5, 1642.6, 327.68, 222.6, 163.93, 323.87, 172.78, 245.81, 98.02, 30.6, 63.9, 125, 64.56, 87.89, , , , , 
1/31/2020 7:04:31 AM, 3276, 9182.5, 1642.6, 327.68, 222.6, 163.93, 323.87, 172.78, 245.81, 98.02, 30.6, 63.9, 125, 64.56, 87.89, , , , , 
1/31/2020 7:04:34 AM, 3276.25, 9182.75, 1642.6, 327.68, 222.6, 163.93, 323.87, 172.78, 245.81, 98.02, 30.6, 63.9, 125, 64.56, 87.89, , , , , 
1/31/2020 7:04:37 AM, 3276, 9182.5, 1642.6, 327.68, 222.6, 163.93, 323.87, 172.78, 245.81, 98.02, 30.6, 63.9, 125, 64.56, 87.89, , , , , 
1/31/2020 7:04:40 AM, 3276, 9181.5, 1642.6, 327.68, 222.6, 163.93, 323.87, 172.78, 245.81, 98.02, 30.6, 63.9, 125, 64.56, 87.89, , , , , 
1/31/2020 7:04:43 AM, 3276, 9181.75, 1642.6, 327.68, 222.6, 163.93, 323.87, 172.78, 245.81, 98.02, 30.6, 63.9, 125, 64.56, 87.89, , , , , 
1/31/2020 7:04:46 AM, 3275.75, 9182, 1642.6, 327.68, 222.6, 163.93, 323.87, 172.78, 245.81, 98.02, 30.6, 63.9, 125, 64.56, 87.89, , , , , 
1/31/2020 7:04:49 AM, 3275.75, 9182.5, 1642.6, 327.68, 222.6, 163.93, 323.87, 172.78, 245.81, 98.02, 30.6, 63.9, 125, 64.56, 87.89, , , , , 
1/31/2020 7:04:52 AM, 3276, 9182.25, 1642.6, 327.68, 222.6, 163.93, 323.87, 172.78, 245.81, 98.02, 30.6, 63.9, 125, 64.56, 87.89, , , , , 
1/31/2020 7:04:55 AM, 3275.75, 9182.75, 1642.6, 327.68, 222.6, 163.93, 323.87, 172.78, 245.81, 98.02, 30.6, 63.9, 125, 64.56, 87.89, , , , , 
1/31/2020 7:04:58 AM, 3276, 9182.25, 1642.7, 327.68, 222.6, 163.93, 323.87, 172.78, 245.81, 98.02, 30.6, 63.9, 125, 64.56, 87.89, , , , , 
1/31/2020 7:05:01 AM, 3276, 9182.75, 1642.7, 327.68, 222.6, 163.93, 323.87, 172.78, 245.81, 98.02, 30.6, 63.9, 125, 64.56, 87.89, , , , , 
1/31/2020 7:05:04 AM, 3276.25, 9183, 1642.7, 327.68, 222.6, 163.93, 323.87, 172.78, 245.81, 98.02, 30.6, 63.9, 125, 64.56, 87.89, , , , , 
1/31/2020 7:05:07 AM, 3275.75, 9181.75, 1642.6, 327.68, 222.6, 163.93, 323.87, 172.78, 245.81, 98.02, 30.6, 63.9, 125, 64.56, 87.89, , , , , 
1/31/2020 7:05:10 AM, 3275.25, 9181, 1642.4, 327.68, 222.6, 163.93, 323.87, 172.78, 245.81, 98.02, 30.6, 63.9, 125, 64.56, 87.89, , , , , 
1/31/2020 7:05:13 AM, 3275.25, 9181, 1642.4, 327.68, 222.6, 163.93, 323.87, 172.78, 245.81, 98.02, 30.6, 63.9, 125, 64.56, 87.89, , , , , 
1/31/2020 7:05:16 AM, 3275.25, 9181.25, 1642.4, 327.68, 222.6, 163.93, 323.87, 172.78, 245.81, 98.02, 30.6, 63.9, 125, 64.56, 87.89, , , , , 
1/31/2020 7:05:19 AM, 3275.25, 9181.25, 1642.4, 327.68, 222.6, 163.93, 323.87, 172.78, 245.81, 98.02, 30.6, 63.9, 125, 64.56, 87.89, , , , , 
1/31/2020 7:05:22 AM, 3275.25, 9181, 1642.4, 327.68, 222.6, 163.93, 323.87, 172.78, 245.81, 98.02, 30.6, 63.9, 125, 64.56, 87.89, , , , , 
1/31/2020 7:05:25 AM, 3275.25, 9181, 1642.4, 327.68, 222.6, 163.93, 323.87, 172.78, 245.81, 98.02, 30.6, 63.9, 125, 64.56, 87.89, , , , , 
1/31/2020 7:05:28 AM, 3275.25, 9180.25, 1642.4, 327.68, 222.6, 163.93, 323.87, 172.78, 245.81, 98.02, 30.6, 63.9, 125, 64.56, 87.89, , , , , 
1/31/2020 7:05:31 AM, 3275.25, 9180, 1642.4, 327.68, 222.6, 163.93, 323.87, 172.78, 245.81, 98.02, 30.6, 63.9, 125, 64.56, 87.89, , , , , 
1/31/2020 7:05:34 AM, 3275.25, 9180, 1642.4, 327.68, 222.6, 163.93, 323.87, 172.78, 245.81, 98.02, 30.6, 63.9, 125, 64.56, 87.89, , , , , 
1/31/2020 7:05:37 AM, 3275.25, 9180.5, 1642.4, 327.68, 222.6, 163.93, 323.87, 172.78, 245.81, 98.02, 30.6, 63.9, 125, 64.56, 87.89, , , , , 
1/31/2020 7:05:40 AM, 3275.75, 9181.25, 1642.4, 327.68, 222.6, 163.93, 323.87, 172.78, 245.81, 98.02, 30.6, 63.9, 125, 64.56, 87.89, , , , , 
1/31/2020 7:05:43 AM, 3275.75, 9181.25, 1642.6, 327.68, 222.6, 163.93, 323.87, 172.78, 245.81, 98.02, 30.6, 63.9, 125, 64.56, 87.89, , , , , 
1/31/2020 7:05:47 AM, 3275.75, 9181.5, 1642.5, 327.68, 222.6, 163.93, 323.87, 172.78, 245.81, 98.02, 30.6, 63.9, 125, 64.56, 87.89, , , , , 
1/31/2020 7:05:50 AM, 3275.5, 9181.25, 1642.5, 327.68, 222.6, 163.93, 323.87, 172.78, 245.81, 98.02, 30.6, 63.9, 125, 64.56, 87.89, , , , , 
1/31/2020 7:05:53 AM, 3275.75, 9181.5, 1642.5, 327.68, 222.6, 163.93, 323.87, 172.78, 245.81, 98.02, 30.6, 63.9, 125, 64.56, 87.89, , , , , 
1/31/2020 7:05:56 AM, 3276, 9182.25, 1642.7, 327.68, 222.6, 163.93, 323.87, 172.78, 245.81, 98.02, 30.6, 63.9, 125, 64.56, 87.89, , , , , 
1/31/2020 7:05:59 AM, 3276.25, 9182.25, 1642.7, 327.68, 222.6, 163.93, 323.87, 172.78, 245.81, 98.02, 30.6, 63.9, 125, 64.56, 87.89, , , , , 
1/31/2020 7:06:02 AM, 3276.25, 9182.75, 1642.7, 327.68, 222.6, 163.93, 323.87, 172.78, 245.81, 98.02, 30.6, 63.9, 125, 64.56, 87.89, , , , , 
1/31/2020 7:06:05 AM, 3276, 9182.5, 1642.7, 327.68, 222.6, 163.93, 323.87, 172.78, 245.81, 98.02, 30.6, 63.9, 125, 64.56, 87.89, , , , , 
1/31/2020 7:06:08 AM, 3276, 9181.75, 1642.7, 327.68, 222.6, 163.93, 323.87, 172.78, 245.81, 98.02, 30.6, 63.9, 125, 64.56, 87.89, , , , , 
1/31/2020 7:06:11 AM, 3275.75, 9182, 1642.5, 327.68, 222.6, 163.93, 323.87, 172.78, 245.81, 98.02, 30.6, 63.9, 125, 64.56, 87.89, , , , , 
1/31/2020 7:06:14 AM, 3276, 9182, 1642.5, 327.68, 222.6, 163.93, 323.87, 172.78, 245.81, 98.02, 30.6, 63.9, 125, 64.56, 87.89, , , , , 
1/31/2020 7:06:17 AM, 3276, 9182, 1642.5, 327.68, 222.6, 163.93, 323.87, 172.78, 245.81, 98.02, 30.6, 63.9, 125, 64.56, 87.89, , , , , 
1/31/2020 7:06:20 AM, 3276, 9181.25, 1642.5, 327.68, 222.6, 163.93, 323.87, 172.78, 245.81, 98.02, 30.6, 63.9, 125, 64.56, 87.89, , , , , 
1/31/2020 7:06:23 AM, 3275.5, 9181.25, 1642.5, 327.68, 222.6, 163.93, 323.87, 172.78, 245.81, 98.02, 30.6, 63.9, 125, 64.56, 87.89, , , , , 
1/31/2020 7:06:26 AM, 3275.75, 9181, 1642.5, 327.68, 222.6, 163.93, 323.87, 172.78, 245.81, 98.02, 30.6, 63.9, 125, 64.56, 87.89, , , , , 
1/31/2020 7:06:29 AM, 3275.5, 9181, 1642.5, 327.68, 222.6, 163.93, 323.87, 172.78, 245.81, 98.02, 30.6, 63.9, 125, 64.56, 87.89, , , , , 
1/31/2020 7:06:32 AM, 3275.5, 9180.75, 1642.5, 327.68, 222.6, 163.93, 323.87, 172.78, 245.81, 98.02, 30.6, 63.9, 125, 64.56, 87.89, , , , , 
1/31/2020 7:06:35 AM, 3275.75, 9180.75, 1642.5, 327.68, 222.6, 163.93, 323.87, 172.78, 245.81, 98.02, 30.6, 63.9, 125, 64.56, 87.89, , , , , 
1/31/2020 7:06:38 AM, 3275.75, 9181.25, 1642.5, 327.68, 222.6, 163.93, 323.87, 172.78, 245.81, 98.02, 30.6, 63.9, 125, 64.56, 87.89, , , , , 
1/31/2020 7:06:41 AM, 3275.75, 9181.25, 1642.5, 327.68, 222.6, 163.93, 323.87, 172.78, 245.81, 98.02, 30.6, 63.9, 125, 64.56, 87.89, , , , , 
1/31/2020 7:06:44 AM, 3275.75, 9181.25, 1642.5, 327.68, 222.6, 163.93, 323.87, 172.78, 245.81, 98.02, 30.6, 63.9, 125, 64.56, 87.89, , , , , 
1/31/2020 7:06:47 AM, 3275.75, 9181, 1642.5, 327.68, 222.6, 163.93, 323.87, 172.78, 245.81, 98.02, 30.6, 63.9, 125, 64.56, 87.89, , , , , 
1/31/2020 7:06:50 AM, 3275.5, 9180.75, 1642.5, 327.68, 222.6, 163.93, 323.87, 172.78, 245.81, 98.02, 30.6, 63.9, 125, 64.56, 87.89, , , , , 
1/31/2020 7:06:53 AM, 3275.5, 9180.75, 1642.5, 327.68, 222.6, 163.93, 323.87, 172.78, 245.81, 98.02, 30.6, 63.9, 125, 64.56, 87.89, , , , , 
1/31/2020 7:06:56 AM, 3275.5, 9181.25, 1642.4, 327.68, 222.6, 163.93, 323.87, 172.78, 245.81, 98.02, 30.6, 63.9, 125, 64.56, 87.89, , , , , 
1/31/2020 7:06:59 AM, 3275.5, 9180.75, 1642.4, 327.68, 222.6, 163.93, 323.87, 172.78, 245.81, 98.02, 30.6, 63.9, 125, 64.56, 87.89, , , , , 
1/31/2020 7:07:02 AM, 3275.5, 9180.75, 1642.4, 327.68, 222.6, 163.93, 323.87, 172.78, 245.81, 98.02, 30.6, 63.9, 125, 64.56, 87.89, , , , , 
1/31/2020 7:07:05 AM, 3275.5, 9180.25, 1642.4, 327.68, 222.6, 163.93, 323.87, 172.78, 245.81, 98.02, 30.6, 63.9, 125, 64.56, 87.89, , , , , 
1/31/2020 7:07:08 AM, 3275.5, 9180.25, 1642.4, 327.68, 222.6, 163.93, 323.87, 172.78, 245.81, 98.02, 30.6, 63.9, 125, 64.56, 87.89, , , , , 
1/31/2020 7:07:11 AM, 3275.25, 9180.25, 1642.4, 327.68, 222.6, 163.93, 323.87, 172.78, 245.81, 98.02, 30.6, 63.9, 125, 64.56, 87.89, , , , , 
1/31/2020 7:07:14 AM, 3275.25, 9180.25, 1642.4, 327.68, 222.6, 163.93, 323.87, 172.78, 245.81, 98.02, 30.6, 63.9, 125, 64.56, 87.89, , , , , 
1/31/2020 7:07:17 AM, 3275.25, 9180.25, 1642.4, 327.68, 222.6, 163.93, 323.87, 172.78, 245.81, 98.02, 30.6, 63.9, 125, 64.56, 87.89, , , , , 
1/31/2020 7:07:20 AM, 3275.5, 9180.25, 1642.3, 327.68, 222.6, 163.93, 323.87, 172.78, 245.81, 98.02, 30.6, 63.9, 125, 64.56, 87.89, , , , , 
1/31/2020 7:07:23 AM, 3275.25, 9180, 1642.3, 327.68, 222.6, 163.93, 323.87, 172.78, 245.81, 98.02, 30.6, 63.9, 125, 64.56, 87.89, , , , , 
1/31/2020 7:07:26 AM, 3275.5, 9179.75, 1642.3, 327.68, 222.6, 163.93, 323.87, 172.78, 245.81, 98.02, 30.6, 63.9, 125, 64.56, 87.89, , , , , 
1/31/2020 7:07:29 AM, 3275.5, 9179.75, 1642.3, 327.68, 222.6, 163.93, 323.87, 172.78, 245.81, 98.02, 30.6, 63.9, 125, 64.56, 87.89, , , , , 
1/31/2020 7:07:32 AM, 3275.5, 9180.5, 1642.5, 327.68, 222.6, 163.93, 323.87, 172.78, 245.81, 98.02, 30.6, 63.9, 125, 64.56, 87.89, , , , , 
1/31/2020 7:07:35 AM, 3275.5, 9180.5, 1642.5, 327.68, 222.6, 163.93, 323.87, 172.78, 245.81, 98.02, 30.6, 63.9, 125, 64.56, 87.89, , , , , 
1/31/2020 7:07:38 AM, 3275.5, 9180.25, 1642.5, 327.68, 222.6, 163.93, 323.87, 172.78, 245.81, 98.02, 30.6, 63.9, 125, 64.56, 87.89, , , , , 
1/31/2020 7:07:41 AM, 3275.5, 9180.25, 1642.5, 327.68, 222.6, 163.93, 323.87, 172.78, 245.81, 98.02, 30.6, 63.9, 125, 64.56, 87.89, , , , , 
1/31/2020 7:07:44 AM, 3275.5, 9179.75, 1642.4, 327.68, 222.6, 163.93, 323.87, 172.78, 245.81, 98.02, 30.6, 63.9, 125, 64.56, 87.89, , , , , 
1/31/2020 7:07:47 AM, 3275.5, 9180, 1642.4, 327.68, 222.6, 163.93, 323.87, 172.78, 245.81, 98.02, 30.6, 63.9, 125, 64.56, 87.89, , , , , 
1/31/2020 7:07:50 AM, 3275.5, 9180, 1642.4, 327.68, 222.6, 163.93, 323.87, 172.78, 245.81, 98.02, 30.6, 63.9, 125, 64.56, 87.89, , , , , 
1/31/2020 7:07:53 AM, 3275.75, 9180, 1642.4, 327.68, 222.6, 163.93, 323.87, 172.78, 245.81, 98.02, 30.6, 63.9, 125, 64.56, 87.89, , , , , 
1/31/2020 7:07:56 AM, 3275.75, 9180, 1642.4, 327.68, 222.6, 163.93, 323.87, 172.78, 245.81, 98.02, 30.6, 63.9, 125, 64.56, 87.89, , , , , 
1/31/2020 7:07:59 AM, 3275.5, 9179.75, 1642.4, 327.68, 222.6, 163.93, 323.87, 172.78, 245.81, 98.02, 30.6, 63.9, 125, 64.56, 87.89, , , , , 
1/31/2020 7:08:02 AM, 3275.5, 9179.25, 1642.4, 327.68, 222.6, 163.93, 323.87, 172.78, 245.81, 98.02, 30.6, 63.9, 125, 64.56, 87.89, , , , , 
1/31/2020 7:08:05 AM, 3275.25, 9179.5, 1642.4, 327.68, 222.6, 163.93, 323.87, 172.78, 245.81, 98.02, 30.6, 63.9, 125, 64.56, 87.89, , , , , 
1/31/2020 7:08:09 AM, 3275.25, 9179.25, 1642.4, 327.68, 222.6, 163.93, 323.87, 172.78, 245.81, 98.02, 30.6, 63.9, 125, 64.56, 87.89, , , , , 
1/31/2020 7:08:12 AM, 3275.25, 9179.25, 1642.4, 327.68, 222.6, 163.93, 323.87, 172.78, 245.81, 98.02, 30.6, 63.9, 125, 64.56, 87.89, , , , , 
1/31/2020 7:08:15 AM, 3275.75, 9180.25, 1642.4, 327.68, 222.6, 163.93, 323.87, 172.78, 245.81, 98.02, 30.6, 63.9, 125, 64.56, 87.89, , , , , 
1/31/2020 7:08:18 AM, 3275.5, 9180.5, 1642.4, 327.68, 222.6, 163.93, 323.87, 172.78, 245.81, 98.02, 30.6, 63.9, 125, 64.56, 87.89, , , , , 
1/31/2020 7:08:21 AM, 3275.5, 9180, 1642.4, 327.68, 222.6, 163.93, 323.87, 172.78, 245.81, 98.02, 30.6, 63.9, 125, 64.56, 87.89, , , , , 
1/31/2020 7:08:24 AM, 3275.5, 9179.75, 1642.4, 327.68, 222.6, 163.93, 323.87, 172.78, 245.81, 98.02, 30.6, 63.9, 125, 64.56, 87.89, , , , , 
1/31/2020 7:08:27 AM, 3275.75, 9180.75, 1642.5, 327.68, 222.6, 163.93, 323.87, 172.78, 245.81, 98.02, 30.6, 63.9, 125, 64.56, 87.89, , , , , 
1/31/2020 7:08:30 AM, 3275.75, 9180.5, 1642.5, 327.68, 222.6, 163.93, 323.87, 172.78, 245.81, 98.02, 30.6, 63.9, 125, 64.56, 87.89, , , , , 
1/31/2020 7:08:33 AM, 3275.75, 9180.5, 1642.5, 327.68, 222.6, 163.93, 323.87, 172.78, 245.81, 98.02, 30.6, 63.9, 125, 64.56, 87.89, , , , , 
1/31/2020 7:08:36 AM, 3275.75, 9180.75, 1642.5, 327.68, 222.6, 163.93, 323.87, 172.78, 245.81, 98.02, 30.6, 63.9, 125, 64.56, 87.89, , , , , 
1/31/2020 7:08:39 AM, 3275.75, 9180.75, 1642.5, 327.68, 222.6, 163.93, 323.87, 172.78, 245.81, 98.02, 30.6, 63.9, 125, 64.56, 87.89, , , , , 
1/31/2020 7:08:42 AM, 3275.75, 9180, 1642.5, 327.68, 222.6, 163.93, 323.87, 172.78, 245.81, 98.02, 30.6, 63.9, 125, 64.56, 87.89, , , , , 
1/31/2020 7:08:45 AM, 3275.5, 9179.5, 1642.4, 327.68, 222.6, 163.93, 323.87, 172.78, 245.81, 98.02, 30.6, 63.9, 125, 64.56, 87.89, , , , , 
1/31/2020 7:08:48 AM, 3275.5, 9179.5, 1642.4, 327.68, 222.6, 163.93, 323.87, 172.78, 245.81, 98.02, 30.6, 63.9, 125, 64.56, 87.89, , , , , 
1/31/2020 7:08:51 AM, 3275.5, 9179.75, 1642.4, 327.68, 222.6, 163.93, 323.87, 172.78, 245.81, 98.02, 30.6, 63.9, 125, 64.56, 87.89, , , , , 
1/31/2020 7:08:54 AM, 3275.75, 9179.5, 1642.4, 327.68, 222.6, 163.93, 323.87, 172.78, 245.81, 98.02, 30.6, 63.9, 125, 64.56, 87.89, , , , , 
1/31/2020 7:08:57 AM, 3275.5, 9180, 1642.4, 327.68, 222.6, 163.93, 323.87, 172.78, 245.81, 98.02, 30.6, 63.9, 125, 64.56, 87.89, , , , , 
1/31/2020 7:09:00 AM, 3275.5, 9180, 1642.4, 327.68, 222.6, 163.93, 323.87, 172.78, 245.81, 98.02, 30.6, 63.9, 125, 64.56, 87.89, , , , , 
1/31/2020 7:09:03 AM, 3276, 9181, 1642.5, 327.68, 222.6, 163.93, 323.87, 172.78, 245.81, 98.02, 30.6, 63.9, 125, 64.56, 87.89, , , , , 
1/31/2020 7:09:06 AM, 3276.25, 9181.75, 1642.5, 327.68, 222.6, 163.93, 323.87, 172.78, 245.81, 98.02, 30.6, 63.9, 125, 64.56, 87.89, , , , , 
1/31/2020 7:09:09 AM, 3276.25, 9181.5, 1642.5, 327.68, 222.6, 163.93, 323.87, 172.78, 245.81, 98.02, 30.6, 63.9, 125, 64.56, 87.89, , , , , 
1/31/2020 7:09:12 AM, 3276, 9180.75, 1642.6, 327.68, 222.6, 163.93, 323.87, 172.78, 245.81, 98.02, 30.6, 63.9, 125, 64.56, 87.89, , , , , 
1/31/2020 7:09:15 AM, 3276, 9180.25, 1642.6, 327.68, 222.6, 163.93, 323.87, 172.78, 245.81, 98.02, 30.6, 63.9, 125, 64.56, 87.89, , , , , 
1/31/2020 7:09:18 AM, 3276, 9180.25, 1642.4, 327.68, 222.6, 163.93, 323.87, 172.78, 245.81, 98.02, 30.6, 63.9, 125, 64.56, 87.89, , , , , 
1/31/2020 7:09:21 AM, 3275.75, 9180.25, 1642.4, 327.68, 222.6, 163.93, 323.87, 172.78, 245.81, 98.02, 30.6, 63.9, 125, 64.56, 87.89, , , , , 
1/31/2020 7:09:24 AM, 3275.75, 9180, 1642.4, 327.68, 222.6, 163.93, 323.87, 172.78, 245.81, 98.02, 30.6, 63.9, 125, 64.56, 87.89, , , , , 
1/31/2020 7:09:27 AM, 3275.75, 9180.5, 1642.4, 327.68, 222.6, 163.93, 323.87, 172.78, 245.81, 98.02, 30.6, 63.9, 125, 64.56, 87.89, , , , , 
1/31/2020 7:09:30 AM, 3275.75, 9180.25, 1642.4, 327.68, 222.6, 163.93, 323.87, 172.78, 245.81, 98.02, 30.6, 63.9, 125, 64.56, 87.89, , , , , 
1/31/2020 7:09:33 AM, 3276, 9180.5, 1642.4, 327.68, 222.6, 163.93, 323.87, 172.78, 245.81, 98.02, 30.6, 63.9, 125, 64.56, 87.89, , , , , 
1/31/2020 7:09:36 AM, 3275.75, 9180.25, 1642.3, 327.68, 222.6, 163.93, 323.87, 172.78, 245.81, 98.02, 30.6, 63.9, 125, 64.56, 87.89, , , , , 
1/31/2020 7:09:39 AM, 3275.75, 9181, 1642.3, 327.68, 222.6, 163.93, 323.87, 172.78, 245.81, 98.02, 30.6, 63.9, 125, 64.56, 87.89, , , , , 
1/31/2020 7:09:42 AM, 3275.75, 9179.75, 1642.2, 327.68, 222.6, 163.93, 323.87, 172.78, 245.81, 98.02, 30.6, 63.9, 125, 64.56, 87.89, , , , , 
1/31/2020 7:09:45 AM, 3275.75, 9179.75, 1642.2, 327.68, 222.6, 163.93, 323.87, 172.78, 245.81, 98.02, 30.6, 63.9, 125, 64.56, 87.89, , , , , 
1/31/2020 7:09:48 AM, 3275.5, 9179.25, 1642.2, 327.68, 222.6, 163.93, 323.87, 172.78, 245.81, 98.02, 30.6, 63.9, 125, 64.56, 87.89, , , , , 
1/31/2020 7:09:51 AM, 3275.5, 9179.5, 1642.2, 327.68, 222.6, 163.93, 323.87, 172.78, 245.81, 98.02, 30.6, 63.9, 125, 64.56, 87.89, , , , , 
1/31/2020 7:09:54 AM, 3275.5, 9179.25, 1642.2, 327.68, 222.6, 163.93, 323.87, 172.78, 245.81, 98.02, 30.6, 63.9, 125, 64.56, 87.89, , , , , 
1/31/2020 7:09:57 AM, 3275.75, 9179.5, 1642.2, 327.68, 222.6, 163.93, 323.87, 172.78, 245.81, 98.02, 30.6, 63.9, 125, 64.56, 87.89, , , , , 
1/31/2020 7:10:00 AM, 3275.75, 9180.5, 1641.9, 327.68, 222.6, 163.93, 323.87, 172.78, 245.81, 98.02, 30.6, 63.9, 125, 64.56, 87.89, , , , , 
1/31/2020 7:10:03 AM, 3275.75, 9180.25, 1641.9, 327.68, 222.6, 163.93, 323.87, 172.78, 245.81, 98.02, 30.6, 63.9, 125, 64.56, 87.89, , , , , 
1/31/2020 7:10:06 AM, 3275.75, 9180, 1641.9, 327.68, 222.6, 163.93, 323.87, 172.78, 245.81, 98.02, 30.6, 63.9, 125, 64.56, 87.89, , , , , 
1/31/2020 7:10:09 AM, 3275.75, 9180.25, 1641.9, 327.68, 222.6, 163.93, 323.87, 172.78, 245.81, 98.02, 30.6, 63.9, 125, 64.56, 87.89, , , , , 
1/31/2020 7:10:12 AM, 3275.5, 9179.75, 1641.9, 327.68, 222.6, 163.93, 323.87, 172.78, 245.81, 98.02, 30.6, 63.9, 125, 64.56, 87.89, , , , , 
1/31/2020 7:10:15 AM, 3275.5, 9180, 1641.9, 327.68, 222.6, 163.93, 323.87, 172.78, 245.81, 98.02, 30.6, 63.9, 125, 64.56, 87.89, , , , , 
1/31/2020 7:10:18 AM, 3275.75, 9179.75, 1641.9, 327.68, 222.6, 163.93, 323.87, 172.78, 245.81, 98.02, 30.6, 63.9, 125, 64.56, 87.89, , , , , 
1/31/2020 7:10:21 AM, 3275.5, 9179.75, 1641.8, 327.68, 222.6, 163.93, 323.87, 172.78, 245.81, 98.02, 30.6, 63.9, 125, 64.56, 87.89, , , , , 
1/31/2020 7:10:24 AM, 3275.75, 9180, 1641.8, 327.68, 222.6, 163.93, 323.87, 172.78, 245.81, 98.02, 30.6, 63.9, 125, 64.56, 87.89, , , , , 
1/31/2020 7:10:28 AM, 3275.75, 9180.75, 1641.8, 327.68, 222.6, 163.93, 323.87, 172.78, 245.81, 98.02, 30.6, 63.9, 125, 64.56, 87.89, , , , , 
1/31/2020 7:10:31 AM, 3276, 9180.25, 1641.9, 327.68, 222.6, 163.93, 323.87, 172.78, 245.81, 98.02, 30.6, 63.9, 125, 64.56, 87.89, , , , , 
1/31/2020 7:10:34 AM, 3275.5, 9179.75, 1641.9, 327.68, 222.6, 163.93, 323.87, 172.78, 245.81, 98.02, 30.6, 63.9, 125, 64.56, 87.89, , , , , 
1/31/2020 7:10:37 AM, 3275.75, 9181, 1641.9, 327.68, 222.6, 163.93, 323.87, 172.78, 245.81, 98.02, 30.6, 63.9, 125, 64.56, 87.89, , , , , 
1/31/2020 7:10:40 AM, 3276.25, 9182.5, 1642.2, 327.68, 222.6, 163.93, 323.87, 172.78, 245.81, 98.02, 30.6, 63.9, 125, 64.56, 87.89, , , , , 
1/31/2020 7:10:43 AM, 3276.25, 9182, 1642.2, 327.68, 222.6, 163.93, 323.87, 172.78, 245.81, 98.02, 30.6, 63.9, 125, 64.56, 87.89, , , , , 
1/31/2020 7:10:46 AM, 3276.25, 9181.75, 1642.2, 327.68, 222.6, 163.93, 323.87, 172.78, 245.81, 98.02, 30.6, 63.9, 125, 64.56, 87.89, , , , , 
1/31/2020 7:10:49 AM, 3276.25, 9182.25, 1642.2, 327.68, 222.6, 163.93, 323.87, 172.78, 245.81, 98.02, 30.6, 63.9, 125, 64.56, 87.89, , , , , 
1/31/2020 7:10:52 AM, 3276.25, 9183, 1642.3, 327.68, 222.6, 163.93, 323.87, 172.78, 245.81, 98.02, 30.6, 63.9, 125, 64.56, 87.89, , , , , 
1/31/2020 7:10:55 AM, 3276.25, 9183, 1642.3, 327.68, 222.6, 163.93, 323.87, 172.78, 245.81, 98.02, 30.6, 63.9, 125, 64.56, 87.89, , , , , 
1/31/2020 7:10:58 AM, 3276.5, 9183.5, 1642.5, 327.68, 222.6, 163.93, 323.87, 172.78, 245.81, 98.02, 30.6, 63.9, 125, 64.56, 87.89, , , , , 
1/31/2020 7:11:01 AM, 3276.5, 9182.75, 1642.4, 327.68, 222.6, 163.93, 323.87, 172.78, 245.81, 98.02, 30.6, 63.9, 125, 64.56, 87.89, , , , , 
1/31/2020 7:11:04 AM, 3276.25, 9182.5, 1642.4, 327.68, 222.6, 163.93, 323.87, 172.78, 245.81, 98.02, 30.6, 63.9, 125, 64.56, 87.89, , , , , 
1/31/2020 7:11:07 AM, 3276.5, 9183.25, 1642.3, 327.68, 222.6, 163.93, 323.87, 172.78, 245.81, 98.02, 30.6, 63.9, 125, 64.56, 87.89, , , , , 
1/31/2020 7:11:10 AM, 3276.5, 9183, 1642.4, 327.68, 222.6, 163.93, 323.87, 172.78, 245.81, 98.02, 30.6, 63.9, 125, 64.56, 87.89, , , , , 
1/31/2020 7:11:13 AM, 3276.25, 9182.5, 1642.4, 327.68, 222.6, 163.93, 323.87, 172.78, 245.81, 98.02, 30.6, 63.9, 125, 64.56, 87.89, , , , , 
1/31/2020 7:11:16 AM, 3276.25, 9183.5, 1642.3, 327.68, 222.6, 163.93, 323.87, 172.78, 245.81, 98.02, 30.6, 63.9, 125, 64.56, 87.89, , , , , 
1/31/2020 7:11:19 AM, 3276.25, 9183.5, 1642.3, 327.68, 222.6, 163.93, 323.87, 172.78, 245.81, 98.02, 30.6, 63.9, 125, 64.56, 87.89, , , , , 
1/31/2020 7:11:22 AM, 3276.5, 9184.5, 1642.3, 327.68, 222.6, 163.93, 323.87, 172.78, 245.81, 98.02, 30.6, 63.9, 125, 64.56, 87.89, , , , , 
1/31/2020 7:11:25 AM, 3277, 9187, 1642.6, 327.68, 222.6, 163.93, 323.87, 172.78, 245.81, 98.02, 30.6, 63.9, 125, 64.56, 87.89, , , , , 
1/31/2020 7:11:28 AM, 3277, 9187.25, 1642.6, 327.68, 222.6, 163.93, 323.87, 172.78, 245.81, 98.02, 30.6, 63.9, 125, 64.56, 87.89, , , , , 
1/31/2020 7:11:31 AM, 3277.5, 9188, 1642.6, 327.68, 222.6, 163.93, 323.87, 172.78, 245.81, 98.02, 30.6, 63.9, 125, 64.56, 87.89, , , , , 
1/31/2020 7:11:34 AM, 3277.25, 9188.25, 1642.6, 327.68, 222.6, 163.93, 323.87, 172.78, 245.81, 98.02, 30.6, 63.9, 125, 64.56, 87.89, , , , , 
1/31/2020 7:11:37 AM, 3277.5, 9188.5, 1642.6, 327.68, 222.6, 163.93, 323.87, 172.78, 245.81, 98.02, 30.6, 63.9, 125, 64.56, 87.89, , , , , 
1/31/2020 7:11:40 AM, 3277.5, 9188.75, 1642.8, 327.68, 222.6, 163.93, 323.87, 172.78, 245.81, 98.02, 30.6, 63.9, 125, 64.56, 87.89, , , , , 
1/31/2020 7:11:43 AM, 3277.5, 9188.5, 1642.8, 327.68, 222.6, 163.93, 323.87, 172.78, 245.81, 98.02, 30.6, 63.9, 125, 64.56, 87.89, , , , , 
1/31/2020 7:11:46 AM, 3277.5, 9189, 1642.8, 327.68, 222.6, 163.93, 323.87, 172.78, 245.81, 98.02, 30.6, 63.9, 125, 64.56, 87.89, , , , , 
1/31/2020 7:11:49 AM, 3277.25, 9188.75, 1642.8, 327.68, 222.6, 163.93, 323.87, 172.78, 245.81, 98.02, 30.6, 63.9, 125, 64.56, 87.89, , , , , 
1/31/2020 7:11:52 AM, 3277.75, 9190, 1643, 327.68, 222.6, 163.93, 323.87, 172.78, 245.81, 98.02, 30.6, 63.9, 125, 64.56, 87.89, , , , , 
1/31/2020 7:11:55 AM, 3277.75, 9189.5, 1643, 327.68, 222.6, 163.93, 323.87, 172.78, 245.81, 98.02, 30.6, 63.9, 125, 64.56, 87.89, , , , , 
1/31/2020 7:11:58 AM, 3277.5, 9189.75, 1643, 327.68, 222.6, 163.93, 323.87, 172.78, 245.81, 98.02, 30.6, 63.9, 125, 64.56, 87.89, , , , , 
1/31/2020 7:12:01 AM, 3277.75, 9190, 1643.1, 327.68, 222.6, 163.93, 323.87, 172.78, 245.81, 98.02, 30.6, 63.9, 125, 64.56, 87.89, , , , , 
1/31/2020 7:12:04 AM, 3277.75, 9190.5, 1643.1, 327.68, 222.6, 163.93, 323.87, 172.78, 245.81, 98.02, 30.6, 63.9, 125, 64.56, 87.89, , , , , 
1/31/2020 7:12:07 AM, 3277.75, 9190.5, 1643.1, 327.68, 222.6, 163.93, 323.87, 172.78, 245.81, 98.02, 30.6, 63.9, 125, 64.56, 87.89, , , , , 
1/31/2020 7:12:10 AM, 3277.75, 9189.5, 1643.1, 327.68, 222.6, 163.93, 323.87, 172.78, 245.81, 98.02, 30.6, 63.9, 125, 64.56, 87.89, , , , , 
1/31/2020 7:12:13 AM, 3277.75, 9189.5, 1643.1, 327.68, 222.6, 163.93, 323.87, 172.78, 245.81, 98.02, 30.6, 63.9, 125, 64.56, 87.89, , , , , 
1/31/2020 7:12:16 AM, 3277.75, 9189, 1643.1, 327.68, 222.6, 163.93, 323.87, 172.78, 245.81, 98.02, 30.6, 63.9, 125, 64.56, 87.89, , , , , 
1/31/2020 7:12:19 AM, 3277.5, 9188.25, 1642.9, 327.68, 222.6, 163.93, 323.87, 172.78, 245.81, 98.02, 30.6, 63.9, 125, 64.56, 87.89, , , , , 
1/31/2020 7:12:22 AM, 3277.25, 9188, 1642.9, 327.68, 222.6, 163.93, 323.87, 172.78, 245.81, 98.02, 30.6, 63.9, 125, 64.56, 87.89, , , , , 
1/31/2020 7:12:25 AM, 3277.25, 9188, 1642.9, 327.68, 222.6, 163.93, 323.87, 172.78, 245.81, 98.02, 30.6, 63.9, 125, 64.56, 87.89, , , , , 
1/31/2020 7:12:28 AM, 3277.25, 9188.5, 1642.7, 327.68, 222.6, 163.93, 323.87, 172.78, 245.81, 98.02, 30.6, 63.9, 125, 64.56, 87.89, , , , , 
1/31/2020 7:12:31 AM, 3277.25, 9188.5, 1642.7, 327.68, 222.6, 163.93, 323.87, 172.78, 245.81, 98.02, 30.6, 63.9, 125, 64.56, 87.89, , , , , 
1/31/2020 7:12:34 AM, 3277.25, 9188, 1642.7, 327.68, 222.6, 163.93, 323.87, 172.78, 245.81, 98.02, 30.6, 63.9, 125, 64.56, 87.89, , , , , 
1/31/2020 7:12:37 AM, 3277.25, 9188, 1642.7, 327.68, 222.6, 163.93, 323.87, 172.78, 245.81, 98.02, 30.6, 63.9, 125, 64.56, 87.89, , , , , 
1/31/2020 7:12:40 AM, 3277.25, 9188.5, 1642.8, 327.68, 222.6, 163.93, 323.87, 172.78, 245.81, 98.02, 30.6, 63.9, 125, 64.56, 87.89, , , , , 
1/31/2020 7:12:43 AM, 3278, 9190.25, 1643.2, 327.68, 222.6, 163.93, 323.87, 172.78, 245.81, 98.02, 30.6, 63.9, 125, 64.56, 87.89, , , , , 
1/31/2020 7:12:46 AM, 3277.75, 9190.75, 1643.2, 327.68, 222.6, 163.93, 323.87, 172.78, 245.81, 98.02, 30.6, 63.9, 125, 64.56, 87.89, , , , , 
1/31/2020 7:12:49 AM, 3277.75, 9190.75, 1643.2, 327.68, 222.6, 163.93, 323.87, 172.78, 245.81, 98.02, 30.6, 63.9, 125, 64.56, 87.89, , , , , 
1/31/2020 7:12:52 AM, 3278.25, 9191.25, 1643.3, 327.68, 222.6, 163.93, 323.87, 172.78, 245.81, 98.02, 30.6, 63.9, 125, 64.56, 87.89, , , , , 
1/31/2020 7:12:55 AM, 3278.25, 9191.25, 1643.3, 327.68, 222.6, 163.93, 323.87, 172.78, 245.81, 98.02, 30.6, 63.9, 125, 64.56, 87.89, , , , , 
1/31/2020 7:12:58 AM, 3278, 9191, 1643.3, 327.68, 222.6, 163.93, 323.87, 172.78, 245.81, 98.02, 30.6, 63.9, 125, 64.56, 87.89, , , , , 
1/31/2020 7:13:01 AM, 3278, 9191, 1643.3, 327.68, 222.6, 163.93, 323.87, 172.78, 245.81, 98.02, 30.6, 63.9, 125, 64.56, 87.89, , , , , 
1/31/2020 7:13:04 AM, 3277.5, 9189.25, 1643.2, 327.68, 222.6, 163.93, 323.87, 172.78, 245.81, 98.02, 30.6, 63.9, 125, 64.56, 87.89, , , , , 
1/31/2020 7:13:07 AM, 3277.5, 9189.25, 1643.2, 327.68, 222.6, 163.93, 323.87, 172.78, 245.81, 98.02, 30.6, 63.9, 125, 64.56, 87.89, , , , , 
1/31/2020 7:13:11 AM, 3277.75, 9189.5, 1643.2, 327.68, 222.6, 163.93, 323.87, 172.78, 245.81, 98.02, 30.6, 63.9, 125, 64.56, 87.89, , , , , 
1/31/2020 7:13:14 AM, 3277.75, 9189.5, 1643.2, 327.68, 222.6, 163.93, 323.87, 172.78, 245.81, 98.02, 30.6, 63.9, 125, 64.56, 87.89, , , , , 
1/31/2020 7:13:17 AM, 3277.75, 9189.75, 1643.1, 327.68, 222.6, 163.93, 323.87, 172.78, 245.81, 98.02, 30.6, 63.9, 125, 64.56, 87.89, , , , , 
1/31/2020 7:13:20 AM, 3277.75, 9189.75, 1643.1, 327.68, 222.6, 163.93, 323.87, 172.78, 245.81, 98.02, 30.6, 63.9, 125, 64.56, 87.89, , , , , 
1/31/2020 7:13:23 AM, 3277.75, 9189.5, 1643.1, 327.68, 222.6, 163.93, 323.87, 172.78, 245.81, 98.02, 30.6, 63.9, 125, 64.56, 87.89, , , , , 
1/31/2020 7:13:26 AM, 3277.75, 9189.25, 1643.1, 327.68, 222.6, 163.93, 323.87, 172.78, 245.81, 98.02, 30.6, 63.9, 125, 64.56, 87.89, , , , , 
1/31/2020 7:13:29 AM, 3277.75, 9189.25, 1643.1, 327.68, 222.6, 163.93, 323.87, 172.78, 245.81, 98.02, 30.6, 63.9, 125, 64.56, 87.89, , , , , 
1/31/2020 7:13:32 AM, 3278.25, 9191.25, 1643.3, 327.68, 222.6, 163.93, 323.87, 172.78, 245.81, 98.02, 30.6, 63.9, 125, 64.56, 87.89, , , , , 
1/31/2020 7:13:35 AM, 3278, 9191, 1643.3, 327.68, 222.6, 163.93, 323.87, 172.78, 245.81, 98.02, 30.6, 63.9, 125, 64.56, 87.89, , , , , 
1/31/2020 7:13:38 AM, 3278, 9191.25, 1643.3, 327.68, 222.6, 163.93, 323.87, 172.78, 245.81, 98.02, 30.6, 63.9, 125, 64.56, 87.89, , , , , 
1/31/2020 7:13:41 AM, 3278, 9191.25, 1643.4, 327.68, 222.6, 163.93, 323.87, 172.78, 245.81, 98.02, 30.6, 63.9, 125, 64.56, 87.89, , , , , 
1/31/2020 7:13:44 AM, 3278.25, 9192.25, 1643.4, 327.68, 222.6, 163.93, 323.87, 172.78, 245.81, 98.02, 30.6, 63.9, 125, 64.56, 87.89, , , , , 
1/31/2020 7:13:47 AM, 3278.25, 9192.5, 1643.4, 327.68, 222.6, 163.93, 323.87, 172.78, 245.81, 98.02, 30.6, 63.9, 125, 64.56, 87.89, , , , , 
1/31/2020 7:13:50 AM, 3278.5, 9192.5, 1643.4, 327.68, 222.6, 163.93, 323.87, 172.78, 245.81, 98.02, 30.6, 63.9, 125, 64.56, 87.89, , , , , 
1/31/2020 7:13:53 AM, 3278.25, 9191.25, 1643.5, 327.68, 222.6, 163.93, 323.87, 172.78, 245.81, 98.02, 30.6, 63.9, 125, 64.56, 87.89, , , , , 
1/31/2020 7:13:56 AM, 3278.25, 9191.5, 1643.5, 327.68, 222.6, 163.93, 323.87, 172.78, 245.81, 98.02, 30.6, 63.9, 125, 64.56, 87.89, , , , , 
1/31/2020 7:13:59 AM, 3278.25, 9191.5, 1643.5, 327.68, 222.6, 163.93, 323.87, 172.78, 245.81, 98.02, 30.6, 63.9, 125, 64.56, 87.89, , , , , 
1/31/2020 7:14:02 AM, 3278.25, 9191.25, 1643.5, 327.68, 222.6, 163.93, 323.87, 172.78, 245.81, 98.02, 30.6, 63.9, 125, 64.56, 87.89, , , , , 
1/31/2020 7:14:05 AM, 3278.25, 9191.25, 1643.5, 327.68, 222.6, 163.93, 323.87, 172.78, 245.81, 98.02, 30.6, 63.9, 125, 64.56, 87.89, , , , , 
1/31/2020 7:14:08 AM, 3278, 9190.75, 1643.5, 327.68, 222.6, 163.93, 323.87, 172.78, 245.81, 98.02, 30.6, 63.9, 125, 64.56, 87.89, , , , , 
1/31/2020 7:14:11 AM, 3278, 9190.25, 1643.5, 327.68, 222.6, 163.93, 323.87, 172.78, 245.81, 98.02, 30.6, 63.9, 125, 64.56, 87.89, , , , , 
1/31/2020 7:14:14 AM, 3278, 9190.5, 1643.5, 327.68, 222.6, 163.93, 323.87, 172.78, 245.81, 98.02, 30.6, 63.9, 125, 64.56, 87.89, , , , , 
1/31/2020 7:14:17 AM, 3278.25, 9191, 1643.5, 327.68, 222.6, 163.93, 323.87, 172.78, 245.81, 98.02, 30.6, 63.9, 125, 64.56, 87.89, , , , , 
1/31/2020 7:14:20 AM, 3278.5, 9191.25, 1643.5, 327.68, 222.6, 163.93, 323.87, 172.78, 245.81, 98.02, 30.6, 63.9, 125, 64.56, 87.89, , , , , 
1/31/2020 7:14:23 AM, 3278.5, 9191.25, 1643.5, 327.68, 222.6, 163.93, 323.87, 172.78, 245.81, 98.02, 30.6, 63.9, 125, 64.56, 87.89, , , , , 
1/31/2020 7:14:26 AM, 3278, 9191, 1643.5, 327.68, 222.6, 163.93, 323.87, 172.78, 245.81, 98.02, 30.6, 63.9, 125, 64.56, 87.89, , , , , 
1/31/2020 7:14:29 AM, 3278.25, 9191, 1643.5, 327.68, 222.6, 163.93, 323.87, 172.78, 245.81, 98.02, 30.6, 63.9, 125, 64.56, 87.89, , , , , 
1/31/2020 7:14:32 AM, 3278.25, 9191, 1643.5, 327.68, 222.6, 163.93, 323.87, 172.78, 245.81, 98.02, 30.6, 63.9, 125, 64.56, 87.89, , , , , 
1/31/2020 7:14:35 AM, 3278.25, 9191, 1643.5, 327.68, 222.6, 163.93, 323.87, 172.78, 245.81, 98.02, 30.6, 63.9, 125, 64.56, 87.89, , , , , 
1/31/2020 7:14:38 AM, 3278.25, 9190.75, 1643.4, 327.68, 222.6, 163.93, 323.87, 172.78, 245.81, 98.02, 30.6, 63.9, 125, 64.56, 87.89, , , , , 
1/31/2020 7:14:41 AM, 3278.25, 9190.5, 1643.4, 327.68, 222.6, 163.93, 323.87, 172.78, 245.81, 98.02, 30.6, 63.9, 125, 64.56, 87.89, , , , , 
1/31/2020 7:14:44 AM, 3278.25, 9191.25, 1643.5, 327.68, 222.6, 163.93, 323.87, 172.78, 245.81, 98.02, 30.6, 63.9, 125, 64.56, 87.89, , , , , 
1/31/2020 7:14:47 AM, 3278.25, 9191, 1643.5, 327.68, 222.6, 163.93, 323.87, 172.78, 245.81, 98.02, 30.6, 63.9, 125, 64.56, 87.89, , , , , 
1/31/2020 7:14:50 AM, 3278.25, 9191.5, 1643.5, 327.68, 222.6, 163.93, 323.87, 172.78, 245.81, 98.02, 30.6, 63.9, 125, 64.56, 87.89, , , , , 
1/31/2020 7:14:53 AM, 3278.25, 9191.5, 1643.5, 327.68, 222.6, 163.93, 323.87, 172.78, 245.81, 98.02, 30.6, 63.9, 125, 64.56, 87.89, , , , , 
1/31/2020 7:14:56 AM, 3278.75, 9192.75, 1643.6, 327.68, 222.6, 163.93, 323.87, 172.78, 245.81, 98.02, 30.6, 63.9, 125, 64.56, 87.89, , , , , 
1/31/2020 7:14:59 AM, 3278.75, 9192.75, 1643.6, 327.68, 222.6, 163.93, 323.87, 172.78, 245.81, 98.02, 30.6, 63.9, 125, 64.56, 87.89, , , , , 
1/31/2020 7:15:02 AM, 3278.75, 9192.75, 1643.5, 327.68, 222.6, 163.93, 323.87, 172.78, 245.81, 98.02, 30.6, 63.9, 125, 64.56, 87.89, , , , , 
1/31/2020 7:15:05 AM, 3278.75, 9193.5, 1643.6, 327.68, 222.6, 163.93, 323.87, 172.78, 245.81, 98.02, 30.6, 63.9, 125, 64.56, 87.89, , , , , 
1/31/2020 7:15:08 AM, 3278.75, 9193.75, 1643.6, 327.68, 222.6, 163.93, 323.87, 172.78, 245.81, 98.02, 30.6, 63.9, 125, 64.56, 87.89, , , , , 
1/31/2020 7:15:11 AM, 3278.75, 9193.75, 1643.6, 327.68, 222.6, 163.93, 323.87, 172.78, 245.81, 98.02, 30.6, 63.9, 125, 64.56, 87.89, , , , , 
1/31/2020 7:15:14 AM, 3278.75, 9193, 1643.6, 327.68, 222.6, 163.93, 323.87, 172.78, 245.81, 98.02, 30.6, 63.9, 125, 64.56, 87.89, , , , , 
1/31/2020 7:15:17 AM, 3278.75, 9192.75, 1643.6, 327.68, 222.6, 163.93, 323.87, 172.78, 245.81, 98.02, 30.6, 63.9, 125, 64.56, 87.89, , , , , 
1/31/2020 7:15:20 AM, 3278.5, 9192.25, 1643.6, 327.68, 222.6, 163.93, 323.87, 172.78, 245.81, 98.02, 30.6, 63.9, 125, 64.56, 87.89, , , , , 
1/31/2020 7:15:23 AM, 3278.5, 9192.5, 1643.5, 327.68, 222.6, 163.93, 323.87, 172.78, 245.81, 98.02, 30.6, 63.9, 125, 64.56, 87.89, , , , , 
1/31/2020 7:15:27 AM, 3278.5, 9193, 1643.6, 327.68, 222.6, 163.93, 323.87, 172.78, 245.81, 98.02, 30.6, 63.9, 125, 64.56, 87.89, , , , , 
1/31/2020 7:15:30 AM, 3278.5, 9193, 1643.6, 327.68, 222.6, 163.93, 323.87, 172.78, 245.81, 98.02, 30.6, 63.9, 125, 64.56, 87.89, , , , , 
1/31/2020 7:15:33 AM, 3278.75, 9193.25, 1643.6, 327.68, 222.6, 163.93, 323.87, 172.78, 245.81, 98.02, 30.6, 63.9, 125, 64.56, 87.89, , , , , 
1/31/2020 7:15:36 AM, 3278.5, 9193.5, 1643.6, 327.68, 222.6, 163.93, 323.87, 172.78, 245.81, 98.02, 30.6, 63.9, 125, 64.56, 87.89, , , , , 
1/31/2020 7:15:39 AM, 3278.5, 9193.75, 1643.6, 327.68, 222.6, 163.93, 323.87, 172.78, 245.81, 98.02, 30.6, 63.9, 125, 64.56, 87.89, , , , , 
1/31/2020 7:15:42 AM, 3278.75, 9193.75, 1643.6, 327.68, 222.6, 163.93, 323.87, 172.78, 245.81, 98.02, 30.6, 63.9, 125, 64.56, 87.89, , , , , 
1/31/2020 7:15:45 AM, 3278.75, 9194.25, 1643.7, 327.68, 222.6, 163.93, 323.87, 172.78, 245.81, 98.02, 30.6, 63.9, 125, 64.56, 87.89, , , , , 
1/31/2020 7:15:48 AM, 3278.5, 9193.5, 1643.6, 327.68, 222.6, 163.93, 323.87, 172.78, 245.81, 98.02, 30.6, 63.9, 125, 64.56, 87.89, , , , , 
1/31/2020 7:15:51 AM, 3278.75, 9193.25, 1643.6, 327.68, 222.6, 163.93, 323.87, 172.78, 245.81, 98.02, 30.6, 63.9, 125, 64.56, 87.89, , , , , 
1/31/2020 7:15:54 AM, 3278.5, 9193, 1643.6, 327.68, 222.6, 163.93, 323.87, 172.78, 245.81, 98.02, 30.6, 63.9, 125, 64.56, 87.89, , , , , 
1/31/2020 7:15:57 AM, 3278.75, 9193.5, 1643.6, 327.68, 222.6, 163.93, 323.87, 172.78, 245.81, 98.02, 30.6, 63.9, 125, 64.56, 87.89, , , , , 
1/31/2020 7:16:00 AM, 3278.5, 9193.25, 1643.5, 327.68, 222.6, 163.93, 323.87, 172.78, 245.81, 98.02, 30.6, 63.9, 125, 64.56, 87.89, , , , , 
1/31/2020 7:16:03 AM, 3278.5, 9193.75, 1643.5, 327.68, 222.6, 163.93, 323.87, 172.78, 245.81, 98.02, 30.6, 63.9, 125, 64.56, 87.89, , , , , 
1/31/2020 7:16:06 AM, 3278.5, 9192.75, 1643.3, 327.68, 222.6, 163.93, 323.87, 172.78, 245.81, 98.02, 30.6, 63.9, 125, 64.56, 87.89, , , , , 
1/31/2020 7:16:09 AM, 3278.25, 9193.25, 1643.4, 327.68, 222.6, 163.93, 323.87, 172.78, 245.81, 98.02, 30.6, 63.9, 125, 64.56, 87.89, , , , , 
1/31/2020 7:16:12 AM, 3278.5, 9193.25, 1643.4, 327.68, 222.6, 163.93, 323.87, 172.78, 245.81, 98.02, 30.6, 63.9, 125, 64.56, 87.89, , , , , 
1/31/2020 7:16:15 AM, 3278.25, 9193, 1643.4, 327.68, 222.6, 163.93, 323.87, 172.78, 245.81, 98.02, 30.6, 63.9, 125, 64.56, 87.89, , , , , 
1/31/2020 7:16:18 AM, 3278.25, 9193.25, 1643.5, 327.68, 222.6, 163.93, 323.87, 172.78, 245.81, 98.02, 30.6, 63.9, 125, 64.56, 87.89, , , , , 
1/31/2020 7:16:21 AM, 3278.5, 9193.5, 1643.5, 327.68, 222.6, 163.93, 323.87, 172.78, 245.81, 98.02, 30.6, 63.9, 125, 64.56, 87.89, , , , , 
1/31/2020 7:16:24 AM, 3278.5, 9193.5, 1643.5, 327.68, 222.6, 163.93, 323.87, 172.78, 245.81, 98.02, 30.6, 63.9, 125, 64.56, 87.89, , , , , 
1/31/2020 7:16:27 AM, 3278.75, 9194.5, 1643.6, 327.68, 222.6, 163.93, 323.87, 172.78, 245.81, 98.02, 30.6, 63.9, 125, 64.56, 87.89, , , , , 
1/31/2020 7:16:30 AM, 3278.5, 9194, 1643.6, 327.68, 222.6, 163.93, 323.87, 172.78, 245.81, 98.02, 30.6, 63.9, 125, 64.56, 87.89, , , , , 
1/31/2020 7:16:33 AM, 3278.5, 9193.5, 1643.5, 327.68, 222.6, 163.93, 323.87, 172.78, 245.81, 98.02, 30.6, 63.9, 125, 64.56, 87.89, , , , , 
1/31/2020 7:16:36 AM, 3278.25, 9193.5, 1643.3, 327.68, 222.6, 163.93, 323.87, 172.78, 245.81, 98.02, 30.6, 63.9, 125, 64.56, 87.89, , , , , 
1/31/2020 7:16:39 AM, 3278.25, 9193.75, 1643.3, 327.68, 222.6, 163.93, 323.87, 172.78, 245.81, 98.02, 30.6, 63.9, 125, 64.56, 87.89, , , , , 
1/31/2020 7:16:42 AM, 3278.5, 9194, 1643.5, 327.68, 222.6, 163.93, 323.87, 172.78, 245.81, 98.02, 30.6, 63.9, 125, 64.56, 87.89, , , , , 
1/31/2020 7:16:45 AM, 3278.75, 9194.25, 1643.5, 327.68, 222.6, 163.93, 323.87, 172.78, 245.81, 98.02, 30.6, 63.9, 125, 64.56, 87.89, , , , , 
1/31/2020 7:16:48 AM, 3278.5, 9194.25, 1643.5, 327.68, 222.6, 163.93, 323.87, 172.78, 245.81, 98.02, 30.6, 63.9, 125, 64.56, 87.89, , , , , 
1/31/2020 7:16:51 AM, 3278.75, 9194.75, 1643.5, 327.68, 222.6, 163.93, 323.87, 172.78, 245.81, 98.02, 30.6, 63.9, 125, 64.56, 87.89, , , , , 
1/31/2020 7:16:54 AM, 3278.75, 9194.75, 1643.4, 327.68, 222.6, 163.93, 323.87, 172.78, 245.81, 98.02, 30.6, 63.9, 125, 64.56, 87.89, , , , , 
1/31/2020 7:16:57 AM, 3278.75, 9194.5, 1643.5, 327.68, 222.6, 163.93, 323.87, 172.78, 245.81, 98.02, 30.6, 63.9, 125, 64.56, 87.89, , , , , 
1/31/2020 7:17:00 AM, 3278.5, 9193.75, 1643.5, 327.68, 222.6, 163.93, 323.87, 172.78, 245.81, 98.02, 30.6, 63.9, 125, 64.56, 87.89, , , , , 
1/31/2020 7:17:03 AM, 3278.5, 9193.5, 1643.4, 327.68, 222.6, 163.93, 323.87, 172.78, 245.81, 98.02, 30.6, 63.9, 125, 64.56, 87.89, , , , , 
1/31/2020 7:17:06 AM, 3278.25, 9193.25, 1643.3, 327.68, 222.6, 163.93, 323.87, 172.78, 245.81, 98.02, 30.6, 63.9, 125, 64.56, 87.89, , , , , 
1/31/2020 7:17:09 AM, 3278.5, 9192.75, 1643.4, 327.68, 222.6, 163.93, 323.87, 172.78, 245.81, 98.02, 30.6, 63.9, 125, 64.56, 87.89, , , , , 
1/31/2020 7:17:12 AM, 3278.5, 9193, 1643.3, 327.68, 222.6, 163.93, 323.87, 172.78, 245.81, 98.02, 30.6, 63.9, 125, 64.56, 87.89, , , , , 
1/31/2020 7:17:15 AM, 3278.5, 9193, 1643.3, 327.68, 222.6, 163.93, 323.87, 172.78, 245.81, 98.02, 30.6, 63.9, 125, 64.56, 87.89, , , , , 
1/31/2020 7:17:18 AM, 3278.5, 9193, 1643.3, 327.68, 222.6, 163.93, 323.87, 172.78, 245.81, 98.02, 30.6, 63.9, 125, 64.56, 87.89, , , , , 
1/31/2020 7:17:21 AM, 3278.5, 9193.25, 1643.3, 327.68, 222.6, 163.93, 323.87, 172.78, 245.81, 98.02, 30.6, 63.9, 125, 64.56, 87.89, , , , , 
1/31/2020 7:17:24 AM, 3278.5, 9193, 1643.3, 327.68, 222.6, 163.93, 323.87, 172.78, 245.81, 98.02, 30.6, 63.9, 125, 64.56, 87.89, , , , , 
1/31/2020 7:17:27 AM, 3278, 9192.75, 1643.3, 327.68, 222.6, 163.93, 323.87, 172.78, 245.81, 98.02, 30.6, 63.9, 125, 64.56, 87.89, , , , , 
1/31/2020 7:17:30 AM, 3278.25, 9193.25, 1643.3, 327.68, 222.6, 163.93, 323.87, 172.78, 245.81, 98.02, 30.6, 63.9, 125, 64.56, 87.89, , , , , 
1/31/2020 7:17:33 AM, 3278.25, 9193.5, 1643.3, 327.68, 222.6, 163.93, 323.87, 172.78, 245.81, 98.02, 30.6, 63.9, 125, 64.56, 87.89, , , , , 
1/31/2020 7:17:37 AM, 3278.25, 9193.25, 1643.3, 327.68, 222.6, 163.93, 323.87, 172.78, 245.81, 98.02, 30.6, 63.9, 125, 64.56, 87.89, , , , , 
1/31/2020 7:17:40 AM, 3278.25, 9193.25, 1643.3, 327.68, 222.6, 163.93, 323.87, 172.78, 245.81, 98.02, 30.6, 63.9, 125, 64.56, 87.89, , , , , 
1/31/2020 7:17:43 AM, 3278.5, 9193.25, 1643.3, 327.68, 222.6, 163.93, 323.87, 172.78, 245.81, 98.02, 30.6, 63.9, 125, 64.56, 87.89, , , , , 
1/31/2020 7:17:46 AM, 3278.5, 9193, 1643.4, 327.68, 222.6, 163.93, 323.87, 172.78, 245.81, 98.02, 30.6, 63.9, 125, 64.56, 87.89, , , , , 
1/31/2020 7:17:49 AM, 3278.5, 9193.75, 1643.4, 327.68, 222.6, 163.93, 323.87, 172.78, 245.81, 98.02, 30.6, 63.9, 125, 64.56, 87.89, , , , , 
1/31/2020 7:17:52 AM, 3278.5, 9194, 1643.4, 327.68, 222.6, 163.93, 323.87, 172.78, 245.81, 98.02, 30.6, 63.9, 125, 64.56, 87.89, , , , , 
1/31/2020 7:17:55 AM, 3278.5, 9194, 1643.5, 327.68, 222.6, 163.93, 323.87, 172.78, 245.81, 98.02, 30.6, 63.9, 125, 64.56, 87.89, , , , , 
1/31/2020 7:17:58 AM, 3278.75, 9194.75, 1643.5, 327.68, 222.6, 163.93, 323.87, 172.78, 245.81, 98.02, 30.6, 63.9, 125, 64.56, 87.89, , , , , 
1/31/2020 7:18:01 AM, 3278.75, 9193.75, 1643.4, 327.68, 222.6, 163.93, 323.87, 172.78, 245.81, 98.02, 30.6, 63.9, 125, 64.56, 87.89, , , , , 
1/31/2020 7:18:04 AM, 3278.75, 9194.25, 1643.5, 327.68, 222.6, 163.93, 323.87, 172.78, 245.81, 98.02, 30.6, 63.9, 125, 64.56, 87.89, , , , , 
1/31/2020 7:18:07 AM, 3278.75, 9194.25, 1643.5, 327.68, 222.6, 163.93, 323.87, 172.78, 245.81, 98.02, 30.6, 63.9, 125, 64.56, 87.89, , , , , 
1/31/2020 7:18:10 AM, 3278.5, 9193.25, 1643.3, 327.68, 222.6, 163.93, 323.87, 172.78, 245.81, 98.02, 30.6, 63.9, 125, 64.56, 87.89, , , , , 
1/31/2020 7:18:13 AM, 3278.5, 9193.25, 1643.3, 327.68, 222.6, 163.93, 323.87, 172.78, 245.81, 98.02, 30.6, 63.9, 125, 64.56, 87.89, , , , , 
1/31/2020 7:18:16 AM, 3278.5, 9193.75, 1643.3, 327.68, 222.6, 163.93, 323.87, 172.78, 245.81, 98.02, 30.6, 63.9, 125, 64.56, 87.89, , , , , 
1/31/2020 7:18:19 AM, 3278.5, 9193.75, 1643.3, 327.68, 222.6, 163.93, 323.87, 172.78, 245.81, 98.02, 30.6, 63.9, 125, 64.56, 87.89, , , , , 
1/31/2020 7:18:22 AM, 3278.25, 9193.25, 1643.3, 327.68, 222.6, 163.93, 323.87, 172.78, 245.81, 98.02, 30.6, 63.9, 125, 64.56, 87.89, , , , , 
1/31/2020 7:18:25 AM, 3278.25, 9193.25, 1643.3, 327.68, 222.6, 163.93, 323.87, 172.78, 245.81, 98.02, 30.6, 63.9, 125, 64.56, 87.89, , , , , 
1/31/2020 7:18:28 AM, 3278.25, 9193.75, 1643.3, 327.68, 222.6, 163.93, 323.87, 172.78, 245.81, 98.02, 30.6, 63.9, 125, 64.56, 87.89, , , , , 
1/31/2020 7:18:31 AM, 3278.25, 9194, 1643.3, 327.68, 222.6, 163.93, 323.87, 172.78, 245.81, 98.02, 30.6, 63.9, 125, 64.56, 87.89, , , , , 
1/31/2020 7:18:34 AM, 3278.25, 9194.25, 1643.3, 327.68, 222.6, 163.93, 323.87, 172.78, 245.81, 98.02, 30.6, 63.9, 125, 64.56, 87.89, , , , , 
1/31/2020 7:18:37 AM, 3278.25, 9194.25, 1643.3, 327.68, 222.6, 163.93, 323.87, 172.78, 245.81, 98.02, 30.6, 63.9, 125, 64.56, 87.89, , , , , 
1/31/2020 7:18:40 AM, 3278.25, 9194.25, 1643.2, 327.68, 222.6, 163.93, 323.87, 172.78, 245.81, 98.02, 30.6, 63.9, 125, 64.56, 87.89, , , , , 
1/31/2020 7:18:43 AM, 3278.25, 9193.75, 1643.2, 327.68, 222.6, 163.93, 323.87, 172.78, 245.81, 98.02, 30.6, 63.9, 125, 64.56, 87.89, , , , , 
1/31/2020 7:18:46 AM, 3278.25, 9193.75, 1643.2, 327.68, 222.6, 163.93, 323.87, 172.78, 245.81, 98.02, 30.6, 63.9, 125, 64.56, 87.89, , , , , 
1/31/2020 7:18:49 AM, 3278.5, 9194.5, 1643.2, 327.68, 222.6, 163.93, 323.87, 172.78, 245.81, 98.02, 30.6, 63.9, 125, 64.56, 87.89, , , , , 
1/31/2020 7:18:52 AM, 3278.25, 9194.5, 1643.4, 327.68, 222.6, 163.93, 323.87, 172.78, 245.81, 98.02, 30.6, 63.9, 125, 64.56, 87.89, , , , , 
1/31/2020 7:18:55 AM, 3278.25, 9194.25, 1643.4, 327.68, 222.6, 163.93, 323.87, 172.78, 245.81, 98.02, 30.6, 63.9, 125, 64.56, 87.89, , , , , 
1/31/2020 7:18:58 AM, 3278.25, 9194.25, 1643.4, 327.68, 222.6, 163.93, 323.87, 172.78, 245.81, 98.02, 30.6, 63.9, 125, 64.56, 87.89, , , , , 
1/31/2020 7:19:01 AM, 3278.25, 9194.25, 1643.4, 327.68, 222.6, 163.93, 323.87, 172.78, 245.81, 98.02, 30.6, 63.9, 125, 64.56, 87.89, , , , , 
1/31/2020 7:19:04 AM, 3278.5, 9196.25, 1643.4, 327.68, 222.6, 163.93, 323.87, 172.78, 245.81, 98.02, 30.6, 63.9, 125, 64.56, 87.89, , , , , 
1/31/2020 7:19:07 AM, 3278.5, 9196.25, 1643.4, 327.68, 222.6, 163.93, 323.87, 172.78, 245.81, 98.02, 30.6, 63.9, 125, 64.56, 87.89, , , , , 
1/31/2020 7:19:10 AM, 3278.75, 9196, 1643.4, 327.68, 222.6, 163.93, 323.87, 172.78, 245.81, 98.02, 30.6, 63.9, 125, 64.56, 87.89, , , , , 
1/31/2020 7:19:13 AM, 3278.75, 9196, 1643.4, 327.68, 222.6, 163.93, 323.87, 172.78, 245.81, 98.02, 30.6, 63.9, 125, 64.56, 87.89, , , , , 
1/31/2020 7:19:16 AM, 3279, 9196, 1643.6, 327.68, 222.6, 163.93, 323.87, 172.78, 245.81, 98.02, 30.6, 63.9, 125, 64.56, 87.89, , , , , 
1/31/2020 7:19:19 AM, 3279, 9196, 1643.6, 327.68, 222.6, 163.93, 323.87, 172.78, 245.81, 98.02, 30.6, 63.9, 125, 64.56, 87.89, , , , , 
1/31/2020 7:19:22 AM, 3278.75, 9196.5, 1643.5, 327.68, 222.6, 163.93, 323.87, 172.78, 245.81, 98.02, 30.6, 63.9, 125, 64.56, 87.89, , , , , 
1/31/2020 7:19:25 AM, 3278.75, 9196, 1643.5, 327.68, 222.6, 163.93, 323.87, 172.78, 245.81, 98.02, 30.6, 63.9, 125, 64.56, 87.89, , , , , 
1/31/2020 7:19:28 AM, 3278.75, 9196, 1643.4, 327.68, 222.6, 163.93, 323.87, 172.78, 245.81, 98.02, 30.6, 63.9, 125, 64.56, 87.89, , , , , 
1/31/2020 7:19:31 AM, 3278.75, 9196, 1643.4, 327.68, 222.6, 163.93, 323.87, 172.78, 245.81, 98.02, 30.6, 63.9, 125, 64.56, 87.89, , , , , 
1/31/2020 7:19:34 AM, 3278.5, 9195.5, 1643.4, 327.68, 222.6, 163.93, 323.87, 172.78, 245.81, 98.02, 30.6, 63.9, 125, 64.56, 87.89, , , , , 
1/31/2020 7:19:37 AM, 3278.5, 9195.5, 1643.4, 327.68, 222.6, 163.93, 323.87, 172.78, 245.81, 98.02, 30.6, 63.9, 125, 64.56, 87.89, , , , , 
1/31/2020 7:19:40 AM, 3278.5, 9195.75, 1643.4, 327.68, 222.6, 163.93, 323.87, 172.78, 245.81, 98.02, 30.6, 63.9, 125, 64.56, 87.89, , , , , 
1/31/2020 7:19:43 AM, 3278.5, 9195.75, 1643.4, 327.68, 222.6, 163.93, 323.87, 172.78, 245.81, 98.02, 30.6, 63.9, 125, 64.56, 87.89, , , , , 
1/31/2020 7:19:46 AM, 3278.75, 9195.75, 1643.4, 327.68, 222.6, 163.93, 323.87, 172.78, 245.81, 98.02, 30.6, 63.9, 125, 64.56, 87.89, , , , , 
1/31/2020 7:19:49 AM, 3278.75, 9195.75, 1643.4, 327.68, 222.6, 163.93, 323.87, 172.78, 245.81, 98.02, 30.6, 63.9, 125, 64.56, 87.89, , , , , 
1/31/2020 7:19:52 AM, 3278.75, 9196.5, 1643.6, 327.68, 222.6, 163.93, 323.87, 172.78, 245.81, 98.02, 30.6, 63.9, 125, 64.56, 87.89, , , , , 
1/31/2020 7:19:55 AM, 3278.75, 9196.5, 1643.6, 327.68, 222.6, 163.93, 323.87, 172.78, 245.81, 98.02, 30.6, 63.9, 125, 64.56, 87.89, , , , , 
1/31/2020 7:19:58 AM, 3278.75, 9196.5, 1643.6, 327.68, 222.6, 163.93, 323.87, 172.78, 245.81, 98.02, 30.6, 63.9, 125, 64.56, 87.89, , , , , 
1/31/2020 7:20:01 AM, 3278.75, 9196.5, 1643.6, 327.68, 222.6, 163.93, 323.87, 172.78, 245.81, 98.02, 30.6, 63.9, 125, 64.56, 87.89, , , , , 
1/31/2020 7:20:04 AM, 3278.75, 9196.75, 1643.5, 327.68, 222.6, 163.93, 323.87, 172.78, 245.81, 98.02, 30.6, 63.9, 125, 64.56, 87.89, , , , , 
1/31/2020 7:20:08 AM, 3278.75, 9196.75, 1643.5, 327.68, 222.6, 163.93, 323.87, 172.78, 245.81, 98.02, 30.6, 63.9, 125, 64.56, 87.89, , , , , 
1/31/2020 7:20:11 AM, 3278.75, 9196.5, 1643.5, 327.68, 222.6, 163.93, 323.87, 172.78, 245.81, 98.02, 30.6, 63.9, 125, 64.56, 87.89, , , , , 
1/31/2020 7:20:14 AM, 3278.75, 9195, 1643.5, 327.68, 222.6, 163.93, 323.87, 172.78, 245.81, 98.02, 30.6, 63.9, 125, 64.56, 87.89, , , , , 
1/31/2020 7:20:17 AM, 3278.75, 9195.25, 1643.6, 327.68, 222.6, 163.93, 323.87, 172.78, 245.81, 98.02, 30.6, 63.9, 125, 64.56, 87.89, , , , , 
1/31/2020 7:20:20 AM, 3278.5, 9194.5, 1643.4, 327.68, 222.6, 163.93, 323.87, 172.78, 245.81, 98.02, 30.6, 63.9, 125, 64.56, 87.89, , , , , 
1/31/2020 7:20:23 AM, 3278.5, 9194.5, 1643.4, 327.68, 222.6, 163.93, 323.87, 172.78, 245.81, 98.02, 30.6, 63.9, 125, 64.56, 87.89, , , , , 
1/31/2020 7:20:26 AM, 3278.75, 9195.25, 1643.5, 327.68, 222.6, 163.93, 323.87, 172.78, 245.81, 98.02, 30.6, 63.9, 125, 64.56, 87.89, , , , , 
1/31/2020 7:20:29 AM, 3278.75, 9196, 1643.5, 327.68, 222.6, 163.93, 323.87, 172.78, 245.81, 98.02, 30.6, 63.9, 125, 64.56, 87.89, , , , , 
1/31/2020 7:20:32 AM, 3278.75, 9196, 1643.5, 327.68, 222.6, 163.93, 323.87, 172.78, 245.81, 98.02, 30.6, 63.9, 125, 64.56, 87.89, , , , , 
1/31/2020 7:20:35 AM, 3278.75, 9195.75, 1643.5, 327.68, 222.6, 163.93, 323.87, 172.78, 245.81, 98.02, 30.6, 63.9, 125, 64.56, 87.89, , , , , 
1/31/2020 7:20:38 AM, 3278.75, 9196.25, 1643.5, 327.68, 222.6, 163.93, 323.87, 172.78, 245.81, 98.02, 30.6, 63.9, 125, 64.56, 87.89, , , , , 
1/31/2020 7:20:41 AM, 3278.75, 9196.25, 1643.5, 327.68, 222.6, 163.93, 323.87, 172.78, 245.81, 98.02, 30.6, 63.9, 125, 64.56, 87.89, , , , , 
1/31/2020 7:20:44 AM, 3279, 9196.25, 1643.5, 327.68, 222.6, 163.93, 323.87, 172.78, 245.81, 98.02, 30.6, 63.9, 125, 64.56, 87.89, , , , , 
1/31/2020 7:20:47 AM, 3278.75, 9195.75, 1643.5, 327.68, 222.6, 163.93, 323.87, 172.78, 245.81, 98.02, 30.6, 63.9, 125, 64.56, 87.89, , , , , 
1/31/2020 7:20:50 AM, 3278.75, 9195.5, 1643.5, 327.68, 222.6, 163.93, 323.87, 172.78, 245.81, 98.02, 30.6, 63.9, 125, 64.56, 87.89, , , , , 
1/31/2020 7:20:53 AM, 3278.75, 9196, 1643.5, 327.68, 222.6, 163.93, 323.87, 172.78, 245.81, 98.02, 30.6, 63.9, 125, 64.56, 87.89, , , , , 
1/31/2020 7:20:56 AM, 3278.75, 9196, 1643.5, 327.68, 222.6, 163.93, 323.87, 172.78, 245.81, 98.02, 30.6, 63.9, 125, 64.56, 87.89, , , , , 
1/31/2020 7:20:59 AM, 3279, 9196.25, 1643.7, 327.68, 222.6, 163.93, 323.87, 172.78, 245.81, 98.02, 30.6, 63.9, 125, 64.56, 87.89, , , , , 
1/31/2020 7:21:02 AM, 3279.25, 9196.25, 1643.7, 327.68, 222.6, 163.93, 323.87, 172.78, 245.81, 98.02, 30.6, 63.9, 125, 64.56, 87.89, , , , , 
1/31/2020 7:21:05 AM, 3279.25, 9196.25, 1643.7, 327.68, 222.6, 163.93, 323.87, 172.78, 245.81, 98.02, 30.6, 63.9, 125, 64.56, 87.89, , , , , 
1/31/2020 7:21:08 AM, 3279.25, 9196.75, 1643.9, 327.68, 222.6, 163.93, 323.87, 172.78, 245.81, 98.02, 30.6, 63.9, 125, 64.56, 87.89, , , , , 
1/31/2020 7:21:11 AM, 3279.25, 9196.75, 1643.9, 327.68, 222.6, 163.93, 323.87, 172.78, 245.81, 98.02, 30.6, 63.9, 125, 64.56, 87.89, , , , , 
1/31/2020 7:21:14 AM, 3279.25, 9196.25, 1643.7, 327.68, 222.6, 163.93, 323.87, 172.78, 245.81, 98.02, 30.6, 63.9, 125, 64.56, 87.89, , , , , 
1/31/2020 7:21:17 AM, 3279.25, 9196.25, 1643.7, 327.68, 222.6, 163.93, 323.87, 172.78, 245.81, 98.02, 30.6, 63.9, 125, 64.56, 87.89, , , , , 
1/31/2020 7:21:20 AM, 3279, 9195, 1643.5, 327.68, 222.6, 163.93, 323.87, 172.78, 245.81, 98.02, 30.6, 63.9, 125, 64.56, 87.89, , , , , 
1/31/2020 7:21:23 AM, 3279, 9194.75, 1643.5, 327.68, 222.6, 163.93, 323.87, 172.78, 245.81, 98.02, 30.6, 63.9, 125, 64.56, 87.89, , , , , 
1/31/2020 7:21:26 AM, 3278.75, 9194, 1643.5, 327.68, 222.6, 163.93, 323.87, 172.78, 245.81, 98.02, 30.6, 63.9, 125, 64.56, 87.89, , , , , 
1/31/2020 7:21:29 AM, 3278.75, 9194.25, 1643.5, 327.68, 222.6, 163.93, 323.87, 172.78, 245.81, 98.02, 30.6, 63.9, 125, 64.56, 87.89, , , , , 
1/31/2020 7:21:32 AM, 3278.5, 9193.75, 1643.4, 327.68, 222.6, 163.93, 323.87, 172.78, 245.81, 98.02, 30.6, 63.9, 125, 64.56, 87.89, , , , , 
1/31/2020 7:21:35 AM, 3278.75, 9193.75, 1643.3, 327.68, 222.6, 163.93, 323.87, 172.78, 245.81, 98.02, 30.6, 63.9, 125, 64.56, 87.89, , , , , 
1/31/2020 7:21:38 AM, 3278.5, 9193.5, 1643.3, 327.68, 222.6, 163.93, 323.87, 172.78, 245.81, 98.02, 30.6, 63.9, 125, 64.56, 87.89, , , , , 
1/31/2020 7:21:41 AM, 3278.5, 9194.25, 1643.3, 327.68, 222.6, 163.93, 323.87, 172.78, 245.81, 98.02, 30.6, 63.9, 125, 64.56, 87.89, , , , , 
1/31/2020 7:21:44 AM, 3278.75, 9194.75, 1643.5, 327.68, 222.6, 163.93, 323.87, 172.78, 245.81, 98.02, 30.6, 63.9, 125, 64.56, 87.89, , , , , 
1/31/2020 7:21:47 AM, 3279, 9195, 1643.5, 327.68, 222.6, 163.93, 323.87, 172.78, 245.81, 98.02, 30.6, 63.9, 125, 64.56, 87.89, , , , , 
1/31/2020 7:21:50 AM, 3278.75, 9194.75, 1643.5, 327.68, 222.6, 163.93, 323.87, 172.78, 245.81, 98.02, 30.6, 63.9, 125, 64.56, 87.89, , , , , 
1/31/2020 7:21:53 AM, 3278.75, 9194.75, 1643.6, 327.68, 222.6, 163.93, 323.87, 172.78, 245.81, 98.02, 30.6, 63.9, 125, 64.56, 87.89, , , , , 
1/31/2020 7:21:56 AM, 3279, 9195.75, 1643.6, 327.68, 222.6, 163.93, 323.87, 172.78, 245.81, 98.02, 30.6, 63.9, 125, 64.56, 87.89, , , , , 
1/31/2020 7:21:59 AM, 3279, 9195.75, 1643.6, 327.68, 222.6, 163.93, 323.87, 172.78, 245.81, 98.02, 30.6, 63.9, 125, 64.56, 87.89, , , , , 
1/31/2020 7:22:02 AM, 3278.75, 9195.75, 1643.6, 327.68, 222.6, 163.93, 323.87, 172.78, 245.81, 98.02, 30.6, 63.9, 125, 64.56, 87.89, , , , , 
1/31/2020 7:22:05 AM, 3279, 9196.5, 1643.7, 327.68, 222.6, 163.93, 323.87, 172.78, 245.81, 98.02, 30.6, 63.9, 125, 64.56, 87.89, , , , , 
1/31/2020 7:22:08 AM, 3279, 9196, 1643.7, 327.68, 222.6, 163.93, 323.87, 172.78, 245.81, 98.02, 30.6, 63.9, 125, 64.56, 87.89, , , , , 
1/31/2020 7:22:11 AM, 3279.25, 9196.25, 1643.7, 327.68, 222.6, 163.93, 323.87, 172.78, 245.81, 98.02, 30.6, 63.9, 125, 64.56, 87.89, , , , , 
1/31/2020 7:22:14 AM, 3279, 9196, 1643.7, 327.68, 222.6, 163.93, 323.87, 172.78, 245.81, 98.02, 30.6, 63.9, 125, 64.56, 87.89, , , , , 
1/31/2020 7:22:18 AM, 3279, 9196, 1643.7, 327.68, 222.6, 163.93, 323.87, 172.78, 245.81, 98.02, 30.6, 63.9, 125, 64.56, 87.89, , , , , 
1/31/2020 7:22:21 AM, 3278.75, 9195.5, 1643.6, 327.68, 222.6, 163.93, 323.87, 172.78, 245.81, 98.02, 30.6, 63.9, 125, 64.56, 87.89, , , , , 
1/31/2020 7:22:24 AM, 3278.75, 9195.5, 1643.6, 327.68, 222.6, 163.93, 323.87, 172.78, 245.81, 98.02, 30.6, 63.9, 125, 64.56, 87.89, , , , , 
1/31/2020 7:22:27 AM, 3278.75, 9195.5, 1643.6, 327.68, 222.6, 163.93, 323.87, 172.78, 245.81, 98.02, 30.6, 63.9, 125, 64.56, 87.89, , , , , 
1/31/2020 7:22:30 AM, 3278.75, 9195.5, 1643.6, 327.68, 222.6, 163.93, 323.87, 172.78, 245.81, 98.02, 30.6, 63.9, 125, 64.56, 87.89, , , , , 
1/31/2020 7:22:33 AM, 3278.5, 9194.5, 1643.4, 327.68, 222.6, 163.93, 323.87, 172.78, 245.81, 98.02, 30.6, 63.9, 125, 64.56, 87.89, , , , , 
1/31/2020 7:22:36 AM, 3278.75, 9195, 1643.4, 327.68, 222.6, 163.93, 323.87, 172.78, 245.81, 98.02, 30.6, 63.9, 125, 64.56, 87.89, , , , , 
1/31/2020 7:22:39 AM, 3278.5, 9194.25, 1643.4, 327.68, 222.6, 163.93, 323.87, 172.78, 245.81, 98.02, 30.6, 63.9, 125, 64.56, 87.89, , , , , 
1/31/2020 7:22:42 AM, 3278.5, 9194, 1643.3, 327.68, 222.6, 163.93, 323.87, 172.78, 245.81, 98.02, 30.6, 63.9, 125, 64.56, 87.89, , , , , 
1/31/2020 7:22:45 AM, 3278.5, 9193.75, 1643.3, 327.68, 222.6, 163.93, 323.87, 172.78, 245.81, 98.02, 30.6, 63.9, 125, 64.56, 87.89, , , , , 
1/31/2020 7:22:48 AM, 3278, 9193.25, 1643.2, 327.68, 222.6, 163.93, 323.87, 172.78, 245.81, 98.02, 30.6, 63.9, 125, 64.56, 87.89, , , , , 
1/31/2020 7:22:51 AM, 3278, 9192.5, 1643.1, 327.68, 222.6, 163.93, 323.87, 172.78, 245.81, 98.02, 30.6, 63.9, 125, 64.56, 87.89, , , , , 
1/31/2020 7:22:54 AM, 3278, 9192.5, 1643.1, 327.68, 222.6, 163.93, 323.87, 172.78, 245.81, 98.02, 30.6, 63.9, 125, 64.56, 87.89, , , , , 
1/31/2020 7:22:57 AM, 3278, 9192, 1643.1, 327.68, 222.6, 163.93, 323.87, 172.78, 245.81, 98.02, 30.6, 63.9, 125, 64.56, 87.89, , , , , 
1/31/2020 7:23:00 AM, 3278, 9191.75, 1642.9, 327.68, 222.6, 163.93, 323.87, 172.78, 245.81, 98.02, 30.6, 63.9, 125, 64.56, 87.89, , , , , 
1/31/2020 7:23:03 AM, 3278, 9192.5, 1642.9, 327.68, 222.6, 163.93, 323.87, 172.78, 245.81, 98.02, 30.6, 63.9, 125, 64.56, 87.89, , , , , 
1/31/2020 7:23:06 AM, 3278, 9192.75, 1642.9, 327.68, 222.6, 163.93, 323.87, 172.78, 245.81, 98.02, 30.6, 63.9, 125, 64.56, 87.89, , , , , 
1/31/2020 7:23:09 AM, 3278, 9192.25, 1643, 327.68, 222.6, 163.93, 323.87, 172.78, 245.81, 98.02, 30.6, 63.9, 125, 64.56, 87.89, , , , , 
1/31/2020 7:23:12 AM, 3278, 9191.5, 1643, 327.68, 222.6, 163.93, 323.87, 172.78, 245.81, 98.02, 30.6, 63.9, 125, 64.56, 87.89, , , , , 
1/31/2020 7:23:15 AM, 3277.75, 9191.25, 1643, 327.68, 222.6, 163.93, 323.87, 172.78, 245.81, 98.02, 30.6, 63.9, 125, 64.56, 87.89, , , , , 
1/31/2020 7:23:18 AM, 3277.75, 9191.25, 1643, 327.68, 222.6, 163.93, 323.87, 172.78, 245.81, 98.02, 30.6, 63.9, 125, 64.56, 87.89, , , , , 
1/31/2020 7:23:21 AM, 3277.75, 9192, 1643, 327.68, 222.6, 163.93, 323.87, 172.78, 245.81, 98.02, 30.6, 63.9, 125, 64.56, 87.89, , , , , 
1/31/2020 7:23:24 AM, 3278, 9192.75, 1643, 327.68, 222.6, 163.93, 323.87, 172.78, 245.81, 98.02, 30.6, 63.9, 125, 64.56, 87.89, , , , , 
1/31/2020 7:23:27 AM, 3278, 9192.5, 1643, 327.68, 222.6, 163.93, 323.87, 172.78, 245.81, 98.02, 30.6, 63.9, 125, 64.56, 87.89, , , , , 
1/31/2020 7:23:30 AM, 3278, 9193.25, 1643.1, 327.68, 222.6, 163.93, 323.87, 172.78, 245.81, 98.02, 30.6, 63.9, 125, 64.56, 87.89, , , , , 
1/31/2020 7:23:33 AM, 3278.25, 9193.75, 1643.2, 327.68, 222.6, 163.93, 323.87, 172.78, 245.81, 98.02, 30.6, 63.9, 125, 64.56, 87.89, , , , , 
1/31/2020 7:23:36 AM, 3278.25, 9193.75, 1643.2, 327.68, 222.6, 163.93, 323.87, 172.78, 245.81, 98.02, 30.6, 63.9, 125, 64.56, 87.89, , , , , 
1/31/2020 7:23:39 AM, 3278.25, 9194, 1643.2, 327.68, 222.6, 163.93, 323.87, 172.78, 245.81, 98.02, 30.6, 63.9, 125, 64.56, 87.89, , , , , 
1/31/2020 7:23:42 AM, 3278.25, 9194.5, 1643.2, 327.68, 222.6, 163.93, 323.87, 172.78, 245.81, 98.02, 30.6, 63.9, 125, 64.56, 87.89, , , , , 
1/31/2020 7:23:45 AM, 3278.25, 9193.75, 1643.2, 327.68, 222.6, 163.93, 323.87, 172.78, 245.81, 98.02, 30.6, 63.9, 125, 64.56, 87.89, , , , , 
1/31/2020 7:23:48 AM, 3278.25, 9194, 1643.2, 327.68, 222.6, 163.93, 323.87, 172.78, 245.81, 98.02, 30.6, 63.9, 125, 64.56, 87.89, , , , , 
1/31/2020 7:23:51 AM, 3278.25, 9195, 1643.3, 327.68, 222.6, 163.93, 323.87, 172.78, 245.81, 98.02, 30.6, 63.9, 125, 64.56, 87.89, , , , , 
1/31/2020 7:23:54 AM, 3278.25, 9194.75, 1643.3, 327.68, 222.6, 163.93, 323.87, 172.78, 245.81, 98.02, 30.6, 63.9, 125, 64.56, 87.89, , , , , 
1/31/2020 7:23:57 AM, 3278, 9194, 1643.3, 327.68, 222.6, 163.93, 323.87, 172.78, 245.81, 98.02, 30.6, 63.9, 125, 64.56, 87.89, , , , , 
1/31/2020 7:24:00 AM, 3278.25, 9194.25, 1643.3, 327.68, 222.6, 163.93, 323.87, 172.78, 245.81, 98.02, 30.6, 63.9, 125, 64.56, 87.89, , , , , 
1/31/2020 7:24:03 AM, 3278.25, 9194.25, 1643.3, 327.68, 222.6, 163.93, 323.87, 172.78, 245.81, 98.02, 30.6, 63.9, 125, 64.56, 87.89, , , , , 
1/31/2020 7:24:06 AM, 3278.25, 9194, 1643.3, 327.68, 222.6, 163.93, 323.87, 172.78, 245.81, 98.02, 30.6, 63.9, 125, 64.56, 87.89, , , , , 
1/31/2020 7:24:09 AM, 3278.25, 9193.75, 1643.3, 327.68, 222.6, 163.93, 323.87, 172.78, 245.81, 98.02, 30.6, 63.9, 125, 64.56, 87.89, , , , , 
1/31/2020 7:24:12 AM, 3278.25, 9193.75, 1643.3, 327.68, 222.6, 163.93, 323.87, 172.78, 245.81, 98.02, 30.6, 63.9, 125, 64.56, 87.89, , , , , 
1/31/2020 7:24:15 AM, 3278.25, 9193.5, 1643.3, 327.68, 222.6, 163.93, 323.87, 172.78, 245.81, 98.02, 30.6, 63.9, 125, 64.56, 87.89, , , , , 
1/31/2020 7:24:18 AM, 3278.25, 9194, 1643.3, 327.68, 222.6, 163.93, 323.87, 172.78, 245.81, 98.02, 30.6, 63.9, 125, 64.56, 87.89, , , , , 
1/31/2020 7:24:21 AM, 3278.5, 9193.75, 1643.3, 327.68, 222.6, 163.93, 323.87, 172.78, 245.81, 98.02, 30.6, 63.9, 125, 64.56, 87.89, , , , , 
1/31/2020 7:24:24 AM, 3278.25, 9193.25, 1643.3, 327.68, 222.6, 163.93, 323.87, 172.78, 245.81, 98.02, 30.6, 63.9, 125, 64.56, 87.89, , , , , 
1/31/2020 7:24:27 AM, 3278, 9192.75, 1643.3, 327.68, 222.6, 163.93, 323.87, 172.78, 245.81, 98.02, 30.6, 63.9, 125, 64.56, 87.89, , , , , 
1/31/2020 7:24:30 AM, 3278, 9192.25, 1643.3, 327.68, 222.6, 163.93, 323.87, 172.78, 245.81, 98.02, 30.6, 63.9, 125, 64.56, 87.89, , , , , 
1/31/2020 7:24:33 AM, 3278, 9192.25, 1643.3, 327.68, 222.6, 163.93, 323.87, 172.78, 245.81, 98.02, 30.6, 63.9, 125, 64.56, 87.89, , , , , 
1/31/2020 7:24:36 AM, 3278, 9192.5, 1643.3, 327.68, 222.6, 163.93, 323.87, 172.78, 245.81, 98.02, 30.6, 63.9, 125, 64.56, 87.89, , , , , 
1/31/2020 7:24:39 AM, 3278, 9192.5, 1643.3, 327.68, 222.6, 163.93, 323.87, 172.78, 245.81, 98.02, 30.6, 63.9, 125, 64.56, 87.89, , , , , 
1/31/2020 7:24:42 AM, 3278, 9192.25, 1643.3, 327.68, 222.6, 163.93, 323.87, 172.78, 245.81, 98.02, 30.6, 63.9, 125, 64.56, 87.89, , , , , 
1/31/2020 7:24:45 AM, 3278, 9192, 1643.3, 327.68, 222.6, 163.93, 323.87, 172.78, 245.81, 98.02, 30.6, 63.9, 125, 64.56, 87.89, , , , , 
1/31/2020 7:24:48 AM, 3278, 9191.75, 1643.3, 327.68, 222.6, 163.93, 323.87, 172.78, 245.81, 98.02, 30.6, 63.9, 125, 64.56, 87.89, , , , , 
1/31/2020 7:24:52 AM, 3278, 9191.5, 1643.3, 327.68, 222.6, 163.93, 323.87, 172.78, 245.81, 98.02, 30.6, 63.9, 125, 64.56, 87.89, , , , , 
1/31/2020 7:24:55 AM, 3278, 9191.25, 1643.3, 327.68, 222.6, 163.93, 323.87, 172.78, 245.81, 98.02, 30.6, 63.9, 125, 64.56, 87.89, , , , , 
1/31/2020 7:24:58 AM, 3278, 9191.75, 1643, 327.68, 222.6, 163.93, 323.87, 172.78, 245.81, 98.02, 30.6, 63.9, 125, 64.56, 87.89, , , , , 
1/31/2020 7:25:01 AM, 3278, 9191.25, 1643, 327.68, 222.6, 163.93, 323.87, 172.78, 245.81, 98.02, 30.6, 63.9, 125, 64.56, 87.89, , , , , 
1/31/2020 7:25:04 AM, 3277.75, 9191, 1643, 327.68, 222.6, 163.93, 323.87, 172.78, 245.81, 98.02, 30.6, 63.9, 125, 64.56, 87.89, , , , , 
1/31/2020 7:25:07 AM, 3277.5, 9191.25, 1643, 327.68, 222.6, 163.93, 323.87, 172.78, 245.81, 98.02, 30.6, 63.9, 125, 64.56, 87.89, , , , , 
1/31/2020 7:25:10 AM, 3277.5, 9191.25, 1642.9, 327.68, 222.6, 163.93, 323.87, 172.78, 245.81, 98.02, 30.6, 63.9, 125, 64.56, 87.89, , , , , 
1/31/2020 7:25:13 AM, 3277.5, 9191, 1642.9, 327.68, 222.6, 163.93, 323.87, 172.78, 245.81, 98.02, 30.6, 63.9, 125, 64.56, 87.89, , , , , 
1/31/2020 7:25:16 AM, 3277.75, 9191, 1642.9, 327.68, 222.6, 163.93, 323.87, 172.78, 245.81, 98.02, 30.6, 63.9, 125, 64.56, 87.89, , , , , 
1/31/2020 7:25:19 AM, 3277.75, 9191, 1642.9, 327.68, 222.6, 163.93, 323.87, 172.78, 245.81, 98.02, 30.6, 63.9, 125, 64.56, 87.89, , , , , 
1/31/2020 7:25:22 AM, 3277.5, 9191.25, 1643, 327.68, 222.6, 163.93, 323.87, 172.78, 245.81, 98.02, 30.6, 63.9, 125, 64.56, 87.89, , , , , 
1/31/2020 7:25:25 AM, 3277.5, 9191.25, 1643, 327.68, 222.6, 163.93, 323.87, 172.78, 245.81, 98.02, 30.6, 63.9, 125, 64.56, 87.89, , , , , 
1/31/2020 7:25:28 AM, 3277.5, 9191, 1643, 327.68, 222.6, 163.93, 323.87, 172.78, 245.81, 98.02, 30.6, 63.9, 125, 64.56, 87.89, , , , , 
1/31/2020 7:25:31 AM, 3277.5, 9191, 1643, 327.68, 222.6, 163.93, 323.87, 172.78, 245.81, 98.02, 30.6, 63.9, 125, 64.56, 87.89, , , , , 
1/31/2020 7:25:34 AM, 3277.5, 9190.75, 1643, 327.68, 222.6, 163.93, 323.87, 172.78, 245.81, 98.02, 30.6, 63.9, 125, 64.56, 87.89, , , , , 
1/31/2020 7:25:37 AM, 3277.5, 9190.75, 1643, 327.68, 222.6, 163.93, 323.87, 172.78, 245.81, 98.02, 30.6, 63.9, 125, 64.56, 87.89, , , , , 
1/31/2020 7:25:40 AM, 3277.5, 9190.25, 1643, 327.68, 222.6, 163.93, 323.87, 172.78, 245.81, 98.02, 30.6, 63.9, 125, 64.56, 87.89, , , , , 
1/31/2020 7:25:43 AM, 3277.5, 9190, 1642.9, 327.68, 222.6, 163.93, 323.87, 172.78, 245.81, 98.02, 30.6, 63.9, 125, 64.56, 87.89, , , , , 
1/31/2020 7:25:46 AM, 3277.75, 9190.75, 1642.9, 327.68, 222.6, 163.93, 323.87, 172.78, 245.81, 98.02, 30.6, 63.9, 125, 64.56, 87.89, , , , , 
1/31/2020 7:25:49 AM, 3277.75, 9190.75, 1642.9, 327.68, 222.6, 163.93, 323.87, 172.78, 245.81, 98.02, 30.6, 63.9, 125, 64.56, 87.89, , , , , 
1/31/2020 7:25:52 AM, 3278, 9191.5, 1642.9, 327.68, 222.6, 163.93, 323.87, 172.78, 245.81, 98.02, 30.6, 63.9, 125, 64.56, 87.89, , , , , 
1/31/2020 7:25:55 AM, 3277.75, 9191, 1643.2, 327.68, 222.6, 163.93, 323.87, 172.78, 245.81, 98.02, 30.6, 63.9, 125, 64.56, 87.89, , , , , 
1/31/2020 7:25:58 AM, 3277.75, 9191, 1643.2, 327.68, 222.6, 163.93, 323.87, 172.78, 245.81, 98.02, 30.6, 63.9, 125, 64.56, 87.89, , , , , 
1/31/2020 7:26:01 AM, 3278, 9191.5, 1643.3, 327.68, 222.6, 163.93, 323.87, 172.78, 245.81, 98.02, 30.6, 63.9, 125, 64.56, 87.89, , , , , 
1/31/2020 7:26:04 AM, 3278, 9191.5, 1643.3, 327.68, 222.6, 163.93, 323.87, 172.78, 245.81, 98.02, 30.6, 63.9, 125, 64.56, 87.89, , , , , 
1/31/2020 7:26:07 AM, 3278, 9191.5, 1643.3, 327.68, 222.6, 163.93, 323.87, 172.78, 245.81, 98.02, 30.6, 63.9, 125, 64.56, 87.89, , , , , 
1/31/2020 7:26:10 AM, 3278.25, 9191.75, 1643.3, 327.68, 222.6, 163.93, 323.87, 172.78, 245.81, 98.02, 30.6, 63.9, 125, 64.56, 87.89, , , , , 
1/31/2020 7:26:13 AM, 3278.25, 9192.5, 1643.3, 327.68, 222.6, 163.93, 323.87, 172.78, 245.81, 98.02, 30.6, 63.9, 125, 64.56, 87.89, , , , , 
1/31/2020 7:26:16 AM, 3278, 9192, 1643.3, 327.68, 222.6, 163.93, 323.87, 172.78, 245.81, 98.02, 30.6, 63.9, 125, 64.56, 87.89, , , , , 
1/31/2020 7:26:19 AM, 3278, 9192, 1643.3, 327.68, 222.6, 163.93, 323.87, 172.78, 245.81, 98.02, 30.6, 63.9, 125, 64.56, 87.89, , , , , 
1/31/2020 7:26:22 AM, 3278.25, 9192.25, 1643.3, 327.68, 222.6, 163.93, 323.87, 172.78, 245.81, 98.02, 30.6, 63.9, 125, 64.56, 87.89, , , , , 
1/31/2020 7:26:25 AM, 3278.25, 9192.25, 1643.3, 327.68, 222.6, 163.93, 323.87, 172.78, 245.81, 98.02, 30.6, 63.9, 125, 64.56, 87.89, , , , , 
1/31/2020 7:26:28 AM, 3278.25, 9191.75, 1643.3, 327.68, 222.6, 163.93, 323.87, 172.78, 245.81, 98.02, 30.6, 63.9, 125, 64.56, 87.89, , , , , 
1/31/2020 7:26:31 AM, 3278, 9191.25, 1643.2, 327.68, 222.6, 163.93, 323.87, 172.78, 245.81, 98.02, 30.6, 63.9, 125, 64.56, 87.89, , , , , 
1/31/2020 7:26:34 AM, 3278, 9191.5, 1643.3, 327.68, 222.6, 163.93, 323.87, 172.78, 245.81, 98.02, 30.6, 63.9, 125, 64.56, 87.89, , , , , 
1/31/2020 7:26:37 AM, 3278, 9191.5, 1643.3, 327.68, 222.6, 163.93, 323.87, 172.78, 245.81, 98.02, 30.6, 63.9, 125, 64.56, 87.89, , , , , 
1/31/2020 7:26:40 AM, 3278.25, 9192, 1643.1, 327.68, 222.6, 163.93, 323.87, 172.78, 245.81, 98.02, 30.6, 63.9, 125, 64.56, 87.89, , , , , 
1/31/2020 7:26:43 AM, 3278.25, 9192, 1643.1, 327.68, 222.6, 163.93, 323.87, 172.78, 245.81, 98.02, 30.6, 63.9, 125, 64.56, 87.89, , , , , 
1/31/2020 7:26:46 AM, 3278.5, 9192.25, 1643.1, 327.68, 222.6, 163.93, 323.87, 172.78, 245.81, 98.02, 30.6, 63.9, 125, 64.56, 87.89, , , , , 
1/31/2020 7:26:49 AM, 3278.5, 9192.25, 1643.1, 327.68, 222.6, 163.93, 323.87, 172.78, 245.81, 98.02, 30.6, 63.9, 125, 64.56, 87.89, , , , , 
1/31/2020 7:26:52 AM, 3278.25, 9191.75, 1643.1, 327.68, 222.6, 163.93, 323.87, 172.78, 245.81, 98.02, 30.6, 63.9, 125, 64.56, 87.89, , , , , 
1/31/2020 7:26:55 AM, 3278.25, 9191.75, 1643.1, 327.68, 222.6, 163.93, 323.87, 172.78, 245.81, 98.02, 30.6, 63.9, 125, 64.56, 87.89, , , , , 
1/31/2020 7:26:58 AM, 3278.25, 9191.75, 1643.1, 327.68, 222.6, 163.93, 323.87, 172.78, 245.81, 98.02, 30.6, 63.9, 125, 64.56, 87.89, , , , , 
1/31/2020 7:27:01 AM, 3278.25, 9191.5, 1643.2, 327.68, 222.6, 163.93, 323.87, 172.78, 245.81, 98.02, 30.6, 63.9, 125, 64.56, 87.89, , , , , 
1/31/2020 7:27:04 AM, 3278, 9192, 1643.2, 327.68, 222.6, 163.93, 323.87, 172.78, 245.81, 98.02, 30.6, 63.9, 125, 64.56, 87.89, , , , , 
1/31/2020 7:27:07 AM, 3278, 9192, 1643.2, 327.68, 222.6, 163.93, 323.87, 172.78, 245.81, 98.02, 30.6, 63.9, 125, 64.56, 87.89, , , , , 
1/31/2020 7:27:10 AM, 3278, 9191.5, 1643.2, 327.68, 222.6, 163.93, 323.87, 172.78, 245.81, 98.02, 30.6, 63.9, 125, 64.56, 87.89, , , , , 
1/31/2020 7:27:13 AM, 3278, 9191.5, 1643.2, 327.68, 222.6, 163.93, 323.87, 172.78, 245.81, 98.02, 30.6, 63.9, 125, 64.56, 87.89, , , , , 
1/31/2020 7:27:17 AM, 3278, 9191.25, 1643.1, 327.68, 222.6, 163.93, 323.87, 172.78, 245.81, 98.02, 30.6, 63.9, 125, 64.56, 87.89, , , , , 
1/31/2020 7:27:20 AM, 3278, 9191.25, 1643.1, 327.68, 222.6, 163.93, 323.87, 172.78, 245.81, 98.02, 30.6, 63.9, 125, 64.56, 87.89, , , , , 
1/31/2020 7:27:23 AM, 3277.75, 9190.75, 1643.1, 327.68, 222.6, 163.93, 323.87, 172.78, 245.81, 98.02, 30.6, 63.9, 125, 64.56, 87.89, , , , , 
1/31/2020 7:27:26 AM, 3277.75, 9190.75, 1643.1, 327.68, 222.6, 163.93, 323.87, 172.78, 245.81, 98.02, 30.6, 63.9, 125, 64.56, 87.89, , , , , 
1/31/2020 7:27:29 AM, 3277.75, 9190.25, 1643.1, 327.68, 222.6, 163.93, 323.87, 172.78, 245.81, 98.02, 30.6, 63.9, 125, 64.56, 87.89, , , , , 
1/31/2020 7:27:32 AM, 3277.75, 9190.25, 1643.1, 327.68, 222.6, 163.93, 323.87, 172.78, 245.81, 98.02, 30.6, 63.9, 125, 64.56, 87.89, , , , , 
1/31/2020 7:27:35 AM, 3278, 9190, 1643.1, 327.68, 222.6, 163.93, 323.87, 172.78, 245.81, 98.02, 30.6, 63.9, 125, 64.56, 87.89, , , , , 
1/31/2020 7:27:38 AM, 3278, 9190, 1643.1, 327.68, 222.6, 163.93, 323.87, 172.78, 245.81, 98.02, 30.6, 63.9, 125, 64.56, 87.89, , , , , 
1/31/2020 7:27:41 AM, 3277.75, 9189.5, 1643, 327.68, 222.6, 163.93, 323.87, 172.78, 245.81, 98.02, 30.6, 63.9, 125, 64.56, 87.89, , , , , 
1/31/2020 7:27:44 AM, 3277.75, 9189.5, 1643, 327.68, 222.6, 163.93, 323.87, 172.78, 245.81, 98.02, 30.6, 63.9, 125, 64.56, 87.89, , , , , 
1/31/2020 7:27:47 AM, 3277.5, 9188.5, 1642.8, 327.68, 222.6, 163.93, 323.87, 172.78, 245.81, 98.02, 30.6, 63.9, 125, 64.56, 87.89, , , , , 
1/31/2020 7:27:50 AM, 3277.5, 9188.5, 1642.8, 327.68, 222.6, 163.93, 323.87, 172.78, 245.81, 98.02, 30.6, 63.9, 125, 64.56, 87.89, , , , , 
1/31/2020 7:27:53 AM, 3277.25, 9188, 1642.6, 327.68, 222.6, 163.93, 323.87, 172.78, 245.81, 98.02, 30.6, 63.9, 125, 64.56, 87.89, , , , , 
1/31/2020 7:27:56 AM, 3277.25, 9188, 1642.6, 327.68, 222.6, 163.93, 323.87, 172.78, 245.81, 98.02, 30.6, 63.9, 125, 64.56, 87.89, , , , , 
1/31/2020 7:27:59 AM, 3277.25, 9188.25, 1642.7, 327.68, 222.6, 163.93, 323.87, 172.78, 245.81, 98.02, 30.6, 63.9, 125, 64.56, 87.89, , , , , 
1/31/2020 7:28:02 AM, 3277.25, 9188.25, 1642.7, 327.68, 222.6, 163.93, 323.87, 172.78, 245.81, 98.02, 30.6, 63.9, 125, 64.56, 87.89, , , , , 
1/31/2020 7:28:05 AM, 3277.25, 9189.25, 1642.7, 327.68, 222.6, 163.93, 323.87, 172.78, 245.81, 98.02, 30.6, 63.9, 125, 64.56, 87.89, , , , , 
1/31/2020 7:28:08 AM, 3277.25, 9189.25, 1642.7, 327.68, 222.6, 163.93, 323.87, 172.78, 245.81, 98.02, 30.6, 63.9, 125, 64.56, 87.89, , , , , 
1/31/2020 7:28:11 AM, 3277.25, 9188.75, 1642.7, 327.68, 222.6, 163.93, 323.87, 172.78, 245.81, 98.02, 30.6, 63.9, 125, 64.56, 87.89, , , , , 
1/31/2020 7:28:14 AM, 3277.25, 9188.75, 1642.7, 327.68, 222.6, 163.93, 323.87, 172.78, 245.81, 98.02, 30.6, 63.9, 125, 64.56, 87.89, , , , , 
1/31/2020 7:28:17 AM, 3277, 9188.5, 1642.7, 327.68, 222.6, 163.93, 323.87, 172.78, 245.81, 98.02, 30.6, 63.9, 125, 64.56, 87.89, , , , , 
1/31/2020 7:28:20 AM, 3277, 9188.5, 1642.7, 327.68, 222.6, 163.93, 323.87, 172.78, 245.81, 98.02, 30.6, 63.9, 125, 64.56, 87.89, , , , , 
1/31/2020 7:28:23 AM, 3277, 9188.5, 1642.7, 327.68, 222.6, 163.93, 323.87, 172.78, 245.81, 98.02, 30.6, 63.9, 125, 64.56, 87.89, , , , , 
1/31/2020 7:28:26 AM, 3277, 9188.5, 1642.7, 327.68, 222.6, 163.93, 323.87, 172.78, 245.81, 98.02, 30.6, 63.9, 125, 64.56, 87.89, , , , , 
1/31/2020 7:28:29 AM, 3277, 9188, 1642.7, 327.68, 222.6, 163.93, 323.87, 172.78, 245.81, 98.02, 30.6, 63.9, 125, 64.56, 87.89, , , , , 
1/31/2020 7:28:32 AM, 3277, 9188, 1642.7, 327.68, 222.6, 163.93, 323.87, 172.78, 245.81, 98.02, 30.6, 63.9, 125, 64.56, 87.89, , , , , 
1/31/2020 7:28:35 AM, 3277, 9187.25, 1642.5, 327.68, 222.6, 163.93, 323.87, 172.78, 245.81, 98.02, 30.6, 63.9, 125, 64.56, 87.89, , , , , 
1/31/2020 7:28:38 AM, 3277, 9187.25, 1642.5, 327.68, 222.6, 163.93, 323.87, 172.78, 245.81, 98.02, 30.6, 63.9, 125, 64.56, 87.89, , , , , 
1/31/2020 7:28:41 AM, 3277, 9186, 1642.6, 327.68, 222.6, 163.93, 323.87, 172.78, 245.81, 98.02, 30.6, 63.9, 125, 64.56, 87.89, , , , , 
1/31/2020 7:28:44 AM, 3276.75, 9186.25, 1642.5, 327.68, 222.6, 163.93, 323.87, 172.78, 245.81, 98.02, 30.6, 63.9, 125, 64.56, 87.89, , , , , 
1/31/2020 7:28:47 AM, 3276.75, 9186.25, 1642.5, 327.68, 222.6, 163.93, 323.87, 172.78, 245.81, 98.02, 30.6, 63.9, 125, 64.56, 87.89, , , , , 
1/31/2020 7:28:50 AM, 3276.75, 9186.75, 1642.5, 327.68, 222.6, 163.93, 323.87, 172.78, 245.81, 98.02, 30.6, 63.9, 125, 64.56, 87.89, , , , , 
1/31/2020 7:28:53 AM, 3276.75, 9186.25, 1642.5, 327.68, 222.6, 163.93, 323.87, 172.78, 245.81, 98.02, 30.6, 63.9, 125, 64.56, 87.89, , , , , 
1/31/2020 7:28:56 AM, 3276.75, 9186.25, 1642.5, 327.68, 222.6, 163.93, 323.87, 172.78, 245.81, 98.02, 30.6, 63.9, 125, 64.56, 87.89, , , , , 
1/31/2020 7:28:59 AM, 3276.5, 9186.25, 1642.4, 327.68, 222.6, 163.93, 323.87, 172.78, 245.81, 98.02, 30.6, 63.9, 125, 64.56, 87.89, , , , , 
1/31/2020 7:29:02 AM, 3276.75, 9186.5, 1642.4, 327.68, 222.6, 163.93, 323.87, 172.78, 245.81, 98.02, 30.6, 63.9, 125, 64.56, 87.89, , , , , 
1/31/2020 7:29:05 AM, 3276.75, 9186.75, 1642.4, 327.68, 222.6, 163.93, 323.87, 172.78, 245.81, 98.02, 30.6, 63.9, 125, 64.56, 87.89, , , , , 
1/31/2020 7:29:08 AM, 3276.75, 9186.75, 1642.5, 327.68, 222.6, 163.93, 323.87, 172.78, 245.81, 98.02, 30.6, 63.9, 125, 64.56, 87.89, , , , , 
1/31/2020 7:29:11 AM, 3276.75, 9187, 1642.5, 327.68, 222.6, 163.93, 323.87, 172.78, 245.81, 98.02, 30.6, 63.9, 125, 64.56, 87.89, , , , , 
1/31/2020 7:29:14 AM, 3276.75, 9187, 1642.6, 327.68, 222.6, 163.93, 323.87, 172.78, 245.81, 98.02, 30.6, 63.9, 125, 64.56, 87.89, , , , , 
1/31/2020 7:29:17 AM, 3277, 9187.25, 1642.6, 327.68, 222.6, 163.93, 323.87, 172.78, 245.81, 98.02, 30.6, 63.9, 125, 64.56, 87.89, , , , , 
1/31/2020 7:29:20 AM, 3276.75, 9187.25, 1642.5, 327.68, 222.6, 163.93, 323.87, 172.78, 245.81, 98.02, 30.6, 63.9, 125, 64.56, 87.89, , , , , 
1/31/2020 7:29:23 AM, 3277, 9187.75, 1642.5, 327.68, 222.6, 163.93, 323.87, 172.78, 245.81, 98.02, 30.6, 63.9, 125, 64.56, 87.89, , , , , 
1/31/2020 7:29:26 AM, 3277, 9187.75, 1642.5, 327.68, 222.6, 163.93, 323.87, 172.78, 245.81, 98.02, 30.6, 63.9, 125, 64.56, 87.89, , , , , 
1/31/2020 7:29:29 AM, 3277.25, 9188, 1642.5, 327.68, 222.6, 163.93, 323.87, 172.78, 245.81, 98.02, 30.6, 63.9, 125, 64.56, 87.89, , , , , 
1/31/2020 7:29:32 AM, 3277.25, 9188, 1642.6, 327.68, 222.6, 163.93, 323.87, 172.78, 245.81, 98.02, 30.6, 63.9, 125, 64.56, 87.89, , , , , 
1/31/2020 7:29:35 AM, 3277, 9187.75, 1642.6, 327.68, 222.6, 163.93, 323.87, 172.78, 245.81, 98.02, 30.6, 63.9, 125, 64.56, 87.89, , , , , 
1/31/2020 7:29:38 AM, 3277.25, 9187.5, 1642.6, 327.68, 222.6, 163.93, 323.87, 172.78, 245.81, 98.02, 30.6, 63.9, 125, 64.56, 87.89, , , , , 
1/31/2020 7:29:42 AM, 3277, 9187.75, 1642.6, 327.68, 222.6, 163.93, 323.87, 172.78, 245.81, 98.02, 30.6, 63.9, 125, 64.56, 87.89, , , , , 
1/31/2020 7:29:45 AM, 3277.25, 9187.75, 1642.6, 327.68, 222.6, 163.93, 323.87, 172.78, 245.81, 98.02, 30.6, 63.9, 125, 64.56, 87.89, , , , , 
1/31/2020 7:29:48 AM, 3277.25, 9187.75, 1642.6, 327.68, 222.6, 163.93, 323.87, 172.78, 245.81, 98.02, 30.6, 63.9, 125, 64.56, 87.89, , , , , 
1/31/2020 7:29:51 AM, 3277, 9187.25, 1642.6, 327.68, 222.6, 163.93, 323.87, 172.78, 245.81, 98.02, 30.6, 63.9, 125, 64.56, 87.89, , , , , 
1/31/2020 7:29:54 AM, 3277, 9187.25, 1642.6, 327.68, 222.6, 163.93, 323.87, 172.78, 245.81, 98.02, 30.6, 63.9, 125, 64.56, 87.89, , , , , 
1/31/2020 7:29:57 AM, 3277, 9187.25, 1642.6, 327.68, 222.6, 163.93, 323.87, 172.78, 245.81, 98.02, 30.6, 63.9, 125, 64.56, 87.89, , , , , 
1/31/2020 7:30:00 AM, 3277, 9187.25, 1642.6, 327.68, 222.6, 163.93, 323.87, 172.78, 245.81, 98.02, 30.6, 63.9, 125, 64.56, 87.89, , , , , 
1/31/2020 7:30:03 AM, 3277, 9186.75, 1642.5, 327.68, 222.6, 163.93, 323.87, 172.78, 245.81, 98.02, 30.6, 63.9, 125, 64.56, 87.89, , , , , 
1/31/2020 7:30:06 AM, 3277, 9187.5, 1642.6, 327.68, 222.6, 163.93, 323.87, 172.78, 245.81, 98.02, 30.6, 63.9, 125, 64.56, 87.89, , , , , 
1/31/2020 7:30:09 AM, 3277, 9187.25, 1642.6, 327.68, 222.6, 163.93, 323.87, 172.78, 245.81, 98.02, 30.6, 63.9, 125, 64.56, 87.89, , , , , 
1/31/2020 7:30:12 AM, 3277, 9187.25, 1642.6, 327.68, 222.6, 163.93, 323.87, 172.78, 245.81, 98.02, 30.6, 63.9, 125, 64.56, 87.89, , , , , 
1/31/2020 7:30:15 AM, 3277.75, 9189.75, 1643, 327.68, 222.6, 163.93, 323.87, 172.78, 245.81, 98.02, 30.6, 63.9, 125, 64.56, 87.89, , , , , 
1/31/2020 7:30:18 AM, 3277.5, 9189, 1642.9, 327.68, 222.6, 163.93, 323.87, 172.78, 245.81, 98.02, 30.6, 63.9, 125, 64.56, 87.89, , , , , 
1/31/2020 7:30:21 AM, 3277.25, 9188.5, 1642.9, 327.68, 222.6, 163.93, 323.87, 172.78, 245.81, 98.02, 30.6, 63.9, 125, 64.56, 87.89, , , , , 
1/31/2020 7:30:24 AM, 3277.25, 9189.25, 1642.7, 327.68, 222.6, 163.93, 323.87, 172.78, 245.81, 98.02, 30.6, 63.9, 125, 64.56, 87.89, , , , , 
1/31/2020 7:30:27 AM, 3277.25, 9189.25, 1642.7, 327.68, 222.6, 163.93, 323.87, 172.78, 245.81, 98.02, 30.6, 63.9, 125, 64.56, 87.89, , , , , 
1/31/2020 7:30:30 AM, 3277.5, 9189.25, 1642.7, 327.68, 222.6, 163.93, 323.87, 172.78, 245.81, 98.02, 30.6, 63.9, 125, 64.56, 87.89, , , , , 
1/31/2020 7:30:33 AM, 3277.25, 9189.25, 1642.7, 327.68, 222.6, 163.93, 323.87, 172.78, 245.81, 98.02, 30.6, 63.9, 125, 64.56, 87.89, , , , , 
1/31/2020 7:30:36 AM, 3277.25, 9189.75, 1642.7, 327.68, 222.6, 163.93, 323.87, 172.78, 245.81, 98.02, 30.6, 63.9, 125, 64.56, 87.89, , , , , 
1/31/2020 7:30:39 AM, 3277.25, 9190, 1642.7, 327.68, 222.6, 163.93, 323.87, 172.78, 245.81, 98.02, 30.6, 63.9, 125, 64.56, 87.89, , , , , 
1/31/2020 7:30:42 AM, 3277.25, 9190, 1642.7, 327.68, 222.6, 163.93, 323.87, 172.78, 245.81, 98.02, 30.6, 63.9, 125, 64.56, 87.89, , , , , 
1/31/2020 7:30:45 AM, 3277.5, 9190.75, 1643, 327.68, 222.6, 163.93, 323.87, 172.78, 245.81, 98.02, 30.6, 63.9, 125, 64.56, 87.89, , , , , 
1/31/2020 7:30:48 AM, 3277.5, 9191, 1643, 327.68, 222.6, 163.93, 323.87, 172.78, 245.81, 98.02, 30.6, 63.9, 125, 64.56, 87.89, , , , , 
1/31/2020 7:30:51 AM, 3277.5, 9191.25, 1642.9, 327.68, 222.6, 163.93, 323.87, 172.78, 245.81, 98.02, 30.6, 63.9, 125, 64.56, 87.89, , , , , 
1/31/2020 7:30:54 AM, 3277.5, 9191.25, 1642.9, 327.68, 222.6, 163.93, 323.87, 172.78, 245.81, 98.02, 30.6, 63.9, 125, 64.56, 87.89, , , , , 
1/31/2020 7:30:57 AM, 3278.75, 9195.75, 1643.6, 327.68, 222.6, 163.93, 323.87, 172.78, 245.81, 98.02, 30.6, 63.9, 125, 64.56, 87.89, , , , , 
1/31/2020 7:31:00 AM, 3278.75, 9195.75, 1643.6, 327.68, 222.6, 163.93, 323.87, 172.78, 245.81, 98.02, 30.6, 63.9, 125, 64.56, 87.89, , , , , 
1/31/2020 7:31:03 AM, 3278.5, 9194.25, 1643.4, 327.68, 222.6, 163.93, 323.87, 172.78, 245.81, 98.02, 30.6, 63.9, 125, 64.56, 87.89, , , , , 
1/31/2020 7:31:06 AM, 3278.5, 9195.25, 1643.4, 327.68, 222.6, 163.93, 323.87, 172.78, 245.81, 98.02, 30.6, 63.9, 125, 64.56, 87.89, , , , , 
1/31/2020 7:31:09 AM, 3278.5, 9194.75, 1643.4, 327.68, 222.6, 163.93, 323.87, 172.78, 245.81, 98.02, 30.6, 63.9, 125, 64.56, 87.89, , , , , 
1/31/2020 7:31:12 AM, 3278.5, 9194.75, 1643.4, 327.68, 222.6, 163.93, 323.87, 172.78, 245.81, 98.02, 30.6, 63.9, 125, 64.56, 87.89, , , , , 
1/31/2020 7:31:15 AM, 3278.75, 9195, 1643.4, 327.68, 222.6, 163.93, 323.87, 172.78, 245.81, 98.02, 30.6, 63.9, 125, 64.56, 87.89, , , , , 
1/31/2020 7:31:18 AM, 3278.5, 9194, 1643.4, 327.68, 222.6, 163.93, 323.87, 172.78, 245.81, 98.02, 30.6, 63.9, 125, 64.56, 87.89, , , , , 
1/31/2020 7:31:21 AM, 3278.75, 9194, 1643.4, 327.68, 222.6, 163.93, 323.87, 172.78, 245.81, 98.02, 30.6, 63.9, 125, 64.56, 87.89, , , , , 
1/31/2020 7:31:24 AM, 3278.5, 9193.75, 1643.4, 327.68, 222.6, 163.93, 323.87, 172.78, 245.81, 98.02, 30.6, 63.9, 125, 64.56, 87.89, , , , , 
1/31/2020 7:31:27 AM, 3278.5, 9194, 1643.4, 327.68, 222.6, 163.93, 323.87, 172.78, 245.81, 98.02, 30.6, 63.9, 125, 64.56, 87.89, , , , , 
1/31/2020 7:31:30 AM, 3278.75, 9194, 1643.4, 327.68, 222.6, 163.93, 323.87, 172.78, 245.81, 98.02, 30.6, 63.9, 125, 64.56, 87.89, , , , , 
1/31/2020 7:31:33 AM, 3278.75, 9193.75, 1643.4, 327.68, 222.6, 163.93, 323.87, 172.78, 245.81, 98.02, 30.6, 63.9, 125, 64.56, 87.89, , , , , 
1/31/2020 7:31:36 AM, 3278.75, 9194, 1643.4, 327.68, 222.6, 163.93, 323.87, 172.78, 245.81, 98.02, 30.6, 63.9, 125, 64.56, 87.89, , , , , 
1/31/2020 7:31:39 AM, 3278.5, 9193, 1643.4, 327.68, 222.6, 163.93, 323.87, 172.78, 245.81, 98.02, 30.6, 63.9, 125, 64.56, 87.89, , , , , 
1/31/2020 7:31:42 AM, 3278.25, 9193.5, 1643.4, 327.68, 222.6, 163.93, 323.87, 172.78, 245.81, 98.02, 30.6, 63.9, 125, 64.56, 87.89, , , , , 
1/31/2020 7:31:45 AM, 3278.25, 9193.5, 1643.4, 327.68, 222.6, 163.93, 323.87, 172.78, 245.81, 98.02, 30.6, 63.9, 125, 64.56, 87.89, , , , , 
1/31/2020 7:31:48 AM, 3278.25, 9193.25, 1643.4, 327.68, 222.6, 163.93, 323.87, 172.78, 245.81, 98.02, 30.6, 63.9, 125, 64.56, 87.89, , , , , 
1/31/2020 7:31:51 AM, 3278.25, 9192.5, 1643.3, 327.68, 222.6, 163.93, 323.87, 172.78, 245.81, 98.02, 30.6, 63.9, 125, 64.56, 87.89, , , , , 
1/31/2020 7:31:54 AM, 3278.25, 9192.5, 1643.3, 327.68, 222.6, 163.93, 323.87, 172.78, 245.81, 98.02, 30.6, 63.9, 125, 64.56, 87.89, , , , , 
1/31/2020 7:31:57 AM, 3278.25, 9192.5, 1643.3, 327.68, 222.6, 163.93, 323.87, 172.78, 245.81, 98.02, 30.6, 63.9, 125, 64.56, 87.89, , , , , 
1/31/2020 7:32:00 AM, 3278, 9192.5, 1643.3, 327.68, 222.6, 163.93, 323.87, 172.78, 245.81, 98.02, 30.6, 63.9, 125, 64.56, 87.89, , , , , 
1/31/2020 7:32:03 AM, 3278.25, 9193, 1643.2, 327.68, 222.6, 163.93, 323.87, 172.78, 245.81, 98.02, 30.6, 63.9, 125, 64.56, 87.89, , , , , 
1/31/2020 7:32:06 AM, 3278.25, 9193.25, 1643.3, 327.68, 222.6, 163.93, 323.87, 172.78, 245.81, 98.02, 30.6, 63.9, 125, 64.56, 87.89, , , , , 
1/31/2020 7:32:09 AM, 3278.25, 9193.25, 1643.4, 327.68, 222.6, 163.93, 323.87, 172.78, 245.81, 98.02, 30.6, 63.9, 125, 64.56, 87.89, , , , , 
1/31/2020 7:32:12 AM, 3278.25, 9192.75, 1643.4, 327.68, 222.6, 163.93, 323.87, 172.78, 245.81, 98.02, 30.6, 63.9, 125, 64.56, 87.89, , , , , 
1/31/2020 7:32:16 AM, 3278.25, 9193, 1643.4, 327.68, 222.6, 163.93, 323.87, 172.78, 245.81, 98.02, 30.6, 63.9, 125, 64.56, 87.89, , , , , 
1/31/2020 7:32:19 AM, 3278.25, 9193.25, 1643.4, 327.68, 222.6, 163.93, 323.87, 172.78, 245.81, 98.02, 30.6, 63.9, 125, 64.56, 87.89, , , , , 
1/31/2020 7:32:22 AM, 3278.25, 9193.25, 1643.4, 327.68, 222.6, 163.93, 323.87, 172.78, 245.81, 98.02, 30.6, 63.9, 125, 64.56, 87.89, , , , , 
1/31/2020 7:32:25 AM, 3278.5, 9193.25, 1643.4, 327.68, 222.6, 163.93, 323.87, 172.78, 245.81, 98.02, 30.6, 63.9, 125, 64.56, 87.89, , , , , 
1/31/2020 7:32:28 AM, 3278.25, 9193.5, 1643.4, 327.68, 222.6, 163.93, 323.87, 172.78, 245.81, 98.02, 30.6, 63.9, 125, 64.56, 87.89, , , , , 
1/31/2020 7:32:31 AM, 3278.5, 9193.5, 1643.4, 327.68, 222.6, 163.93, 323.87, 172.78, 245.81, 98.02, 30.6, 63.9, 125, 64.56, 87.89, , , , , 
1/31/2020 7:32:34 AM, 3278.25, 9193, 1643.4, 327.68, 222.6, 163.93, 323.87, 172.78, 245.81, 98.02, 30.6, 63.9, 125, 64.56, 87.89, , , , , 
1/31/2020 7:32:37 AM, 3278, 9192.75, 1643.4, 327.68, 222.6, 163.93, 323.87, 172.78, 245.81, 98.02, 30.6, 63.9, 125, 64.56, 87.89, , , , , 
1/31/2020 7:32:40 AM, 3278.25, 9192.5, 1643.2, 327.68, 222.6, 163.93, 323.87, 172.78, 245.81, 98.02, 30.6, 63.9, 125, 64.56, 87.89, , , , , 
1/31/2020 7:32:43 AM, 3278.25, 9192.75, 1643.2, 327.68, 222.6, 163.93, 323.87, 172.78, 245.81, 98.02, 30.6, 63.9, 125, 64.56, 87.89, , , , , 
1/31/2020 7:32:46 AM, 3278.25, 9193, 1643.2, 327.68, 222.6, 163.93, 323.87, 172.78, 245.81, 98.02, 30.6, 63.9, 125, 64.56, 87.89, , , , , 
1/31/2020 7:32:49 AM, 3278, 9192.75, 1643.2, 327.68, 222.6, 163.93, 323.87, 172.78, 245.81, 98.02, 30.6, 63.9, 125, 64.56, 87.89, , , , , 
1/31/2020 7:32:52 AM, 3278, 9192.25, 1643.2, 327.68, 222.6, 163.93, 323.87, 172.78, 245.81, 98.02, 30.6, 63.9, 125, 64.56, 87.89, , , , , 
1/31/2020 7:32:55 AM, 3278, 9191.75, 1643.1, 327.68, 222.6, 163.93, 323.87, 172.78, 245.81, 98.02, 30.6, 63.9, 125, 64.56, 87.89, , , , , 
1/31/2020 7:32:58 AM, 3278, 9191.5, 1643, 327.68, 222.6, 163.93, 323.87, 172.78, 245.81, 98.02, 30.6, 63.9, 125, 64.56, 87.89, , , , , 
1/31/2020 7:33:01 AM, 3278, 9191.75, 1643, 327.68, 222.6, 163.93, 323.87, 172.78, 245.81, 98.02, 30.6, 63.9, 125, 64.56, 87.89, , , , , 
1/31/2020 7:33:04 AM, 3278, 9191, 1643, 327.68, 222.6, 163.93, 323.87, 172.78, 245.81, 98.02, 30.6, 63.9, 125, 64.56, 87.89, , , , , 
1/31/2020 7:33:07 AM, 3277.75, 9191.5, 1642.9, 327.68, 222.6, 163.93, 323.87, 172.78, 245.81, 98.02, 30.6, 63.9, 125, 64.56, 87.89, , , , , 
1/31/2020 7:33:10 AM, 3277.75, 9191.75, 1643.1, 327.68, 222.6, 163.93, 323.87, 172.78, 245.81, 98.02, 30.6, 63.9, 125, 64.56, 87.89, , , , , 
1/31/2020 7:33:13 AM, 3278, 9191.75, 1643.1, 327.68, 222.6, 163.93, 323.87, 172.78, 245.81, 98.02, 30.6, 63.9, 125, 64.56, 87.89, , , , , 
1/31/2020 7:33:16 AM, 3278, 9192.5, 1643.1, 327.68, 222.6, 163.93, 323.87, 172.78, 245.81, 98.02, 30.6, 63.9, 125, 64.56, 87.89, , , , , 
1/31/2020 7:33:19 AM, 3278, 9192.5, 1643.1, 327.68, 222.6, 163.93, 323.87, 172.78, 245.81, 98.02, 30.6, 63.9, 125, 64.56, 87.89, , , , , 
1/31/2020 7:33:22 AM, 3278, 9192.25, 1643.1, 327.68, 222.6, 163.93, 323.87, 172.78, 245.81, 98.02, 30.6, 63.9, 125, 64.56, 87.89, , , , , 
1/31/2020 7:33:25 AM, 3277.75, 9192, 1643.1, 327.68, 222.6, 163.93, 323.87, 172.78, 245.81, 98.02, 30.6, 63.9, 125, 64.56, 87.89, , , , , 
1/31/2020 7:33:28 AM, 3277.75, 9192.25, 1643.1, 327.68, 222.6, 163.93, 323.87, 172.78, 245.81, 98.02, 30.6, 63.9, 125, 64.56, 87.89, , , , , 
1/31/2020 7:33:31 AM, 3277.75, 9192.25, 1643.1, 327.68, 222.6, 163.93, 323.87, 172.78, 245.81, 98.02, 30.6, 63.9, 125, 64.56, 87.89, , , , , 
1/31/2020 7:33:34 AM, 3277.75, 9191.75, 1643.1, 327.68, 222.6, 163.93, 323.87, 172.78, 245.81, 98.02, 30.6, 63.9, 125, 64.56, 87.89, , , , , 
1/31/2020 7:33:37 AM, 3277.75, 9191.25, 1643.1, 327.68, 222.6, 163.93, 323.87, 172.78, 245.81, 98.02, 30.6, 63.9, 125, 64.56, 87.89, , , , , 
1/31/2020 7:33:40 AM, 3277.75, 9192, 1643.1, 327.68, 222.6, 163.93, 323.87, 172.78, 245.81, 98.02, 30.6, 63.9, 125, 64.56, 87.89, , , , , 
1/31/2020 7:33:43 AM, 3277.75, 9192, 1643.1, 327.68, 222.6, 163.93, 323.87, 172.78, 245.81, 98.02, 30.6, 63.9, 125, 64.56, 87.89, , , , , 
1/31/2020 7:33:46 AM, 3278, 9191.75, 1643.1, 327.68, 222.6, 163.93, 323.87, 172.78, 245.81, 98.02, 30.6, 63.9, 125, 64.56, 87.89, , , , , 
1/31/2020 7:33:49 AM, 3278, 9191.75, 1643.1, 327.68, 222.6, 163.93, 323.87, 172.78, 245.81, 98.02, 30.6, 63.9, 125, 64.56, 87.89, , , , , 
1/31/2020 7:33:52 AM, 3278, 9191.75, 1643.1, 327.68, 222.6, 163.93, 323.87, 172.78, 245.81, 98.02, 30.6, 63.9, 125, 64.56, 87.89, , , , , 
1/31/2020 7:33:55 AM, 3278, 9191.75, 1643.1, 327.68, 222.6, 163.93, 323.87, 172.78, 245.81, 98.02, 30.6, 63.9, 125, 64.56, 87.89, , , , , 
1/31/2020 7:33:58 AM, 3277.75, 9192, 1643.1, 327.68, 222.6, 163.93, 323.87, 172.78, 245.81, 98.02, 30.6, 63.9, 125, 64.56, 87.89, , , , , 
1/31/2020 7:34:01 AM, 3277.75, 9192, 1643.1, 327.68, 222.6, 163.93, 323.87, 172.78, 245.81, 98.02, 30.6, 63.9, 125, 64.56, 87.89, , , , , 
1/31/2020 7:34:04 AM, 3278, 9192.25, 1643.2, 327.68, 222.6, 163.93, 323.87, 172.78, 245.81, 98.02, 30.6, 63.9, 125, 64.56, 87.89, , , , , 
1/31/2020 7:34:07 AM, 3278, 9192.25, 1643.2, 327.68, 222.6, 163.93, 323.87, 172.78, 245.81, 98.02, 30.6, 63.9, 125, 64.56, 87.89, , , , , 
1/31/2020 7:34:10 AM, 3278, 9192.5, 1643.2, 327.68, 222.6, 163.93, 323.87, 172.78, 245.81, 98.02, 30.6, 63.9, 125, 64.56, 87.89, , , , , 
1/31/2020 7:34:13 AM, 3278, 9192.5, 1643.2, 327.68, 222.6, 163.93, 323.87, 172.78, 245.81, 98.02, 30.6, 63.9, 125, 64.56, 87.89, , , , , 
1/31/2020 7:34:16 AM, 3278, 9192, 1643.1, 327.68, 222.6, 163.93, 323.87, 172.78, 245.81, 98.02, 30.6, 63.9, 125, 64.56, 87.89, , , , , 
1/31/2020 7:34:19 AM, 3278, 9192, 1643.1, 327.68, 222.6, 163.93, 323.87, 172.78, 245.81, 98.02, 30.6, 63.9, 125, 64.56, 87.89, , , , , 
1/31/2020 7:34:22 AM, 3278, 9192.25, 1643.2, 327.68, 222.6, 163.93, 323.87, 172.78, 245.81, 98.02, 30.6, 63.9, 125, 64.56, 87.89, , , , , 
1/31/2020 7:34:25 AM, 3278, 9192.25, 1643.2, 327.68, 222.6, 163.93, 323.87, 172.78, 245.81, 98.02, 30.6, 63.9, 125, 64.56, 87.89, , , , , 
1/31/2020 7:34:28 AM, 3278.25, 9193.25, 1643.3, 327.68, 222.6, 163.93, 323.87, 172.78, 245.81, 98.02, 30.6, 63.9, 125, 64.56, 87.89, , , , , 
1/31/2020 7:34:32 AM, 3278.5, 9193, 1643.4, 327.68, 222.6, 163.93, 323.87, 172.78, 245.81, 98.02, 30.6, 63.9, 125, 64.56, 87.89, , , , , 
1/31/2020 7:34:35 AM, 3278, 9192.75, 1643.4, 327.68, 222.6, 163.93, 323.87, 172.78, 245.81, 98.02, 30.6, 63.9, 125, 64.56, 87.89, , , , , 
1/31/2020 7:34:38 AM, 3278, 9192.75, 1643.4, 327.68, 222.6, 163.93, 323.87, 172.78, 245.81, 98.02, 30.6, 63.9, 125, 64.56, 87.89, , , , , 
1/31/2020 7:34:41 AM, 3278.25, 9193.75, 1643.3, 327.68, 222.6, 163.93, 323.87, 172.78, 245.81, 98.02, 30.6, 63.9, 125, 64.56, 87.89, , , , , 
1/31/2020 7:34:44 AM, 3278.25, 9193.75, 1643.3, 327.68, 222.6, 163.93, 323.87, 172.78, 245.81, 98.02, 30.6, 63.9, 125, 64.56, 87.89, , , , , 
1/31/2020 7:34:47 AM, 3278.5, 9194.75, 1643.3, 327.68, 222.6, 163.93, 323.87, 172.78, 245.81, 98.02, 30.6, 63.9, 125, 64.56, 87.89, , , , , 
1/31/2020 7:34:50 AM, 3278.75, 9194.75, 1643.3, 327.68, 222.6, 163.93, 323.87, 172.78, 245.81, 98.02, 30.6, 63.9, 125, 64.56, 87.89, , , , , 
1/31/2020 7:34:53 AM, 3278.75, 9194.25, 1643.5, 327.68, 222.6, 163.93, 323.87, 172.78, 245.81, 98.02, 30.6, 63.9, 125, 64.56, 87.89, , , , , 
1/31/2020 7:34:56 AM, 3278.75, 9194.25, 1643.5, 327.68, 222.6, 163.93, 323.87, 172.78, 245.81, 98.02, 30.6, 63.9, 125, 64.56, 87.89, , , , , 
1/31/2020 7:34:59 AM, 3278.5, 9193.5, 1643.5, 327.68, 222.6, 163.93, 323.87, 172.78, 245.81, 98.02, 30.6, 63.9, 125, 64.56, 87.89, , , , , 
1/31/2020 7:35:02 AM, 3278.5, 9193.5, 1643.5, 327.68, 222.6, 163.93, 323.87, 172.78, 245.81, 98.02, 30.6, 63.9, 125, 64.56, 87.89, , , , , 
1/31/2020 7:35:05 AM, 3278.25, 9193, 1643.5, 327.68, 222.6, 163.93, 323.87, 172.78, 245.81, 98.02, 30.6, 63.9, 125, 64.56, 87.89, , , , , 
1/31/2020 7:35:08 AM, 3278.25, 9193, 1643.5, 327.68, 222.6, 163.93, 323.87, 172.78, 245.81, 98.02, 30.6, 63.9, 125, 64.56, 87.89, , , , , 
1/31/2020 7:35:11 AM, 3278.25, 9192.75, 1643.4, 327.68, 222.6, 163.93, 323.87, 172.78, 245.81, 98.02, 30.6, 63.9, 125, 64.56, 87.89, , , , , 
1/31/2020 7:35:14 AM, 3278.25, 9192.75, 1643.4, 327.68, 222.6, 163.93, 323.87, 172.78, 245.81, 98.02, 30.6, 63.9, 125, 64.56, 87.89, , , , , 
1/31/2020 7:35:17 AM, 3278.5, 9193, 1643.4, 327.68, 222.6, 163.93, 323.87, 172.78, 245.81, 98.02, 30.6, 63.9, 125, 64.56, 87.89, , , , , 
1/31/2020 7:35:20 AM, 3278.5, 9193, 1643.4, 327.68, 222.6, 163.93, 323.87, 172.78, 245.81, 98.02, 30.6, 63.9, 125, 64.56, 87.89, , , , , 
1/31/2020 7:35:23 AM, 3278.25, 9192.75, 1643.6, 327.68, 222.6, 163.93, 323.87, 172.78, 245.81, 98.02, 30.6, 63.9, 125, 64.56, 87.89, , , , , 
1/31/2020 7:35:26 AM, 3278.25, 9192.75, 1643.6, 327.68, 222.6, 163.93, 323.87, 172.78, 245.81, 98.02, 30.6, 63.9, 125, 64.56, 87.89, , , , , 
1/31/2020 7:35:29 AM, 3278.75, 9194.25, 1643.6, 327.68, 222.6, 163.93, 323.87, 172.78, 245.81, 98.02, 30.6, 63.9, 125, 64.56, 87.89, , , , , 
1/31/2020 7:35:32 AM, 3278.75, 9194.25, 1643.6, 327.68, 222.6, 163.93, 323.87, 172.78, 245.81, 98.02, 30.6, 63.9, 125, 64.56, 87.89, , , , , 
1/31/2020 7:35:35 AM, 3278.75, 9194.25, 1643.6, 327.68, 222.6, 163.93, 323.87, 172.78, 245.81, 98.02, 30.6, 63.9, 125, 64.56, 87.89, , , , , 
1/31/2020 7:35:38 AM, 3278.75, 9194.25, 1643.6, 327.68, 222.6, 163.93, 323.87, 172.78, 245.81, 98.02, 30.6, 63.9, 125, 64.56, 87.89, , , , , 
1/31/2020 7:35:41 AM, 3278.75, 9193.75, 1643.6, 327.68, 222.6, 163.93, 323.87, 172.78, 245.81, 98.02, 30.6, 63.9, 125, 64.56, 87.89, , , , , 
1/31/2020 7:35:44 AM, 3278.75, 9193.75, 1643.6, 327.68, 222.6, 163.93, 323.87, 172.78, 245.81, 98.02, 30.6, 63.9, 125, 64.56, 87.89, , , , , 
1/31/2020 7:35:47 AM, 3278.5, 9193.5, 1643.9, 327.68, 222.6, 163.93, 323.87, 172.78, 245.81, 98.02, 30.6, 63.9, 125, 64.56, 87.89, , , , , 
1/31/2020 7:35:50 AM, 3278.5, 9193.5, 1643.9, 327.68, 222.6, 163.93, 323.87, 172.78, 245.81, 98.02, 30.6, 63.9, 125, 64.56, 87.89, , , , , 
1/31/2020 7:35:53 AM, 3278.5, 9193.75, 1643.8, 327.68, 222.6, 163.93, 323.87, 172.78, 245.81, 98.02, 30.6, 63.9, 125, 64.56, 87.89, , , , , 
1/31/2020 7:35:56 AM, 3278.5, 9193.75, 1643.8, 327.68, 222.6, 163.93, 323.87, 172.78, 245.81, 98.02, 30.6, 63.9, 125, 64.56, 87.89, , , , , 
1/31/2020 7:35:59 AM, 3278.75, 9193.75, 1643.8, 327.68, 222.6, 163.93, 323.87, 172.78, 245.81, 98.02, 30.6, 63.9, 125, 64.56, 87.89, , , , , 
1/31/2020 7:36:02 AM, 3278.75, 9193.5, 1643.8, 327.68, 222.6, 163.93, 323.87, 172.78, 245.81, 98.02, 30.6, 63.9, 125, 64.56, 87.89, , , , , 
1/31/2020 7:36:05 AM, 3278.75, 9193.75, 1643.8, 327.68, 222.6, 163.93, 323.87, 172.78, 245.81, 98.02, 30.6, 63.9, 125, 64.56, 87.89, , , , , 
1/31/2020 7:36:08 AM, 3278.75, 9193.75, 1643.8, 327.68, 222.6, 163.93, 323.87, 172.78, 245.81, 98.02, 30.6, 63.9, 125, 64.56, 87.89, , , , , 
1/31/2020 7:36:11 AM, 3278.75, 9193.75, 1643.8, 327.68, 222.6, 163.93, 323.87, 172.78, 245.81, 98.02, 30.6, 63.9, 125, 64.56, 87.89, , , , , 
1/31/2020 7:36:14 AM, 3278.5, 9193.25, 1643.8, 327.68, 222.6, 163.93, 323.87, 172.78, 245.81, 98.02, 30.6, 63.9, 125, 64.56, 87.89, , , , , 
1/31/2020 7:36:17 AM, 3278.5, 9193, 1643.8, 327.68, 222.6, 163.93, 323.87, 172.78, 245.81, 98.02, 30.6, 63.9, 125, 64.56, 87.89, , , , , 
1/31/2020 7:36:20 AM, 3278.25, 9192.75, 1643.7, 327.68, 222.6, 163.93, 323.87, 172.78, 245.81, 98.02, 30.6, 63.9, 125, 64.56, 87.89, , , , , 
1/31/2020 7:36:23 AM, 3278.25, 9192.75, 1643.7, 327.68, 222.6, 163.93, 323.87, 172.78, 245.81, 98.02, 30.6, 63.9, 125, 64.56, 87.89, , , , , 
1/31/2020 7:36:26 AM, 3278.5, 9193.25, 1643.7, 327.68, 222.6, 163.93, 323.87, 172.78, 245.81, 98.02, 30.6, 63.9, 125, 64.56, 87.89, , , , , 
1/31/2020 7:36:29 AM, 3278.5, 9193.5, 1643.7, 327.68, 222.6, 163.93, 323.87, 172.78, 245.81, 98.02, 30.6, 63.9, 125, 64.56, 87.89, , , , , 
1/31/2020 7:36:32 AM, 3278.5, 9193.25, 1643.7, 327.68, 222.6, 163.93, 323.87, 172.78, 245.81, 98.02, 30.6, 63.9, 125, 64.56, 87.89, , , , , 
1/31/2020 7:36:35 AM, 3278.5, 9193.25, 1643.7, 327.68, 222.6, 163.93, 323.87, 172.78, 245.81, 98.02, 30.6, 63.9, 125, 64.56, 87.89, , , , , 
1/31/2020 7:36:38 AM, 3278.75, 9193.5, 1643.7, 327.68, 222.6, 163.93, 323.87, 172.78, 245.81, 98.02, 30.6, 63.9, 125, 64.56, 87.89, , , , , 
1/31/2020 7:36:41 AM, 3278.75, 9193.5, 1643.7, 327.68, 222.6, 163.93, 323.87, 172.78, 245.81, 98.02, 30.6, 63.9, 125, 64.56, 87.89, , , , , 
1/31/2020 7:36:44 AM, 3278.5, 9192.75, 1643.7, 327.68, 222.6, 163.93, 323.87, 172.78, 245.81, 98.02, 30.6, 63.9, 125, 64.56, 87.89, , , , , 
1/31/2020 7:36:47 AM, 3278.25, 9193, 1643.7, 327.68, 222.6, 163.93, 323.87, 172.78, 245.81, 98.02, 30.6, 63.9, 125, 64.56, 87.89, , , , , 
1/31/2020 7:36:50 AM, 3278.25, 9193, 1643.7, 327.68, 222.6, 163.93, 323.87, 172.78, 245.81, 98.02, 30.6, 63.9, 125, 64.56, 87.89, , , , , 
1/31/2020 7:36:53 AM, 3278.5, 9193, 1643.7, 327.68, 222.6, 163.93, 323.87, 172.78, 245.81, 98.02, 30.6, 63.9, 125, 64.56, 87.89, , , , , 
1/31/2020 7:36:56 AM, 3278.5, 9193.25, 1643.7, 327.68, 222.6, 163.93, 323.87, 172.78, 245.81, 98.02, 30.6, 63.9, 125, 64.56, 87.89, , , , , 
1/31/2020 7:37:10 AM, 3278.25, 9192.25, 1643.6, 327.68, 222.6, 163.93, 323.87, 172.78, 245.81, 98.02, 30.6, 63.9, 125, 64.56, 87.89, , , , , 
1/31/2020 7:37:13 AM, 3278.25, 9192, 1643.6, 327.68, 222.6, 163.93, 323.87, 172.78, 245.81, 98.02, 30.6, 63.9, 125, 64.56, 87.89, , , , , 
1/31/2020 7:37:16 AM, 3278, 9192, 1643.5, 327.68, 222.6, 163.93, 323.87, 172.78, 245.81, 98.02, 30.6, 63.9, 125, 64.56, 87.89, , , , , 
1/31/2020 7:37:19 AM, 3278.25, 9192.5, 1643.5, 327.68, 222.6, 163.93, 323.87, 172.78, 245.81, 98.02, 30.6, 63.9, 125, 64.56, 87.89, , , , , 
1/31/2020 7:37:22 AM, 3278.25, 9192.5, 1643.5, 327.68, 222.6, 163.93, 323.87, 172.78, 245.81, 98.02, 30.6, 63.9, 125, 64.56, 87.89, , , , , 
1/31/2020 7:37:25 AM, 3278.5, 9192.75, 1643.5, 327.68, 222.6, 163.93, 323.87, 172.78, 245.81, 98.02, 30.6, 63.9, 125, 64.56, 87.89, , , , , 
1/31/2020 7:37:28 AM, 3278.25, 9193, 1643.5, 327.68, 222.6, 163.93, 323.87, 172.78, 245.81, 98.02, 30.6, 63.9, 125, 64.56, 87.89, , , , , 
1/31/2020 7:37:31 AM, 3278.25, 9192.75, 1643.5, 327.68, 222.6, 163.93, 323.87, 172.78, 245.81, 98.02, 30.6, 63.9, 125, 64.56, 87.89, , , , , 
1/31/2020 7:37:34 AM, 3278.25, 9192.75, 1643.5, 327.68, 222.6, 163.93, 323.87, 172.78, 245.81, 98.02, 30.6, 63.9, 125, 64.56, 87.89, , , , , 
1/31/2020 7:37:37 AM, 3278.25, 9192.75, 1643.5, 327.68, 222.6, 163.93, 323.87, 172.78, 245.81, 98.02, 30.6, 63.9, 125, 64.56, 87.89, , , , , 
1/31/2020 7:37:40 AM, 3278.5, 9193.25, 1643.5, 327.68, 222.6, 163.93, 323.87, 172.78, 245.81, 98.02, 30.6, 63.9, 125, 64.56, 87.89, , , , , 
1/31/2020 7:37:43 AM, 3278.5, 9193.25, 1643.5, 327.68, 222.6, 163.93, 323.87, 172.78, 245.81, 98.02, 30.6, 63.9, 125, 64.56, 87.89, , , , , 
1/31/2020 7:37:46 AM, 3278.5, 9193, 1643.5, 327.68, 222.6, 163.93, 323.87, 172.78, 245.81, 98.02, 30.6, 63.9, 125, 64.56, 87.89, , , , , 
1/31/2020 7:37:49 AM, 3278.5, 9193, 1643.5, 327.68, 222.6, 163.93, 323.87, 172.78, 245.81, 98.02, 30.6, 63.9, 125, 64.56, 87.89, , , , , 
1/31/2020 7:37:52 AM, 3278.5, 9193.25, 1643.6, 327.68, 222.6, 163.93, 323.87, 172.78, 245.81, 98.02, 30.6, 63.9, 125, 64.56, 87.89, , , , , 
1/31/2020 7:37:55 AM, 3278.5, 9193.25, 1643.6, 327.68, 222.6, 163.93, 323.87, 172.78, 245.81, 98.02, 30.6, 63.9, 125, 64.56, 87.89, , , , , 
1/31/2020 7:37:58 AM, 3278.5, 9193.25, 1643.6, 327.68, 222.6, 163.93, 323.87, 172.78, 245.81, 98.02, 30.6, 63.9, 125, 64.56, 87.89, , , , , 
1/31/2020 7:38:01 AM, 3278.5, 9193.25, 1643.6, 327.68, 222.6, 163.93, 323.87, 172.78, 245.81, 98.02, 30.6, 63.9, 125, 64.56, 87.89, , , , , 
1/31/2020 7:38:04 AM, 3278.75, 9195, 1643.9, 327.68, 222.6, 163.93, 323.87, 172.78, 245.81, 98.02, 30.6, 63.9, 125, 64.56, 87.89, , , , , 
1/31/2020 7:38:07 AM, 3278.75, 9194.5, 1643.8, 327.68, 222.6, 163.93, 323.87, 172.78, 245.81, 98.02, 30.6, 63.9, 125, 64.56, 87.89, , , , , 
1/31/2020 7:38:10 AM, 3279.5, 9196.5, 1643.9, 327.68, 222.6, 163.93, 323.87, 172.78, 245.81, 98.02, 30.6, 63.9, 125, 64.56, 87.89, , , , , 
1/31/2020 7:38:13 AM, 3279.5, 9196.5, 1643.9, 327.68, 222.6, 163.93, 323.87, 172.78, 245.81, 98.02, 30.6, 63.9, 125, 64.56, 87.89, , , , , 
1/31/2020 7:38:16 AM, 3279.25, 9195.5, 1644.1, 327.68, 222.6, 163.93, 323.87, 172.78, 245.81, 98.02, 30.6, 63.9, 125, 64.56, 87.89, , , , , 
1/31/2020 7:38:19 AM, 3279.25, 9195.75, 1644.1, 327.68, 222.6, 163.93, 323.87, 172.78, 245.81, 98.02, 30.6, 63.9, 125, 64.56, 87.89, , , , , 
1/31/2020 7:38:22 AM, 3279.5, 9196, 1644, 327.68, 222.6, 163.93, 323.87, 172.78, 245.81, 98.02, 30.6, 63.9, 125, 64.56, 87.89, , , , , 
1/31/2020 7:38:25 AM, 3279.5, 9195.75, 1644, 327.68, 222.6, 163.93, 323.87, 172.78, 245.81, 98.02, 30.6, 63.9, 125, 64.56, 87.89, , , , , 
1/31/2020 7:38:28 AM, 3279.25, 9195.25, 1644.1, 327.68, 222.6, 163.93, 323.87, 172.78, 245.81, 98.02, 30.6, 63.9, 125, 64.56, 87.89, , , , , 
1/31/2020 7:38:32 AM, 3279.25, 9195.25, 1644.1, 327.68, 222.6, 163.93, 323.87, 172.78, 245.81, 98.02, 30.6, 63.9, 125, 64.56, 87.89, , , , , 
1/31/2020 7:38:35 AM, 3279.25, 9194.5, 1644.1, 327.68, 222.6, 163.93, 323.87, 172.78, 245.81, 98.02, 30.6, 63.9, 125, 64.56, 87.89, , , , , 
1/31/2020 7:38:38 AM, 3279.25, 9194.5, 1644.1, 327.68, 222.6, 163.93, 323.87, 172.78, 245.81, 98.02, 30.6, 63.9, 125, 64.56, 87.89, , , , , 
1/31/2020 7:38:41 AM, 3279.25, 9194.5, 1643.9, 327.68, 222.6, 163.93, 323.87, 172.78, 245.81, 98.02, 30.6, 63.9, 125, 64.56, 87.89, , , , , 
1/31/2020 7:38:44 AM, 3279.25, 9194.5, 1643.9, 327.68, 222.6, 163.93, 323.87, 172.78, 245.81, 98.02, 30.6, 63.9, 125, 64.56, 87.89, , , , , 
1/31/2020 7:38:47 AM, 3279.25, 9194.75, 1644, 327.68, 222.6, 163.93, 323.87, 172.78, 245.81, 98.02, 30.6, 63.9, 125, 64.56, 87.89, , , , , 
1/31/2020 7:38:50 AM, 3279.25, 9194.75, 1644, 327.68, 222.6, 163.93, 323.87, 172.78, 245.81, 98.02, 30.6, 63.9, 125, 64.56, 87.89, , , , , 
1/31/2020 7:38:53 AM, 3279, 9194.75, 1644, 327.68, 222.6, 163.93, 323.87, 172.78, 245.81, 98.02, 30.6, 63.9, 125, 64.56, 87.89, , , , , 
1/31/2020 7:38:56 AM, 3279, 9194.75, 1644, 327.68, 222.6, 163.93, 323.87, 172.78, 245.81, 98.02, 30.6, 63.9, 125, 64.56, 87.89, , , , , 
1/31/2020 7:38:59 AM, 3279.25, 9195, 1644, 327.68, 222.6, 163.93, 323.87, 172.78, 245.81, 98.02, 30.6, 63.9, 125, 64.56, 87.89, , , , , 
1/31/2020 7:39:02 AM, 3279.25, 9195.5, 1644.1, 327.68, 222.6, 163.93, 323.87, 172.78, 245.81, 98.02, 30.6, 63.9, 125, 64.56, 87.89, , , , , 
1/31/2020 7:39:05 AM, 3279.25, 9195.75, 1644.1, 327.68, 222.6, 163.93, 323.87, 172.78, 245.81, 98.02, 30.6, 63.9, 125, 64.56, 87.89, , , , , 
1/31/2020 7:39:08 AM, 3279.25, 9195.75, 1644.1, 327.68, 222.6, 163.93, 323.87, 172.78, 245.81, 98.02, 30.6, 63.9, 125, 64.56, 87.89, , , , , 
1/31/2020 7:39:11 AM, 3279.25, 9195.5, 1644.1, 327.68, 222.6, 163.93, 323.87, 172.78, 245.81, 98.02, 30.6, 63.9, 125, 64.56, 87.89, , , , , 
1/31/2020 7:39:14 AM, 3279.25, 9195.5, 1644, 327.68, 222.6, 163.93, 323.87, 172.78, 245.81, 98.02, 30.6, 63.9, 125, 64.56, 87.89, , , , , 
1/31/2020 7:39:17 AM, 3279.25, 9196, 1644, 327.68, 222.6, 163.93, 323.87, 172.78, 245.81, 98.02, 30.6, 63.9, 125, 64.56, 87.89, , , , , 
1/31/2020 7:39:20 AM, 3279.75, 9198, 1644, 327.68, 222.6, 163.93, 323.87, 172.78, 245.81, 98.02, 30.6, 63.9, 125, 64.56, 87.89, , , , , 
1/31/2020 7:39:23 AM, 3279.5, 9197.75, 1644, 327.68, 222.6, 163.93, 323.87, 172.78, 245.81, 98.02, 30.6, 63.9, 125, 64.56, 87.89, , , , , 
1/31/2020 7:39:26 AM, 3279.5, 9197.75, 1644, 327.68, 222.6, 163.93, 323.87, 172.78, 245.81, 98.02, 30.6, 63.9, 125, 64.56, 87.89, , , , , 
1/31/2020 7:39:29 AM, 3279.5, 9197.5, 1644.2, 327.68, 222.6, 163.93, 323.87, 172.78, 245.81, 98.02, 30.6, 63.9, 125, 64.56, 87.89, , , , , 
1/31/2020 7:39:32 AM, 3279.5, 9197.5, 1644.2, 327.68, 222.6, 163.93, 323.87, 172.78, 245.81, 98.02, 30.6, 63.9, 125, 64.56, 87.89, , , , , 
1/31/2020 7:39:35 AM, 3279.5, 9197.5, 1644.1, 327.68, 222.6, 163.93, 323.87, 172.78, 245.81, 98.02, 30.6, 63.9, 125, 64.56, 87.89, , , , , 
1/31/2020 7:39:38 AM, 3279.5, 9197.5, 1644.1, 327.68, 222.6, 163.93, 323.87, 172.78, 245.81, 98.02, 30.6, 63.9, 125, 64.56, 87.89, , , , , 
1/31/2020 7:39:41 AM, 3279.5, 9196.5, 1644.1, 327.68, 222.6, 163.93, 323.87, 172.78, 245.81, 98.02, 30.6, 63.9, 125, 64.56, 87.89, , , , , 
1/31/2020 7:39:44 AM, 3279.5, 9196.5, 1644.1, 327.68, 222.6, 163.93, 323.87, 172.78, 245.81, 98.02, 30.6, 63.9, 125, 64.56, 87.89, , , , , 
1/31/2020 7:39:47 AM, 3279.25, 9196, 1644, 327.68, 222.6, 163.93, 323.87, 172.78, 245.81, 98.02, 30.6, 63.9, 125, 64.56, 87.89, , , , , 
1/31/2020 7:39:50 AM, 3279, 9195.5, 1644, 327.68, 222.6, 163.93, 323.87, 172.78, 245.81, 98.02, 30.6, 63.9, 125, 64.56, 87.89, , , , , 
1/31/2020 7:39:53 AM, 3279, 9195.25, 1644, 327.68, 222.6, 163.93, 323.87, 172.78, 245.81, 98.02, 30.6, 63.9, 125, 64.56, 87.89, , , , , 
1/31/2020 7:39:56 AM, 3279, 9195.25, 1644, 327.68, 222.6, 163.93, 323.87, 172.78, 245.81, 98.02, 30.6, 63.9, 125, 64.56, 87.89, , , , , 
1/31/2020 7:39:59 AM, 3279.25, 9196.75, 1644.1, 327.68, 222.6, 163.93, 323.87, 172.78, 245.81, 98.02, 30.6, 63.9, 125, 64.56, 87.89, , , , , 
1/31/2020 7:40:02 AM, 3279.25, 9196.75, 1644.1, 327.68, 222.6, 163.93, 323.87, 172.78, 245.81, 98.02, 30.6, 63.9, 125, 64.56, 87.89, , , , , 
1/31/2020 7:40:05 AM, 3280, 9198.5, 1644.3, 327.68, 222.6, 163.93, 323.87, 172.78, 245.81, 98.02, 30.6, 63.9, 125, 64.56, 87.89, , , , , 
1/31/2020 7:40:08 AM, 3279.75, 9197.25, 1644.1, 327.68, 222.6, 163.93, 323.87, 172.78, 245.81, 98.02, 30.6, 63.9, 125, 64.56, 87.89, , , , , 
1/31/2020 7:40:11 AM, 3279.5, 9196.25, 1644.1, 327.68, 222.6, 163.93, 323.87, 172.78, 245.81, 98.02, 30.6, 63.9, 125, 64.56, 87.89, , , , , 
1/31/2020 7:40:14 AM, 3279.75, 9196, 1644.3, 327.68, 222.6, 163.93, 323.87, 172.78, 245.81, 98.02, 30.6, 63.9, 125, 64.56, 87.89, , , , , 
1/31/2020 7:40:17 AM, 3279.75, 9196, 1644.3, 327.68, 222.6, 163.93, 323.87, 172.78, 245.81, 98.02, 30.6, 63.9, 125, 64.56, 87.89, , , , , 
1/31/2020 7:40:20 AM, 3279.5, 9195.75, 1644.2, 327.68, 222.6, 163.93, 323.87, 172.78, 245.81, 98.02, 30.6, 63.9, 125, 64.56, 87.89, , , , , 
1/31/2020 7:40:23 AM, 3279.5, 9195.75, 1644.2, 327.68, 222.6, 163.93, 323.87, 172.78, 245.81, 98.02, 30.6, 63.9, 125, 64.56, 87.89, , , , , 
1/31/2020 7:40:26 AM, 3279.5, 9195.5, 1644.2, 327.68, 222.6, 163.93, 323.87, 172.78, 245.81, 98.02, 30.6, 63.9, 125, 64.56, 87.89, , , , , 
1/31/2020 7:40:29 AM, 3279.5, 9195.5, 1644.2, 327.68, 222.6, 163.93, 323.87, 172.78, 245.81, 98.02, 30.6, 63.9, 125, 64.56, 87.89, , , , , 
1/31/2020 7:40:32 AM, 3279.5, 9195.25, 1644.1, 327.68, 222.6, 163.93, 323.87, 172.78, 245.81, 98.02, 30.6, 63.9, 125, 64.56, 87.89, , , , , 
1/31/2020 7:40:35 AM, 3279.5, 9194.75, 1644.1, 327.68, 222.6, 163.93, 323.87, 172.78, 245.81, 98.02, 30.6, 63.9, 125, 64.56, 87.89, , , , , 
1/31/2020 7:40:38 AM, 3279.5, 9195.25, 1644.1, 327.68, 222.6, 163.93, 323.87, 172.78, 245.81, 98.02, 30.6, 63.9, 125, 64.56, 87.89, , , , , 
1/31/2020 7:40:41 AM, 3279.5, 9195.25, 1644.1, 327.68, 222.6, 163.93, 323.87, 172.78, 245.81, 98.02, 30.6, 63.9, 125, 64.56, 87.89, , , , , 
1/31/2020 7:40:44 AM, 3279.25, 9194.75, 1644.1, 327.68, 222.6, 163.93, 323.87, 172.78, 245.81, 98.02, 30.6, 63.9, 125, 64.56, 87.89, , , , , 
1/31/2020 7:40:47 AM, 3279.25, 9194.5, 1644, 327.68, 222.6, 163.93, 323.87, 172.78, 245.81, 98.02, 30.6, 63.9, 125, 64.56, 87.89, , , , , 
1/31/2020 7:40:50 AM, 3279.25, 9194.75, 1644, 327.68, 222.6, 163.93, 323.87, 172.78, 245.81, 98.02, 30.6, 63.9, 125, 64.56, 87.89, , , , , 
1/31/2020 7:40:53 AM, 3279.25, 9194.25, 1644, 327.68, 222.6, 163.93, 323.87, 172.78, 245.81, 98.02, 30.6, 63.9, 125, 64.56, 87.89, , , , , 
1/31/2020 7:40:56 AM, 3279.25, 9194, 1643.9, 327.68, 222.6, 163.93, 323.87, 172.78, 245.81, 98.02, 30.6, 63.9, 125, 64.56, 87.89, , , , , 
1/31/2020 7:40:59 AM, 3279.25, 9194, 1643.9, 327.68, 222.6, 163.93, 323.87, 172.78, 245.81, 98.02, 30.6, 63.9, 125, 64.56, 87.89, , , , , 
1/31/2020 7:41:03 AM, 3279.25, 9195, 1643.9, 327.68, 222.6, 163.93, 323.87, 172.78, 245.81, 98.02, 30.6, 63.9, 125, 64.56, 87.89, , , , , 
1/31/2020 7:41:06 AM, 3279.25, 9195.25, 1643.9, 327.68, 222.6, 163.93, 323.87, 172.78, 245.81, 98.02, 30.6, 63.9, 125, 64.56, 87.89, , , , , 
1/31/2020 7:41:09 AM, 3279.25, 9195.5, 1644, 327.68, 222.6, 163.93, 323.87, 172.78, 245.81, 98.02, 30.6, 63.9, 125, 64.56, 87.89, , , , , 
1/31/2020 7:41:12 AM, 3279.5, 9196, 1644, 327.68, 222.6, 163.93, 323.87, 172.78, 245.81, 98.02, 30.6, 63.9, 125, 64.56, 87.89, , , , , 
1/31/2020 7:41:15 AM, 3279.5, 9195.75, 1644, 327.68, 222.6, 163.93, 323.87, 172.78, 245.81, 98.02, 30.6, 63.9, 125, 64.56, 87.89, , , , , 
1/31/2020 7:41:18 AM, 3279.5, 9195.5, 1644, 327.68, 222.6, 163.93, 323.87, 172.78, 245.81, 98.02, 30.6, 63.9, 125, 64.56, 87.89, , , , , 
1/31/2020 7:41:21 AM, 3279.5, 9195.25, 1644, 327.68, 222.6, 163.93, 323.87, 172.78, 245.81, 98.02, 30.6, 63.9, 125, 64.56, 87.89, , , , , 
1/31/2020 7:41:24 AM, 3279.25, 9194.5, 1644, 327.68, 222.6, 163.93, 323.87, 172.78, 245.81, 98.02, 30.6, 63.9, 125, 64.56, 87.89, , , , , 
1/31/2020 7:41:27 AM, 3279.25, 9194.75, 1644, 327.68, 222.6, 163.93, 323.87, 172.78, 245.81, 98.02, 30.6, 63.9, 125, 64.56, 87.89, , , , , 
1/31/2020 7:41:30 AM, 3279.25, 9194.75, 1644, 327.68, 222.6, 163.93, 323.87, 172.78, 245.81, 98.02, 30.6, 63.9, 125, 64.56, 87.89, , , , , 
1/31/2020 7:41:33 AM, 3279.25, 9194.75, 1644, 327.68, 222.6, 163.93, 323.87, 172.78, 245.81, 98.02, 30.6, 63.9, 125, 64.56, 87.89, , , , , 
1/31/2020 7:41:36 AM, 3279.5, 9195.75, 1644, 327.68, 222.6, 163.93, 323.87, 172.78, 245.81, 98.02, 30.6, 63.9, 125, 64.56, 87.89, , , , , 
1/31/2020 7:41:39 AM, 3279.5, 9195.25, 1644, 327.68, 222.6, 163.93, 323.87, 172.78, 245.81, 98.02, 30.6, 63.9, 125, 64.56, 87.89, , , , , 
1/31/2020 7:41:42 AM, 3279.5, 9195.75, 1644, 327.68, 222.6, 163.93, 323.87, 172.78, 245.81, 98.02, 30.6, 63.9, 125, 64.56, 87.89, , , , , 
1/31/2020 7:41:45 AM, 3279.5, 9195.75, 1644.1, 327.68, 222.6, 163.93, 323.87, 172.78, 245.81, 98.02, 30.6, 63.9, 125, 64.56, 87.89, , , , , 
1/31/2020 7:41:48 AM, 3279.5, 9195.75, 1644.1, 327.68, 222.6, 163.93, 323.87, 172.78, 245.81, 98.02, 30.6, 63.9, 125, 64.56, 87.89, , , , , 
1/31/2020 7:41:51 AM, 3279.5, 9195.75, 1644.1, 327.68, 222.6, 163.93, 323.87, 172.78, 245.81, 98.02, 30.6, 63.9, 125, 64.56, 87.89, , , , , 
1/31/2020 7:41:54 AM, 3279.75, 9196, 1644.1, 327.68, 222.6, 163.93, 323.87, 172.78, 245.81, 98.02, 30.6, 63.9, 125, 64.56, 87.89, , , , , 
1/31/2020 7:41:57 AM, 3279.75, 9195.75, 1644.1, 327.68, 222.6, 163.93, 323.87, 172.78, 245.81, 98.02, 30.6, 63.9, 125, 64.56, 87.89, , , , , 
1/31/2020 7:42:00 AM, 3279.75, 9196, 1644.1, 327.68, 222.6, 163.93, 323.87, 172.78, 245.81, 98.02, 30.6, 63.9, 125, 64.56, 87.89, , , , , 
1/31/2020 7:42:03 AM, 3279.75, 9195.75, 1644.1, 327.68, 222.6, 163.93, 323.87, 172.78, 245.81, 98.02, 30.6, 63.9, 125, 64.56, 87.89, , , , , 
1/31/2020 7:42:06 AM, 3279.75, 9196.25, 1644.1, 327.68, 222.6, 163.93, 323.87, 172.78, 245.81, 98.02, 30.6, 63.9, 125, 64.56, 87.89, , , , , 
1/31/2020 7:42:09 AM, 3279.75, 9196.25, 1644.1, 327.68, 222.6, 163.93, 323.87, 172.78, 245.81, 98.02, 30.6, 63.9, 125, 64.56, 87.89, , , , , 
1/31/2020 7:42:12 AM, 3279.75, 9196.25, 1644.1, 327.68, 222.6, 163.93, 323.87, 172.78, 245.81, 98.02, 30.6, 63.9, 125, 64.56, 87.89, , , , , 
1/31/2020 7:42:15 AM, 3279.75, 9196, 1644.1, 327.68, 222.6, 163.93, 323.87, 172.78, 245.81, 98.02, 30.6, 63.9, 125, 64.56, 87.89, , , , , 
1/31/2020 7:42:18 AM, 3279.75, 9195.75, 1644.1, 327.68, 222.6, 163.93, 323.87, 172.78, 245.81, 98.02, 30.6, 63.9, 125, 64.56, 87.89, , , , , 
1/31/2020 7:42:21 AM, 3279.75, 9195.5, 1644.1, 327.68, 222.6, 163.93, 323.87, 172.78, 245.81, 98.02, 30.6, 63.9, 125, 64.56, 87.89, , , , , 
1/31/2020 7:42:24 AM, 3279.5, 9195, 1644, 327.68, 222.6, 163.93, 323.87, 172.78, 245.81, 98.02, 30.6, 63.9, 125, 64.56, 87.89, , , , , 
1/31/2020 7:42:27 AM, 3279.75, 9195.5, 1644, 327.68, 222.6, 163.93, 323.87, 172.78, 245.81, 98.02, 30.6, 63.9, 125, 64.56, 87.89, , , , , 
1/31/2020 7:42:30 AM, 3279.75, 9195.5, 1644, 327.68, 222.6, 163.93, 323.87, 172.78, 245.81, 98.02, 30.6, 63.9, 125, 64.56, 87.89, , , , , 
1/31/2020 7:42:33 AM, 3279.75, 9196.25, 1644.1, 327.68, 222.6, 163.93, 323.87, 172.78, 245.81, 98.02, 30.6, 63.9, 125, 64.56, 87.89, , , , , 
1/31/2020 7:42:36 AM, 3279.75, 9196.25, 1644.1, 327.68, 222.6, 163.93, 323.87, 172.78, 245.81, 98.02, 30.6, 63.9, 125, 64.56, 87.89, , , , , 
1/31/2020 7:42:39 AM, 3279.75, 9196, 1644.1, 327.68, 222.6, 163.93, 323.87, 172.78, 245.81, 98.02, 30.6, 63.9, 125, 64.56, 87.89, , , , , 
1/31/2020 7:42:42 AM, 3279.75, 9196.5, 1644.1, 327.68, 222.6, 163.93, 323.87, 172.78, 245.81, 98.02, 30.6, 63.9, 125, 64.56, 87.89, , , , , 
1/31/2020 7:42:45 AM, 3279.75, 9196.25, 1644.1, 327.68, 222.6, 163.93, 323.87, 172.78, 245.81, 98.02, 30.6, 63.9, 125, 64.56, 87.89, , , , , 
1/31/2020 7:42:48 AM, 3279.75, 9196.5, 1644.2, 327.68, 222.6, 163.93, 323.87, 172.78, 245.81, 98.02, 30.6, 63.9, 125, 64.56, 87.89, , , , , 
1/31/2020 7:42:51 AM, 3279.75, 9196.25, 1644.2, 327.68, 222.6, 163.93, 323.87, 172.78, 245.81, 98.02, 30.6, 63.9, 125, 64.56, 87.89, , , , , 
1/31/2020 7:42:54 AM, 3279.75, 9196.5, 1644.2, 327.68, 222.6, 163.93, 323.87, 172.78, 245.81, 98.02, 30.6, 63.9, 125, 64.56, 87.89, , , , , 
1/31/2020 7:42:57 AM, 3279.75, 9196.25, 1644.2, 327.68, 222.6, 163.93, 323.87, 172.78, 245.81, 98.02, 30.6, 63.9, 125, 64.56, 87.89, , , , , 
1/31/2020 7:43:00 AM, 3279.75, 9196.5, 1644.2, 327.68, 222.6, 163.93, 323.87, 172.78, 245.81, 98.02, 30.6, 63.9, 125, 64.56, 87.89, , , , , 
1/31/2020 7:43:03 AM, 3280.25, 9197.75, 1644.3, 327.68, 222.6, 163.93, 323.87, 172.78, 245.81, 98.02, 30.6, 63.9, 125, 64.56, 87.89, , , , , 
1/31/2020 7:43:06 AM, 3280, 9197.5, 1644.3, 327.68, 222.6, 163.93, 323.87, 172.78, 245.81, 98.02, 30.6, 63.9, 125, 64.56, 87.89, , , , , 
1/31/2020 7:43:09 AM, 3280, 9197.75, 1644.3, 327.68, 222.6, 163.93, 323.87, 172.78, 245.81, 98.02, 30.6, 63.9, 125, 64.56, 87.89, , , , , 
1/31/2020 7:43:12 AM, 3280.25, 9197.75, 1644.4, 327.68, 222.6, 163.93, 323.87, 172.78, 245.81, 98.02, 30.6, 63.9, 125, 64.56, 87.89, , , , , 
1/31/2020 7:43:15 AM, 3280.25, 9198.5, 1644.4, 327.68, 222.6, 163.93, 323.87, 172.78, 245.81, 98.02, 30.6, 63.9, 125, 64.56, 87.89, , , , , 
1/31/2020 7:43:18 AM, 3280.5, 9198.5, 1644.4, 327.68, 222.6, 163.93, 323.87, 172.78, 245.81, 98.02, 30.6, 63.9, 125, 64.56, 87.89, , , , , 
1/31/2020 7:43:21 AM, 3280.5, 9199.25, 1644.4, 327.68, 222.6, 163.93, 323.87, 172.78, 245.81, 98.02, 30.6, 63.9, 125, 64.56, 87.89, , , , , 
1/31/2020 7:43:24 AM, 3280.25, 9199, 1644.4, 327.68, 222.6, 163.93, 323.87, 172.78, 245.81, 98.02, 30.6, 63.9, 125, 64.56, 87.89, , , , , 
1/31/2020 7:43:27 AM, 3280.5, 9199, 1644.4, 327.68, 222.6, 163.93, 323.87, 172.78, 245.81, 98.02, 30.6, 63.9, 125, 64.56, 87.89, , , , , 
1/31/2020 7:43:30 AM, 3280, 9197, 1644.2, 327.68, 222.6, 163.93, 323.87, 172.78, 245.81, 98.02, 30.6, 63.9, 125, 64.56, 87.89, , , , , 
1/31/2020 7:43:33 AM, 3280, 9197.25, 1644.2, 327.68, 222.6, 163.93, 323.87, 172.78, 245.81, 98.02, 30.6, 63.9, 125, 64.56, 87.89, , , , , 
1/31/2020 7:43:36 AM, 3280, 9197.25, 1644.2, 327.68, 222.6, 163.93, 323.87, 172.78, 245.81, 98.02, 30.6, 63.9, 125, 64.56, 87.89, , , , , 
1/31/2020 7:43:39 AM, 3279.75, 9197.5, 1644.2, 327.68, 222.6, 163.93, 323.87, 172.78, 245.81, 98.02, 30.6, 63.9, 125, 64.56, 87.89, , , , , 
1/31/2020 7:43:42 AM, 3279.75, 9197.5, 1644.2, 327.68, 222.6, 163.93, 323.87, 172.78, 245.81, 98.02, 30.6, 63.9, 125, 64.56, 87.89, , , , , 
1/31/2020 7:43:45 AM, 3280, 9198, 1644.2, 327.68, 222.6, 163.93, 323.87, 172.78, 245.81, 98.02, 30.6, 63.9, 125, 64.56, 87.89, , , , , 
1/31/2020 7:43:49 AM, 3280.25, 9198.75, 1644.3, 327.68, 222.6, 163.93, 323.87, 172.78, 245.81, 98.02, 30.6, 63.9, 125, 64.56, 87.89, , , , , 
1/31/2020 7:43:52 AM, 3280.25, 9198.75, 1644.3, 327.68, 222.6, 163.93, 323.87, 172.78, 245.81, 98.02, 30.6, 63.9, 125, 64.56, 87.89, , , , , 
1/31/2020 7:43:55 AM, 3280.25, 9198.75, 1644.5, 327.68, 222.6, 163.93, 323.87, 172.78, 245.81, 98.02, 30.6, 63.9, 125, 64.56, 87.89, , , , , 
1/31/2020 7:43:58 AM, 3280, 9197, 1644.1, 327.68, 222.6, 163.93, 323.87, 172.78, 245.81, 98.02, 30.6, 63.9, 125, 64.56, 87.89, , , , , 
1/31/2020 7:44:01 AM, 3280, 9196.75, 1644, 327.68, 222.6, 163.93, 323.87, 172.78, 245.81, 98.02, 30.6, 63.9, 125, 64.56, 87.89, , , , , 
1/31/2020 7:44:04 AM, 3280, 9197.25, 1643.9, 327.68, 222.6, 163.93, 323.87, 172.78, 245.81, 98.02, 30.6, 63.9, 125, 64.56, 87.89, , , , , 
1/31/2020 7:44:07 AM, 3280, 9197.25, 1643.9, 327.68, 222.6, 163.93, 323.87, 172.78, 245.81, 98.02, 30.6, 63.9, 125, 64.56, 87.89, , , , , 
1/31/2020 7:44:10 AM, 3280, 9197, 1643.9, 327.68, 222.6, 163.93, 323.87, 172.78, 245.81, 98.02, 30.6, 63.9, 125, 64.56, 87.89, , , , , 
1/31/2020 7:44:13 AM, 3280, 9197.25, 1643.9, 327.68, 222.6, 163.93, 323.87, 172.78, 245.81, 98.02, 30.6, 63.9, 125, 64.56, 87.89, , , , , 
1/31/2020 7:44:16 AM, 3280, 9196.75, 1644, 327.68, 222.6, 163.93, 323.87, 172.78, 245.81, 98.02, 30.6, 63.9, 125, 64.56, 87.89, , , , , 
1/31/2020 7:44:19 AM, 3279.75, 9196.75, 1644, 327.68, 222.6, 163.93, 323.87, 172.78, 245.81, 98.02, 30.6, 63.9, 125, 64.56, 87.89, , , , , 
1/31/2020 7:44:22 AM, 3279.75, 9196.75, 1644, 327.68, 222.6, 163.93, 323.87, 172.78, 245.81, 98.02, 30.6, 63.9, 125, 64.56, 87.89, , , , , 
1/31/2020 7:44:25 AM, 3280, 9196.5, 1644, 327.68, 222.6, 163.93, 323.87, 172.78, 245.81, 98.02, 30.6, 63.9, 125, 64.56, 87.89, , , , , 
1/31/2020 7:44:28 AM, 3279.75, 9195.25, 1643.9, 327.68, 222.6, 163.93, 323.87, 172.78, 245.81, 98.02, 30.6, 63.9, 125, 64.56, 87.89, , , , , 
1/31/2020 7:44:31 AM, 3279.5, 9194.75, 1643.9, 327.68, 222.6, 163.93, 323.87, 172.78, 245.81, 98.02, 30.6, 63.9, 125, 64.56, 87.89, , , , , 
1/31/2020 7:44:34 AM, 3279.25, 9194.75, 1643.9, 327.68, 222.6, 163.93, 323.87, 172.78, 245.81, 98.02, 30.6, 63.9, 125, 64.56, 87.89, , , , , 
1/31/2020 7:44:37 AM, 3279.25, 9194.25, 1643.9, 327.68, 222.6, 163.93, 323.87, 172.78, 245.81, 98.02, 30.6, 63.9, 125, 64.56, 87.89, , , , , 
1/31/2020 7:44:40 AM, 3279.25, 9194.5, 1643.6, 327.68, 222.6, 163.93, 323.87, 172.78, 245.81, 98.02, 30.6, 63.9, 125, 64.56, 87.89, , , , , 
1/31/2020 7:44:43 AM, 3279, 9194, 1643.6, 327.68, 222.6, 163.93, 323.87, 172.78, 245.81, 98.02, 30.6, 63.9, 125, 64.56, 87.89, , , , , 
1/31/2020 7:44:46 AM, 3278.75, 9193.25, 1643.4, 327.68, 222.6, 163.93, 323.87, 172.78, 245.81, 98.02, 30.6, 63.9, 125, 64.56, 87.89, , , , , 
1/31/2020 7:44:49 AM, 3279, 9194.25, 1643.6, 327.68, 222.6, 163.93, 323.87, 172.78, 245.81, 98.02, 30.6, 63.9, 125, 64.56, 87.89, , , , , 
1/31/2020 7:44:52 AM, 3278.75, 9192.75, 1643.5, 327.68, 222.6, 163.93, 323.87, 172.78, 245.81, 98.02, 30.6, 63.9, 125, 64.56, 87.89, , , , , 
1/31/2020 7:44:55 AM, 3279, 9192.75, 1643.6, 327.68, 222.6, 163.93, 323.87, 172.78, 245.81, 98.02, 30.6, 63.9, 125, 64.56, 87.89, , , , , 
1/31/2020 7:44:58 AM, 3279, 9192.5, 1643.5, 327.68, 222.6, 163.93, 323.87, 172.78, 245.81, 98.02, 30.6, 63.9, 125, 64.56, 87.89, , , , , 
1/31/2020 7:45:01 AM, 3278.75, 9192.25, 1643.5, 327.68, 222.6, 163.93, 323.87, 172.78, 245.81, 98.02, 30.6, 63.9, 125, 64.56, 87.89, , , , , 
1/31/2020 7:45:04 AM, 3278.75, 9192, 1643.4, 327.68, 222.6, 163.93, 323.87, 172.78, 245.81, 98.02, 30.6, 63.9, 125, 64.56, 87.89, , , , , 
1/31/2020 7:45:07 AM, 3278.75, 9191.75, 1643.3, 327.68, 222.6, 163.93, 323.87, 172.78, 245.81, 98.02, 30.6, 63.9, 125, 64.56, 87.89, , , , , 
1/31/2020 7:45:10 AM, 3278.75, 9191.75, 1643.3, 327.68, 222.6, 163.93, 323.87, 172.78, 245.81, 98.02, 30.6, 63.9, 125, 64.56, 87.89, , , , , 
1/31/2020 7:45:13 AM, 3278.75, 9192, 1643.3, 327.68, 222.6, 163.93, 323.87, 172.78, 245.81, 98.02, 30.6, 63.9, 125, 64.56, 87.89, , , , , 
1/31/2020 7:45:16 AM, 3278.75, 9192, 1643.3, 327.68, 222.6, 163.93, 323.87, 172.78, 245.81, 98.02, 30.6, 63.9, 125, 64.56, 87.89, , , , , 
1/31/2020 7:45:19 AM, 3278.5, 9191.25, 1643.4, 327.68, 222.6, 163.93, 323.87, 172.78, 245.81, 98.02, 30.6, 63.9, 125, 64.56, 87.89, , , , , 
1/31/2020 7:45:22 AM, 3278.75, 9191.5, 1643.5, 327.68, 222.6, 163.93, 323.87, 172.78, 245.81, 98.02, 30.6, 63.9, 125, 64.56, 87.89, , , , , 
1/31/2020 7:45:25 AM, 3279, 9192, 1643.5, 327.68, 222.6, 163.93, 323.87, 172.78, 245.81, 98.02, 30.6, 63.9, 125, 64.56, 87.89, , , , , 
1/31/2020 7:45:28 AM, 3279, 9191.75, 1643.5, 327.68, 222.6, 163.93, 323.87, 172.78, 245.81, 98.02, 30.6, 63.9, 125, 64.56, 87.89, , , , , 
1/31/2020 7:45:31 AM, 3278.75, 9191.75, 1643.5, 327.68, 222.6, 163.93, 323.87, 172.78, 245.81, 98.02, 30.6, 63.9, 125, 64.56, 87.89, , , , , 
1/31/2020 7:45:34 AM, 3278.75, 9191.25, 1643.4, 327.68, 222.6, 163.93, 323.87, 172.78, 245.81, 98.02, 30.6, 63.9, 125, 64.56, 87.89, , , , , 
1/31/2020 7:45:37 AM, 3278.75, 9190.75, 1643.5, 327.68, 222.6, 163.93, 323.87, 172.78, 245.81, 98.02, 30.6, 63.9, 125, 64.56, 87.89, , , , , 
1/31/2020 7:45:40 AM, 3278.5, 9190.5, 1643.4, 327.68, 222.6, 163.93, 323.87, 172.78, 245.81, 98.02, 30.6, 63.9, 125, 64.56, 87.89, , , , , 
1/31/2020 7:45:43 AM, 3278.5, 9190, 1643.4, 327.68, 222.6, 163.93, 323.87, 172.78, 245.81, 98.02, 30.6, 63.9, 125, 64.56, 87.89, , , , , 
1/31/2020 7:45:46 AM, 3278.5, 9190.75, 1643.4, 327.68, 222.6, 163.93, 323.87, 172.78, 245.81, 98.02, 30.6, 63.9, 125, 64.56, 87.89, , , , , 
1/31/2020 7:45:49 AM, 3278.5, 9190.25, 1643.4, 327.68, 222.6, 163.93, 323.87, 172.78, 245.81, 98.02, 30.6, 63.9, 125, 64.56, 87.89, , , , , 
1/31/2020 7:45:52 AM, 3278.25, 9189.25, 1643.2, 327.68, 222.6, 163.93, 323.87, 172.78, 245.81, 98.02, 30.6, 63.9, 125, 64.56, 87.89, , , , , 
1/31/2020 7:45:55 AM, 3277.75, 9188.5, 1643, 327.68, 222.6, 163.93, 323.87, 172.78, 245.81, 98.02, 30.6, 63.9, 125, 64.56, 87.89, , , , , 
1/31/2020 7:45:58 AM, 3277.75, 9188, 1643.1, 327.68, 222.6, 163.93, 323.87, 172.78, 245.81, 98.02, 30.6, 63.9, 125, 64.56, 87.89, , , , , 
1/31/2020 7:46:01 AM, 3278, 9187.75, 1643.1, 327.68, 222.6, 163.93, 323.87, 172.78, 245.81, 98.02, 30.6, 63.9, 125, 64.56, 87.89, , , , , 
1/31/2020 7:46:04 AM, 3277.75, 9188, 1643.1, 327.68, 222.6, 163.93, 323.87, 172.78, 245.81, 98.02, 30.6, 63.9, 125, 64.56, 87.89, , , , , 
1/31/2020 7:46:07 AM, 3277.75, 9188.25, 1643.1, 327.68, 222.6, 163.93, 323.87, 172.78, 245.81, 98.02, 30.6, 63.9, 125, 64.56, 87.89, , , , , 
1/31/2020 7:46:10 AM, 3277.75, 9187.5, 1643.1, 327.68, 222.6, 163.93, 323.87, 172.78, 245.81, 98.02, 30.6, 63.9, 125, 64.56, 87.89, , , , , 
1/31/2020 7:46:13 AM, 3277.5, 9186.75, 1643.1, 327.68, 222.6, 163.93, 323.87, 172.78, 245.81, 98.02, 30.6, 63.9, 125, 64.56, 87.89, , , , , 
1/31/2020 7:46:16 AM, 3277.75, 9186.75, 1643.1, 327.68, 222.6, 163.93, 323.87, 172.78, 245.81, 98.02, 30.6, 63.9, 125, 64.56, 87.89, , , , , 
1/31/2020 7:46:19 AM, 3277.5, 9186.25, 1643, 327.68, 222.6, 163.93, 323.87, 172.78, 245.81, 98.02, 30.6, 63.9, 125, 64.56, 87.89, , , , , 
1/31/2020 7:46:22 AM, 3277.5, 9186.75, 1643, 327.68, 222.6, 163.93, 323.87, 172.78, 245.81, 98.02, 30.6, 63.9, 125, 64.56, 87.89, , , , , 
1/31/2020 7:46:25 AM, 3277.75, 9187.25, 1643, 327.68, 222.6, 163.93, 323.87, 172.78, 245.81, 98.02, 30.6, 63.9, 125, 64.56, 87.89, , , , , 
1/31/2020 7:46:28 AM, 3277.5, 9187, 1643.1, 327.68, 222.6, 163.93, 323.87, 172.78, 245.81, 98.02, 30.6, 63.9, 125, 64.56, 87.89, , , , , 
1/31/2020 7:46:31 AM, 3277.75, 9187.25, 1643.1, 327.68, 222.6, 163.93, 323.87, 172.78, 245.81, 98.02, 30.6, 63.9, 125, 64.56, 87.89, , , , , 
1/31/2020 7:46:34 AM, 3277.75, 9187, 1643.1, 327.68, 222.6, 163.93, 323.87, 172.78, 245.81, 98.02, 30.6, 63.9, 125, 64.56, 87.89, , , , , 
1/31/2020 7:46:37 AM, 3277.75, 9187.25, 1643, 327.68, 222.6, 163.93, 323.87, 172.78, 245.81, 98.02, 30.6, 63.9, 125, 64.56, 87.89, , , , , 
1/31/2020 7:46:40 AM, 3278, 9188, 1643.1, 327.68, 222.6, 163.93, 323.87, 172.78, 245.81, 98.02, 30.6, 63.9, 125, 64.56, 87.89, , , , , 
1/31/2020 7:46:43 AM, 3277.75, 9186.25, 1643, 327.68, 222.6, 163.93, 323.87, 172.78, 245.81, 98.02, 30.6, 63.9, 125, 64.56, 87.89, , , , , 
1/31/2020 7:46:46 AM, 3277.75, 9187.25, 1643, 327.68, 222.6, 163.93, 323.87, 172.78, 245.81, 98.02, 30.6, 63.9, 125, 64.56, 87.89, , , , , 
1/31/2020 7:46:50 AM, 3277.75, 9187.25, 1643, 327.68, 222.6, 163.93, 323.87, 172.78, 245.81, 98.02, 30.6, 63.9, 125, 64.56, 87.89, , , , , 
1/31/2020 7:46:53 AM, 3277.75, 9187.25, 1643.2, 327.68, 222.6, 163.93, 323.87, 172.78, 245.81, 98.02, 30.6, 63.9, 125, 64.56, 87.89, , , , , 
1/31/2020 7:46:56 AM, 3277.75, 9187.25, 1643.2, 327.68, 222.6, 163.93, 323.87, 172.78, 245.81, 98.02, 30.6, 63.9, 125, 64.56, 87.89, , , , , 
1/31/2020 7:46:59 AM, 3277.5, 9186.25, 1643.1, 327.68, 222.6, 163.93, 323.87, 172.78, 245.81, 98.02, 30.6, 63.9, 125, 64.56, 87.89, , , , , 
1/31/2020 7:47:02 AM, 3277.5, 9186.25, 1643.1, 327.68, 222.6, 163.93, 323.87, 172.78, 245.81, 98.02, 30.6, 63.9, 125, 64.56, 87.89, , , , , 
1/31/2020 7:47:05 AM, 3277.75, 9188, 1643.1, 327.68, 222.6, 163.93, 323.87, 172.78, 245.81, 98.02, 30.6, 63.9, 125, 64.56, 87.89, , , , , 
1/31/2020 7:47:08 AM, 3277.75, 9188, 1643.1, 327.68, 222.6, 163.93, 323.87, 172.78, 245.81, 98.02, 30.6, 63.9, 125, 64.56, 87.89, , , , , 
1/31/2020 7:47:11 AM, 3278, 9188, 1643.1, 327.68, 222.6, 163.93, 323.87, 172.78, 245.81, 98.02, 30.6, 63.9, 125, 64.56, 87.89, , , , , 
1/31/2020 7:47:14 AM, 3278, 9188, 1643.1, 327.68, 222.6, 163.93, 323.87, 172.78, 245.81, 98.02, 30.6, 63.9, 125, 64.56, 87.89, , , , , 
1/31/2020 7:47:17 AM, 3278, 9188.25, 1643, 327.68, 222.6, 163.93, 323.87, 172.78, 245.81, 98.02, 30.6, 63.9, 125, 64.56, 87.89, , , , , 
1/31/2020 7:47:20 AM, 3278, 9188.25, 1643, 327.68, 222.6, 163.93, 323.87, 172.78, 245.81, 98.02, 30.6, 63.9, 125, 64.56, 87.89, , , , , 
1/31/2020 7:47:23 AM, 3278, 9187.5, 1643, 327.68, 222.6, 163.93, 323.87, 172.78, 245.81, 98.02, 30.6, 63.9, 125, 64.56, 87.89, , , , , 
1/31/2020 7:47:26 AM, 3278, 9187.5, 1643, 327.68, 222.6, 163.93, 323.87, 172.78, 245.81, 98.02, 30.6, 63.9, 125, 64.56, 87.89, , , , , 
1/31/2020 7:47:29 AM, 3277.75, 9187, 1643, 327.68, 222.6, 163.93, 323.87, 172.78, 245.81, 98.02, 30.6, 63.9, 125, 64.56, 87.89, , , , , 
1/31/2020 7:47:32 AM, 3277.75, 9187, 1643, 327.68, 222.6, 163.93, 323.87, 172.78, 245.81, 98.02, 30.6, 63.9, 125, 64.56, 87.89, , , , , 
1/31/2020 7:47:35 AM, 3277.5, 9186, 1643, 327.68, 222.6, 163.93, 323.87, 172.78, 245.81, 98.02, 30.6, 63.9, 125, 64.56, 87.89, , , , , 
1/31/2020 7:47:38 AM, 3277.5, 9186, 1643, 327.68, 222.6, 163.93, 323.87, 172.78, 245.81, 98.02, 30.6, 63.9, 125, 64.56, 87.89, , , , , 
1/31/2020 7:47:41 AM, 3277.5, 9185.25, 1642.7, 327.68, 222.6, 163.93, 323.87, 172.78, 245.81, 98.02, 30.6, 63.9, 125, 64.56, 87.89, , , , , 
1/31/2020 7:47:44 AM, 3277.5, 9185.25, 1642.7, 327.68, 222.6, 163.93, 323.87, 172.78, 245.81, 98.02, 30.6, 63.9, 125, 64.56, 87.89, , , , , 
1/31/2020 7:47:47 AM, 3277, 9184, 1642.7, 327.68, 222.6, 163.93, 323.87, 172.78, 245.81, 98.02, 30.6, 63.9, 125, 64.56, 87.89, , , , , 
1/31/2020 7:47:50 AM, 3277, 9184, 1642.7, 327.68, 222.6, 163.93, 323.87, 172.78, 245.81, 98.02, 30.6, 63.9, 125, 64.56, 87.89, , , , , 
1/31/2020 7:47:53 AM, 3276.5, 9182.5, 1642.3, 327.68, 222.6, 163.93, 323.87, 172.78, 245.81, 98.02, 30.6, 63.9, 125, 64.56, 87.89, , , , , 
1/31/2020 7:47:56 AM, 3276.5, 9182.5, 1642.3, 327.68, 222.6, 163.93, 323.87, 172.78, 245.81, 98.02, 30.6, 63.9, 125, 64.56, 87.89, , , , , 
1/31/2020 7:47:59 AM, 3276.5, 9182.25, 1642.3, 327.68, 222.6, 163.93, 323.87, 172.78, 245.81, 98.02, 30.6, 63.9, 125, 64.56, 87.89, , , , , 
1/31/2020 7:48:02 AM, 3276.5, 9182.25, 1642.3, 327.68, 222.6, 163.93, 323.87, 172.78, 245.81, 98.02, 30.6, 63.9, 125, 64.56, 87.89, , , , , 
1/31/2020 7:48:05 AM, 3276.75, 9183.75, 1642.5, 327.68, 222.6, 163.93, 323.87, 172.78, 245.81, 98.02, 30.6, 63.9, 125, 64.56, 87.89, , , , , 
1/31/2020 7:48:08 AM, 3276.75, 9183.75, 1642.5, 327.68, 222.6, 163.93, 323.87, 172.78, 245.81, 98.02, 30.6, 63.9, 125, 64.56, 87.89, , , , , 
1/31/2020 7:48:11 AM, 3276.75, 9184.5, 1642.6, 327.68, 222.6, 163.93, 323.87, 172.78, 245.81, 98.02, 30.6, 63.9, 125, 64.56, 87.89, , , , , 
1/31/2020 7:48:14 AM, 3276.75, 9184.5, 1642.6, 327.68, 222.6, 163.93, 323.87, 172.78, 245.81, 98.02, 30.6, 63.9, 125, 64.56, 87.89, , , , , 
1/31/2020 7:48:17 AM, 3276.75, 9183.75, 1642.5, 327.68, 222.6, 163.93, 323.87, 172.78, 245.81, 98.02, 30.6, 63.9, 125, 64.56, 87.89, , , , , 
1/31/2020 7:48:20 AM, 3276.75, 9183.75, 1642.5, 327.68, 222.6, 163.93, 323.87, 172.78, 245.81, 98.02, 30.6, 63.9, 125, 64.56, 87.89, , , , , 
1/31/2020 7:48:23 AM, 3276.75, 9183.75, 1642.5, 327.68, 222.6, 163.93, 323.87, 172.78, 245.81, 98.02, 30.6, 63.9, 125, 64.56, 87.89, , , , , 
1/31/2020 7:48:26 AM, 3276.75, 9183.75, 1642.5, 327.68, 222.6, 163.93, 323.87, 172.78, 245.81, 98.02, 30.6, 63.9, 125, 64.56, 87.89, , , , , 
1/31/2020 7:48:29 AM, 3277, 9184.5, 1642.6, 327.68, 222.6, 163.93, 323.87, 172.78, 245.81, 98.02, 30.6, 63.9, 125, 64.56, 87.89, , , , , 
1/31/2020 7:48:32 AM, 3277, 9184.5, 1642.6, 327.68, 222.6, 163.93, 323.87, 172.78, 245.81, 98.02, 30.6, 63.9, 125, 64.56, 87.89, , , , , 
1/31/2020 7:48:35 AM, 3277, 9184.25, 1642.6, 327.68, 222.6, 163.93, 323.87, 172.78, 245.81, 98.02, 30.6, 63.9, 125, 64.56, 87.89, , , , , 
1/31/2020 7:48:38 AM, 3277, 9184.25, 1642.6, 327.68, 222.6, 163.93, 323.87, 172.78, 245.81, 98.02, 30.6, 63.9, 125, 64.56, 87.89, , , , , 
1/31/2020 7:48:41 AM, 3277, 9184.75, 1642.6, 327.68, 222.6, 163.93, 323.87, 172.78, 245.81, 98.02, 30.6, 63.9, 125, 64.56, 87.89, , , , , 
1/31/2020 7:48:44 AM, 3277, 9184.75, 1642.6, 327.68, 222.6, 163.93, 323.87, 172.78, 245.81, 98.02, 30.6, 63.9, 125, 64.56, 87.89, , , , , 
1/31/2020 7:48:47 AM, 3277, 9184.5, 1642.8, 327.68, 222.6, 163.93, 323.87, 172.78, 245.81, 98.02, 30.6, 63.9, 125, 64.56, 87.89, , , , , 
1/31/2020 7:48:50 AM, 3277, 9184.5, 1642.8, 327.68, 222.6, 163.93, 323.87, 172.78, 245.81, 98.02, 30.6, 63.9, 125, 64.56, 87.89, , , , , 
1/31/2020 7:48:53 AM, 3277, 9184.25, 1642.4, 327.68, 222.6, 163.93, 323.87, 172.78, 245.81, 98.02, 30.6, 63.9, 125, 64.56, 87.89, , , , , 
1/31/2020 7:48:56 AM, 3277, 9184.25, 1642.4, 327.68, 222.6, 163.93, 323.87, 172.78, 245.81, 98.02, 30.6, 63.9, 125, 64.56, 87.89, , , , , 
1/31/2020 7:48:59 AM, 3276.75, 9184.75, 1642.4, 327.68, 222.6, 163.93, 323.87, 172.78, 245.81, 98.02, 30.6, 63.9, 125, 64.56, 87.89, , , , , 
1/31/2020 7:49:02 AM, 3276.75, 9184.75, 1642.4, 327.68, 222.6, 163.93, 323.87, 172.78, 245.81, 98.02, 30.6, 63.9, 125, 64.56, 87.89, , , , , 
1/31/2020 7:49:05 AM, 3276.75, 9184.75, 1642.4, 327.68, 222.6, 163.93, 323.87, 172.78, 245.81, 98.02, 30.6, 63.9, 125, 64.56, 87.89, , , , , 
1/31/2020 7:49:09 AM, 3277, 9185, 1642.5, 327.68, 222.6, 163.93, 323.87, 172.78, 245.81, 98.02, 30.6, 63.9, 125, 64.56, 87.89, , , , , 
1/31/2020 7:49:12 AM, 3276.75, 9185.5, 1642.5, 327.68, 222.6, 163.93, 323.87, 172.78, 245.81, 98.02, 30.6, 63.9, 125, 64.56, 87.89, , , , , 
1/31/2020 7:49:15 AM, 3276.75, 9185.5, 1642.5, 327.68, 222.6, 163.93, 323.87, 172.78, 245.81, 98.02, 30.6, 63.9, 125, 64.56, 87.89, , , , , 
1/31/2020 7:49:18 AM, 3277, 9185.5, 1642.6, 327.68, 222.6, 163.93, 323.87, 172.78, 245.81, 98.02, 30.6, 63.9, 125, 64.56, 87.89, , , , , 
1/31/2020 7:49:21 AM, 3276.75, 9184.75, 1642.3, 327.68, 222.6, 163.93, 323.87, 172.78, 245.81, 98.02, 30.6, 63.9, 125, 64.56, 87.89, , , , , 
1/31/2020 7:49:24 AM, 3276.25, 9183, 1642.3, 327.68, 222.6, 163.93, 323.87, 172.78, 245.81, 98.02, 30.6, 63.9, 125, 64.56, 87.89, , , , , 
1/31/2020 7:49:27 AM, 3276.5, 9183, 1642.1, 327.68, 222.6, 163.93, 323.87, 172.78, 245.81, 98.02, 30.6, 63.9, 125, 64.56, 87.89, , , , , 
1/31/2020 7:49:30 AM, 3276.5, 9183, 1642.1, 327.68, 222.6, 163.93, 323.87, 172.78, 245.81, 98.02, 30.6, 63.9, 125, 64.56, 87.89, , , , , 
1/31/2020 7:49:33 AM, 3276.25, 9183, 1642.1, 327.68, 222.6, 163.93, 323.87, 172.78, 245.81, 98.02, 30.6, 63.9, 125, 64.56, 87.89, , , , , 
1/31/2020 7:49:36 AM, 3276.5, 9184.5, 1642.1, 327.68, 222.6, 163.93, 323.87, 172.78, 245.81, 98.02, 30.6, 63.9, 125, 64.56, 87.89, , , , , 
1/31/2020 7:49:39 AM, 3276.25, 9183.75, 1642.2, 327.68, 222.6, 163.93, 323.87, 172.78, 245.81, 98.02, 30.6, 63.9, 125, 64.56, 87.89, , , , , 
1/31/2020 7:49:42 AM, 3276.5, 9183.5, 1642.2, 327.68, 222.6, 163.93, 323.87, 172.78, 245.81, 98.02, 30.6, 63.9, 125, 64.56, 87.89, , , , , 
1/31/2020 7:49:45 AM, 3276.5, 9182, 1642.3, 327.68, 222.6, 163.93, 323.87, 172.78, 245.81, 98.02, 30.6, 63.9, 125, 64.56, 87.89, , , , , 
1/31/2020 7:49:48 AM, 3276.5, 9182.25, 1642.3, 327.68, 222.6, 163.93, 323.87, 172.78, 245.81, 98.02, 30.6, 63.9, 125, 64.56, 87.89, , , , , 
1/31/2020 7:49:51 AM, 3276.25, 9182.25, 1642.1, 327.68, 222.6, 163.93, 323.87, 172.78, 245.81, 98.02, 30.6, 63.9, 125, 64.56, 87.89, , , , , 
1/31/2020 7:49:54 AM, 3276.25, 9182.75, 1642.1, 327.68, 222.6, 163.93, 323.87, 172.78, 245.81, 98.02, 30.6, 63.9, 125, 64.56, 87.89, , , , , 
1/31/2020 7:49:57 AM, 3276.25, 9182.5, 1642, 327.68, 222.6, 163.93, 323.87, 172.78, 245.81, 98.02, 30.6, 63.9, 125, 64.56, 87.89, , , , , 
1/31/2020 7:50:00 AM, 3276.25, 9182.5, 1642, 327.68, 222.6, 163.93, 323.87, 172.78, 245.81, 98.02, 30.6, 63.9, 125, 64.56, 87.89, , , , , 
1/31/2020 7:50:03 AM, 3276.25, 9182.75, 1642, 327.68, 222.6, 163.93, 323.87, 172.78, 245.81, 98.02, 30.6, 63.9, 125, 64.56, 87.89, , , , , 
1/31/2020 7:50:06 AM, 3277, 9185.25, 1642.3, 327.68, 222.6, 163.93, 323.87, 172.78, 245.81, 98.02, 30.6, 63.9, 125, 64.56, 87.89, , , , , 
1/31/2020 7:50:09 AM, 3276.75, 9185.25, 1642.3, 327.68, 222.6, 163.93, 323.87, 172.78, 245.81, 98.02, 30.6, 63.9, 125, 64.56, 87.89, , , , , 
1/31/2020 7:50:12 AM, 3276.75, 9184.5, 1642.3, 327.68, 222.6, 163.93, 323.87, 172.78, 245.81, 98.02, 30.6, 63.9, 125, 64.56, 87.89, , , , , 
1/31/2020 7:50:15 AM, 3276.5, 9184, 1642.3, 327.68, 222.6, 163.93, 323.87, 172.78, 245.81, 98.02, 30.6, 63.9, 125, 64.56, 87.89, , , , , 
1/31/2020 7:50:18 AM, 3276.5, 9182.75, 1642.2, 327.68, 222.6, 163.93, 323.87, 172.78, 245.81, 98.02, 30.6, 63.9, 125, 64.56, 87.89, , , , , 
1/31/2020 7:50:21 AM, 3276.5, 9182.75, 1642.1, 327.68, 222.6, 163.93, 323.87, 172.78, 245.81, 98.02, 30.6, 63.9, 125, 64.56, 87.89, , , , , 
1/31/2020 7:50:24 AM, 3276.25, 9182, 1641.9, 327.68, 222.6, 163.93, 323.87, 172.78, 245.81, 98.02, 30.6, 63.9, 125, 64.56, 87.89, , , , , 
1/31/2020 7:50:27 AM, 3276, 9182.5, 1641.9, 327.68, 222.6, 163.93, 323.87, 172.78, 245.81, 98.02, 30.6, 63.9, 125, 64.56, 87.89, , , , , 
1/31/2020 7:50:30 AM, 3276, 9182.25, 1641.9, 327.68, 222.6, 163.93, 323.87, 172.78, 245.81, 98.02, 30.6, 63.9, 125, 64.56, 87.89, , , , , 
1/31/2020 7:50:33 AM, 3276, 9182.25, 1641.9, 327.68, 222.6, 163.93, 323.87, 172.78, 245.81, 98.02, 30.6, 63.9, 125, 64.56, 87.89, , , , , 
1/31/2020 7:50:36 AM, 3276, 9182.5, 1641.9, 327.68, 222.6, 163.93, 323.87, 172.78, 245.81, 98.02, 30.6, 63.9, 125, 64.56, 87.89, , , , , 
1/31/2020 7:50:39 AM, 3276, 9182.5, 1641.9, 327.68, 222.6, 163.93, 323.87, 172.78, 245.81, 98.02, 30.6, 63.9, 125, 64.56, 87.89, , , , , 
1/31/2020 7:50:42 AM, 3276, 9182.5, 1641.9, 327.68, 222.6, 163.93, 323.87, 172.78, 245.81, 98.02, 30.6, 63.9, 125, 64.56, 87.89, , , , , 
1/31/2020 7:50:45 AM, 3276, 9182.25, 1641.9, 327.68, 222.6, 163.93, 323.87, 172.78, 245.81, 98.02, 30.6, 63.9, 125, 64.56, 87.89, , , , , 
1/31/2020 7:50:48 AM, 3276, 9182, 1641.9, 327.68, 222.6, 163.93, 323.87, 172.78, 245.81, 98.02, 30.6, 63.9, 125, 64.56, 87.89, , , , , 
1/31/2020 7:50:51 AM, 3275.75, 9181.75, 1641.9, 327.68, 222.6, 163.93, 323.87, 172.78, 245.81, 98.02, 30.6, 63.9, 125, 64.56, 87.89, , , , , 
1/31/2020 7:50:54 AM, 3275.75, 9181.25, 1641.9, 327.68, 222.6, 163.93, 323.87, 172.78, 245.81, 98.02, 30.6, 63.9, 125, 64.56, 87.89, , , , , 
1/31/2020 7:50:57 AM, 3275.75, 9181, 1641.9, 327.68, 222.6, 163.93, 323.87, 172.78, 245.81, 98.02, 30.6, 63.9, 125, 64.56, 87.89, , , , , 
1/31/2020 7:51:00 AM, 3275.75, 9181, 1641.8, 327.68, 222.6, 163.93, 323.87, 172.78, 245.81, 98.02, 30.6, 63.9, 125, 64.56, 87.89, , , , , 
1/31/2020 7:51:03 AM, 3275.75, 9181.5, 1641.8, 327.68, 222.6, 163.93, 323.87, 172.78, 245.81, 98.02, 30.6, 63.9, 125, 64.56, 87.89, , , , , 
1/31/2020 7:51:06 AM, 3275.75, 9182.25, 1641.9, 327.68, 222.6, 163.93, 323.87, 172.78, 245.81, 98.02, 30.6, 63.9, 125, 64.56, 87.89, , , , , 
1/31/2020 7:51:09 AM, 3276, 9182.25, 1641.9, 327.68, 222.6, 163.93, 323.87, 172.78, 245.81, 98.02, 30.6, 63.9, 125, 64.56, 87.89, , , , , 
1/31/2020 7:51:12 AM, 3275.75, 9181.5, 1641.9, 327.68, 222.6, 163.93, 323.87, 172.78, 245.81, 98.02, 30.6, 63.9, 125, 64.56, 87.89, , , , , 
1/31/2020 7:51:15 AM, 3275.75, 9181.25, 1641.8, 327.68, 222.6, 163.93, 323.87, 172.78, 245.81, 98.02, 30.6, 63.9, 125, 64.56, 87.89, , , , , 
1/31/2020 7:51:18 AM, 3275.75, 9181.75, 1641.8, 327.68, 222.6, 163.93, 323.87, 172.78, 245.81, 98.02, 30.6, 63.9, 125, 64.56, 87.89, , , , , 
1/31/2020 7:51:21 AM, 3275.75, 9181.75, 1641.8, 327.68, 222.6, 163.93, 323.87, 172.78, 245.81, 98.02, 30.6, 63.9, 125, 64.56, 87.89, , , , , 
1/31/2020 7:51:24 AM, 3275.75, 9182.5, 1641.8, 327.68, 222.6, 163.93, 323.87, 172.78, 245.81, 98.02, 30.6, 63.9, 125, 64.56, 87.89, , , , , 
1/31/2020 7:51:27 AM, 3275.75, 9182.25, 1642, 327.68, 222.6, 163.93, 323.87, 172.78, 245.81, 98.02, 30.6, 63.9, 125, 64.56, 87.89, , , , , 
1/31/2020 7:51:30 AM, 3275.75, 9182.25, 1642, 327.68, 222.6, 163.93, 323.87, 172.78, 245.81, 98.02, 30.6, 63.9, 125, 64.56, 87.89, , , , , 
1/31/2020 7:51:34 AM, 3275.75, 9182.25, 1641.9, 327.68, 222.6, 163.93, 323.87, 172.78, 245.81, 98.02, 30.6, 63.9, 125, 64.56, 87.89, , , , , 
1/31/2020 7:51:37 AM, 3276, 9182.75, 1641.9, 327.68, 222.6, 163.93, 323.87, 172.78, 245.81, 98.02, 30.6, 63.9, 125, 64.56, 87.89, , , , , 
1/31/2020 7:51:40 AM, 3275.75, 9182.75, 1641.9, 327.68, 222.6, 163.93, 323.87, 172.78, 245.81, 98.02, 30.6, 63.9, 125, 64.56, 87.89, , , , , 
1/31/2020 7:51:43 AM, 3276, 9183, 1641.9, 327.68, 222.6, 163.93, 323.87, 172.78, 245.81, 98.02, 30.6, 63.9, 125, 64.56, 87.89, , , , , 
1/31/2020 7:51:46 AM, 3275.75, 9182.5, 1641.9, 327.68, 222.6, 163.93, 323.87, 172.78, 245.81, 98.02, 30.6, 63.9, 125, 64.56, 87.89, , , , , 
1/31/2020 7:51:49 AM, 3275.75, 9182.5, 1642, 327.68, 222.6, 163.93, 323.87, 172.78, 245.81, 98.02, 30.6, 63.9, 125, 64.56, 87.89, , , , , 
1/31/2020 7:51:52 AM, 3275.75, 9183, 1642, 327.68, 222.6, 163.93, 323.87, 172.78, 245.81, 98.02, 30.6, 63.9, 125, 64.56, 87.89, , , , , 
1/31/2020 7:51:55 AM, 3276, 9183.25, 1642, 327.68, 222.6, 163.93, 323.87, 172.78, 245.81, 98.02, 30.6, 63.9, 125, 64.56, 87.89, , , , , 
1/31/2020 7:51:58 AM, 3276, 9184, 1642, 327.68, 222.6, 163.93, 323.87, 172.78, 245.81, 98.02, 30.6, 63.9, 125, 64.56, 87.89, , , , , 
1/31/2020 7:52:01 AM, 3276, 9183.25, 1642, 327.68, 222.6, 163.93, 323.87, 172.78, 245.81, 98.02, 30.6, 63.9, 125, 64.56, 87.89, , , , , 
1/31/2020 7:52:04 AM, 3275.75, 9183, 1641.9, 327.68, 222.6, 163.93, 323.87, 172.78, 245.81, 98.02, 30.6, 63.9, 125, 64.56, 87.89, , , , , 
1/31/2020 7:52:07 AM, 3275.75, 9183, 1641.9, 327.68, 222.6, 163.93, 323.87, 172.78, 245.81, 98.02, 30.6, 63.9, 125, 64.56, 87.89, , , , , 
1/31/2020 7:52:10 AM, 3275.75, 9182.5, 1641.9, 327.68, 222.6, 163.93, 323.87, 172.78, 245.81, 98.02, 30.6, 63.9, 125, 64.56, 87.89, , , , , 
1/31/2020 7:52:13 AM, 3275.75, 9182.25, 1641.9, 327.68, 222.6, 163.93, 323.87, 172.78, 245.81, 98.02, 30.6, 63.9, 125, 64.56, 87.89, , , , , 
1/31/2020 7:52:16 AM, 3275.75, 9182.5, 1641.9, 327.68, 222.6, 163.93, 323.87, 172.78, 245.81, 98.02, 30.6, 63.9, 125, 64.56, 87.89, , , , , 
1/31/2020 7:52:19 AM, 3275.75, 9181.75, 1641.9, 327.68, 222.6, 163.93, 323.87, 172.78, 245.81, 98.02, 30.6, 63.9, 125, 64.56, 87.89, , , , , 
1/31/2020 7:52:22 AM, 3275.75, 9182, 1641.9, 327.68, 222.6, 163.93, 323.87, 172.78, 245.81, 98.02, 30.6, 63.9, 125, 64.56, 87.89, , , , , 
1/31/2020 7:52:25 AM, 3275.75, 9182, 1641.8, 327.68, 222.6, 163.93, 323.87, 172.78, 245.81, 98.02, 30.6, 63.9, 125, 64.56, 87.89, , , , , 
1/31/2020 7:52:28 AM, 3275.5, 9181.5, 1641.7, 327.68, 222.6, 163.93, 323.87, 172.78, 245.81, 98.02, 30.6, 63.9, 125, 64.56, 87.89, , , , , 
1/31/2020 7:52:31 AM, 3275.5, 9181.75, 1641.7, 327.68, 222.6, 163.93, 323.87, 172.78, 245.81, 98.02, 30.6, 63.9, 125, 64.56, 87.89, , , , , 
1/31/2020 7:52:34 AM, 3275.5, 9181.5, 1641.6, 327.68, 222.6, 163.93, 323.87, 172.78, 245.81, 98.02, 30.6, 63.9, 125, 64.56, 87.89, , , , , 
1/31/2020 7:52:37 AM, 3275.25, 9181.25, 1641.4, 327.68, 222.6, 163.93, 323.87, 172.78, 245.81, 98.02, 30.6, 63.9, 125, 64.56, 87.89, , , , , 
1/31/2020 7:52:40 AM, 3275, 9180.75, 1641.4, 327.68, 222.6, 163.93, 323.87, 172.78, 245.81, 98.02, 30.6, 63.9, 125, 64.56, 87.89, , , , , 
1/31/2020 7:52:43 AM, 3275, 9180.5, 1641.4, 327.68, 222.6, 163.93, 323.87, 172.78, 245.81, 98.02, 30.6, 63.9, 125, 64.56, 87.89, , , , , 
1/31/2020 7:52:46 AM, 3275, 9180.25, 1641.4, 327.68, 222.6, 163.93, 323.87, 172.78, 245.81, 98.02, 30.6, 63.9, 125, 64.56, 87.89, , , , , 
1/31/2020 7:52:49 AM, 3275, 9180.5, 1641.4, 327.68, 222.6, 163.93, 323.87, 172.78, 245.81, 98.02, 30.6, 63.9, 125, 64.56, 87.89, , , , , 
1/31/2020 7:52:52 AM, 3275.25, 9181, 1641.4, 327.68, 222.6, 163.93, 323.87, 172.78, 245.81, 98.02, 30.6, 63.9, 125, 64.56, 87.89, , , , , 
1/31/2020 7:52:55 AM, 3275, 9180.5, 1641.4, 327.68, 222.6, 163.93, 323.87, 172.78, 245.81, 98.02, 30.6, 63.9, 125, 64.56, 87.89, , , , , 
1/31/2020 7:52:58 AM, 3275.25, 9180.5, 1641.4, 327.68, 222.6, 163.93, 323.87, 172.78, 245.81, 98.02, 30.6, 63.9, 125, 64.56, 87.89, , , , , 
1/31/2020 7:53:01 AM, 3275.25, 9180, 1641.4, 327.68, 222.6, 163.93, 323.87, 172.78, 245.81, 98.02, 30.6, 63.9, 125, 64.56, 87.89, , , , , 
1/31/2020 7:53:04 AM, 3275, 9180.75, 1641.4, 327.68, 222.6, 163.93, 323.87, 172.78, 245.81, 98.02, 30.6, 63.9, 125, 64.56, 87.89, , , , , 
1/31/2020 7:53:07 AM, 3275, 9180, 1641.4, 327.68, 222.6, 163.93, 323.87, 172.78, 245.81, 98.02, 30.6, 63.9, 125, 64.56, 87.89, , , , , 
1/31/2020 7:53:10 AM, 3275, 9179.5, 1641.4, 327.68, 222.6, 163.93, 323.87, 172.78, 245.81, 98.02, 30.6, 63.9, 125, 64.56, 87.89, , , , , 
1/31/2020 7:53:13 AM, 3275, 9179.75, 1641.4, 327.68, 222.6, 163.93, 323.87, 172.78, 245.81, 98.02, 30.6, 63.9, 125, 64.56, 87.89, , , , , 
1/31/2020 7:53:16 AM, 3275, 9179.25, 1641.4, 327.68, 222.6, 163.93, 323.87, 172.78, 245.81, 98.02, 30.6, 63.9, 125, 64.56, 87.89, , , , , 
1/31/2020 7:53:19 AM, 3275, 9179.5, 1641.4, 327.68, 222.6, 163.93, 323.87, 172.78, 245.81, 98.02, 30.6, 63.9, 125, 64.56, 87.89, , , , , 
1/31/2020 7:53:22 AM, 3275.25, 9179.75, 1641.4, 327.68, 222.6, 163.93, 323.87, 172.78, 245.81, 98.02, 30.6, 63.9, 125, 64.56, 87.89, , , , , 
1/31/2020 7:53:25 AM, 3275.25, 9179.75, 1641.5, 327.68, 222.6, 163.93, 323.87, 172.78, 245.81, 98.02, 30.6, 63.9, 125, 64.56, 87.89, , , , , 
1/31/2020 7:53:28 AM, 3275.5, 9181, 1641.5, 327.68, 222.6, 163.93, 323.87, 172.78, 245.81, 98.02, 30.6, 63.9, 125, 64.56, 87.89, , , , , 
1/31/2020 7:53:31 AM, 3275.5, 9179.75, 1641.6, 327.68, 222.6, 163.93, 323.87, 172.78, 245.81, 98.02, 30.6, 63.9, 125, 64.56, 87.89, , , , , 
1/31/2020 7:53:34 AM, 3275.5, 9180, 1641.6, 327.68, 222.6, 163.93, 323.87, 172.78, 245.81, 98.02, 30.6, 63.9, 125, 64.56, 87.89, , , , , 
1/31/2020 7:53:37 AM, 3275.5, 9180.25, 1641.6, 327.68, 222.6, 163.93, 323.87, 172.78, 245.81, 98.02, 30.6, 63.9, 125, 64.56, 87.89, , , , , 
1/31/2020 7:53:40 AM, 3275.5, 9180.25, 1641.6, 327.68, 222.6, 163.93, 323.87, 172.78, 245.81, 98.02, 30.6, 63.9, 125, 64.56, 87.89, , , , , 
1/31/2020 7:53:43 AM, 3275.25, 9179.25, 1641.6, 327.68, 222.6, 163.93, 323.87, 172.78, 245.81, 98.02, 30.6, 63.9, 125, 64.56, 87.89, , , , , 
1/31/2020 7:53:46 AM, 3275.5, 9180.75, 1641.8, 327.68, 222.6, 163.93, 323.87, 172.78, 245.81, 98.02, 30.6, 63.9, 125, 64.56, 87.89, , , , , 
1/31/2020 7:53:49 AM, 3275.25, 9180.5, 1641.8, 327.68, 222.6, 163.93, 323.87, 172.78, 245.81, 98.02, 30.6, 63.9, 125, 64.56, 87.89, , , , , 
1/31/2020 7:53:52 AM, 3275.5, 9181, 1641.8, 327.68, 222.6, 163.93, 323.87, 172.78, 245.81, 98.02, 30.6, 63.9, 125, 64.56, 87.89, , , , , 
1/31/2020 7:53:55 AM, 3275.5, 9180.75, 1641.8, 327.68, 222.6, 163.93, 323.87, 172.78, 245.81, 98.02, 30.6, 63.9, 125, 64.56, 87.89, , , , , 
1/31/2020 7:53:59 AM, 3275.75, 9181.25, 1641.8, 327.68, 222.6, 163.93, 323.87, 172.78, 245.81, 98.02, 30.6, 63.9, 125, 64.56, 87.89, , , , , 
1/31/2020 7:54:02 AM, 3275.75, 9181.25, 1641.8, 327.68, 222.6, 163.93, 323.87, 172.78, 245.81, 98.02, 30.6, 63.9, 125, 64.56, 87.89, , , , , 
1/31/2020 7:54:05 AM, 3275.75, 9181.5, 1641.8, 327.68, 222.6, 163.93, 323.87, 172.78, 245.81, 98.02, 30.6, 63.9, 125, 64.56, 87.89, , , , , 
1/31/2020 7:54:08 AM, 3275.75, 9181.5, 1641.8, 327.68, 222.6, 163.93, 323.87, 172.78, 245.81, 98.02, 30.6, 63.9, 125, 64.56, 87.89, , , , , 
1/31/2020 7:54:11 AM, 3275.75, 9181.25, 1641.8, 327.68, 222.6, 163.93, 323.87, 172.78, 245.81, 98.02, 30.6, 63.9, 125, 64.56, 87.89, , , , , 
1/31/2020 7:54:14 AM, 3275.75, 9181.25, 1641.8, 327.68, 222.6, 163.93, 323.87, 172.78, 245.81, 98.02, 30.6, 63.9, 125, 64.56, 87.89, , , , , 
1/31/2020 7:54:17 AM, 3275.75, 9181.25, 1641.7, 327.68, 222.6, 163.93, 323.87, 172.78, 245.81, 98.02, 30.6, 63.9, 125, 64.56, 87.89, , , , , 
1/31/2020 7:54:20 AM, 3275.75, 9181.25, 1641.7, 327.68, 222.6, 163.93, 323.87, 172.78, 245.81, 98.02, 30.6, 63.9, 125, 64.56, 87.89, , , , , 
1/31/2020 7:54:23 AM, 3275.75, 9181.5, 1641.7, 327.68, 222.6, 163.93, 323.87, 172.78, 245.81, 98.02, 30.6, 63.9, 125, 64.56, 87.89, , , , , 
1/31/2020 7:54:26 AM, 3275.75, 9181.5, 1641.7, 327.68, 222.6, 163.93, 323.87, 172.78, 245.81, 98.02, 30.6, 63.9, 125, 64.56, 87.89, , , , , 
1/31/2020 7:54:29 AM, 3275.75, 9181.75, 1641.9, 327.68, 222.6, 163.93, 323.87, 172.78, 245.81, 98.02, 30.6, 63.9, 125, 64.56, 87.89, , , , , 
1/31/2020 7:54:32 AM, 3275.75, 9181.75, 1641.9, 327.68, 222.6, 163.93, 323.87, 172.78, 245.81, 98.02, 30.6, 63.9, 125, 64.56, 87.89, , , , , 
1/31/2020 7:54:35 AM, 3275.75, 9181.75, 1641.8, 327.68, 222.6, 163.93, 323.87, 172.78, 245.81, 98.02, 30.6, 63.9, 125, 64.56, 87.89, , , , , 
1/31/2020 7:54:38 AM, 3275.75, 9181.75, 1641.8, 327.68, 222.6, 163.93, 323.87, 172.78, 245.81, 98.02, 30.6, 63.9, 125, 64.56, 87.89, , , , , 
1/31/2020 7:54:41 AM, 3276, 9182.25, 1641.8, 327.68, 222.6, 163.93, 323.87, 172.78, 245.81, 98.02, 30.6, 63.9, 125, 64.56, 87.89, , , , , 
1/31/2020 7:54:44 AM, 3276, 9182.25, 1641.8, 327.68, 222.6, 163.93, 323.87, 172.78, 245.81, 98.02, 30.6, 63.9, 125, 64.56, 87.89, , , , , 
1/31/2020 7:54:47 AM, 3275.75, 9181.75, 1641.8, 327.68, 222.6, 163.93, 323.87, 172.78, 245.81, 98.02, 30.6, 63.9, 125, 64.56, 87.89, , , , , 
1/31/2020 7:54:50 AM, 3275.75, 9181.75, 1641.8, 327.68, 222.6, 163.93, 323.87, 172.78, 245.81, 98.02, 30.6, 63.9, 125, 64.56, 87.89, , , , , 
1/31/2020 7:54:53 AM, 3275.5, 9181, 1641.7, 327.68, 222.6, 163.93, 323.87, 172.78, 245.81, 98.02, 30.6, 63.9, 125, 64.56, 87.89, , , , , 
1/31/2020 7:54:56 AM, 3275.5, 9181, 1641.7, 327.68, 222.6, 163.93, 323.87, 172.78, 245.81, 98.02, 30.6, 63.9, 125, 64.56, 87.89, , , , , 
1/31/2020 7:54:59 AM, 3275.25, 9180.75, 1641.7, 327.68, 222.6, 163.93, 323.87, 172.78, 245.81, 98.02, 30.6, 63.9, 125, 64.56, 87.89, , , , , 
1/31/2020 7:55:02 AM, 3275.25, 9180.75, 1641.7, 327.68, 222.6, 163.93, 323.87, 172.78, 245.81, 98.02, 30.6, 63.9, 125, 64.56, 87.89, , , , , 
1/31/2020 7:55:05 AM, 3275.25, 9181.25, 1641.7, 327.68, 222.6, 163.93, 323.87, 172.78, 245.81, 98.02, 30.6, 63.9, 125, 64.56, 87.89, , , , , 
1/31/2020 7:55:08 AM, 3275.25, 9181.25, 1641.7, 327.68, 222.6, 163.93, 323.87, 172.78, 245.81, 98.02, 30.6, 63.9, 125, 64.56, 87.89, , , , , 
1/31/2020 7:55:11 AM, 3275.5, 9181.5, 1641.6, 327.68, 222.6, 163.93, 323.87, 172.78, 245.81, 98.02, 30.6, 63.9, 125, 64.56, 87.89, , , , , 
1/31/2020 7:55:14 AM, 3275.5, 9181.5, 1641.6, 327.68, 222.6, 163.93, 323.87, 172.78, 245.81, 98.02, 30.6, 63.9, 125, 64.56, 87.89, , , , , 
1/31/2020 7:55:17 AM, 3275.5, 9181.5, 1641.6, 327.68, 222.6, 163.93, 323.87, 172.78, 245.81, 98.02, 30.6, 63.9, 125, 64.56, 87.89, , , , , 
1/31/2020 7:55:20 AM, 3275.5, 9181.5, 1641.6, 327.68, 222.6, 163.93, 323.87, 172.78, 245.81, 98.02, 30.6, 63.9, 125, 64.56, 87.89, , , , , 
1/31/2020 7:55:23 AM, 3275.25, 9181.5, 1641.7, 327.68, 222.6, 163.93, 323.87, 172.78, 245.81, 98.02, 30.6, 63.9, 125, 64.56, 87.89, , , , , 
1/31/2020 7:55:26 AM, 3275.25, 9181.5, 1641.7, 327.68, 222.6, 163.93, 323.87, 172.78, 245.81, 98.02, 30.6, 63.9, 125, 64.56, 87.89, , , , , 
1/31/2020 7:55:29 AM, 3275.25, 9182.25, 1641.7, 327.68, 222.6, 163.93, 323.87, 172.78, 245.81, 98.02, 30.6, 63.9, 125, 64.56, 87.89, , , , , 
1/31/2020 7:55:32 AM, 3275.25, 9182.25, 1641.7, 327.68, 222.6, 163.93, 323.87, 172.78, 245.81, 98.02, 30.6, 63.9, 125, 64.56, 87.89, , , , , 
1/31/2020 7:55:35 AM, 3275.75, 9182.75, 1641.8, 327.68, 222.6, 163.93, 323.87, 172.78, 245.81, 98.02, 30.6, 63.9, 125, 64.56, 87.89, , , , , 
1/31/2020 7:55:38 AM, 3275.75, 9182.75, 1641.8, 327.68, 222.6, 163.93, 323.87, 172.78, 245.81, 98.02, 30.6, 63.9, 125, 64.56, 87.89, , , , , 
1/31/2020 7:55:41 AM, 3275.75, 9182.75, 1641.8, 327.68, 222.6, 163.93, 323.87, 172.78, 245.81, 98.02, 30.6, 63.9, 125, 64.56, 87.89, , , , , 
1/31/2020 7:55:44 AM, 3275.75, 9182.75, 1641.8, 327.68, 222.6, 163.93, 323.87, 172.78, 245.81, 98.02, 30.6, 63.9, 125, 64.56, 87.89, , , , , 
1/31/2020 7:55:47 AM, 3275.75, 9182.75, 1641.8, 327.68, 222.6, 163.93, 323.87, 172.78, 245.81, 98.02, 30.6, 63.9, 125, 64.56, 87.89, , , , , 
1/31/2020 7:55:50 AM, 3275.75, 9182.75, 1641.8, 327.68, 222.6, 163.93, 323.87, 172.78, 245.81, 98.02, 30.6, 63.9, 125, 64.56, 87.89, , , , , 
1/31/2020 7:55:53 AM, 3275.75, 9183, 1641.8, 327.68, 222.6, 163.93, 323.87, 172.78, 245.81, 98.02, 30.6, 63.9, 125, 64.56, 87.89, , , , , 
1/31/2020 7:55:56 AM, 3275.75, 9183, 1641.8, 327.68, 222.6, 163.93, 323.87, 172.78, 245.81, 98.02, 30.6, 63.9, 125, 64.56, 87.89, , , , , 
1/31/2020 7:55:59 AM, 3275.75, 9182.75, 1641.8, 327.68, 222.6, 163.93, 323.87, 172.78, 245.81, 98.02, 30.6, 63.9, 125, 64.56, 87.89, , , , , 
1/31/2020 7:56:02 AM, 3275.75, 9182.75, 1641.8, 327.68, 222.6, 163.93, 323.87, 172.78, 245.81, 98.02, 30.6, 63.9, 125, 64.56, 87.89, , , , , 
1/31/2020 7:56:05 AM, 3275.75, 9183, 1641.9, 327.68, 222.6, 163.93, 323.87, 172.78, 245.81, 98.02, 30.6, 63.9, 125, 64.56, 87.89, , , , , 
1/31/2020 7:56:08 AM, 3275.75, 9183, 1641.9, 327.68, 222.6, 163.93, 323.87, 172.78, 245.81, 98.02, 30.6, 63.9, 125, 64.56, 87.89, , , , , 
1/31/2020 7:56:11 AM, 3275.5, 9181.5, 1641.7, 327.68, 222.6, 163.93, 323.87, 172.78, 245.81, 98.02, 30.6, 63.9, 125, 64.56, 87.89, , , , , 
1/31/2020 7:56:14 AM, 3275.5, 9181.5, 1641.7, 327.68, 222.6, 163.93, 323.87, 172.78, 245.81, 98.02, 30.6, 63.9, 125, 64.56, 87.89, , , , , 
1/31/2020 7:56:17 AM, 3275.5, 9182.5, 1641.8, 327.68, 222.6, 163.93, 323.87, 172.78, 245.81, 98.02, 30.6, 63.9, 125, 64.56, 87.89, , , , , 
1/31/2020 7:56:20 AM, 3275.75, 9183, 1641.8, 327.68, 222.6, 163.93, 323.87, 172.78, 245.81, 98.02, 30.6, 63.9, 125, 64.56, 87.89, , , , , 
1/31/2020 7:56:24 AM, 3275.75, 9183.25, 1641.8, 327.68, 222.6, 163.93, 323.87, 172.78, 245.81, 98.02, 30.6, 63.9, 125, 64.56, 87.89, , , , , 
1/31/2020 7:56:27 AM, 3275.75, 9183.25, 1641.8, 327.68, 222.6, 163.93, 323.87, 172.78, 245.81, 98.02, 30.6, 63.9, 125, 64.56, 87.89, , , , , 
1/31/2020 7:56:30 AM, 3275.5, 9182.75, 1641.7, 327.68, 222.6, 163.93, 323.87, 172.78, 245.81, 98.02, 30.6, 63.9, 125, 64.56, 87.89, , , , , 
1/31/2020 7:56:33 AM, 3275.75, 9183, 1641.7, 327.68, 222.6, 163.93, 323.87, 172.78, 245.81, 98.02, 30.6, 63.9, 125, 64.56, 87.89, , , , , 
1/31/2020 7:56:36 AM, 3276, 9183.75, 1641.9, 327.68, 222.6, 163.93, 323.87, 172.78, 245.81, 98.02, 30.6, 63.9, 125, 64.56, 87.89, , , , , 
1/31/2020 7:56:39 AM, 3275.75, 9183.25, 1641.8, 327.68, 222.6, 163.93, 323.87, 172.78, 245.81, 98.02, 30.6, 63.9, 125, 64.56, 87.89, , , , , 
1/31/2020 7:56:42 AM, 3275.75, 9183.25, 1641.8, 327.68, 222.6, 163.93, 323.87, 172.78, 245.81, 98.02, 30.6, 63.9, 125, 64.56, 87.89, , , , , 
1/31/2020 7:56:45 AM, 3275.75, 9183.25, 1641.8, 327.68, 222.6, 163.93, 323.87, 172.78, 245.81, 98.02, 30.6, 63.9, 125, 64.56, 87.89, , , , , 
1/31/2020 7:56:48 AM, 3275.75, 9183, 1641.8, 327.68, 222.6, 163.93, 323.87, 172.78, 245.81, 98.02, 30.6, 63.9, 125, 64.56, 87.89, , , , , 
1/31/2020 7:56:51 AM, 3275.75, 9183.25, 1641.8, 327.68, 222.6, 163.93, 323.87, 172.78, 245.81, 98.02, 30.6, 63.9, 125, 64.56, 87.89, , , , , 
1/31/2020 7:56:54 AM, 3275.75, 9183.75, 1641.8, 327.68, 222.6, 163.93, 323.87, 172.78, 245.81, 98.02, 30.6, 63.9, 125, 64.56, 87.89, , , , , 
1/31/2020 7:56:57 AM, 3276, 9183.5, 1641.8, 327.68, 222.6, 163.93, 323.87, 172.78, 245.81, 98.02, 30.6, 63.9, 125, 64.56, 87.89, , , , , 
1/31/2020 7:57:00 AM, 3275.75, 9183.5, 1641.8, 327.68, 222.6, 163.93, 323.87, 172.78, 245.81, 98.02, 30.6, 63.9, 125, 64.56, 87.89, , , , , 
1/31/2020 7:57:03 AM, 3276, 9183.75, 1641.8, 327.68, 222.6, 163.93, 323.87, 172.78, 245.81, 98.02, 30.6, 63.9, 125, 64.56, 87.89, , , , , 
1/31/2020 7:57:06 AM, 3275.75, 9183.25, 1641.8, 327.68, 222.6, 163.93, 323.87, 172.78, 245.81, 98.02, 30.6, 63.9, 125, 64.56, 87.89, , , , , 
1/31/2020 7:57:09 AM, 3275.75, 9183.25, 1641.8, 327.68, 222.6, 163.93, 323.87, 172.78, 245.81, 98.02, 30.6, 63.9, 125, 64.56, 87.89, , , , , 
1/31/2020 7:57:12 AM, 3275.5, 9183.25, 1641.7, 327.68, 222.6, 163.93, 323.87, 172.78, 245.81, 98.02, 30.6, 63.9, 125, 64.56, 87.89, , , , , 
1/31/2020 7:57:15 AM, 3275.5, 9182.75, 1641.7, 327.68, 222.6, 163.93, 323.87, 172.78, 245.81, 98.02, 30.6, 63.9, 125, 64.56, 87.89, , , , , 
1/31/2020 7:57:18 AM, 3275.5, 9182.5, 1641.7, 327.68, 222.6, 163.93, 323.87, 172.78, 245.81, 98.02, 30.6, 63.9, 125, 64.56, 87.89, , , , , 
1/31/2020 7:57:21 AM, 3275.5, 9182.5, 1641.7, 327.68, 222.6, 163.93, 323.87, 172.78, 245.81, 98.02, 30.6, 63.9, 125, 64.56, 87.89, , , , , 
1/31/2020 7:57:24 AM, 3275.75, 9182.5, 1641.7, 327.68, 222.6, 163.93, 323.87, 172.78, 245.81, 98.02, 30.6, 63.9, 125, 64.56, 87.89, , , , , 
1/31/2020 7:57:27 AM, 3275.75, 9183, 1641.7, 327.68, 222.6, 163.93, 323.87, 172.78, 245.81, 98.02, 30.6, 63.9, 125, 64.56, 87.89, , , , , 
1/31/2020 7:57:30 AM, 3275.5, 9182, 1641.7, 327.68, 222.6, 163.93, 323.87, 172.78, 245.81, 98.02, 30.6, 63.9, 125, 64.56, 87.89, , , , , 
1/31/2020 7:57:33 AM, 3275.5, 9182.25, 1641.7, 327.68, 222.6, 163.93, 323.87, 172.78, 245.81, 98.02, 30.6, 63.9, 125, 64.56, 87.89, , , , , 
1/31/2020 7:57:36 AM, 3275.75, 9183, 1641.7, 327.68, 222.6, 163.93, 323.87, 172.78, 245.81, 98.02, 30.6, 63.9, 125, 64.56, 87.89, , , , , 
1/31/2020 7:57:39 AM, 3275.75, 9182.75, 1641.7, 327.68, 222.6, 163.93, 323.87, 172.78, 245.81, 98.02, 30.6, 63.9, 125, 64.56, 87.89, , , , , 
1/31/2020 7:57:42 AM, 3276, 9182.75, 1641.7, 327.68, 222.6, 163.93, 323.87, 172.78, 245.81, 98.02, 30.6, 63.9, 125, 64.56, 87.89, , , , , 
1/31/2020 7:57:45 AM, 3275.75, 9182.75, 1641.7, 327.68, 222.6, 163.93, 323.87, 172.78, 245.81, 98.02, 30.6, 63.9, 125, 64.56, 87.89, , , , , 
1/31/2020 7:57:48 AM, 3275.75, 9182.75, 1641.7, 327.68, 222.6, 163.93, 323.87, 172.78, 245.81, 98.02, 30.6, 63.9, 125, 64.56, 87.89, , , , , 
1/31/2020 7:57:51 AM, 3275.75, 9183, 1641.7, 327.68, 222.6, 163.93, 323.87, 172.78, 245.81, 98.02, 30.6, 63.9, 125, 64.56, 87.89, , , , , 
1/31/2020 7:57:54 AM, 3275.75, 9182.75, 1641.7, 327.68, 222.6, 163.93, 323.87, 172.78, 245.81, 98.02, 30.6, 63.9, 125, 64.56, 87.89, , , , , 
1/31/2020 7:57:57 AM, 3275.75, 9182.75, 1641.7, 327.68, 222.6, 163.93, 323.87, 172.78, 245.81, 98.02, 30.6, 63.9, 125, 64.56, 87.89, , , , , 
1/31/2020 7:58:00 AM, 3275.75, 9182.75, 1641.7, 327.68, 222.6, 163.93, 323.87, 172.78, 245.81, 98.02, 30.6, 63.9, 125, 64.56, 87.89, , , , , 
1/31/2020 7:58:03 AM, 3275.75, 9182.75, 1641.7, 327.68, 222.6, 163.93, 323.87, 172.78, 245.81, 98.02, 30.6, 63.9, 125, 64.56, 87.89, , , , , 
1/31/2020 7:58:06 AM, 3276, 9183, 1641.7, 327.68, 222.6, 163.93, 323.87, 172.78, 245.81, 98.02, 30.6, 63.9, 125, 64.56, 87.89, , , , , 
1/31/2020 7:58:09 AM, 3276, 9183, 1641.7, 327.68, 222.6, 163.93, 323.87, 172.78, 245.81, 98.02, 30.6, 63.9, 125, 64.56, 87.89, , , , , 
1/31/2020 7:58:12 AM, 3275.75, 9182.75, 1641.7, 327.68, 222.6, 163.93, 323.87, 172.78, 245.81, 98.02, 30.6, 63.9, 125, 64.56, 87.89, , , , , 
1/31/2020 7:58:15 AM, 3275.75, 9182.75, 1641.7, 327.68, 222.6, 163.93, 323.87, 172.78, 245.81, 98.02, 30.6, 63.9, 125, 64.56, 87.89, , , , , 
1/31/2020 7:58:18 AM, 3276, 9182.5, 1641.7, 327.68, 222.6, 163.93, 323.87, 172.78, 245.81, 98.02, 30.6, 63.9, 125, 64.56, 87.89, , , , , 
1/31/2020 7:58:21 AM, 3276, 9182.5, 1641.7, 327.68, 222.6, 163.93, 323.87, 172.78, 245.81, 98.02, 30.6, 63.9, 125, 64.56, 87.89, , , , , 
1/31/2020 7:58:24 AM, 3276, 9183.5, 1641.8, 327.68, 222.6, 163.93, 323.87, 172.78, 245.81, 98.02, 30.6, 63.9, 125, 64.56, 87.89, , , , , 
1/31/2020 7:58:27 AM, 3276, 9183.5, 1641.8, 327.68, 222.6, 163.93, 323.87, 172.78, 245.81, 98.02, 30.6, 63.9, 125, 64.56, 87.89, , , , , 
1/31/2020 7:58:30 AM, 3276, 9183.5, 1641.8, 327.68, 222.6, 163.93, 323.87, 172.78, 245.81, 98.02, 30.6, 63.9, 125, 64.56, 87.89, , , , , 
1/31/2020 7:58:33 AM, 3276, 9183.5, 1641.8, 327.68, 222.6, 163.93, 323.87, 172.78, 245.81, 98.02, 30.6, 63.9, 125, 64.56, 87.89, , , , , 
1/31/2020 7:58:36 AM, 3276, 9183.5, 1641.8, 327.68, 222.6, 163.93, 323.87, 172.78, 245.81, 98.02, 30.6, 63.9, 125, 64.56, 87.89, , , , , 
1/31/2020 7:58:39 AM, 3276.25, 9184, 1641.8, 327.68, 222.6, 163.93, 323.87, 172.78, 245.81, 98.02, 30.6, 63.9, 125, 64.56, 87.89, , , , , 
1/31/2020 7:58:42 AM, 3276.5, 9184.75, 1641.9, 327.68, 222.6, 163.93, 323.87, 172.78, 245.81, 98.02, 30.6, 63.9, 125, 64.56, 87.89, , , , , 
1/31/2020 7:58:45 AM, 3276.5, 9185.25, 1642.1, 327.68, 222.6, 163.93, 323.87, 172.78, 245.81, 98.02, 30.6, 63.9, 125, 64.56, 87.89, , , , , 
1/31/2020 7:58:48 AM, 3276.5, 9185, 1642.1, 327.68, 222.6, 163.93, 323.87, 172.78, 245.81, 98.02, 30.6, 63.9, 125, 64.56, 87.89, , , , , 
1/31/2020 7:58:51 AM, 3276.75, 9185, 1642.1, 327.68, 222.6, 163.93, 323.87, 172.78, 245.81, 98.02, 30.6, 63.9, 125, 64.56, 87.89, , , , , 
1/31/2020 7:58:55 AM, 3276.75, 9184.75, 1642.1, 327.68, 222.6, 163.93, 323.87, 172.78, 245.81, 98.02, 30.6, 63.9, 125, 64.56, 87.89, , , , , 
1/31/2020 7:58:58 AM, 3276.75, 9185, 1642.1, 327.68, 222.6, 163.93, 323.87, 172.78, 245.81, 98.02, 30.6, 63.9, 125, 64.56, 87.89, , , , , 
1/31/2020 7:59:01 AM, 3276.75, 9185, 1642.2, 327.68, 222.6, 163.93, 323.87, 172.78, 245.81, 98.02, 30.6, 63.9, 125, 64.56, 87.89, , , , , 
1/31/2020 7:59:04 AM, 3276.5, 9184, 1642, 327.68, 222.6, 163.93, 323.87, 172.78, 245.81, 98.02, 30.6, 63.9, 125, 64.56, 87.89, , , , , 
1/31/2020 7:59:07 AM, 3276.5, 9184, 1642, 327.68, 222.6, 163.93, 323.87, 172.78, 245.81, 98.02, 30.6, 63.9, 125, 64.56, 87.89, , , , , 
1/31/2020 7:59:10 AM, 3276.5, 9183.75, 1642, 327.68, 222.6, 163.93, 323.87, 172.78, 245.81, 98.02, 30.6, 63.9, 125, 64.56, 87.89, , , , , 
1/31/2020 7:59:13 AM, 3276.5, 9183.75, 1642, 327.68, 222.6, 163.93, 323.87, 172.78, 245.81, 98.02, 30.6, 63.9, 125, 64.56, 87.89, , , , , 
1/31/2020 7:59:16 AM, 3276.5, 9184.5, 1642, 327.68, 222.6, 163.93, 323.87, 172.78, 245.81, 98.02, 30.6, 63.9, 125, 64.56, 87.89, , , , , 
1/31/2020 7:59:19 AM, 3276.5, 9184, 1642, 327.68, 222.6, 163.93, 323.87, 172.78, 245.81, 98.02, 30.6, 63.9, 125, 64.56, 87.89, , , , , 
1/31/2020 7:59:22 AM, 3276.5, 9184, 1642, 327.68, 222.6, 163.93, 323.87, 172.78, 245.81, 98.02, 30.6, 63.9, 125, 64.56, 87.89, , , , , 
1/31/2020 7:59:25 AM, 3276.5, 9184, 1642, 327.68, 222.6, 163.93, 323.87, 172.78, 245.81, 98.02, 30.6, 63.9, 125, 64.56, 87.89, , , , , 
1/31/2020 7:59:28 AM, 3276.75, 9184.25, 1642, 327.68, 222.6, 163.93, 323.87, 172.78, 245.81, 98.02, 30.6, 63.9, 125, 64.56, 87.89, , , , , 
1/31/2020 7:59:31 AM, 3276.5, 9184.25, 1642, 327.68, 222.6, 163.93, 323.87, 172.78, 245.81, 98.02, 30.6, 63.9, 125, 64.56, 87.89, , , , , 
1/31/2020 7:59:34 AM, 3276.75, 9184.5, 1642.1, 327.68, 222.6, 163.93, 323.87, 172.78, 245.81, 98.02, 30.6, 63.9, 125, 64.56, 87.89, , , , , 
1/31/2020 7:59:37 AM, 3276.75, 9184.5, 1642.2, 327.68, 222.6, 163.93, 323.87, 172.78, 245.81, 98.02, 30.6, 63.9, 125, 64.56, 87.89, , , , , 
1/31/2020 7:59:40 AM, 3277, 9184.75, 1642.2, 327.68, 222.6, 163.93, 323.87, 172.78, 245.81, 98.02, 30.6, 63.9, 125, 64.56, 87.89, , , , , 
1/31/2020 7:59:43 AM, 3277, 9185.25, 1642.2, 327.68, 222.6, 163.93, 323.87, 172.78, 245.81, 98.02, 30.6, 63.9, 125, 64.56, 87.89, , , , , 
1/31/2020 7:59:46 AM, 3277, 9184.75, 1642.2, 327.68, 222.6, 163.93, 323.87, 172.78, 245.81, 98.02, 30.6, 63.9, 125, 64.56, 87.89, , , , , 
1/31/2020 7:59:49 AM, 3277, 9185.5, 1642.2, 327.68, 222.6, 163.93, 323.87, 172.78, 245.81, 98.02, 30.6, 63.9, 125, 64.56, 87.89, , , , , 
1/31/2020 7:59:52 AM, 3277, 9185.75, 1642.4, 327.68, 222.6, 163.93, 323.87, 172.78, 245.81, 98.02, 30.6, 63.9, 125, 64.56, 87.89, , , , , 
1/31/2020 7:59:55 AM, 3277.25, 9185.75, 1642.4, 327.68, 222.6, 163.93, 323.87, 172.78, 245.81, 98.02, 30.6, 63.9, 125, 64.56, 87.89, , , , , 
1/31/2020 7:59:58 AM, 3277, 9185.25, 1642.3, 327.68, 222.6, 163.93, 323.87, 172.78, 245.81, 98.02, 30.6, 63.9, 125, 64.56, 87.89, , , , , 
1/31/2020 8:00:01 AM, 3277, 9185.25, 1642.3, 327.68, 222.6, 163.93, 323.87, 172.78, 245.81, 98.02, 30.6, 63.9, 125, 64.56, 87.89, , , , , 
1/31/2020 8:00:04 AM, 3276.25, 9184, 1641.7, 327.68, 222.6, 163.93, 323.87, 172.78, 245.81, 98.02, 30.6, 63.9, 125, 64.56, 87.89, , , , , 
1/31/2020 8:00:07 AM, 3276.75, 9186, 1641.9, 327.68, 222.6, 163.93, 323.87, 172.78, 245.81, 98.02, 30.6, 63.9, 125, 64.56, 87.89, , , , , 
1/31/2020 8:00:10 AM, 3275.75, 9183, 1641.4, 327.68, 222.6, 163.93, 323.87, 172.78, 245.81, 98.02, 30.6, 63.9, 125, 64.56, 87.89, , , , , 
1/31/2020 8:00:13 AM, 3276, 9184.5, 1641.5, 327.68, 222.6, 163.93, 323.87, 172.78, 245.81, 98.02, 30.6, 63.9, 125, 64.56, 87.89, , , , , 
1/31/2020 8:00:16 AM, 3276.25, 9185, 1641.5, 327.68, 222.6, 163.93, 323.87, 172.78, 245.81, 98.02, 30.6, 63.9, 125, 64.56, 87.89, , , , , 
1/31/2020 8:00:19 AM, 3276.25, 9184.25, 1641.6, 327.68, 222.6, 163.93, 323.87, 172.78, 245.81, 98.02, 30.6, 63.9, 125, 64.56, 87.89, , , , , 
1/31/2020 8:00:22 AM, 3276.25, 9183.5, 1641.6, 327.68, 222.6, 163.93, 323.87, 172.78, 245.81, 98.02, 30.6, 63.9, 125, 64.56, 87.89, , , , , 
1/31/2020 8:00:25 AM, 3276, 9184, 1641.6, 327.68, 222.6, 163.93, 323.87, 172.78, 245.81, 98.02, 30.6, 63.9, 125, 64.56, 87.89, , , , , 
1/31/2020 8:00:28 AM, 3276.5, 9185, 1641.6, 327.68, 222.6, 163.93, 323.87, 172.78, 245.81, 98.02, 30.6, 63.9, 125, 64.56, 87.89, , , , , 
1/31/2020 8:00:31 AM, 3276.25, 9185, 1641.6, 327.68, 222.6, 163.93, 323.87, 172.78, 245.81, 98.02, 30.6, 63.9, 125, 64.56, 87.89, , , , , 
1/31/2020 8:00:34 AM, 3276.25, 9184, 1641.6, 327.68, 222.6, 163.93, 323.87, 172.78, 245.81, 98.02, 30.6, 63.9, 125, 64.56, 87.89, , , , , 
1/31/2020 8:00:37 AM, 3276.25, 9184.25, 1641.6, 327.68, 222.6, 163.93, 323.87, 172.78, 245.81, 98.02, 30.6, 63.9, 125, 64.56, 87.89, , , , , 
1/31/2020 8:00:40 AM, 3276, 9184.25, 1641.6, 327.68, 222.6, 163.93, 323.87, 172.78, 245.81, 98.02, 30.6, 63.9, 125, 64.56, 87.89, , , , , 
1/31/2020 8:00:43 AM, 3276.25, 9184.5, 1641.6, 327.68, 222.6, 163.93, 323.87, 172.78, 245.81, 98.02, 30.6, 63.9, 125, 64.56, 87.89, , , , , 
1/31/2020 8:00:46 AM, 3276, 9183.75, 1641.6, 327.68, 222.6, 163.93, 323.87, 172.78, 245.81, 98.02, 30.6, 63.9, 125, 64.56, 87.89, , , , , 
1/31/2020 8:00:49 AM, 3275.75, 9182.5, 1641.5, 327.68, 222.6, 163.93, 323.87, 172.78, 245.81, 98.02, 30.6, 63.9, 125, 64.56, 87.89, , , , , 
1/31/2020 8:00:52 AM, 3275.75, 9182.5, 1641.5, 327.68, 222.6, 163.93, 323.87, 172.78, 245.81, 98.02, 30.6, 63.9, 125, 64.56, 87.89, , , , , 
1/31/2020 8:00:55 AM, 3275.75, 9182.5, 1641.4, 327.68, 222.6, 163.93, 323.87, 172.78, 245.81, 98.02, 30.6, 63.9, 125, 64.56, 87.89, , , , , 
1/31/2020 8:00:58 AM, 3276, 9183, 1641.4, 327.68, 222.6, 163.93, 323.87, 172.78, 245.81, 98.02, 30.6, 63.9, 125, 64.56, 87.89, , , , , 
1/31/2020 8:01:01 AM, 3276.25, 9183.25, 1641.5, 327.68, 222.6, 163.93, 323.87, 172.78, 245.81, 98.02, 30.6, 63.9, 125, 64.56, 87.89, , , , , 
1/31/2020 8:01:04 AM, 3276.25, 9182.5, 1641.6, 327.68, 222.6, 163.93, 323.87, 172.78, 245.81, 98.02, 30.6, 63.9, 125, 64.56, 87.89, , , , , 
1/31/2020 8:01:07 AM, 3276, 9181.75, 1641.6, 327.68, 222.6, 163.93, 323.87, 172.78, 245.81, 98.02, 30.6, 63.9, 125, 64.56, 87.89, , , , , 
1/31/2020 8:01:10 AM, 3276, 9181.5, 1641.6, 327.68, 222.6, 163.93, 323.87, 172.78, 245.81, 98.02, 30.6, 63.9, 125, 64.56, 87.89, , , , , 
1/31/2020 8:01:13 AM, 3275.75, 9181.75, 1641.5, 327.68, 222.6, 163.93, 323.87, 172.78, 245.81, 98.02, 30.6, 63.9, 125, 64.56, 87.89, , , , , 
1/31/2020 8:01:16 AM, 3275.75, 9181.5, 1641.4, 327.68, 222.6, 163.93, 323.87, 172.78, 245.81, 98.02, 30.6, 63.9, 125, 64.56, 87.89, , , , , 
1/31/2020 8:01:20 AM, 3275.5, 9179.75, 1641.2, 327.68, 222.6, 163.93, 323.87, 172.78, 245.81, 98.02, 30.6, 63.9, 125, 64.56, 87.89, , , , , 
1/31/2020 8:01:23 AM, 3275.5, 9179.75, 1641.2, 327.68, 222.6, 163.93, 323.87, 172.78, 245.81, 98.02, 30.6, 63.9, 125, 64.56, 87.89, , , , , 
1/31/2020 8:01:26 AM, 3275.25, 9180, 1641.1, 327.68, 222.6, 163.93, 323.87, 172.78, 245.81, 98.02, 30.6, 63.9, 125, 64.56, 87.89, , , , , 
1/31/2020 8:01:29 AM, 3275.25, 9178.75, 1640.9, 327.68, 222.6, 163.93, 323.87, 172.78, 245.81, 98.02, 30.6, 63.9, 125, 64.56, 87.89, , , , , 
1/31/2020 8:01:32 AM, 3274.75, 9178.25, 1640.7, 327.68, 222.6, 163.93, 323.87, 172.78, 245.81, 98.02, 30.6, 63.9, 125, 64.56, 87.89, , , , , 
1/31/2020 8:01:35 AM, 3275, 9178.5, 1640.8, 327.68, 222.6, 163.93, 323.87, 172.78, 245.81, 98.02, 30.6, 63.9, 125, 64.56, 87.89, , , , , 
1/31/2020 8:01:38 AM, 3275, 9178.5, 1640.8, 327.68, 222.6, 163.93, 323.87, 172.78, 245.81, 98.02, 30.6, 63.9, 125, 64.56, 87.89, , , , , 
1/31/2020 8:01:41 AM, 3274.75, 9178.25, 1640.7, 327.68, 222.6, 163.93, 323.87, 172.78, 245.81, 98.02, 30.6, 63.9, 125, 64.56, 87.89, , , , , 
1/31/2020 8:01:44 AM, 3275, 9178, 1640.7, 327.68, 222.6, 163.93, 323.87, 172.78, 245.81, 98.02, 30.6, 63.9, 125, 64.56, 87.89, , , , , 
1/31/2020 8:01:47 AM, 3275, 9178.5, 1640.7, 327.68, 222.6, 163.93, 323.87, 172.78, 245.81, 98.02, 30.6, 63.9, 125, 64.56, 87.89, , , , , 
1/31/2020 8:01:50 AM, 3275, 9179, 1640.7, 327.68, 222.6, 163.93, 323.87, 172.78, 245.81, 98.02, 30.6, 63.9, 125, 64.56, 87.89, , , , , 
1/31/2020 8:01:53 AM, 3275, 9178.5, 1640.7, 327.68, 222.6, 163.93, 323.87, 172.78, 245.81, 98.02, 30.6, 63.9, 125, 64.56, 87.89, , , , , 
1/31/2020 8:01:56 AM, 3275, 9177.75, 1640.7, 327.68, 222.6, 163.93, 323.87, 172.78, 245.81, 98.02, 30.6, 63.9, 125, 64.56, 87.89, , , , , 
1/31/2020 8:01:59 AM, 3275, 9178.25, 1640.7, 327.68, 222.6, 163.93, 323.87, 172.78, 245.81, 98.02, 30.6, 63.9, 125, 64.56, 87.89, , , , , 
1/31/2020 8:02:02 AM, 3274.5, 9176.5, 1640.6, 327.68, 222.6, 163.93, 323.87, 172.78, 245.81, 98.02, 30.6, 63.9, 125, 64.56, 87.89, , , , , 
1/31/2020 8:02:05 AM, 3274.75, 9176.75, 1640.7, 327.68, 222.6, 163.93, 323.87, 172.78, 245.81, 98.02, 30.6, 63.9, 125, 64.56, 87.89, , , , , 
1/31/2020 8:02:08 AM, 3274.5, 9175.75, 1640.3, 327.68, 222.6, 163.93, 323.87, 172.78, 245.81, 98.02, 30.6, 63.9, 125, 64.56, 87.89, , , , , 
1/31/2020 8:02:11 AM, 3274, 9174.75, 1640.2, 327.68, 222.6, 163.93, 323.87, 172.78, 245.81, 98.02, 30.6, 63.9, 125, 64.56, 87.89, , , , , 
1/31/2020 8:02:14 AM, 3274.25, 9174.5, 1640.3, 327.68, 222.6, 163.93, 323.87, 172.78, 245.81, 98.02, 30.6, 63.9, 125, 64.56, 87.89, , , , , 
1/31/2020 8:02:17 AM, 3274.25, 9174.5, 1640.3, 327.68, 222.6, 163.93, 323.87, 172.78, 245.81, 98.02, 30.6, 63.9, 125, 64.56, 87.89, , , , , 
1/31/2020 8:02:20 AM, 3273.75, 9174.25, 1640.2, 327.68, 222.6, 163.93, 323.87, 172.78, 245.81, 98.02, 30.6, 63.9, 125, 64.56, 87.89, , , , , 
1/31/2020 8:02:23 AM, 3273.75, 9174.25, 1640.2, 327.68, 222.6, 163.93, 323.87, 172.78, 245.81, 98.02, 30.6, 63.9, 125, 64.56, 87.89, , , , , 
1/31/2020 8:02:26 AM, 3273.5, 9173.75, 1640.1, 327.68, 222.6, 163.93, 323.87, 172.78, 245.81, 98.02, 30.6, 63.9, 125, 64.56, 87.89, , , , , 
1/31/2020 8:02:29 AM, 3273.5, 9173.75, 1640.1, 327.68, 222.6, 163.93, 323.87, 172.78, 245.81, 98.02, 30.6, 63.9, 125, 64.56, 87.89, , , , , 
1/31/2020 8:02:32 AM, 3273.5, 9173.25, 1640, 327.68, 222.6, 163.93, 323.87, 172.78, 245.81, 98.02, 30.6, 63.9, 125, 64.56, 87.89, , , , , 
1/31/2020 8:02:35 AM, 3273.5, 9173.25, 1640, 327.68, 222.6, 163.93, 323.87, 172.78, 245.81, 98.02, 30.6, 63.9, 125, 64.56, 87.89, , , , , 
1/31/2020 8:02:38 AM, 3273.25, 9172, 1639.9, 327.68, 222.6, 163.93, 323.87, 172.78, 245.81, 98.02, 30.6, 63.9, 125, 64.56, 87.89, , , , , 
1/31/2020 8:02:41 AM, 3273.25, 9172, 1639.9, 327.68, 222.6, 163.93, 323.87, 172.78, 245.81, 98.02, 30.6, 63.9, 125, 64.56, 87.89, , , , , 
1/31/2020 8:02:44 AM, 3273.25, 9170.75, 1639.9, 327.68, 222.6, 163.93, 323.87, 172.78, 245.81, 98.02, 30.6, 63.9, 125, 64.56, 87.89, , , , , 
1/31/2020 8:02:47 AM, 3273.25, 9170.75, 1639.9, 327.68, 222.6, 163.93, 323.87, 172.78, 245.81, 98.02, 30.6, 63.9, 125, 64.56, 87.89, , , , , 
1/31/2020 8:02:50 AM, 3273, 9170.75, 1639.4, 327.68, 222.6, 163.93, 323.87, 172.78, 245.81, 98.02, 30.6, 63.9, 125, 64.56, 87.89, , , , , 
1/31/2020 8:02:53 AM, 3273, 9170.75, 1639.4, 327.68, 222.6, 163.93, 323.87, 172.78, 245.81, 98.02, 30.6, 63.9, 125, 64.56, 87.89, , , , , 
1/31/2020 8:02:56 AM, 3273, 9171.25, 1639.5, 327.68, 222.6, 163.93, 323.87, 172.78, 245.81, 98.02, 30.6, 63.9, 125, 64.56, 87.89, , , , , 
1/31/2020 8:02:59 AM, 3273, 9171.25, 1639.5, 327.68, 222.6, 163.93, 323.87, 172.78, 245.81, 98.02, 30.6, 63.9, 125, 64.56, 87.89, , , , , 
1/31/2020 8:03:02 AM, 3273, 9171.25, 1639.5, 327.68, 222.6, 163.93, 323.87, 172.78, 245.81, 98.02, 30.6, 63.9, 125, 64.56, 87.89, , , , , 
1/31/2020 8:03:05 AM, 3273, 9171.25, 1639.5, 327.68, 222.6, 163.93, 323.87, 172.78, 245.81, 98.02, 30.6, 63.9, 125, 64.56, 87.89, , , , , 
1/31/2020 8:03:08 AM, 3273.25, 9172, 1639.7, 327.68, 222.6, 163.93, 323.87, 172.78, 245.81, 98.02, 30.6, 63.9, 125, 64.56, 87.89, , , , , 
1/31/2020 8:03:11 AM, 3273.25, 9172, 1639.7, 327.68, 222.6, 163.93, 323.87, 172.78, 245.81, 98.02, 30.6, 63.9, 125, 64.56, 87.89, , , , , 
1/31/2020 8:03:14 AM, 3273.25, 9172, 1639.6, 327.68, 222.6, 163.93, 323.87, 172.78, 245.81, 98.02, 30.6, 63.9, 125, 64.56, 87.89, , , , , 
1/31/2020 8:03:17 AM, 3273.25, 9172, 1639.6, 327.68, 222.6, 163.93, 323.87, 172.78, 245.81, 98.02, 30.6, 63.9, 125, 64.56, 87.89, , , , , 
1/31/2020 8:03:20 AM, 3273.75, 9173.5, 1640.1, 327.68, 222.6, 163.93, 323.87, 172.78, 245.81, 98.02, 30.6, 63.9, 125, 64.56, 87.89, , , , , 
1/31/2020 8:03:23 AM, 3273.75, 9173.5, 1640.1, 327.68, 222.6, 163.93, 323.87, 172.78, 245.81, 98.02, 30.6, 63.9, 125, 64.56, 87.89, , , , , 
1/31/2020 8:03:26 AM, 3273.75, 9173, 1640, 327.68, 222.6, 163.93, 323.87, 172.78, 245.81, 98.02, 30.6, 63.9, 125, 64.56, 87.89, , , , , 
1/31/2020 8:03:29 AM, 3273.75, 9173, 1640, 327.68, 222.6, 163.93, 323.87, 172.78, 245.81, 98.02, 30.6, 63.9, 125, 64.56, 87.89, , , , , 
1/31/2020 8:03:32 AM, 3273.75, 9173.5, 1640.2, 327.68, 222.6, 163.93, 323.87, 172.78, 245.81, 98.02, 30.6, 63.9, 125, 64.56, 87.89, , , , , 
1/31/2020 8:03:35 AM, 3273.75, 9173.5, 1640.2, 327.68, 222.6, 163.93, 323.87, 172.78, 245.81, 98.02, 30.6, 63.9, 125, 64.56, 87.89, , , , , 
1/31/2020 8:03:38 AM, 3274.25, 9175.5, 1640.3, 327.68, 222.6, 163.93, 323.87, 172.78, 245.81, 98.02, 30.6, 63.9, 125, 64.56, 87.89, , , , , 
1/31/2020 8:03:41 AM, 3274.25, 9175.5, 1640.3, 327.68, 222.6, 163.93, 323.87, 172.78, 245.81, 98.02, 30.6, 63.9, 125, 64.56, 87.89, , , , , 
1/31/2020 8:03:44 AM, 3274.25, 9176, 1640.3, 327.68, 222.6, 163.93, 323.87, 172.78, 245.81, 98.02, 30.6, 63.9, 125, 64.56, 87.89, , , , , 
1/31/2020 8:03:47 AM, 3274.25, 9176, 1640.3, 327.68, 222.6, 163.93, 323.87, 172.78, 245.81, 98.02, 30.6, 63.9, 125, 64.56, 87.89, , , , , 
1/31/2020 8:03:51 AM, 3274.25, 9176.75, 1640.4, 327.68, 222.6, 163.93, 323.87, 172.78, 245.81, 98.02, 30.6, 63.9, 125, 64.56, 87.89, , , , , 
1/31/2020 8:03:54 AM, 3274.25, 9176.75, 1640.4, 327.68, 222.6, 163.93, 323.87, 172.78, 245.81, 98.02, 30.6, 63.9, 125, 64.56, 87.89, , , , , 
1/31/2020 8:03:57 AM, 3274.5, 9177.75, 1640.4, 327.68, 222.6, 163.93, 323.87, 172.78, 245.81, 98.02, 30.6, 63.9, 125, 64.56, 87.89, , , , , 
1/31/2020 8:04:00 AM, 3274.5, 9177.75, 1640.4, 327.68, 222.6, 163.93, 323.87, 172.78, 245.81, 98.02, 30.6, 63.9, 125, 64.56, 87.89, , , , , 
1/31/2020 8:04:03 AM, 3274.5, 9177.75, 1640.4, 327.68, 222.6, 163.93, 323.87, 172.78, 245.81, 98.02, 30.6, 63.9, 125, 64.56, 87.89, , , , , 
1/31/2020 8:04:06 AM, 3274.5, 9177.75, 1640.4, 327.68, 222.6, 163.93, 323.87, 172.78, 245.81, 98.02, 30.6, 63.9, 125, 64.56, 87.89, , , , , 
1/31/2020 8:04:09 AM, 3274, 9176.25, 1640, 327.68, 222.6, 163.93, 323.87, 172.78, 245.81, 98.02, 30.6, 63.9, 125, 64.56, 87.89, , , , , 
1/31/2020 8:04:12 AM, 3274, 9176.25, 1640, 327.68, 222.6, 163.93, 323.87, 172.78, 245.81, 98.02, 30.6, 63.9, 125, 64.56, 87.89, , , , , 
1/31/2020 8:04:15 AM, 3274.25, 9176.25, 1640, 327.68, 222.6, 163.93, 323.87, 172.78, 245.81, 98.02, 30.6, 63.9, 125, 64.56, 87.89, , , , , 
1/31/2020 8:04:18 AM, 3274.25, 9176.25, 1640, 327.68, 222.6, 163.93, 323.87, 172.78, 245.81, 98.02, 30.6, 63.9, 125, 64.56, 87.89, , , , , 
1/31/2020 8:04:21 AM, 3273.75, 9175.25, 1640, 327.68, 222.6, 163.93, 323.87, 172.78, 245.81, 98.02, 30.6, 63.9, 125, 64.56, 87.89, , , , , 
1/31/2020 8:04:24 AM, 3273.75, 9175.25, 1640, 327.68, 222.6, 163.93, 323.87, 172.78, 245.81, 98.02, 30.6, 63.9, 125, 64.56, 87.89, , , , , 
1/31/2020 8:04:27 AM, 3273.75, 9175, 1640.1, 327.68, 222.6, 163.93, 323.87, 172.78, 245.81, 98.02, 30.6, 63.9, 125, 64.56, 87.89, , , , , 
1/31/2020 8:04:30 AM, 3273.75, 9175, 1640.1, 327.68, 222.6, 163.93, 323.87, 172.78, 245.81, 98.02, 30.6, 63.9, 125, 64.56, 87.89, , , , , 
1/31/2020 8:04:33 AM, 3274.25, 9176.25, 1640.1, 327.68, 222.6, 163.93, 323.87, 172.78, 245.81, 98.02, 30.6, 63.9, 125, 64.56, 87.89, , , , , 
1/31/2020 8:04:36 AM, 3274.25, 9176.25, 1640.1, 327.68, 222.6, 163.93, 323.87, 172.78, 245.81, 98.02, 30.6, 63.9, 125, 64.56, 87.89, , , , , 
1/31/2020 8:04:39 AM, 3274, 9175.5, 1640.1, 327.68, 222.6, 163.93, 323.87, 172.78, 245.81, 98.02, 30.6, 63.9, 125, 64.56, 87.89, , , , , 
1/31/2020 8:04:42 AM, 3274, 9175.5, 1640.1, 327.68, 222.6, 163.93, 323.87, 172.78, 245.81, 98.02, 30.6, 63.9, 125, 64.56, 87.89, , , , , 
1/31/2020 8:04:45 AM, 3274, 9175.5, 1640.1, 327.68, 222.6, 163.93, 323.87, 172.78, 245.81, 98.02, 30.6, 63.9, 125, 64.56, 87.89, , , , , 
1/31/2020 8:04:48 AM, 3274, 9175.5, 1640.1, 327.68, 222.6, 163.93, 323.87, 172.78, 245.81, 98.02, 30.6, 63.9, 125, 64.56, 87.89, , , , , 
1/31/2020 8:04:51 AM, 3273.75, 9176.25, 1640.1, 327.68, 222.6, 163.93, 323.87, 172.78, 245.81, 98.02, 30.6, 63.9, 125, 64.56, 87.89, , , , , 
1/31/2020 8:04:54 AM, 3273.75, 9176.25, 1640.1, 327.68, 222.6, 163.93, 323.87, 172.78, 245.81, 98.02, 30.6, 63.9, 125, 64.56, 87.89, , , , , 
1/31/2020 8:04:57 AM, 3273.75, 9175.75, 1640.1, 327.68, 222.6, 163.93, 323.87, 172.78, 245.81, 98.02, 30.6, 63.9, 125, 64.56, 87.89, , , , , 
1/31/2020 8:05:00 AM, 3273.75, 9175.75, 1640, 327.68, 222.6, 163.93, 323.87, 172.78, 245.81, 98.02, 30.6, 63.9, 125, 64.56, 87.89, , , , , 
1/31/2020 8:05:03 AM, 3273.75, 9175.25, 1639.9, 327.68, 222.6, 163.93, 323.87, 172.78, 245.81, 98.02, 30.6, 63.9, 125, 64.56, 87.89, , , , , 
1/31/2020 8:05:06 AM, 3273.75, 9176.25, 1639.8, 327.68, 222.6, 163.93, 323.87, 172.78, 245.81, 98.02, 30.6, 63.9, 125, 64.56, 87.89, , , , , 
1/31/2020 8:05:09 AM, 3273.75, 9176, 1639.8, 327.68, 222.6, 163.93, 323.87, 172.78, 245.81, 98.02, 30.6, 63.9, 125, 64.56, 87.89, , , , , 
1/31/2020 8:05:12 AM, 3273.75, 9176, 1639.8, 327.68, 222.6, 163.93, 323.87, 172.78, 245.81, 98.02, 30.6, 63.9, 125, 64.56, 87.89, , , , , 
1/31/2020 8:05:15 AM, 3273.75, 9176, 1639.7, 327.68, 222.6, 163.93, 323.87, 172.78, 245.81, 98.02, 30.6, 63.9, 125, 64.56, 87.89, , , , , 
1/31/2020 8:05:18 AM, 3274, 9176.5, 1639.9, 327.68, 222.6, 163.93, 323.87, 172.78, 245.81, 98.02, 30.6, 63.9, 125, 64.56, 87.89, , , , , 
1/31/2020 8:05:21 AM, 3274, 9176.75, 1639.9, 327.68, 222.6, 163.93, 323.87, 172.78, 245.81, 98.02, 30.6, 63.9, 125, 64.56, 87.89, , , , , 
1/31/2020 8:05:24 AM, 3274, 9177.5, 1639.8, 327.68, 222.6, 163.93, 323.87, 172.78, 245.81, 98.02, 30.6, 63.9, 125, 64.56, 87.89, , , , , 
1/31/2020 8:05:27 AM, 3274.25, 9177, 1640, 327.68, 222.6, 163.93, 323.87, 172.78, 245.81, 98.02, 30.6, 63.9, 125, 64.56, 87.89, , , , , 
1/31/2020 8:05:30 AM, 3274.5, 9177.75, 1640, 327.68, 222.6, 163.93, 323.87, 172.78, 245.81, 98.02, 30.6, 63.9, 125, 64.56, 87.89, , , , , 
1/31/2020 8:05:33 AM, 3274.5, 9177.25, 1640, 327.68, 222.6, 163.93, 323.87, 172.78, 245.81, 98.02, 30.6, 63.9, 125, 64.56, 87.89, , , , , 
1/31/2020 8:05:36 AM, 3274.25, 9177.75, 1640, 327.68, 222.6, 163.93, 323.87, 172.78, 245.81, 98.02, 30.6, 63.9, 125, 64.56, 87.89, , , , , 
1/31/2020 8:05:39 AM, 3274.25, 9176.75, 1640.1, 327.68, 222.6, 163.93, 323.87, 172.78, 245.81, 98.02, 30.6, 63.9, 125, 64.56, 87.89, , , , , 
1/31/2020 8:05:42 AM, 3274.5, 9177, 1640.1, 327.68, 222.6, 163.93, 323.87, 172.78, 245.81, 98.02, 30.6, 63.9, 125, 64.56, 87.89, , , , , 
1/31/2020 8:05:45 AM, 3274.5, 9177, 1640.1, 327.68, 222.6, 163.93, 323.87, 172.78, 245.81, 98.02, 30.6, 63.9, 125, 64.56, 87.89, , , , , 
1/31/2020 8:05:48 AM, 3274.5, 9177.5, 1640.1, 327.68, 222.6, 163.93, 323.87, 172.78, 245.81, 98.02, 30.6, 63.9, 125, 64.56, 87.89, , , , , 
1/31/2020 8:05:51 AM, 3274.5, 9177.75, 1640.1, 327.68, 222.6, 163.93, 323.87, 172.78, 245.81, 98.02, 30.6, 63.9, 125, 64.56, 87.89, , , , , 
1/31/2020 8:05:54 AM, 3274.5, 9177.75, 1640.2, 327.68, 222.6, 163.93, 323.87, 172.78, 245.81, 98.02, 30.6, 63.9, 125, 64.56, 87.89, , , , , 
1/31/2020 8:05:57 AM, 3274.5, 9177.75, 1640.2, 327.68, 222.6, 163.93, 323.87, 172.78, 245.81, 98.02, 30.6, 63.9, 125, 64.56, 87.89, , , , , 
1/31/2020 8:06:00 AM, 3274.5, 9178, 1640.2, 327.68, 222.6, 163.93, 323.87, 172.78, 245.81, 98.02, 30.6, 63.9, 125, 64.56, 87.89, , , , , 
1/31/2020 8:06:03 AM, 3274.5, 9178, 1640.3, 327.68, 222.6, 163.93, 323.87, 172.78, 245.81, 98.02, 30.6, 63.9, 125, 64.56, 87.89, , , , , 
1/31/2020 8:06:06 AM, 3275, 9178.5, 1640.2, 327.68, 222.6, 163.93, 323.87, 172.78, 245.81, 98.02, 30.6, 63.9, 125, 64.56, 87.89, , , , , 
1/31/2020 8:06:09 AM, 3274.75, 9179.5, 1640.5, 327.68, 222.6, 163.93, 323.87, 172.78, 245.81, 98.02, 30.6, 63.9, 125, 64.56, 87.89, , , , , 
1/31/2020 8:06:12 AM, 3275, 9179.25, 1640.5, 327.68, 222.6, 163.93, 323.87, 172.78, 245.81, 98.02, 30.6, 63.9, 125, 64.56, 87.89, , , , , 
1/31/2020 8:06:15 AM, 3275, 9180.5, 1640.5, 327.68, 222.6, 163.93, 323.87, 172.78, 245.81, 98.02, 30.6, 63.9, 125, 64.56, 87.89, , , , , 
1/31/2020 8:06:18 AM, 3275, 9179.25, 1640.5, 327.68, 222.6, 163.93, 323.87, 172.78, 245.81, 98.02, 30.6, 63.9, 125, 64.56, 87.89, , , , , 
1/31/2020 8:06:21 AM, 3275, 9179.25, 1640.5, 327.68, 222.6, 163.93, 323.87, 172.78, 245.81, 98.02, 30.6, 63.9, 125, 64.56, 87.89, , , , , 
1/31/2020 8:06:24 AM, 3274.75, 9179.5, 1640.5, 327.68, 222.6, 163.93, 323.87, 172.78, 245.81, 98.02, 30.6, 63.9, 125, 64.56, 87.89, , , , , 
1/31/2020 8:06:28 AM, 3275, 9179.5, 1640.5, 327.68, 222.6, 163.93, 323.87, 172.78, 245.81, 98.02, 30.6, 63.9, 125, 64.56, 87.89, , , , , 
1/31/2020 8:06:31 AM, 3275, 9178.75, 1640.4, 327.68, 222.6, 163.93, 323.87, 172.78, 245.81, 98.02, 30.6, 63.9, 125, 64.56, 87.89, , , , , 
1/31/2020 8:06:34 AM, 3274.75, 9179.25, 1640.5, 327.68, 222.6, 163.93, 323.87, 172.78, 245.81, 98.02, 30.6, 63.9, 125, 64.56, 87.89, , , , , 
1/31/2020 8:06:37 AM, 3275, 9178.75, 1640.5, 327.68, 222.6, 163.93, 323.87, 172.78, 245.81, 98.02, 30.6, 63.9, 125, 64.56, 87.89, , , , , 
1/31/2020 8:06:40 AM, 3275, 9179.25, 1640.5, 327.68, 222.6, 163.93, 323.87, 172.78, 245.81, 98.02, 30.6, 63.9, 125, 64.56, 87.89, , , , , 
1/31/2020 8:06:43 AM, 3275, 9179.5, 1640.5, 327.68, 222.6, 163.93, 323.87, 172.78, 245.81, 98.02, 30.6, 63.9, 125, 64.56, 87.89, , , , , 
1/31/2020 8:06:46 AM, 3274.75, 9179.25, 1640.5, 327.68, 222.6, 163.93, 323.87, 172.78, 245.81, 98.02, 30.6, 63.9, 125, 64.56, 87.89, , , , , 
1/31/2020 8:06:49 AM, 3275, 9178.75, 1640.6, 327.68, 222.6, 163.93, 323.87, 172.78, 245.81, 98.02, 30.6, 63.9, 125, 64.56, 87.89, , , , , 
1/31/2020 8:06:52 AM, 3275.25, 9179.25, 1640.6, 327.68, 222.6, 163.93, 323.87, 172.78, 245.81, 98.02, 30.6, 63.9, 125, 64.56, 87.89, , , , , 
1/31/2020 8:06:55 AM, 3275, 9179.25, 1640.5, 327.68, 222.6, 163.93, 323.87, 172.78, 245.81, 98.02, 30.6, 63.9, 125, 64.56, 87.89, , , , , 
1/31/2020 8:06:58 AM, 3275.25, 9179.5, 1640.5, 327.68, 222.6, 163.93, 323.87, 172.78, 245.81, 98.02, 30.6, 63.9, 125, 64.56, 87.89, , , , , 
1/31/2020 8:07:01 AM, 3275.25, 9179.75, 1640.5, 327.68, 222.6, 163.93, 323.87, 172.78, 245.81, 98.02, 30.6, 63.9, 125, 64.56, 87.89, , , , , 
1/31/2020 8:07:04 AM, 3275.25, 9179.75, 1640.5, 327.68, 222.6, 163.93, 323.87, 172.78, 245.81, 98.02, 30.6, 63.9, 125, 64.56, 87.89, , , , , 
1/31/2020 8:07:07 AM, 3275, 9179.25, 1640.5, 327.68, 222.6, 163.93, 323.87, 172.78, 245.81, 98.02, 30.6, 63.9, 125, 64.56, 87.89, , , , , 
1/31/2020 8:07:10 AM, 3275, 9179.75, 1640.5, 327.68, 222.6, 163.93, 323.87, 172.78, 245.81, 98.02, 30.6, 63.9, 125, 64.56, 87.89, , , , , 
1/31/2020 8:07:13 AM, 3275, 9179.5, 1640.5, 327.68, 222.6, 163.93, 323.87, 172.78, 245.81, 98.02, 30.6, 63.9, 125, 64.56, 87.89, , , , , 
1/31/2020 8:07:16 AM, 3275, 9179.5, 1640.6, 327.68, 222.6, 163.93, 323.87, 172.78, 245.81, 98.02, 30.6, 63.9, 125, 64.56, 87.89, , , , , 
1/31/2020 8:07:19 AM, 3274.75, 9178.75, 1640.4, 327.68, 222.6, 163.93, 323.87, 172.78, 245.81, 98.02, 30.6, 63.9, 125, 64.56, 87.89, , , , , 
1/31/2020 8:07:22 AM, 3274.75, 9178.5, 1640.3, 327.68, 222.6, 163.93, 323.87, 172.78, 245.81, 98.02, 30.6, 63.9, 125, 64.56, 87.89, , , , , 
1/31/2020 8:07:25 AM, 3274.75, 9178.5, 1640.2, 327.68, 222.6, 163.93, 323.87, 172.78, 245.81, 98.02, 30.6, 63.9, 125, 64.56, 87.89, , , , , 
1/31/2020 8:07:28 AM, 3274.75, 9179, 1640.2, 327.68, 222.6, 163.93, 323.87, 172.78, 245.81, 98.02, 30.6, 63.9, 125, 64.56, 87.89, , , , , 
1/31/2020 8:07:31 AM, 3274.5, 9179, 1640.3, 327.68, 222.6, 163.93, 323.87, 172.78, 245.81, 98.02, 30.6, 63.9, 125, 64.56, 87.89, , , , , 
1/31/2020 8:07:34 AM, 3274.75, 9178.75, 1640.3, 327.68, 222.6, 163.93, 323.87, 172.78, 245.81, 98.02, 30.6, 63.9, 125, 64.56, 87.89, , , , , 
1/31/2020 8:07:37 AM, 3274.75, 9179, 1640.3, 327.68, 222.6, 163.93, 323.87, 172.78, 245.81, 98.02, 30.6, 63.9, 125, 64.56, 87.89, , , , , 
1/31/2020 8:07:40 AM, 3274.75, 9179, 1640.3, 327.68, 222.6, 163.93, 323.87, 172.78, 245.81, 98.02, 30.6, 63.9, 125, 64.56, 87.89, , , , , 
1/31/2020 8:07:43 AM, 3274.75, 9178.75, 1640.3, 327.68, 222.6, 163.93, 323.87, 172.78, 245.81, 98.02, 30.6, 63.9, 125, 64.56, 87.89, , , , , 
1/31/2020 8:07:46 AM, 3274.5, 9178.5, 1640.3, 327.68, 222.6, 163.93, 323.87, 172.78, 245.81, 98.02, 30.6, 63.9, 125, 64.56, 87.89, , , , , 
1/31/2020 8:07:49 AM, 3274.5, 9177.75, 1640.1, 327.68, 222.6, 163.93, 323.87, 172.78, 245.81, 98.02, 30.6, 63.9, 125, 64.56, 87.89, , , , , 
1/31/2020 8:07:52 AM, 3274.5, 9177.25, 1640.1, 327.68, 222.6, 163.93, 323.87, 172.78, 245.81, 98.02, 30.6, 63.9, 125, 64.56, 87.89, , , , , 
1/31/2020 8:07:55 AM, 3274, 9175.75, 1640.1, 327.68, 222.6, 163.93, 323.87, 172.78, 245.81, 98.02, 30.6, 63.9, 125, 64.56, 87.89, , , , , 
1/31/2020 8:07:58 AM, 3273.75, 9175, 1639.6, 327.68, 222.6, 163.93, 323.87, 172.78, 245.81, 98.02, 30.6, 63.9, 125, 64.56, 87.89, , , , , 
1/31/2020 8:08:01 AM, 3273.75, 9174.5, 1639.5, 327.68, 222.6, 163.93, 323.87, 172.78, 245.81, 98.02, 30.6, 63.9, 125, 64.56, 87.89, , , , , 
1/31/2020 8:08:04 AM, 3273.5, 9174.75, 1639.5, 327.68, 222.6, 163.93, 323.87, 172.78, 245.81, 98.02, 30.6, 63.9, 125, 64.56, 87.89, , , , , 
1/31/2020 8:08:07 AM, 3273.5, 9175, 1639.5, 327.68, 222.6, 163.93, 323.87, 172.78, 245.81, 98.02, 30.6, 63.9, 125, 64.56, 87.89, , , , , 
1/31/2020 8:08:10 AM, 3273.5, 9173.5, 1639.5, 327.68, 222.6, 163.93, 323.87, 172.78, 245.81, 98.02, 30.6, 63.9, 125, 64.56, 87.89, , , , , 
1/31/2020 8:08:13 AM, 3273.5, 9174.25, 1639.5, 327.68, 222.6, 163.93, 323.87, 172.78, 245.81, 98.02, 30.6, 63.9, 125, 64.56, 87.89, , , , , 
1/31/2020 8:08:16 AM, 3273.5, 9175, 1639.5, 327.68, 222.6, 163.93, 323.87, 172.78, 245.81, 98.02, 30.6, 63.9, 125, 64.56, 87.89, , , , , 
1/31/2020 8:08:19 AM, 3274, 9176, 1639.8, 327.68, 222.6, 163.93, 323.87, 172.78, 245.81, 98.02, 30.6, 63.9, 125, 64.56, 87.89, , , , , 
1/31/2020 8:08:22 AM, 3274.25, 9177.75, 1639.8, 327.68, 222.6, 163.93, 323.87, 172.78, 245.81, 98.02, 30.6, 63.9, 125, 64.56, 87.89, , , , , 
1/31/2020 8:08:25 AM, 3274.25, 9177.75, 1639.9, 327.68, 222.6, 163.93, 323.87, 172.78, 245.81, 98.02, 30.6, 63.9, 125, 64.56, 87.89, , , , , 
1/31/2020 8:08:28 AM, 3274.25, 9178, 1639.9, 327.68, 222.6, 163.93, 323.87, 172.78, 245.81, 98.02, 30.6, 63.9, 125, 64.56, 87.89, , , , , 
1/31/2020 8:08:31 AM, 3274.25, 9177.75, 1639.9, 327.68, 222.6, 163.93, 323.87, 172.78, 245.81, 98.02, 30.6, 63.9, 125, 64.56, 87.89, , , , , 
1/31/2020 8:08:34 AM, 3274.25, 9177, 1639.9, 327.68, 222.6, 163.93, 323.87, 172.78, 245.81, 98.02, 30.6, 63.9, 125, 64.56, 87.89, , , , , 
1/31/2020 8:08:37 AM, 3274.25, 9177, 1639.9, 327.68, 222.6, 163.93, 323.87, 172.78, 245.81, 98.02, 30.6, 63.9, 125, 64.56, 87.89, , , , , 
1/31/2020 8:08:40 AM, 3274.25, 9177.25, 1639.9, 327.68, 222.6, 163.93, 323.87, 172.78, 245.81, 98.02, 30.6, 63.9, 125, 64.56, 87.89, , , , , 
1/31/2020 8:08:44 AM, 3274.25, 9177.5, 1639.9, 327.68, 222.6, 163.93, 323.87, 172.78, 245.81, 98.02, 30.6, 63.9, 125, 64.56, 87.89, , , , , 
1/31/2020 8:08:47 AM, 3274.25, 9178, 1639.9, 327.68, 222.6, 163.93, 323.87, 172.78, 245.81, 98.02, 30.6, 63.9, 125, 64.56, 87.89, , , , , 
1/31/2020 8:08:50 AM, 3274.25, 9178, 1639.9, 327.68, 222.6, 163.93, 323.87, 172.78, 245.81, 98.02, 30.6, 63.9, 125, 64.56, 87.89, , , , , 
1/31/2020 8:08:53 AM, 3274.5, 9177.75, 1639.8, 327.68, 222.6, 163.93, 323.87, 172.78, 245.81, 98.02, 30.6, 63.9, 125, 64.56, 87.89, , , , , 
1/31/2020 8:08:56 AM, 3274.5, 9177.75, 1639.8, 327.68, 222.6, 163.93, 323.87, 172.78, 245.81, 98.02, 30.6, 63.9, 125, 64.56, 87.89, , , , , 
1/31/2020 8:08:59 AM, 3274.5, 9178.5, 1639.8, 327.68, 222.6, 163.93, 323.87, 172.78, 245.81, 98.02, 30.6, 63.9, 125, 64.56, 87.89, , , , , 
1/31/2020 8:09:02 AM, 3274.25, 9177.5, 1639.8, 327.68, 222.6, 163.93, 323.87, 172.78, 245.81, 98.02, 30.6, 63.9, 125, 64.56, 87.89, , , , , 
1/31/2020 8:09:05 AM, 3274, 9177.25, 1639.9, 327.68, 222.6, 163.93, 323.87, 172.78, 245.81, 98.02, 30.6, 63.9, 125, 64.56, 87.89, , , , , 
1/31/2020 8:09:08 AM, 3274, 9177.25, 1639.9, 327.68, 222.6, 163.93, 323.87, 172.78, 245.81, 98.02, 30.6, 63.9, 125, 64.56, 87.89, , , , , 
1/31/2020 8:09:11 AM, 3274, 9177, 1639.8, 327.68, 222.6, 163.93, 323.87, 172.78, 245.81, 98.02, 30.6, 63.9, 125, 64.56, 87.89, , , , , 
1/31/2020 8:09:14 AM, 3274, 9176.75, 1639.8, 327.68, 222.6, 163.93, 323.87, 172.78, 245.81, 98.02, 30.6, 63.9, 125, 64.56, 87.89, , , , , 
1/31/2020 8:09:17 AM, 3273.25, 9175, 1639.4, 327.68, 222.6, 163.93, 323.87, 172.78, 245.81, 98.02, 30.6, 63.9, 125, 64.56, 87.89, , , , , 
1/31/2020 8:09:20 AM, 3273.25, 9175, 1639.4, 327.68, 222.6, 163.93, 323.87, 172.78, 245.81, 98.02, 30.6, 63.9, 125, 64.56, 87.89, , , , , 
1/31/2020 8:09:23 AM, 3273.25, 9174, 1639.2, 327.68, 222.6, 163.93, 323.87, 172.78, 245.81, 98.02, 30.6, 63.9, 125, 64.56, 87.89, , , , , 
1/31/2020 8:09:26 AM, 3273.25, 9174, 1639.2, 327.68, 222.6, 163.93, 323.87, 172.78, 245.81, 98.02, 30.6, 63.9, 125, 64.56, 87.89, , , , , 
1/31/2020 8:09:29 AM, 3273.5, 9174.5, 1639.2, 327.68, 222.6, 163.93, 323.87, 172.78, 245.81, 98.02, 30.6, 63.9, 125, 64.56, 87.89, , , , , 
1/31/2020 8:09:32 AM, 3274, 9176.25, 1639.5, 327.68, 222.6, 163.93, 323.87, 172.78, 245.81, 98.02, 30.6, 63.9, 125, 64.56, 87.89, , , , , 
1/31/2020 8:09:35 AM, 3273.75, 9176, 1639.7, 327.68, 222.6, 163.93, 323.87, 172.78, 245.81, 98.02, 30.6, 63.9, 125, 64.56, 87.89, , , , , 
1/31/2020 8:09:38 AM, 3273.75, 9176, 1639.7, 327.68, 222.6, 163.93, 323.87, 172.78, 245.81, 98.02, 30.6, 63.9, 125, 64.56, 87.89, , , , , 
1/31/2020 8:09:41 AM, 3274, 9176, 1639.6, 327.68, 222.6, 163.93, 323.87, 172.78, 245.81, 98.02, 30.6, 63.9, 125, 64.56, 87.89, , , , , 
1/31/2020 8:09:44 AM, 3274, 9176, 1639.6, 327.68, 222.6, 163.93, 323.87, 172.78, 245.81, 98.02, 30.6, 63.9, 125, 64.56, 87.89, , , , , 
1/31/2020 8:09:47 AM, 3273.75, 9176, 1639.6, 327.68, 222.6, 163.93, 323.87, 172.78, 245.81, 98.02, 30.6, 63.9, 125, 64.56, 87.89, , , , , 
1/31/2020 8:09:50 AM, 3273.75, 9176, 1639.6, 327.68, 222.6, 163.93, 323.87, 172.78, 245.81, 98.02, 30.6, 63.9, 125, 64.56, 87.89, , , , , 
1/31/2020 8:09:53 AM, 3274, 9177.25, 1639.6, 327.68, 222.6, 163.93, 323.87, 172.78, 245.81, 98.02, 30.6, 63.9, 125, 64.56, 87.89, , , , , 
1/31/2020 8:09:56 AM, 3274, 9177.25, 1639.6, 327.68, 222.6, 163.93, 323.87, 172.78, 245.81, 98.02, 30.6, 63.9, 125, 64.56, 87.89, , , , , 
1/31/2020 8:09:59 AM, 3274.25, 9177, 1639.8, 327.68, 222.6, 163.93, 323.87, 172.78, 245.81, 98.02, 30.6, 63.9, 125, 64.56, 87.89, , , , , 
1/31/2020 8:10:02 AM, 3274.25, 9177, 1639.8, 327.68, 222.6, 163.93, 323.87, 172.78, 245.81, 98.02, 30.6, 63.9, 125, 64.56, 87.89, , , , , 
1/31/2020 8:10:05 AM, 3274.25, 9177.75, 1639.8, 327.68, 222.6, 163.93, 323.87, 172.78, 245.81, 98.02, 30.6, 63.9, 125, 64.56, 87.89, , , , , 
1/31/2020 8:10:08 AM, 3274.25, 9177.75, 1639.8, 327.68, 222.6, 163.93, 323.87, 172.78, 245.81, 98.02, 30.6, 63.9, 125, 64.56, 87.89, , , , , 
1/31/2020 8:10:11 AM, 3274.25, 9177, 1639.8, 327.68, 222.6, 163.93, 323.87, 172.78, 245.81, 98.02, 30.6, 63.9, 125, 64.56, 87.89, , , , , 
1/31/2020 8:10:14 AM, 3274.25, 9177, 1639.8, 327.68, 222.6, 163.93, 323.87, 172.78, 245.81, 98.02, 30.6, 63.9, 125, 64.56, 87.89, , , , , 
1/31/2020 8:10:17 AM, 3274.25, 9178, 1639.8, 327.68, 222.6, 163.93, 323.87, 172.78, 245.81, 98.02, 30.6, 63.9, 125, 64.56, 87.89, , , , , 
1/31/2020 8:10:20 AM, 3274.25, 9178, 1639.8, 327.68, 222.6, 163.93, 323.87, 172.78, 245.81, 98.02, 30.6, 63.9, 125, 64.56, 87.89, , , , , 
1/31/2020 8:10:23 AM, 3274.5, 9178, 1639.9, 327.68, 222.6, 163.93, 323.87, 172.78, 245.81, 98.02, 30.6, 63.9, 125, 64.56, 87.89, , , , , 
1/31/2020 8:10:26 AM, 3274.5, 9178, 1639.9, 327.68, 222.6, 163.93, 323.87, 172.78, 245.81, 98.02, 30.6, 63.9, 125, 64.56, 87.89, , , , , 
1/31/2020 8:10:29 AM, 3274.5, 9177.75, 1639.9, 327.68, 222.6, 163.93, 323.87, 172.78, 245.81, 98.02, 30.6, 63.9, 125, 64.56, 87.89, , , , , 
1/31/2020 8:10:32 AM, 3274.5, 9177.75, 1639.9, 327.68, 222.6, 163.93, 323.87, 172.78, 245.81, 98.02, 30.6, 63.9, 125, 64.56, 87.89, , , , , 
1/31/2020 8:10:35 AM, 3274.5, 9178, 1639.9, 327.68, 222.6, 163.93, 323.87, 172.78, 245.81, 98.02, 30.6, 63.9, 125, 64.56, 87.89, , , , , 
1/31/2020 8:10:38 AM, 3274.5, 9178, 1639.9, 327.68, 222.6, 163.93, 323.87, 172.78, 245.81, 98.02, 30.6, 63.9, 125, 64.56, 87.89, , , , , 
1/31/2020 8:10:41 AM, 3274.25, 9177.75, 1639.8, 327.68, 222.6, 163.93, 323.87, 172.78, 245.81, 98.02, 30.6, 63.9, 125, 64.56, 87.89, , , , , 
1/31/2020 8:10:44 AM, 3274.25, 9177.75, 1639.8, 327.68, 222.6, 163.93, 323.87, 172.78, 245.81, 98.02, 30.6, 63.9, 125, 64.56, 87.89, , , , , 
1/31/2020 8:10:47 AM, 3274.25, 9178.25, 1639.8, 327.68, 222.6, 163.93, 323.87, 172.78, 245.81, 98.02, 30.6, 63.9, 125, 64.56, 87.89, , , , , 
1/31/2020 8:10:50 AM, 3274.25, 9178.25, 1639.8, 327.68, 222.6, 163.93, 323.87, 172.78, 245.81, 98.02, 30.6, 63.9, 125, 64.56, 87.89, , , , , 
1/31/2020 8:10:53 AM, 3274.25, 9178.25, 1639.8, 327.68, 222.6, 163.93, 323.87, 172.78, 245.81, 98.02, 30.6, 63.9, 125, 64.56, 87.89, , , , , 
1/31/2020 8:10:56 AM, 3274.25, 9178.25, 1639.8, 327.68, 222.6, 163.93, 323.87, 172.78, 245.81, 98.02, 30.6, 63.9, 125, 64.56, 87.89, , , , , 
1/31/2020 8:10:59 AM, 3274.25, 9178, 1639.8, 327.68, 222.6, 163.93, 323.87, 172.78, 245.81, 98.02, 30.6, 63.9, 125, 64.56, 87.89, , , , , 
1/31/2020 8:11:02 AM, 3274.25, 9178, 1639.8, 327.68, 222.6, 163.93, 323.87, 172.78, 245.81, 98.02, 30.6, 63.9, 125, 64.56, 87.89, , , , , 
1/31/2020 8:11:06 AM, 3274.25, 9176.75, 1639.8, 327.68, 222.6, 163.93, 323.87, 172.78, 245.81, 98.02, 30.6, 63.9, 125, 64.56, 87.89, , , , , 
1/31/2020 8:11:09 AM, 3274.25, 9176.75, 1639.8, 327.68, 222.6, 163.93, 323.87, 172.78, 245.81, 98.02, 30.6, 63.9, 125, 64.56, 87.89, , , , , 
1/31/2020 8:11:12 AM, 3274.25, 9177.25, 1639.8, 327.68, 222.6, 163.93, 323.87, 172.78, 245.81, 98.02, 30.6, 63.9, 125, 64.56, 87.89, , , , , 
1/31/2020 8:11:15 AM, 3274.25, 9177.25, 1639.8, 327.68, 222.6, 163.93, 323.87, 172.78, 245.81, 98.02, 30.6, 63.9, 125, 64.56, 87.89, , , , , 
1/31/2020 8:11:18 AM, 3273.75, 9176.5, 1639.7, 327.68, 222.6, 163.93, 323.87, 172.78, 245.81, 98.02, 30.6, 63.9, 125, 64.56, 87.89, , , , , 
1/31/2020 8:11:21 AM, 3273.75, 9176.5, 1639.7, 327.68, 222.6, 163.93, 323.87, 172.78, 245.81, 98.02, 30.6, 63.9, 125, 64.56, 87.89, , , , , 
1/31/2020 8:11:24 AM, 3273.75, 9176, 1639.6, 327.68, 222.6, 163.93, 323.87, 172.78, 245.81, 98.02, 30.6, 63.9, 125, 64.56, 87.89, , , , , 
1/31/2020 8:11:27 AM, 3273.75, 9176, 1639.6, 327.68, 222.6, 163.93, 323.87, 172.78, 245.81, 98.02, 30.6, 63.9, 125, 64.56, 87.89, , , , , 
1/31/2020 8:11:30 AM, 3273.75, 9175.75, 1639.5, 327.68, 222.6, 163.93, 323.87, 172.78, 245.81, 98.02, 30.6, 63.9, 125, 64.56, 87.89, , , , , 
1/31/2020 8:11:33 AM, 3273.75, 9175.75, 1639.5, 327.68, 222.6, 163.93, 323.87, 172.78, 245.81, 98.02, 30.6, 63.9, 125, 64.56, 87.89, , , , , 
1/31/2020 8:11:36 AM, 3273.75, 9176, 1639.5, 327.68, 222.6, 163.93, 323.87, 172.78, 245.81, 98.02, 30.6, 63.9, 125, 64.56, 87.89, , , , , 
1/31/2020 8:11:39 AM, 3273.75, 9176, 1639.5, 327.68, 222.6, 163.93, 323.87, 172.78, 245.81, 98.02, 30.6, 63.9, 125, 64.56, 87.89, , , , , 
1/31/2020 8:11:42 AM, 3273.75, 9176.5, 1639.5, 327.68, 222.6, 163.93, 323.87, 172.78, 245.81, 98.02, 30.6, 63.9, 125, 64.56, 87.89, , , , , 
1/31/2020 8:11:45 AM, 3273.75, 9176.5, 1639.5, 327.68, 222.6, 163.93, 323.87, 172.78, 245.81, 98.02, 30.6, 63.9, 125, 64.56, 87.89, , , , , 
1/31/2020 8:11:48 AM, 3273.5, 9176.75, 1639.5, 327.68, 222.6, 163.93, 323.87, 172.78, 245.81, 98.02, 30.6, 63.9, 125, 64.56, 87.89, , , , , 
1/31/2020 8:11:51 AM, 3273.5, 9176.75, 1639.5, 327.68, 222.6, 163.93, 323.87, 172.78, 245.81, 98.02, 30.6, 63.9, 125, 64.56, 87.89, , , , , 
1/31/2020 8:11:54 AM, 3273.75, 9177, 1639.6, 327.68, 222.6, 163.93, 323.87, 172.78, 245.81, 98.02, 30.6, 63.9, 125, 64.56, 87.89, , , , , 
1/31/2020 8:11:57 AM, 3273.75, 9177, 1639.6, 327.68, 222.6, 163.93, 323.87, 172.78, 245.81, 98.02, 30.6, 63.9, 125, 64.56, 87.89, , , , , 
1/31/2020 8:12:00 AM, 3273.75, 9176.25, 1639.6, 327.68, 222.6, 163.93, 323.87, 172.78, 245.81, 98.02, 30.6, 63.9, 125, 64.56, 87.89, , , , , 
1/31/2020 8:12:03 AM, 3273.75, 9176.25, 1639.6, 327.68, 222.6, 163.93, 323.87, 172.78, 245.81, 98.02, 30.6, 63.9, 125, 64.56, 87.89, , , , , 
1/31/2020 8:12:06 AM, 3273.75, 9177.25, 1639.6, 327.68, 222.6, 163.93, 323.87, 172.78, 245.81, 98.02, 30.6, 63.9, 125, 64.56, 87.89, , , , , 
1/31/2020 8:12:09 AM, 3273.75, 9177.25, 1639.6, 327.68, 222.6, 163.93, 323.87, 172.78, 245.81, 98.02, 30.6, 63.9, 125, 64.56, 87.89, , , , , 
1/31/2020 8:12:12 AM, 3273.5, 9175.75, 1639.5, 327.68, 222.6, 163.93, 323.87, 172.78, 245.81, 98.02, 30.6, 63.9, 125, 64.56, 87.89, , , , , 
1/31/2020 8:12:15 AM, 3273.5, 9175.75, 1639.5, 327.68, 222.6, 163.93, 323.87, 172.78, 245.81, 98.02, 30.6, 63.9, 125, 64.56, 87.89, , , , , 
1/31/2020 8:12:18 AM, 3273.75, 9175.5, 1639.5, 327.68, 222.6, 163.93, 323.87, 172.78, 245.81, 98.02, 30.6, 63.9, 125, 64.56, 87.89, , , , , 
1/31/2020 8:12:21 AM, 3273.75, 9175.5, 1639.5, 327.68, 222.6, 163.93, 323.87, 172.78, 245.81, 98.02, 30.6, 63.9, 125, 64.56, 87.89, , , , , 
1/31/2020 8:12:24 AM, 3273.5, 9175.25, 1639.5, 327.68, 222.6, 163.93, 323.87, 172.78, 245.81, 98.02, 30.6, 63.9, 125, 64.56, 87.89, , , , , 
1/31/2020 8:12:27 AM, 3273.5, 9175.25, 1639.5, 327.68, 222.6, 163.93, 323.87, 172.78, 245.81, 98.02, 30.6, 63.9, 125, 64.56, 87.89, , , , , 
1/31/2020 8:12:30 AM, 3273.5, 9175.25, 1639.5, 327.68, 222.6, 163.93, 323.87, 172.78, 245.81, 98.02, 30.6, 63.9, 125, 64.56, 87.89, , , , , 
1/31/2020 8:12:33 AM, 3273.5, 9175.25, 1639.5, 327.68, 222.6, 163.93, 323.87, 172.78, 245.81, 98.02, 30.6, 63.9, 125, 64.56, 87.89, , , , , 
1/31/2020 8:12:36 AM, 3273, 9174.5, 1639.5, 327.68, 222.6, 163.93, 323.87, 172.78, 245.81, 98.02, 30.6, 63.9, 125, 64.56, 87.89, , , , , 
1/31/2020 8:12:39 AM, 3273, 9174.5, 1639.5, 327.68, 222.6, 163.93, 323.87, 172.78, 245.81, 98.02, 30.6, 63.9, 125, 64.56, 87.89, , , , , 
1/31/2020 8:12:42 AM, 3273.25, 9174.5, 1639.4, 327.68, 222.6, 163.93, 323.87, 172.78, 245.81, 98.02, 30.6, 63.9, 125, 64.56, 87.89, , , , , 
1/31/2020 8:12:45 AM, 3273.25, 9174.5, 1639.4, 327.68, 222.6, 163.93, 323.87, 172.78, 245.81, 98.02, 30.6, 63.9, 125, 64.56, 87.89, , , , , 
1/31/2020 8:12:48 AM, 3273.25, 9174.5, 1639.3, 327.68, 222.6, 163.93, 323.87, 172.78, 245.81, 98.02, 30.6, 63.9, 125, 64.56, 87.89, , , , , 
1/31/2020 8:12:51 AM, 3273.25, 9174.5, 1639.3, 327.68, 222.6, 163.93, 323.87, 172.78, 245.81, 98.02, 30.6, 63.9, 125, 64.56, 87.89, , , , , 
1/31/2020 8:12:54 AM, 3273.25, 9175, 1639.3, 327.68, 222.6, 163.93, 323.87, 172.78, 245.81, 98.02, 30.6, 63.9, 125, 64.56, 87.89, , , , , 
1/31/2020 8:12:57 AM, 3273.25, 9175, 1639.3, 327.68, 222.6, 163.93, 323.87, 172.78, 245.81, 98.02, 30.6, 63.9, 125, 64.56, 87.89, , , , , 
1/31/2020 8:13:00 AM, 3273.5, 9175.5, 1639.3, 327.68, 222.6, 163.93, 323.87, 172.78, 245.81, 98.02, 30.6, 63.9, 125, 64.56, 87.89, , , , , 
1/31/2020 8:13:03 AM, 3273.5, 9175.5, 1639.3, 327.68, 222.6, 163.93, 323.87, 172.78, 245.81, 98.02, 30.6, 63.9, 125, 64.56, 87.89, , , , , 
1/31/2020 8:13:06 AM, 3273.25, 9175.5, 1639.3, 327.68, 222.6, 163.93, 323.87, 172.78, 245.81, 98.02, 30.6, 63.9, 125, 64.56, 87.89, , , , , 
1/31/2020 8:13:09 AM, 3273.25, 9175.5, 1639.3, 327.68, 222.6, 163.93, 323.87, 172.78, 245.81, 98.02, 30.6, 63.9, 125, 64.56, 87.89, , , , , 
1/31/2020 8:13:12 AM, 3273.5, 9176, 1639.6, 327.68, 222.6, 163.93, 323.87, 172.78, 245.81, 98.02, 30.6, 63.9, 125, 64.56, 87.89, , , , , 
1/31/2020 8:13:15 AM, 3273.5, 9176, 1639.6, 327.68, 222.6, 163.93, 323.87, 172.78, 245.81, 98.02, 30.6, 63.9, 125, 64.56, 87.89, , , , , 
1/31/2020 8:13:18 AM, 3273.75, 9177, 1639.6, 327.68, 222.6, 163.93, 323.87, 172.78, 245.81, 98.02, 30.6, 63.9, 125, 64.56, 87.89, , , , , 
1/31/2020 8:13:21 AM, 3273.75, 9176.5, 1639.6, 327.68, 222.6, 163.93, 323.87, 172.78, 245.81, 98.02, 30.6, 63.9, 125, 64.56, 87.89, , , , , 
1/31/2020 8:13:24 AM, 3273.5, 9176, 1639.5, 327.68, 222.6, 163.93, 323.87, 172.78, 245.81, 98.02, 30.6, 63.9, 125, 64.56, 87.89, , , , , 
1/31/2020 8:13:27 AM, 3273.5, 9176.25, 1639.5, 327.68, 222.6, 163.93, 323.87, 172.78, 245.81, 98.02, 30.6, 63.9, 125, 64.56, 87.89, , , , , 
1/31/2020 8:13:30 AM, 3273.25, 9175.25, 1639.4, 327.68, 222.6, 163.93, 323.87, 172.78, 245.81, 98.02, 30.6, 63.9, 125, 64.56, 87.89, , , , , 
1/31/2020 8:13:33 AM, 3273.25, 9175.5, 1639.4, 327.68, 222.6, 163.93, 323.87, 172.78, 245.81, 98.02, 30.6, 63.9, 125, 64.56, 87.89, , , , , 
1/31/2020 8:13:36 AM, 3273.5, 9175.75, 1639.4, 327.68, 222.6, 163.93, 323.87, 172.78, 245.81, 98.02, 30.6, 63.9, 125, 64.56, 87.89, , , , , 
1/31/2020 8:13:39 AM, 3273.25, 9175.25, 1639.4, 327.68, 222.6, 163.93, 323.87, 172.78, 245.81, 98.02, 30.6, 63.9, 125, 64.56, 87.89, , , , , 
1/31/2020 8:13:43 AM, 3273, 9175, 1639.4, 327.68, 222.6, 163.93, 323.87, 172.78, 245.81, 98.02, 30.6, 63.9, 125, 64.56, 87.89, , , , , 
1/31/2020 8:13:46 AM, 3273, 9174.5, 1639.5, 327.68, 222.6, 163.93, 323.87, 172.78, 245.81, 98.02, 30.6, 63.9, 125, 64.56, 87.89, , , , , 
1/31/2020 8:13:49 AM, 3273.25, 9174.75, 1639.5, 327.68, 222.6, 163.93, 323.87, 172.78, 245.81, 98.02, 30.6, 63.9, 125, 64.56, 87.89, , , , , 
1/31/2020 8:13:52 AM, 3273.25, 9175.25, 1639.5, 327.68, 222.6, 163.93, 323.87, 172.78, 245.81, 98.02, 30.6, 63.9, 125, 64.56, 87.89, , , , , 
1/31/2020 8:13:55 AM, 3273.25, 9175.25, 1639.5, 327.68, 222.6, 163.93, 323.87, 172.78, 245.81, 98.02, 30.6, 63.9, 125, 64.56, 87.89, , , , , 
1/31/2020 8:13:58 AM, 3273, 9173.75, 1639.6, 327.68, 222.6, 163.93, 323.87, 172.78, 245.81, 98.02, 30.6, 63.9, 125, 64.56, 87.89, , , , , 
1/31/2020 8:14:01 AM, 3273, 9174, 1639.7, 327.68, 222.6, 163.93, 323.87, 172.78, 245.81, 98.02, 30.6, 63.9, 125, 64.56, 87.89, , , , , 
1/31/2020 8:14:04 AM, 3273, 9173.25, 1639.6, 327.68, 222.6, 163.93, 323.87, 172.78, 245.81, 98.02, 30.6, 63.9, 125, 64.56, 87.89, , , , , 
1/31/2020 8:14:07 AM, 3273, 9173.5, 1639.6, 327.68, 222.6, 163.93, 323.87, 172.78, 245.81, 98.02, 30.6, 63.9, 125, 64.56, 87.89, , , , , 
1/31/2020 8:14:10 AM, 3273, 9174.25, 1639.6, 327.68, 222.6, 163.93, 323.87, 172.78, 245.81, 98.02, 30.6, 63.9, 125, 64.56, 87.89, , , , , 
1/31/2020 8:14:13 AM, 3273, 9174.25, 1639.6, 327.68, 222.6, 163.93, 323.87, 172.78, 245.81, 98.02, 30.6, 63.9, 125, 64.56, 87.89, , , , , 
1/31/2020 8:14:16 AM, 3273.25, 9174.5, 1639.6, 327.68, 222.6, 163.93, 323.87, 172.78, 245.81, 98.02, 30.6, 63.9, 125, 64.56, 87.89, , , , , 
1/31/2020 8:14:19 AM, 3273, 9173.75, 1639.6, 327.68, 222.6, 163.93, 323.87, 172.78, 245.81, 98.02, 30.6, 63.9, 125, 64.56, 87.89, , , , , 
1/31/2020 8:14:22 AM, 3273.25, 9173.5, 1639.6, 327.68, 222.6, 163.93, 323.87, 172.78, 245.81, 98.02, 30.6, 63.9, 125, 64.56, 87.89, , , , , 
1/31/2020 8:14:25 AM, 3273, 9173.5, 1639.6, 327.68, 222.6, 163.93, 323.87, 172.78, 245.81, 98.02, 30.6, 63.9, 125, 64.56, 87.89, , , , , 
1/31/2020 8:14:28 AM, 3273.25, 9173.25, 1639.6, 327.68, 222.6, 163.93, 323.87, 172.78, 245.81, 98.02, 30.6, 63.9, 125, 64.56, 87.89, , , , , 
1/31/2020 8:14:31 AM, 3273, 9173.25, 1639.6, 327.68, 222.6, 163.93, 323.87, 172.78, 245.81, 98.02, 30.6, 63.9, 125, 64.56, 87.89, , , , , 
1/31/2020 8:14:34 AM, 3273, 9173.25, 1639.6, 327.68, 222.6, 163.93, 323.87, 172.78, 245.81, 98.02, 30.6, 63.9, 125, 64.56, 87.89, , , , , 
1/31/2020 8:14:37 AM, 3273, 9173.75, 1639.6, 327.68, 222.6, 163.93, 323.87, 172.78, 245.81, 98.02, 30.6, 63.9, 125, 64.56, 87.89, , , , , 
1/31/2020 8:14:40 AM, 3273.25, 9173.5, 1639.6, 327.68, 222.6, 163.93, 323.87, 172.78, 245.81, 98.02, 30.6, 63.9, 125, 64.56, 87.89, , , , , 
1/31/2020 8:14:43 AM, 3273.25, 9174.25, 1639.7, 327.68, 222.6, 163.93, 323.87, 172.78, 245.81, 98.02, 30.6, 63.9, 125, 64.56, 87.89, , , , , 
1/31/2020 8:14:46 AM, 3273.25, 9174.75, 1639.8, 327.68, 222.6, 163.93, 323.87, 172.78, 245.81, 98.02, 30.6, 63.9, 125, 64.56, 87.89, , , , , 
1/31/2020 8:14:49 AM, 3273.5, 9175.5, 1639.9, 327.68, 222.6, 163.93, 323.87, 172.78, 245.81, 98.02, 30.6, 63.9, 125, 64.56, 87.89, , , , , 
1/31/2020 8:14:52 AM, 3273.5, 9175.25, 1640, 327.68, 222.6, 163.93, 323.87, 172.78, 245.81, 98.02, 30.6, 63.9, 125, 64.56, 87.89, , , , , 
1/31/2020 8:14:55 AM, 3273.5, 9176, 1640, 327.68, 222.6, 163.93, 323.87, 172.78, 245.81, 98.02, 30.6, 63.9, 125, 64.56, 87.89, , , , , 
1/31/2020 8:14:58 AM, 3273.75, 9176, 1640, 327.68, 222.6, 163.93, 323.87, 172.78, 245.81, 98.02, 30.6, 63.9, 125, 64.56, 87.89, , , , , 
1/31/2020 8:15:01 AM, 3273.75, 9176.5, 1640.1, 327.68, 222.6, 163.93, 323.87, 172.78, 245.81, 98.02, 30.6, 63.9, 125, 64.56, 87.89, , , , , 
1/31/2020 8:15:04 AM, 3273.75, 9175.75, 1640, 327.68, 222.6, 163.93, 323.87, 172.78, 245.81, 98.02, 30.6, 63.9, 125, 64.56, 87.89, , , , , 
1/31/2020 8:15:07 AM, 3273.25, 9175.25, 1639.9, 327.68, 222.6, 163.93, 323.87, 172.78, 245.81, 98.02, 30.6, 63.9, 125, 64.56, 87.89, , , , , 
1/31/2020 8:15:10 AM, 3273.5, 9175.75, 1639.9, 327.68, 222.6, 163.93, 323.87, 172.78, 245.81, 98.02, 30.6, 63.9, 125, 64.56, 87.89, , , , , 
1/31/2020 8:15:13 AM, 3274, 9177, 1639.9, 327.68, 222.6, 163.93, 323.87, 172.78, 245.81, 98.02, 30.6, 63.9, 125, 64.56, 87.89, , , , , 
1/31/2020 8:15:16 AM, 3274, 9177.5, 1640.2, 327.68, 222.6, 163.93, 323.87, 172.78, 245.81, 98.02, 30.6, 63.9, 125, 64.56, 87.89, , , , , 
1/31/2020 8:15:19 AM, 3273.5, 9176.5, 1640.2, 327.68, 222.6, 163.93, 323.87, 172.78, 245.81, 98.02, 30.6, 63.9, 125, 64.56, 87.89, , , , , 
1/31/2020 8:15:22 AM, 3273.75, 9176.25, 1640.2, 327.68, 222.6, 163.93, 323.87, 172.78, 245.81, 98.02, 30.6, 63.9, 125, 64.56, 87.89, , , , , 
1/31/2020 8:15:25 AM, 3273.5, 9176.5, 1640, 327.68, 222.6, 163.93, 323.87, 172.78, 245.81, 98.02, 30.6, 63.9, 125, 64.56, 87.89, , , , , 
1/31/2020 8:15:28 AM, 3273.75, 9176.5, 1640, 327.68, 222.6, 163.93, 323.87, 172.78, 245.81, 98.02, 30.6, 63.9, 125, 64.56, 87.89, , , , , 
1/31/2020 8:15:31 AM, 3273.5, 9176.25, 1639.9, 327.68, 222.6, 163.93, 323.87, 172.78, 245.81, 98.02, 30.6, 63.9, 125, 64.56, 87.89, , , , , 
1/31/2020 8:15:34 AM, 3273.5, 9176, 1639.9, 327.68, 222.6, 163.93, 323.87, 172.78, 245.81, 98.02, 30.6, 63.9, 125, 64.56, 87.89, , , , , 
1/31/2020 8:15:37 AM, 3273.25, 9175.75, 1639.9, 327.68, 222.6, 163.93, 323.87, 172.78, 245.81, 98.02, 30.6, 63.9, 125, 64.56, 87.89, , , , , 
1/31/2020 8:15:40 AM, 3273.25, 9175.5, 1639.9, 327.68, 222.6, 163.93, 323.87, 172.78, 245.81, 98.02, 30.6, 63.9, 125, 64.56, 87.89, , , , , 
1/31/2020 8:15:43 AM, 3273.25, 9175.25, 1639.7, 327.68, 222.6, 163.93, 323.87, 172.78, 245.81, 98.02, 30.6, 63.9, 125, 64.56, 87.89, , , , , 
1/31/2020 8:15:46 AM, 3273.25, 9175.25, 1639.7, 327.68, 222.6, 163.93, 323.87, 172.78, 245.81, 98.02, 30.6, 63.9, 125, 64.56, 87.89, , , , , 
1/31/2020 8:15:49 AM, 3273.25, 9175.25, 1639.7, 327.68, 222.6, 163.93, 323.87, 172.78, 245.81, 98.02, 30.6, 63.9, 125, 64.56, 87.89, , , , , 
1/31/2020 8:15:52 AM, 3273, 9175, 1639.7, 327.68, 222.6, 163.93, 323.87, 172.78, 245.81, 98.02, 30.6, 63.9, 125, 64.56, 87.89, , , , , 
1/31/2020 8:15:55 AM, 3273.25, 9175.25, 1639.8, 327.68, 222.6, 163.93, 323.87, 172.78, 245.81, 98.02, 30.6, 63.9, 125, 64.56, 87.89, , , , , 
1/31/2020 8:15:58 AM, 3273.25, 9175, 1639.8, 327.68, 222.6, 163.93, 323.87, 172.78, 245.81, 98.02, 30.6, 63.9, 125, 64.56, 87.89, , , , , 
1/31/2020 8:16:01 AM, 3273.25, 9174.75, 1639.8, 327.68, 222.6, 163.93, 323.87, 172.78, 245.81, 98.02, 30.6, 63.9, 125, 64.56, 87.89, , , , , 
1/31/2020 8:16:04 AM, 3273.5, 9175.25, 1639.7, 327.68, 222.6, 163.93, 323.87, 172.78, 245.81, 98.02, 30.6, 63.9, 125, 64.56, 87.89, , , , , 
1/31/2020 8:16:08 AM, 3273.5, 9175.5, 1639.7, 327.68, 222.6, 163.93, 323.87, 172.78, 245.81, 98.02, 30.6, 63.9, 125, 64.56, 87.89, , , , , 
1/31/2020 8:16:11 AM, 3273.5, 9176.25, 1639.8, 327.68, 222.6, 163.93, 323.87, 172.78, 245.81, 98.02, 30.6, 63.9, 125, 64.56, 87.89, , , , , 
1/31/2020 8:16:14 AM, 3273.5, 9175.75, 1639.8, 327.68, 222.6, 163.93, 323.87, 172.78, 245.81, 98.02, 30.6, 63.9, 125, 64.56, 87.89, , , , , 
1/31/2020 8:16:17 AM, 3273.5, 9175.75, 1639.8, 327.68, 222.6, 163.93, 323.87, 172.78, 245.81, 98.02, 30.6, 63.9, 125, 64.56, 87.89, , , , , 
1/31/2020 8:16:20 AM, 3273.5, 9176, 1639.8, 327.68, 222.6, 163.93, 323.87, 172.78, 245.81, 98.02, 30.6, 63.9, 125, 64.56, 87.89, , , , , 
1/31/2020 8:16:23 AM, 3273.75, 9176.75, 1639.8, 327.68, 222.6, 163.93, 323.87, 172.78, 245.81, 98.02, 30.6, 63.9, 125, 64.56, 87.89, , , , , 
1/31/2020 8:16:26 AM, 3273.75, 9177, 1639.8, 327.68, 222.6, 163.93, 323.87, 172.78, 245.81, 98.02, 30.6, 63.9, 125, 64.56, 87.89, , , , , 
1/31/2020 8:16:29 AM, 3273.75, 9177, 1639.8, 327.68, 222.6, 163.93, 323.87, 172.78, 245.81, 98.02, 30.6, 63.9, 125, 64.56, 87.89, , , , , 
1/31/2020 8:16:32 AM, 3274, 9177, 1639.8, 327.68, 222.6, 163.93, 323.87, 172.78, 245.81, 98.02, 30.6, 63.9, 125, 64.56, 87.89, , , , , 
1/31/2020 8:16:35 AM, 3274, 9177, 1639.9, 327.68, 222.6, 163.93, 323.87, 172.78, 245.81, 98.02, 30.6, 63.9, 125, 64.56, 87.89, , , , , 
1/31/2020 8:16:38 AM, 3274, 9177.25, 1640, 327.68, 222.6, 163.93, 323.87, 172.78, 245.81, 98.02, 30.6, 63.9, 125, 64.56, 87.89, , , , , 
1/31/2020 8:16:41 AM, 3274, 9177.25, 1640, 327.68, 222.6, 163.93, 323.87, 172.78, 245.81, 98.02, 30.6, 63.9, 125, 64.56, 87.89, , , , , 
1/31/2020 8:16:44 AM, 3274, 9177, 1640, 327.68, 222.6, 163.93, 323.87, 172.78, 245.81, 98.02, 30.6, 63.9, 125, 64.56, 87.89, , , , , 
1/31/2020 8:16:47 AM, 3274, 9177.25, 1640, 327.68, 222.6, 163.93, 323.87, 172.78, 245.81, 98.02, 30.6, 63.9, 125, 64.56, 87.89, , , , , 
1/31/2020 8:16:50 AM, 3274, 9177.25, 1639.9, 327.68, 222.6, 163.93, 323.87, 172.78, 245.81, 98.02, 30.6, 63.9, 125, 64.56, 87.89, , , , , 
1/31/2020 8:16:53 AM, 3274, 9177, 1639.9, 327.68, 222.6, 163.93, 323.87, 172.78, 245.81, 98.02, 30.6, 63.9, 125, 64.56, 87.89, , , , , 
1/31/2020 8:16:56 AM, 3274, 9176.75, 1639.9, 327.68, 222.6, 163.93, 323.87, 172.78, 245.81, 98.02, 30.6, 63.9, 125, 64.56, 87.89, , , , , 
1/31/2020 8:16:59 AM, 3273.75, 9176.25, 1639.8, 327.68, 222.6, 163.93, 323.87, 172.78, 245.81, 98.02, 30.6, 63.9, 125, 64.56, 87.89, , , , , 
1/31/2020 8:17:02 AM, 3273.75, 9176.25, 1639.8, 327.68, 222.6, 163.93, 323.87, 172.78, 245.81, 98.02, 30.6, 63.9, 125, 64.56, 87.89, , , , , 
1/31/2020 8:17:05 AM, 3273.75, 9176.5, 1639.8, 327.68, 222.6, 163.93, 323.87, 172.78, 245.81, 98.02, 30.6, 63.9, 125, 64.56, 87.89, , , , , 
1/31/2020 8:17:08 AM, 3274, 9176.75, 1640, 327.68, 222.6, 163.93, 323.87, 172.78, 245.81, 98.02, 30.6, 63.9, 125, 64.56, 87.89, , , , , 
1/31/2020 8:17:11 AM, 3273.5, 9176.5, 1640, 327.68, 222.6, 163.93, 323.87, 172.78, 245.81, 98.02, 30.6, 63.9, 125, 64.56, 87.89, , , , , 
1/31/2020 8:17:14 AM, 3273.5, 9176.75, 1640, 327.68, 222.6, 163.93, 323.87, 172.78, 245.81, 98.02, 30.6, 63.9, 125, 64.56, 87.89, , , , , 
1/31/2020 8:17:17 AM, 3273.5, 9176, 1640, 327.68, 222.6, 163.93, 323.87, 172.78, 245.81, 98.02, 30.6, 63.9, 125, 64.56, 87.89, , , , , 
1/31/2020 8:17:20 AM, 3273.5, 9175.75, 1639.8, 327.68, 222.6, 163.93, 323.87, 172.78, 245.81, 98.02, 30.6, 63.9, 125, 64.56, 87.89, , , , , 
1/31/2020 8:17:23 AM, 3273.25, 9175.75, 1639.8, 327.68, 222.6, 163.93, 323.87, 172.78, 245.81, 98.02, 30.6, 63.9, 125, 64.56, 87.89, , , , , 
1/31/2020 8:17:26 AM, 3273.25, 9175.5, 1639.8, 327.68, 222.6, 163.93, 323.87, 172.78, 245.81, 98.02, 30.6, 63.9, 125, 64.56, 87.89, , , , , 
1/31/2020 8:17:29 AM, 3273.25, 9175.5, 1639.8, 327.68, 222.6, 163.93, 323.87, 172.78, 245.81, 98.02, 30.6, 63.9, 125, 64.56, 87.89, , , , , 
1/31/2020 8:17:32 AM, 3273.25, 9175.75, 1639.8, 327.68, 222.6, 163.93, 323.87, 172.78, 245.81, 98.02, 30.6, 63.9, 125, 64.56, 87.89, , , , , 
1/31/2020 8:17:35 AM, 3273.5, 9176.25, 1639.8, 327.68, 222.6, 163.93, 323.87, 172.78, 245.81, 98.02, 30.6, 63.9, 125, 64.56, 87.89, , , , , 
1/31/2020 8:17:38 AM, 3273.25, 9176.5, 1639.8, 327.68, 222.6, 163.93, 323.87, 172.78, 245.81, 98.02, 30.6, 63.9, 125, 64.56, 87.89, , , , , 
1/31/2020 8:17:41 AM, 3273.25, 9175, 1639.6, 327.68, 222.6, 163.93, 323.87, 172.78, 245.81, 98.02, 30.6, 63.9, 125, 64.56, 87.89, , , , , 
1/31/2020 8:17:44 AM, 3272.75, 9175, 1639.5, 327.68, 222.6, 163.93, 323.87, 172.78, 245.81, 98.02, 30.6, 63.9, 125, 64.56, 87.89, , , , , 
1/31/2020 8:17:47 AM, 3273, 9176, 1639.5, 327.68, 222.6, 163.93, 323.87, 172.78, 245.81, 98.02, 30.6, 63.9, 125, 64.56, 87.89, , , , , 
1/31/2020 8:17:50 AM, 3273.5, 9176.75, 1639.8, 327.68, 222.6, 163.93, 323.87, 172.78, 245.81, 98.02, 30.6, 63.9, 125, 64.56, 87.89, , , , , 
1/31/2020 8:17:53 AM, 3273.5, 9176.75, 1639.8, 327.68, 222.6, 163.93, 323.87, 172.78, 245.81, 98.02, 30.6, 63.9, 125, 64.56, 87.89, , , , , 
1/31/2020 8:17:56 AM, 3273.25, 9176.75, 1639.8, 327.68, 222.6, 163.93, 323.87, 172.78, 245.81, 98.02, 30.6, 63.9, 125, 64.56, 87.89, , , , , 
1/31/2020 8:17:59 AM, 3273.25, 9176.75, 1639.8, 327.68, 222.6, 163.93, 323.87, 172.78, 245.81, 98.02, 30.6, 63.9, 125, 64.56, 87.89, , , , , 
1/31/2020 8:18:02 AM, 3273.5, 9177, 1639.9, 327.68, 222.6, 163.93, 323.87, 172.78, 245.81, 98.02, 30.6, 63.9, 125, 64.56, 87.89, , , , , 
1/31/2020 8:18:05 AM, 3273.5, 9176.25, 1639.9, 327.68, 222.6, 163.93, 323.87, 172.78, 245.81, 98.02, 30.6, 63.9, 125, 64.56, 87.89, , , , , 
1/31/2020 8:18:08 AM, 3274.25, 9178.5, 1640.3, 327.68, 222.6, 163.93, 323.87, 172.78, 245.81, 98.02, 30.6, 63.9, 125, 64.56, 87.89, , , , , 
1/31/2020 8:18:11 AM, 3274.5, 9179.25, 1640.6, 327.68, 222.6, 163.93, 323.87, 172.78, 245.81, 98.02, 30.6, 63.9, 125, 64.56, 87.89, , , , , 
1/31/2020 8:18:14 AM, 3274.5, 9178.5, 1640.4, 327.68, 222.6, 163.93, 323.87, 172.78, 245.81, 98.02, 30.6, 63.9, 125, 64.56, 87.89, , , , , 
1/31/2020 8:18:17 AM, 3274.5, 9179, 1640.3, 327.68, 222.6, 163.93, 323.87, 172.78, 245.81, 98.02, 30.6, 63.9, 125, 64.56, 87.89, , , , , 
1/31/2020 8:18:20 AM, 3274.5, 9179.5, 1640.3, 327.68, 222.6, 163.93, 323.87, 172.78, 245.81, 98.02, 30.6, 63.9, 125, 64.56, 87.89, , , , , 
1/31/2020 8:18:23 AM, 3274.75, 9179.75, 1640.4, 327.68, 222.6, 163.93, 323.87, 172.78, 245.81, 98.02, 30.6, 63.9, 125, 64.56, 87.89, , , , , 
1/31/2020 8:18:26 AM, 3275, 9180.5, 1640.5, 327.68, 222.6, 163.93, 323.87, 172.78, 245.81, 98.02, 30.6, 63.9, 125, 64.56, 87.89, , , , , 
1/31/2020 8:18:29 AM, 3275, 9180.25, 1640.5, 327.68, 222.6, 163.93, 323.87, 172.78, 245.81, 98.02, 30.6, 63.9, 125, 64.56, 87.89, , , , , 
1/31/2020 8:18:32 AM, 3275, 9180.25, 1640.5, 327.68, 222.6, 163.93, 323.87, 172.78, 245.81, 98.02, 30.6, 63.9, 125, 64.56, 87.89, , , , , 
1/31/2020 8:18:35 AM, 3274.5, 9180, 1640.4, 327.68, 222.6, 163.93, 323.87, 172.78, 245.81, 98.02, 30.6, 63.9, 125, 64.56, 87.89, , , , , 
1/31/2020 8:18:38 AM, 3274.5, 9180, 1640.4, 327.68, 222.6, 163.93, 323.87, 172.78, 245.81, 98.02, 30.6, 63.9, 125, 64.56, 87.89, , , , , 
1/31/2020 8:18:41 AM, 3274.25, 9179.5, 1640.1, 327.68, 222.6, 163.93, 323.87, 172.78, 245.81, 98.02, 30.6, 63.9, 125, 64.56, 87.89, , , , , 
1/31/2020 8:18:44 AM, 3274.25, 9179.5, 1640.1, 327.68, 222.6, 163.93, 323.87, 172.78, 245.81, 98.02, 30.6, 63.9, 125, 64.56, 87.89, , , , , 
1/31/2020 8:18:47 AM, 3274.25, 9178.75, 1640.1, 327.68, 222.6, 163.93, 323.87, 172.78, 245.81, 98.02, 30.6, 63.9, 125, 64.56, 87.89, , , , , 
1/31/2020 8:18:50 AM, 3274.25, 9178.75, 1640.1, 327.68, 222.6, 163.93, 323.87, 172.78, 245.81, 98.02, 30.6, 63.9, 125, 64.56, 87.89, , , , , 
1/31/2020 8:18:53 AM, 3274.25, 9178.75, 1640.1, 327.68, 222.6, 163.93, 323.87, 172.78, 245.81, 98.02, 30.6, 63.9, 125, 64.56, 87.89, , , , , 
1/31/2020 8:18:56 AM, 3274.25, 9178.75, 1640.1, 327.68, 222.6, 163.93, 323.87, 172.78, 245.81, 98.02, 30.6, 63.9, 125, 64.56, 87.89, , , , , 
1/31/2020 8:18:59 AM, 3273.75, 9177.5, 1640, 327.68, 222.6, 163.93, 323.87, 172.78, 245.81, 98.02, 30.6, 63.9, 125, 64.56, 87.89, , , , , 
1/31/2020 8:19:03 AM, 3273.75, 9177.5, 1640, 327.68, 222.6, 163.93, 323.87, 172.78, 245.81, 98.02, 30.6, 63.9, 125, 64.56, 87.89, , , , , 
1/31/2020 8:19:06 AM, 3273.5, 9176.75, 1639.7, 327.68, 222.6, 163.93, 323.87, 172.78, 245.81, 98.02, 30.6, 63.9, 125, 64.56, 87.89, , , , , 
1/31/2020 8:19:09 AM, 3273.5, 9176.75, 1639.7, 327.68, 222.6, 163.93, 323.87, 172.78, 245.81, 98.02, 30.6, 63.9, 125, 64.56, 87.89, , , , , 
1/31/2020 8:19:12 AM, 3273.5, 9176.25, 1639.7, 327.68, 222.6, 163.93, 323.87, 172.78, 245.81, 98.02, 30.6, 63.9, 125, 64.56, 87.89, , , , , 
1/31/2020 8:19:15 AM, 3273.5, 9176.25, 1639.7, 327.68, 222.6, 163.93, 323.87, 172.78, 245.81, 98.02, 30.6, 63.9, 125, 64.56, 87.89, , , , , 
1/31/2020 8:19:18 AM, 3273, 9175.25, 1639.3, 327.68, 222.6, 163.93, 323.87, 172.78, 245.81, 98.02, 30.6, 63.9, 125, 64.56, 87.89, , , , , 
1/31/2020 8:19:21 AM, 3273, 9175.25, 1639.3, 327.68, 222.6, 163.93, 323.87, 172.78, 245.81, 98.02, 30.6, 63.9, 125, 64.56, 87.89, , , , , 
1/31/2020 8:19:24 AM, 3272.75, 9175, 1639.4, 327.68, 222.6, 163.93, 323.87, 172.78, 245.81, 98.02, 30.6, 63.9, 125, 64.56, 87.89, , , , , 
1/31/2020 8:19:27 AM, 3272.75, 9175, 1639.4, 327.68, 222.6, 163.93, 323.87, 172.78, 245.81, 98.02, 30.6, 63.9, 125, 64.56, 87.89, , , , , 
1/31/2020 8:19:30 AM, 3272.75, 9175, 1639.4, 327.68, 222.6, 163.93, 323.87, 172.78, 245.81, 98.02, 30.6, 63.9, 125, 64.56, 87.89, , , , , 
1/31/2020 8:19:33 AM, 3272.75, 9175, 1639.4, 327.68, 222.6, 163.93, 323.87, 172.78, 245.81, 98.02, 30.6, 63.9, 125, 64.56, 87.89, , , , , 
1/31/2020 8:19:36 AM, 3273.25, 9176.75, 1639.5, 327.68, 222.6, 163.93, 323.87, 172.78, 245.81, 98.02, 30.6, 63.9, 125, 64.56, 87.89, , , , , 
1/31/2020 8:19:39 AM, 3273.25, 9176.75, 1639.5, 327.68, 222.6, 163.93, 323.87, 172.78, 245.81, 98.02, 30.6, 63.9, 125, 64.56, 87.89, , , , , 
1/31/2020 8:19:42 AM, 3273.5, 9176.75, 1639.5, 327.68, 222.6, 163.93, 323.87, 172.78, 245.81, 98.02, 30.6, 63.9, 125, 64.56, 87.89, , , , , 
1/31/2020 8:19:45 AM, 3273.5, 9176.75, 1639.5, 327.68, 222.6, 163.93, 323.87, 172.78, 245.81, 98.02, 30.6, 63.9, 125, 64.56, 87.89, , , , , 
1/31/2020 8:19:48 AM, 3273.5, 9177.75, 1639.5, 327.68, 222.6, 163.93, 323.87, 172.78, 245.81, 98.02, 30.6, 63.9, 125, 64.56, 87.89, , , , , 
1/31/2020 8:19:51 AM, 3273.5, 9177.75, 1639.5, 327.68, 222.6, 163.93, 323.87, 172.78, 245.81, 98.02, 30.6, 63.9, 125, 64.56, 87.89, , , , , 
1/31/2020 8:19:54 AM, 3274, 9178.5, 1639.6, 327.68, 222.6, 163.93, 323.87, 172.78, 245.81, 98.02, 30.6, 63.9, 125, 64.56, 87.89, , , , , 
1/31/2020 8:19:57 AM, 3274, 9178.5, 1639.6, 327.68, 222.6, 163.93, 323.87, 172.78, 245.81, 98.02, 30.6, 63.9, 125, 64.56, 87.89, , , , , 
1/31/2020 8:20:00 AM, 3273.75, 9178.5, 1639.6, 327.68, 222.6, 163.93, 323.87, 172.78, 245.81, 98.02, 30.6, 63.9, 125, 64.56, 87.89, , , , , 
1/31/2020 8:20:03 AM, 3273.75, 9178.5, 1639.6, 327.68, 222.6, 163.93, 323.87, 172.78, 245.81, 98.02, 30.6, 63.9, 125, 64.56, 87.89, , , , , 
1/31/2020 8:20:06 AM, 3274.5, 9181, 1639.8, 327.68, 222.6, 163.93, 323.87, 172.78, 245.81, 98.02, 30.6, 63.9, 125, 64.56, 87.89, , , , , 
1/31/2020 8:20:09 AM, 3274.5, 9181, 1639.8, 327.68, 222.6, 163.93, 323.87, 172.78, 245.81, 98.02, 30.6, 63.9, 125, 64.56, 87.89, , , , , 
1/31/2020 8:20:12 AM, 3274.5, 9181.25, 1639.9, 327.68, 222.6, 163.93, 323.87, 172.78, 245.81, 98.02, 30.6, 63.9, 125, 64.56, 87.89, , , , , 
1/31/2020 8:20:15 AM, 3274.5, 9181.25, 1639.9, 327.68, 222.6, 163.93, 323.87, 172.78, 245.81, 98.02, 30.6, 63.9, 125, 64.56, 87.89, , , , , 
1/31/2020 8:20:18 AM, 3274.5, 9180.75, 1639.8, 327.68, 222.6, 163.93, 323.87, 172.78, 245.81, 98.02, 30.6, 63.9, 125, 64.56, 87.89, , , , , 
1/31/2020 8:20:21 AM, 3274.5, 9180.75, 1639.8, 327.68, 222.6, 163.93, 323.87, 172.78, 245.81, 98.02, 30.6, 63.9, 125, 64.56, 87.89, , , , , 
1/31/2020 8:20:24 AM, 3274.25, 9180.25, 1639.9, 327.68, 222.6, 163.93, 323.87, 172.78, 245.81, 98.02, 30.6, 63.9, 125, 64.56, 87.89, , , , , 
1/31/2020 8:20:27 AM, 3274.25, 9180.25, 1639.9, 327.68, 222.6, 163.93, 323.87, 172.78, 245.81, 98.02, 30.6, 63.9, 125, 64.56, 87.89, , , , , 
1/31/2020 8:20:30 AM, 3274.25, 9180.25, 1639.9, 327.68, 222.6, 163.93, 323.87, 172.78, 245.81, 98.02, 30.6, 63.9, 125, 64.56, 87.89, , , , , 
1/31/2020 8:20:33 AM, 3274.25, 9180.25, 1639.9, 327.68, 222.6, 163.93, 323.87, 172.78, 245.81, 98.02, 30.6, 63.9, 125, 64.56, 87.89, , , , , 
1/31/2020 8:20:36 AM, 3274.5, 9180.5, 1640, 327.68, 222.6, 163.93, 323.87, 172.78, 245.81, 98.02, 30.6, 63.9, 125, 64.56, 87.89, , , , , 
1/31/2020 8:20:39 AM, 3274.5, 9180.5, 1640, 327.68, 222.6, 163.93, 323.87, 172.78, 245.81, 98.02, 30.6, 63.9, 125, 64.56, 87.89, , , , , 
1/31/2020 8:20:42 AM, 3274.5, 9180.5, 1640, 327.68, 222.6, 163.93, 323.87, 172.78, 245.81, 98.02, 30.6, 63.9, 125, 64.56, 87.89, , , , , 
1/31/2020 8:20:45 AM, 3274.5, 9180.5, 1640, 327.68, 222.6, 163.93, 323.87, 172.78, 245.81, 98.02, 30.6, 63.9, 125, 64.56, 87.89, , , , , 
1/31/2020 8:20:48 AM, 3274.75, 9181, 1640.2, 327.68, 222.6, 163.93, 323.87, 172.78, 245.81, 98.02, 30.6, 63.9, 125, 64.56, 87.89, , , , , 
1/31/2020 8:20:51 AM, 3274.75, 9181, 1640.2, 327.68, 222.6, 163.93, 323.87, 172.78, 245.81, 98.02, 30.6, 63.9, 125, 64.56, 87.89, , , , , 
1/31/2020 8:20:54 AM, 3274.75, 9181, 1640.2, 327.68, 222.6, 163.93, 323.87, 172.78, 245.81, 98.02, 30.6, 63.9, 125, 64.56, 87.89, , , , , 
1/31/2020 8:20:57 AM, 3274.75, 9181, 1640.2, 327.68, 222.6, 163.93, 323.87, 172.78, 245.81, 98.02, 30.6, 63.9, 125, 64.56, 87.89, , , , , 
1/31/2020 8:21:00 AM, 3274.5, 9180.25, 1640.2, 327.68, 222.6, 163.93, 323.87, 172.78, 245.81, 98.02, 30.6, 63.9, 125, 64.56, 87.89, , , , , 
1/31/2020 8:21:03 AM, 3274.5, 9180.25, 1640.2, 327.68, 222.6, 163.93, 323.87, 172.78, 245.81, 98.02, 30.6, 63.9, 125, 64.56, 87.89, , , , , 
1/31/2020 8:21:06 AM, 3274.75, 9181.25, 1640.2, 327.68, 222.6, 163.93, 323.87, 172.78, 245.81, 98.02, 30.6, 63.9, 125, 64.56, 87.89, , , , , 
1/31/2020 8:21:09 AM, 3274.75, 9181, 1640.2, 327.68, 222.6, 163.93, 323.87, 172.78, 245.81, 98.02, 30.6, 63.9, 125, 64.56, 87.89, , , , , 
1/31/2020 8:21:12 AM, 3274.75, 9181, 1640.2, 327.68, 222.6, 163.93, 323.87, 172.78, 245.81, 98.02, 30.6, 63.9, 125, 64.56, 87.89, , , , , 
1/31/2020 8:21:15 AM, 3274.75, 9180.75, 1640.2, 327.68, 222.6, 163.93, 323.87, 172.78, 245.81, 98.02, 30.6, 63.9, 125, 64.56, 87.89, , , , , 
1/31/2020 8:21:18 AM, 3274.75, 9180.75, 1640.2, 327.68, 222.6, 163.93, 323.87, 172.78, 245.81, 98.02, 30.6, 63.9, 125, 64.56, 87.89, , , , , 
1/31/2020 8:21:22 AM, 3274.75, 9181, 1640.2, 327.68, 222.6, 163.93, 323.87, 172.78, 245.81, 98.02, 30.6, 63.9, 125, 64.56, 87.89, , , , , 
1/31/2020 8:21:25 AM, 3274.75, 9181.5, 1640.2, 327.68, 222.6, 163.93, 323.87, 172.78, 245.81, 98.02, 30.6, 63.9, 125, 64.56, 87.89, , , , , 
1/31/2020 8:21:28 AM, 3274.75, 9181.25, 1640.2, 327.68, 222.6, 163.93, 323.87, 172.78, 245.81, 98.02, 30.6, 63.9, 125, 64.56, 87.89, , , , , 
1/31/2020 8:21:31 AM, 3274.75, 9181.25, 1640.2, 327.68, 222.6, 163.93, 323.87, 172.78, 245.81, 98.02, 30.6, 63.9, 125, 64.56, 87.89, , , , , 
1/31/2020 8:21:34 AM, 3274.75, 9182.25, 1640.3, 327.68, 222.6, 163.93, 323.87, 172.78, 245.81, 98.02, 30.6, 63.9, 125, 64.56, 87.89, , , , , 
1/31/2020 8:21:37 AM, 3275, 9182.5, 1640.3, 327.68, 222.6, 163.93, 323.87, 172.78, 245.81, 98.02, 30.6, 63.9, 125, 64.56, 87.89, , , , , 
1/31/2020 8:21:40 AM, 3275, 9181.75, 1640.3, 327.68, 222.6, 163.93, 323.87, 172.78, 245.81, 98.02, 30.6, 63.9, 125, 64.56, 87.89, , , , , 
1/31/2020 8:21:43 AM, 3275, 9182, 1640.3, 327.68, 222.6, 163.93, 323.87, 172.78, 245.81, 98.02, 30.6, 63.9, 125, 64.56, 87.89, , , , , 
1/31/2020 8:21:46 AM, 3275.25, 9182.5, 1640.3, 327.68, 222.6, 163.93, 323.87, 172.78, 245.81, 98.02, 30.6, 63.9, 125, 64.56, 87.89, , , , , 
1/31/2020 8:21:49 AM, 3275, 9182.5, 1640.3, 327.68, 222.6, 163.93, 323.87, 172.78, 245.81, 98.02, 30.6, 63.9, 125, 64.56, 87.89, , , , , 
1/31/2020 8:21:52 AM, 3275, 9182.5, 1640.3, 327.68, 222.6, 163.93, 323.87, 172.78, 245.81, 98.02, 30.6, 63.9, 125, 64.56, 87.89, , , , , 
1/31/2020 8:21:55 AM, 3275.25, 9182.5, 1640.3, 327.68, 222.6, 163.93, 323.87, 172.78, 245.81, 98.02, 30.6, 63.9, 125, 64.56, 87.89, , , , , 
1/31/2020 8:21:58 AM, 3275.25, 9182.25, 1640.3, 327.68, 222.6, 163.93, 323.87, 172.78, 245.81, 98.02, 30.6, 63.9, 125, 64.56, 87.89, , , , , 
1/31/2020 8:22:01 AM, 3275.25, 9182, 1640.3, 327.68, 222.6, 163.93, 323.87, 172.78, 245.81, 98.02, 30.6, 63.9, 125, 64.56, 87.89, , , , , 
1/31/2020 8:22:04 AM, 3275.5, 9183.75, 1640.5, 327.68, 222.6, 163.93, 323.87, 172.78, 245.81, 98.02, 30.6, 63.9, 125, 64.56, 87.89, , , , , 
1/31/2020 8:22:07 AM, 3275.5, 9183.75, 1640.5, 327.68, 222.6, 163.93, 323.87, 172.78, 245.81, 98.02, 30.6, 63.9, 125, 64.56, 87.89, , , , , 
1/31/2020 8:22:10 AM, 3275.25, 9183, 1640.5, 327.68, 222.6, 163.93, 323.87, 172.78, 245.81, 98.02, 30.6, 63.9, 125, 64.56, 87.89, , , , , 
1/31/2020 8:22:13 AM, 3275, 9182.5, 1640.3, 327.68, 222.6, 163.93, 323.87, 172.78, 245.81, 98.02, 30.6, 63.9, 125, 64.56, 87.89, , , , , 
1/31/2020 8:22:16 AM, 3275.25, 9183, 1640.4, 327.68, 222.6, 163.93, 323.87, 172.78, 245.81, 98.02, 30.6, 63.9, 125, 64.56, 87.89, , , , , 
1/31/2020 8:22:19 AM, 3275.25, 9183.5, 1640.4, 327.68, 222.6, 163.93, 323.87, 172.78, 245.81, 98.02, 30.6, 63.9, 125, 64.56, 87.89, , , , , 
1/31/2020 8:22:22 AM, 3275.25, 9183, 1640.4, 327.68, 222.6, 163.93, 323.87, 172.78, 245.81, 98.02, 30.6, 63.9, 125, 64.56, 87.89, , , , , 
1/31/2020 8:22:25 AM, 3275, 9182.5, 1640.3, 327.68, 222.6, 163.93, 323.87, 172.78, 245.81, 98.02, 30.6, 63.9, 125, 64.56, 87.89, , , , , 
1/31/2020 8:22:28 AM, 3275.25, 9182.5, 1640.3, 327.68, 222.6, 163.93, 323.87, 172.78, 245.81, 98.02, 30.6, 63.9, 125, 64.56, 87.89, , , , , 
1/31/2020 8:22:31 AM, 3275.25, 9183.25, 1640.3, 327.68, 222.6, 163.93, 323.87, 172.78, 245.81, 98.02, 30.6, 63.9, 125, 64.56, 87.89, , , , , 
1/31/2020 8:22:34 AM, 3275.25, 9183.25, 1640.3, 327.68, 222.6, 163.93, 323.87, 172.78, 245.81, 98.02, 30.6, 63.9, 125, 64.56, 87.89, , , , , 
1/31/2020 8:22:37 AM, 3275.25, 9183, 1640.3, 327.68, 222.6, 163.93, 323.87, 172.78, 245.81, 98.02, 30.6, 63.9, 125, 64.56, 87.89, , , , , 
1/31/2020 8:22:40 AM, 3275.5, 9183.25, 1640.3, 327.68, 222.6, 163.93, 323.87, 172.78, 245.81, 98.02, 30.6, 63.9, 125, 64.56, 87.89, , , , , 
1/31/2020 8:22:43 AM, 3275.5, 9183.5, 1640.3, 327.68, 222.6, 163.93, 323.87, 172.78, 245.81, 98.02, 30.6, 63.9, 125, 64.56, 87.89, , , , , 
1/31/2020 8:22:46 AM, 3275.5, 9183.75, 1640.3, 327.68, 222.6, 163.93, 323.87, 172.78, 245.81, 98.02, 30.6, 63.9, 125, 64.56, 87.89, , , , , 
1/31/2020 8:22:49 AM, 3275.5, 9183.5, 1640.3, 327.68, 222.6, 163.93, 323.87, 172.78, 245.81, 98.02, 30.6, 63.9, 125, 64.56, 87.89, , , , , 
1/31/2020 8:22:52 AM, 3275.5, 9183.75, 1640.4, 327.68, 222.6, 163.93, 323.87, 172.78, 245.81, 98.02, 30.6, 63.9, 125, 64.56, 87.89, , , , , 
1/31/2020 8:22:55 AM, 3275.5, 9183, 1640.4, 327.68, 222.6, 163.93, 323.87, 172.78, 245.81, 98.02, 30.6, 63.9, 125, 64.56, 87.89, , , , , 
1/31/2020 8:22:58 AM, 3275.5, 9182.75, 1640.4, 327.68, 222.6, 163.93, 323.87, 172.78, 245.81, 98.02, 30.6, 63.9, 125, 64.56, 87.89, , , , , 
1/31/2020 8:23:01 AM, 3275.25, 9183.25, 1640.4, 327.68, 222.6, 163.93, 323.87, 172.78, 245.81, 98.02, 30.6, 63.9, 125, 64.56, 87.89, , , , , 
1/31/2020 8:23:04 AM, 3275.5, 9183, 1640.4, 327.68, 222.6, 163.93, 323.87, 172.78, 245.81, 98.02, 30.6, 63.9, 125, 64.56, 87.89, , , , , 
1/31/2020 8:23:07 AM, 3275.5, 9183.25, 1640.4, 327.68, 222.6, 163.93, 323.87, 172.78, 245.81, 98.02, 30.6, 63.9, 125, 64.56, 87.89, , , , , 
1/31/2020 8:23:10 AM, 3275.5, 9183.25, 1640.4, 327.68, 222.6, 163.93, 323.87, 172.78, 245.81, 98.02, 30.6, 63.9, 125, 64.56, 87.89, , , , , 
1/31/2020 8:23:13 AM, 3275.5, 9183.25, 1640.4, 327.68, 222.6, 163.93, 323.87, 172.78, 245.81, 98.02, 30.6, 63.9, 125, 64.56, 87.89, , , , , 
1/31/2020 8:23:16 AM, 3275.25, 9183, 1640.3, 327.68, 222.6, 163.93, 323.87, 172.78, 245.81, 98.02, 30.6, 63.9, 125, 64.56, 87.89, , , , , 
1/31/2020 8:23:19 AM, 3275.25, 9183, 1640.3, 327.68, 222.6, 163.93, 323.87, 172.78, 245.81, 98.02, 30.6, 63.9, 125, 64.56, 87.89, , , , , 
1/31/2020 8:23:22 AM, 3275.25, 9183.5, 1640.3, 327.68, 222.6, 163.93, 323.87, 172.78, 245.81, 98.02, 30.6, 63.9, 125, 64.56, 87.89, , , , , 
1/31/2020 8:23:25 AM, 3275.25, 9183.5, 1640.3, 327.68, 222.6, 163.93, 323.87, 172.78, 245.81, 98.02, 30.6, 63.9, 125, 64.56, 87.89, , , , , 
1/31/2020 8:23:28 AM, 3275.25, 9183.5, 1640.4, 327.68, 222.6, 163.93, 323.87, 172.78, 245.81, 98.02, 30.6, 63.9, 125, 64.56, 87.89, , , , , 
1/31/2020 8:23:31 AM, 3275.25, 9183, 1640.5, 327.68, 222.6, 163.93, 323.87, 172.78, 245.81, 98.02, 30.6, 63.9, 125, 64.56, 87.89, , , , , 
1/31/2020 8:23:34 AM, 3275, 9182.5, 1640.5, 327.68, 222.6, 163.93, 323.87, 172.78, 245.81, 98.02, 30.6, 63.9, 125, 64.56, 87.89, , , , , 
1/31/2020 8:23:37 AM, 3275, 9182.25, 1640.5, 327.68, 222.6, 163.93, 323.87, 172.78, 245.81, 98.02, 30.6, 63.9, 125, 64.56, 87.89, , , , , 
1/31/2020 8:23:40 AM, 3274.75, 9181.75, 1640.2, 327.68, 222.6, 163.93, 323.87, 172.78, 245.81, 98.02, 30.6, 63.9, 125, 64.56, 87.89, , , , , 
1/31/2020 8:23:43 AM, 3274.75, 9182.5, 1640.2, 327.68, 222.6, 163.93, 323.87, 172.78, 245.81, 98.02, 30.6, 63.9, 125, 64.56, 87.89, , , , , 
1/31/2020 8:23:47 AM, 3275, 9182.75, 1640.4, 327.68, 222.6, 163.93, 323.87, 172.78, 245.81, 98.02, 30.6, 63.9, 125, 64.56, 87.89, , , , , 
1/31/2020 8:23:50 AM, 3275.25, 9182.75, 1640.4, 327.68, 222.6, 163.93, 323.87, 172.78, 245.81, 98.02, 30.6, 63.9, 125, 64.56, 87.89, , , , , 
1/31/2020 8:23:53 AM, 3275.25, 9182.5, 1640.4, 327.68, 222.6, 163.93, 323.87, 172.78, 245.81, 98.02, 30.6, 63.9, 125, 64.56, 87.89, , , , , 
1/31/2020 8:23:56 AM, 3275, 9182.5, 1640.3, 327.68, 222.6, 163.93, 323.87, 172.78, 245.81, 98.02, 30.6, 63.9, 125, 64.56, 87.89, , , , , 
1/31/2020 8:23:59 AM, 3275, 9182.25, 1640.2, 327.68, 222.6, 163.93, 323.87, 172.78, 245.81, 98.02, 30.6, 63.9, 125, 64.56, 87.89, , , , , 
1/31/2020 8:24:02 AM, 3274.75, 9182.5, 1640.2, 327.68, 222.6, 163.93, 323.87, 172.78, 245.81, 98.02, 30.6, 63.9, 125, 64.56, 87.89, , , , , 
1/31/2020 8:24:05 AM, 3274.75, 9182.5, 1640.2, 327.68, 222.6, 163.93, 323.87, 172.78, 245.81, 98.02, 30.6, 63.9, 125, 64.56, 87.89, , , , , 
1/31/2020 8:24:08 AM, 3275, 9182.25, 1640.2, 327.68, 222.6, 163.93, 323.87, 172.78, 245.81, 98.02, 30.6, 63.9, 125, 64.56, 87.89, , , , , 
1/31/2020 8:24:11 AM, 3275, 9182.25, 1640.2, 327.68, 222.6, 163.93, 323.87, 172.78, 245.81, 98.02, 30.6, 63.9, 125, 64.56, 87.89, , , , , 
1/31/2020 8:24:14 AM, 3275, 9182.25, 1640.2, 327.68, 222.6, 163.93, 323.87, 172.78, 245.81, 98.02, 30.6, 63.9, 125, 64.56, 87.89, , , , , 
1/31/2020 8:24:17 AM, 3275, 9182.5, 1640.2, 327.68, 222.6, 163.93, 323.87, 172.78, 245.81, 98.02, 30.6, 63.9, 125, 64.56, 87.89, , , , , 
1/31/2020 8:24:20 AM, 3275, 9182.5, 1640.2, 327.68, 222.6, 163.93, 323.87, 172.78, 245.81, 98.02, 30.6, 63.9, 125, 64.56, 87.89, , , , , 
1/31/2020 8:24:23 AM, 3275, 9182.25, 1640.2, 327.68, 222.6, 163.93, 323.87, 172.78, 245.81, 98.02, 30.6, 63.9, 125, 64.56, 87.89, , , , , 
1/31/2020 8:24:26 AM, 3275, 9181.75, 1640.2, 327.68, 222.6, 163.93, 323.87, 172.78, 245.81, 98.02, 30.6, 63.9, 125, 64.56, 87.89, , , , , 
1/31/2020 8:24:29 AM, 3274.75, 9182, 1640.2, 327.68, 222.6, 163.93, 323.87, 172.78, 245.81, 98.02, 30.6, 63.9, 125, 64.56, 87.89, , , , , 
1/31/2020 8:24:32 AM, 3274.75, 9181.75, 1640.2, 327.68, 222.6, 163.93, 323.87, 172.78, 245.81, 98.02, 30.6, 63.9, 125, 64.56, 87.89, , , , , 
1/31/2020 8:24:35 AM, 3275, 9181.75, 1640.2, 327.68, 222.6, 163.93, 323.87, 172.78, 245.81, 98.02, 30.6, 63.9, 125, 64.56, 87.89, , , , , 
1/31/2020 8:24:38 AM, 3275, 9181.5, 1640.2, 327.68, 222.6, 163.93, 323.87, 172.78, 245.81, 98.02, 30.6, 63.9, 125, 64.56, 87.89, , , , , 
1/31/2020 8:24:41 AM, 3274.75, 9181.25, 1640.2, 327.68, 222.6, 163.93, 323.87, 172.78, 245.81, 98.02, 30.6, 63.9, 125, 64.56, 87.89, , , , , 
1/31/2020 8:24:44 AM, 3274.75, 9180.75, 1640.2, 327.68, 222.6, 163.93, 323.87, 172.78, 245.81, 98.02, 30.6, 63.9, 125, 64.56, 87.89, , , , , 
1/31/2020 8:24:47 AM, 3274.5, 9180.5, 1640.1, 327.68, 222.6, 163.93, 323.87, 172.78, 245.81, 98.02, 30.6, 63.9, 125, 64.56, 87.89, , , , , 
1/31/2020 8:24:50 AM, 3274.25, 9180.25, 1640, 327.68, 222.6, 163.93, 323.87, 172.78, 245.81, 98.02, 30.6, 63.9, 125, 64.56, 87.89, , , , , 
1/31/2020 8:24:53 AM, 3274.25, 9179.75, 1640, 327.68, 222.6, 163.93, 323.87, 172.78, 245.81, 98.02, 30.6, 63.9, 125, 64.56, 87.89, , , , , 
1/31/2020 8:24:56 AM, 3274.25, 9179.25, 1640, 327.68, 222.6, 163.93, 323.87, 172.78, 245.81, 98.02, 30.6, 63.9, 125, 64.56, 87.89, , , , , 
1/31/2020 8:24:59 AM, 3274, 9178.5, 1639.9, 327.68, 222.6, 163.93, 323.87, 172.78, 245.81, 98.02, 30.6, 63.9, 125, 64.56, 87.89, , , , , 
1/31/2020 8:25:02 AM, 3273.75, 9178.25, 1640, 327.68, 222.6, 163.93, 323.87, 172.78, 245.81, 98.02, 30.6, 63.9, 125, 64.56, 87.89, , , , , 
1/31/2020 8:25:05 AM, 3274.25, 9180, 1640.2, 327.68, 222.6, 163.93, 323.87, 172.78, 245.81, 98.02, 30.6, 63.9, 125, 64.56, 87.89, , , , , 
1/31/2020 8:25:08 AM, 3274, 9179.5, 1640.2, 327.68, 222.6, 163.93, 323.87, 172.78, 245.81, 98.02, 30.6, 63.9, 125, 64.56, 87.89, , , , , 
1/31/2020 8:25:11 AM, 3274, 9179.25, 1640.2, 327.68, 222.6, 163.93, 323.87, 172.78, 245.81, 98.02, 30.6, 63.9, 125, 64.56, 87.89, , , , , 
1/31/2020 8:25:14 AM, 3275, 9180.75, 1640.4, 327.68, 222.6, 163.93, 323.87, 172.78, 245.81, 98.02, 30.6, 63.9, 125, 64.56, 87.89, , , , , 
1/31/2020 8:25:17 AM, 3274.75, 9181, 1640.4, 327.68, 222.6, 163.93, 323.87, 172.78, 245.81, 98.02, 30.6, 63.9, 125, 64.56, 87.89, , , , , 
1/31/2020 8:25:20 AM, 3274.5, 9181, 1640.4, 327.68, 222.6, 163.93, 323.87, 172.78, 245.81, 98.02, 30.6, 63.9, 125, 64.56, 87.89, , , , , 
1/31/2020 8:25:23 AM, 3274.75, 9180.75, 1640.4, 327.68, 222.6, 163.93, 323.87, 172.78, 245.81, 98.02, 30.6, 63.9, 125, 64.56, 87.89, , , , , 
1/31/2020 8:25:26 AM, 3274.5, 9180.75, 1640.3, 327.68, 222.6, 163.93, 323.87, 172.78, 245.81, 98.02, 30.6, 63.9, 125, 64.56, 87.89, , , , , 
1/31/2020 8:25:29 AM, 3274.5, 9180.5, 1640.3, 327.68, 222.6, 163.93, 323.87, 172.78, 245.81, 98.02, 30.6, 63.9, 125, 64.56, 87.89, , , , , 
1/31/2020 8:25:32 AM, 3274.5, 9180.75, 1640.3, 327.68, 222.6, 163.93, 323.87, 172.78, 245.81, 98.02, 30.6, 63.9, 125, 64.56, 87.89, , , , , 
1/31/2020 8:25:35 AM, 3274.5, 9180.25, 1640.3, 327.68, 222.6, 163.93, 323.87, 172.78, 245.81, 98.02, 30.6, 63.9, 125, 64.56, 87.89, , , , , 
1/31/2020 8:25:38 AM, 3274.5, 9180.25, 1640.3, 327.68, 222.6, 163.93, 323.87, 172.78, 245.81, 98.02, 30.6, 63.9, 125, 64.56, 87.89, , , , , 
1/31/2020 8:25:41 AM, 3274.5, 9180, 1640.3, 327.68, 222.6, 163.93, 323.87, 172.78, 245.81, 98.02, 30.6, 63.9, 125, 64.56, 87.89, , , , , 
1/31/2020 8:25:44 AM, 3274.5, 9180.75, 1640.3, 327.68, 222.6, 163.93, 323.87, 172.78, 245.81, 98.02, 30.6, 63.9, 125, 64.56, 87.89, , , , , 
1/31/2020 8:25:47 AM, 3274.75, 9180.75, 1640.4, 327.68, 222.6, 163.93, 323.87, 172.78, 245.81, 98.02, 30.6, 63.9, 125, 64.56, 87.89, , , , , 
1/31/2020 8:25:50 AM, 3274.75, 9180.75, 1640.4, 327.68, 222.6, 163.93, 323.87, 172.78, 245.81, 98.02, 30.6, 63.9, 125, 64.56, 87.89, , , , , 
1/31/2020 8:25:53 AM, 3274.75, 9180.5, 1640.4, 327.68, 222.6, 163.93, 323.87, 172.78, 245.81, 98.02, 30.6, 63.9, 125, 64.56, 87.89, , , , , 
1/31/2020 8:25:56 AM, 3274.75, 9180.25, 1640.4, 327.68, 222.6, 163.93, 323.87, 172.78, 245.81, 98.02, 30.6, 63.9, 125, 64.56, 87.89, , , , , 
1/31/2020 8:25:59 AM, 3274.5, 9180, 1640.3, 327.68, 222.6, 163.93, 323.87, 172.78, 245.81, 98.02, 30.6, 63.9, 125, 64.56, 87.89, , , , , 
1/31/2020 8:26:02 AM, 3274.5, 9180.25, 1640.3, 327.68, 222.6, 163.93, 323.87, 172.78, 245.81, 98.02, 30.6, 63.9, 125, 64.56, 87.89, , , , , 
1/31/2020 8:26:05 AM, 3274.5, 9179.5, 1640.3, 327.68, 222.6, 163.93, 323.87, 172.78, 245.81, 98.02, 30.6, 63.9, 125, 64.56, 87.89, , , , , 
1/31/2020 8:26:08 AM, 3274.5, 9180.25, 1640.3, 327.68, 222.6, 163.93, 323.87, 172.78, 245.81, 98.02, 30.6, 63.9, 125, 64.56, 87.89, , , , , 
1/31/2020 8:26:12 AM, 3274, 9178.75, 1640, 327.68, 222.6, 163.93, 323.87, 172.78, 245.81, 98.02, 30.6, 63.9, 125, 64.56, 87.89, , , , , 
1/31/2020 8:26:15 AM, 3274, 9179.25, 1640, 327.68, 222.6, 163.93, 323.87, 172.78, 245.81, 98.02, 30.6, 63.9, 125, 64.56, 87.89, , , , , 
1/31/2020 8:26:18 AM, 3274, 9179.25, 1640, 327.68, 222.6, 163.93, 323.87, 172.78, 245.81, 98.02, 30.6, 63.9, 125, 64.56, 87.89, , , , , 
1/31/2020 8:26:21 AM, 3274.25, 9179.75, 1640.1, 327.68, 222.6, 163.93, 323.87, 172.78, 245.81, 98.02, 30.6, 63.9, 125, 64.56, 87.89, , , , , 
1/31/2020 8:26:24 AM, 3274.25, 9180, 1640.1, 327.68, 222.6, 163.93, 323.87, 172.78, 245.81, 98.02, 30.6, 63.9, 125, 64.56, 87.89, , , , , 
1/31/2020 8:26:27 AM, 3274, 9179.75, 1640.2, 327.68, 222.6, 163.93, 323.87, 172.78, 245.81, 98.02, 30.6, 63.9, 125, 64.56, 87.89, , , , , 
1/31/2020 8:26:30 AM, 3274, 9180, 1640.1, 327.68, 222.6, 163.93, 323.87, 172.78, 245.81, 98.02, 30.6, 63.9, 125, 64.56, 87.89, , , , , 
1/31/2020 8:26:33 AM, 3274.25, 9180, 1640.1, 327.68, 222.6, 163.93, 323.87, 172.78, 245.81, 98.02, 30.6, 63.9, 125, 64.56, 87.89, , , , , 
1/31/2020 8:26:36 AM, 3274.25, 9179.25, 1640.1, 327.68, 222.6, 163.93, 323.87, 172.78, 245.81, 98.02, 30.6, 63.9, 125, 64.56, 87.89, , , , , 
1/31/2020 8:26:39 AM, 3274.25, 9179.75, 1640.1, 327.68, 222.6, 163.93, 323.87, 172.78, 245.81, 98.02, 30.6, 63.9, 125, 64.56, 87.89, , , , , 
1/31/2020 8:26:42 AM, 3274.25, 9179.75, 1640.1, 327.68, 222.6, 163.93, 323.87, 172.78, 245.81, 98.02, 30.6, 63.9, 125, 64.56, 87.89, , , , , 
1/31/2020 8:26:45 AM, 3274.5, 9180, 1640.1, 327.68, 222.6, 163.93, 323.87, 172.78, 245.81, 98.02, 30.6, 63.9, 125, 64.56, 87.89, , , , , 
1/31/2020 8:26:48 AM, 3274.5, 9181, 1640.2, 327.68, 222.6, 163.93, 323.87, 172.78, 245.81, 98.02, 30.6, 63.9, 125, 64.56, 87.89, , , , , 
1/31/2020 8:26:51 AM, 3274.5, 9181.25, 1640.2, 327.68, 222.6, 163.93, 323.87, 172.78, 245.81, 98.02, 30.6, 63.9, 125, 64.56, 87.89, , , , , 
1/31/2020 8:26:54 AM, 3274.75, 9181.25, 1640.3, 327.68, 222.6, 163.93, 323.87, 172.78, 245.81, 98.02, 30.6, 63.9, 125, 64.56, 87.89, , , , , 
1/31/2020 8:26:57 AM, 3274.75, 9181, 1640.3, 327.68, 222.6, 163.93, 323.87, 172.78, 245.81, 98.02, 30.6, 63.9, 125, 64.56, 87.89, , , , , 
1/31/2020 8:27:00 AM, 3274.5, 9180.75, 1640.3, 327.68, 222.6, 163.93, 323.87, 172.78, 245.81, 98.02, 30.6, 63.9, 125, 64.56, 87.89, , , , , 
1/31/2020 8:27:03 AM, 3274.5, 9180.5, 1640.3, 327.68, 222.6, 163.93, 323.87, 172.78, 245.81, 98.02, 30.6, 63.9, 125, 64.56, 87.89, , , , , 
1/31/2020 8:27:06 AM, 3274.25, 9180.25, 1640.3, 327.68, 222.6, 163.93, 323.87, 172.78, 245.81, 98.02, 30.6, 63.9, 125, 64.56, 87.89, , , , , 
1/31/2020 8:27:09 AM, 3274.5, 9180.75, 1640.2, 327.68, 222.6, 163.93, 323.87, 172.78, 245.81, 98.02, 30.6, 63.9, 125, 64.56, 87.89, , , , , 
1/31/2020 8:27:12 AM, 3274.5, 9180.75, 1640.2, 327.68, 222.6, 163.93, 323.87, 172.78, 245.81, 98.02, 30.6, 63.9, 125, 64.56, 87.89, , , , , 
1/31/2020 8:27:15 AM, 3274.5, 9180.75, 1640.2, 327.68, 222.6, 163.93, 323.87, 172.78, 245.81, 98.02, 30.6, 63.9, 125, 64.56, 87.89, , , , , 
1/31/2020 8:27:18 AM, 3274.5, 9180.75, 1640.2, 327.68, 222.6, 163.93, 323.87, 172.78, 245.81, 98.02, 30.6, 63.9, 125, 64.56, 87.89, , , , , 
1/31/2020 8:27:21 AM, 3274.5, 9181.25, 1640.2, 327.68, 222.6, 163.93, 323.87, 172.78, 245.81, 98.02, 30.6, 63.9, 125, 64.56, 87.89, , , , , 
1/31/2020 8:27:24 AM, 3274.5, 9181, 1640.2, 327.68, 222.6, 163.93, 323.87, 172.78, 245.81, 98.02, 30.6, 63.9, 125, 64.56, 87.89, , , , , 
1/31/2020 8:27:27 AM, 3274.5, 9181.5, 1640.2, 327.68, 222.6, 163.93, 323.87, 172.78, 245.81, 98.02, 30.6, 63.9, 125, 64.56, 87.89, , , , , 
1/31/2020 8:27:30 AM, 3274.5, 9181.5, 1640.2, 327.68, 222.6, 163.93, 323.87, 172.78, 245.81, 98.02, 30.6, 63.9, 125, 64.56, 87.89, , , , , 
1/31/2020 8:27:33 AM, 3274.5, 9181.25, 1640.2, 327.68, 222.6, 163.93, 323.87, 172.78, 245.81, 98.02, 30.6, 63.9, 125, 64.56, 87.89, , , , , 
1/31/2020 8:27:36 AM, 3274.5, 9181.25, 1640.2, 327.68, 222.6, 163.93, 323.87, 172.78, 245.81, 98.02, 30.6, 63.9, 125, 64.56, 87.89, , , , , 
1/31/2020 8:27:39 AM, 3274.5, 9180.75, 1640.2, 327.68, 222.6, 163.93, 323.87, 172.78, 245.81, 98.02, 30.6, 63.9, 125, 64.56, 87.89, , , , , 
1/31/2020 8:27:42 AM, 3274.5, 9181, 1640.2, 327.68, 222.6, 163.93, 323.87, 172.78, 245.81, 98.02, 30.6, 63.9, 125, 64.56, 87.89, , , , , 
1/31/2020 8:27:45 AM, 3274.5, 9181.5, 1640.2, 327.68, 222.6, 163.93, 323.87, 172.78, 245.81, 98.02, 30.6, 63.9, 125, 64.56, 87.89, , , , , 
1/31/2020 8:27:48 AM, 3274.75, 9181.5, 1640.3, 327.68, 222.6, 163.93, 323.87, 172.78, 245.81, 98.02, 30.6, 63.9, 125, 64.56, 87.89, , , , , 
1/31/2020 8:27:51 AM, 3275, 9182, 1640.3, 327.68, 222.6, 163.93, 323.87, 172.78, 245.81, 98.02, 30.6, 63.9, 125, 64.56, 87.89, , , , , 
1/31/2020 8:27:54 AM, 3275, 9182.5, 1640.3, 327.68, 222.6, 163.93, 323.87, 172.78, 245.81, 98.02, 30.6, 63.9, 125, 64.56, 87.89, , , , , 
1/31/2020 8:27:57 AM, 3275, 9182.5, 1640.3, 327.68, 222.6, 163.93, 323.87, 172.78, 245.81, 98.02, 30.6, 63.9, 125, 64.56, 87.89, , , , , 
1/31/2020 8:28:00 AM, 3274.75, 9182.25, 1640.3, 327.68, 222.6, 163.93, 323.87, 172.78, 245.81, 98.02, 30.6, 63.9, 125, 64.56, 87.89, , , , , 
1/31/2020 8:28:03 AM, 3274.5, 9182, 1640.3, 327.68, 222.6, 163.93, 323.87, 172.78, 245.81, 98.02, 30.6, 63.9, 125, 64.56, 87.89, , , , , 
1/31/2020 8:28:06 AM, 3275, 9182.5, 1640.3, 327.68, 222.6, 163.93, 323.87, 172.78, 245.81, 98.02, 30.6, 63.9, 125, 64.56, 87.89, , , , , 
1/31/2020 8:28:09 AM, 3274.5, 9182.25, 1640.3, 327.68, 222.6, 163.93, 323.87, 172.78, 245.81, 98.02, 30.6, 63.9, 125, 64.56, 87.89, , , , , 
1/31/2020 8:28:12 AM, 3274.75, 9182, 1640.3, 327.68, 222.6, 163.93, 323.87, 172.78, 245.81, 98.02, 30.6, 63.9, 125, 64.56, 87.89, , , , , 
1/31/2020 8:28:15 AM, 3274.75, 9182.25, 1640.3, 327.68, 222.6, 163.93, 323.87, 172.78, 245.81, 98.02, 30.6, 63.9, 125, 64.56, 87.89, , , , , 
1/31/2020 8:28:18 AM, 3275, 9182.25, 1640.3, 327.68, 222.6, 163.93, 323.87, 172.78, 245.81, 98.02, 30.6, 63.9, 125, 64.56, 87.89, , , , , 
1/31/2020 8:28:21 AM, 3275, 9182.25, 1640.3, 327.68, 222.6, 163.93, 323.87, 172.78, 245.81, 98.02, 30.6, 63.9, 125, 64.56, 87.89, , , , , 
1/31/2020 8:28:24 AM, 3275, 9182, 1640.3, 327.68, 222.6, 163.93, 323.87, 172.78, 245.81, 98.02, 30.6, 63.9, 125, 64.56, 87.89, , , , , 
1/31/2020 8:28:27 AM, 3275, 9182.5, 1640.2, 327.68, 222.6, 163.93, 323.87, 172.78, 245.81, 98.02, 30.6, 63.9, 125, 64.56, 87.89, , , , , 
1/31/2020 8:28:30 AM, 3275, 9182.5, 1640.2, 327.68, 222.6, 163.93, 323.87, 172.78, 245.81, 98.02, 30.6, 63.9, 125, 64.56, 87.89, , , , , 
1/31/2020 8:28:33 AM, 3275, 9182.75, 1640.3, 327.68, 222.6, 163.93, 323.87, 172.78, 245.81, 98.02, 30.6, 63.9, 125, 64.56, 87.89, , , , , 
1/31/2020 8:28:36 AM, 3275, 9182.75, 1640.3, 327.68, 222.6, 163.93, 323.87, 172.78, 245.81, 98.02, 30.6, 63.9, 125, 64.56, 87.89, , , , , 
1/31/2020 8:28:39 AM, 3275, 9182.25, 1640.3, 327.68, 222.6, 163.93, 323.87, 172.78, 245.81, 98.02, 30.6, 63.9, 125, 64.56, 87.89, , , , , 
1/31/2020 8:28:42 AM, 3275, 9182.25, 1640.3, 327.68, 222.6, 163.93, 323.87, 172.78, 245.81, 98.02, 30.6, 63.9, 125, 64.56, 87.89, , , , , 
1/31/2020 8:28:46 AM, 3275, 9182, 1640.4, 327.68, 222.6, 163.93, 323.87, 172.78, 245.81, 98.02, 30.6, 63.9, 125, 64.56, 87.89, , , , , 
1/31/2020 8:28:49 AM, 3275, 9182, 1640.4, 327.68, 222.6, 163.93, 323.87, 172.78, 245.81, 98.02, 30.6, 63.9, 125, 64.56, 87.89, , , , , 
1/31/2020 8:28:52 AM, 3275, 9182.75, 1640.4, 327.68, 222.6, 163.93, 323.87, 172.78, 245.81, 98.02, 30.6, 63.9, 125, 64.56, 87.89, , , , , 
1/31/2020 8:28:55 AM, 3275, 9182.75, 1640.4, 327.68, 222.6, 163.93, 323.87, 172.78, 245.81, 98.02, 30.6, 63.9, 125, 64.56, 87.89, , , , , 
1/31/2020 8:28:58 AM, 3275, 9182.75, 1640.5, 327.68, 222.6, 163.93, 323.87, 172.78, 245.81, 98.02, 30.6, 63.9, 125, 64.56, 87.89, , , , , 
1/31/2020 8:29:01 AM, 3275, 9182.75, 1640.5, 327.68, 222.6, 163.93, 323.87, 172.78, 245.81, 98.02, 30.6, 63.9, 125, 64.56, 87.89, , , , , 
1/31/2020 8:29:04 AM, 3275.25, 9182.75, 1640.5, 327.68, 222.6, 163.93, 323.87, 172.78, 245.81, 98.02, 30.6, 63.9, 125, 64.56, 87.89, , , , , 
1/31/2020 8:29:07 AM, 3275.25, 9182.75, 1640.5, 327.68, 222.6, 163.93, 323.87, 172.78, 245.81, 98.02, 30.6, 63.9, 125, 64.56, 87.89, , , , , 
1/31/2020 8:29:10 AM, 3275, 9182.25, 1640.4, 327.68, 222.6, 163.93, 323.87, 172.78, 245.81, 98.02, 30.6, 63.9, 125, 64.56, 87.89, , , , , 
1/31/2020 8:29:13 AM, 3275, 9182.25, 1640.4, 327.68, 222.6, 163.93, 323.87, 172.78, 245.81, 98.02, 30.6, 63.9, 125, 64.56, 87.89, , , , , 
1/31/2020 8:29:16 AM, 3275.25, 9183, 1640.6, 327.68, 222.6, 163.93, 323.87, 172.78, 245.81, 98.02, 30.6, 63.9, 125, 64.56, 87.89, , , , , 
1/31/2020 8:29:19 AM, 3275.25, 9183, 1640.6, 327.68, 222.6, 163.93, 323.87, 172.78, 245.81, 98.02, 30.6, 63.9, 125, 64.56, 87.89, , , , , 
1/31/2020 8:29:22 AM, 3275, 9183, 1640.6, 327.68, 222.6, 163.93, 323.87, 172.78, 245.81, 98.02, 30.6, 63.9, 125, 64.56, 87.89, , , , , 
1/31/2020 8:29:25 AM, 3275, 9183, 1640.6, 327.68, 222.6, 163.93, 323.87, 172.78, 245.81, 98.02, 30.6, 63.9, 125, 64.56, 87.89, , , , , 
1/31/2020 8:29:28 AM, 3275.25, 9183, 1640.6, 327.68, 222.6, 163.93, 323.87, 172.78, 245.81, 98.02, 30.6, 63.9, 125, 64.56, 87.89, , , , , 
1/31/2020 8:29:31 AM, 3275.25, 9183, 1640.6, 327.68, 222.6, 163.93, 323.87, 172.78, 245.81, 98.02, 30.6, 63.9, 125, 64.56, 87.89, , , , , 
1/31/2020 8:29:34 AM, 3275, 9182.75, 1640.6, 327.68, 222.6, 163.93, 323.87, 172.78, 245.81, 98.02, 30.6, 63.9, 125, 64.56, 87.89, , , , , 
1/31/2020 8:29:37 AM, 3275, 9182.75, 1640.6, 327.68, 222.6, 163.93, 323.87, 172.78, 245.81, 98.02, 30.6, 63.9, 125, 64.56, 87.89, , , , , 
1/31/2020 8:29:40 AM, 3275, 9183.25, 1640.7, 327.68, 222.6, 163.93, 323.87, 172.78, 245.81, 98.02, 30.6, 63.9, 125, 64.56, 87.89, , , , , 
1/31/2020 8:29:43 AM, 3275, 9183.25, 1640.7, 327.68, 222.6, 163.93, 323.87, 172.78, 245.81, 98.02, 30.6, 63.9, 125, 64.56, 87.89, , , , , 
1/31/2020 8:29:46 AM, 3275.25, 9183.25, 1640.7, 327.68, 222.6, 163.93, 323.87, 172.78, 245.81, 98.02, 30.6, 63.9, 125, 64.56, 87.89, , , , , 
1/31/2020 8:29:49 AM, 3275.25, 9183.25, 1640.7, 327.68, 222.6, 163.93, 323.87, 172.78, 245.81, 98.02, 30.6, 63.9, 125, 64.56, 87.89, , , , , 
1/31/2020 8:29:52 AM, 3275.25, 9183.25, 1640.6, 327.68, 222.6, 163.93, 323.87, 172.78, 245.81, 98.02, 30.6, 63.9, 125, 64.56, 87.89, , , , , 
1/31/2020 8:29:55 AM, 3275.25, 9182.75, 1640.6, 327.68, 222.6, 163.93, 323.87, 172.78, 245.81, 98.02, 30.6, 63.9, 125, 64.56, 87.89, , , , , 
1/31/2020 8:29:58 AM, 3275, 9182.5, 1640.5, 327.68, 222.6, 163.93, 323.87, 172.78, 245.81, 98.02, 30.6, 63.9, 125, 64.56, 87.89, , , , , 
1/31/2020 8:30:01 AM, 3275, 9182, 1640.5, 327.68, 222.6, 163.93, 323.87, 172.78, 245.81, 98.02, 30.6, 63.9, 125, 64.56, 87.89, , , , , 
1/31/2020 8:30:04 AM, 3275.25, 9181.75, 1640.6, 327.68, 222.6, 163.93, 323.87, 172.78, 245.81, 98.02, 30.6, 63.9, 125, 64.56, 87.89, , , , , 
1/31/2020 8:30:07 AM, 3275, 9181.75, 1640.6, 327.68, 222.6, 163.93, 323.87, 172.78, 245.81, 98.02, 30.6, 63.9, 125, 64.56, 87.89, , , , , 
1/31/2020 8:30:10 AM, 3275, 9181.75, 1640.6, 327.68, 222.6, 163.93, 323.87, 172.78, 245.81, 98.02, 30.6, 63.9, 125, 64.56, 87.89, , , , , 
1/31/2020 8:30:13 AM, 3275, 9181.75, 1640.6, 327.68, 222.6, 163.93, 323.87, 172.78, 245.81, 98.02, 30.6, 63.9, 125, 64.56, 87.89, , , , , 
1/31/2020 8:30:16 AM, 3275, 9181.75, 1640.6, 327.68, 222.6, 163.93, 323.87, 172.78, 245.81, 98.02, 30.6, 63.9, 125, 64.56, 87.89, , , , , 
1/31/2020 8:30:19 AM, 3275, 9181.75, 1640.6, 327.68, 222.6, 163.93, 323.87, 172.78, 245.81, 98.02, 30.6, 63.9, 125, 64.56, 87.89, , , , , 
1/31/2020 8:30:22 AM, 3275.25, 9183, 1640.8, 327.68, 222.6, 163.93, 323.87, 172.78, 245.81, 98.02, 30.6, 63.9, 125, 64.56, 87.89, , , , , 
1/31/2020 8:30:25 AM, 3275.25, 9183, 1640.8, 327.68, 222.6, 163.93, 323.87, 172.78, 245.81, 98.02, 30.6, 63.9, 125, 64.56, 87.89, , , , , 
1/31/2020 8:30:28 AM, 3275.5, 9182.5, 1640.9, 327.68, 222.6, 163.93, 323.87, 172.78, 245.81, 98.02, 30.6, 63.9, 125, 64.56, 87.89, , , , , 
1/31/2020 8:30:31 AM, 3275.5, 9182.5, 1640.9, 327.68, 222.6, 163.93, 323.87, 172.78, 245.81, 98.02, 30.6, 63.9, 125, 64.56, 87.89, , , , , 
1/31/2020 8:30:34 AM, 3276, 9185.25, 1641, 327.68, 222.6, 163.93, 323.87, 172.78, 245.81, 98.02, 30.6, 63.9, 125, 64.56, 87.89, , , , , 
1/31/2020 8:30:37 AM, 3276, 9185.25, 1641, 327.68, 222.6, 163.93, 323.87, 172.78, 245.81, 98.02, 30.6, 63.9, 125, 64.56, 87.89, , , , , 
1/31/2020 8:30:40 AM, 3276, 9185, 1641, 327.68, 222.6, 163.93, 323.87, 172.78, 245.81, 98.02, 30.6, 63.9, 125, 64.56, 87.89, , , , , 
1/31/2020 8:30:43 AM, 3276, 9185, 1641, 327.68, 222.6, 163.93, 323.87, 172.78, 245.81, 98.02, 30.6, 63.9, 125, 64.56, 87.89, , , , , 
1/31/2020 8:30:46 AM, 3276, 9185, 1641, 327.68, 222.6, 163.93, 323.87, 172.78, 245.81, 98.02, 30.6, 63.9, 125, 64.56, 87.89, , , , , 
1/31/2020 8:30:49 AM, 3276, 9185, 1641, 327.68, 222.6, 163.93, 323.87, 172.78, 245.81, 98.02, 30.6, 63.9, 125, 64.56, 87.89, , , , , 
1/31/2020 8:30:52 AM, 3276.25, 9186.5, 1641.1, 327.68, 222.6, 163.93, 323.87, 172.78, 245.81, 98.02, 30.6, 63.9, 125, 64.56, 87.89, , , , , 
1/31/2020 8:30:55 AM, 3276.25, 9186.5, 1641.1, 327.68, 222.6, 163.93, 323.87, 172.78, 245.81, 98.02, 30.6, 63.9, 125, 64.56, 87.89, , , , , 
1/31/2020 8:30:58 AM, 3276, 9186, 1641.1, 327.68, 222.6, 163.93, 323.87, 172.78, 245.81, 98.02, 30.6, 63.9, 125, 64.56, 87.89, , , , , 
1/31/2020 8:31:01 AM, 3276, 9186, 1641.1, 327.68, 222.6, 163.93, 323.87, 172.78, 245.81, 98.02, 30.6, 63.9, 125, 64.56, 87.89, , , , , 
1/31/2020 8:31:04 AM, 3276.5, 9187.75, 1641.3, 327.68, 222.6, 163.93, 323.87, 172.78, 245.81, 98.02, 30.6, 63.9, 125, 64.56, 87.89, , , , , 
1/31/2020 8:31:07 AM, 3276.5, 9187.75, 1641.3, 327.68, 222.6, 163.93, 323.87, 172.78, 245.81, 98.02, 30.6, 63.9, 125, 64.56, 87.89, , , , , 
1/31/2020 8:31:10 AM, 3276.75, 9188.5, 1641.3, 327.68, 222.6, 163.93, 323.87, 172.78, 245.81, 98.02, 30.6, 63.9, 125, 64.56, 87.89, , , , , 
1/31/2020 8:31:14 AM, 3276.75, 9188.5, 1641.3, 327.68, 222.6, 163.93, 323.87, 172.78, 245.81, 98.02, 30.6, 63.9, 125, 64.56, 87.89, , , , , 
1/31/2020 8:31:17 AM, 3276.25, 9186.75, 1641.2, 327.68, 222.6, 163.93, 323.87, 172.78, 245.81, 98.02, 30.6, 63.9, 125, 64.56, 87.89, , , , , 
1/31/2020 8:31:20 AM, 3276.25, 9186.75, 1641.2, 327.68, 222.6, 163.93, 323.87, 172.78, 245.81, 98.02, 30.6, 63.9, 125, 64.56, 87.89, , , , , 
1/31/2020 8:31:23 AM, 3276, 9186, 1641, 327.68, 222.6, 163.93, 323.87, 172.78, 245.81, 98.02, 30.6, 63.9, 125, 64.56, 87.89, , , , , 
1/31/2020 8:31:26 AM, 3276, 9186, 1641, 327.68, 222.6, 163.93, 323.87, 172.78, 245.81, 98.02, 30.6, 63.9, 125, 64.56, 87.89, , , , , 
1/31/2020 8:31:29 AM, 3276, 9185, 1640.9, 327.68, 222.6, 163.93, 323.87, 172.78, 245.81, 98.02, 30.6, 63.9, 125, 64.56, 87.89, , , , , 
1/31/2020 8:31:32 AM, 3276, 9185, 1640.9, 327.68, 222.6, 163.93, 323.87, 172.78, 245.81, 98.02, 30.6, 63.9, 125, 64.56, 87.89, , , , , 
1/31/2020 8:31:35 AM, 3276.5, 9187.25, 1641.2, 327.68, 222.6, 163.93, 323.87, 172.78, 245.81, 98.02, 30.6, 63.9, 125, 64.56, 87.89, , , , , 
1/31/2020 8:31:38 AM, 3276.5, 9187.25, 1641.2, 327.68, 222.6, 163.93, 323.87, 172.78, 245.81, 98.02, 30.6, 63.9, 125, 64.56, 87.89, , , , , 
1/31/2020 8:31:41 AM, 3276.25, 9186.25, 1641.1, 327.68, 222.6, 163.93, 323.87, 172.78, 245.81, 98.02, 30.6, 63.9, 125, 64.56, 87.89, , , , , 
1/31/2020 8:31:44 AM, 3276.25, 9186.25, 1641.1, 327.68, 222.6, 163.93, 323.87, 172.78, 245.81, 98.02, 30.6, 63.9, 125, 64.56, 87.89, , , , , 
1/31/2020 8:31:47 AM, 3276.75, 9188.75, 1641.3, 327.68, 222.6, 163.93, 323.87, 172.78, 245.81, 98.02, 30.6, 63.9, 125, 64.56, 87.89, , , , , 
1/31/2020 8:31:50 AM, 3276.75, 9188.75, 1641.3, 327.68, 222.6, 163.93, 323.87, 172.78, 245.81, 98.02, 30.6, 63.9, 125, 64.56, 87.89, , , , , 
1/31/2020 8:31:53 AM, 3276.75, 9188.75, 1641.2, 327.68, 222.6, 163.93, 323.87, 172.78, 245.81, 98.02, 30.6, 63.9, 125, 64.56, 87.89, , , , , 
1/31/2020 8:31:56 AM, 3276.75, 9188.75, 1641.2, 327.68, 222.6, 163.93, 323.87, 172.78, 245.81, 98.02, 30.6, 63.9, 125, 64.56, 87.89, , , , , 
1/31/2020 8:31:59 AM, 3276.5, 9188, 1641.2, 327.68, 222.6, 163.93, 323.87, 172.78, 245.81, 98.02, 30.6, 63.9, 125, 64.56, 87.89, , , , , 
1/31/2020 8:32:02 AM, 3276.5, 9188, 1641.2, 327.68, 222.6, 163.93, 323.87, 172.78, 245.81, 98.02, 30.6, 63.9, 125, 64.56, 87.89, , , , , 
1/31/2020 8:32:05 AM, 3276.25, 9188, 1641.2, 327.68, 222.6, 163.93, 323.87, 172.78, 245.81, 98.02, 30.6, 63.9, 125, 64.56, 87.89, , , , , 
1/31/2020 8:32:08 AM, 3276.75, 9188.75, 1641.3, 327.68, 222.6, 163.93, 323.87, 172.78, 245.81, 98.02, 30.6, 63.9, 125, 64.56, 87.89, , , , , 
1/31/2020 8:32:11 AM, 3276.75, 9189.25, 1641.4, 327.68, 222.6, 163.93, 323.87, 172.78, 245.81, 98.02, 30.6, 63.9, 125, 64.56, 87.89, , , , , 
1/31/2020 8:32:14 AM, 3277, 9190.75, 1641.5, 327.68, 222.6, 163.93, 323.87, 172.78, 245.81, 98.02, 30.6, 63.9, 125, 64.56, 87.89, , , , , 
1/31/2020 8:32:17 AM, 3277.25, 9190.25, 1641.6, 327.68, 222.6, 163.93, 323.87, 172.78, 245.81, 98.02, 30.6, 63.9, 125, 64.56, 87.89, , , , , 
1/31/2020 8:32:20 AM, 3277.25, 9190.5, 1641.6, 327.68, 222.6, 163.93, 323.87, 172.78, 245.81, 98.02, 30.6, 63.9, 125, 64.56, 87.89, , , , , 
1/31/2020 8:32:23 AM, 3277, 9190, 1641.4, 327.68, 222.6, 163.93, 323.87, 172.78, 245.81, 98.02, 30.6, 63.9, 125, 64.56, 87.89, , , , , 
1/31/2020 8:32:26 AM, 3276.75, 9189.5, 1641.4, 327.68, 222.6, 163.93, 323.87, 172.78, 245.81, 98.02, 30.6, 63.9, 125, 64.56, 87.89, , , , , 
1/31/2020 8:32:29 AM, 3276.75, 9189.5, 1641.4, 327.68, 222.6, 163.93, 323.87, 172.78, 245.81, 98.02, 30.6, 63.9, 125, 64.56, 87.89, , , , , 
1/31/2020 8:32:32 AM, 3276.75, 9189, 1641.4, 327.68, 222.6, 163.93, 323.87, 172.78, 245.81, 98.02, 30.6, 63.9, 125, 64.56, 87.89, , , , , 
1/31/2020 8:32:35 AM, 3276.75, 9188.75, 1641.4, 327.68, 222.6, 163.93, 323.87, 172.78, 245.81, 98.02, 30.6, 63.9, 125, 64.56, 87.89, , , , , 
1/31/2020 8:32:38 AM, 3276.75, 9190.25, 1641.2, 327.68, 222.6, 163.93, 323.87, 172.78, 245.81, 98.02, 30.6, 63.9, 125, 64.56, 87.89, , , , , 
1/31/2020 8:32:41 AM, 3276.75, 9190.25, 1641.3, 327.68, 222.6, 163.93, 323.87, 172.78, 245.81, 98.02, 30.6, 63.9, 125, 64.56, 87.89, , , , , 
1/31/2020 8:32:44 AM, 3277, 9190.25, 1641.3, 327.68, 222.6, 163.93, 323.87, 172.78, 245.81, 98.02, 30.6, 63.9, 125, 64.56, 87.89, , , , , 
1/31/2020 8:32:47 AM, 3277, 9190.25, 1641.3, 327.68, 222.6, 163.93, 323.87, 172.78, 245.81, 98.02, 30.6, 63.9, 125, 64.56, 87.89, , , , , 
1/31/2020 8:32:50 AM, 3277, 9190.25, 1641.3, 327.68, 222.6, 163.93, 323.87, 172.78, 245.81, 98.02, 30.6, 63.9, 125, 64.56, 87.89, , , , , 
1/31/2020 8:32:53 AM, 3277, 9190, 1641.3, 327.68, 222.6, 163.93, 323.87, 172.78, 245.81, 98.02, 30.6, 63.9, 125, 64.56, 87.89, , , , , 
1/31/2020 8:32:56 AM, 3277, 9190.25, 1641.3, 327.68, 222.6, 163.93, 323.87, 172.78, 245.81, 98.02, 30.6, 63.9, 125, 64.56, 87.89, , , , , 
1/31/2020 8:32:59 AM, 3276.75, 9190, 1641.3, 327.68, 222.6, 163.93, 323.87, 172.78, 245.81, 98.02, 30.6, 63.9, 125, 64.56, 87.89, , , , , 
1/31/2020 8:33:02 AM, 3277, 9190.5, 1641.3, 327.68, 222.6, 163.93, 323.87, 172.78, 245.81, 98.02, 30.6, 63.9, 125, 64.56, 87.89, , , , , 
1/31/2020 8:33:05 AM, 3277, 9190.75, 1641.5, 327.68, 222.6, 163.93, 323.87, 172.78, 245.81, 98.02, 30.6, 63.9, 125, 64.56, 87.89, , , , , 
1/31/2020 8:33:08 AM, 3277.25, 9191, 1641.5, 327.68, 222.6, 163.93, 323.87, 172.78, 245.81, 98.02, 30.6, 63.9, 125, 64.56, 87.89, , , , , 
1/31/2020 8:33:11 AM, 3277.25, 9191.25, 1641.6, 327.68, 222.6, 163.93, 323.87, 172.78, 245.81, 98.02, 30.6, 63.9, 125, 64.56, 87.89, , , , , 
1/31/2020 8:33:14 AM, 3277.5, 9192.5, 1641.7, 327.68, 222.6, 163.93, 323.87, 172.78, 245.81, 98.02, 30.6, 63.9, 125, 64.56, 87.89, , , , , 
1/31/2020 8:33:17 AM, 3277.25, 9191.25, 1641.6, 327.68, 222.6, 163.93, 323.87, 172.78, 245.81, 98.02, 30.6, 63.9, 125, 64.56, 87.89, , , , , 
1/31/2020 8:33:20 AM, 3277, 9191, 1641.6, 327.68, 222.6, 163.93, 323.87, 172.78, 245.81, 98.02, 30.6, 63.9, 125, 64.56, 87.89, , , , , 
1/31/2020 8:33:23 AM, 3276.75, 9190.75, 1641.5, 327.68, 222.6, 163.93, 323.87, 172.78, 245.81, 98.02, 30.6, 63.9, 125, 64.56, 87.89, , , , , 
1/31/2020 8:33:26 AM, 3277, 9190.75, 1641.5, 327.68, 222.6, 163.93, 323.87, 172.78, 245.81, 98.02, 30.6, 63.9, 125, 64.56, 87.89, , , , , 
1/31/2020 8:33:29 AM, 3276.75, 9190, 1641.4, 327.68, 222.6, 163.93, 323.87, 172.78, 245.81, 98.02, 30.6, 63.9, 125, 64.56, 87.89, , , , , 
1/31/2020 8:33:32 AM, 3276.75, 9190, 1641.5, 327.68, 222.6, 163.93, 323.87, 172.78, 245.81, 98.02, 30.6, 63.9, 125, 64.56, 87.89, , , , , 
1/31/2020 8:33:35 AM, 3276.75, 9189.75, 1641.5, 327.68, 222.6, 163.93, 323.87, 172.78, 245.81, 98.02, 30.6, 63.9, 125, 64.56, 87.89, , , , , 
1/31/2020 8:33:38 AM, 3276.5, 9189.5, 1641.5, 327.68, 222.6, 163.93, 323.87, 172.78, 245.81, 98.02, 30.6, 63.9, 125, 64.56, 87.89, , , , , 
1/31/2020 8:33:41 AM, 3276.5, 9189.25, 1641.5, 327.68, 222.6, 163.93, 323.87, 172.78, 245.81, 98.02, 30.6, 63.9, 125, 64.56, 87.89, , , , , 
1/31/2020 8:33:45 AM, 3276.5, 9189, 1641.5, 327.68, 222.6, 163.93, 323.87, 172.78, 245.81, 98.02, 30.6, 63.9, 125, 64.56, 87.89, , , , , 
1/31/2020 8:33:48 AM, 3276.5, 9189.25, 1641.3, 327.68, 222.6, 163.93, 323.87, 172.78, 245.81, 98.02, 30.6, 63.9, 125, 64.56, 87.89, , , , , 
1/31/2020 8:33:51 AM, 3276.5, 9189.25, 1641.3, 327.68, 222.6, 163.93, 323.87, 172.78, 245.81, 98.02, 30.6, 63.9, 125, 64.56, 87.89, , , , , 
1/31/2020 8:33:54 AM, 3276.25, 9188.5, 1641.3, 327.68, 222.6, 163.93, 323.87, 172.78, 245.81, 98.02, 30.6, 63.9, 125, 64.56, 87.89, , , , , 
1/31/2020 8:33:57 AM, 3276.25, 9189, 1641.3, 327.68, 222.6, 163.93, 323.87, 172.78, 245.81, 98.02, 30.6, 63.9, 125, 64.56, 87.89, , , , , 
1/31/2020 8:34:00 AM, 3276.25, 9189.25, 1641.3, 327.68, 222.6, 163.93, 323.87, 172.78, 245.81, 98.02, 30.6, 63.9, 125, 64.56, 87.89, , , , , 
1/31/2020 8:34:03 AM, 3276.25, 9189, 1641.3, 327.68, 222.6, 163.93, 323.87, 172.78, 245.81, 98.02, 30.6, 63.9, 125, 64.56, 87.89, , , , , 
1/31/2020 8:34:06 AM, 3276.25, 9188.75, 1641.3, 327.68, 222.6, 163.93, 323.87, 172.78, 245.81, 98.02, 30.6, 63.9, 125, 64.56, 87.89, , , , , 
1/31/2020 8:34:09 AM, 3276.5, 9189.75, 1641.4, 327.68, 222.6, 163.93, 323.87, 172.78, 245.81, 98.02, 30.6, 63.9, 125, 64.56, 87.89, , , , , 
1/31/2020 8:34:12 AM, 3276.5, 9189.75, 1641.4, 327.68, 222.6, 163.93, 323.87, 172.78, 245.81, 98.02, 30.6, 63.9, 125, 64.56, 87.89, , , , , 
1/31/2020 8:34:15 AM, 3276.25, 9188.5, 1641.4, 327.68, 222.6, 163.93, 323.87, 172.78, 245.81, 98.02, 30.6, 63.9, 125, 64.56, 87.89, , , , , 
1/31/2020 8:34:18 AM, 3276.25, 9188.75, 1641.3, 327.68, 222.6, 163.93, 323.87, 172.78, 245.81, 98.02, 30.6, 63.9, 125, 64.56, 87.89, , , , , 
1/31/2020 8:34:21 AM, 3276.25, 9188.25, 1641.3, 327.68, 222.6, 163.93, 323.87, 172.78, 245.81, 98.02, 30.6, 63.9, 125, 64.56, 87.89, , , , , 
1/31/2020 8:34:24 AM, 3276.25, 9188.25, 1641.3, 327.68, 222.6, 163.93, 323.87, 172.78, 245.81, 98.02, 30.6, 63.9, 125, 64.56, 87.89, , , , , 
1/31/2020 8:34:27 AM, 3276.25, 9188.5, 1641.3, 327.68, 222.6, 163.93, 323.87, 172.78, 245.81, 98.02, 30.6, 63.9, 125, 64.56, 87.89, , , , , 
1/31/2020 8:34:30 AM, 3276, 9188, 1641.3, 327.68, 222.6, 163.93, 323.87, 172.78, 245.81, 98.02, 30.6, 63.9, 125, 64.56, 87.89, , , , , 
1/31/2020 8:34:33 AM, 3276.25, 9188.5, 1641.3, 327.68, 222.6, 163.93, 323.87, 172.78, 245.81, 98.02, 30.6, 63.9, 125, 64.56, 87.89, , , , , 
1/31/2020 8:34:36 AM, 3276.25, 9188.25, 1641.2, 327.68, 222.6, 163.93, 323.87, 172.78, 245.81, 98.02, 30.6, 63.9, 125, 64.56, 87.89, , , , , 
1/31/2020 8:34:39 AM, 3276.25, 9188.25, 1641.2, 327.68, 222.6, 163.93, 323.87, 172.78, 245.81, 98.02, 30.6, 63.9, 125, 64.56, 87.89, , , , , 
1/31/2020 8:34:42 AM, 3276, 9187, 1641.2, 327.68, 222.6, 163.93, 323.87, 172.78, 245.81, 98.02, 30.6, 63.9, 125, 64.56, 87.89, , , , , 
1/31/2020 8:34:45 AM, 3276, 9187.75, 1641.2, 327.68, 222.6, 163.93, 323.87, 172.78, 245.81, 98.02, 30.6, 63.9, 125, 64.56, 87.89, , , , , 
1/31/2020 8:34:48 AM, 3276.25, 9187.75, 1641.2, 327.68, 222.6, 163.93, 323.87, 172.78, 245.81, 98.02, 30.6, 63.9, 125, 64.56, 87.89, , , , , 
1/31/2020 8:34:51 AM, 3276, 9187, 1641.2, 327.68, 222.6, 163.93, 323.87, 172.78, 245.81, 98.02, 30.6, 63.9, 125, 64.56, 87.89, , , , , 
1/31/2020 8:34:54 AM, 3276, 9187, 1641.2, 327.68, 222.6, 163.93, 323.87, 172.78, 245.81, 98.02, 30.6, 63.9, 125, 64.56, 87.89, , , , , 
1/31/2020 8:34:57 AM, 3276, 9186.75, 1641.2, 327.68, 222.6, 163.93, 323.87, 172.78, 245.81, 98.02, 30.6, 63.9, 125, 64.56, 87.89, , , , , 
1/31/2020 8:35:00 AM, 3276, 9186.75, 1641.2, 327.68, 222.6, 163.93, 323.87, 172.78, 245.81, 98.02, 30.6, 63.9, 125, 64.56, 87.89, , , , , 
1/31/2020 8:35:03 AM, 3276, 9187, 1641.2, 327.68, 222.6, 163.93, 323.87, 172.78, 245.81, 98.02, 30.6, 63.9, 125, 64.56, 87.89, , , , , 
1/31/2020 8:35:06 AM, 3276, 9187, 1641.2, 327.68, 222.6, 163.93, 323.87, 172.78, 245.81, 98.02, 30.6, 63.9, 125, 64.56, 87.89, , , , , 
1/31/2020 8:35:09 AM, 3275.75, 9187, 1641.2, 327.68, 222.6, 163.93, 323.87, 172.78, 245.81, 98.02, 30.6, 63.9, 125, 64.56, 87.89, , , , , 
1/31/2020 8:35:12 AM, 3276.25, 9187.75, 1641.3, 327.68, 222.6, 163.93, 323.87, 172.78, 245.81, 98.02, 30.6, 63.9, 125, 64.56, 87.89, , , , , 
1/31/2020 8:35:15 AM, 3276.25, 9187.5, 1641.3, 327.68, 222.6, 163.93, 323.87, 172.78, 245.81, 98.02, 30.6, 63.9, 125, 64.56, 87.89, , , , , 
1/31/2020 8:35:18 AM, 3276.25, 9187.25, 1641.3, 327.68, 222.6, 163.93, 323.87, 172.78, 245.81, 98.02, 30.6, 63.9, 125, 64.56, 87.89, , , , , 
1/31/2020 8:35:21 AM, 3276, 9187.25, 1641.3, 327.68, 222.6, 163.93, 323.87, 172.78, 245.81, 98.02, 30.6, 63.9, 125, 64.56, 87.89, , , , , 
1/31/2020 8:35:24 AM, 3276.75, 9188.75, 1641.4, 327.68, 222.6, 163.93, 323.87, 172.78, 245.81, 98.02, 30.6, 63.9, 125, 64.56, 87.89, , , , , 
1/31/2020 8:35:27 AM, 3276.5, 9188.75, 1641.4, 327.68, 222.6, 163.93, 323.87, 172.78, 245.81, 98.02, 30.6, 63.9, 125, 64.56, 87.89, , , , , 
1/31/2020 8:35:30 AM, 3277, 9189.75, 1641.5, 327.68, 222.6, 163.93, 323.87, 172.78, 245.81, 98.02, 30.6, 63.9, 125, 64.56, 87.89, , , , , 
1/31/2020 8:35:33 AM, 3277, 9190.25, 1641.6, 327.68, 222.6, 163.93, 323.87, 172.78, 245.81, 98.02, 30.6, 63.9, 125, 64.56, 87.89, , , , , 
1/31/2020 8:35:36 AM, 3277.25, 9190.75, 1641.8, 327.68, 222.6, 163.93, 323.87, 172.78, 245.81, 98.02, 30.6, 63.9, 125, 64.56, 87.89, , , , , 
1/31/2020 8:35:39 AM, 3277.25, 9190.25, 1641.8, 327.68, 222.6, 163.93, 323.87, 172.78, 245.81, 98.02, 30.6, 63.9, 125, 64.56, 87.89, , , , , 
1/31/2020 8:35:42 AM, 3277, 9190.75, 1641.6, 327.68, 222.6, 163.93, 323.87, 172.78, 245.81, 98.02, 30.6, 63.9, 125, 64.56, 87.89, , , , , 
1/31/2020 8:35:45 AM, 3277.25, 9191.5, 1641.7, 327.68, 222.6, 163.93, 323.87, 172.78, 245.81, 98.02, 30.6, 63.9, 125, 64.56, 87.89, , , , , 
1/31/2020 8:35:48 AM, 3277.25, 9191, 1641.8, 327.68, 222.6, 163.93, 323.87, 172.78, 245.81, 98.02, 30.6, 63.9, 125, 64.56, 87.89, , , , , 
1/31/2020 8:35:51 AM, 3277.25, 9191, 1641.8, 327.68, 222.6, 163.93, 323.87, 172.78, 245.81, 98.02, 30.6, 63.9, 125, 64.56, 87.89, , , , , 
1/31/2020 8:35:54 AM, 3277.25, 9191, 1641.8, 327.68, 222.6, 163.93, 323.87, 172.78, 245.81, 98.02, 30.6, 63.9, 125, 64.56, 87.89, , , , , 
1/31/2020 8:35:57 AM, 3277.5, 9191.75, 1641.8, 327.68, 222.6, 163.93, 323.87, 172.78, 245.81, 98.02, 30.6, 63.9, 125, 64.56, 87.89, , , , , 
1/31/2020 8:36:00 AM, 3277.5, 9192.25, 1641.8, 327.68, 222.6, 163.93, 323.87, 172.78, 245.81, 98.02, 30.6, 63.9, 125, 64.56, 87.89, , , , , 
1/31/2020 8:36:03 AM, 3277.5, 9192.25, 1641.8, 327.68, 222.6, 163.93, 323.87, 172.78, 245.81, 98.02, 30.6, 63.9, 125, 64.56, 87.89, , , , , 
1/31/2020 8:36:06 AM, 3277.5, 9192.25, 1642, 327.68, 222.6, 163.93, 323.87, 172.78, 245.81, 98.02, 30.6, 63.9, 125, 64.56, 87.89, , , , , 
1/31/2020 8:36:09 AM, 3277.25, 9192.5, 1641.8, 327.68, 222.6, 163.93, 323.87, 172.78, 245.81, 98.02, 30.6, 63.9, 125, 64.56, 87.89, , , , , 
1/31/2020 8:36:12 AM, 3277.5, 9192.75, 1642.1, 327.68, 222.6, 163.93, 323.87, 172.78, 245.81, 98.02, 30.6, 63.9, 125, 64.56, 87.89, , , , , 
1/31/2020 8:36:15 AM, 3277.5, 9192.25, 1642, 327.68, 222.6, 163.93, 323.87, 172.78, 245.81, 98.02, 30.6, 63.9, 125, 64.56, 87.89, , , , , 
1/31/2020 8:36:18 AM, 3277.5, 9192, 1642.1, 327.68, 222.6, 163.93, 323.87, 172.78, 245.81, 98.02, 30.6, 63.9, 125, 64.56, 87.89, , , , , 
1/31/2020 8:36:22 AM, 3277.25, 9191.5, 1641.9, 327.68, 222.6, 163.93, 323.87, 172.78, 245.81, 98.02, 30.6, 63.9, 125, 64.56, 87.89, , , , , 
1/31/2020 8:36:25 AM, 3276.75, 9190.25, 1641.8, 327.68, 222.6, 163.93, 323.87, 172.78, 245.81, 98.02, 30.6, 63.9, 125, 64.56, 87.89, , , , , 
1/31/2020 8:36:28 AM, 3276.75, 9189.75, 1641.8, 327.68, 222.6, 163.93, 323.87, 172.78, 245.81, 98.02, 30.6, 63.9, 125, 64.56, 87.89, , , , , 
1/31/2020 8:36:31 AM, 3276.75, 9189.5, 1641.8, 327.68, 222.6, 163.93, 323.87, 172.78, 245.81, 98.02, 30.6, 63.9, 125, 64.56, 87.89, , , , , 
1/31/2020 8:36:34 AM, 3276.75, 9190.5, 1641.8, 327.68, 222.6, 163.93, 323.87, 172.78, 245.81, 98.02, 30.6, 63.9, 125, 64.56, 87.89, , , , , 
1/31/2020 8:36:37 AM, 3277, 9190.5, 1642, 327.68, 222.6, 163.93, 323.87, 172.78, 245.81, 98.02, 30.6, 63.9, 125, 64.56, 87.89, , , , , 
1/31/2020 8:36:40 AM, 3277, 9190.5, 1641.9, 327.68, 222.6, 163.93, 323.87, 172.78, 245.81, 98.02, 30.6, 63.9, 125, 64.56, 87.89, , , , , 
1/31/2020 8:36:43 AM, 3277, 9190, 1641.9, 327.68, 222.6, 163.93, 323.87, 172.78, 245.81, 98.02, 30.6, 63.9, 125, 64.56, 87.89, , , , , 
1/31/2020 8:36:46 AM, 3276.75, 9189.75, 1641.9, 327.68, 222.6, 163.93, 323.87, 172.78, 245.81, 98.02, 30.6, 63.9, 125, 64.56, 87.89, , , , , 
1/31/2020 8:36:49 AM, 3276.75, 9189.5, 1641.9, 327.68, 222.6, 163.93, 323.87, 172.78, 245.81, 98.02, 30.6, 63.9, 125, 64.56, 87.89, , , , , 
1/31/2020 8:36:52 AM, 3276.75, 9189.25, 1641.7, 327.68, 222.6, 163.93, 323.87, 172.78, 245.81, 98.02, 30.6, 63.9, 125, 64.56, 87.89, , , , , 
1/31/2020 8:36:55 AM, 3276.5, 9189, 1641.9, 327.68, 222.6, 163.93, 323.87, 172.78, 245.81, 98.02, 30.6, 63.9, 125, 64.56, 87.89, , , , , 
1/31/2020 8:36:58 AM, 3276.75, 9188.5, 1641.9, 327.68, 222.6, 163.93, 323.87, 172.78, 245.81, 98.02, 30.6, 63.9, 125, 64.56, 87.89, , , , , 
1/31/2020 8:37:01 AM, 3276.75, 9189, 1641.8, 327.68, 222.6, 163.93, 323.87, 172.78, 245.81, 98.02, 30.6, 63.9, 125, 64.56, 87.89, , , , , 
1/31/2020 8:37:04 AM, 3276.75, 9189.75, 1641.9, 327.68, 222.6, 163.93, 323.87, 172.78, 245.81, 98.02, 30.6, 63.9, 125, 64.56, 87.89, , , , , 
1/31/2020 8:37:07 AM, 3276.75, 9189.25, 1641.9, 327.68, 222.6, 163.93, 323.87, 172.78, 245.81, 98.02, 30.6, 63.9, 125, 64.56, 87.89, , , , , 
1/31/2020 8:37:10 AM, 3276.75, 9189.5, 1641.9, 327.68, 222.6, 163.93, 323.87, 172.78, 245.81, 98.02, 30.6, 63.9, 125, 64.56, 87.89, , , , , 
1/31/2020 8:37:13 AM, 3276.75, 9189.5, 1641.9, 327.68, 222.6, 163.93, 323.87, 172.78, 245.81, 98.02, 30.6, 63.9, 125, 64.56, 87.89, , , , , 
1/31/2020 8:37:16 AM, 3277, 9190, 1641.9, 327.68, 222.6, 163.93, 323.87, 172.78, 245.81, 98.02, 30.6, 63.9, 125, 64.56, 87.89, , , , , 
1/31/2020 8:37:19 AM, 3277, 9190, 1641.9, 327.68, 222.6, 163.93, 323.87, 172.78, 245.81, 98.02, 30.6, 63.9, 125, 64.56, 87.89, , , , , 
1/31/2020 8:37:22 AM, 3276.5, 9189, 1641.9, 327.68, 222.6, 163.93, 323.87, 172.78, 245.81, 98.02, 30.6, 63.9, 125, 64.56, 87.89, , , , , 
1/31/2020 8:37:25 AM, 3276.5, 9189, 1641.9, 327.68, 222.6, 163.93, 323.87, 172.78, 245.81, 98.02, 30.6, 63.9, 125, 64.56, 87.89, , , , , 
1/31/2020 8:37:28 AM, 3276.5, 9189, 1641.9, 327.68, 222.6, 163.93, 323.87, 172.78, 245.81, 98.02, 30.6, 63.9, 125, 64.56, 87.89, , , , , 
1/31/2020 8:37:31 AM, 3276.5, 9189, 1641.9, 327.68, 222.6, 163.93, 323.87, 172.78, 245.81, 98.02, 30.6, 63.9, 125, 64.56, 87.89, , , , , 
1/31/2020 8:37:34 AM, 3276.75, 9188.75, 1641.8, 327.68, 222.6, 163.93, 323.87, 172.78, 245.81, 98.02, 30.6, 63.9, 125, 64.56, 87.89, , , , , 
1/31/2020 8:37:37 AM, 3276.75, 9188.75, 1641.8, 327.68, 222.6, 163.93, 323.87, 172.78, 245.81, 98.02, 30.6, 63.9, 125, 64.56, 87.89, , , , , 
1/31/2020 8:37:40 AM, 3276.25, 9188.25, 1641.7, 327.68, 222.6, 163.93, 323.87, 172.78, 245.81, 98.02, 30.6, 63.9, 125, 64.56, 87.89, , , , , 
1/31/2020 8:37:43 AM, 3276.25, 9188.25, 1641.7, 327.68, 222.6, 163.93, 323.87, 172.78, 245.81, 98.02, 30.6, 63.9, 125, 64.56, 87.89, , , , , 
1/31/2020 8:37:46 AM, 3276.25, 9188.25, 1641.7, 327.68, 222.6, 163.93, 323.87, 172.78, 245.81, 98.02, 30.6, 63.9, 125, 64.56, 87.89, , , , , 
1/31/2020 8:37:49 AM, 3276.25, 9188.25, 1641.7, 327.68, 222.6, 163.93, 323.87, 172.78, 245.81, 98.02, 30.6, 63.9, 125, 64.56, 87.89, , , , , 
1/31/2020 8:37:52 AM, 3276, 9187.25, 1641.5, 327.68, 222.6, 163.93, 323.87, 172.78, 245.81, 98.02, 30.6, 63.9, 125, 64.56, 87.89, , , , , 
1/31/2020 8:37:55 AM, 3276, 9187.25, 1641.5, 327.68, 222.6, 163.93, 323.87, 172.78, 245.81, 98.02, 30.6, 63.9, 125, 64.56, 87.89, , , , , 
1/31/2020 8:37:58 AM, 3276, 9188, 1641.7, 327.68, 222.6, 163.93, 323.87, 172.78, 245.81, 98.02, 30.6, 63.9, 125, 64.56, 87.89, , , , , 
1/31/2020 8:38:01 AM, 3276, 9188, 1641.7, 327.68, 222.6, 163.93, 323.87, 172.78, 245.81, 98.02, 30.6, 63.9, 125, 64.56, 87.89, , , , , 
1/31/2020 8:38:04 AM, 3276.25, 9188, 1641.7, 327.68, 222.6, 163.93, 323.87, 172.78, 245.81, 98.02, 30.6, 63.9, 125, 64.56, 87.89, , , , , 
1/31/2020 8:38:07 AM, 3276.25, 9188, 1641.7, 327.68, 222.6, 163.93, 323.87, 172.78, 245.81, 98.02, 30.6, 63.9, 125, 64.56, 87.89, , , , , 
1/31/2020 8:38:10 AM, 3276, 9187.5, 1641.7, 327.68, 222.6, 163.93, 323.87, 172.78, 245.81, 98.02, 30.6, 63.9, 125, 64.56, 87.89, , , , , 
1/31/2020 8:38:13 AM, 3276, 9187.5, 1641.7, 327.68, 222.6, 163.93, 323.87, 172.78, 245.81, 98.02, 30.6, 63.9, 125, 64.56, 87.89, , , , , 
1/31/2020 8:38:16 AM, 3276, 9187.5, 1641.7, 327.68, 222.6, 163.93, 323.87, 172.78, 245.81, 98.02, 30.6, 63.9, 125, 64.56, 87.89, , , , , 
1/31/2020 8:38:19 AM, 3276, 9187.5, 1641.7, 327.68, 222.6, 163.93, 323.87, 172.78, 245.81, 98.02, 30.6, 63.9, 125, 64.56, 87.89, , , , , 
1/31/2020 8:38:22 AM, 3275.75, 9186.75, 1641.7, 327.68, 222.6, 163.93, 323.87, 172.78, 245.81, 98.02, 30.6, 63.9, 125, 64.56, 87.89, , , , , 
1/31/2020 8:38:25 AM, 3275.75, 9186.75, 1641.7, 327.68, 222.6, 163.93, 323.87, 172.78, 245.81, 98.02, 30.6, 63.9, 125, 64.56, 87.89, , , , , 
1/31/2020 8:38:28 AM, 3275.5, 9186, 1641.5, 327.68, 222.6, 163.93, 323.87, 172.78, 245.81, 98.02, 30.6, 63.9, 125, 64.56, 87.89, , , , , 
1/31/2020 8:38:31 AM, 3275.5, 9186, 1641.5, 327.68, 222.6, 163.93, 323.87, 172.78, 245.81, 98.02, 30.6, 63.9, 125, 64.56, 87.89, , , , , 
1/31/2020 8:38:34 AM, 3275.5, 9186.75, 1641.4, 327.68, 222.6, 163.93, 323.87, 172.78, 245.81, 98.02, 30.6, 63.9, 125, 64.56, 87.89, , , , , 
1/31/2020 8:38:37 AM, 3275.5, 9186.75, 1641.4, 327.68, 222.6, 163.93, 323.87, 172.78, 245.81, 98.02, 30.6, 63.9, 125, 64.56, 87.89, , , , , 
1/31/2020 8:38:40 AM, 3275, 9184.5, 1641.4, 327.68, 222.6, 163.93, 323.87, 172.78, 245.81, 98.02, 30.6, 63.9, 125, 64.56, 87.89, , , , , 
1/31/2020 8:38:43 AM, 3275, 9184.5, 1641.4, 327.68, 222.6, 163.93, 323.87, 172.78, 245.81, 98.02, 30.6, 63.9, 125, 64.56, 87.89, , , , , 
1/31/2020 8:38:46 AM, 3275, 9184.75, 1641.1, 327.68, 222.6, 163.93, 323.87, 172.78, 245.81, 98.02, 30.6, 63.9, 125, 64.56, 87.89, , , , , 
1/31/2020 8:38:49 AM, 3275, 9184.75, 1641.1, 327.68, 222.6, 163.93, 323.87, 172.78, 245.81, 98.02, 30.6, 63.9, 125, 64.56, 87.89, , , , , 
1/31/2020 8:38:53 AM, 3275.25, 9184.75, 1641.2, 327.68, 222.6, 163.93, 323.87, 172.78, 245.81, 98.02, 30.6, 63.9, 125, 64.56, 87.89, , , , , 
1/31/2020 8:38:56 AM, 3275.25, 9184.75, 1641.2, 327.68, 222.6, 163.93, 323.87, 172.78, 245.81, 98.02, 30.6, 63.9, 125, 64.56, 87.89, , , , , 
1/31/2020 8:38:59 AM, 3274.75, 9182.5, 1641, 327.68, 222.6, 163.93, 323.87, 172.78, 245.81, 98.02, 30.6, 63.9, 125, 64.56, 87.89, , , , , 
1/31/2020 8:39:02 AM, 3274.75, 9182.5, 1641, 327.68, 222.6, 163.93, 323.87, 172.78, 245.81, 98.02, 30.6, 63.9, 125, 64.56, 87.89, , , , , 
1/31/2020 8:39:05 AM, 3274.25, 9180.5, 1640.6, 327.68, 222.6, 163.93, 323.87, 172.78, 245.81, 98.02, 30.6, 63.9, 125, 64.56, 87.89, , , , , 
1/31/2020 8:39:08 AM, 3274.25, 9180.5, 1640.6, 327.68, 222.6, 163.93, 323.87, 172.78, 245.81, 98.02, 30.6, 63.9, 125, 64.56, 87.89, , , , , 
1/31/2020 8:39:11 AM, 3274.25, 9181, 1640.6, 327.68, 222.6, 163.93, 323.87, 172.78, 245.81, 98.02, 30.6, 63.9, 125, 64.56, 87.89, , , , , 
1/31/2020 8:39:14 AM, 3274.25, 9181, 1640.6, 327.68, 222.6, 163.93, 323.87, 172.78, 245.81, 98.02, 30.6, 63.9, 125, 64.56, 87.89, , , , , 
1/31/2020 8:39:17 AM, 3274.25, 9180.5, 1640.6, 327.68, 222.6, 163.93, 323.87, 172.78, 245.81, 98.02, 30.6, 63.9, 125, 64.56, 87.89, , , , , 
1/31/2020 8:39:20 AM, 3274.25, 9180.5, 1640.6, 327.68, 222.6, 163.93, 323.87, 172.78, 245.81, 98.02, 30.6, 63.9, 125, 64.56, 87.89, , , , , 
1/31/2020 8:39:23 AM, 3274.25, 9180, 1640.5, 327.68, 222.6, 163.93, 323.87, 172.78, 245.81, 98.02, 30.6, 63.9, 125, 64.56, 87.89, , , , , 
1/31/2020 8:39:26 AM, 3274.25, 9180, 1640.5, 327.68, 222.6, 163.93, 323.87, 172.78, 245.81, 98.02, 30.6, 63.9, 125, 64.56, 87.89, , , , , 
1/31/2020 8:39:29 AM, 3274, 9179.5, 1640.3, 327.68, 222.6, 163.93, 323.87, 172.78, 245.81, 98.02, 30.6, 63.9, 125, 64.56, 87.89, , , , , 
1/31/2020 8:39:32 AM, 3274, 9179.5, 1640.3, 327.68, 222.6, 163.93, 323.87, 172.78, 245.81, 98.02, 30.6, 63.9, 125, 64.56, 87.89, , , , , 
1/31/2020 8:39:35 AM, 3273.75, 9180.25, 1640.3, 327.68, 222.6, 163.93, 323.87, 172.78, 245.81, 98.02, 30.6, 63.9, 125, 64.56, 87.89, , , , , 
1/31/2020 8:39:38 AM, 3274, 9180.75, 1640.3, 327.68, 222.6, 163.93, 323.87, 172.78, 245.81, 98.02, 30.6, 63.9, 125, 64.56, 87.89, , , , , 
1/31/2020 8:39:41 AM, 3274, 9179.5, 1640.4, 327.68, 222.6, 163.93, 323.87, 172.78, 245.81, 98.02, 30.6, 63.9, 125, 64.56, 87.89, , , , , 
1/31/2020 8:39:44 AM, 3273.75, 9180.25, 1640.3, 327.68, 222.6, 163.93, 323.87, 172.78, 245.81, 98.02, 30.6, 63.9, 125, 64.56, 87.89, , , , , 
1/31/2020 8:39:47 AM, 3273.75, 9179.5, 1640.2, 327.68, 222.6, 163.93, 323.87, 172.78, 245.81, 98.02, 30.6, 63.9, 125, 64.56, 87.89, , , , , 
1/31/2020 8:39:50 AM, 3273.5, 9179.5, 1640.2, 327.68, 222.6, 163.93, 323.87, 172.78, 245.81, 98.02, 30.6, 63.9, 125, 64.56, 87.89, , , , , 
1/31/2020 8:39:53 AM, 3273.75, 9179.5, 1640.2, 327.68, 222.6, 163.93, 323.87, 172.78, 245.81, 98.02, 30.6, 63.9, 125, 64.56, 87.89, , , , , 
1/31/2020 8:39:56 AM, 3273.75, 9180, 1640.2, 327.68, 222.6, 163.93, 323.87, 172.78, 245.81, 98.02, 30.6, 63.9, 125, 64.56, 87.89, , , , , 
1/31/2020 8:39:59 AM, 3273.25, 9178.25, 1640, 327.68, 222.6, 163.93, 323.87, 172.78, 245.81, 98.02, 30.6, 63.9, 125, 64.56, 87.89, , , , , 
1/31/2020 8:40:02 AM, 3273.25, 9177.75, 1640, 327.68, 222.6, 163.93, 323.87, 172.78, 245.81, 98.02, 30.6, 63.9, 125, 64.56, 87.89, , , , , 
1/31/2020 8:40:05 AM, 3273.5, 9177.75, 1640, 327.68, 222.6, 163.93, 323.87, 172.78, 245.81, 98.02, 30.6, 63.9, 125, 64.56, 87.89, , , , , 
1/31/2020 8:40:08 AM, 3273.25, 9176.75, 1640, 327.68, 222.6, 163.93, 323.87, 172.78, 245.81, 98.02, 30.6, 63.9, 125, 64.56, 87.89, , , , , 
1/31/2020 8:40:11 AM, 3273.25, 9176.5, 1640, 327.68, 222.6, 163.93, 323.87, 172.78, 245.81, 98.02, 30.6, 63.9, 125, 64.56, 87.89, , , , , 
1/31/2020 8:40:14 AM, 3273.25, 9177.25, 1640, 327.68, 222.6, 163.93, 323.87, 172.78, 245.81, 98.02, 30.6, 63.9, 125, 64.56, 87.89, , , , , 
1/31/2020 8:40:17 AM, 3273, 9176.5, 1640, 327.68, 222.6, 163.93, 323.87, 172.78, 245.81, 98.02, 30.6, 63.9, 125, 64.56, 87.89, , , , , 
1/31/2020 8:40:20 AM, 3272.75, 9176, 1639.7, 327.68, 222.6, 163.93, 323.87, 172.78, 245.81, 98.02, 30.6, 63.9, 125, 64.56, 87.89, , , , , 
1/31/2020 8:40:23 AM, 3272.75, 9176, 1639.9, 327.68, 222.6, 163.93, 323.87, 172.78, 245.81, 98.02, 30.6, 63.9, 125, 64.56, 87.89, , , , , 
1/31/2020 8:40:26 AM, 3272.75, 9174.75, 1639.8, 327.68, 222.6, 163.93, 323.87, 172.78, 245.81, 98.02, 30.6, 63.9, 125, 64.56, 87.89, , , , , 
1/31/2020 8:40:29 AM, 3273.25, 9177, 1639.9, 327.68, 222.6, 163.93, 323.87, 172.78, 245.81, 98.02, 30.6, 63.9, 125, 64.56, 87.89, , , , , 
1/31/2020 8:40:32 AM, 3273, 9177, 1640, 327.68, 222.6, 163.93, 323.87, 172.78, 245.81, 98.02, 30.6, 63.9, 125, 64.56, 87.89, , , , , 
1/31/2020 8:40:35 AM, 3273, 9177.5, 1640, 327.68, 222.6, 163.93, 323.87, 172.78, 245.81, 98.02, 30.6, 63.9, 125, 64.56, 87.89, , , , , 
1/31/2020 8:40:38 AM, 3273.25, 9178, 1640.2, 327.68, 222.6, 163.93, 323.87, 172.78, 245.81, 98.02, 30.6, 63.9, 125, 64.56, 87.89, , , , , 
1/31/2020 8:40:41 AM, 3273, 9177.75, 1640.2, 327.68, 222.6, 163.93, 323.87, 172.78, 245.81, 98.02, 30.6, 63.9, 125, 64.56, 87.89, , , , , 
1/31/2020 8:40:44 AM, 3273.25, 9178.75, 1640.2, 327.68, 222.6, 163.93, 323.87, 172.78, 245.81, 98.02, 30.6, 63.9, 125, 64.56, 87.89, , , , , 
1/31/2020 8:40:47 AM, 3273.5, 9178.75, 1640.2, 327.68, 222.6, 163.93, 323.87, 172.78, 245.81, 98.02, 30.6, 63.9, 125, 64.56, 87.89, , , , , 
1/31/2020 8:40:50 AM, 3273.25, 9177.75, 1640.2, 327.68, 222.6, 163.93, 323.87, 172.78, 245.81, 98.02, 30.6, 63.9, 125, 64.56, 87.89, , , , , 
1/31/2020 8:40:53 AM, 3273.25, 9178.25, 1640.2, 327.68, 222.6, 163.93, 323.87, 172.78, 245.81, 98.02, 30.6, 63.9, 125, 64.56, 87.89, , , , , 
1/31/2020 8:40:56 AM, 3273.25, 9178.75, 1640.2, 327.68, 222.6, 163.93, 323.87, 172.78, 245.81, 98.02, 30.6, 63.9, 125, 64.56, 87.89, , , , , 
1/31/2020 8:40:59 AM, 3273, 9177, 1640.2, 327.68, 222.6, 163.93, 323.87, 172.78, 245.81, 98.02, 30.6, 63.9, 125, 64.56, 87.89, , , , , 
1/31/2020 8:41:02 AM, 3272.75, 9177.5, 1640.2, 327.68, 222.6, 163.93, 323.87, 172.78, 245.81, 98.02, 30.6, 63.9, 125, 64.56, 87.89, , , , , 
1/31/2020 8:41:05 AM, 3272.5, 9176, 1639.9, 327.68, 222.6, 163.93, 323.87, 172.78, 245.81, 98.02, 30.6, 63.9, 125, 64.56, 87.89, , , , , 
1/31/2020 8:41:08 AM, 3272.75, 9175.75, 1639.9, 327.68, 222.6, 163.93, 323.87, 172.78, 245.81, 98.02, 30.6, 63.9, 125, 64.56, 87.89, , , , , 
1/31/2020 8:41:11 AM, 3272.5, 9176, 1639.9, 327.68, 222.6, 163.93, 323.87, 172.78, 245.81, 98.02, 30.6, 63.9, 125, 64.56, 87.89, , , , , 
1/31/2020 8:41:14 AM, 3273, 9176.75, 1639.9, 327.68, 222.6, 163.93, 323.87, 172.78, 245.81, 98.02, 30.6, 63.9, 125, 64.56, 87.89, , , , , 
1/31/2020 8:41:17 AM, 3273, 9177, 1640, 327.68, 222.6, 163.93, 323.87, 172.78, 245.81, 98.02, 30.6, 63.9, 125, 64.56, 87.89, , , , , 
1/31/2020 8:41:20 AM, 3273, 9177.25, 1640, 327.68, 222.6, 163.93, 323.87, 172.78, 245.81, 98.02, 30.6, 63.9, 125, 64.56, 87.89, , , , , 
1/31/2020 8:41:24 AM, 3272.75, 9177.25, 1640.1, 327.68, 222.6, 163.93, 323.87, 172.78, 245.81, 98.02, 30.6, 63.9, 125, 64.56, 87.89, , , , , 
1/31/2020 8:41:27 AM, 3272.75, 9177.25, 1640.1, 327.68, 222.6, 163.93, 323.87, 172.78, 245.81, 98.02, 30.6, 63.9, 125, 64.56, 87.89, , , , , 
1/31/2020 8:41:30 AM, 3273, 9178.5, 1640.1, 327.68, 222.6, 163.93, 323.87, 172.78, 245.81, 98.02, 30.6, 63.9, 125, 64.56, 87.89, , , , , 
1/31/2020 8:41:33 AM, 3273, 9177.5, 1640.1, 327.68, 222.6, 163.93, 323.87, 172.78, 245.81, 98.02, 30.6, 63.9, 125, 64.56, 87.89, , , , , 
1/31/2020 8:41:36 AM, 3273, 9177.75, 1640.1, 327.68, 222.6, 163.93, 323.87, 172.78, 245.81, 98.02, 30.6, 63.9, 125, 64.56, 87.89, , , , , 
1/31/2020 8:41:39 AM, 3273, 9178, 1640.1, 327.68, 222.6, 163.93, 323.87, 172.78, 245.81, 98.02, 30.6, 63.9, 125, 64.56, 87.89, , , , , 
1/31/2020 8:41:42 AM, 3273, 9178.25, 1640.3, 327.68, 222.6, 163.93, 323.87, 172.78, 245.81, 98.02, 30.6, 63.9, 125, 64.56, 87.89, , , , , 
1/31/2020 8:41:45 AM, 3273, 9178, 1640.2, 327.68, 222.6, 163.93, 323.87, 172.78, 245.81, 98.02, 30.6, 63.9, 125, 64.56, 87.89, , , , , 
1/31/2020 8:41:48 AM, 3273.25, 9178, 1640.2, 327.68, 222.6, 163.93, 323.87, 172.78, 245.81, 98.02, 30.6, 63.9, 125, 64.56, 87.89, , , , , 
1/31/2020 8:41:51 AM, 3273.25, 9177.75, 1640.2, 327.68, 222.6, 163.93, 323.87, 172.78, 245.81, 98.02, 30.6, 63.9, 125, 64.56, 87.89, , , , , 
1/31/2020 8:41:54 AM, 3273, 9178, 1640.2, 327.68, 222.6, 163.93, 323.87, 172.78, 245.81, 98.02, 30.6, 63.9, 125, 64.56, 87.89, , , , , 
1/31/2020 8:41:57 AM, 3273.25, 9177.75, 1640.2, 327.68, 222.6, 163.93, 323.87, 172.78, 245.81, 98.02, 30.6, 63.9, 125, 64.56, 87.89, , , , , 
1/31/2020 8:42:00 AM, 3273.25, 9178.5, 1640.3, 327.68, 222.6, 163.93, 323.87, 172.78, 245.81, 98.02, 30.6, 63.9, 125, 64.56, 87.89, , , , , 
1/31/2020 8:42:03 AM, 3273.5, 9178.25, 1640.3, 327.68, 222.6, 163.93, 323.87, 172.78, 245.81, 98.02, 30.6, 63.9, 125, 64.56, 87.89, , , , , 
1/31/2020 8:42:06 AM, 3273.5, 9178.75, 1640.4, 327.68, 222.6, 163.93, 323.87, 172.78, 245.81, 98.02, 30.6, 63.9, 125, 64.56, 87.89, , , , , 
1/31/2020 8:42:09 AM, 3273.5, 9180, 1640.4, 327.68, 222.6, 163.93, 323.87, 172.78, 245.81, 98.02, 30.6, 63.9, 125, 64.56, 87.89, , , , , 
1/31/2020 8:42:12 AM, 3273.75, 9180, 1640.6, 327.68, 222.6, 163.93, 323.87, 172.78, 245.81, 98.02, 30.6, 63.9, 125, 64.56, 87.89, , , , , 
1/31/2020 8:42:15 AM, 3273.75, 9180.5, 1640.6, 327.68, 222.6, 163.93, 323.87, 172.78, 245.81, 98.02, 30.6, 63.9, 125, 64.56, 87.89, , , , , 
1/31/2020 8:42:18 AM, 3273.75, 9180.5, 1640.6, 327.68, 222.6, 163.93, 323.87, 172.78, 245.81, 98.02, 30.6, 63.9, 125, 64.56, 87.89, , , , , 
1/31/2020 8:42:21 AM, 3273.75, 9180.75, 1640.5, 327.68, 222.6, 163.93, 323.87, 172.78, 245.81, 98.02, 30.6, 63.9, 125, 64.56, 87.89, , , , , 
1/31/2020 8:42:24 AM, 3273.75, 9181.5, 1640.5, 327.68, 222.6, 163.93, 323.87, 172.78, 245.81, 98.02, 30.6, 63.9, 125, 64.56, 87.89, , , , , 
1/31/2020 8:42:27 AM, 3273.75, 9181.25, 1640.5, 327.68, 222.6, 163.93, 323.87, 172.78, 245.81, 98.02, 30.6, 63.9, 125, 64.56, 87.89, , , , , 
1/31/2020 8:42:30 AM, 3274, 9181.25, 1640.5, 327.68, 222.6, 163.93, 323.87, 172.78, 245.81, 98.02, 30.6, 63.9, 125, 64.56, 87.89, , , , , 
1/31/2020 8:42:33 AM, 3274, 9181.25, 1640.5, 327.68, 222.6, 163.93, 323.87, 172.78, 245.81, 98.02, 30.6, 63.9, 125, 64.56, 87.89, , , , , 
1/31/2020 8:42:36 AM, 3273.75, 9182, 1640.5, 327.68, 222.6, 163.93, 323.87, 172.78, 245.81, 98.02, 30.6, 63.9, 125, 64.56, 87.89, , , , , 
1/31/2020 8:42:39 AM, 3273.75, 9180.75, 1640.5, 327.68, 222.6, 163.93, 323.87, 172.78, 245.81, 98.02, 30.6, 63.9, 125, 64.56, 87.89, , , , , 
1/31/2020 8:42:42 AM, 3273.75, 9181, 1640.5, 327.68, 222.6, 163.93, 323.87, 172.78, 245.81, 98.02, 30.6, 63.9, 125, 64.56, 87.89, , , , , 
1/31/2020 8:42:45 AM, 3273.75, 9181.75, 1640.5, 327.68, 222.6, 163.93, 323.87, 172.78, 245.81, 98.02, 30.6, 63.9, 125, 64.56, 87.89, , , , , 
1/31/2020 8:42:48 AM, 3274, 9182, 1640.6, 327.68, 222.6, 163.93, 323.87, 172.78, 245.81, 98.02, 30.6, 63.9, 125, 64.56, 87.89, , , , , 
1/31/2020 8:42:51 AM, 3274, 9181.5, 1640.6, 327.68, 222.6, 163.93, 323.87, 172.78, 245.81, 98.02, 30.6, 63.9, 125, 64.56, 87.89, , , , , 
1/31/2020 8:42:54 AM, 3274, 9181.75, 1640.6, 327.68, 222.6, 163.93, 323.87, 172.78, 245.81, 98.02, 30.6, 63.9, 125, 64.56, 87.89, , , , , 
1/31/2020 8:42:57 AM, 3274.25, 9182.25, 1640.8, 327.68, 222.6, 163.93, 323.87, 172.78, 245.81, 98.02, 30.6, 63.9, 125, 64.56, 87.89, , , , , 
1/31/2020 8:43:00 AM, 3274.25, 9181.75, 1640.7, 327.68, 222.6, 163.93, 323.87, 172.78, 245.81, 98.02, 30.6, 63.9, 125, 64.56, 87.89, , , , , 
1/31/2020 8:43:03 AM, 3274.25, 9182.25, 1640.7, 327.68, 222.6, 163.93, 323.87, 172.78, 245.81, 98.02, 30.6, 63.9, 125, 64.56, 87.89, , , , , 
1/31/2020 8:43:06 AM, 3274.25, 9182, 1640.8, 327.68, 222.6, 163.93, 323.87, 172.78, 245.81, 98.02, 30.6, 63.9, 125, 64.56, 87.89, , , , , 
1/31/2020 8:43:09 AM, 3274.25, 9182.5, 1640.8, 327.68, 222.6, 163.93, 323.87, 172.78, 245.81, 98.02, 30.6, 63.9, 125, 64.56, 87.89, , , , , 
1/31/2020 8:43:12 AM, 3274.5, 9182.5, 1640.8, 327.68, 222.6, 163.93, 323.87, 172.78, 245.81, 98.02, 30.6, 63.9, 125, 64.56, 87.89, , , , , 
1/31/2020 8:43:15 AM, 3274.5, 9182.75, 1640.8, 327.68, 222.6, 163.93, 323.87, 172.78, 245.81, 98.02, 30.6, 63.9, 125, 64.56, 87.89, , , , , 
1/31/2020 8:43:18 AM, 3274.25, 9182.25, 1640.8, 327.68, 222.6, 163.93, 323.87, 172.78, 245.81, 98.02, 30.6, 63.9, 125, 64.56, 87.89, , , , , 
1/31/2020 8:43:21 AM, 3274.25, 9182.75, 1640.8, 327.68, 222.6, 163.93, 323.87, 172.78, 245.81, 98.02, 30.6, 63.9, 125, 64.56, 87.89, , , , , 
1/31/2020 8:43:24 AM, 3274.5, 9183, 1640.9, 327.68, 222.6, 163.93, 323.87, 172.78, 245.81, 98.02, 30.6, 63.9, 125, 64.56, 87.89, , , , , 
1/31/2020 8:43:27 AM, 3274.5, 9182.5, 1640.8, 327.68, 222.6, 163.93, 323.87, 172.78, 245.81, 98.02, 30.6, 63.9, 125, 64.56, 87.89, , , , , 
1/31/2020 8:43:30 AM, 3274.5, 9182.75, 1640.8, 327.68, 222.6, 163.93, 323.87, 172.78, 245.81, 98.02, 30.6, 63.9, 125, 64.56, 87.89, , , , , 
1/31/2020 8:43:33 AM, 3274.5, 9183, 1640.8, 327.68, 222.6, 163.93, 323.87, 172.78, 245.81, 98.02, 30.6, 63.9, 125, 64.56, 87.89, , , , , 
1/31/2020 8:43:36 AM, 3274.25, 9182.5, 1640.8, 327.68, 222.6, 163.93, 323.87, 172.78, 245.81, 98.02, 30.6, 63.9, 125, 64.56, 87.89, , , , , 
1/31/2020 8:43:39 AM, 3274.25, 9182.5, 1640.8, 327.68, 222.6, 163.93, 323.87, 172.78, 245.81, 98.02, 30.6, 63.9, 125, 64.56, 87.89, , , , , 
1/31/2020 8:43:42 AM, 3274.25, 9182.25, 1640.7, 327.68, 222.6, 163.93, 323.87, 172.78, 245.81, 98.02, 30.6, 63.9, 125, 64.56, 87.89, , , , , 
1/31/2020 8:43:45 AM, 3274.25, 9182.25, 1640.7, 327.68, 222.6, 163.93, 323.87, 172.78, 245.81, 98.02, 30.6, 63.9, 125, 64.56, 87.89, , , , , 
1/31/2020 8:43:48 AM, 3274.25, 9182.25, 1640.7, 327.68, 222.6, 163.93, 323.87, 172.78, 245.81, 98.02, 30.6, 63.9, 125, 64.56, 87.89, , , , , 
1/31/2020 8:43:52 AM, 3274.25, 9182.25, 1640.7, 327.68, 222.6, 163.93, 323.87, 172.78, 245.81, 98.02, 30.6, 63.9, 125, 64.56, 87.89, , , , , 
1/31/2020 8:43:55 AM, 3274.25, 9182, 1640.7, 327.68, 222.6, 163.93, 323.87, 172.78, 245.81, 98.02, 30.6, 63.9, 125, 64.56, 87.89, , , , , 
1/31/2020 8:43:58 AM, 3274.25, 9182.5, 1640.7, 327.68, 222.6, 163.93, 323.87, 172.78, 245.81, 98.02, 30.6, 63.9, 125, 64.56, 87.89, , , , , 
1/31/2020 8:44:01 AM, 3274.5, 9182.75, 1640.7, 327.68, 222.6, 163.93, 323.87, 172.78, 245.81, 98.02, 30.6, 63.9, 125, 64.56, 87.89, , , , , 
1/31/2020 8:44:04 AM, 3274.5, 9183, 1640.7, 327.68, 222.6, 163.93, 323.87, 172.78, 245.81, 98.02, 30.6, 63.9, 125, 64.56, 87.89, , , , , 
1/31/2020 8:44:07 AM, 3274.5, 9183.75, 1640.9, 327.68, 222.6, 163.93, 323.87, 172.78, 245.81, 98.02, 30.6, 63.9, 125, 64.56, 87.89, , , , , 
1/31/2020 8:44:10 AM, 3274.5, 9183.75, 1640.9, 327.68, 222.6, 163.93, 323.87, 172.78, 245.81, 98.02, 30.6, 63.9, 125, 64.56, 87.89, , , , , 
1/31/2020 8:44:13 AM, 3274.75, 9184.5, 1640.9, 327.68, 222.6, 163.93, 323.87, 172.78, 245.81, 98.02, 30.6, 63.9, 125, 64.56, 87.89, , , , , 
1/31/2020 8:44:16 AM, 3274.75, 9185, 1641, 327.68, 222.6, 163.93, 323.87, 172.78, 245.81, 98.02, 30.6, 63.9, 125, 64.56, 87.89, , , , , 
1/31/2020 8:44:19 AM, 3274.5, 9184, 1641, 327.68, 222.6, 163.93, 323.87, 172.78, 245.81, 98.02, 30.6, 63.9, 125, 64.56, 87.89, , , , , 
1/31/2020 8:44:22 AM, 3274.5, 9184.25, 1641, 327.68, 222.6, 163.93, 323.87, 172.78, 245.81, 98.02, 30.6, 63.9, 125, 64.56, 87.89, , , , , 
1/31/2020 8:44:25 AM, 3274.75, 9184.25, 1641, 327.68, 222.6, 163.93, 323.87, 172.78, 245.81, 98.02, 30.6, 63.9, 125, 64.56, 87.89, , , , , 
1/31/2020 8:44:28 AM, 3274.75, 9184.5, 1641, 327.68, 222.6, 163.93, 323.87, 172.78, 245.81, 98.02, 30.6, 63.9, 125, 64.56, 87.89, , , , , 
1/31/2020 8:44:31 AM, 3275, 9185.25, 1641, 327.68, 222.6, 163.93, 323.87, 172.78, 245.81, 98.02, 30.6, 63.9, 125, 64.56, 87.89, , , , , 
1/31/2020 8:44:34 AM, 3274.75, 9184.75, 1641, 327.68, 222.6, 163.93, 323.87, 172.78, 245.81, 98.02, 30.6, 63.9, 125, 64.56, 87.89, , , , , 
1/31/2020 8:44:37 AM, 3274.75, 9184.75, 1640.9, 327.68, 222.6, 163.93, 323.87, 172.78, 245.81, 98.02, 30.6, 63.9, 125, 64.56, 87.89, , , , , 
1/31/2020 8:44:40 AM, 3274.75, 9185, 1640.9, 327.68, 222.6, 163.93, 323.87, 172.78, 245.81, 98.02, 30.6, 63.9, 125, 64.56, 87.89, , , , , 
1/31/2020 8:44:43 AM, 3274.75, 9185, 1640.9, 327.68, 222.6, 163.93, 323.87, 172.78, 245.81, 98.02, 30.6, 63.9, 125, 64.56, 87.89, , , , , 
1/31/2020 8:44:46 AM, 3274.75, 9185, 1640.9, 327.68, 222.6, 163.93, 323.87, 172.78, 245.81, 98.02, 30.6, 63.9, 125, 64.56, 87.89, , , , , 
1/31/2020 8:44:49 AM, 3274.75, 9185, 1640.9, 327.68, 222.6, 163.93, 323.87, 172.78, 245.81, 98.02, 30.6, 63.9, 125, 64.56, 87.89, , , , , 
1/31/2020 8:44:52 AM, 3274.5, 9184.75, 1640.8, 327.68, 222.6, 163.93, 323.87, 172.78, 245.81, 98.02, 30.6, 63.9, 125, 64.56, 87.89, , , , , 
1/31/2020 8:44:55 AM, 3274.5, 9184.75, 1640.8, 327.68, 222.6, 163.93, 323.87, 172.78, 245.81, 98.02, 30.6, 63.9, 125, 64.56, 87.89, , , , , 
1/31/2020 8:44:58 AM, 3274.25, 9184, 1640.8, 327.68, 222.6, 163.93, 323.87, 172.78, 245.81, 98.02, 30.6, 63.9, 125, 64.56, 87.89, , , , , 
1/31/2020 8:45:01 AM, 3274.25, 9184, 1640.8, 327.68, 222.6, 163.93, 323.87, 172.78, 245.81, 98.02, 30.6, 63.9, 125, 64.56, 87.89, , , , , 
1/31/2020 8:45:04 AM, 3274.5, 9184.25, 1640.8, 327.68, 222.6, 163.93, 323.87, 172.78, 245.81, 98.02, 30.6, 63.9, 125, 64.56, 87.89, , , , , 
1/31/2020 8:45:07 AM, 3274.5, 9184.25, 1640.8, 327.68, 222.6, 163.93, 323.87, 172.78, 245.81, 98.02, 30.6, 63.9, 125, 64.56, 87.89, , , , , 
1/31/2020 8:45:10 AM, 3274.75, 9184.75, 1640.9, 327.68, 222.6, 163.93, 323.87, 172.78, 245.81, 98.02, 30.6, 63.9, 125, 64.56, 87.89, , , , , 
1/31/2020 8:45:13 AM, 3274.75, 9184.75, 1640.9, 327.68, 222.6, 163.93, 323.87, 172.78, 245.81, 98.02, 30.6, 63.9, 125, 64.56, 87.89, , , , , 
1/31/2020 8:45:16 AM, 3274.75, 9185.25, 1640.9, 327.68, 222.6, 163.93, 323.87, 172.78, 245.81, 98.02, 30.6, 63.9, 125, 64.56, 87.89, , , , , 
1/31/2020 8:45:19 AM, 3274.75, 9185.25, 1640.9, 327.68, 222.6, 163.93, 323.87, 172.78, 245.81, 98.02, 30.6, 63.9, 125, 64.56, 87.89, , , , , 
1/31/2020 8:45:22 AM, 3274.75, 9184.5, 1640.7, 327.68, 222.6, 163.93, 323.87, 172.78, 245.81, 98.02, 30.6, 63.9, 125, 64.56, 87.89, , , , , 
1/31/2020 8:45:25 AM, 3274.75, 9184.5, 1640.7, 327.68, 222.6, 163.93, 323.87, 172.78, 245.81, 98.02, 30.6, 63.9, 125, 64.56, 87.89, , , , , 
1/31/2020 8:45:28 AM, 3274.75, 9185, 1640.7, 327.68, 222.6, 163.93, 323.87, 172.78, 245.81, 98.02, 30.6, 63.9, 125, 64.56, 87.89, , , , , 
1/31/2020 8:45:31 AM, 3274.75, 9185, 1640.7, 327.68, 222.6, 163.93, 323.87, 172.78, 245.81, 98.02, 30.6, 63.9, 125, 64.56, 87.89, , , , , 
1/31/2020 8:45:34 AM, 3274.75, 9185.5, 1640.8, 327.68, 222.6, 163.93, 323.87, 172.78, 245.81, 98.02, 30.6, 63.9, 125, 64.56, 87.89, , , , , 
1/31/2020 8:45:37 AM, 3274.75, 9185.5, 1640.8, 327.68, 222.6, 163.93, 323.87, 172.78, 245.81, 98.02, 30.6, 63.9, 125, 64.56, 87.89, , , , , 
1/31/2020 8:45:40 AM, 3275, 9185, 1640.8, 327.68, 222.6, 163.93, 323.87, 172.78, 245.81, 98.02, 30.6, 63.9, 125, 64.56, 87.89, , , , , 
1/31/2020 8:45:43 AM, 3275, 9185, 1640.8, 327.68, 222.6, 163.93, 323.87, 172.78, 245.81, 98.02, 30.6, 63.9, 125, 64.56, 87.89, , , , , 
1/31/2020 8:45:46 AM, 3274.25, 9182.5, 1640.6, 327.68, 222.6, 163.93, 323.87, 172.78, 245.81, 98.02, 30.6, 63.9, 125, 64.56, 87.89, , , , , 
1/31/2020 8:45:49 AM, 3274.25, 9182.5, 1640.6, 327.68, 222.6, 163.93, 323.87, 172.78, 245.81, 98.02, 30.6, 63.9, 125, 64.56, 87.89, , , , , 
1/31/2020 8:45:52 AM, 3274.5, 9183.5, 1640.7, 327.68, 222.6, 163.93, 323.87, 172.78, 245.81, 98.02, 30.6, 63.9, 125, 64.56, 87.89, , , , , 
1/31/2020 8:45:55 AM, 3274.5, 9183.5, 1640.7, 327.68, 222.6, 163.93, 323.87, 172.78, 245.81, 98.02, 30.6, 63.9, 125, 64.56, 87.89, , , , , 
1/31/2020 8:45:58 AM, 3274.5, 9183.25, 1640.7, 327.68, 222.6, 163.93, 323.87, 172.78, 245.81, 98.02, 30.6, 63.9, 125, 64.56, 87.89, , , , , 
1/31/2020 8:46:01 AM, 3274.5, 9183.25, 1640.7, 327.68, 222.6, 163.93, 323.87, 172.78, 245.81, 98.02, 30.6, 63.9, 125, 64.56, 87.89, , , , , 
1/31/2020 8:46:04 AM, 3274.5, 9183.5, 1640.7, 327.68, 222.6, 163.93, 323.87, 172.78, 245.81, 98.02, 30.6, 63.9, 125, 64.56, 87.89, , , , , 
1/31/2020 8:46:07 AM, 3274.5, 9183.5, 1640.7, 327.68, 222.6, 163.93, 323.87, 172.78, 245.81, 98.02, 30.6, 63.9, 125, 64.56, 87.89, , , , , 
1/31/2020 8:46:10 AM, 3274.25, 9183.75, 1640.7, 327.68, 222.6, 163.93, 323.87, 172.78, 245.81, 98.02, 30.6, 63.9, 125, 64.56, 87.89, , , , , 
1/31/2020 8:46:13 AM, 3274.25, 9183.75, 1640.7, 327.68, 222.6, 163.93, 323.87, 172.78, 245.81, 98.02, 30.6, 63.9, 125, 64.56, 87.89, , , , , 
1/31/2020 8:46:16 AM, 3274.25, 9183.5, 1640.7, 327.68, 222.6, 163.93, 323.87, 172.78, 245.81, 98.02, 30.6, 63.9, 125, 64.56, 87.89, , , , , 
1/31/2020 8:46:19 AM, 3274.25, 9183.5, 1640.7, 327.68, 222.6, 163.93, 323.87, 172.78, 245.81, 98.02, 30.6, 63.9, 125, 64.56, 87.89, , , , , 
1/31/2020 8:46:22 AM, 3274.25, 9183, 1640.6, 327.68, 222.6, 163.93, 323.87, 172.78, 245.81, 98.02, 30.6, 63.9, 125, 64.56, 87.89, , , , , 
1/31/2020 8:46:26 AM, 3274.25, 9183, 1640.6, 327.68, 222.6, 163.93, 323.87, 172.78, 245.81, 98.02, 30.6, 63.9, 125, 64.56, 87.89, , , , , 
1/31/2020 8:46:29 AM, 3274.75, 9184.25, 1640.9, 327.68, 222.6, 163.93, 323.87, 172.78, 245.81, 98.02, 30.6, 63.9, 125, 64.56, 87.89, , , , , 
1/31/2020 8:46:32 AM, 3274.75, 9184.25, 1640.9, 327.68, 222.6, 163.93, 323.87, 172.78, 245.81, 98.02, 30.6, 63.9, 125, 64.56, 87.89, , , , , 
1/31/2020 8:46:35 AM, 3274.75, 9184.75, 1640.8, 327.68, 222.6, 163.93, 323.87, 172.78, 245.81, 98.02, 30.6, 63.9, 125, 64.56, 87.89, , , , , 
1/31/2020 8:46:38 AM, 3274.75, 9184.75, 1640.8, 327.68, 222.6, 163.93, 323.87, 172.78, 245.81, 98.02, 30.6, 63.9, 125, 64.56, 87.89, , , , , 
1/31/2020 8:46:41 AM, 3274.5, 9184, 1640.7, 327.68, 222.6, 163.93, 323.87, 172.78, 245.81, 98.02, 30.6, 63.9, 125, 64.56, 87.89, , , , , 
1/31/2020 8:46:44 AM, 3274.5, 9184, 1640.7, 327.68, 222.6, 163.93, 323.87, 172.78, 245.81, 98.02, 30.6, 63.9, 125, 64.56, 87.89, , , , , 
1/31/2020 8:46:47 AM, 3274.25, 9183, 1640.7, 327.68, 222.6, 163.93, 323.87, 172.78, 245.81, 98.02, 30.6, 63.9, 125, 64.56, 87.89, , , , , 
1/31/2020 8:46:50 AM, 3274.25, 9183, 1640.7, 327.68, 222.6, 163.93, 323.87, 172.78, 245.81, 98.02, 30.6, 63.9, 125, 64.56, 87.89, , , , , 
1/31/2020 8:46:53 AM, 3274.25, 9183.25, 1640.7, 327.68, 222.6, 163.93, 323.87, 172.78, 245.81, 98.02, 30.6, 63.9, 125, 64.56, 87.89, , , , , 
1/31/2020 8:46:56 AM, 3274.25, 9183.25, 1640.7, 327.68, 222.6, 163.93, 323.87, 172.78, 245.81, 98.02, 30.6, 63.9, 125, 64.56, 87.89, , , , , 
1/31/2020 8:46:59 AM, 3274.25, 9182.75, 1640.7, 327.68, 222.6, 163.93, 323.87, 172.78, 245.81, 98.02, 30.6, 63.9, 125, 64.56, 87.89, , , , , 
1/31/2020 8:47:02 AM, 3274.25, 9182.75, 1640.7, 327.68, 222.6, 163.93, 323.87, 172.78, 245.81, 98.02, 30.6, 63.9, 125, 64.56, 87.89, , , , , 
1/31/2020 8:47:05 AM, 3274, 9182.5, 1640.4, 327.68, 222.6, 163.93, 323.87, 172.78, 245.81, 98.02, 30.6, 63.9, 125, 64.56, 87.89, , , , , 
1/31/2020 8:47:08 AM, 3274, 9182.5, 1640.4, 327.68, 222.6, 163.93, 323.87, 172.78, 245.81, 98.02, 30.6, 63.9, 125, 64.56, 87.89, , , , , 
1/31/2020 8:47:11 AM, 3274.75, 9185, 1640.6, 327.68, 222.6, 163.93, 323.87, 172.78, 245.81, 98.02, 30.6, 63.9, 125, 64.56, 87.89, , , , , 
1/31/2020 8:47:14 AM, 3274.75, 9185.75, 1640.7, 327.68, 222.6, 163.93, 323.87, 172.78, 245.81, 98.02, 30.6, 63.9, 125, 64.56, 87.89, , , , , 
1/31/2020 8:47:17 AM, 3274.75, 9185.75, 1640.7, 327.68, 222.6, 163.93, 323.87, 172.78, 245.81, 98.02, 30.6, 63.9, 125, 64.56, 87.89, , , , , 
1/31/2020 8:47:20 AM, 3275, 9185.5, 1640.7, 327.68, 222.6, 163.93, 323.87, 172.78, 245.81, 98.02, 30.6, 63.9, 125, 64.56, 87.89, , , , , 
1/31/2020 8:47:23 AM, 3275.25, 9186.5, 1640.8, 327.68, 222.6, 163.93, 323.87, 172.78, 245.81, 98.02, 30.6, 63.9, 125, 64.56, 87.89, , , , , 
1/31/2020 8:47:26 AM, 3275.25, 9187, 1640.9, 327.68, 222.6, 163.93, 323.87, 172.78, 245.81, 98.02, 30.6, 63.9, 125, 64.56, 87.89, , , , , 
1/31/2020 8:47:29 AM, 3275.5, 9187.25, 1640.9, 327.68, 222.6, 163.93, 323.87, 172.78, 245.81, 98.02, 30.6, 63.9, 125, 64.56, 87.89, , , , , 
1/31/2020 8:47:32 AM, 3275.25, 9186.5, 1640.9, 327.68, 222.6, 163.93, 323.87, 172.78, 245.81, 98.02, 30.6, 63.9, 125, 64.56, 87.89, , , , , 
1/31/2020 8:47:35 AM, 3275, 9186.25, 1640.8, 327.68, 222.6, 163.93, 323.87, 172.78, 245.81, 98.02, 30.6, 63.9, 125, 64.56, 87.89, , , , , 
1/31/2020 8:47:38 AM, 3275.25, 9186.5, 1640.8, 327.68, 222.6, 163.93, 323.87, 172.78, 245.81, 98.02, 30.6, 63.9, 125, 64.56, 87.89, , , , , 
1/31/2020 8:47:41 AM, 3275.25, 9186.5, 1640.8, 327.68, 222.6, 163.93, 323.87, 172.78, 245.81, 98.02, 30.6, 63.9, 125, 64.56, 87.89, , , , , 
1/31/2020 8:47:44 AM, 3275.25, 9186.5, 1640.8, 327.68, 222.6, 163.93, 323.87, 172.78, 245.81, 98.02, 30.6, 63.9, 125, 64.56, 87.89, , , , , 
1/31/2020 8:47:47 AM, 3275.25, 9187, 1640.9, 327.68, 222.6, 163.93, 323.87, 172.78, 245.81, 98.02, 30.6, 63.9, 125, 64.56, 87.89, , , , , 
1/31/2020 8:47:50 AM, 3275.5, 9187.75, 1641, 327.68, 222.6, 163.93, 323.87, 172.78, 245.81, 98.02, 30.6, 63.9, 125, 64.56, 87.89, , , , , 
1/31/2020 8:47:53 AM, 3275.5, 9187.75, 1641, 327.68, 222.6, 163.93, 323.87, 172.78, 245.81, 98.02, 30.6, 63.9, 125, 64.56, 87.89, , , , , 
1/31/2020 8:47:56 AM, 3275.75, 9187.75, 1641, 327.68, 222.6, 163.93, 323.87, 172.78, 245.81, 98.02, 30.6, 63.9, 125, 64.56, 87.89, , , , , 
1/31/2020 8:47:59 AM, 3276, 9188.75, 1640.9, 327.68, 222.6, 163.93, 323.87, 172.78, 245.81, 98.02, 30.6, 63.9, 125, 64.56, 87.89, , , , , 
1/31/2020 8:48:02 AM, 3275.75, 9187.5, 1640.9, 327.68, 222.6, 163.93, 323.87, 172.78, 245.81, 98.02, 30.6, 63.9, 125, 64.56, 87.89, , , , , 
1/31/2020 8:48:05 AM, 3275.75, 9187.25, 1640.9, 327.68, 222.6, 163.93, 323.87, 172.78, 245.81, 98.02, 30.6, 63.9, 125, 64.56, 87.89, , , , , 
1/31/2020 8:48:08 AM, 3275.75, 9187.25, 1640.9, 327.68, 222.6, 163.93, 323.87, 172.78, 245.81, 98.02, 30.6, 63.9, 125, 64.56, 87.89, , , , , 
1/31/2020 8:48:11 AM, 3275.75, 9187.25, 1640.9, 327.68, 222.6, 163.93, 323.87, 172.78, 245.81, 98.02, 30.6, 63.9, 125, 64.56, 87.89, , , , , 
1/31/2020 8:48:14 AM, 3275.5, 9187.25, 1640.9, 327.68, 222.6, 163.93, 323.87, 172.78, 245.81, 98.02, 30.6, 63.9, 125, 64.56, 87.89, , , , , 
1/31/2020 8:48:17 AM, 3275.75, 9187.25, 1640.9, 327.68, 222.6, 163.93, 323.87, 172.78, 245.81, 98.02, 30.6, 63.9, 125, 64.56, 87.89, , , , , 
1/31/2020 8:48:20 AM, 3275.75, 9186.75, 1640.9, 327.68, 222.6, 163.93, 323.87, 172.78, 245.81, 98.02, 30.6, 63.9, 125, 64.56, 87.89, , , , , 
1/31/2020 8:48:23 AM, 3275.75, 9187, 1640.9, 327.68, 222.6, 163.93, 323.87, 172.78, 245.81, 98.02, 30.6, 63.9, 125, 64.56, 87.89, , , , , 
1/31/2020 8:48:26 AM, 3275.5, 9186.5, 1640.7, 327.68, 222.6, 163.93, 323.87, 172.78, 245.81, 98.02, 30.6, 63.9, 125, 64.56, 87.89, , , , , 
1/31/2020 8:48:29 AM, 3275.25, 9185.75, 1640.4, 327.68, 222.6, 163.93, 323.87, 172.78, 245.81, 98.02, 30.6, 63.9, 125, 64.56, 87.89, , , , , 
1/31/2020 8:48:32 AM, 3275.25, 9185.75, 1640.4, 327.68, 222.6, 163.93, 323.87, 172.78, 245.81, 98.02, 30.6, 63.9, 125, 64.56, 87.89, , , , , 
1/31/2020 8:48:35 AM, 3275.25, 9186, 1640.5, 327.68, 222.6, 163.93, 323.87, 172.78, 245.81, 98.02, 30.6, 63.9, 125, 64.56, 87.89, , , , , 
1/31/2020 8:48:38 AM, 3275.25, 9185.75, 1640.6, 327.68, 222.6, 163.93, 323.87, 172.78, 245.81, 98.02, 30.6, 63.9, 125, 64.56, 87.89, , , , , 
1/31/2020 8:48:41 AM, 3275, 9185.5, 1640.4, 327.68, 222.6, 163.93, 323.87, 172.78, 245.81, 98.02, 30.6, 63.9, 125, 64.56, 87.89, , , , , 
1/31/2020 8:48:44 AM, 3275, 9185.5, 1640.4, 327.68, 222.6, 163.93, 323.87, 172.78, 245.81, 98.02, 30.6, 63.9, 125, 64.56, 87.89, , , , , 
1/31/2020 8:48:47 AM, 3275, 9186, 1640.6, 327.68, 222.6, 163.93, 323.87, 172.78, 245.81, 98.02, 30.6, 63.9, 125, 64.56, 87.89, , , , , 
1/31/2020 8:48:51 AM, 3275, 9185.25, 1640.5, 327.68, 222.6, 163.93, 323.87, 172.78, 245.81, 98.02, 30.6, 63.9, 125, 64.56, 87.89, , , , , 
1/31/2020 8:48:54 AM, 3275, 9185, 1640.4, 327.68, 222.6, 163.93, 323.87, 172.78, 245.81, 98.02, 30.6, 63.9, 125, 64.56, 87.89, , , , , 
1/31/2020 8:48:57 AM, 3275, 9185.25, 1640.4, 327.68, 222.6, 163.93, 323.87, 172.78, 245.81, 98.02, 30.6, 63.9, 125, 64.56, 87.89, , , , , 
1/31/2020 8:49:00 AM, 3275, 9185.25, 1640.4, 327.68, 222.6, 163.93, 323.87, 172.78, 245.81, 98.02, 30.6, 63.9, 125, 64.56, 87.89, , , , , 
1/31/2020 8:49:03 AM, 3275, 9185, 1640.4, 327.68, 222.6, 163.93, 323.87, 172.78, 245.81, 98.02, 30.6, 63.9, 125, 64.56, 87.89, , , , , 
1/31/2020 8:49:06 AM, 3274.75, 9184.25, 1640.3, 327.68, 222.6, 163.93, 323.87, 172.78, 245.81, 98.02, 30.6, 63.9, 125, 64.56, 87.89, , , , , 
1/31/2020 8:49:09 AM, 3274.75, 9184.5, 1640.3, 327.68, 222.6, 163.93, 323.87, 172.78, 245.81, 98.02, 30.6, 63.9, 125, 64.56, 87.89, , , , , 
1/31/2020 8:49:12 AM, 3274.75, 9184.25, 1640.3, 327.68, 222.6, 163.93, 323.87, 172.78, 245.81, 98.02, 30.6, 63.9, 125, 64.56, 87.89, , , , , 
1/31/2020 8:49:15 AM, 3275.25, 9185.5, 1640.3, 327.68, 222.6, 163.93, 323.87, 172.78, 245.81, 98.02, 30.6, 63.9, 125, 64.56, 87.89, , , , , 
1/31/2020 8:49:18 AM, 3275, 9185.5, 1640.4, 327.68, 222.6, 163.93, 323.87, 172.78, 245.81, 98.02, 30.6, 63.9, 125, 64.56, 87.89, , , , , 
1/31/2020 8:49:21 AM, 3275, 9185.25, 1640.3, 327.68, 222.6, 163.93, 323.87, 172.78, 245.81, 98.02, 30.6, 63.9, 125, 64.56, 87.89, , , , , 
1/31/2020 8:49:24 AM, 3275.25, 9185.5, 1640.4, 327.68, 222.6, 163.93, 323.87, 172.78, 245.81, 98.02, 30.6, 63.9, 125, 64.56, 87.89, , , , , 
1/31/2020 8:49:27 AM, 3275, 9184.25, 1640.3, 327.68, 222.6, 163.93, 323.87, 172.78, 245.81, 98.02, 30.6, 63.9, 125, 64.56, 87.89, , , , , 
1/31/2020 8:49:30 AM, 3274.75, 9184.25, 1640.2, 327.68, 222.6, 163.93, 323.87, 172.78, 245.81, 98.02, 30.6, 63.9, 125, 64.56, 87.89, , , , , 
1/31/2020 8:49:33 AM, 3275, 9184.5, 1640.2, 327.68, 222.6, 163.93, 323.87, 172.78, 245.81, 98.02, 30.6, 63.9, 125, 64.56, 87.89, , , , , 
1/31/2020 8:49:36 AM, 3275, 9185.25, 1640.2, 327.68, 222.6, 163.93, 323.87, 172.78, 245.81, 98.02, 30.6, 63.9, 125, 64.56, 87.89, , , , , 
1/31/2020 8:49:39 AM, 3275, 9185.5, 1640.3, 327.68, 222.6, 163.93, 323.87, 172.78, 245.81, 98.02, 30.6, 63.9, 125, 64.56, 87.89, , , , , 
1/31/2020 8:49:42 AM, 3275, 9185.5, 1640.3, 327.68, 222.6, 163.93, 323.87, 172.78, 245.81, 98.02, 30.6, 63.9, 125, 64.56, 87.89, , , , , 
1/31/2020 8:49:45 AM, 3275.25, 9185.75, 1640.4, 327.68, 222.6, 163.93, 323.87, 172.78, 245.81, 98.02, 30.6, 63.9, 125, 64.56, 87.89, , , , , 
1/31/2020 8:49:48 AM, 3275.25, 9185.75, 1640.5, 327.68, 222.6, 163.93, 323.87, 172.78, 245.81, 98.02, 30.6, 63.9, 125, 64.56, 87.89, , , , , 
1/31/2020 8:49:51 AM, 3275.5, 9185.75, 1640.5, 327.68, 222.6, 163.93, 323.87, 172.78, 245.81, 98.02, 30.6, 63.9, 125, 64.56, 87.89, , , , , 
1/31/2020 8:49:54 AM, 3275.5, 9185.75, 1640.5, 327.68, 222.6, 163.93, 323.87, 172.78, 245.81, 98.02, 30.6, 63.9, 125, 64.56, 87.89, , , , , 
1/31/2020 8:49:57 AM, 3275.5, 9185.75, 1640.5, 327.68, 222.6, 163.93, 323.87, 172.78, 245.81, 98.02, 30.6, 63.9, 125, 64.56, 87.89, , , , , 
1/31/2020 8:50:00 AM, 3275.5, 9186, 1640.5, 327.68, 222.6, 163.93, 323.87, 172.78, 245.81, 98.02, 30.6, 63.9, 125, 64.56, 87.89, , , , , 
1/31/2020 8:50:03 AM, 3275.75, 9186.75, 1640.6, 327.68, 222.6, 163.93, 323.87, 172.78, 245.81, 98.02, 30.6, 63.9, 125, 64.56, 87.89, , , , , 
1/31/2020 8:50:06 AM, 3276, 9186.5, 1640.6, 327.68, 222.6, 163.93, 323.87, 172.78, 245.81, 98.02, 30.6, 63.9, 125, 64.56, 87.89, , , , , 
1/31/2020 8:50:09 AM, 3275.75, 9186.75, 1640.5, 327.68, 222.6, 163.93, 323.87, 172.78, 245.81, 98.02, 30.6, 63.9, 125, 64.56, 87.89, , , , , 
1/31/2020 8:50:12 AM, 3275.75, 9186.75, 1640.6, 327.68, 222.6, 163.93, 323.87, 172.78, 245.81, 98.02, 30.6, 63.9, 125, 64.56, 87.89, , , , , 
1/31/2020 8:50:15 AM, 3275.75, 9187, 1640.6, 327.68, 222.6, 163.93, 323.87, 172.78, 245.81, 98.02, 30.6, 63.9, 125, 64.56, 87.89, , , , , 
1/31/2020 8:50:18 AM, 3276, 9187.5, 1640.6, 327.68, 222.6, 163.93, 323.87, 172.78, 245.81, 98.02, 30.6, 63.9, 125, 64.56, 87.89, , , , , 
1/31/2020 8:50:21 AM, 3276, 9187, 1640.6, 327.68, 222.6, 163.93, 323.87, 172.78, 245.81, 98.02, 30.6, 63.9, 125, 64.56, 87.89, , , , , 
1/31/2020 8:50:24 AM, 3276, 9187.25, 1640.6, 327.68, 222.6, 163.93, 323.87, 172.78, 245.81, 98.02, 30.6, 63.9, 125, 64.56, 87.89, , , , , 
1/31/2020 8:50:27 AM, 3276, 9187, 1640.6, 327.68, 222.6, 163.93, 323.87, 172.78, 245.81, 98.02, 30.6, 63.9, 125, 64.56, 87.89, , , , , 
1/31/2020 8:50:30 AM, 3276, 9187.25, 1640.6, 327.68, 222.6, 163.93, 323.87, 172.78, 245.81, 98.02, 30.6, 63.9, 125, 64.56, 87.89, , , , , 
1/31/2020 8:50:33 AM, 3276, 9187.5, 1640.7, 327.68, 222.6, 163.93, 323.87, 172.78, 245.81, 98.02, 30.6, 63.9, 125, 64.56, 87.89, , , , , 
1/31/2020 8:50:36 AM, 3276, 9188.5, 1640.7, 327.68, 222.6, 163.93, 323.87, 172.78, 245.81, 98.02, 30.6, 63.9, 125, 64.56, 87.89, , , , , 
1/31/2020 8:50:39 AM, 3276.25, 9188.75, 1640.9, 327.68, 222.6, 163.93, 323.87, 172.78, 245.81, 98.02, 30.6, 63.9, 125, 64.56, 87.89, , , , , 
1/31/2020 8:50:42 AM, 3276.5, 9189, 1640.9, 327.68, 222.6, 163.93, 323.87, 172.78, 245.81, 98.02, 30.6, 63.9, 125, 64.56, 87.89, , , , , 
1/31/2020 8:50:45 AM, 3276.5, 9189, 1640.9, 327.68, 222.6, 163.93, 323.87, 172.78, 245.81, 98.02, 30.6, 63.9, 125, 64.56, 87.89, , , , , 
1/31/2020 8:50:48 AM, 3276.25, 9188.75, 1640.9, 327.68, 222.6, 163.93, 323.87, 172.78, 245.81, 98.02, 30.6, 63.9, 125, 64.56, 87.89, , , , , 
1/31/2020 8:50:51 AM, 3276.75, 9190.25, 1641, 327.68, 222.6, 163.93, 323.87, 172.78, 245.81, 98.02, 30.6, 63.9, 125, 64.56, 87.89, , , , , 
1/31/2020 8:50:54 AM, 3276.75, 9190.75, 1641, 327.68, 222.6, 163.93, 323.87, 172.78, 245.81, 98.02, 30.6, 63.9, 125, 64.56, 87.89, , , , , 
1/31/2020 8:50:57 AM, 3277, 9191.25, 1641.1, 327.68, 222.6, 163.93, 323.87, 172.78, 245.81, 98.02, 30.6, 63.9, 125, 64.56, 87.89, , , , , 
1/31/2020 8:51:00 AM, 3277, 9190.5, 1641, 327.68, 222.6, 163.93, 323.87, 172.78, 245.81, 98.02, 30.6, 63.9, 125, 64.56, 87.89, , , , , 
1/31/2020 8:51:04 AM, 3277, 9191.75, 1641.2, 327.68, 222.6, 163.93, 323.87, 172.78, 245.81, 98.02, 30.6, 63.9, 125, 64.56, 87.89, , , , , 
1/31/2020 8:51:07 AM, 3277.25, 9191.75, 1641.3, 327.68, 222.6, 163.93, 323.87, 172.78, 245.81, 98.02, 30.6, 63.9, 125, 64.56, 87.89, , , , , 
1/31/2020 8:51:10 AM, 3277.25, 9192, 1641.4, 327.68, 222.6, 163.93, 323.87, 172.78, 245.81, 98.02, 30.6, 63.9, 125, 64.56, 87.89, , , , , 
1/31/2020 8:51:13 AM, 3277.5, 9191.25, 1641.4, 327.68, 222.6, 163.93, 323.87, 172.78, 245.81, 98.02, 30.6, 63.9, 125, 64.56, 87.89, , , , , 
1/31/2020 8:51:16 AM, 3277.5, 9191.25, 1641.4, 327.68, 222.6, 163.93, 323.87, 172.78, 245.81, 98.02, 30.6, 63.9, 125, 64.56, 87.89, , , , , 
1/31/2020 8:51:19 AM, 3277.75, 9191.75, 1641.6, 327.68, 222.6, 163.93, 323.87, 172.78, 245.81, 98.02, 30.6, 63.9, 125, 64.56, 87.89, , , , , 
1/31/2020 8:51:22 AM, 3277.75, 9191.75, 1641.6, 327.68, 222.6, 163.93, 323.87, 172.78, 245.81, 98.02, 30.6, 63.9, 125, 64.56, 87.89, , , , , 
1/31/2020 8:51:25 AM, 3277.75, 9191.5, 1641.6, 327.68, 222.6, 163.93, 323.87, 172.78, 245.81, 98.02, 30.6, 63.9, 125, 64.56, 87.89, , , , , 
1/31/2020 8:51:28 AM, 3277.75, 9191.5, 1641.6, 327.68, 222.6, 163.93, 323.87, 172.78, 245.81, 98.02, 30.6, 63.9, 125, 64.56, 87.89, , , , , 
1/31/2020 8:51:31 AM, 3277.75, 9191.75, 1641.6, 327.68, 222.6, 163.93, 323.87, 172.78, 245.81, 98.02, 30.6, 63.9, 125, 64.56, 87.89, , , , , 
1/31/2020 8:51:34 AM, 3277.75, 9191.75, 1641.6, 327.68, 222.6, 163.93, 323.87, 172.78, 245.81, 98.02, 30.6, 63.9, 125, 64.56, 87.89, , , , , 
1/31/2020 8:51:37 AM, 3277.25, 9190.25, 1641.6, 327.68, 222.6, 163.93, 323.87, 172.78, 245.81, 98.02, 30.6, 63.9, 125, 64.56, 87.89, , , , , 
1/31/2020 8:51:40 AM, 3277.25, 9190.25, 1641.6, 327.68, 222.6, 163.93, 323.87, 172.78, 245.81, 98.02, 30.6, 63.9, 125, 64.56, 87.89, , , , , 
1/31/2020 8:51:43 AM, 3277.25, 9190.5, 1641.4, 327.68, 222.6, 163.93, 323.87, 172.78, 245.81, 98.02, 30.6, 63.9, 125, 64.56, 87.89, , , , , 
1/31/2020 8:51:46 AM, 3277.25, 9190.5, 1641.4, 327.68, 222.6, 163.93, 323.87, 172.78, 245.81, 98.02, 30.6, 63.9, 125, 64.56, 87.89, , , , , 
1/31/2020 8:51:49 AM, 3277.25, 9190, 1641.3, 327.68, 222.6, 163.93, 323.87, 172.78, 245.81, 98.02, 30.6, 63.9, 125, 64.56, 87.89, , , , , 
1/31/2020 8:51:52 AM, 3277.25, 9190, 1641.3, 327.68, 222.6, 163.93, 323.87, 172.78, 245.81, 98.02, 30.6, 63.9, 125, 64.56, 87.89, , , , , 
1/31/2020 8:51:55 AM, 3277, 9189.5, 1641.3, 327.68, 222.6, 163.93, 323.87, 172.78, 245.81, 98.02, 30.6, 63.9, 125, 64.56, 87.89, , , , , 
1/31/2020 8:51:58 AM, 3277, 9189.5, 1641.3, 327.68, 222.6, 163.93, 323.87, 172.78, 245.81, 98.02, 30.6, 63.9, 125, 64.56, 87.89, , , , , 
1/31/2020 8:52:01 AM, 3276.75, 9189, 1641.3, 327.68, 222.6, 163.93, 323.87, 172.78, 245.81, 98.02, 30.6, 63.9, 125, 64.56, 87.89, , , , , 
1/31/2020 8:52:04 AM, 3276.75, 9189, 1641.3, 327.68, 222.6, 163.93, 323.87, 172.78, 245.81, 98.02, 30.6, 63.9, 125, 64.56, 87.89, , , , , 
1/31/2020 8:52:07 AM, 3276.5, 9188, 1641.1, 327.68, 222.6, 163.93, 323.87, 172.78, 245.81, 98.02, 30.6, 63.9, 125, 64.56, 87.89, , , , , 
1/31/2020 8:52:10 AM, 3276.5, 9188, 1641.1, 327.68, 222.6, 163.93, 323.87, 172.78, 245.81, 98.02, 30.6, 63.9, 125, 64.56, 87.89, , , , , 
1/31/2020 8:52:13 AM, 3276.25, 9186.5, 1640.8, 327.68, 222.6, 163.93, 323.87, 172.78, 245.81, 98.02, 30.6, 63.9, 125, 64.56, 87.89, , , , , 
1/31/2020 8:52:16 AM, 3276.25, 9186.5, 1640.8, 327.68, 222.6, 163.93, 323.87, 172.78, 245.81, 98.02, 30.6, 63.9, 125, 64.56, 87.89, , , , , 
1/31/2020 8:52:19 AM, 3276.25, 9186.75, 1640.8, 327.68, 222.6, 163.93, 323.87, 172.78, 245.81, 98.02, 30.6, 63.9, 125, 64.56, 87.89, , , , , 
1/31/2020 8:52:22 AM, 3276.25, 9186.75, 1640.8, 327.68, 222.6, 163.93, 323.87, 172.78, 245.81, 98.02, 30.6, 63.9, 125, 64.56, 87.89, , , , , 
1/31/2020 8:52:25 AM, 3276.25, 9186.5, 1640.8, 327.68, 222.6, 163.93, 323.87, 172.78, 245.81, 98.02, 30.6, 63.9, 125, 64.56, 87.89, , , , , 
1/31/2020 8:52:28 AM, 3276.25, 9186.5, 1640.8, 327.68, 222.6, 163.93, 323.87, 172.78, 245.81, 98.02, 30.6, 63.9, 125, 64.56, 87.89, , , , , 
1/31/2020 8:52:31 AM, 3276.5, 9187.25, 1640.8, 327.68, 222.6, 163.93, 323.87, 172.78, 245.81, 98.02, 30.6, 63.9, 125, 64.56, 87.89, , , , , 
1/31/2020 8:52:34 AM, 3276.5, 9187.25, 1640.8, 327.68, 222.6, 163.93, 323.87, 172.78, 245.81, 98.02, 30.6, 63.9, 125, 64.56, 87.89, , , , , 
1/31/2020 8:52:37 AM, 3276.25, 9186, 1640.6, 327.68, 222.6, 163.93, 323.87, 172.78, 245.81, 98.02, 30.6, 63.9, 125, 64.56, 87.89, , , , , 
1/31/2020 8:52:40 AM, 3276.25, 9186, 1640.6, 327.68, 222.6, 163.93, 323.87, 172.78, 245.81, 98.02, 30.6, 63.9, 125, 64.56, 87.89, , , , , 
1/31/2020 8:52:43 AM, 3276.25, 9186.25, 1640.6, 327.68, 222.6, 163.93, 323.87, 172.78, 245.81, 98.02, 30.6, 63.9, 125, 64.56, 87.89, , , , , 
1/31/2020 8:52:46 AM, 3276.25, 9186.25, 1640.6, 327.68, 222.6, 163.93, 323.87, 172.78, 245.81, 98.02, 30.6, 63.9, 125, 64.56, 87.89, , , , , 
1/31/2020 8:52:49 AM, 3276, 9185.75, 1640.6, 327.68, 222.6, 163.93, 323.87, 172.78, 245.81, 98.02, 30.6, 63.9, 125, 64.56, 87.89, , , , , 
1/31/2020 8:52:52 AM, 3276, 9185.75, 1640.6, 327.68, 222.6, 163.93, 323.87, 172.78, 245.81, 98.02, 30.6, 63.9, 125, 64.56, 87.89, , , , , 
1/31/2020 8:52:55 AM, 3276, 9186, 1640.6, 327.68, 222.6, 163.93, 323.87, 172.78, 245.81, 98.02, 30.6, 63.9, 125, 64.56, 87.89, , , , , 
1/31/2020 8:52:58 AM, 3276, 9186, 1640.6, 327.68, 222.6, 163.93, 323.87, 172.78, 245.81, 98.02, 30.6, 63.9, 125, 64.56, 87.89, , , , , 
1/31/2020 8:53:01 AM, 3276, 9186.25, 1640.6, 327.68, 222.6, 163.93, 323.87, 172.78, 245.81, 98.02, 30.6, 63.9, 125, 64.56, 87.89, , , , , 
1/31/2020 8:53:04 AM, 3276, 9186.25, 1640.6, 327.68, 222.6, 163.93, 323.87, 172.78, 245.81, 98.02, 30.6, 63.9, 125, 64.56, 87.89, , , , , 
1/31/2020 8:53:07 AM, 3276.5, 9187.5, 1640.9, 327.68, 222.6, 163.93, 323.87, 172.78, 245.81, 98.02, 30.6, 63.9, 125, 64.56, 87.89, , , , , 
1/31/2020 8:53:10 AM, 3276.5, 9187.5, 1640.9, 327.68, 222.6, 163.93, 323.87, 172.78, 245.81, 98.02, 30.6, 63.9, 125, 64.56, 87.89, , , , , 
1/31/2020 8:53:13 AM, 3276.25, 9187.5, 1641, 327.68, 222.6, 163.93, 323.87, 172.78, 245.81, 98.02, 30.6, 63.9, 125, 64.56, 87.89, , , , , 
1/31/2020 8:53:16 AM, 3276.25, 9187.5, 1641, 327.68, 222.6, 163.93, 323.87, 172.78, 245.81, 98.02, 30.6, 63.9, 125, 64.56, 87.89, , , , , 
1/31/2020 8:53:19 AM, 3276.25, 9187.25, 1640.9, 327.68, 222.6, 163.93, 323.87, 172.78, 245.81, 98.02, 30.6, 63.9, 125, 64.56, 87.89, , , , , 
1/31/2020 8:53:22 AM, 3276.25, 9187.25, 1640.9, 327.68, 222.6, 163.93, 323.87, 172.78, 245.81, 98.02, 30.6, 63.9, 125, 64.56, 87.89, , , , , 
1/31/2020 8:53:25 AM, 3276.5, 9188, 1641, 327.68, 222.6, 163.93, 323.87, 172.78, 245.81, 98.02, 30.6, 63.9, 125, 64.56, 87.89, , , , , 
1/31/2020 8:53:28 AM, 3276.5, 9188, 1641, 327.68, 222.6, 163.93, 323.87, 172.78, 245.81, 98.02, 30.6, 63.9, 125, 64.56, 87.89, , , , , 
1/31/2020 8:53:32 AM, 3276.5, 9187.75, 1641, 327.68, 222.6, 163.93, 323.87, 172.78, 245.81, 98.02, 30.6, 63.9, 125, 64.56, 87.89, , , , , 
1/31/2020 8:53:35 AM, 3276.5, 9187.75, 1641, 327.68, 222.6, 163.93, 323.87, 172.78, 245.81, 98.02, 30.6, 63.9, 125, 64.56, 87.89, , , , , 
1/31/2020 8:53:38 AM, 3276.5, 9188, 1641, 327.68, 222.6, 163.93, 323.87, 172.78, 245.81, 98.02, 30.6, 63.9, 125, 64.56, 87.89, , , , , 
1/31/2020 8:53:41 AM, 3276.5, 9188, 1641, 327.68, 222.6, 163.93, 323.87, 172.78, 245.81, 98.02, 30.6, 63.9, 125, 64.56, 87.89, , , , , 
1/31/2020 8:53:44 AM, 3276.5, 9188.25, 1641, 327.68, 222.6, 163.93, 323.87, 172.78, 245.81, 98.02, 30.6, 63.9, 125, 64.56, 87.89, , , , , 
1/31/2020 8:53:47 AM, 3276.25, 9188, 1641.1, 327.68, 222.6, 163.93, 323.87, 172.78, 245.81, 98.02, 30.6, 63.9, 125, 64.56, 87.89, , , , , 
1/31/2020 8:53:50 AM, 3276.5, 9188.75, 1641.2, 327.68, 222.6, 163.93, 323.87, 172.78, 245.81, 98.02, 30.6, 63.9, 125, 64.56, 87.89, , , , , 
1/31/2020 8:53:53 AM, 3276.5, 9188.25, 1641.1, 327.68, 222.6, 163.93, 323.87, 172.78, 245.81, 98.02, 30.6, 63.9, 125, 64.56, 87.89, , , , , 
1/31/2020 8:53:56 AM, 3276.25, 9188, 1641, 327.68, 222.6, 163.93, 323.87, 172.78, 245.81, 98.02, 30.6, 63.9, 125, 64.56, 87.89, , , , , 
1/31/2020 8:53:59 AM, 3276.25, 9187.5, 1641, 327.68, 222.6, 163.93, 323.87, 172.78, 245.81, 98.02, 30.6, 63.9, 125, 64.56, 87.89, , , , , 
1/31/2020 8:54:02 AM, 3276.25, 9187.5, 1641, 327.68, 222.6, 163.93, 323.87, 172.78, 245.81, 98.02, 30.6, 63.9, 125, 64.56, 87.89, , , , , 
1/31/2020 8:54:05 AM, 3276.5, 9187.5, 1641, 327.68, 222.6, 163.93, 323.87, 172.78, 245.81, 98.02, 30.6, 63.9, 125, 64.56, 87.89, , , , , 
1/31/2020 8:54:08 AM, 3276.5, 9187.5, 1641, 327.68, 222.6, 163.93, 323.87, 172.78, 245.81, 98.02, 30.6, 63.9, 125, 64.56, 87.89, , , , , 
1/31/2020 8:54:11 AM, 3276.5, 9187.5, 1641, 327.68, 222.6, 163.93, 323.87, 172.78, 245.81, 98.02, 30.6, 63.9, 125, 64.56, 87.89, , , , , 
1/31/2020 8:54:14 AM, 3276.25, 9187, 1641, 327.68, 222.6, 163.93, 323.87, 172.78, 245.81, 98.02, 30.6, 63.9, 125, 64.56, 87.89, , , , , 
1/31/2020 8:54:17 AM, 3276.25, 9187.25, 1641, 327.68, 222.6, 163.93, 323.87, 172.78, 245.81, 98.02, 30.6, 63.9, 125, 64.56, 87.89, , , , , 
1/31/2020 8:54:20 AM, 3276.25, 9186.75, 1641, 327.68, 222.6, 163.93, 323.87, 172.78, 245.81, 98.02, 30.6, 63.9, 125, 64.56, 87.89, , , , , 
1/31/2020 8:54:23 AM, 3276.25, 9186.25, 1640.6, 327.68, 222.6, 163.93, 323.87, 172.78, 245.81, 98.02, 30.6, 63.9, 125, 64.56, 87.89, , , , , 
1/31/2020 8:54:26 AM, 3276, 9185.75, 1640.5, 327.68, 222.6, 163.93, 323.87, 172.78, 245.81, 98.02, 30.6, 63.9, 125, 64.56, 87.89, , , , , 
1/31/2020 8:54:29 AM, 3275.75, 9186.25, 1640.5, 327.68, 222.6, 163.93, 323.87, 172.78, 245.81, 98.02, 30.6, 63.9, 125, 64.56, 87.89, , , , , 
1/31/2020 8:54:32 AM, 3276, 9186.5, 1640.5, 327.68, 222.6, 163.93, 323.87, 172.78, 245.81, 98.02, 30.6, 63.9, 125, 64.56, 87.89, , , , , 
1/31/2020 8:54:35 AM, 3276.25, 9186.75, 1640.6, 327.68, 222.6, 163.93, 323.87, 172.78, 245.81, 98.02, 30.6, 63.9, 125, 64.56, 87.89, , , , , 
1/31/2020 8:54:38 AM, 3276, 9187, 1640.6, 327.68, 222.6, 163.93, 323.87, 172.78, 245.81, 98.02, 30.6, 63.9, 125, 64.56, 87.89, , , , , 
1/31/2020 8:54:41 AM, 3276, 9187.25, 1640.6, 327.68, 222.6, 163.93, 323.87, 172.78, 245.81, 98.02, 30.6, 63.9, 125, 64.56, 87.89, , , , , 
1/31/2020 8:54:44 AM, 3276.25, 9186.75, 1640.6, 327.68, 222.6, 163.93, 323.87, 172.78, 245.81, 98.02, 30.6, 63.9, 125, 64.56, 87.89, , , , , 
1/31/2020 8:54:47 AM, 3276.25, 9186.75, 1640.6, 327.68, 222.6, 163.93, 323.87, 172.78, 245.81, 98.02, 30.6, 63.9, 125, 64.56, 87.89, , , , , 
1/31/2020 8:54:50 AM, 3276.25, 9186.75, 1640.6, 327.68, 222.6, 163.93, 323.87, 172.78, 245.81, 98.02, 30.6, 63.9, 125, 64.56, 87.89, , , , , 
1/31/2020 8:54:53 AM, 3276.25, 9186.75, 1640.6, 327.68, 222.6, 163.93, 323.87, 172.78, 245.81, 98.02, 30.6, 63.9, 125, 64.56, 87.89, , , , , 
1/31/2020 8:54:56 AM, 3276, 9186.25, 1640.6, 327.68, 222.6, 163.93, 323.87, 172.78, 245.81, 98.02, 30.6, 63.9, 125, 64.56, 87.89, , , , , 
1/31/2020 8:54:59 AM, 3276, 9186.75, 1640.6, 327.68, 222.6, 163.93, 323.87, 172.78, 245.81, 98.02, 30.6, 63.9, 125, 64.56, 87.89, , , , , 
1/31/2020 8:55:02 AM, 3276.25, 9187.25, 1640.6, 327.68, 222.6, 163.93, 323.87, 172.78, 245.81, 98.02, 30.6, 63.9, 125, 64.56, 87.89, , , , , 
1/31/2020 8:55:05 AM, 3276.5, 9187.75, 1640.7, 327.68, 222.6, 163.93, 323.87, 172.78, 245.81, 98.02, 30.6, 63.9, 125, 64.56, 87.89, , , , , 
1/31/2020 8:55:08 AM, 3276.75, 9188.25, 1640.8, 327.68, 222.6, 163.93, 323.87, 172.78, 245.81, 98.02, 30.6, 63.9, 125, 64.56, 87.89, , , , , 
1/31/2020 8:55:11 AM, 3276.75, 9188.25, 1640.8, 327.68, 222.6, 163.93, 323.87, 172.78, 245.81, 98.02, 30.6, 63.9, 125, 64.56, 87.89, , , , , 
1/31/2020 8:55:14 AM, 3276.75, 9188.25, 1640.8, 327.68, 222.6, 163.93, 323.87, 172.78, 245.81, 98.02, 30.6, 63.9, 125, 64.56, 87.89, , , , , 
1/31/2020 8:55:17 AM, 3276.5, 9188, 1640.8, 327.68, 222.6, 163.93, 323.87, 172.78, 245.81, 98.02, 30.6, 63.9, 125, 64.56, 87.89, , , , , 
1/31/2020 8:55:20 AM, 3276.75, 9188.25, 1640.8, 327.68, 222.6, 163.93, 323.87, 172.78, 245.81, 98.02, 30.6, 63.9, 125, 64.56, 87.89, , , , , 
1/31/2020 8:55:23 AM, 3276.75, 9188.25, 1640.8, 327.68, 222.6, 163.93, 323.87, 172.78, 245.81, 98.02, 30.6, 63.9, 125, 64.56, 87.89, , , , , 
1/31/2020 8:55:26 AM, 3276.5, 9187.75, 1640.8, 327.68, 222.6, 163.93, 323.87, 172.78, 245.81, 98.02, 30.6, 63.9, 125, 64.56, 87.89, , , , , 
1/31/2020 8:55:29 AM, 3276.5, 9188.25, 1640.8, 327.68, 222.6, 163.93, 323.87, 172.78, 245.81, 98.02, 30.6, 63.9, 125, 64.56, 87.89, , , , , 
1/31/2020 8:55:32 AM, 3276.75, 9188.25, 1640.8, 327.68, 222.6, 163.93, 323.87, 172.78, 245.81, 98.02, 30.6, 63.9, 125, 64.56, 87.89, , , , , 
1/31/2020 8:55:35 AM, 3276.5, 9187.75, 1640.7, 327.68, 222.6, 163.93, 323.87, 172.78, 245.81, 98.02, 30.6, 63.9, 125, 64.56, 87.89, , , , , 
1/31/2020 8:55:38 AM, 3276.5, 9187.75, 1640.7, 327.68, 222.6, 163.93, 323.87, 172.78, 245.81, 98.02, 30.6, 63.9, 125, 64.56, 87.89, , , , , 
1/31/2020 8:55:41 AM, 3276.5, 9187.75, 1640.7, 327.68, 222.6, 163.93, 323.87, 172.78, 245.81, 98.02, 30.6, 63.9, 125, 64.56, 87.89, , , , , 
1/31/2020 8:55:44 AM, 3276.25, 9187, 1640.6, 327.68, 222.6, 163.93, 323.87, 172.78, 245.81, 98.02, 30.6, 63.9, 125, 64.56, 87.89, , , , , 
1/31/2020 8:55:47 AM, 3276.25, 9186.75, 1640.6, 327.68, 222.6, 163.93, 323.87, 172.78, 245.81, 98.02, 30.6, 63.9, 125, 64.56, 87.89, , , , , 
1/31/2020 8:55:50 AM, 3276.25, 9186.75, 1640.6, 327.68, 222.6, 163.93, 323.87, 172.78, 245.81, 98.02, 30.6, 63.9, 125, 64.56, 87.89, , , , , 
1/31/2020 8:55:53 AM, 3276.25, 9187, 1640.6, 327.68, 222.6, 163.93, 323.87, 172.78, 245.81, 98.02, 30.6, 63.9, 125, 64.56, 87.89, , , , , 
1/31/2020 8:55:56 AM, 3276, 9187, 1640.6, 327.68, 222.6, 163.93, 323.87, 172.78, 245.81, 98.02, 30.6, 63.9, 125, 64.56, 87.89, , , , , 
1/31/2020 8:55:59 AM, 3276.25, 9187.25, 1640.7, 327.68, 222.6, 163.93, 323.87, 172.78, 245.81, 98.02, 30.6, 63.9, 125, 64.56, 87.89, , , , , 
1/31/2020 8:56:02 AM, 3276.25, 9187.25, 1640.7, 327.68, 222.6, 163.93, 323.87, 172.78, 245.81, 98.02, 30.6, 63.9, 125, 64.56, 87.89, , , , , 
1/31/2020 8:56:05 AM, 3276.5, 9188.5, 1640.9, 327.68, 222.6, 163.93, 323.87, 172.78, 245.81, 98.02, 30.6, 63.9, 125, 64.56, 87.89, , , , , 
1/31/2020 8:56:08 AM, 3276.75, 9188.75, 1640.9, 327.68, 222.6, 163.93, 323.87, 172.78, 245.81, 98.02, 30.6, 63.9, 125, 64.56, 87.89, , , , , 
1/31/2020 8:56:12 AM, 3276.75, 9189, 1641, 327.68, 222.6, 163.93, 323.87, 172.78, 245.81, 98.02, 30.6, 63.9, 125, 64.56, 87.89, , , , , 
1/31/2020 8:56:15 AM, 3276.75, 9189.25, 1641, 327.68, 222.6, 163.93, 323.87, 172.78, 245.81, 98.02, 30.6, 63.9, 125, 64.56, 87.89, , , , , 
1/31/2020 8:56:18 AM, 3276.75, 9189, 1641, 327.68, 222.6, 163.93, 323.87, 172.78, 245.81, 98.02, 30.6, 63.9, 125, 64.56, 87.89, , , , , 
1/31/2020 8:56:21 AM, 3277, 9189.25, 1641, 327.68, 222.6, 163.93, 323.87, 172.78, 245.81, 98.02, 30.6, 63.9, 125, 64.56, 87.89, , , , , 
1/31/2020 8:56:24 AM, 3276.75, 9189, 1641, 327.68, 222.6, 163.93, 323.87, 172.78, 245.81, 98.02, 30.6, 63.9, 125, 64.56, 87.89, , , , , 
1/31/2020 8:56:27 AM, 3277, 9188.75, 1641, 327.68, 222.6, 163.93, 323.87, 172.78, 245.81, 98.02, 30.6, 63.9, 125, 64.56, 87.89, , , , , 
1/31/2020 8:56:30 AM, 3276.75, 9188.75, 1641, 327.68, 222.6, 163.93, 323.87, 172.78, 245.81, 98.02, 30.6, 63.9, 125, 64.56, 87.89, , , , , 
1/31/2020 8:56:33 AM, 3276.75, 9189, 1641, 327.68, 222.6, 163.93, 323.87, 172.78, 245.81, 98.02, 30.6, 63.9, 125, 64.56, 87.89, , , , , 
1/31/2020 8:56:36 AM, 3277, 9188.75, 1641.1, 327.68, 222.6, 163.93, 323.87, 172.78, 245.81, 98.02, 30.6, 63.9, 125, 64.56, 87.89, , , , , 
1/31/2020 8:56:39 AM, 3277, 9189.25, 1641.2, 327.68, 222.6, 163.93, 323.87, 172.78, 245.81, 98.02, 30.6, 63.9, 125, 64.56, 87.89, , , , , 
1/31/2020 8:56:42 AM, 3277, 9188.75, 1641.1, 327.68, 222.6, 163.93, 323.87, 172.78, 245.81, 98.02, 30.6, 63.9, 125, 64.56, 87.89, , , , , 
1/31/2020 8:56:45 AM, 3277, 9188.5, 1641.1, 327.68, 222.6, 163.93, 323.87, 172.78, 245.81, 98.02, 30.6, 63.9, 125, 64.56, 87.89, , , , , 
1/31/2020 8:56:48 AM, 3277, 9188.75, 1641.1, 327.68, 222.6, 163.93, 323.87, 172.78, 245.81, 98.02, 30.6, 63.9, 125, 64.56, 87.89, , , , , 
1/31/2020 8:56:51 AM, 3277.25, 9189.25, 1641.2, 327.68, 222.6, 163.93, 323.87, 172.78, 245.81, 98.02, 30.6, 63.9, 125, 64.56, 87.89, , , , , 
1/31/2020 8:56:54 AM, 3277, 9189, 1641.2, 327.68, 222.6, 163.93, 323.87, 172.78, 245.81, 98.02, 30.6, 63.9, 125, 64.56, 87.89, , , , , 
1/31/2020 8:56:57 AM, 3277.25, 9189, 1641.2, 327.68, 222.6, 163.93, 323.87, 172.78, 245.81, 98.02, 30.6, 63.9, 125, 64.56, 87.89, , , , , 
1/31/2020 8:57:00 AM, 3277, 9188.75, 1641.2, 327.68, 222.6, 163.93, 323.87, 172.78, 245.81, 98.02, 30.6, 63.9, 125, 64.56, 87.89, , , , , 
1/31/2020 8:57:03 AM, 3277.25, 9189.5, 1641.2, 327.68, 222.6, 163.93, 323.87, 172.78, 245.81, 98.02, 30.6, 63.9, 125, 64.56, 87.89, , , , , 
1/31/2020 8:57:06 AM, 3277.25, 9189.5, 1641.2, 327.68, 222.6, 163.93, 323.87, 172.78, 245.81, 98.02, 30.6, 63.9, 125, 64.56, 87.89, , , , , 
1/31/2020 8:57:09 AM, 3277.25, 9189.5, 1641.2, 327.68, 222.6, 163.93, 323.87, 172.78, 245.81, 98.02, 30.6, 63.9, 125, 64.56, 87.89, , , , , 
1/31/2020 8:57:12 AM, 3277.5, 9190, 1641.2, 327.68, 222.6, 163.93, 323.87, 172.78, 245.81, 98.02, 30.6, 63.9, 125, 64.56, 87.89, , , , , 
1/31/2020 8:57:15 AM, 3277.5, 9190, 1641.4, 327.68, 222.6, 163.93, 323.87, 172.78, 245.81, 98.02, 30.6, 63.9, 125, 64.56, 87.89, , , , , 
1/31/2020 8:57:18 AM, 3277.5, 9190.25, 1641.4, 327.68, 222.6, 163.93, 323.87, 172.78, 245.81, 98.02, 30.6, 63.9, 125, 64.56, 87.89, , , , , 
1/31/2020 8:57:21 AM, 3277.75, 9190.5, 1641.4, 327.68, 222.6, 163.93, 323.87, 172.78, 245.81, 98.02, 30.6, 63.9, 125, 64.56, 87.89, , , , , 
1/31/2020 8:57:24 AM, 3277.75, 9190.5, 1641.4, 327.68, 222.6, 163.93, 323.87, 172.78, 245.81, 98.02, 30.6, 63.9, 125, 64.56, 87.89, , , , , 
1/31/2020 8:57:27 AM, 3277.5, 9190.25, 1641.4, 327.68, 222.6, 163.93, 323.87, 172.78, 245.81, 98.02, 30.6, 63.9, 125, 64.56, 87.89, , , , , 
1/31/2020 8:57:30 AM, 3277.5, 9190.25, 1641.4, 327.68, 222.6, 163.93, 323.87, 172.78, 245.81, 98.02, 30.6, 63.9, 125, 64.56, 87.89, , , , , 
1/31/2020 8:57:33 AM, 3277.5, 9190, 1641.4, 327.68, 222.6, 163.93, 323.87, 172.78, 245.81, 98.02, 30.6, 63.9, 125, 64.56, 87.89, , , , , 
1/31/2020 8:57:36 AM, 3277.25, 9189.5, 1641.4, 327.68, 222.6, 163.93, 323.87, 172.78, 245.81, 98.02, 30.6, 63.9, 125, 64.56, 87.89, , , , , 
1/31/2020 8:57:39 AM, 3277, 9188.5, 1641.3, 327.68, 222.6, 163.93, 323.87, 172.78, 245.81, 98.02, 30.6, 63.9, 125, 64.56, 87.89, , , , , 
1/31/2020 8:57:42 AM, 3277, 9189, 1641.3, 327.68, 222.6, 163.93, 323.87, 172.78, 245.81, 98.02, 30.6, 63.9, 125, 64.56, 87.89, , , , , 
1/31/2020 8:57:45 AM, 3277, 9188.75, 1641.2, 327.68, 222.6, 163.93, 323.87, 172.78, 245.81, 98.02, 30.6, 63.9, 125, 64.56, 87.89, , , , , 
1/31/2020 8:57:48 AM, 3277, 9188.75, 1641.2, 327.68, 222.6, 163.93, 323.87, 172.78, 245.81, 98.02, 30.6, 63.9, 125, 64.56, 87.89, , , , , 
1/31/2020 8:57:51 AM, 3277.25, 9188.5, 1641.2, 327.68, 222.6, 163.93, 323.87, 172.78, 245.81, 98.02, 30.6, 63.9, 125, 64.56, 87.89, , , , , 
1/31/2020 8:57:54 AM, 3277, 9188.5, 1641.2, 327.68, 222.6, 163.93, 323.87, 172.78, 245.81, 98.02, 30.6, 63.9, 125, 64.56, 87.89, , , , , 
1/31/2020 8:57:57 AM, 3277, 9188.5, 1641.2, 327.68, 222.6, 163.93, 323.87, 172.78, 245.81, 98.02, 30.6, 63.9, 125, 64.56, 87.89, , , , , 
1/31/2020 8:58:00 AM, 3277, 9188.25, 1641.2, 327.68, 222.6, 163.93, 323.87, 172.78, 245.81, 98.02, 30.6, 63.9, 125, 64.56, 87.89, , , , , 
1/31/2020 8:58:03 AM, 3277, 9188.25, 1641.2, 327.68, 222.6, 163.93, 323.87, 172.78, 245.81, 98.02, 30.6, 63.9, 125, 64.56, 87.89, , , , , 
1/31/2020 8:58:06 AM, 3277, 9188.5, 1641.3, 327.68, 222.6, 163.93, 323.87, 172.78, 245.81, 98.02, 30.6, 63.9, 125, 64.56, 87.89, , , , , 
1/31/2020 8:58:09 AM, 3276.75, 9188, 1641.3, 327.68, 222.6, 163.93, 323.87, 172.78, 245.81, 98.02, 30.6, 63.9, 125, 64.56, 87.89, , , , , 
1/31/2020 8:58:12 AM, 3276.5, 9187, 1641.1, 327.68, 222.6, 163.93, 323.87, 172.78, 245.81, 98.02, 30.6, 63.9, 125, 64.56, 87.89, , , , , 
1/31/2020 8:58:15 AM, 3276.5, 9187, 1641.1, 327.68, 222.6, 163.93, 323.87, 172.78, 245.81, 98.02, 30.6, 63.9, 125, 64.56, 87.89, , , , , 
1/31/2020 8:58:18 AM, 3276.5, 9186, 1641.1, 327.68, 222.6, 163.93, 323.87, 172.78, 245.81, 98.02, 30.6, 63.9, 125, 64.56, 87.89, , , , , 
1/31/2020 8:58:21 AM, 3276.25, 9186, 1641.1, 327.68, 222.6, 163.93, 323.87, 172.78, 245.81, 98.02, 30.6, 63.9, 125, 64.56, 87.89, , , , , 
1/31/2020 8:58:24 AM, 3276.25, 9185.75, 1641.1, 327.68, 222.6, 163.93, 323.87, 172.78, 245.81, 98.02, 30.6, 63.9, 125, 64.56, 87.89, , , , , 
1/31/2020 8:58:27 AM, 3276.5, 9186.25, 1641.2, 327.68, 222.6, 163.93, 323.87, 172.78, 245.81, 98.02, 30.6, 63.9, 125, 64.56, 87.89, , , , , 
1/31/2020 8:58:30 AM, 3276.5, 9186.25, 1641.2, 327.68, 222.6, 163.93, 323.87, 172.78, 245.81, 98.02, 30.6, 63.9, 125, 64.56, 87.89, , , , , 
1/31/2020 8:58:34 AM, 3276.5, 9186.5, 1641.2, 327.68, 222.6, 163.93, 323.87, 172.78, 245.81, 98.02, 30.6, 63.9, 125, 64.56, 87.89, , , , , 
1/31/2020 8:58:37 AM, 3276.5, 9187, 1641.2, 327.68, 222.6, 163.93, 323.87, 172.78, 245.81, 98.02, 30.6, 63.9, 125, 64.56, 87.89, , , , , 
1/31/2020 8:58:40 AM, 3276.75, 9186.75, 1641.2, 327.68, 222.6, 163.93, 323.87, 172.78, 245.81, 98.02, 30.6, 63.9, 125, 64.56, 87.89, , , , , 
1/31/2020 8:58:43 AM, 3276.75, 9187.5, 1641.3, 327.68, 222.6, 163.93, 323.87, 172.78, 245.81, 98.02, 30.6, 63.9, 125, 64.56, 87.89, , , , , 
1/31/2020 8:58:46 AM, 3276.75, 9187.5, 1641.3, 327.68, 222.6, 163.93, 323.87, 172.78, 245.81, 98.02, 30.6, 63.9, 125, 64.56, 87.89, , , , , 
1/31/2020 8:58:49 AM, 3276.75, 9187.5, 1641.3, 327.68, 222.6, 163.93, 323.87, 172.78, 245.81, 98.02, 30.6, 63.9, 125, 64.56, 87.89, , , , , 
1/31/2020 8:58:52 AM, 3276.75, 9187.5, 1641.3, 327.68, 222.6, 163.93, 323.87, 172.78, 245.81, 98.02, 30.6, 63.9, 125, 64.56, 87.89, , , , , 
1/31/2020 8:58:55 AM, 3277, 9188.25, 1641.4, 327.68, 222.6, 163.93, 323.87, 172.78, 245.81, 98.02, 30.6, 63.9, 125, 64.56, 87.89, , , , , 
1/31/2020 8:58:58 AM, 3277, 9188.25, 1641.4, 327.68, 222.6, 163.93, 323.87, 172.78, 245.81, 98.02, 30.6, 63.9, 125, 64.56, 87.89, , , , , 
1/31/2020 8:59:01 AM, 3277, 9187.25, 1641.3, 327.68, 222.6, 163.93, 323.87, 172.78, 245.81, 98.02, 30.6, 63.9, 125, 64.56, 87.89, , , , , 
1/31/2020 8:59:04 AM, 3277, 9187.25, 1641.3, 327.68, 222.6, 163.93, 323.87, 172.78, 245.81, 98.02, 30.6, 63.9, 125, 64.56, 87.89, , , , , 
1/31/2020 8:59:07 AM, 3276.5, 9186, 1641.2, 327.68, 222.6, 163.93, 323.87, 172.78, 245.81, 98.02, 30.6, 63.9, 125, 64.56, 87.89, , , , , 
1/31/2020 8:59:10 AM, 3276.5, 9186, 1641.2, 327.68, 222.6, 163.93, 323.87, 172.78, 245.81, 98.02, 30.6, 63.9, 125, 64.56, 87.89, , , , , 
1/31/2020 8:59:13 AM, 3277, 9186.75, 1641.3, 327.68, 222.6, 163.93, 323.87, 172.78, 245.81, 98.02, 30.6, 63.9, 125, 64.56, 87.89, , , , , 
1/31/2020 8:59:16 AM, 3277, 9186.75, 1641.3, 327.68, 222.6, 163.93, 323.87, 172.78, 245.81, 98.02, 30.6, 63.9, 125, 64.56, 87.89, , , , , 
1/31/2020 8:59:19 AM, 3276.75, 9185.75, 1641.3, 327.68, 222.6, 163.93, 323.87, 172.78, 245.81, 98.02, 30.6, 63.9, 125, 64.56, 87.89, , , , , 
1/31/2020 8:59:22 AM, 3276.75, 9185.75, 1641.3, 327.68, 222.6, 163.93, 323.87, 172.78, 245.81, 98.02, 30.6, 63.9, 125, 64.56, 87.89, , , , , 
1/31/2020 8:59:25 AM, 3276.75, 9186, 1641.3, 327.68, 222.6, 163.93, 323.87, 172.78, 245.81, 98.02, 30.6, 63.9, 125, 64.56, 87.89, , , , , 
1/31/2020 8:59:28 AM, 3276.75, 9186, 1641.3, 327.68, 222.6, 163.93, 323.87, 172.78, 245.81, 98.02, 30.6, 63.9, 125, 64.56, 87.89, , , , , 
1/31/2020 8:59:31 AM, 3276.75, 9186, 1641.3, 327.68, 222.6, 163.93, 323.87, 172.78, 245.81, 98.02, 30.6, 63.9, 125, 64.56, 87.89, , , , , 
1/31/2020 8:59:34 AM, 3276.75, 9186, 1641.3, 327.68, 222.6, 163.93, 323.87, 172.78, 245.81, 98.02, 30.6, 63.9, 125, 64.56, 87.89, , , , , 
1/31/2020 8:59:37 AM, 3276.75, 9186.75, 1641.3, 327.68, 222.6, 163.93, 323.87, 172.78, 245.81, 98.02, 30.6, 63.9, 125, 64.56, 87.89, , , , , 
1/31/2020 8:59:40 AM, 3276.75, 9186.75, 1641.3, 327.68, 222.6, 163.93, 323.87, 172.78, 245.81, 98.02, 30.6, 63.9, 125, 64.56, 87.89, , , , , 
1/31/2020 8:59:43 AM, 3276.75, 9186.5, 1641.3, 327.68, 222.6, 163.93, 323.87, 172.78, 245.81, 98.02, 30.6, 63.9, 125, 64.56, 87.89, , , , , 
1/31/2020 8:59:46 AM, 3276.75, 9186.5, 1641.3, 327.68, 222.6, 163.93, 323.87, 172.78, 245.81, 98.02, 30.6, 63.9, 125, 64.56, 87.89, , , , , 
1/31/2020 8:59:49 AM, 3276.5, 9186.25, 1641.2, 327.68, 222.6, 163.93, 323.87, 172.78, 245.81, 98.02, 30.6, 63.9, 125, 64.56, 87.89, , , , , 
1/31/2020 8:59:52 AM, 3276.5, 9186.25, 1641.2, 327.68, 222.6, 163.93, 323.87, 172.78, 245.81, 98.02, 30.6, 63.9, 125, 64.56, 87.89, , , , , 
1/31/2020 8:59:55 AM, 3276.5, 9186.25, 1641.2, 327.68, 222.6, 163.93, 323.87, 172.78, 245.81, 98.02, 30.6, 63.9, 125, 64.56, 87.89, , , , , 
1/31/2020 8:59:58 AM, 3276.5, 9186.25, 1641.2, 327.68, 222.6, 163.93, 323.87, 172.78, 245.81, 98.02, 30.6, 63.9, 125, 64.56, 87.89, , , , , 
1/31/2020 9:00:01 AM, 3276.75, 9187.5, 1641.3, 327.68, 222.6, 163.93, 323.87, 172.78, 245.81, 98.02, 30.6, 63.9, 125, 64.56, 87.89, , , , , 
1/31/2020 9:00:04 AM, 3276.75, 9187.5, 1641.3, 327.68, 222.6, 163.93, 323.87, 172.78, 245.81, 98.02, 30.6, 63.9, 125, 64.56, 87.89, , , , , 
1/31/2020 9:00:07 AM, 3277.5, 9188.25, 1641.4, 327.68, 222.6, 163.93, 323.87, 172.78, 245.81, 98.02, 30.6, 63.9, 125, 64.56, 87.89, , , , , 
1/31/2020 9:00:10 AM, 3277.5, 9188.25, 1641.4, 327.68, 222.6, 163.93, 323.87, 172.78, 245.81, 98.02, 30.6, 63.9, 125, 64.56, 87.89, , , , , 
1/31/2020 9:00:13 AM, 3277.25, 9187.75, 1641.5, 327.68, 222.6, 163.93, 323.87, 172.78, 245.81, 98.02, 30.6, 63.9, 125, 64.56, 87.89, , , , , 
1/31/2020 9:00:16 AM, 3277.25, 9187.75, 1641.5, 327.68, 222.6, 163.93, 323.87, 172.78, 245.81, 98.02, 30.6, 63.9, 125, 64.56, 87.89, , , , , 
1/31/2020 9:00:19 AM, 3277.25, 9188.5, 1641.7, 327.68, 222.6, 163.93, 323.87, 172.78, 245.81, 98.02, 30.6, 63.9, 125, 64.56, 87.89, , , , , 
1/31/2020 9:00:22 AM, 3277.25, 9188.5, 1641.7, 327.68, 222.6, 163.93, 323.87, 172.78, 245.81, 98.02, 30.6, 63.9, 125, 64.56, 87.89, , , , , 
1/31/2020 9:00:25 AM, 3277.25, 9188.25, 1641.6, 327.68, 222.6, 163.93, 323.87, 172.78, 245.81, 98.02, 30.6, 63.9, 125, 64.56, 87.89, , , , , 
1/31/2020 9:00:28 AM, 3277.25, 9188.25, 1641.6, 327.68, 222.6, 163.93, 323.87, 172.78, 245.81, 98.02, 30.6, 63.9, 125, 64.56, 87.89, , , , , 
1/31/2020 9:00:31 AM, 3277.25, 9188.5, 1641.7, 327.68, 222.6, 163.93, 323.87, 172.78, 245.81, 98.02, 30.6, 63.9, 125, 64.56, 87.89, , , , , 
1/31/2020 9:00:34 AM, 3277.25, 9188.5, 1641.7, 327.68, 222.6, 163.93, 323.87, 172.78, 245.81, 98.02, 30.6, 63.9, 125, 64.56, 87.89, , , , , 
1/31/2020 9:00:37 AM, 3277, 9188.25, 1641.7, 327.68, 222.6, 163.93, 323.87, 172.78, 245.81, 98.02, 30.6, 63.9, 125, 64.56, 87.89, , , , , 
1/31/2020 9:00:40 AM, 3277, 9188.25, 1641.7, 327.68, 222.6, 163.93, 323.87, 172.78, 245.81, 98.02, 30.6, 63.9, 125, 64.56, 87.89, , , , , 
1/31/2020 9:00:43 AM, 3276.75, 9187.5, 1641.5, 327.68, 222.6, 163.93, 323.87, 172.78, 245.81, 98.02, 30.6, 63.9, 125, 64.56, 87.89, , , , , 
1/31/2020 9:00:46 AM, 3276.75, 9187.5, 1641.5, 327.68, 222.6, 163.93, 323.87, 172.78, 245.81, 98.02, 30.6, 63.9, 125, 64.56, 87.89, , , , , 
1/31/2020 9:00:49 AM, 3277, 9188.25, 1641.5, 327.68, 222.6, 163.93, 323.87, 172.78, 245.81, 98.02, 30.6, 63.9, 125, 64.56, 87.89, , , , , 
1/31/2020 9:00:52 AM, 3277, 9188.25, 1641.5, 327.68, 222.6, 163.93, 323.87, 172.78, 245.81, 98.02, 30.6, 63.9, 125, 64.56, 87.89, , , , , 
1/31/2020 9:00:55 AM, 3277.25, 9189.25, 1641.7, 327.68, 222.6, 163.93, 323.87, 172.78, 245.81, 98.02, 30.6, 63.9, 125, 64.56, 87.89, , , , , 
1/31/2020 9:00:58 AM, 3277.25, 9189.25, 1641.7, 327.68, 222.6, 163.93, 323.87, 172.78, 245.81, 98.02, 30.6, 63.9, 125, 64.56, 87.89, , , , , 
1/31/2020 9:01:01 AM, 3277.25, 9188.5, 1641.5, 327.68, 222.6, 163.93, 323.87, 172.78, 245.81, 98.02, 30.6, 63.9, 125, 64.56, 87.89, , , , , 
1/31/2020 9:01:04 AM, 3277.25, 9188.5, 1641.5, 327.68, 222.6, 163.93, 323.87, 172.78, 245.81, 98.02, 30.6, 63.9, 125, 64.56, 87.89, , , , , 
1/31/2020 9:01:07 AM, 3277.25, 9188, 1641.3, 327.68, 222.6, 163.93, 323.87, 172.78, 245.81, 98.02, 30.6, 63.9, 125, 64.56, 87.89, , , , , 
1/31/2020 9:01:10 AM, 3277.25, 9188, 1641.3, 327.68, 222.6, 163.93, 323.87, 172.78, 245.81, 98.02, 30.6, 63.9, 125, 64.56, 87.89, , , , , 
1/31/2020 9:01:13 AM, 3277, 9187.75, 1641.2, 327.68, 222.6, 163.93, 323.87, 172.78, 245.81, 98.02, 30.6, 63.9, 125, 64.56, 87.89, , , , , 
1/31/2020 9:01:17 AM, 3277, 9187.75, 1641.2, 327.68, 222.6, 163.93, 323.87, 172.78, 245.81, 98.02, 30.6, 63.9, 125, 64.56, 87.89, , , , , 
1/31/2020 9:01:20 AM, 3277, 9188, 1641.2, 327.68, 222.6, 163.93, 323.87, 172.78, 245.81, 98.02, 30.6, 63.9, 125, 64.56, 87.89, , , , , 
1/31/2020 9:01:23 AM, 3277, 9188, 1641.2, 327.68, 222.6, 163.93, 323.87, 172.78, 245.81, 98.02, 30.6, 63.9, 125, 64.56, 87.89, , , , , 
1/31/2020 9:01:26 AM, 3277, 9187.5, 1641.1, 327.68, 222.6, 163.93, 323.87, 172.78, 245.81, 98.02, 30.6, 63.9, 125, 64.56, 87.89, , , , , 
1/31/2020 9:01:29 AM, 3276.75, 9187, 1641, 327.68, 222.6, 163.93, 323.87, 172.78, 245.81, 98.02, 30.6, 63.9, 125, 64.56, 87.89, , , , , 
1/31/2020 9:01:32 AM, 3277, 9188, 1641.1, 327.68, 222.6, 163.93, 323.87, 172.78, 245.81, 98.02, 30.6, 63.9, 125, 64.56, 87.89, , , , , 
1/31/2020 9:01:35 AM, 3277.25, 9188.25, 1641.1, 327.68, 222.6, 163.93, 323.87, 172.78, 245.81, 98.02, 30.6, 63.9, 125, 64.56, 87.89, , , , , 
1/31/2020 9:01:38 AM, 3277.25, 9188.5, 1641.3, 327.68, 222.6, 163.93, 323.87, 172.78, 245.81, 98.02, 30.6, 63.9, 125, 64.56, 87.89, , , , , 
1/31/2020 9:01:41 AM, 3277.75, 9190.25, 1641.7, 327.68, 222.6, 163.93, 323.87, 172.78, 245.81, 98.02, 30.6, 63.9, 125, 64.56, 87.89, , , , , 
1/31/2020 9:01:44 AM, 3277.5, 9189.75, 1641.6, 327.68, 222.6, 163.93, 323.87, 172.78, 245.81, 98.02, 30.6, 63.9, 125, 64.56, 87.89, , , , , 
1/31/2020 9:01:47 AM, 3277.75, 9190.5, 1641.6, 327.68, 222.6, 163.93, 323.87, 172.78, 245.81, 98.02, 30.6, 63.9, 125, 64.56, 87.89, , , , , 
1/31/2020 9:01:50 AM, 3277.75, 9190.75, 1641.6, 327.68, 222.6, 163.93, 323.87, 172.78, 245.81, 98.02, 30.6, 63.9, 125, 64.56, 87.89, , , , , 
1/31/2020 9:01:53 AM, 3277.75, 9190.5, 1641.6, 327.68, 222.6, 163.93, 323.87, 172.78, 245.81, 98.02, 30.6, 63.9, 125, 64.56, 87.89, , , , , 
1/31/2020 9:01:56 AM, 3277.75, 9190.25, 1641.5, 327.68, 222.6, 163.93, 323.87, 172.78, 245.81, 98.02, 30.6, 63.9, 125, 64.56, 87.89, , , , , 
1/31/2020 9:01:59 AM, 3277.75, 9190.5, 1641.5, 327.68, 222.6, 163.93, 323.87, 172.78, 245.81, 98.02, 30.6, 63.9, 125, 64.56, 87.89, , , , , 
1/31/2020 9:02:02 AM, 3277.75, 9190.75, 1641.6, 327.68, 222.6, 163.93, 323.87, 172.78, 245.81, 98.02, 30.6, 63.9, 125, 64.56, 87.89, , , , , 
1/31/2020 9:02:05 AM, 3277.75, 9191.25, 1641.6, 327.68, 222.6, 163.93, 323.87, 172.78, 245.81, 98.02, 30.6, 63.9, 125, 64.56, 87.89, , , , , 
1/31/2020 9:02:08 AM, 3278, 9191.5, 1641.6, 327.68, 222.6, 163.93, 323.87, 172.78, 245.81, 98.02, 30.6, 63.9, 125, 64.56, 87.89, , , , , 
1/31/2020 9:02:11 AM, 3278, 9191.25, 1641.7, 327.68, 222.6, 163.93, 323.87, 172.78, 245.81, 98.02, 30.6, 63.9, 125, 64.56, 87.89, , , , , 
1/31/2020 9:02:14 AM, 3278, 9191, 1641.7, 327.68, 222.6, 163.93, 323.87, 172.78, 245.81, 98.02, 30.6, 63.9, 125, 64.56, 87.89, , , , , 
1/31/2020 9:02:17 AM, 3278, 9191, 1641.7, 327.68, 222.6, 163.93, 323.87, 172.78, 245.81, 98.02, 30.6, 63.9, 125, 64.56, 87.89, , , , , 
1/31/2020 9:02:20 AM, 3278, 9190.75, 1641.7, 327.68, 222.6, 163.93, 323.87, 172.78, 245.81, 98.02, 30.6, 63.9, 125, 64.56, 87.89, , , , , 
1/31/2020 9:02:23 AM, 3278, 9190.75, 1641.7, 327.68, 222.6, 163.93, 323.87, 172.78, 245.81, 98.02, 30.6, 63.9, 125, 64.56, 87.89, , , , , 
1/31/2020 9:02:26 AM, 3277.75, 9190.25, 1641.6, 327.68, 222.6, 163.93, 323.87, 172.78, 245.81, 98.02, 30.6, 63.9, 125, 64.56, 87.89, , , , , 
1/31/2020 9:02:29 AM, 3277.75, 9190, 1641.5, 327.68, 222.6, 163.93, 323.87, 172.78, 245.81, 98.02, 30.6, 63.9, 125, 64.56, 87.89, , , , , 
1/31/2020 9:02:32 AM, 3277.75, 9189.75, 1641.5, 327.68, 222.6, 163.93, 323.87, 172.78, 245.81, 98.02, 30.6, 63.9, 125, 64.56, 87.89, , , , , 
1/31/2020 9:02:35 AM, 3277.5, 9189.75, 1641.5, 327.68, 222.6, 163.93, 323.87, 172.78, 245.81, 98.02, 30.6, 63.9, 125, 64.56, 87.89, , , , , 
1/31/2020 9:02:38 AM, 3277.5, 9190.25, 1641.5, 327.68, 222.6, 163.93, 323.87, 172.78, 245.81, 98.02, 30.6, 63.9, 125, 64.56, 87.89, , , , , 
1/31/2020 9:02:41 AM, 3277.75, 9191, 1641.6, 327.68, 222.6, 163.93, 323.87, 172.78, 245.81, 98.02, 30.6, 63.9, 125, 64.56, 87.89, , , , , 
1/31/2020 9:02:44 AM, 3277.75, 9190.75, 1641.6, 327.68, 222.6, 163.93, 323.87, 172.78, 245.81, 98.02, 30.6, 63.9, 125, 64.56, 87.89, , , , , 
1/31/2020 9:02:47 AM, 3277.75, 9191, 1641.6, 327.68, 222.6, 163.93, 323.87, 172.78, 245.81, 98.02, 30.6, 63.9, 125, 64.56, 87.89, , , , , 
1/31/2020 9:02:50 AM, 3277.75, 9191, 1641.6, 327.68, 222.6, 163.93, 323.87, 172.78, 245.81, 98.02, 30.6, 63.9, 125, 64.56, 87.89, , , , , 
1/31/2020 9:02:53 AM, 3277.75, 9191, 1641.6, 327.68, 222.6, 163.93, 323.87, 172.78, 245.81, 98.02, 30.6, 63.9, 125, 64.56, 87.89, , , , , 
1/31/2020 9:02:56 AM, 3277.5, 9190.5, 1641.4, 327.68, 222.6, 163.93, 323.87, 172.78, 245.81, 98.02, 30.6, 63.9, 125, 64.56, 87.89, , , , , 
1/31/2020 9:02:59 AM, 3277.5, 9190.25, 1641.4, 327.68, 222.6, 163.93, 323.87, 172.78, 245.81, 98.02, 30.6, 63.9, 125, 64.56, 87.89, , , , , 
1/31/2020 9:03:02 AM, 3277.75, 9191.25, 1641.5, 327.68, 222.6, 163.93, 323.87, 172.78, 245.81, 98.02, 30.6, 63.9, 125, 64.56, 87.89, , , , , 
1/31/2020 9:03:05 AM, 3277.75, 9191.5, 1641.6, 327.68, 222.6, 163.93, 323.87, 172.78, 245.81, 98.02, 30.6, 63.9, 125, 64.56, 87.89, , , , , 
1/31/2020 9:03:08 AM, 3277.75, 9191.25, 1641.6, 327.68, 222.6, 163.93, 323.87, 172.78, 245.81, 98.02, 30.6, 63.9, 125, 64.56, 87.89, , , , , 
1/31/2020 9:03:11 AM, 3277.75, 9190.75, 1641.5, 327.68, 222.6, 163.93, 323.87, 172.78, 245.81, 98.02, 30.6, 63.9, 125, 64.56, 87.89, , , , , 
1/31/2020 9:03:14 AM, 3277.75, 9191.25, 1641.5, 327.68, 222.6, 163.93, 323.87, 172.78, 245.81, 98.02, 30.6, 63.9, 125, 64.56, 87.89, , , , , 
1/31/2020 9:03:17 AM, 3277.5, 9190.5, 1641.4, 327.68, 222.6, 163.93, 323.87, 172.78, 245.81, 98.02, 30.6, 63.9, 125, 64.56, 87.89, , , , , 
1/31/2020 9:03:20 AM, 3277.25, 9190, 1641.4, 327.68, 222.6, 163.93, 323.87, 172.78, 245.81, 98.02, 30.6, 63.9, 125, 64.56, 87.89, , , , , 
1/31/2020 9:03:24 AM, 3277, 9189.75, 1641.4, 327.68, 222.6, 163.93, 323.87, 172.78, 245.81, 98.02, 30.6, 63.9, 125, 64.56, 87.89, , , , , 
1/31/2020 9:03:27 AM, 3277, 9189.75, 1641, 327.68, 222.6, 163.93, 323.87, 172.78, 245.81, 98.02, 30.6, 63.9, 125, 64.56, 87.89, , , , , 
1/31/2020 9:03:30 AM, 3277.25, 9189.5, 1641, 327.68, 222.6, 163.93, 323.87, 172.78, 245.81, 98.02, 30.6, 63.9, 125, 64.56, 87.89, , , , , 
1/31/2020 9:03:33 AM, 3277, 9188.5, 1641, 327.68, 222.6, 163.93, 323.87, 172.78, 245.81, 98.02, 30.6, 63.9, 125, 64.56, 87.89, , , , , 
1/31/2020 9:03:36 AM, 3277, 9189, 1641.2, 327.68, 222.6, 163.93, 323.87, 172.78, 245.81, 98.02, 30.6, 63.9, 125, 64.56, 87.89, , , , , 
1/31/2020 9:03:39 AM, 3277.25, 9190.25, 1641.3, 327.68, 222.6, 163.93, 323.87, 172.78, 245.81, 98.02, 30.6, 63.9, 125, 64.56, 87.89, , , , , 
1/31/2020 9:03:42 AM, 3277.25, 9190.75, 1641.3, 327.68, 222.6, 163.93, 323.87, 172.78, 245.81, 98.02, 30.6, 63.9, 125, 64.56, 87.89, , , , , 
1/31/2020 9:03:45 AM, 3277.25, 9190.25, 1641.3, 327.68, 222.6, 163.93, 323.87, 172.78, 245.81, 98.02, 30.6, 63.9, 125, 64.56, 87.89, , , , , 
1/31/2020 9:03:48 AM, 3277.25, 9190.5, 1641.3, 327.68, 222.6, 163.93, 323.87, 172.78, 245.81, 98.02, 30.6, 63.9, 125, 64.56, 87.89, , , , , 
1/31/2020 9:03:51 AM, 3277.25, 9189.75, 1641.3, 327.68, 222.6, 163.93, 323.87, 172.78, 245.81, 98.02, 30.6, 63.9, 125, 64.56, 87.89, , , , , 
1/31/2020 9:03:54 AM, 3277.25, 9189.5, 1641.3, 327.68, 222.6, 163.93, 323.87, 172.78, 245.81, 98.02, 30.6, 63.9, 125, 64.56, 87.89, , , , , 
1/31/2020 9:03:57 AM, 3277.25, 9190.25, 1641.2, 327.68, 222.6, 163.93, 323.87, 172.78, 245.81, 98.02, 30.6, 63.9, 125, 64.56, 87.89, , , , , 
1/31/2020 9:04:00 AM, 3277.25, 9190, 1641.2, 327.68, 222.6, 163.93, 323.87, 172.78, 245.81, 98.02, 30.6, 63.9, 125, 64.56, 87.89, , , , , 
1/31/2020 9:04:03 AM, 3277.25, 9190, 1641.2, 327.68, 222.6, 163.93, 323.87, 172.78, 245.81, 98.02, 30.6, 63.9, 125, 64.56, 87.89, , , , , 
1/31/2020 9:04:06 AM, 3277.25, 9190, 1641.2, 327.68, 222.6, 163.93, 323.87, 172.78, 245.81, 98.02, 30.6, 63.9, 125, 64.56, 87.89, , , , , 
1/31/2020 9:04:09 AM, 3277.25, 9190, 1641.4, 327.68, 222.6, 163.93, 323.87, 172.78, 245.81, 98.02, 30.6, 63.9, 125, 64.56, 87.89, , , , , 
1/31/2020 9:04:12 AM, 3277.5, 9190.5, 1641.5, 327.68, 222.6, 163.93, 323.87, 172.78, 245.81, 98.02, 30.6, 63.9, 125, 64.56, 87.89, , , , , 
1/31/2020 9:04:15 AM, 3277.5, 9189.75, 1641.5, 327.68, 222.6, 163.93, 323.87, 172.78, 245.81, 98.02, 30.6, 63.9, 125, 64.56, 87.89, , , , , 
1/31/2020 9:04:18 AM, 3277.5, 9189.75, 1641.5, 327.68, 222.6, 163.93, 323.87, 172.78, 245.81, 98.02, 30.6, 63.9, 125, 64.56, 87.89, , , , , 
1/31/2020 9:04:21 AM, 3277.5, 9189.75, 1641.5, 327.68, 222.6, 163.93, 323.87, 172.78, 245.81, 98.02, 30.6, 63.9, 125, 64.56, 87.89, , , , , 
1/31/2020 9:04:24 AM, 3277.5, 9189.5, 1641.5, 327.68, 222.6, 163.93, 323.87, 172.78, 245.81, 98.02, 30.6, 63.9, 125, 64.56, 87.89, , , , , 
1/31/2020 9:04:27 AM, 3277.25, 9189.5, 1641.4, 327.68, 222.6, 163.93, 323.87, 172.78, 245.81, 98.02, 30.6, 63.9, 125, 64.56, 87.89, , , , , 
1/31/2020 9:04:30 AM, 3277.5, 9189, 1641.4, 327.68, 222.6, 163.93, 323.87, 172.78, 245.81, 98.02, 30.6, 63.9, 125, 64.56, 87.89, , , , , 
1/31/2020 9:04:33 AM, 3277.25, 9187.75, 1641.3, 327.68, 222.6, 163.93, 323.87, 172.78, 245.81, 98.02, 30.6, 63.9, 125, 64.56, 87.89, , , , , 
1/31/2020 9:04:36 AM, 3277, 9188, 1641.3, 327.68, 222.6, 163.93, 323.87, 172.78, 245.81, 98.02, 30.6, 63.9, 125, 64.56, 87.89, , , , , 
1/31/2020 9:04:39 AM, 3277, 9188, 1641.3, 327.68, 222.6, 163.93, 323.87, 172.78, 245.81, 98.02, 30.6, 63.9, 125, 64.56, 87.89, , , , , 
1/31/2020 9:04:42 AM, 3277, 9188, 1641.3, 327.68, 222.6, 163.93, 323.87, 172.78, 245.81, 98.02, 30.6, 63.9, 125, 64.56, 87.89, , , , , 
1/31/2020 9:04:45 AM, 3277, 9187.75, 1641.3, 327.68, 222.6, 163.93, 323.87, 172.78, 245.81, 98.02, 30.6, 63.9, 125, 64.56, 87.89, , , , , 
1/31/2020 9:04:48 AM, 3277, 9187, 1641.3, 327.68, 222.6, 163.93, 323.87, 172.78, 245.81, 98.02, 30.6, 63.9, 125, 64.56, 87.89, , , , , 
1/31/2020 9:04:51 AM, 3276.75, 9186.75, 1641.3, 327.68, 222.6, 163.93, 323.87, 172.78, 245.81, 98.02, 30.6, 63.9, 125, 64.56, 87.89, , , , , 
1/31/2020 9:04:54 AM, 3276.75, 9187, 1641.2, 327.68, 222.6, 163.93, 323.87, 172.78, 245.81, 98.02, 30.6, 63.9, 125, 64.56, 87.89, , , , , 
1/31/2020 9:04:57 AM, 3276.75, 9187.25, 1641.2, 327.68, 222.6, 163.93, 323.87, 172.78, 245.81, 98.02, 30.6, 63.9, 125, 64.56, 87.89, , , , , 
1/31/2020 9:05:00 AM, 3277, 9187.75, 1641.3, 327.68, 222.6, 163.93, 323.87, 172.78, 245.81, 98.02, 30.6, 63.9, 125, 64.56, 87.89, , , , , 
1/31/2020 9:05:03 AM, 3277, 9187.5, 1641.4, 327.68, 222.6, 163.93, 323.87, 172.78, 245.81, 98.02, 30.6, 63.9, 125, 64.56, 87.89, , , , , 
1/31/2020 9:05:06 AM, 3277, 9187, 1641.3, 327.68, 222.6, 163.93, 323.87, 172.78, 245.81, 98.02, 30.6, 63.9, 125, 64.56, 87.89, , , , , 
1/31/2020 9:05:09 AM, 3276.75, 9186.25, 1641.3, 327.68, 222.6, 163.93, 323.87, 172.78, 245.81, 98.02, 30.6, 63.9, 125, 64.56, 87.89, , , , , 
1/31/2020 9:05:12 AM, 3276.75, 9186, 1641.3, 327.68, 222.6, 163.93, 323.87, 172.78, 245.81, 98.02, 30.6, 63.9, 125, 64.56, 87.89, , , , , 
1/31/2020 9:05:15 AM, 3276.5, 9185.75, 1641.1, 327.68, 222.6, 163.93, 323.87, 172.78, 245.81, 98.02, 30.6, 63.9, 125, 64.56, 87.89, , , , , 
1/31/2020 9:05:18 AM, 3276.5, 9184.5, 1641, 327.68, 222.6, 163.93, 323.87, 172.78, 245.81, 98.02, 30.6, 63.9, 125, 64.56, 87.89, , , , , 
1/31/2020 9:05:21 AM, 3276.25, 9184, 1641, 327.68, 222.6, 163.93, 323.87, 172.78, 245.81, 98.02, 30.6, 63.9, 125, 64.56, 87.89, , , , , 
1/31/2020 9:05:24 AM, 3276.25, 9185, 1641, 327.68, 222.6, 163.93, 323.87, 172.78, 245.81, 98.02, 30.6, 63.9, 125, 64.56, 87.89, , , , , 
1/31/2020 9:05:27 AM, 3276.75, 9185.5, 1641, 327.68, 222.6, 163.93, 323.87, 172.78, 245.81, 98.02, 30.6, 63.9, 125, 64.56, 87.89, , , , , 
1/31/2020 9:05:30 AM, 3276.5, 9185.5, 1641, 327.68, 222.6, 163.93, 323.87, 172.78, 245.81, 98.02, 30.6, 63.9, 125, 64.56, 87.89, , , , , 
1/31/2020 9:05:33 AM, 3276.5, 9185.5, 1641, 327.68, 222.6, 163.93, 323.87, 172.78, 245.81, 98.02, 30.6, 63.9, 125, 64.56, 87.89, , , , , 
1/31/2020 9:05:36 AM, 3276.5, 9185.25, 1641, 327.68, 222.6, 163.93, 323.87, 172.78, 245.81, 98.02, 30.6, 63.9, 125, 64.56, 87.89, , , , , 
1/31/2020 9:05:39 AM, 3276.5, 9185.5, 1641, 327.68, 222.6, 163.93, 323.87, 172.78, 245.81, 98.02, 30.6, 63.9, 125, 64.56, 87.89, , , , , 
1/31/2020 9:05:42 AM, 3276.5, 9185.5, 1641, 327.68, 222.6, 163.93, 323.87, 172.78, 245.81, 98.02, 30.6, 63.9, 125, 64.56, 87.89, , , , , 
1/31/2020 9:05:45 AM, 3276.5, 9185.25, 1641, 327.68, 222.6, 163.93, 323.87, 172.78, 245.81, 98.02, 30.6, 63.9, 125, 64.56, 87.89, , , , , 
1/31/2020 9:05:48 AM, 3276.25, 9185.25, 1641, 327.68, 222.6, 163.93, 323.87, 172.78, 245.81, 98.02, 30.6, 63.9, 125, 64.56, 87.89, , , , , 
1/31/2020 9:05:52 AM, 3276.25, 9184.25, 1640.9, 327.68, 222.6, 163.93, 323.87, 172.78, 245.81, 98.02, 30.6, 63.9, 125, 64.56, 87.89, , , , , 
1/31/2020 9:05:55 AM, 3276.25, 9184.75, 1640.9, 327.68, 222.6, 163.93, 323.87, 172.78, 245.81, 98.02, 30.6, 63.9, 125, 64.56, 87.89, , , , , 
1/31/2020 9:05:58 AM, 3276.25, 9185, 1640.9, 327.68, 222.6, 163.93, 323.87, 172.78, 245.81, 98.02, 30.6, 63.9, 125, 64.56, 87.89, , , , , 
1/31/2020 9:06:01 AM, 3276.25, 9184.5, 1640.9, 327.68, 222.6, 163.93, 323.87, 172.78, 245.81, 98.02, 30.6, 63.9, 125, 64.56, 87.89, , , , , 
1/31/2020 9:06:04 AM, 3276.25, 9185.25, 1641, 327.68, 222.6, 163.93, 323.87, 172.78, 245.81, 98.02, 30.6, 63.9, 125, 64.56, 87.89, , , , , 
1/31/2020 9:06:07 AM, 3276.5, 9184.25, 1641, 327.68, 222.6, 163.93, 323.87, 172.78, 245.81, 98.02, 30.6, 63.9, 125, 64.56, 87.89, , , , , 
1/31/2020 9:06:10 AM, 3276.5, 9184.25, 1641, 327.68, 222.6, 163.93, 323.87, 172.78, 245.81, 98.02, 30.6, 63.9, 125, 64.56, 87.89, , , , , 
1/31/2020 9:06:13 AM, 3276.25, 9184.5, 1641, 327.68, 222.6, 163.93, 323.87, 172.78, 245.81, 98.02, 30.6, 63.9, 125, 64.56, 87.89, , , , , 
1/31/2020 9:06:16 AM, 3276.25, 9184.5, 1641, 327.68, 222.6, 163.93, 323.87, 172.78, 245.81, 98.02, 30.6, 63.9, 125, 64.56, 87.89, , , , , 
1/31/2020 9:06:19 AM, 3276.25, 9184.75, 1641, 327.68, 222.6, 163.93, 323.87, 172.78, 245.81, 98.02, 30.6, 63.9, 125, 64.56, 87.89, , , , , 
1/31/2020 9:06:22 AM, 3276.25, 9184.75, 1641, 327.68, 222.6, 163.93, 323.87, 172.78, 245.81, 98.02, 30.6, 63.9, 125, 64.56, 87.89, , , , , 
1/31/2020 9:06:25 AM, 3276.25, 9184.5, 1641, 327.68, 222.6, 163.93, 323.87, 172.78, 245.81, 98.02, 30.6, 63.9, 125, 64.56, 87.89, , , , , 
1/31/2020 9:06:28 AM, 3276.25, 9184.5, 1641, 327.68, 222.6, 163.93, 323.87, 172.78, 245.81, 98.02, 30.6, 63.9, 125, 64.56, 87.89, , , , , 
1/31/2020 9:06:31 AM, 3276.25, 9185.5, 1641, 327.68, 222.6, 163.93, 323.87, 172.78, 245.81, 98.02, 30.6, 63.9, 125, 64.56, 87.89, , , , , 
1/31/2020 9:06:34 AM, 3276.25, 9185.5, 1641, 327.68, 222.6, 163.93, 323.87, 172.78, 245.81, 98.02, 30.6, 63.9, 125, 64.56, 87.89, , , , , 
1/31/2020 9:06:37 AM, 3276, 9184.5, 1640.9, 327.68, 222.6, 163.93, 323.87, 172.78, 245.81, 98.02, 30.6, 63.9, 125, 64.56, 87.89, , , , , 
1/31/2020 9:06:40 AM, 3276, 9184.5, 1640.9, 327.68, 222.6, 163.93, 323.87, 172.78, 245.81, 98.02, 30.6, 63.9, 125, 64.56, 87.89, , , , , 
1/31/2020 9:06:43 AM, 3276, 9183.25, 1640.8, 327.68, 222.6, 163.93, 323.87, 172.78, 245.81, 98.02, 30.6, 63.9, 125, 64.56, 87.89, , , , , 
1/31/2020 9:06:46 AM, 3276, 9183.25, 1640.8, 327.68, 222.6, 163.93, 323.87, 172.78, 245.81, 98.02, 30.6, 63.9, 125, 64.56, 87.89, , , , , 
1/31/2020 9:06:49 AM, 3275.75, 9183.25, 1640.8, 327.68, 222.6, 163.93, 323.87, 172.78, 245.81, 98.02, 30.6, 63.9, 125, 64.56, 87.89, , , , , 
1/31/2020 9:06:52 AM, 3275.75, 9183.25, 1640.8, 327.68, 222.6, 163.93, 323.87, 172.78, 245.81, 98.02, 30.6, 63.9, 125, 64.56, 87.89, , , , , 
1/31/2020 9:06:55 AM, 3275.75, 9182.75, 1640.8, 327.68, 222.6, 163.93, 323.87, 172.78, 245.81, 98.02, 30.6, 63.9, 125, 64.56, 87.89, , , , , 
1/31/2020 9:06:58 AM, 3275.75, 9182.75, 1640.8, 327.68, 222.6, 163.93, 323.87, 172.78, 245.81, 98.02, 30.6, 63.9, 125, 64.56, 87.89, , , , , 
1/31/2020 9:07:01 AM, 3276, 9183.25, 1640.8, 327.68, 222.6, 163.93, 323.87, 172.78, 245.81, 98.02, 30.6, 63.9, 125, 64.56, 87.89, , , , , 
1/31/2020 9:07:04 AM, 3276, 9183.25, 1640.8, 327.68, 222.6, 163.93, 323.87, 172.78, 245.81, 98.02, 30.6, 63.9, 125, 64.56, 87.89, , , , , 
1/31/2020 9:07:07 AM, 3276, 9184, 1640.9, 327.68, 222.6, 163.93, 323.87, 172.78, 245.81, 98.02, 30.6, 63.9, 125, 64.56, 87.89, , , , , 
1/31/2020 9:07:10 AM, 3276, 9184, 1640.9, 327.68, 222.6, 163.93, 323.87, 172.78, 245.81, 98.02, 30.6, 63.9, 125, 64.56, 87.89, , , , , 
1/31/2020 9:07:13 AM, 3276, 9183.25, 1640.8, 327.68, 222.6, 163.93, 323.87, 172.78, 245.81, 98.02, 30.6, 63.9, 125, 64.56, 87.89, , , , , 
1/31/2020 9:07:16 AM, 3276, 9183.25, 1640.8, 327.68, 222.6, 163.93, 323.87, 172.78, 245.81, 98.02, 30.6, 63.9, 125, 64.56, 87.89, , , , , 
1/31/2020 9:07:19 AM, 3276, 9183.25, 1640.8, 327.68, 222.6, 163.93, 323.87, 172.78, 245.81, 98.02, 30.6, 63.9, 125, 64.56, 87.89, , , , , 
1/31/2020 9:07:22 AM, 3276, 9183.25, 1640.8, 327.68, 222.6, 163.93, 323.87, 172.78, 245.81, 98.02, 30.6, 63.9, 125, 64.56, 87.89, , , , , 
1/31/2020 9:07:25 AM, 3276, 9183.75, 1640.9, 327.68, 222.6, 163.93, 323.87, 172.78, 245.81, 98.02, 30.6, 63.9, 125, 64.56, 87.89, , , , , 
1/31/2020 9:07:28 AM, 3276, 9183.75, 1640.9, 327.68, 222.6, 163.93, 323.87, 172.78, 245.81, 98.02, 30.6, 63.9, 125, 64.56, 87.89, , , , , 
1/31/2020 9:07:31 AM, 3276.25, 9184, 1640.9, 327.68, 222.6, 163.93, 323.87, 172.78, 245.81, 98.02, 30.6, 63.9, 125, 64.56, 87.89, , , , , 
1/31/2020 9:07:34 AM, 3276.25, 9184, 1640.9, 327.68, 222.6, 163.93, 323.87, 172.78, 245.81, 98.02, 30.6, 63.9, 125, 64.56, 87.89, , , , , 
1/31/2020 9:07:37 AM, 3276, 9183.75, 1640.9, 327.68, 222.6, 163.93, 323.87, 172.78, 245.81, 98.02, 30.6, 63.9, 125, 64.56, 87.89, , , , , 
1/31/2020 9:07:40 AM, 3276, 9183.75, 1640.9, 327.68, 222.6, 163.93, 323.87, 172.78, 245.81, 98.02, 30.6, 63.9, 125, 64.56, 87.89, , , , , 
1/31/2020 9:07:43 AM, 3276, 9184, 1640.9, 327.68, 222.6, 163.93, 323.87, 172.78, 245.81, 98.02, 30.6, 63.9, 125, 64.56, 87.89, , , , , 
1/31/2020 9:07:46 AM, 3276, 9184, 1640.9, 327.68, 222.6, 163.93, 323.87, 172.78, 245.81, 98.02, 30.6, 63.9, 125, 64.56, 87.89, , , , , 
1/31/2020 9:07:49 AM, 3276, 9184.25, 1640.9, 327.68, 222.6, 163.93, 323.87, 172.78, 245.81, 98.02, 30.6, 63.9, 125, 64.56, 87.89, , , , , 
1/31/2020 9:07:52 AM, 3276, 9184.25, 1640.9, 327.68, 222.6, 163.93, 323.87, 172.78, 245.81, 98.02, 30.6, 63.9, 125, 64.56, 87.89, , , , , 
1/31/2020 9:07:55 AM, 3276.25, 9185.75, 1641, 327.68, 222.6, 163.93, 323.87, 172.78, 245.81, 98.02, 30.6, 63.9, 125, 64.56, 87.89, , , , , 
1/31/2020 9:07:58 AM, 3276.25, 9185.75, 1641, 327.68, 222.6, 163.93, 323.87, 172.78, 245.81, 98.02, 30.6, 63.9, 125, 64.56, 87.89, , , , , 
1/31/2020 9:08:01 AM, 3276.5, 9186.25, 1641.2, 327.68, 222.6, 163.93, 323.87, 172.78, 245.81, 98.02, 30.6, 63.9, 125, 64.56, 87.89, , , , , 
1/31/2020 9:08:04 AM, 3276.5, 9186.25, 1641.2, 327.68, 222.6, 163.93, 323.87, 172.78, 245.81, 98.02, 30.6, 63.9, 125, 64.56, 87.89, , , , , 
1/31/2020 9:08:07 AM, 3277, 9187.5, 1641.5, 327.68, 222.6, 163.93, 323.87, 172.78, 245.81, 98.02, 30.6, 63.9, 125, 64.56, 87.89, , , , , 
1/31/2020 9:08:10 AM, 3277, 9187.5, 1641.5, 327.68, 222.6, 163.93, 323.87, 172.78, 245.81, 98.02, 30.6, 63.9, 125, 64.56, 87.89, , , , , 
1/31/2020 9:08:13 AM, 3277, 9187.5, 1641.3, 327.68, 222.6, 163.93, 323.87, 172.78, 245.81, 98.02, 30.6, 63.9, 125, 64.56, 87.89, , , , , 
1/31/2020 9:08:16 AM, 3277, 9187.5, 1641.3, 327.68, 222.6, 163.93, 323.87, 172.78, 245.81, 98.02, 30.6, 63.9, 125, 64.56, 87.89, , , , , 
1/31/2020 9:08:19 AM, 3277.25, 9188.5, 1641.5, 327.68, 222.6, 163.93, 323.87, 172.78, 245.81, 98.02, 30.6, 63.9, 125, 64.56, 87.89, , , , , 
1/31/2020 9:08:22 AM, 3277.25, 9188.5, 1641.5, 327.68, 222.6, 163.93, 323.87, 172.78, 245.81, 98.02, 30.6, 63.9, 125, 64.56, 87.89, , , , , 
1/31/2020 9:08:25 AM, 3277.25, 9188.25, 1641.5, 327.68, 222.6, 163.93, 323.87, 172.78, 245.81, 98.02, 30.6, 63.9, 125, 64.56, 87.89, , , , , 
1/31/2020 9:08:28 AM, 3277.25, 9188.25, 1641.5, 327.68, 222.6, 163.93, 323.87, 172.78, 245.81, 98.02, 30.6, 63.9, 125, 64.56, 87.89, , , , , 
1/31/2020 9:08:31 AM, 3277.5, 9189, 1641.6, 327.68, 222.6, 163.93, 323.87, 172.78, 245.81, 98.02, 30.6, 63.9, 125, 64.56, 87.89, , , , , 
1/31/2020 9:08:34 AM, 3277.5, 9189, 1641.6, 327.68, 222.6, 163.93, 323.87, 172.78, 245.81, 98.02, 30.6, 63.9, 125, 64.56, 87.89, , , , , 
1/31/2020 9:08:38 AM, 3277.25, 9188.75, 1641.5, 327.68, 222.6, 163.93, 323.87, 172.78, 245.81, 98.02, 30.6, 63.9, 125, 64.56, 87.89, , , , , 
1/31/2020 9:08:41 AM, 3277.25, 9188.75, 1641.5, 327.68, 222.6, 163.93, 323.87, 172.78, 245.81, 98.02, 30.6, 63.9, 125, 64.56, 87.89, , , , , 
1/31/2020 9:08:44 AM, 3277.25, 9188.75, 1641.5, 327.68, 222.6, 163.93, 323.87, 172.78, 245.81, 98.02, 30.6, 63.9, 125, 64.56, 87.89, , , , , 
1/31/2020 9:08:47 AM, 3277.25, 9189, 1641.5, 327.68, 222.6, 163.93, 323.87, 172.78, 245.81, 98.02, 30.6, 63.9, 125, 64.56, 87.89, , , , , 
1/31/2020 9:08:50 AM, 3277.25, 9189.25, 1641.6, 327.68, 222.6, 163.93, 323.87, 172.78, 245.81, 98.02, 30.6, 63.9, 125, 64.56, 87.89, , , , , 
1/31/2020 9:08:53 AM, 3277.5, 9189.25, 1641.6, 327.68, 222.6, 163.93, 323.87, 172.78, 245.81, 98.02, 30.6, 63.9, 125, 64.56, 87.89, , , , , 
1/31/2020 9:08:56 AM, 3277.25, 9189.25, 1641.6, 327.68, 222.6, 163.93, 323.87, 172.78, 245.81, 98.02, 30.6, 63.9, 125, 64.56, 87.89, , , , , 
1/31/2020 9:08:59 AM, 3277.25, 9188.75, 1641.5, 327.68, 222.6, 163.93, 323.87, 172.78, 245.81, 98.02, 30.6, 63.9, 125, 64.56, 87.89, , , , , 
1/31/2020 9:09:02 AM, 3277.75, 9190, 1641.7, 327.68, 222.6, 163.93, 323.87, 172.78, 245.81, 98.02, 30.6, 63.9, 125, 64.56, 87.89, , , , , 
1/31/2020 9:09:05 AM, 3277.75, 9190, 1641.7, 327.68, 222.6, 163.93, 323.87, 172.78, 245.81, 98.02, 30.6, 63.9, 125, 64.56, 87.89, , , , , 
1/31/2020 9:09:08 AM, 3277.75, 9190, 1641.7, 327.68, 222.6, 163.93, 323.87, 172.78, 245.81, 98.02, 30.6, 63.9, 125, 64.56, 87.89, , , , , 
1/31/2020 9:09:11 AM, 3277.75, 9190.75, 1642, 327.68, 222.6, 163.93, 323.87, 172.78, 245.81, 98.02, 30.6, 63.9, 125, 64.56, 87.89, , , , , 
1/31/2020 9:09:14 AM, 3278, 9190.25, 1641.9, 327.68, 222.6, 163.93, 323.87, 172.78, 245.81, 98.02, 30.6, 63.9, 125, 64.56, 87.89, , , , , 
1/31/2020 9:09:17 AM, 3277.75, 9190.25, 1642, 327.68, 222.6, 163.93, 323.87, 172.78, 245.81, 98.02, 30.6, 63.9, 125, 64.56, 87.89, , , , , 
1/31/2020 9:09:20 AM, 3278, 9190.5, 1642, 327.68, 222.6, 163.93, 323.87, 172.78, 245.81, 98.02, 30.6, 63.9, 125, 64.56, 87.89, , , , , 
1/31/2020 9:09:23 AM, 3277.5, 9189, 1641.9, 327.68, 222.6, 163.93, 323.87, 172.78, 245.81, 98.02, 30.6, 63.9, 125, 64.56, 87.89, , , , , 
1/31/2020 9:09:26 AM, 3277.5, 9189, 1641.8, 327.68, 222.6, 163.93, 323.87, 172.78, 245.81, 98.02, 30.6, 63.9, 125, 64.56, 87.89, , , , , 
1/31/2020 9:09:29 AM, 3277.75, 9189, 1641.8, 327.68, 222.6, 163.93, 323.87, 172.78, 245.81, 98.02, 30.6, 63.9, 125, 64.56, 87.89, , , , , 
1/31/2020 9:09:32 AM, 3277.5, 9188.5, 1641.8, 327.68, 222.6, 163.93, 323.87, 172.78, 245.81, 98.02, 30.6, 63.9, 125, 64.56, 87.89, , , , , 
1/31/2020 9:09:35 AM, 3277.75, 9189.5, 1641.9, 327.68, 222.6, 163.93, 323.87, 172.78, 245.81, 98.02, 30.6, 63.9, 125, 64.56, 87.89, , , , , 
1/31/2020 9:09:38 AM, 3277.5, 9189.75, 1641.9, 327.68, 222.6, 163.93, 323.87, 172.78, 245.81, 98.02, 30.6, 63.9, 125, 64.56, 87.89, , , , , 
1/31/2020 9:09:41 AM, 3277.5, 9189.75, 1641.9, 327.68, 222.6, 163.93, 323.87, 172.78, 245.81, 98.02, 30.6, 63.9, 125, 64.56, 87.89, , , , , 
1/31/2020 9:09:44 AM, 3277.5, 9190, 1641.9, 327.68, 222.6, 163.93, 323.87, 172.78, 245.81, 98.02, 30.6, 63.9, 125, 64.56, 87.89, , , , , 
1/31/2020 9:09:47 AM, 3277.5, 9190, 1641.9, 327.68, 222.6, 163.93, 323.87, 172.78, 245.81, 98.02, 30.6, 63.9, 125, 64.56, 87.89, , , , , 
1/31/2020 9:09:50 AM, 3277.5, 9189.75, 1641.9, 327.68, 222.6, 163.93, 323.87, 172.78, 245.81, 98.02, 30.6, 63.9, 125, 64.56, 87.89, , , , , 
1/31/2020 9:09:53 AM, 3277.5, 9190, 1641.8, 327.68, 222.6, 163.93, 323.87, 172.78, 245.81, 98.02, 30.6, 63.9, 125, 64.56, 87.89, , , , , 
1/31/2020 9:09:56 AM, 3277.5, 9190.5, 1641.9, 327.68, 222.6, 163.93, 323.87, 172.78, 245.81, 98.02, 30.6, 63.9, 125, 64.56, 87.89, , , , , 
1/31/2020 9:09:59 AM, 3277.5, 9190.25, 1641.8, 327.68, 222.6, 163.93, 323.87, 172.78, 245.81, 98.02, 30.6, 63.9, 125, 64.56, 87.89, , , , , 
1/31/2020 9:10:02 AM, 3277.25, 9189.5, 1641.7, 327.68, 222.6, 163.93, 323.87, 172.78, 245.81, 98.02, 30.6, 63.9, 125, 64.56, 87.89, , , , , 
1/31/2020 9:10:05 AM, 3277.25, 9188.5, 1641.7, 327.68, 222.6, 163.93, 323.87, 172.78, 245.81, 98.02, 30.6, 63.9, 125, 64.56, 87.89, , , , , 
1/31/2020 9:10:08 AM, 3276.75, 9187.5, 1641.4, 327.68, 222.6, 163.93, 323.87, 172.78, 245.81, 98.02, 30.6, 63.9, 125, 64.56, 87.89, , , , , 
1/31/2020 9:10:11 AM, 3276.75, 9187.5, 1641.3, 327.68, 222.6, 163.93, 323.87, 172.78, 245.81, 98.02, 30.6, 63.9, 125, 64.56, 87.89, , , , , 
1/31/2020 9:10:14 AM, 3277, 9187.75, 1641.5, 327.68, 222.6, 163.93, 323.87, 172.78, 245.81, 98.02, 30.6, 63.9, 125, 64.56, 87.89, , , , , 
1/31/2020 9:10:17 AM, 3276.75, 9187.25, 1641.5, 327.68, 222.6, 163.93, 323.87, 172.78, 245.81, 98.02, 30.6, 63.9, 125, 64.56, 87.89, , , , , 
1/31/2020 9:10:20 AM, 3276.75, 9187, 1641.5, 327.68, 222.6, 163.93, 323.87, 172.78, 245.81, 98.02, 30.6, 63.9, 125, 64.56, 87.89, , , , , 
1/31/2020 9:10:23 AM, 3276.75, 9187, 1641.5, 327.68, 222.6, 163.93, 323.87, 172.78, 245.81, 98.02, 30.6, 63.9, 125, 64.56, 87.89, , , , , 
1/31/2020 9:10:26 AM, 3276.75, 9187.25, 1641.5, 327.68, 222.6, 163.93, 323.87, 172.78, 245.81, 98.02, 30.6, 63.9, 125, 64.56, 87.89, , , , , 
1/31/2020 9:10:29 AM, 3276.75, 9187.25, 1641.5, 327.68, 222.6, 163.93, 323.87, 172.78, 245.81, 98.02, 30.6, 63.9, 125, 64.56, 87.89, , , , , 
1/31/2020 9:10:32 AM, 3277, 9188.5, 1641.7, 327.68, 222.6, 163.93, 323.87, 172.78, 245.81, 98.02, 30.6, 63.9, 125, 64.56, 87.89, , , , , 
1/31/2020 9:10:35 AM, 3277, 9188.75, 1641.8, 327.68, 222.6, 163.93, 323.87, 172.78, 245.81, 98.02, 30.6, 63.9, 125, 64.56, 87.89, , , , , 
1/31/2020 9:10:38 AM, 3277.25, 9189.25, 1641.9, 327.68, 222.6, 163.93, 323.87, 172.78, 245.81, 98.02, 30.6, 63.9, 125, 64.56, 87.89, , , , , 
1/31/2020 9:10:41 AM, 3277.25, 9189.25, 1641.9, 327.68, 222.6, 163.93, 323.87, 172.78, 245.81, 98.02, 30.6, 63.9, 125, 64.56, 87.89, , , , , 
1/31/2020 9:10:44 AM, 3277.5, 9189, 1641.9, 327.68, 222.6, 163.93, 323.87, 172.78, 245.81, 98.02, 30.6, 63.9, 125, 64.56, 87.89, , , , , 
1/31/2020 9:10:47 AM, 3277.5, 9189.75, 1642, 327.68, 222.6, 163.93, 323.87, 172.78, 245.81, 98.02, 30.6, 63.9, 125, 64.56, 87.89, , , , , 
1/31/2020 9:10:50 AM, 3277.5, 9190, 1642.1, 327.68, 222.6, 163.93, 323.87, 172.78, 245.81, 98.02, 30.6, 63.9, 125, 64.56, 87.89, , , , , 
1/31/2020 9:10:53 AM, 3277.5, 9189.5, 1642, 327.68, 222.6, 163.93, 323.87, 172.78, 245.81, 98.02, 30.6, 63.9, 125, 64.56, 87.89, , , , , 
1/31/2020 9:10:56 AM, 3277.75, 9190.5, 1642.1, 327.68, 222.6, 163.93, 323.87, 172.78, 245.81, 98.02, 30.6, 63.9, 125, 64.56, 87.89, , , , , 
1/31/2020 9:10:59 AM, 3277.75, 9190.25, 1642.1, 327.68, 222.6, 163.93, 323.87, 172.78, 245.81, 98.02, 30.6, 63.9, 125, 64.56, 87.89, , , , , 
1/31/2020 9:11:02 AM, 3278.5, 9194, 1642.7, 327.68, 222.6, 163.93, 323.87, 172.78, 245.81, 98.02, 30.6, 63.9, 125, 64.56, 87.89, , , , , 
1/31/2020 9:11:05 AM, 3278.25, 9194.25, 1642.5, 327.68, 222.6, 163.93, 323.87, 172.78, 245.81, 98.02, 30.6, 63.9, 125, 64.56, 87.89, , , , , 
1/31/2020 9:11:08 AM, 3278.5, 9195.25, 1642.6, 327.68, 222.6, 163.93, 323.87, 172.78, 245.81, 98.02, 30.6, 63.9, 125, 64.56, 87.89, , , , , 
1/31/2020 9:11:11 AM, 3279, 9197, 1642.7, 327.68, 222.6, 163.93, 323.87, 172.78, 245.81, 98.02, 30.6, 63.9, 125, 64.56, 87.89, , , , , 
1/31/2020 9:11:15 AM, 3278.75, 9195.5, 1642.6, 327.68, 222.6, 163.93, 323.87, 172.78, 245.81, 98.02, 30.6, 63.9, 125, 64.56, 87.89, , , , , 
1/31/2020 9:11:18 AM, 3279, 9196.75, 1642.6, 327.68, 222.6, 163.93, 323.87, 172.78, 245.81, 98.02, 30.6, 63.9, 125, 64.56, 87.89, , , , , 
1/31/2020 9:11:21 AM, 3279, 9196.5, 1642.7, 327.68, 222.6, 163.93, 323.87, 172.78, 245.81, 98.02, 30.6, 63.9, 125, 64.56, 87.89, , , , , 
1/31/2020 9:11:24 AM, 3279, 9197, 1642.7, 327.68, 222.6, 163.93, 323.87, 172.78, 245.81, 98.02, 30.6, 63.9, 125, 64.56, 87.89, , , , , 
1/31/2020 9:11:27 AM, 3279, 9196.25, 1642.7, 327.68, 222.6, 163.93, 323.87, 172.78, 245.81, 98.02, 30.6, 63.9, 125, 64.56, 87.89, , , , , 
1/31/2020 9:11:30 AM, 3279.25, 9196.75, 1642.7, 327.68, 222.6, 163.93, 323.87, 172.78, 245.81, 98.02, 30.6, 63.9, 125, 64.56, 87.89, , , , , 
1/31/2020 9:11:33 AM, 3279, 9196.75, 1642.7, 327.68, 222.6, 163.93, 323.87, 172.78, 245.81, 98.02, 30.6, 63.9, 125, 64.56, 87.89, , , , , 
1/31/2020 9:11:36 AM, 3279, 9196.5, 1642.7, 327.68, 222.6, 163.93, 323.87, 172.78, 245.81, 98.02, 30.6, 63.9, 125, 64.56, 87.89, , , , , 
1/31/2020 9:11:39 AM, 3279, 9197, 1642.7, 327.68, 222.6, 163.93, 323.87, 172.78, 245.81, 98.02, 30.6, 63.9, 125, 64.56, 87.89, , , , , 
1/31/2020 9:11:42 AM, 3279.5, 9197.25, 1642.8, 327.68, 222.6, 163.93, 323.87, 172.78, 245.81, 98.02, 30.6, 63.9, 125, 64.56, 87.89, , , , , 
1/31/2020 9:11:45 AM, 3279.5, 9197.25, 1642.9, 327.68, 222.6, 163.93, 323.87, 172.78, 245.81, 98.02, 30.6, 63.9, 125, 64.56, 87.89, , , , , 
1/31/2020 9:11:48 AM, 3279.25, 9196.75, 1642.7, 327.68, 222.6, 163.93, 323.87, 172.78, 245.81, 98.02, 30.6, 63.9, 125, 64.56, 87.89, , , , , 
1/31/2020 9:11:51 AM, 3279.25, 9197, 1642.7, 327.68, 222.6, 163.93, 323.87, 172.78, 245.81, 98.02, 30.6, 63.9, 125, 64.56, 87.89, , , , , 
1/31/2020 9:11:54 AM, 3279.25, 9196.5, 1642.7, 327.68, 222.6, 163.93, 323.87, 172.78, 245.81, 98.02, 30.6, 63.9, 125, 64.56, 87.89, , , , , 
1/31/2020 9:11:57 AM, 3279, 9196.75, 1642.4, 327.68, 222.6, 163.93, 323.87, 172.78, 245.81, 98.02, 30.6, 63.9, 125, 64.56, 87.89, , , , , 
1/31/2020 9:12:00 AM, 3279.25, 9196.5, 1642.4, 327.68, 222.6, 163.93, 323.87, 172.78, 245.81, 98.02, 30.6, 63.9, 125, 64.56, 87.89, , , , , 
1/31/2020 9:12:03 AM, 3279, 9195.75, 1642.5, 327.68, 222.6, 163.93, 323.87, 172.78, 245.81, 98.02, 30.6, 63.9, 125, 64.56, 87.89, , , , , 
1/31/2020 9:12:06 AM, 3279, 9196, 1642.5, 327.68, 222.6, 163.93, 323.87, 172.78, 245.81, 98.02, 30.6, 63.9, 125, 64.56, 87.89, , , , , 
1/31/2020 9:12:09 AM, 3278.75, 9195.25, 1642.5, 327.68, 222.6, 163.93, 323.87, 172.78, 245.81, 98.02, 30.6, 63.9, 125, 64.56, 87.89, , , , , 
1/31/2020 9:12:12 AM, 3279, 9195, 1642.4, 327.68, 222.6, 163.93, 323.87, 172.78, 245.81, 98.02, 30.6, 63.9, 125, 64.56, 87.89, , , , , 
1/31/2020 9:12:15 AM, 3278.75, 9195.75, 1642.5, 327.68, 222.6, 163.93, 323.87, 172.78, 245.81, 98.02, 30.6, 63.9, 125, 64.56, 87.89, , , , , 
1/31/2020 9:12:18 AM, 3279, 9196.25, 1642.6, 327.68, 222.6, 163.93, 323.87, 172.78, 245.81, 98.02, 30.6, 63.9, 125, 64.56, 87.89, , , , , 
1/31/2020 9:12:21 AM, 3279, 9196.5, 1642.7, 327.68, 222.6, 163.93, 323.87, 172.78, 245.81, 98.02, 30.6, 63.9, 125, 64.56, 87.89, , , , , 
1/31/2020 9:12:24 AM, 3279.25, 9197.25, 1642.6, 327.68, 222.6, 163.93, 323.87, 172.78, 245.81, 98.02, 30.6, 63.9, 125, 64.56, 87.89, , , , , 
1/31/2020 9:12:27 AM, 3279.25, 9196.75, 1642.5, 327.68, 222.6, 163.93, 323.87, 172.78, 245.81, 98.02, 30.6, 63.9, 125, 64.56, 87.89, , , , , 
1/31/2020 9:12:30 AM, 3279, 9196.75, 1642.6, 327.68, 222.6, 163.93, 323.87, 172.78, 245.81, 98.02, 30.6, 63.9, 125, 64.56, 87.89, , , , , 
1/31/2020 9:12:33 AM, 3279.25, 9197, 1642.6, 327.68, 222.6, 163.93, 323.87, 172.78, 245.81, 98.02, 30.6, 63.9, 125, 64.56, 87.89, , , , , 
1/31/2020 9:12:36 AM, 3279.25, 9196.75, 1642.6, 327.68, 222.6, 163.93, 323.87, 172.78, 245.81, 98.02, 30.6, 63.9, 125, 64.56, 87.89, , , , , 
1/31/2020 9:12:39 AM, 3279.25, 9197.25, 1642.6, 327.68, 222.6, 163.93, 323.87, 172.78, 245.81, 98.02, 30.6, 63.9, 125, 64.56, 87.89, , , , , 
1/31/2020 9:12:42 AM, 3279.25, 9197, 1642.6, 327.68, 222.6, 163.93, 323.87, 172.78, 245.81, 98.02, 30.6, 63.9, 125, 64.56, 87.89, , , , , 
1/31/2020 9:12:45 AM, 3279.25, 9197, 1642.7, 327.68, 222.6, 163.93, 323.87, 172.78, 245.81, 98.02, 30.6, 63.9, 125, 64.56, 87.89, , , , , 
1/31/2020 9:12:48 AM, 3279.25, 9197.25, 1642.7, 327.68, 222.6, 163.93, 323.87, 172.78, 245.81, 98.02, 30.6, 63.9, 125, 64.56, 87.89, , , , , 
1/31/2020 9:12:51 AM, 3279.25, 9196.75, 1642.7, 327.68, 222.6, 163.93, 323.87, 172.78, 245.81, 98.02, 30.6, 63.9, 125, 64.56, 87.89, , , , , 
1/31/2020 9:12:54 AM, 3279.25, 9196.25, 1642.7, 327.68, 222.6, 163.93, 323.87, 172.78, 245.81, 98.02, 30.6, 63.9, 125, 64.56, 87.89, , , , , 
1/31/2020 9:12:57 AM, 3279.5, 9197.5, 1642.6, 327.68, 222.6, 163.93, 323.87, 172.78, 245.81, 98.02, 30.6, 63.9, 125, 64.56, 87.89, , , , , 
1/31/2020 9:13:00 AM, 3279.75, 9198.5, 1642.9, 327.68, 222.6, 163.93, 323.87, 172.78, 245.81, 98.02, 30.6, 63.9, 125, 64.56, 87.89, , , , , 
1/31/2020 9:13:03 AM, 3279.75, 9198.5, 1642.9, 327.68, 222.6, 163.93, 323.87, 172.78, 245.81, 98.02, 30.6, 63.9, 125, 64.56, 87.89, , , , , 
1/31/2020 9:13:06 AM, 3280, 9199, 1642.7, 327.68, 222.6, 163.93, 323.87, 172.78, 245.81, 98.02, 30.6, 63.9, 125, 64.56, 87.89, , , , , 
1/31/2020 9:13:09 AM, 3279.5, 9197.25, 1642.8, 327.68, 222.6, 163.93, 323.87, 172.78, 245.81, 98.02, 30.6, 63.9, 125, 64.56, 87.89, , , , , 
1/31/2020 9:13:12 AM, 3279.25, 9197.25, 1642.8, 327.68, 222.6, 163.93, 323.87, 172.78, 245.81, 98.02, 30.6, 63.9, 125, 64.56, 87.89, , , , , 
1/31/2020 9:13:15 AM, 3279.75, 9198, 1642.8, 327.68, 222.6, 163.93, 323.87, 172.78, 245.81, 98.02, 30.6, 63.9, 125, 64.56, 87.89, , , , , 
1/31/2020 9:13:18 AM, 3279.75, 9198.25, 1642.8, 327.68, 222.6, 163.93, 323.87, 172.78, 245.81, 98.02, 30.6, 63.9, 125, 64.56, 87.89, , , , , 
1/31/2020 9:13:21 AM, 3279.75, 9198.25, 1642.8, 327.68, 222.6, 163.93, 323.87, 172.78, 245.81, 98.02, 30.6, 63.9, 125, 64.56, 87.89, , , , , 
1/31/2020 9:13:24 AM, 3279.5, 9197.75, 1642.8, 327.68, 222.6, 163.93, 323.87, 172.78, 245.81, 98.02, 30.6, 63.9, 125, 64.56, 87.89, , , , , 
1/31/2020 9:13:27 AM, 3279.75, 9198, 1642.7, 327.68, 222.6, 163.93, 323.87, 172.78, 245.81, 98.02, 30.6, 63.9, 125, 64.56, 87.89, , , , , 
1/31/2020 9:13:30 AM, 3279.5, 9197.5, 1642.7, 327.68, 222.6, 163.93, 323.87, 172.78, 245.81, 98.02, 30.6, 63.9, 125, 64.56, 87.89, , , , , 
1/31/2020 9:13:34 AM, 3279.5, 9197.5, 1642.8, 327.68, 222.6, 163.93, 323.87, 172.78, 245.81, 98.02, 30.6, 63.9, 125, 64.56, 87.89, , , , , 
1/31/2020 9:13:37 AM, 3279.25, 9197.75, 1642.7, 327.68, 222.6, 163.93, 323.87, 172.78, 245.81, 98.02, 30.6, 63.9, 125, 64.56, 87.89, , , , , 
1/31/2020 9:13:40 AM, 3279.5, 9197.5, 1642.7, 327.68, 222.6, 163.93, 323.87, 172.78, 245.81, 98.02, 30.6, 63.9, 125, 64.56, 87.89, , , , , 
1/31/2020 9:13:43 AM, 3279.5, 9197.5, 1642.7, 327.68, 222.6, 163.93, 323.87, 172.78, 245.81, 98.02, 30.6, 63.9, 125, 64.56, 87.89, , , , , 
1/31/2020 9:13:46 AM, 3279.5, 9197.5, 1642.7, 327.68, 222.6, 163.93, 323.87, 172.78, 245.81, 98.02, 30.6, 63.9, 125, 64.56, 87.89, , , , , 
1/31/2020 9:13:49 AM, 3279.5, 9197.25, 1642.6, 327.68, 222.6, 163.93, 323.87, 172.78, 245.81, 98.02, 30.6, 63.9, 125, 64.56, 87.89, , , , , 
1/31/2020 9:13:52 AM, 3279.5, 9197.25, 1642.6, 327.68, 222.6, 163.93, 323.87, 172.78, 245.81, 98.02, 30.6, 63.9, 125, 64.56, 87.89, , , , , 
1/31/2020 9:13:55 AM, 3279, 9196.5, 1642.4, 327.68, 222.6, 163.93, 323.87, 172.78, 245.81, 98.02, 30.6, 63.9, 125, 64.56, 87.89, , , , , 
1/31/2020 9:13:58 AM, 3279, 9196.5, 1642.4, 327.68, 222.6, 163.93, 323.87, 172.78, 245.81, 98.02, 30.6, 63.9, 125, 64.56, 87.89, , , , , 
1/31/2020 9:14:01 AM, 3278.5, 9194.75, 1642.1, 327.68, 222.6, 163.93, 323.87, 172.78, 245.81, 98.02, 30.6, 63.9, 125, 64.56, 87.89, , , , , 
1/31/2020 9:14:04 AM, 3278.5, 9194.75, 1642.1, 327.68, 222.6, 163.93, 323.87, 172.78, 245.81, 98.02, 30.6, 63.9, 125, 64.56, 87.89, , , , , 
1/31/2020 9:14:07 AM, 3278.5, 9194.75, 1642.2, 327.68, 222.6, 163.93, 323.87, 172.78, 245.81, 98.02, 30.6, 63.9, 125, 64.56, 87.89, , , , , 
1/31/2020 9:14:10 AM, 3278.5, 9194.75, 1642.2, 327.68, 222.6, 163.93, 323.87, 172.78, 245.81, 98.02, 30.6, 63.9, 125, 64.56, 87.89, , , , , 
1/31/2020 9:14:13 AM, 3278.25, 9193.5, 1642.2, 327.68, 222.6, 163.93, 323.87, 172.78, 245.81, 98.02, 30.6, 63.9, 125, 64.56, 87.89, , , , , 
1/31/2020 9:14:16 AM, 3278.25, 9193.5, 1642.2, 327.68, 222.6, 163.93, 323.87, 172.78, 245.81, 98.02, 30.6, 63.9, 125, 64.56, 87.89, , , , , 
1/31/2020 9:14:19 AM, 3278.75, 9195.25, 1642.3, 327.68, 222.6, 163.93, 323.87, 172.78, 245.81, 98.02, 30.6, 63.9, 125, 64.56, 87.89, , , , , 
1/31/2020 9:14:22 AM, 3278.75, 9195.25, 1642.3, 327.68, 222.6, 163.93, 323.87, 172.78, 245.81, 98.02, 30.6, 63.9, 125, 64.56, 87.89, , , , , 
1/31/2020 9:14:25 AM, 3278.75, 9195.25, 1642.4, 327.68, 222.6, 163.93, 323.87, 172.78, 245.81, 98.02, 30.6, 63.9, 125, 64.56, 87.89, , , , , 
1/31/2020 9:14:28 AM, 3278.75, 9195.25, 1642.4, 327.68, 222.6, 163.93, 323.87, 172.78, 245.81, 98.02, 30.6, 63.9, 125, 64.56, 87.89, , , , , 
1/31/2020 9:14:31 AM, 3278.75, 9195.5, 1642.4, 327.68, 222.6, 163.93, 323.87, 172.78, 245.81, 98.02, 30.6, 63.9, 125, 64.56, 87.89, , , , , 
1/31/2020 9:14:34 AM, 3278.75, 9195.5, 1642.4, 327.68, 222.6, 163.93, 323.87, 172.78, 245.81, 98.02, 30.6, 63.9, 125, 64.56, 87.89, , , , , 
1/31/2020 9:14:37 AM, 3278.75, 9195.25, 1642.4, 327.68, 222.6, 163.93, 323.87, 172.78, 245.81, 98.02, 30.6, 63.9, 125, 64.56, 87.89, , , , , 
1/31/2020 9:14:40 AM, 3278.75, 9195.25, 1642.4, 327.68, 222.6, 163.93, 323.87, 172.78, 245.81, 98.02, 30.6, 63.9, 125, 64.56, 87.89, , , , , 
1/31/2020 9:14:43 AM, 3278.75, 9194.5, 1642.4, 327.68, 222.6, 163.93, 323.87, 172.78, 245.81, 98.02, 30.6, 63.9, 125, 64.56, 87.89, , , , , 
1/31/2020 9:14:46 AM, 3278.75, 9194.5, 1642.4, 327.68, 222.6, 163.93, 323.87, 172.78, 245.81, 98.02, 30.6, 63.9, 125, 64.56, 87.89, , , , , 
1/31/2020 9:14:49 AM, 3279, 9196.25, 1642.5, 327.68, 222.6, 163.93, 323.87, 172.78, 245.81, 98.02, 30.6, 63.9, 125, 64.56, 87.89, , , , , 
1/31/2020 9:14:52 AM, 3279, 9196.25, 1642.5, 327.68, 222.6, 163.93, 323.87, 172.78, 245.81, 98.02, 30.6, 63.9, 125, 64.56, 87.89, , , , , 
1/31/2020 9:14:55 AM, 3279, 9196.5, 1642.7, 327.68, 222.6, 163.93, 323.87, 172.78, 245.81, 98.02, 30.6, 63.9, 125, 64.56, 87.89, , , , , 
1/31/2020 9:14:58 AM, 3279, 9196.5, 1642.7, 327.68, 222.6, 163.93, 323.87, 172.78, 245.81, 98.02, 30.6, 63.9, 125, 64.56, 87.89, , , , , 
1/31/2020 9:15:01 AM, 3279, 9196, 1642.7, 327.68, 222.6, 163.93, 323.87, 172.78, 245.81, 98.02, 30.6, 63.9, 125, 64.56, 87.89, , , , , 
1/31/2020 9:15:04 AM, 3279, 9196, 1642.7, 327.68, 222.6, 163.93, 323.87, 172.78, 245.81, 98.02, 30.6, 63.9, 125, 64.56, 87.89, , , , , 
1/31/2020 9:15:07 AM, 3279, 9196.25, 1642.7, 327.68, 222.6, 163.93, 323.87, 172.78, 245.81, 98.02, 30.6, 63.9, 125, 64.56, 87.89, , , , , 
1/31/2020 9:15:10 AM, 3279, 9196.25, 1642.7, 327.68, 222.6, 163.93, 323.87, 172.78, 245.81, 98.02, 30.6, 63.9, 125, 64.56, 87.89, , , , , 
1/31/2020 9:15:13 AM, 3279.25, 9197.5, 1642.9, 327.68, 222.6, 163.93, 323.87, 172.78, 245.81, 98.02, 30.6, 63.9, 125, 64.56, 87.89, , , , , 
1/31/2020 9:15:16 AM, 3279.25, 9197.5, 1642.9, 327.68, 222.6, 163.93, 323.87, 172.78, 245.81, 98.02, 30.6, 63.9, 125, 64.56, 87.89, , , , , 
1/31/2020 9:15:19 AM, 3279, 9198, 1642.9, 327.68, 222.6, 163.93, 323.87, 172.78, 245.81, 98.02, 30.6, 63.9, 125, 64.56, 87.89, , , , , 
1/31/2020 9:15:22 AM, 3279, 9198, 1642.9, 327.68, 222.6, 163.93, 323.87, 172.78, 245.81, 98.02, 30.6, 63.9, 125, 64.56, 87.89, , , , , 
1/31/2020 9:15:25 AM, 3279.25, 9197.75, 1643, 327.68, 222.6, 163.93, 323.87, 172.78, 245.81, 98.02, 30.6, 63.9, 125, 64.56, 87.89, , , , , 
1/31/2020 9:15:28 AM, 3279.25, 9197.75, 1643, 327.68, 222.6, 163.93, 323.87, 172.78, 245.81, 98.02, 30.6, 63.9, 125, 64.56, 87.89, , , , , 
1/31/2020 9:15:31 AM, 3279.25, 9197.5, 1642.9, 327.68, 222.6, 163.93, 323.87, 172.78, 245.81, 98.02, 30.6, 63.9, 125, 64.56, 87.89, , , , , 
1/31/2020 9:15:34 AM, 3279.25, 9197.5, 1642.9, 327.68, 222.6, 163.93, 323.87, 172.78, 245.81, 98.02, 30.6, 63.9, 125, 64.56, 87.89, , , , , 
1/31/2020 9:15:37 AM, 3279.25, 9197.75, 1642.9, 327.68, 222.6, 163.93, 323.87, 172.78, 245.81, 98.02, 30.6, 63.9, 125, 64.56, 87.89, , , , , 
1/31/2020 9:15:40 AM, 3279.25, 9197.75, 1642.9, 327.68, 222.6, 163.93, 323.87, 172.78, 245.81, 98.02, 30.6, 63.9, 125, 64.56, 87.89, , , , , 
1/31/2020 9:15:43 AM, 3279.75, 9199, 1643.1, 327.68, 222.6, 163.93, 323.87, 172.78, 245.81, 98.02, 30.6, 63.9, 125, 64.56, 87.89, , , , , 
1/31/2020 9:15:46 AM, 3279.75, 9199, 1643.1, 327.68, 222.6, 163.93, 323.87, 172.78, 245.81, 98.02, 30.6, 63.9, 125, 64.56, 87.89, , , , , 
1/31/2020 9:15:49 AM, 3279.75, 9199.75, 1643.2, 327.68, 222.6, 163.93, 323.87, 172.78, 245.81, 98.02, 30.6, 63.9, 125, 64.56, 87.89, , , , , 
1/31/2020 9:15:52 AM, 3279.75, 9199.75, 1643.2, 327.68, 222.6, 163.93, 323.87, 172.78, 245.81, 98.02, 30.6, 63.9, 125, 64.56, 87.89, , , , , 
1/31/2020 9:15:55 AM, 3279.5, 9199, 1643, 327.68, 222.6, 163.93, 323.87, 172.78, 245.81, 98.02, 30.6, 63.9, 125, 64.56, 87.89, , , , , 
1/31/2020 9:15:58 AM, 3279.5, 9199, 1643, 327.68, 222.6, 163.93, 323.87, 172.78, 245.81, 98.02, 30.6, 63.9, 125, 64.56, 87.89, , , , , 
1/31/2020 9:16:01 AM, 3279.5, 9198.5, 1643, 327.68, 222.6, 163.93, 323.87, 172.78, 245.81, 98.02, 30.6, 63.9, 125, 64.56, 87.89, , , , , 
1/31/2020 9:16:04 AM, 3279.5, 9198.5, 1643, 327.68, 222.6, 163.93, 323.87, 172.78, 245.81, 98.02, 30.6, 63.9, 125, 64.56, 87.89, , , , , 
1/31/2020 9:16:08 AM, 3279.75, 9199.5, 1643.1, 327.68, 222.6, 163.93, 323.87, 172.78, 245.81, 98.02, 30.6, 63.9, 125, 64.56, 87.89, , , , , 
1/31/2020 9:16:11 AM, 3279.75, 9199.5, 1643.1, 327.68, 222.6, 163.93, 323.87, 172.78, 245.81, 98.02, 30.6, 63.9, 125, 64.56, 87.89, , , , , 
1/31/2020 9:16:14 AM, 3279.5, 9200, 1643.1, 327.68, 222.6, 163.93, 323.87, 172.78, 245.81, 98.02, 30.6, 63.9, 125, 64.56, 87.89, , , , , 
1/31/2020 9:16:17 AM, 3279.5, 9200.25, 1643.1, 327.68, 222.6, 163.93, 323.87, 172.78, 245.81, 98.02, 30.6, 63.9, 125, 64.56, 87.89, , , , , 
1/31/2020 9:16:20 AM, 3279.75, 9200.5, 1643.1, 327.68, 222.6, 163.93, 323.87, 172.78, 245.81, 98.02, 30.6, 63.9, 125, 64.56, 87.89, , , , , 
1/31/2020 9:16:23 AM, 3279.75, 9200.75, 1643.2, 327.68, 222.6, 163.93, 323.87, 172.78, 245.81, 98.02, 30.6, 63.9, 125, 64.56, 87.89, , , , , 
1/31/2020 9:16:26 AM, 3279.75, 9200, 1643.1, 327.68, 222.6, 163.93, 323.87, 172.78, 245.81, 98.02, 30.6, 63.9, 125, 64.56, 87.89, , , , , 
1/31/2020 9:16:29 AM, 3279.75, 9200.25, 1643.1, 327.68, 222.6, 163.93, 323.87, 172.78, 245.81, 98.02, 30.6, 63.9, 125, 64.56, 87.89, , , , , 
1/31/2020 9:16:32 AM, 3279.5, 9200.25, 1643.1, 327.68, 222.6, 163.93, 323.87, 172.78, 245.81, 98.02, 30.6, 63.9, 125, 64.56, 87.89, , , , , 
1/31/2020 9:16:35 AM, 3279.5, 9200, 1643.1, 327.68, 222.6, 163.93, 323.87, 172.78, 245.81, 98.02, 30.6, 63.9, 125, 64.56, 87.89, , , , , 
1/31/2020 9:16:38 AM, 3279.5, 9200, 1643.1, 327.68, 222.6, 163.93, 323.87, 172.78, 245.81, 98.02, 30.6, 63.9, 125, 64.56, 87.89, , , , , 
1/31/2020 9:16:41 AM, 3279.75, 9200, 1643.1, 327.68, 222.6, 163.93, 323.87, 172.78, 245.81, 98.02, 30.6, 63.9, 125, 64.56, 87.89, , , , , 
1/31/2020 9:16:44 AM, 3279.5, 9199.75, 1643.1, 327.68, 222.6, 163.93, 323.87, 172.78, 245.81, 98.02, 30.6, 63.9, 125, 64.56, 87.89, , , , , 
1/31/2020 9:16:47 AM, 3279.5, 9199.75, 1643.1, 327.68, 222.6, 163.93, 323.87, 172.78, 245.81, 98.02, 30.6, 63.9, 125, 64.56, 87.89, , , , , 
1/31/2020 9:16:50 AM, 3279.5, 9199.5, 1643, 327.68, 222.6, 163.93, 323.87, 172.78, 245.81, 98.02, 30.6, 63.9, 125, 64.56, 87.89, , , , , 
1/31/2020 9:16:53 AM, 3279.5, 9199, 1642.8, 327.68, 222.6, 163.93, 323.87, 172.78, 245.81, 98.02, 30.6, 63.9, 125, 64.56, 87.89, , , , , 
1/31/2020 9:16:56 AM, 3279.5, 9199.5, 1642.8, 327.68, 222.6, 163.93, 323.87, 172.78, 245.81, 98.02, 30.6, 63.9, 125, 64.56, 87.89, , , , , 
1/31/2020 9:16:59 AM, 3279.25, 9199, 1643, 327.68, 222.6, 163.93, 323.87, 172.78, 245.81, 98.02, 30.6, 63.9, 125, 64.56, 87.89, , , , , 
1/31/2020 9:17:02 AM, 3279.25, 9199, 1643, 327.68, 222.6, 163.93, 323.87, 172.78, 245.81, 98.02, 30.6, 63.9, 125, 64.56, 87.89, , , , , 
1/31/2020 9:17:05 AM, 3279.25, 9198.75, 1643, 327.68, 222.6, 163.93, 323.87, 172.78, 245.81, 98.02, 30.6, 63.9, 125, 64.56, 87.89, , , , , 
1/31/2020 9:17:08 AM, 3279.25, 9199.25, 1643, 327.68, 222.6, 163.93, 323.87, 172.78, 245.81, 98.02, 30.6, 63.9, 125, 64.56, 87.89, , , , , 
1/31/2020 9:17:11 AM, 3279.25, 9198.25, 1643, 327.68, 222.6, 163.93, 323.87, 172.78, 245.81, 98.02, 30.6, 63.9, 125, 64.56, 87.89, , , , , 
1/31/2020 9:17:14 AM, 3279, 9198, 1642.9, 327.68, 222.6, 163.93, 323.87, 172.78, 245.81, 98.02, 30.6, 63.9, 125, 64.56, 87.89, , , , , 
1/31/2020 9:17:17 AM, 3279, 9197.75, 1642.9, 327.68, 222.6, 163.93, 323.87, 172.78, 245.81, 98.02, 30.6, 63.9, 125, 64.56, 87.89, , , , , 
1/31/2020 9:17:20 AM, 3279.25, 9198.25, 1642.8, 327.68, 222.6, 163.93, 323.87, 172.78, 245.81, 98.02, 30.6, 63.9, 125, 64.56, 87.89, , , , , 
1/31/2020 9:17:23 AM, 3279.25, 9198.25, 1642.8, 327.68, 222.6, 163.93, 323.87, 172.78, 245.81, 98.02, 30.6, 63.9, 125, 64.56, 87.89, , , , , 
1/31/2020 9:17:26 AM, 3279, 9197.5, 1642.7, 327.68, 222.6, 163.93, 323.87, 172.78, 245.81, 98.02, 30.6, 63.9, 125, 64.56, 87.89, , , , , 
1/31/2020 9:17:29 AM, 3278.75, 9197.5, 1642.7, 327.68, 222.6, 163.93, 323.87, 172.78, 245.81, 98.02, 30.6, 63.9, 125, 64.56, 87.89, , , , , 
1/31/2020 9:17:32 AM, 3278.5, 9197, 1642.7, 327.68, 222.6, 163.93, 323.87, 172.78, 245.81, 98.02, 30.6, 63.9, 125, 64.56, 87.89, , , , , 
1/31/2020 9:17:35 AM, 3278.5, 9196.75, 1642.6, 327.68, 222.6, 163.93, 323.87, 172.78, 245.81, 98.02, 30.6, 63.9, 125, 64.56, 87.89, , , , , 
1/31/2020 9:17:38 AM, 3278.5, 9197, 1642.7, 327.68, 222.6, 163.93, 323.87, 172.78, 245.81, 98.02, 30.6, 63.9, 125, 64.56, 87.89, , , , , 
1/31/2020 9:17:41 AM, 3278.75, 9196.5, 1642.6, 327.68, 222.6, 163.93, 323.87, 172.78, 245.81, 98.02, 30.6, 63.9, 125, 64.56, 87.89, , , , , 
1/31/2020 9:17:44 AM, 3278.5, 9196.25, 1642.6, 327.68, 222.6, 163.93, 323.87, 172.78, 245.81, 98.02, 30.6, 63.9, 125, 64.56, 87.89, , , , , 
1/31/2020 9:17:47 AM, 3278.25, 9195.75, 1642.6, 327.68, 222.6, 163.93, 323.87, 172.78, 245.81, 98.02, 30.6, 63.9, 125, 64.56, 87.89, , , , , 
1/31/2020 9:17:50 AM, 3278.5, 9196.5, 1642.7, 327.68, 222.6, 163.93, 323.87, 172.78, 245.81, 98.02, 30.6, 63.9, 125, 64.56, 87.89, , , , , 
1/31/2020 9:17:53 AM, 3278.5, 9196.25, 1642.7, 327.68, 222.6, 163.93, 323.87, 172.78, 245.81, 98.02, 30.6, 63.9, 125, 64.56, 87.89, , , , , 
1/31/2020 9:17:56 AM, 3278.5, 9196.5, 1642.7, 327.68, 222.6, 163.93, 323.87, 172.78, 245.81, 98.02, 30.6, 63.9, 125, 64.56, 87.89, , , , , 
1/31/2020 9:17:59 AM, 3278.5, 9196.25, 1642.7, 327.68, 222.6, 163.93, 323.87, 172.78, 245.81, 98.02, 30.6, 63.9, 125, 64.56, 87.89, , , , , 
1/31/2020 9:18:02 AM, 3278.5, 9196, 1642.7, 327.68, 222.6, 163.93, 323.87, 172.78, 245.81, 98.02, 30.6, 63.9, 125, 64.56, 87.89, , , , , 
1/31/2020 9:18:05 AM, 3278, 9194.75, 1642.5, 327.68, 222.6, 163.93, 323.87, 172.78, 245.81, 98.02, 30.6, 63.9, 125, 64.56, 87.89, , , , , 
1/31/2020 9:18:08 AM, 3278, 9194.75, 1642.5, 327.68, 222.6, 163.93, 323.87, 172.78, 245.81, 98.02, 30.6, 63.9, 125, 64.56, 87.89, , , , , 
1/31/2020 9:18:11 AM, 3277.75, 9194, 1642.4, 327.68, 222.6, 163.93, 323.87, 172.78, 245.81, 98.02, 30.6, 63.9, 125, 64.56, 87.89, , , , , 
1/31/2020 9:18:14 AM, 3277.75, 9193.25, 1642.3, 327.68, 222.6, 163.93, 323.87, 172.78, 245.81, 98.02, 30.6, 63.9, 125, 64.56, 87.89, , , , , 
1/31/2020 9:18:17 AM, 3277.75, 9193.25, 1642.3, 327.68, 222.6, 163.93, 323.87, 172.78, 245.81, 98.02, 30.6, 63.9, 125, 64.56, 87.89, , , , , 
1/31/2020 9:18:20 AM, 3277.75, 9193.5, 1642.3, 327.68, 222.6, 163.93, 323.87, 172.78, 245.81, 98.02, 30.6, 63.9, 125, 64.56, 87.89, , , , , 
1/31/2020 9:18:23 AM, 3277.75, 9193.5, 1642.3, 327.68, 222.6, 163.93, 323.87, 172.78, 245.81, 98.02, 30.6, 63.9, 125, 64.56, 87.89, , , , , 
1/31/2020 9:18:26 AM, 3277.75, 9194, 1642.3, 327.68, 222.6, 163.93, 323.87, 172.78, 245.81, 98.02, 30.6, 63.9, 125, 64.56, 87.89, , , , , 
1/31/2020 9:18:29 AM, 3277.75, 9194.25, 1642.4, 327.68, 222.6, 163.93, 323.87, 172.78, 245.81, 98.02, 30.6, 63.9, 125, 64.56, 87.89, , , , , 
1/31/2020 9:18:32 AM, 3277.75, 9194.5, 1642.4, 327.68, 222.6, 163.93, 323.87, 172.78, 245.81, 98.02, 30.6, 63.9, 125, 64.56, 87.89, , , , , 
1/31/2020 9:18:35 AM, 3277.75, 9194, 1642.4, 327.68, 222.6, 163.93, 323.87, 172.78, 245.81, 98.02, 30.6, 63.9, 125, 64.56, 87.89, , , , , 
1/31/2020 9:18:39 AM, 3278, 9194.75, 1642.5, 327.68, 222.6, 163.93, 323.87, 172.78, 245.81, 98.02, 30.6, 63.9, 125, 64.56, 87.89, , , , , 
1/31/2020 9:18:42 AM, 3277.75, 9193.75, 1642.4, 327.68, 222.6, 163.93, 323.87, 172.78, 245.81, 98.02, 30.6, 63.9, 125, 64.56, 87.89, , , , , 
1/31/2020 9:18:45 AM, 3277.75, 9194.25, 1642.4, 327.68, 222.6, 163.93, 323.87, 172.78, 245.81, 98.02, 30.6, 63.9, 125, 64.56, 87.89, , , , , 
1/31/2020 9:18:48 AM, 3278, 9194.25, 1642.4, 327.68, 222.6, 163.93, 323.87, 172.78, 245.81, 98.02, 30.6, 63.9, 125, 64.56, 87.89, , , , , 
1/31/2020 9:18:51 AM, 3277.75, 9193.5, 1642.4, 327.68, 222.6, 163.93, 323.87, 172.78, 245.81, 98.02, 30.6, 63.9, 125, 64.56, 87.89, , , , , 
1/31/2020 9:18:54 AM, 3277.75, 9193.5, 1642.4, 327.68, 222.6, 163.93, 323.87, 172.78, 245.81, 98.02, 30.6, 63.9, 125, 64.56, 87.89, , , , , 
1/31/2020 9:18:57 AM, 3277.75, 9194, 1642.4, 327.68, 222.6, 163.93, 323.87, 172.78, 245.81, 98.02, 30.6, 63.9, 125, 64.56, 87.89, , , , , 
1/31/2020 9:19:00 AM, 3277.75, 9194, 1642.4, 327.68, 222.6, 163.93, 323.87, 172.78, 245.81, 98.02, 30.6, 63.9, 125, 64.56, 87.89, , , , , 
1/31/2020 9:19:03 AM, 3277.75, 9193.75, 1642.4, 327.68, 222.6, 163.93, 323.87, 172.78, 245.81, 98.02, 30.6, 63.9, 125, 64.56, 87.89, , , , , 
1/31/2020 9:19:06 AM, 3277.75, 9193.75, 1642.4, 327.68, 222.6, 163.93, 323.87, 172.78, 245.81, 98.02, 30.6, 63.9, 125, 64.56, 87.89, , , , , 
1/31/2020 9:19:09 AM, 3277.5, 9193.25, 1642.4, 327.68, 222.6, 163.93, 323.87, 172.78, 245.81, 98.02, 30.6, 63.9, 125, 64.56, 87.89, , , , , 
1/31/2020 9:19:12 AM, 3277.5, 9193.5, 1642.4, 327.68, 222.6, 163.93, 323.87, 172.78, 245.81, 98.02, 30.6, 63.9, 125, 64.56, 87.89, , , , , 
1/31/2020 9:19:15 AM, 3277.5, 9193.25, 1642.3, 327.68, 222.6, 163.93, 323.87, 172.78, 245.81, 98.02, 30.6, 63.9, 125, 64.56, 87.89, , , , , 
1/31/2020 9:19:18 AM, 3277.5, 9193.5, 1642.2, 327.68, 222.6, 163.93, 323.87, 172.78, 245.81, 98.02, 30.6, 63.9, 125, 64.56, 87.89, , , , , 
1/31/2020 9:19:21 AM, 3277.75, 9193.75, 1642.3, 327.68, 222.6, 163.93, 323.87, 172.78, 245.81, 98.02, 30.6, 63.9, 125, 64.56, 87.89, , , , , 
1/31/2020 9:19:24 AM, 3277.5, 9193.75, 1642.3, 327.68, 222.6, 163.93, 323.87, 172.78, 245.81, 98.02, 30.6, 63.9, 125, 64.56, 87.89, , , , , 
1/31/2020 9:19:27 AM, 3277.75, 9194.5, 1642.4, 327.68, 222.6, 163.93, 323.87, 172.78, 245.81, 98.02, 30.6, 63.9, 125, 64.56, 87.89, , , , , 
1/31/2020 9:19:30 AM, 3277.5, 9194.5, 1642.4, 327.68, 222.6, 163.93, 323.87, 172.78, 245.81, 98.02, 30.6, 63.9, 125, 64.56, 87.89, , , , , 
1/31/2020 9:19:33 AM, 3277.75, 9194.75, 1642.4, 327.68, 222.6, 163.93, 323.87, 172.78, 245.81, 98.02, 30.6, 63.9, 125, 64.56, 87.89, , , , , 
1/31/2020 9:19:36 AM, 3277.75, 9195, 1642.5, 327.68, 222.6, 163.93, 323.87, 172.78, 245.81, 98.02, 30.6, 63.9, 125, 64.56, 87.89, , , , , 
1/31/2020 9:19:39 AM, 3278, 9194.75, 1642.5, 327.68, 222.6, 163.93, 323.87, 172.78, 245.81, 98.02, 30.6, 63.9, 125, 64.56, 87.89, , , , , 
1/31/2020 9:19:42 AM, 3278, 9195, 1642.5, 327.68, 222.6, 163.93, 323.87, 172.78, 245.81, 98.02, 30.6, 63.9, 125, 64.56, 87.89, , , , , 
1/31/2020 9:19:45 AM, 3277.75, 9195, 1642.5, 327.68, 222.6, 163.93, 323.87, 172.78, 245.81, 98.02, 30.6, 63.9, 125, 64.56, 87.89, , , , , 
1/31/2020 9:19:48 AM, 3277.75, 9195, 1642.4, 327.68, 222.6, 163.93, 323.87, 172.78, 245.81, 98.02, 30.6, 63.9, 125, 64.56, 87.89, , , , , 
1/31/2020 9:19:51 AM, 3278, 9195, 1642.4, 327.68, 222.6, 163.93, 323.87, 172.78, 245.81, 98.02, 30.6, 63.9, 125, 64.56, 87.89, , , , , 
1/31/2020 9:19:54 AM, 3277.75, 9194.5, 1642.3, 327.68, 222.6, 163.93, 323.87, 172.78, 245.81, 98.02, 30.6, 63.9, 125, 64.56, 87.89, , , , , 
1/31/2020 9:19:57 AM, 3277.75, 9194.5, 1642.3, 327.68, 222.6, 163.93, 323.87, 172.78, 245.81, 98.02, 30.6, 63.9, 125, 64.56, 87.89, , , , , 
1/31/2020 9:20:00 AM, 3277.75, 9194, 1642.3, 327.68, 222.6, 163.93, 323.87, 172.78, 245.81, 98.02, 30.6, 63.9, 125, 64.56, 87.89, , , , , 
1/31/2020 9:20:03 AM, 3278, 9195.5, 1642.3, 327.68, 222.6, 163.93, 323.87, 172.78, 245.81, 98.02, 30.6, 63.9, 125, 64.56, 87.89, , , , , 
1/31/2020 9:20:06 AM, 3277.75, 9195, 1642.5, 327.68, 222.6, 163.93, 323.87, 172.78, 245.81, 98.02, 30.6, 63.9, 125, 64.56, 87.89, , , , , 
1/31/2020 9:20:09 AM, 3277.75, 9195.25, 1642.5, 327.68, 222.6, 163.93, 323.87, 172.78, 245.81, 98.02, 30.6, 63.9, 125, 64.56, 87.89, , , , , 
1/31/2020 9:20:12 AM, 3277.5, 9193.5, 1642.3, 327.68, 222.6, 163.93, 323.87, 172.78, 245.81, 98.02, 30.6, 63.9, 125, 64.56, 87.89, , , , , 
1/31/2020 9:20:15 AM, 3277.5, 9193.5, 1642.3, 327.68, 222.6, 163.93, 323.87, 172.78, 245.81, 98.02, 30.6, 63.9, 125, 64.56, 87.89, , , , , 
1/31/2020 9:20:18 AM, 3277.5, 9193.5, 1642.3, 327.68, 222.6, 163.93, 323.87, 172.78, 245.81, 98.02, 30.6, 63.9, 125, 64.56, 87.89, , , , , 
1/31/2020 9:20:21 AM, 3277.25, 9193.75, 1642.3, 327.68, 222.6, 163.93, 323.87, 172.78, 245.81, 98.02, 30.6, 63.9, 125, 64.56, 87.89, , , , , 
1/31/2020 9:20:24 AM, 3277.75, 9194.75, 1642.3, 327.68, 222.6, 163.93, 323.87, 172.78, 245.81, 98.02, 30.6, 63.9, 125, 64.56, 87.89, , , , , 
1/31/2020 9:20:27 AM, 3277.75, 9194.5, 1642.3, 327.68, 222.6, 163.93, 323.87, 172.78, 245.81, 98.02, 30.6, 63.9, 125, 64.56, 87.89, , , , , 
1/31/2020 9:20:30 AM, 3277.75, 9194.5, 1642.5, 327.68, 222.6, 163.93, 323.87, 172.78, 245.81, 98.02, 30.6, 63.9, 125, 64.56, 87.89, , , , , 
1/31/2020 9:20:33 AM, 3277.75, 9194.5, 1642.5, 327.68, 222.6, 163.93, 323.87, 172.78, 245.81, 98.02, 30.6, 63.9, 125, 64.56, 87.89, , , , , 
1/31/2020 9:20:36 AM, 3278, 9194.5, 1642.5, 327.68, 222.6, 163.93, 323.87, 172.78, 245.81, 98.02, 30.6, 63.9, 125, 64.56, 87.89, , , , , 
1/31/2020 9:20:39 AM, 3277.75, 9194.75, 1642.5, 327.68, 222.6, 163.93, 323.87, 172.78, 245.81, 98.02, 30.6, 63.9, 125, 64.56, 87.89, , , , , 
1/31/2020 9:20:42 AM, 3277.75, 9194.75, 1642.5, 327.68, 222.6, 163.93, 323.87, 172.78, 245.81, 98.02, 30.6, 63.9, 125, 64.56, 87.89, , , , , 
1/31/2020 9:20:45 AM, 3278, 9194.75, 1642.5, 327.68, 222.6, 163.93, 323.87, 172.78, 245.81, 98.02, 30.6, 63.9, 125, 64.56, 87.89, , , , , 
1/31/2020 9:20:48 AM, 3277.75, 9194.5, 1642.4, 327.68, 222.6, 163.93, 323.87, 172.78, 245.81, 98.02, 30.6, 63.9, 125, 64.56, 87.89, , , , , 
1/31/2020 9:20:51 AM, 3278, 9195, 1642.6, 327.68, 222.6, 163.93, 323.87, 172.78, 245.81, 98.02, 30.6, 63.9, 125, 64.56, 87.89, , , , , 
1/31/2020 9:20:54 AM, 3277.75, 9194.5, 1642.5, 327.68, 222.6, 163.93, 323.87, 172.78, 245.81, 98.02, 30.6, 63.9, 125, 64.56, 87.89, , , , , 
1/31/2020 9:20:58 AM, 3278.25, 9195.75, 1642.6, 327.68, 222.6, 163.93, 323.87, 172.78, 245.81, 98.02, 30.6, 63.9, 125, 64.56, 87.89, , , , , 
1/31/2020 9:21:01 AM, 3278.25, 9195.75, 1642.6, 327.68, 222.6, 163.93, 323.87, 172.78, 245.81, 98.02, 30.6, 63.9, 125, 64.56, 87.89, , , , , 
1/31/2020 9:21:04 AM, 3278, 9195.25, 1642.6, 327.68, 222.6, 163.93, 323.87, 172.78, 245.81, 98.02, 30.6, 63.9, 125, 64.56, 87.89, , , , , 
1/31/2020 9:21:07 AM, 3278, 9195.25, 1642.6, 327.68, 222.6, 163.93, 323.87, 172.78, 245.81, 98.02, 30.6, 63.9, 125, 64.56, 87.89, , , , , 
1/31/2020 9:21:10 AM, 3277.75, 9194.25, 1642.5, 327.68, 222.6, 163.93, 323.87, 172.78, 245.81, 98.02, 30.6, 63.9, 125, 64.56, 87.89, , , , , 
1/31/2020 9:21:13 AM, 3277.75, 9194.25, 1642.5, 327.68, 222.6, 163.93, 323.87, 172.78, 245.81, 98.02, 30.6, 63.9, 125, 64.56, 87.89, , , , , 
1/31/2020 9:21:16 AM, 3277.75, 9193.5, 1642.5, 327.68, 222.6, 163.93, 323.87, 172.78, 245.81, 98.02, 30.6, 63.9, 125, 64.56, 87.89, , , , , 
1/31/2020 9:21:19 AM, 3277.75, 9193.5, 1642.5, 327.68, 222.6, 163.93, 323.87, 172.78, 245.81, 98.02, 30.6, 63.9, 125, 64.56, 87.89, , , , , 
1/31/2020 9:21:22 AM, 3277.75, 9193.25, 1642.4, 327.68, 222.6, 163.93, 323.87, 172.78, 245.81, 98.02, 30.6, 63.9, 125, 64.56, 87.89, , , , , 
1/31/2020 9:21:25 AM, 3277.75, 9193.25, 1642.4, 327.68, 222.6, 163.93, 323.87, 172.78, 245.81, 98.02, 30.6, 63.9, 125, 64.56, 87.89, , , , , 
1/31/2020 9:21:28 AM, 3277.5, 9193.25, 1642.4, 327.68, 222.6, 163.93, 323.87, 172.78, 245.81, 98.02, 30.6, 63.9, 125, 64.56, 87.89, , , , , 
1/31/2020 9:21:31 AM, 3277.5, 9193.25, 1642.4, 327.68, 222.6, 163.93, 323.87, 172.78, 245.81, 98.02, 30.6, 63.9, 125, 64.56, 87.89, , , , , 
1/31/2020 9:21:34 AM, 3277.25, 9192.5, 1642.3, 327.68, 222.6, 163.93, 323.87, 172.78, 245.81, 98.02, 30.6, 63.9, 125, 64.56, 87.89, , , , , 
1/31/2020 9:21:37 AM, 3277.25, 9192.5, 1642.3, 327.68, 222.6, 163.93, 323.87, 172.78, 245.81, 98.02, 30.6, 63.9, 125, 64.56, 87.89, , , , , 
1/31/2020 9:21:40 AM, 3277.5, 9192.75, 1642.3, 327.68, 222.6, 163.93, 323.87, 172.78, 245.81, 98.02, 30.6, 63.9, 125, 64.56, 87.89, , , , , 
1/31/2020 9:21:43 AM, 3277.5, 9192.75, 1642.3, 327.68, 222.6, 163.93, 323.87, 172.78, 245.81, 98.02, 30.6, 63.9, 125, 64.56, 87.89, , , , , 
1/31/2020 9:21:46 AM, 3277.5, 9193.25, 1642.3, 327.68, 222.6, 163.93, 323.87, 172.78, 245.81, 98.02, 30.6, 63.9, 125, 64.56, 87.89, , , , , 
1/31/2020 9:21:49 AM, 3277.5, 9193.25, 1642.3, 327.68, 222.6, 163.93, 323.87, 172.78, 245.81, 98.02, 30.6, 63.9, 125, 64.56, 87.89, , , , , 
1/31/2020 9:21:52 AM, 3277, 9192.5, 1642.2, 327.68, 222.6, 163.93, 323.87, 172.78, 245.81, 98.02, 30.6, 63.9, 125, 64.56, 87.89, , , , , 
1/31/2020 9:21:55 AM, 3277, 9192.5, 1642.2, 327.68, 222.6, 163.93, 323.87, 172.78, 245.81, 98.02, 30.6, 63.9, 125, 64.56, 87.89, , , , , 
1/31/2020 9:21:58 AM, 3277, 9190.5, 1642.1, 327.68, 222.6, 163.93, 323.87, 172.78, 245.81, 98.02, 30.6, 63.9, 125, 64.56, 87.89, , , , , 
1/31/2020 9:22:01 AM, 3277, 9190.5, 1642.1, 327.68, 222.6, 163.93, 323.87, 172.78, 245.81, 98.02, 30.6, 63.9, 125, 64.56, 87.89, , , , , 
1/31/2020 9:22:04 AM, 3277.5, 9191.75, 1642.4, 327.68, 222.6, 163.93, 323.87, 172.78, 245.81, 98.02, 30.6, 63.9, 125, 64.56, 87.89, , , , , 
1/31/2020 9:22:07 AM, 3277.5, 9191.75, 1642.4, 327.68, 222.6, 163.93, 323.87, 172.78, 245.81, 98.02, 30.6, 63.9, 125, 64.56, 87.89, , , , , 
1/31/2020 9:22:10 AM, 3277, 9191.5, 1642.1, 327.68, 222.6, 163.93, 323.87, 172.78, 245.81, 98.02, 30.6, 63.9, 125, 64.56, 87.89, , , , , 
1/31/2020 9:22:13 AM, 3277, 9191.5, 1642.1, 327.68, 222.6, 163.93, 323.87, 172.78, 245.81, 98.02, 30.6, 63.9, 125, 64.56, 87.89, , , , , 
1/31/2020 9:22:16 AM, 3277, 9191.5, 1642.1, 327.68, 222.6, 163.93, 323.87, 172.78, 245.81, 98.02, 30.6, 63.9, 125, 64.56, 87.89, , , , , 
1/31/2020 9:22:19 AM, 3277, 9191.5, 1642.1, 327.68, 222.6, 163.93, 323.87, 172.78, 245.81, 98.02, 30.6, 63.9, 125, 64.56, 87.89, , , , , 
1/31/2020 9:22:22 AM, 3276.75, 9192.25, 1642.1, 327.68, 222.6, 163.93, 323.87, 172.78, 245.81, 98.02, 30.6, 63.9, 125, 64.56, 87.89, , , , , 
1/31/2020 9:22:25 AM, 3276.75, 9192.25, 1642.1, 327.68, 222.6, 163.93, 323.87, 172.78, 245.81, 98.02, 30.6, 63.9, 125, 64.56, 87.89, , , , , 
1/31/2020 9:22:28 AM, 3277, 9193, 1642.2, 327.68, 222.6, 163.93, 323.87, 172.78, 245.81, 98.02, 30.6, 63.9, 125, 64.56, 87.89, , , , , 
1/31/2020 9:22:31 AM, 3277, 9193, 1642.2, 327.68, 222.6, 163.93, 323.87, 172.78, 245.81, 98.02, 30.6, 63.9, 125, 64.56, 87.89, , , , , 
1/31/2020 9:22:34 AM, 3277, 9192.75, 1642.2, 327.68, 222.6, 163.93, 323.87, 172.78, 245.81, 98.02, 30.6, 63.9, 125, 64.56, 87.89, , , , , 
1/31/2020 9:22:37 AM, 3277, 9192.75, 1642.2, 327.68, 222.6, 163.93, 323.87, 172.78, 245.81, 98.02, 30.6, 63.9, 125, 64.56, 87.89, , , , , 
1/31/2020 9:22:40 AM, 3277.25, 9193.25, 1642.2, 327.68, 222.6, 163.93, 323.87, 172.78, 245.81, 98.02, 30.6, 63.9, 125, 64.56, 87.89, , , , , 
1/31/2020 9:22:43 AM, 3277.25, 9193.25, 1642.2, 327.68, 222.6, 163.93, 323.87, 172.78, 245.81, 98.02, 30.6, 63.9, 125, 64.56, 87.89, , , , , 
1/31/2020 9:22:46 AM, 3276.5, 9191.75, 1642, 327.68, 222.6, 163.93, 323.87, 172.78, 245.81, 98.02, 30.6, 63.9, 125, 64.56, 87.89, , , , , 
1/31/2020 9:22:49 AM, 3276.5, 9191.75, 1642, 327.68, 222.6, 163.93, 323.87, 172.78, 245.81, 98.02, 30.6, 63.9, 125, 64.56, 87.89, , , , , 
1/31/2020 9:22:52 AM, 3276.75, 9192, 1641.9, 327.68, 222.6, 163.93, 323.87, 172.78, 245.81, 98.02, 30.6, 63.9, 125, 64.56, 87.89, , , , , 
1/31/2020 9:22:55 AM, 3276.75, 9192, 1641.9, 327.68, 222.6, 163.93, 323.87, 172.78, 245.81, 98.02, 30.6, 63.9, 125, 64.56, 87.89, , , , , 
1/31/2020 9:22:58 AM, 3276.5, 9192, 1641.8, 327.68, 222.6, 163.93, 323.87, 172.78, 245.81, 98.02, 30.6, 63.9, 125, 64.56, 87.89, , , , , 
1/31/2020 9:23:01 AM, 3276.5, 9192, 1641.8, 327.68, 222.6, 163.93, 323.87, 172.78, 245.81, 98.02, 30.6, 63.9, 125, 64.56, 87.89, , , , , 
1/31/2020 9:23:04 AM, 3276.5, 9191.25, 1641.9, 327.68, 222.6, 163.93, 323.87, 172.78, 245.81, 98.02, 30.6, 63.9, 125, 64.56, 87.89, , , , , 
1/31/2020 9:23:07 AM, 3276.5, 9191.25, 1641.9, 327.68, 222.6, 163.93, 323.87, 172.78, 245.81, 98.02, 30.6, 63.9, 125, 64.56, 87.89, , , , , 
1/31/2020 9:23:10 AM, 3276.5, 9191.25, 1641.9, 327.68, 222.6, 163.93, 323.87, 172.78, 245.81, 98.02, 30.6, 63.9, 125, 64.56, 87.89, , , , , 
1/31/2020 9:23:13 AM, 3276.5, 9191.25, 1641.9, 327.68, 222.6, 163.93, 323.87, 172.78, 245.81, 98.02, 30.6, 63.9, 125, 64.56, 87.89, , , , , 
1/31/2020 9:23:16 AM, 3276.5, 9191.75, 1642, 327.68, 222.6, 163.93, 323.87, 172.78, 245.81, 98.02, 30.6, 63.9, 125, 64.56, 87.89, , , , , 
1/31/2020 9:23:19 AM, 3276.5, 9191.75, 1642, 327.68, 222.6, 163.93, 323.87, 172.78, 245.81, 98.02, 30.6, 63.9, 125, 64.56, 87.89, , , , , 
1/31/2020 9:23:22 AM, 3276.75, 9192, 1642, 327.68, 222.6, 163.93, 323.87, 172.78, 245.81, 98.02, 30.6, 63.9, 125, 64.56, 87.89, , , , , 
1/31/2020 9:23:25 AM, 3276.75, 9192, 1642, 327.68, 222.6, 163.93, 323.87, 172.78, 245.81, 98.02, 30.6, 63.9, 125, 64.56, 87.89, , , , , 
1/31/2020 9:23:28 AM, 3276.75, 9192.25, 1642.1, 327.68, 222.6, 163.93, 323.87, 172.78, 245.81, 98.02, 30.6, 63.9, 125, 64.56, 87.89, , , , , 
1/31/2020 9:23:31 AM, 3276.75, 9192.25, 1642.1, 327.68, 222.6, 163.93, 323.87, 172.78, 245.81, 98.02, 30.6, 63.9, 125, 64.56, 87.89, , , , , 
1/31/2020 9:23:34 AM, 3276.75, 9192.25, 1642.1, 327.68, 222.6, 163.93, 323.87, 172.78, 245.81, 98.02, 30.6, 63.9, 125, 64.56, 87.89, , , , , 
1/31/2020 9:23:37 AM, 3276.75, 9192, 1642.1, 327.68, 222.6, 163.93, 323.87, 172.78, 245.81, 98.02, 30.6, 63.9, 125, 64.56, 87.89, , , , , 
1/31/2020 9:23:40 AM, 3276.5, 9191.5, 1642.1, 327.68, 222.6, 163.93, 323.87, 172.78, 245.81, 98.02, 30.6, 63.9, 125, 64.56, 87.89, , , , , 
1/31/2020 9:23:43 AM, 3276.5, 9190.25, 1642, 327.68, 222.6, 163.93, 323.87, 172.78, 245.81, 98.02, 30.6, 63.9, 125, 64.56, 87.89, , , , , 
1/31/2020 9:23:46 AM, 3276.25, 9190.5, 1642, 327.68, 222.6, 163.93, 323.87, 172.78, 245.81, 98.02, 30.6, 63.9, 125, 64.56, 87.89, , , , , 
1/31/2020 9:23:50 AM, 3276.5, 9190.75, 1642, 327.68, 222.6, 163.93, 323.87, 172.78, 245.81, 98.02, 30.6, 63.9, 125, 64.56, 87.89, , , , , 
1/31/2020 9:23:53 AM, 3276.5, 9191, 1642, 327.68, 222.6, 163.93, 323.87, 172.78, 245.81, 98.02, 30.6, 63.9, 125, 64.56, 87.89, , , , , 
1/31/2020 9:23:56 AM, 3276.5, 9191.25, 1642, 327.68, 222.6, 163.93, 323.87, 172.78, 245.81, 98.02, 30.6, 63.9, 125, 64.56, 87.89, , , , , 
1/31/2020 9:23:59 AM, 3276.75, 9191, 1642, 327.68, 222.6, 163.93, 323.87, 172.78, 245.81, 98.02, 30.6, 63.9, 125, 64.56, 87.89, , , , , 
1/31/2020 9:24:02 AM, 3276.5, 9191.25, 1642, 327.68, 222.6, 163.93, 323.87, 172.78, 245.81, 98.02, 30.6, 63.9, 125, 64.56, 87.89, , , , , 
1/31/2020 9:24:05 AM, 3276.75, 9192, 1642.1, 327.68, 222.6, 163.93, 323.87, 172.78, 245.81, 98.02, 30.6, 63.9, 125, 64.56, 87.89, , , , , 
1/31/2020 9:24:08 AM, 3276.75, 9192.5, 1642.2, 327.68, 222.6, 163.93, 323.87, 172.78, 245.81, 98.02, 30.6, 63.9, 125, 64.56, 87.89, , , , , 
1/31/2020 9:24:11 AM, 3276.75, 9192.5, 1642.2, 327.68, 222.6, 163.93, 323.87, 172.78, 245.81, 98.02, 30.6, 63.9, 125, 64.56, 87.89, , , , , 
1/31/2020 9:24:14 AM, 3276.75, 9193, 1642.3, 327.68, 222.6, 163.93, 323.87, 172.78, 245.81, 98.02, 30.6, 63.9, 125, 64.56, 87.89, , , , , 
1/31/2020 9:24:17 AM, 3277, 9192.75, 1642.2, 327.68, 222.6, 163.93, 323.87, 172.78, 245.81, 98.02, 30.6, 63.9, 125, 64.56, 87.89, , , , , 
1/31/2020 9:24:20 AM, 3276.75, 9194, 1642.3, 327.68, 222.6, 163.93, 323.87, 172.78, 245.81, 98.02, 30.6, 63.9, 125, 64.56, 87.89, , , , , 
1/31/2020 9:24:23 AM, 3277, 9194, 1642.2, 327.68, 222.6, 163.93, 323.87, 172.78, 245.81, 98.02, 30.6, 63.9, 125, 64.56, 87.89, , , , , 
1/31/2020 9:24:26 AM, 3277, 9194.5, 1642.2, 327.68, 222.6, 163.93, 323.87, 172.78, 245.81, 98.02, 30.6, 63.9, 125, 64.56, 87.89, , , , , 
1/31/2020 9:24:29 AM, 3277, 9194.25, 1642.3, 327.68, 222.6, 163.93, 323.87, 172.78, 245.81, 98.02, 30.6, 63.9, 125, 64.56, 87.89, , , , , 
1/31/2020 9:24:32 AM, 3277, 9194.25, 1642.3, 327.68, 222.6, 163.93, 323.87, 172.78, 245.81, 98.02, 30.6, 63.9, 125, 64.56, 87.89, , , , , 
1/31/2020 9:24:35 AM, 3277, 9194.75, 1642.3, 327.68, 222.6, 163.93, 323.87, 172.78, 245.81, 98.02, 30.6, 63.9, 125, 64.56, 87.89, , , , , 
1/31/2020 9:24:38 AM, 3277.25, 9194.75, 1642.4, 327.68, 222.6, 163.93, 323.87, 172.78, 245.81, 98.02, 30.6, 63.9, 125, 64.56, 87.89, , , , , 
1/31/2020 9:24:41 AM, 3277.25, 9194.75, 1642.4, 327.68, 222.6, 163.93, 323.87, 172.78, 245.81, 98.02, 30.6, 63.9, 125, 64.56, 87.89, , , , , 
1/31/2020 9:24:44 AM, 3277.25, 9195.25, 1642.4, 327.68, 222.6, 163.93, 323.87, 172.78, 245.81, 98.02, 30.6, 63.9, 125, 64.56, 87.89, , , , , 
1/31/2020 9:24:47 AM, 3277, 9194.25, 1642.3, 327.68, 222.6, 163.93, 323.87, 172.78, 245.81, 98.02, 30.6, 63.9, 125, 64.56, 87.89, , , , , 
1/31/2020 9:24:50 AM, 3276.75, 9194, 1642.3, 327.68, 222.6, 163.93, 323.87, 172.78, 245.81, 98.02, 30.6, 63.9, 125, 64.56, 87.89, , , , , 
1/31/2020 9:24:53 AM, 3276.75, 9194, 1642.2, 327.68, 222.6, 163.93, 323.87, 172.78, 245.81, 98.02, 30.6, 63.9, 125, 64.56, 87.89, , , , , 
1/31/2020 9:24:56 AM, 3276.75, 9194, 1642.2, 327.68, 222.6, 163.93, 323.87, 172.78, 245.81, 98.02, 30.6, 63.9, 125, 64.56, 87.89, , , , , 
1/31/2020 9:24:59 AM, 3276.75, 9194.25, 1642.2, 327.68, 222.6, 163.93, 323.87, 172.78, 245.81, 98.02, 30.6, 63.9, 125, 64.56, 87.89, , , , , 
1/31/2020 9:25:02 AM, 3276.5, 9192.75, 1642.1, 327.68, 222.6, 163.93, 323.87, 172.78, 245.81, 98.02, 30.6, 63.9, 125, 64.56, 87.89, , , , , 
1/31/2020 9:25:05 AM, 3276.5, 9193, 1642, 327.68, 222.6, 163.93, 323.87, 172.78, 245.81, 98.02, 30.6, 63.9, 125, 64.56, 87.89, , , , , 
1/31/2020 9:25:08 AM, 3276.25, 9191.5, 1642, 327.68, 222.6, 163.93, 323.87, 172.78, 245.81, 98.02, 30.6, 63.9, 125, 64.56, 87.89, , , , , 
1/31/2020 9:25:11 AM, 3275.5, 9189, 1641.8, 327.68, 222.6, 163.93, 323.87, 172.78, 245.81, 98.02, 30.6, 63.9, 125, 64.56, 87.89, , , , , 
1/31/2020 9:25:14 AM, 3275.75, 9189.25, 1641.8, 327.68, 222.6, 163.93, 323.87, 172.78, 245.81, 98.02, 30.6, 63.9, 125, 64.56, 87.89, , , , , 
1/31/2020 9:25:17 AM, 3275.25, 9187.75, 1641.6, 327.68, 222.6, 163.93, 323.87, 172.78, 245.81, 98.02, 30.6, 63.9, 125, 64.56, 87.89, , , , , 
1/31/2020 9:25:20 AM, 3275.5, 9189.25, 1641.8, 327.68, 222.6, 163.93, 323.87, 172.78, 245.81, 98.02, 30.6, 63.9, 125, 64.56, 87.89, , , , , 
1/31/2020 9:25:23 AM, 3275.75, 9189.25, 1641.9, 327.68, 222.6, 163.93, 323.87, 172.78, 245.81, 98.02, 30.6, 63.9, 125, 64.56, 87.89, , , , , 
1/31/2020 9:25:26 AM, 3276, 9189.75, 1641.9, 327.68, 222.6, 163.93, 323.87, 172.78, 245.81, 98.02, 30.6, 63.9, 125, 64.56, 87.89, , , , , 
1/31/2020 9:25:29 AM, 3276, 9190.25, 1642.1, 327.68, 222.6, 163.93, 323.87, 172.78, 245.81, 98.02, 30.6, 63.9, 125, 64.56, 87.89, , , , , 
1/31/2020 9:25:32 AM, 3276, 9190.75, 1642.1, 327.68, 222.6, 163.93, 323.87, 172.78, 245.81, 98.02, 30.6, 63.9, 125, 64.56, 87.89, , , , , 
1/31/2020 9:25:35 AM, 3276, 9190.25, 1642.1, 327.68, 222.6, 163.93, 323.87, 172.78, 245.81, 98.02, 30.6, 63.9, 125, 64.56, 87.89, , , , , 
1/31/2020 9:25:38 AM, 3276, 9190.25, 1642.1, 327.68, 222.6, 163.93, 323.87, 172.78, 245.81, 98.02, 30.6, 63.9, 125, 64.56, 87.89, , , , , 
1/31/2020 9:25:41 AM, 3276, 9190.75, 1642.2, 327.68, 222.6, 163.93, 323.87, 172.78, 245.81, 98.02, 30.6, 63.9, 125, 64.56, 87.89, , , , , 
1/31/2020 9:25:44 AM, 3276.25, 9191, 1642.2, 327.68, 222.6, 163.93, 323.87, 172.78, 245.81, 98.02, 30.6, 63.9, 125, 64.56, 87.89, , , , , 
1/31/2020 9:25:47 AM, 3276, 9190.5, 1642.1, 327.68, 222.6, 163.93, 323.87, 172.78, 245.81, 98.02, 30.6, 63.9, 125, 64.56, 87.89, , , , , 
1/31/2020 9:25:50 AM, 3276, 9191, 1642.2, 327.68, 222.6, 163.93, 323.87, 172.78, 245.81, 98.02, 30.6, 63.9, 125, 64.56, 87.89, , , , , 
1/31/2020 9:25:53 AM, 3276, 9190.5, 1642.2, 327.68, 222.6, 163.93, 323.87, 172.78, 245.81, 98.02, 30.6, 63.9, 125, 64.56, 87.89, , , , , 
1/31/2020 9:25:56 AM, 3275.75, 9190.5, 1642.2, 327.68, 222.6, 163.93, 323.87, 172.78, 245.81, 98.02, 30.6, 63.9, 125, 64.56, 87.89, , , , , 
1/31/2020 9:25:59 AM, 3275.5, 9189.75, 1642.1, 327.68, 222.6, 163.93, 323.87, 172.78, 245.81, 98.02, 30.6, 63.9, 125, 64.56, 87.89, , , , , 
1/31/2020 9:26:02 AM, 3275.5, 9189.75, 1642, 327.68, 222.6, 163.93, 323.87, 172.78, 245.81, 98.02, 30.6, 63.9, 125, 64.56, 87.89, , , , , 
1/31/2020 9:26:05 AM, 3275.75, 9190.75, 1642.1, 327.68, 222.6, 163.93, 323.87, 172.78, 245.81, 98.02, 30.6, 63.9, 125, 64.56, 87.89, , , , , 
1/31/2020 9:26:08 AM, 3276, 9190.75, 1642.2, 327.68, 222.6, 163.93, 323.87, 172.78, 245.81, 98.02, 30.6, 63.9, 125, 64.56, 87.89, , , , , 
1/31/2020 9:26:11 AM, 3276, 9190.75, 1642.2, 327.68, 222.6, 163.93, 323.87, 172.78, 245.81, 98.02, 30.6, 63.9, 125, 64.56, 87.89, , , , , 
1/31/2020 9:26:14 AM, 3276, 9191, 1642.2, 327.68, 222.6, 163.93, 323.87, 172.78, 245.81, 98.02, 30.6, 63.9, 125, 64.56, 87.89, , , , , 
1/31/2020 9:26:17 AM, 3276, 9190.5, 1642.2, 327.68, 222.6, 163.93, 323.87, 172.78, 245.81, 98.02, 30.6, 63.9, 125, 64.56, 87.89, , , , , 
1/31/2020 9:26:20 AM, 3275.5, 9190, 1642.1, 327.68, 222.6, 163.93, 323.87, 172.78, 245.81, 98.02, 30.6, 63.9, 125, 64.56, 87.89, , , , , 
1/31/2020 9:26:24 AM, 3275.75, 9190.25, 1642.1, 327.68, 222.6, 163.93, 323.87, 172.78, 245.81, 98.02, 30.6, 63.9, 125, 64.56, 87.89, , , , , 
1/31/2020 9:26:27 AM, 3275.75, 9190.5, 1642.1, 327.68, 222.6, 163.93, 323.87, 172.78, 245.81, 98.02, 30.6, 63.9, 125, 64.56, 87.89, , , , , 
1/31/2020 9:26:30 AM, 3275.5, 9190, 1642.1, 327.68, 222.6, 163.93, 323.87, 172.78, 245.81, 98.02, 30.6, 63.9, 125, 64.56, 87.89, , , , , 
1/31/2020 9:26:33 AM, 3275.5, 9190, 1642.1, 327.68, 222.6, 163.93, 323.87, 172.78, 245.81, 98.02, 30.6, 63.9, 125, 64.56, 87.89, , , , , 
1/31/2020 9:26:36 AM, 3275.75, 9189.75, 1642, 327.68, 222.6, 163.93, 323.87, 172.78, 245.81, 98.02, 30.6, 63.9, 125, 64.56, 87.89, , , , , 
1/31/2020 9:26:39 AM, 3275.5, 9189.75, 1642, 327.68, 222.6, 163.93, 323.87, 172.78, 245.81, 98.02, 30.6, 63.9, 125, 64.56, 87.89, , , , , 
1/31/2020 9:26:42 AM, 3275.5, 9189.5, 1642, 327.68, 222.6, 163.93, 323.87, 172.78, 245.81, 98.02, 30.6, 63.9, 125, 64.56, 87.89, , , , , 
1/31/2020 9:26:45 AM, 3275.25, 9189.5, 1641.9, 327.68, 222.6, 163.93, 323.87, 172.78, 245.81, 98.02, 30.6, 63.9, 125, 64.56, 87.89, , , , , 
1/31/2020 9:26:48 AM, 3275, 9188.75, 1641.9, 327.68, 222.6, 163.93, 323.87, 172.78, 245.81, 98.02, 30.6, 63.9, 125, 64.56, 87.89, , , , , 
1/31/2020 9:26:51 AM, 3275.5, 9190, 1641.9, 327.68, 222.6, 163.93, 323.87, 172.78, 245.81, 98.02, 30.6, 63.9, 125, 64.56, 87.89, , , , , 
1/31/2020 9:26:54 AM, 3275.75, 9190.25, 1642.1, 327.68, 222.6, 163.93, 323.87, 172.78, 245.81, 98.02, 30.6, 63.9, 125, 64.56, 87.89, , , , , 
1/31/2020 9:26:57 AM, 3275.75, 9190.5, 1642.1, 327.68, 222.6, 163.93, 323.87, 172.78, 245.81, 98.02, 30.6, 63.9, 125, 64.56, 87.89, , , , , 
1/31/2020 9:27:00 AM, 3275.75, 9190.5, 1642.1, 327.68, 222.6, 163.93, 323.87, 172.78, 245.81, 98.02, 30.6, 63.9, 125, 64.56, 87.89, , , , , 
1/31/2020 9:27:03 AM, 3275.75, 9191, 1642.1, 327.68, 222.6, 163.93, 323.87, 172.78, 245.81, 98.02, 30.6, 63.9, 125, 64.56, 87.89, , , , , 
1/31/2020 9:27:06 AM, 3275.75, 9190.75, 1642.1, 327.68, 222.6, 163.93, 323.87, 172.78, 245.81, 98.02, 30.6, 63.9, 125, 64.56, 87.89, , , , , 
1/31/2020 9:27:09 AM, 3275.75, 9191, 1642.1, 327.68, 222.6, 163.93, 323.87, 172.78, 245.81, 98.02, 30.6, 63.9, 125, 64.56, 87.89, , , , , 
1/31/2020 9:27:12 AM, 3275.75, 9191, 1642.1, 327.68, 222.6, 163.93, 323.87, 172.78, 245.81, 98.02, 30.6, 63.9, 125, 64.56, 87.89, , , , , 
1/31/2020 9:27:15 AM, 3275.75, 9191.25, 1642.1, 327.68, 222.6, 163.93, 323.87, 172.78, 245.81, 98.02, 30.6, 63.9, 125, 64.56, 87.89, , , , , 
1/31/2020 9:27:18 AM, 3276, 9191.5, 1642.1, 327.68, 222.6, 163.93, 323.87, 172.78, 245.81, 98.02, 30.6, 63.9, 125, 64.56, 87.89, , , , , 
1/31/2020 9:27:21 AM, 3275.75, 9191.75, 1642.2, 327.68, 222.6, 163.93, 323.87, 172.78, 245.81, 98.02, 30.6, 63.9, 125, 64.56, 87.89, , , , , 
1/31/2020 9:27:24 AM, 3275.75, 9192.5, 1642.2, 327.68, 222.6, 163.93, 323.87, 172.78, 245.81, 98.02, 30.6, 63.9, 125, 64.56, 87.89, , , , , 
1/31/2020 9:27:27 AM, 3276, 9192, 1642.1, 327.68, 222.6, 163.93, 323.87, 172.78, 245.81, 98.02, 30.6, 63.9, 125, 64.56, 87.89, , , , , 
1/31/2020 9:27:30 AM, 3276, 9191.75, 1642.2, 327.68, 222.6, 163.93, 323.87, 172.78, 245.81, 98.02, 30.6, 63.9, 125, 64.56, 87.89, , , , , 
1/31/2020 9:27:33 AM, 3275.75, 9191.25, 1642.1, 327.68, 222.6, 163.93, 323.87, 172.78, 245.81, 98.02, 30.6, 63.9, 125, 64.56, 87.89, , , , , 
1/31/2020 9:27:36 AM, 3275.75, 9191.25, 1642, 327.68, 222.6, 163.93, 323.87, 172.78, 245.81, 98.02, 30.6, 63.9, 125, 64.56, 87.89, , , , , 
1/31/2020 9:27:39 AM, 3275.75, 9191, 1642, 327.68, 222.6, 163.93, 323.87, 172.78, 245.81, 98.02, 30.6, 63.9, 125, 64.56, 87.89, , , , , 
1/31/2020 9:27:42 AM, 3275.75, 9192, 1642.2, 327.68, 222.6, 163.93, 323.87, 172.78, 245.81, 98.02, 30.6, 63.9, 125, 64.56, 87.89, , , , , 
1/31/2020 9:27:45 AM, 3275.75, 9191.5, 1642.1, 327.68, 222.6, 163.93, 323.87, 172.78, 245.81, 98.02, 30.6, 63.9, 125, 64.56, 87.89, , , , , 
1/31/2020 9:27:48 AM, 3275.75, 9191.5, 1642.1, 327.68, 222.6, 163.93, 323.87, 172.78, 245.81, 98.02, 30.6, 63.9, 125, 64.56, 87.89, , , , , 
1/31/2020 9:27:51 AM, 3275.75, 9191.75, 1642.2, 327.68, 222.6, 163.93, 323.87, 172.78, 245.81, 98.02, 30.6, 63.9, 125, 64.56, 87.89, , , , , 
1/31/2020 9:27:54 AM, 3275.5, 9190.75, 1642.1, 327.68, 222.6, 163.93, 323.87, 172.78, 245.81, 98.02, 30.6, 63.9, 125, 64.56, 87.89, , , , , 
1/31/2020 9:27:57 AM, 3275.75, 9190.75, 1642.1, 327.68, 222.6, 163.93, 323.87, 172.78, 245.81, 98.02, 30.6, 63.9, 125, 64.56, 87.89, , , , , 
1/31/2020 9:28:00 AM, 3275.5, 9189.25, 1642, 327.68, 222.6, 163.93, 323.87, 172.78, 245.81, 98.02, 30.6, 63.9, 125, 64.56, 87.89, , , , , 
1/31/2020 9:28:03 AM, 3275, 9186.25, 1641.8, 327.68, 222.6, 163.93, 323.87, 172.78, 245.81, 98.02, 30.6, 63.9, 125, 64.56, 87.89, , , , , 
1/31/2020 9:28:06 AM, 3275, 9183.25, 1641.8, 327.68, 222.6, 163.93, 323.87, 172.78, 245.81, 98.02, 30.6, 63.9, 125, 64.56, 87.89, , , , , 
1/31/2020 9:28:09 AM, 3275, 9183.75, 1642, 327.68, 222.6, 163.93, 323.87, 172.78, 245.81, 98.02, 30.6, 63.9, 125, 64.56, 87.89, , , , , 
1/31/2020 9:28:12 AM, 3275.5, 9184.5, 1642, 327.68, 222.6, 163.93, 323.87, 172.78, 245.81, 98.02, 30.6, 63.9, 125, 64.56, 87.89, , , , , 
1/31/2020 9:28:15 AM, 3275.25, 9183.5, 1642.1, 327.68, 222.6, 163.93, 323.87, 172.78, 245.81, 98.02, 30.6, 63.9, 125, 64.56, 87.89, , , , , 
1/31/2020 9:28:18 AM, 3275.25, 9183.5, 1642.2, 327.68, 222.6, 163.93, 323.87, 172.78, 245.81, 98.02, 30.6, 63.9, 125, 64.56, 87.89, , , , , 
1/31/2020 9:28:21 AM, 3275.25, 9182, 1642.1, 327.68, 222.6, 163.93, 323.87, 172.78, 245.81, 98.02, 30.6, 63.9, 125, 64.56, 87.89, , , , , 
1/31/2020 9:28:24 AM, 3275, 9182, 1642.1, 327.68, 222.6, 163.93, 323.87, 172.78, 245.81, 98.02, 30.6, 63.9, 125, 64.56, 87.89, , , , , 
1/31/2020 9:28:27 AM, 3275, 9182.25, 1642.1, 327.68, 222.6, 163.93, 323.87, 172.78, 245.81, 98.02, 30.6, 63.9, 125, 64.56, 87.89, , , , , 
1/31/2020 9:28:30 AM, 3274.75, 9181.75, 1641.8, 327.68, 222.6, 163.93, 323.87, 172.78, 245.81, 98.02, 30.6, 63.9, 125, 64.56, 87.89, , , , , 
1/31/2020 9:28:33 AM, 3275, 9182.75, 1641.8, 327.68, 222.6, 163.93, 323.87, 172.78, 245.81, 98.02, 30.6, 63.9, 125, 64.56, 87.89, , , , , 
1/31/2020 9:28:36 AM, 3275.25, 9182.75, 1642, 327.68, 222.6, 163.93, 323.87, 172.78, 245.81, 98.02, 30.6, 63.9, 125, 64.56, 87.89, , , , , 
1/31/2020 9:28:39 AM, 3275, 9182.5, 1642, 327.68, 222.6, 163.93, 323.87, 172.78, 245.81, 98.02, 30.6, 63.9, 125, 64.56, 87.89, , , , , 
1/31/2020 9:28:42 AM, 3275, 9182.75, 1642.1, 327.68, 222.6, 163.93, 323.87, 172.78, 245.81, 98.02, 30.6, 63.9, 125, 64.56, 87.89, , , , , 
1/31/2020 9:28:45 AM, 3275.25, 9182.5, 1642.1, 327.68, 222.6, 163.93, 323.87, 172.78, 245.81, 98.02, 30.6, 63.9, 125, 64.56, 87.89, , , , , 
1/31/2020 9:28:48 AM, 3275.25, 9182.5, 1642.1, 327.68, 222.6, 163.93, 323.87, 172.78, 245.81, 98.02, 30.6, 63.9, 125, 64.56, 87.89, , , , , 
1/31/2020 9:28:52 AM, 3275, 9182, 1642.1, 327.68, 222.6, 163.93, 323.87, 172.78, 245.81, 98.02, 30.6, 63.9, 125, 64.56, 87.89, , , , , 
1/31/2020 9:28:55 AM, 3275, 9182, 1642.1, 327.68, 222.6, 163.93, 323.87, 172.78, 245.81, 98.02, 30.6, 63.9, 125, 64.56, 87.89, , , , , 
1/31/2020 9:28:58 AM, 3274.75, 9181.5, 1642, 327.68, 222.6, 163.93, 323.87, 172.78, 245.81, 98.02, 30.6, 63.9, 125, 64.56, 87.89, , , , , 
1/31/2020 9:29:01 AM, 3274.75, 9181.5, 1642, 327.68, 222.6, 163.93, 323.87, 172.78, 245.81, 98.02, 30.6, 63.9, 125, 64.56, 87.89, , , , , 
1/31/2020 9:29:04 AM, 3275, 9179.25, 1641.8, 327.68, 222.6, 163.93, 323.87, 172.78, 245.81, 98.02, 30.6, 63.9, 125, 64.56, 87.89, , , , , 
1/31/2020 9:29:07 AM, 3275, 9179.25, 1641.8, 327.68, 222.6, 163.93, 323.87, 172.78, 245.81, 98.02, 30.6, 63.9, 125, 64.56, 87.89, , , , , 
1/31/2020 9:29:10 AM, 3275, 9180.75, 1642.1, 327.68, 222.6, 163.93, 323.87, 172.78, 245.81, 98.02, 30.6, 63.9, 125, 64.56, 87.89, , , , , 
1/31/2020 9:29:13 AM, 3275, 9180.75, 1642.1, 327.68, 222.6, 163.93, 323.87, 172.78, 245.81, 98.02, 30.6, 63.9, 125, 64.56, 87.89, , , , , 
1/31/2020 9:29:16 AM, 3274.75, 9179.25, 1642, 327.68, 222.6, 163.93, 323.87, 172.78, 245.81, 98.02, 30.6, 63.9, 125, 64.56, 87.89, , , , , 
1/31/2020 9:29:19 AM, 3274.75, 9179.25, 1642, 327.68, 222.6, 163.93, 323.87, 172.78, 245.81, 98.02, 30.6, 63.9, 125, 64.56, 87.89, , , , , 
1/31/2020 9:29:22 AM, 3275, 9179.75, 1642, 327.68, 222.6, 163.93, 323.87, 172.78, 245.81, 98.02, 30.6, 63.9, 125, 64.56, 87.89, , , , , 
1/31/2020 9:29:25 AM, 3275, 9179.75, 1642, 327.68, 222.6, 163.93, 323.87, 172.78, 245.81, 98.02, 30.6, 63.9, 125, 64.56, 87.89, , , , , 
1/31/2020 9:29:28 AM, 3275, 9180, 1642.1, 327.68, 222.6, 163.93, 323.87, 172.78, 245.81, 98.02, 30.6, 63.9, 125, 64.56, 87.89, , , , , 
1/31/2020 9:29:31 AM, 3275, 9180, 1642.1, 327.68, 222.6, 163.93, 323.87, 172.78, 245.81, 98.02, 30.6, 63.9, 125, 64.56, 87.89, , , , , 
1/31/2020 9:29:34 AM, 3275.5, 9182.5, 1642.3, 327.68, 222.6, 163.93, 323.87, 172.78, 245.81, 98.02, 30.6, 63.9, 125, 64.56, 87.89, , , , , 
1/31/2020 9:29:37 AM, 3275.5, 9182.5, 1642.3, 327.68, 222.6, 163.93, 323.87, 172.78, 245.81, 98.02, 30.6, 63.9, 125, 64.56, 87.89, , , , , 
1/31/2020 9:29:40 AM, 3275.25, 9181.25, 1642.2, 327.68, 222.6, 163.93, 323.87, 172.78, 245.81, 98.02, 30.6, 63.9, 125, 64.56, 87.89, , , , , 
1/31/2020 9:29:43 AM, 3275.25, 9181.25, 1642.2, 327.68, 222.6, 163.93, 323.87, 172.78, 245.81, 98.02, 30.6, 63.9, 125, 64.56, 87.89, , , , , 
1/31/2020 9:29:46 AM, 3275, 9180, 1642.2, 327.68, 222.6, 163.93, 323.87, 172.78, 245.81, 98.02, 30.6, 63.9, 125, 64.56, 87.89, , , , , 
1/31/2020 9:29:49 AM, 3275, 9180, 1642.2, 327.68, 222.6, 163.93, 323.87, 172.78, 245.81, 98.02, 30.6, 63.9, 125, 64.56, 87.89, , , , , 
1/31/2020 9:29:52 AM, 3275.25, 9179, 1642.1, 327.68, 222.6, 163.93, 323.87, 172.78, 245.81, 98.02, 30.6, 63.9, 125, 64.56, 87.89, , , , , 
1/31/2020 9:29:55 AM, 3275.25, 9179, 1642.1, 327.68, 222.6, 163.93, 323.87, 172.78, 245.81, 98.02, 30.6, 63.9, 125, 64.56, 87.89, , , , , 
1/31/2020 9:29:58 AM, 3275, 9179.5, 1642.3, 327.68, 222.6, 163.93, 323.87, 172.78, 245.81, 98.02, 30.6, 63.9, 125, 64.56, 87.89, , , , , 
1/31/2020 9:30:01 AM, 3275, 9179.5, 1642.3, 327.68, 223.5, 163.93, 323.87, 172.78, 245.81, 98.02, 30.6, 63.9, 125, 64.56, 87.89, , , , , 
1/31/2020 9:30:04 AM, 3276.5, 9181.25, 1642.7, 327.03, 223.51, 163.29, 321.2, 172.23, 243.82, 97.42, 30.34, 63.9, 127.65, 63.92, 87.79, , , , , 
1/31/2020 9:30:07 AM, 3276.5, 9181.25, 1642.7, 327.07, 223.49, 163.33, 321.182, 172.1067, 244.12, 97.42, 30.3438, 63.93, 127.63, 63.92, 87.79, , , , , 
1/31/2020 9:30:10 AM, 3276.5, 9183, 1642.9, 327.122, 223.54, 163.33, 321.74, 172.14, 244.09, 97.422, 30.35, 63.93, 127.63, 63.92, 87.79, , , , , 
1/31/2020 9:30:13 AM, 3276.5, 9183, 1642.9, 327.1, 223.5465, 163.33, 321.635, 172.1699, 244.09, 97.422, 30.35, 63.9862, 127.72, 63.92, 87.79, , , , , 
1/31/2020 9:30:16 AM, 3275.25, 9175.5, 1642.4, 327.04, 223.37, 163.315, 321.54, 171.82, 244.28, 97.44, 30.335, 63.9862, 127.72, 63.92, 87.79, , , , , 
1/31/2020 9:30:19 AM, 3275.25, 9175.5, 1642.4, 326.98, 223.325, 163.28, 321.4318, 171.77, 244.28, 97.41, 30.33, 63.95, 127.66, 63.92, 87.78, , , , , 
1/31/2020 9:30:22 AM, 3275.75, 9175.25, 1642.6, 327.01, 223.37, 163.3, 321.53, 171.775, 244.115, 97.41, 30.34, 63.95, 127.66, 63.92, 87.76, , , , , 
1/31/2020 9:30:25 AM, 3275.75, 9175.25, 1642.6, 327, 223.35, 163.28, 321.385, 171.71, 244.115, 97.41, 30.34, 63.95, 127.66, 63.92, 87.75, , , , , 
1/31/2020 9:30:28 AM, 3275.75, 9174, 1643.1, 327.05, 223.3096, 163.33, 321.5, 171.555, 244.25, 97.44, 30.35, 63.95, 127.69, 63.92, 87.75, , , , , 
1/31/2020 9:30:31 AM, 3275.75, 9174, 1643.1, 327.02, 223.27, 163.37, 321.66, 171.53, 244.1633, 97.4, 30.36, 63.95, 127.67, 63.92, 87.75, , , , , 
1/31/2020 9:30:34 AM, 3274.75, 9168, 1642.2, 326.96, 223.21, 163.31, 321.58, 171.46, 244.1633, 97.4, 30.37, 63.95, 127.64, 63.92, 87.75, , , , , 
1/31/2020 9:30:37 AM, 3274.75, 9168, 1642.2, 326.93, 223.2001, 163.28, 321.8, 171.44, 244.23, 97.38, 30.35, 63.98, 127.6, 63.92, 87.75, , , , , 
1/31/2020 9:30:40 AM, 3275, 9168.5, 1642.7, 326.965, 223.1907, 163.32, 322.11, 171.36, 244.125, 97.39, 30.35, 64, 127.58, 63.92, 87.75, , , , , 
1/31/2020 9:30:43 AM, 3275, 9168.5, 1642.7, 326.9, 223.16, 163.3, 322.17, 171.41, 244.125, 97.38, 30.35, 64.01, 127.6, 63.92, 87.75, , , , , 
1/31/2020 9:30:46 AM, 3275.5, 9170.5, 1643.3, 326.94, 223.21, 163.34, 322.22, 171.46, 244.28, 97.3813, 30.35, 64, 127.61, 63.92, 87.75, , , , , 
1/31/2020 9:30:49 AM, 3275.5, 9170.5, 1643.3, 327.01, 223.26, 163.37, 322.31, 171.55, 244.26, 97.39, 30.35, 64.02, 127.68, 63.92, 87.75, , , , , 
1/31/2020 9:30:52 AM, 3275.25, 9170, 1643.4, 326.99, 223.22, 163.38, 322.25, 171.52, 244.39, 97.4, 30.3499, 64.03, 127.69, 63.92, 87.755, , , , , 
1/31/2020 9:30:55 AM, 3275.25, 9170, 1643.4, 326.99, 223.19, 163.375, 322.21, 171.525, 244.36, 97.4, 30.35, 64.035, 127.69, 63.92, 87.75, , , , , 
1/31/2020 9:30:58 AM, 3275.25, 9170.5, 1643.3, 326.94, 223.21, 163.37, 322.265, 171.56, 243.885, 97.38, 30.35, 64.035, 127.58, 63.92, 87.75, , , , , 
1/31/2020 9:31:01 AM, 3275.25, 9170.5, 1643.3, 326.99, 223.21, 163.37, 322.43, 171.63, 244.01, 97.42, 30.34, 64.02, 127.63, 63.92, 87.75, , , , , 
1/31/2020 9:31:04 AM, 3276, 9171.75, 1643.8, 327.01, 223.23, 163.4, 322.4, 171.68, 243.8797, 97.4, 30.35, 64.05, 127.63, 63.92, 87.75, , , , , 
1/31/2020 9:31:07 AM, 3276, 9171.75, 1643.8, 327.035, 223.34, 163.42, 322.6346, 171.69, 243.8354, 97.42, 30.36, 64.0585, 127.63, 63.92, 87.76, , , , , 
1/31/2020 9:31:10 AM, 3276.75, 9173.75, 1644.2, 327.085, 223.31, 163.44, 322.63, 171.75, 243.9583, 97.45, 30.36, 64.0785, 127.6367, 63.92, 87.77, , , , , 
1/31/2020 9:31:13 AM, 3276.75, 9173.75, 1644.2, 327.1, 223.32, 163.45, 322.5435, 171.95, 243.95, 97.47, 30.37, 64.11, 127.6, 63.92, 87.7779, , , , , 
1/31/2020 9:31:16 AM, 3277, 9172.5, 1644.5, 327.15, 223.29, 163.5, 322.32, 171.87, 244, 97.49, 30.38, 64.1085, 127.6, 63.92, 87.78, , , , , 
1/31/2020 9:31:19 AM, 3277.5, 9174, 1644.7, 327.13, 223.32, 163.48, 322.47, 171.9, 244.19, 97.5, 30.3843, 64.1485, 127.59, 63.92, 87.78, , , , , 
1/31/2020 9:31:22 AM, 3276.5, 9172.5, 1644.2, 327.13, 223.25, 163.48, 322.32, 171.85, 244.12, 97.5, 30.3843, 64.1485, 127.59, 63.92, 87.78, , , , , 
1/31/2020 9:31:26 AM, 3276, 9169.25, 1644, 327.035, 223.22, 163.42, 322.1685, 171.86, 244.21, 97.45, 30.38, 64.15, 127.57, 63.92, 87.78, , , , , 
1/31/2020 9:31:29 AM, 3276.25, 9169.75, 1644.3, 327.035, 223.21, 163.42, 322.1956, 171.8159, 243.87, 97.45, 30.38, 64.15, 127.57, 63.92, 87.78, , , , , 
1/31/2020 9:31:32 AM, 3275.5, 9166.5, 1644, 326.9762, 223.13, 163.41, 321.7255, 171.815, 244.02, 97.4, 30.37, 64.15, 127.55, 63.92, 87.765, , , , , 
1/31/2020 9:31:35 AM, 3274.5, 9162.75, 1643.5, 326.9762, 223.07, 163.41, 321.6065, 171.78, 243.545, 97.4, 30.37, 64.15, 127.55, 63.92, 87.765, , , , , 
1/31/2020 9:31:38 AM, 3274.5, 9162.25, 1643.3, 326.89, 223.02, 163.37, 321.4319, 171.67, 243.545, 97.33, 30.35, 64.15, 127.5, 63.92, 87.76, , , , , 
1/31/2020 9:31:41 AM, 3275, 9164.25, 1643.4, 326.89, 223.04, 163.37, 321.42, 171.68, 243.545, 97.33, 30.35, 64.15, 127.5, 63.92, 87.76, , , , , 
1/31/2020 9:31:44 AM, 3275, 9165, 1643.5, 326.97, 223.07, 163.4, 321.5793, 171.8, 243.4125, 97.36, 30.36, 64.18, 127.51, 63.92, 87.76, , , , , 
1/31/2020 9:31:47 AM, 3274.5, 9162.75, 1643.4, 326.97, 223.07, 163.4, 321.62, 171.78, 243.4125, 97.36, 30.36, 64.18, 127.51, 63.92, 87.76, , , , , 
1/31/2020 9:31:50 AM, 3274, 9161.5, 1643, 326.83, 222.98, 163.33, 321.57, 171.59, 243.1, 97.29, 30.36, 64.16, 127.49, 63.92, 87.76, , , , , 
1/31/2020 9:31:53 AM, 3274.25, 9164, 1643.2, 326.83, 223.02, 163.33, 321.6875, 171.65, 243.27, 97.29, 30.36, 64.16, 127.49, 63.92, 87.76, , , , , 
1/31/2020 9:31:56 AM, 3274, 9163.75, 1642.9, 326.86, 223.03, 163.33, 321.755, 171.6496, 243.27, 97.295, 30.3508, 64.12, 127.57, 63.92, 87.76, , , , , 
1/31/2020 9:31:59 AM, 3275, 9165.25, 1643.4, 326.86, 223.08, 163.33, 321.8093, 171.68, 243.2419, 97.295, 30.3508, 64.12, 127.57, 63.92, 87.76, , , , , 
1/31/2020 9:32:02 AM, 3274.5, 9163.75, 1643.5, 326.885, 223.13, 163.38, 321.8, 171.7525, 243.2419, 97.3, 30.3544, 64.13, 127.6, 63.92, 87.76, , , , , 
1/31/2020 9:32:05 AM, 3274.25, 9163.75, 1643.2, 326.885, 223.05, 163.38, 321.7, 171.71, 243.18, 97.3, 30.3544, 64.13, 127.6, 63.92, 87.76, , , , , 
1/31/2020 9:32:08 AM, 3274, 9161.25, 1642.7, 326.8099, 223.03, 163.3, 321.83, 171.64, 243.02, 97.27, 30.36, 64.13, 127.6, 63.92, 87.75, , , , , 
1/31/2020 9:32:11 AM, 3273.25, 9158, 1642.2, 326.8099, 222.95, 163.3, 321.7, 171.575, 242.61, 97.27, 30.36, 64.13, 127.6, 63.92, 87.75, , , , , 
1/31/2020 9:32:14 AM, 3273, 9156.75, 1642, 326.68, 222.92, 163.21, 321.605, 171.56, 242.685, 97.22, 30.36, 64.13, 127.55, 63.92, 87.745, , , , , 
1/31/2020 9:32:17 AM, 3272.5, 9152.75, 1641.6, 326.68, 222.8, 163.21, 321.5376, 171.47, 242.5, 97.22, 30.36, 64.13, 127.55, 63.92, 87.745, , , , , 
1/31/2020 9:32:20 AM, 3272, 9152.75, 1641.6, 326.66, 222.84, 163.19, 321.58, 171.3868, 242.51, 97.19, 30.35, 64.14, 127.53, 63.92, 87.73, , , , , 
1/31/2020 9:32:23 AM, 3272, 9152.75, 1641.6, 326.66, 222.83, 163.19, 321.6347, 171.355, 242.33, 97.19, 30.35, 64.14, 127.53, 63.92, 87.73, , , , , 
1/31/2020 9:32:26 AM, 3272.25, 9152.5, 1641.5, 326.65, 222.82, 163.185, 321.695, 171.37, 242.33, 97.2, 30.35, 64.15, 127.5, 63.92, 87.74, , , , , 
1/31/2020 9:32:29 AM, 3272.25, 9152.5, 1641.5, 326.65, 222.711, 163.185, 321.49, 171.29, 242.18, 97.2, 30.35, 64.15, 127.5, 63.92, 87.74, , , , , 
1/31/2020 9:32:32 AM, 3271.5, 9150.5, 1641, 326.56, 222.79, 163.12, 321.6245, 171.2601, 242.4, 97.16, 30.336, 64.15, 127.49, 63.92, 87.74, , , , , 
1/31/2020 9:32:35 AM, 3271.75, 9152, 1640.9, 326.61, 222.81, 163.13, 321.64, 171.33, 242.1975, 97.17, 30.336, 64.15, 127.49, 63.92, 87.74, , , , , 
1/31/2020 9:32:38 AM, 3271, 9150.25, 1640.4, 326.535, 222.75, 163.075, 321.38, 171.39, 242.1975, 97.18, 30.33, 64.15, 127.465, 63.92, 87.74, , , , , 
1/31/2020 9:32:41 AM, 3271, 9150.25, 1640.4, 326.535, 222.76, 163.075, 321.275, 171.41, 242.1975, 97.18, 30.33, 64.15, 127.465, 63.92, 87.74, , , , , 
1/31/2020 9:32:44 AM, 3270.75, 9148.25, 1640.1, 326.52, 222.71, 163.04, 321.2471, 171.44, 242.23, 97.17, 30.32, 64.14, 127.45, 63.92, 87.73, , , , , 
1/31/2020 9:32:47 AM, 3270.75, 9147.75, 1640.1, 326.52, 222.7, 163.04, 321.21, 171.42, 242.43, 97.17, 30.32, 64.14, 127.45, 63.92, 87.73, , , , , 
1/31/2020 9:32:50 AM, 3270.75, 9148, 1639.7, 326.505, 222.69, 163.03, 321.155, 171.3932, 242.4, 97.17, 30.32, 64.16, 127.49, 63.92, 87.72, , , , , 
1/31/2020 9:32:53 AM, 3270.75, 9150, 1639.5, 326.505, 222.73, 163.03, 321.2362, 171.42, 242.4526, 97.17, 30.32, 64.16, 127.49, 63.92, 87.72, , , , , 
1/31/2020 9:32:56 AM, 3271.25, 9149.25, 1639.8, 326.535, 222.74, 163.02, 321.25, 171.39, 242.61, 97.19, 30.32, 64.16, 127.49, 63.92, 87.72, , , , , 
1/31/2020 9:32:59 AM, 3271, 9148.5, 1639.8, 326.535, 222.72, 163.02, 321.21, 171.3706, 242.8, 97.19, 30.32, 64.16, 127.49, 63.92, 87.72, , , , , 
1/31/2020 9:33:02 AM, 3270.5, 9146.5, 1639.3, 326.45, 222.67, 162.98, 321.23, 171.4431, 242.51, 97.16, 30.32, 64.16, 127.43, 63.92, 87.72, , , , , 
1/31/2020 9:33:05 AM, 3269.75, 9144.5, 1638.8, 326.45, 222.6, 162.98, 321.1169, 171.28, 242.485, 97.16, 30.32, 64.16, 127.43, 63.92, 87.72, , , , , 
1/31/2020 9:33:08 AM, 3269.25, 9143, 1638.6, 326.46, 222.5778, 162.96, 321.1228, 171.29, 242.5385, 97.15, 30.33, 64.16, 127.42, 63.92, 87.71, , , , , 
1/31/2020 9:33:11 AM, 3270.5, 9144.75, 1638.9, 326.46, 222.64, 162.96, 321.31, 171.39, 242.39, 97.15, 30.33, 64.16, 127.42, 63.92, 87.71, , , , , 
1/31/2020 9:33:14 AM, 3270, 9145.25, 1638.7, 326.465, 222.57, 162.93, 321.1628, 171.2899, 242.26, 97.14, 30.33, 64.15, 127.43, 63.92, 87.715, , , , , 
1/31/2020 9:33:17 AM, 3270.25, 9145.25, 1638.8, 326.465, 222.5947, 162.93, 321.1425, 171.33, 242.4064, 97.14, 30.33, 64.15, 127.43, 63.92, 87.715, , , , , 
1/31/2020 9:33:20 AM, 3269.75, 9143.75, 1638.4, 326.38, 222.635, 162.88, 321.205, 171.27, 242.3577, 97.1, 30.33, 64.14, 127.43, 63.92, 87.715, , , , , 
1/31/2020 9:33:23 AM, 3269.75, 9145.25, 1638.4, 326.41, 222.61, 162.87, 321.236, 171.27, 242.25, 97.13, 30.32, 64.13, 127.41, 63.92, 87.715, , , , , 
1/31/2020 9:33:26 AM, 3270, 9146, 1638.5, 326.405, 222.64, 162.915, 321.33, 171.31, 242.26, 97.15, 30.33, 64.11, 127.4, 63.92, 87.7123, , , , , 
1/31/2020 9:33:29 AM, 3270.5, 9150.25, 1639.5, 326.5, 222.71, 163.02, 321.61, 171.33, 242.5304, 97.19, 30.34, 64.11, 127.42, 63.92, 87.715, , , , , 
1/31/2020 9:33:33 AM, 3270.5, 9149.5, 1640.1, 326.47, 222.71, 163.06, 321.61, 171.33, 242.5304, 97.19, 30.34, 64.13, 127.415, 64.2001, 87.715, , , , , 
1/31/2020 9:33:36 AM, 3270.25, 9147.75, 1639.9, 326.45, 222.73, 163.05, 321.79, 171.39, 242.5637, 97.19, 30.34, 64.13, 127.4, 64.2001, 87.715, , , , , 
1/31/2020 9:33:39 AM, 3270.5, 9149, 1640.6, 326.45, 222.73, 163.09, 321.79, 171.39, 242.5637, 97.2, 30.355, 64.13, 127.38, 64.2001, 87.715, , , , , 
1/31/2020 9:33:42 AM, 3270.25, 9147.25, 1640.4, 326.45, 222.64, 163.0766, 321.62, 171.32, 242.17, 97.187, 30.35, 64.12, 127.38, 64.2001, 87.715, , , , , 
1/31/2020 9:33:45 AM, 3270, 9146.75, 1640.1, 326.41, 222.64, 163.04, 321.62, 171.32, 242.17, 97.17, 30.34, 64.12, 127.36, 64.2001, 87.715, , , , , 
1/31/2020 9:33:48 AM, 3270, 9146, 1640, 326.405, 222.6, 163.04, 321.575, 171.3357, 242.3365, 97.175, 30.3499, 64.1, 127.35, 64.2001, 87.715, , , , , 
1/31/2020 9:33:51 AM, 3269.75, 9144.25, 1640, 326.44, 222.6, 163.08, 321.575, 171.3357, 242.3365, 97.17, 30.3429, 64.08, 127.32, 64.2001, 87.715, , , , , 
1/31/2020 9:33:54 AM, 3270.5, 9148.25, 1640.7, 326.47, 222.7, 163.13, 321.53, 171.48, 242.31, 97.2, 30.3429, 64.08, 127.34, 64.2001, 87.72, , , , , 
1/31/2020 9:33:57 AM, 3270.5, 9148, 1641.3, 326.49, 222.68, 163.17, 321.4992, 171.5, 242.29, 97.2, 30.35, 64.09, 127.34, 64.2001, 87.72, , , , , 
1/31/2020 9:34:00 AM, 3271.25, 9149.75, 1641.5, 326.55, 222.6901, 163.2, 321.4, 171.545, 242.29, 97.22, 30.35, 64.09, 127.32, 64.2001, 87.73, , , , , 
1/31/2020 9:34:03 AM, 3271, 9148.75, 1641.3, 326.48, 222.7, 163.16, 321.52, 171.63, 242.3, 97.21, 30.35, 64.06, 127.275, 64.2001, 87.73, , , , , 
1/31/2020 9:34:06 AM, 3269.75, 9144.5, 1640.4, 326.43, 222.64, 163.12, 321.4199, 171.63, 242.0753, 97.19, 30.34, 64.07, 127.25, 64.2001, 87.73, , , , , 
1/31/2020 9:34:09 AM, 3269.75, 9146.25, 1640.7, 326.415, 222.64, 163.12, 321.4199, 171.63, 242.0753, 97.225, 30.34, 64.06, 127.24, 64.2001, 87.73, , , , , 
1/31/2020 9:34:12 AM, 3269.75, 9146.25, 1640.1, 326.38, 222.6, 163.04, 321.32, 171.765, 242.1007, 97.23, 30.34, 64.06, 127.21, 64.2001, 87.73, , , , , 
1/31/2020 9:34:15 AM, 3269, 9144.25, 1639.6, 326.33, 222.6, 162.99, 321.32, 171.765, 242.1007, 97.22, 30.33, 64.06, 127.18, 64.2001, 87.72, , , , , 
1/31/2020 9:34:18 AM, 3269.25, 9145, 1639.2, 326.34, 222.62, 162.96, 321.36, 171.87, 242.1891, 97.22, 30.33, 64.06, 127.18, 64.2001, 87.72, , , , , 
1/31/2020 9:34:21 AM, 3269.5, 9145, 1639.3, 326.37, 222.62, 163.01, 321.36, 171.87, 242.1891, 97.24, 30.33, 64.06, 127.16, 64.2001, 87.7153, , , , , 
1/31/2020 9:34:24 AM, 3269.75, 9146.25, 1639.9, 326.42, 222.74, 163.06, 321.67, 171.8805, 242.14, 97.25, 30.33, 64.05, 127.18, 64.2001, 87.71, , , , , 
1/31/2020 9:34:27 AM, 3270.75, 9149.25, 1641, 326.57, 222.74, 163.24, 321.67, 171.8805, 242.14, 97.29, 30.36, 64.06, 127.28, 64.2001, 87.73, , , , , 
1/31/2020 9:34:30 AM, 3271.5, 9152.5, 1642.3, 326.54, 222.78, 163.26, 321.76, 171.89, 242.323, 97.3, 30.36, 64.07, 127.285, 64.2001, 87.735, , , , , 
1/31/2020 9:34:33 AM, 3271.25, 9151.5, 1642.2, 326.53, 222.78, 163.27, 321.76, 171.89, 242.323, 97.2901, 30.35, 64.06, 127.26, 64.2001, 87.735, , , , , 
1/31/2020 9:34:36 AM, 3271, 9150.75, 1642.2, 326.51, 222.75, 163.29, 321.7, 171.86, 242.38, 97.29, 30.36, 64.05, 127.26, 64.2001, 87.735, , , , , 
1/31/2020 9:34:39 AM, 3270.75, 9151.25, 1642.5, 326.495, 222.75, 163.31, 321.73, 171.8375, 242.32, 97.3, 30.36, 64.0499, 127.265, 64.2001, 87.735, , , , , 
1/31/2020 9:34:42 AM, 3270, 9148.75, 1642.1, 326.45, 222.73, 163.26, 321.7526, 171.81, 242.0201, 97.2647, 30.35, 64.04, 127.24, 64.2001, 87.725, , , , , 
1/31/2020 9:34:45 AM, 3269.75, 9148.25, 1641.8, 326.41, 222.73, 163.2, 321.7526, 171.81, 242.0201, 97.25, 30.34, 64.03, 127.23, 64.2001, 87.725, , , , , 
1/31/2020 9:34:48 AM, 3269.5, 9146.75, 1641.6, 326.39, 222.66, 163.23, 321.605, 171.66, 242.21, 97.2, 30.34, 64.03, 127.22, 64.2001, 87.725, , , , , 
1/31/2020 9:34:51 AM, 3269.75, 9146.5, 1641.9, 326.43, 222.66, 163.265, 321.605, 171.66, 242.21, 97.22, 30.34, 64.03, 127.27, 64.2001, 87.7253, , , , , 
1/31/2020 9:34:54 AM, 3270.25, 9148.75, 1642.4, 326.46, 222.74, 163.29, 321.77, 171.75, 242.32, 97.22, 30.34, 64.03, 127.28, 64.2001, 87.7253, , , , , 
1/31/2020 9:34:57 AM, 3270.75, 9150.75, 1642.7, 326.48, 222.74, 163.31, 321.77, 171.75, 242.32, 97.22, 30.34, 64.05, 127.28, 64.2001, 87.72, , , , , 
1/31/2020 9:35:00 AM, 3270.5, 9149.5, 1642.7, 326.52, 222.75, 163.34, 321.7977, 171.74, 242.47, 97.24, 30.35, 64.05, 127.27, 64.2001, 87.72, , , , , 
1/31/2020 9:35:03 AM, 3269.75, 9145.75, 1642.3, 326.37, 222.75, 163.21, 321.7977, 171.74, 242.47, 97.19, 30.345, 64.06, 127.23, 64.2001, 87.72, , , , , 
1/31/2020 9:35:06 AM, 3269.75, 9147, 1641.7, 326.38, 222.62, 163.195, 321.52, 171.63, 242.295, 97.2, 30.345, 64.07, 127.24, 64.2001, 87.72, , , , , 
1/31/2020 9:35:09 AM, 3269, 9145.5, 1641.1, 326.35, 222.62, 163.15, 321.52, 171.63, 242.295, 97.18, 30.34, 64.09, 127.24, 64.2001, 87.72, , , , , 
1/31/2020 9:35:12 AM, 3268.75, 9144.5, 1641, 326.26, 222.56, 163.13, 321.14, 171.565, 242.1763, 97.14, 30.33, 64.09, 127.23, 64.2001, 87.7, , , , , 
1/31/2020 9:35:15 AM, 3268.75, 9142, 1640.7, 326.26, 222.56, 163.09, 321.14, 171.565, 242.1763, 97.12, 30.33, 64.11, 127.19, 64.2001, 87.7, , , , , 
1/31/2020 9:35:18 AM, 3268, 9140.25, 1640.1, 326.25, 222.52, 163.04, 321.01, 171.55, 242.221, 97.11, 30.32, 64.11, 127.18, 64.2001, 87.7, , , , , 
1/31/2020 9:35:21 AM, 3268.25, 9141, 1640.3, 326.248, 222.49, 163.08, 320.89, 171.56, 242.2387, 97.115, 30.3212, 64.13, 127.17, 64.2001, 87.7, , , , , 
1/31/2020 9:35:24 AM, 3268.25, 9141, 1640.2, 326.29, 222.62, 163.15, 321.21, 171.76, 242.16, 97.14, 30.33, 64.12, 127.17, 64.2001, 87.7, , , , , 
1/31/2020 9:35:27 AM, 3269, 9144.5, 1641.3, 326.31, 222.62, 163.13, 321.21, 171.76, 242.16, 97.17, 30.33, 64.13, 127.21, 64.2001, 87.71, , , , , 
1/31/2020 9:35:30 AM, 3268.5, 9142.25, 1640.7, 326.28, 222.56, 163.13, 321.1407, 171.7705, 242.3818, 97.15, 30.32, 64.125, 127.21, 64.2001, 87.71, , , , , 
1/31/2020 9:35:33 AM, 3268.5, 9143, 1640.7, 326.265, 222.56, 163.11, 321.1407, 171.7705, 242.3818, 97.171, 30.32, 64.15, 127.21, 64.2001, 87.7, , , , , 
1/31/2020 9:35:36 AM, 3268, 9141.75, 1640.4, 326.2506, 222.57, 163.07, 321.0634, 171.7808, 242.325, 97.16, 30.3, 64.16, 127.19, 64.2001, 87.7, , , , , 
1/31/2020 9:35:39 AM, 3268.5, 9142.5, 1640.4, 326.27, 222.57, 163.07, 321.0634, 171.7808, 242.325, 97.17, 30.31, 64.15, 127.19, 64.2001, 87.7, , , , , 
1/31/2020 9:35:42 AM, 3268, 9141.25, 1640, 326.275, 222.54, 163.085, 320.9, 171.775, 242.308, 97.1601, 30.31, 64.16, 127.21, 64.2001, 87.7, , , , , 
1/31/2020 9:35:45 AM, 3268.25, 9142, 1640, 326.22, 222.54, 163.05, 320.9, 171.775, 242.308, 97.15, 30.31, 64.17, 127.2, 64.2001, 87.7, , , , , 
1/31/2020 9:35:48 AM, 3268, 9142.5, 1639.6, 326.23, 222.5411, 162.99, 320.88, 171.79, 242.07, 97.1701, 30.295, 64.16, 127.2, 64.2001, 87.7, , , , , 
1/31/2020 9:35:51 AM, 3267.75, 9140.25, 1639, 326.195, 222.51, 162.98, 320.75, 171.84, 242.29, 97.1604, 30.3, 64.16, 127.16, 64.2001, 87.7, , , , , 
1/31/2020 9:35:54 AM, 3267.75, 9140.25, 1639, 326.18, 222.53, 162.94, 320.76, 171.85, 242.31, 97.165, 30.2947, 64.17, 127.11, 64.2001, 87.7, , , , , 
1/31/2020 9:35:58 AM, 3267.75, 9139.5, 1639, 326.23, 222.51, 163.01, 320.63, 171.84, 242.1805, 97.19, 30.3, 64.18, 127.125, 64.2001, 87.6932, , , , , 
1/31/2020 9:36:01 AM, 3267.75, 9139.5, 1639, 326.17, 222.51, 162.945, 320.63, 171.84, 242.1805, 97.17, 30.293, 64.2, 127.1, 64.2001, 87.6932, , , , , 
1/31/2020 9:36:04 AM, 3267, 9136.5, 1638.8, 326.12, 222.42, 162.9, 320.6055, 171.83, 241.96, 97.155, 30.29, 64.2, 127.08, 64.2001, 87.695, , , , , 
1/31/2020 9:36:07 AM, 3267, 9136.5, 1638.8, 326.1, 222.43, 162.93, 320.825, 171.86, 241.94, 97.13, 30.28, 64.17, 127.06, 64.2001, 87.68, , , , , 
1/31/2020 9:36:10 AM, 3268, 9140, 1639.9, 326.2, 222.5, 162.99, 320.89, 171.94, 242.02, 97.19, 30.3, 64.17, 127.09, 64.2001, 87.68, , , , , 
1/31/2020 9:36:13 AM, 3268, 9140, 1639.9, 326.1506, 222.434, 162.98, 320.8, 171.935, 241.9, 97.19, 30.31, 64.16, 127.09, 64.2001, 87.69, , , , , 
1/31/2020 9:36:16 AM, 3267.25, 9138, 1639.4, 326.14, 222.44, 162.965, 320.66, 171.96, 241.991, 97.18, 30.31, 64.17, 127.08, 64.2001, 87.69, , , , , 
1/31/2020 9:36:19 AM, 3267.25, 9138, 1639.4, 326.16, 222.47, 162.98, 320.67, 172, 241.991, 97.185, 30.305, 64.16, 127.08, 64.2001, 87.695, , , , , 
1/31/2020 9:36:22 AM, 3268, 9140.75, 1640.5, 326.15, 222.51, 163.01, 320.63, 172.06, 242.01, 97.19, 30.3, 64.14, 127.1, 64.2001, 87.695, , , , , 
1/31/2020 9:36:25 AM, 3268, 9140.75, 1640.5, 326.225, 222.55, 163.14, 320.72, 172.17, 242.01, 97.22, 30.3, 64.11, 127.17, 64.2001, 87.695, , , , , 
1/31/2020 9:36:28 AM, 3268.5, 9143, 1640.7, 326.26, 222.57, 163.11, 320.67, 172.225, 242.15, 97.25, 30.315, 64.092, 127.17, 64.2001, 87.7, , , , , 
1/31/2020 9:36:31 AM, 3268.5, 9143, 1640.7, 326.28, 222.58, 163.1, 320.7083, 172.26, 242.13, 97.26, 30.315, 64.12, 127.17, 64.2001, 87.7, , , , , 
1/31/2020 9:36:34 AM, 3268.25, 9141, 1640.2, 326.27, 222.53, 163.1, 320.6209, 172.2, 241.995, 97.24, 30.31, 64.14, 127.17, 64.2001, 87.7, , , , , 
1/31/2020 9:36:37 AM, 3268.25, 9141, 1640.2, 326.29, 222.59, 163.11, 320.6888, 172.32, 242.09, 97.24, 30.315, 64.14, 127.145, 64.2001, 87.7, , , , , 
1/31/2020 9:36:40 AM, 3269.25, 9145, 1640.8, 326.35, 222.62, 163.15, 320.7463, 172.39, 242.0255, 97.285, 30.32, 64.14, 127.17, 64.2001, 87.71, , , , , 
1/31/2020 9:36:43 AM, 3269.25, 9145, 1640.8, 326.29, 222.62, 163.11, 320.7463, 172.39, 242.0255, 97.27, 30.315, 64.13, 127.15, 64.2001, 87.71, , , , , 
1/31/2020 9:36:46 AM, 3269, 9145, 1640.8, 326.35, 222.61, 163.1499, 320.7, 172.36, 242.09, 97.28, 30.315, 64.13, 127.155, 64.2001, 87.71, , , , , 
1/31/2020 9:36:49 AM, 3269, 9145, 1640.8, 326.33, 222.58, 163.12, 320.72, 172.3331, 242.09, 97.2721, 30.315, 64.13, 127.15, 64.2001, 87.71, , , , , 
1/31/2020 9:36:52 AM, 3268.25, 9142.75, 1640.6, 326.29, 222.58, 163.1227, 320.6947, 172.27, 242.21, 97.268, 30.315, 64.12, 127.14, 64.2001, 87.71, , , , , 
1/31/2020 9:36:55 AM, 3268.25, 9142.75, 1640.6, 326.28, 222.59, 163.1, 320.665, 172.24, 242.235, 97.2598, 30.315, 64.12, 127.12, 64.2001, 87.71, , , , , 
1/31/2020 9:36:58 AM, 3268.25, 9141.75, 1640.7, 326.33, 222.58, 163.1711, 320.705, 172.23, 242.372, 97.255, 30.32, 64.12, 127.135, 64.2001, 87.71, , , , , 
1/31/2020 9:37:01 AM, 3268.25, 9141.75, 1640.7, 326.24, 222.5153, 163.13, 320.66, 172.11, 242.09, 97.23, 30.315, 64.11, 127.12, 64.2001, 87.7, , , , , 
1/31/2020 9:37:04 AM, 3268, 9140.5, 1640.4, 326.21, 222.53, 163.09, 320.6329, 172.0705, 242.14, 97.2, 30.31, 64.12, 127.12, 64.2001, 87.69, , , , , 
1/31/2020 9:37:07 AM, 3268, 9140.5, 1640.4, 326.23, 222.53, 163.12, 320.78, 172.055, 241.9, 97.2, 30.315, 64.14, 127.09, 64.2001, 87.69, , , , , 
1/31/2020 9:37:10 AM, 3267.5, 9139.5, 1640, 326.19, 222.48, 163.0633, 320.7077, 172.01, 241.84, 97.195, 30.31, 64.15, 127.09, 64.2001, 87.69, , , , , 
1/31/2020 9:37:13 AM, 3267.5, 9139.5, 1640, 326.2, 222.51, 163.08, 320.75, 172.065, 242.075, 97.2, 30.3, 64.15, 127.07, 64.2001, 87.69, , , , , 
1/31/2020 9:37:16 AM, 3268, 9141.5, 1640.5, 326.21, 222.51, 163.1, 320.81, 172.04, 242.13, 97.2, 30.3, 64.14, 127.08, 64.2001, 87.69, , , , , 
1/31/2020 9:37:19 AM, 3268, 9141.5, 1640.5, 326.23, 222.53, 163.12, 320.8034, 172.11, 242.13, 97.21, 30.305, 64.14, 127.07, 64.2001, 87.69, , , , , 
1/31/2020 9:37:22 AM, 3268, 9142.75, 1640.6, 326.2, 222.56, 163.08, 320.83, 172.135, 242.08, 97.2, 30.3, 64.14, 127.07, 64.2001, 87.69, , , , , 
1/31/2020 9:37:25 AM, 3268, 9142.75, 1640.6, 326.22, 222.56, 163.08, 320.83, 172.135, 242.08, 97.215, 30.3, 64.13, 127.07, 64.2001, 87.69, , , , , 
1/31/2020 9:37:28 AM, 3268.5, 9145.25, 1640.8, 326.26, 222.61, 163.15, 320.909, 172.26, 242.3, 97.23, 30.3, 64.13, 127.05, 64.2001, 87.69, , , , , 
1/31/2020 9:37:31 AM, 3268.5, 9145.25, 1640.8, 326.26, 222.59, 163.12, 320.85, 172.22, 242.32, 97.234, 30.3, 64.13, 127.08, 64.2001, 87.6983, , , , , 
1/31/2020 9:37:34 AM, 3267.75, 9142.5, 1639.9, 326.21, 222.578, 163.06, 320.81, 172.2, 242.1768, 97.21, 30.285, 64.13, 127.05, 64.2001, 87.6983, , , , , 
1/31/2020 9:37:37 AM, 3267.75, 9142.5, 1639.9, 326.22, 222.57, 163.06, 320.8, 172.195, 242.15, 97.21, 30.285, 64.14, 127.05, 64.2001, 87.69, , , , , 
1/31/2020 9:37:40 AM, 3267.5, 9141.75, 1639.1, 326.17, 222.52, 162.97, 320.735, 172.17, 242.15, 97.2, 30.29, 64.155, 127.01, 64.2001, 87.69, , , , , 
1/31/2020 9:37:43 AM, 3267.5, 9141.75, 1639.1, 326.2, 222.55, 162.96, 320.77, 172.17, 242.1801, 97.2, 30.28, 64.16, 127.01, 64.2001, 87.6925, , , , , 
1/31/2020 9:37:46 AM, 3267.5, 9139.75, 1638.8, 326.18, 222.48, 162.94, 320.7005, 172.1152, 242.1458, 97.19, 30.28, 64.16, 127.01, 64.2001, 87.69, , , , , 
1/31/2020 9:37:49 AM, 3267.5, 9139.75, 1638.8, 326.18, 222.54, 162.98, 320.8268, 172.12, 242.16, 97.185, 30.29, 64.14, 127.01, 64.2001, 87.69, , , , , 
1/31/2020 9:37:52 AM, 3267.75, 9140.75, 1639.4, 326.22, 222.51, 163.0061, 320.79, 172.1, 242.17, 97.21, 30.3, 64.14, 127.0203, 64.2001, 87.6946, , , , , 
1/31/2020 9:37:55 AM, 3267.75, 9140.75, 1639.4, 326.21, 222.5, 162.9683, 320.8085, 172.07, 241.99, 97.215, 30.3, 64.14, 127, 64.2001, 87.69, , , , , 
1/31/2020 9:37:58 AM, 3268, 9141.25, 1639.5, 326.23, 222.54, 163.01, 320.9009, 172.08, 241.99, 97.21, 30.31, 64.15, 127.02, 64.2001, 87.69, , , , , 
1/31/2020 9:38:01 AM, 3268, 9141.75, 1639.8, 326.22, 222.53, 163.03, 320.8, 172.07, 242.0348, 97.2, 30.305, 64.14, 127.04, 64.2001, 87.7, , , , , 
1/31/2020 9:38:05 AM, 3267.75, 9139.75, 1639.8, 326.22, 222.51, 163.03, 320.76, 172.0617, 242.12, 97.2, 30.305, 64.14, 127.04, 64.2001, 87.7, , , , , 
1/31/2020 9:38:08 AM, 3267.75, 9139.75, 1639.9, 326.17, 222.49, 163.04, 320.86, 172.02, 242.045, 97.16, 30.31, 64.14, 127.035, 64.2001, 87.69, , , , , 
1/31/2020 9:38:11 AM, 3267.75, 9139.75, 1639.9, 326.17, 222.47, 163.04, 320.91, 171.9142, 242.0775, 97.16, 30.31, 64.14, 127.035, 64.2001, 87.69, , , , , 
1/31/2020 9:38:14 AM, 3267.5, 9141, 1639.3, 326.14, 222.48, 162.94, 320.9329, 171.84, 241.98, 97.16, 30.305, 64.12, 127.05, 64.2001, 87.69, , , , , 
1/31/2020 9:38:17 AM, 3266.5, 9135.75, 1638.6, 326.14, 222.4, 162.94, 320.765, 171.78, 242.292, 97.16, 30.305, 64.12, 127.05, 64.2001, 87.69, , , , , 
1/31/2020 9:38:20 AM, 3266.75, 9137.25, 1638.7, 326.14, 222.4142, 162.95, 320.8804, 171.79, 242.292, 97.15, 30.3, 64.11, 127.02, 64.2001, 87.7, , , , , 
1/31/2020 9:38:23 AM, 3267.5, 9140, 1639.1, 326.14, 222.49, 162.95, 320.99, 171.88, 242.18, 97.15, 30.3, 64.11, 127.02, 64.2001, 87.7, , , , , 
1/31/2020 9:38:26 AM, 3267.5, 9140.5, 1639.4, 326.19, 222.5, 162.9777, 320.9993, 171.9022, 242.299, 97.1621, 30.315, 64.12, 127.03, 64.2001, 87.7, , , , , 
1/31/2020 9:38:29 AM, 3267.5, 9138.75, 1639, 326.192, 222.5, 162.97, 320.95, 171.89, 242.24, 97.17, 30.315, 64.12, 127.05, 64.2001, 87.7, , , , , 
1/31/2020 9:38:32 AM, 3267.5, 9140, 1638.9, 326.19, 222.5, 162.95, 320.89, 171.9428, 242.25, 97.185, 30.315, 64.13, 127.06, 64.2001, 87.7, , , , , 
1/31/2020 9:38:35 AM, 3268, 9141.75, 1639.2, 326.19, 222.53, 162.95, 320.92, 171.99, 242.36, 97.185, 30.315, 64.13, 127.06, 64.2001, 87.7, , , , , 
1/31/2020 9:38:38 AM, 3268, 9141.5, 1638.9, 326.22, 222.5233, 162.93, 320.86, 171.95, 242.37, 97.19, 30.325, 64.125, 127.0701, 64.2001, 87.7, , , , , 
1/31/2020 9:38:41 AM, 3267.75, 9140, 1638.7, 326.22, 222.5227, 162.93, 320.85, 171.98, 242.37, 97.19, 30.325, 64.125, 127.0701, 64.2001, 87.7, , , , , 
1/31/2020 9:38:44 AM, 3267.5, 9138.75, 1638.7, 326.17, 222.475, 162.92, 320.735, 171.93, 242.175, 97.16, 30.325, 64.11, 127.05, 64.2001, 87.7, , , , , 
1/31/2020 9:38:47 AM, 3267.5, 9138.75, 1638.7, 326.17, 222.47, 162.92, 320.7, 171.95, 242.175, 97.16, 30.325, 64.11, 127.05, 64.2001, 87.7, , , , , 
1/31/2020 9:38:50 AM, 3268, 9142.25, 1639.5, 326.25, 222.57, 163, 320.73, 172.03, 242.11, 97.2, 30.33, 64.1, 127.0899, 64.2001, 87.7, , , , , 
1/31/2020 9:38:53 AM, 3268, 9142.25, 1639.5, 326.25, 222.5725, 163, 320.8, 172.01, 242.11, 97.2, 30.33, 64.1, 127.0899, 64.2001, 87.7, , , , , 
1/31/2020 9:38:56 AM, 3268, 9141.25, 1639.3, 326.221, 222.54, 162.97, 320.76, 171.985, 242.2141, 97.18, 30.32, 64.09, 127.09, 64.2001, 87.71, , , , , 
1/31/2020 9:38:59 AM, 3268, 9140, 1639.2, 326.221, 222.53, 162.97, 320.68, 171.94, 242.2, 97.18, 30.32, 64.09, 127.09, 64.2001, 87.71, , , , , 
1/31/2020 9:39:02 AM, 3268.5, 9143.25, 1640, 326.29, 222.57, 163.04, 320.63, 171.95, 242.2, 97.1997, 30.33, 64.06, 127.12, 64.2001, 87.72, , , , , 
1/31/2020 9:39:05 AM, 3268.75, 9144, 1640.3, 326.29, 222.59, 163.04, 320.68, 171.9836, 242.22, 97.1997, 30.33, 64.06, 127.12, 64.2001, 87.72, , , , , 
1/31/2020 9:39:08 AM, 3269.25, 9146, 1640.6, 326.37, 222.62, 163.1, 320.74, 172.03, 242.24, 97.23, 30.34, 64.08, 127.13, 64.2001, 87.72, , , , , 
1/31/2020 9:39:11 AM, 3269.25, 9146, 1640.6, 326.37, 222.65, 163.1, 320.819, 172.07, 242.39, 97.23, 30.34, 64.08, 127.13, 64.2001, 87.72, , , , , 
1/31/2020 9:39:14 AM, 3269.5, 9147, 1640.3, 326.4, 222.65, 163.105, 320.79, 172.0468, 242.39, 97.2666, 30.34, 64.08, 127.14, 64.2001, 87.7288, , , , , 
1/31/2020 9:39:17 AM, 3270.25, 9148.75, 1641.1, 326.4, 222.7, 163.105, 320.83, 172.1155, 242.56, 97.2666, 30.34, 64.08, 127.14, 64.2001, 87.7288, , , , , 
1/31/2020 9:39:20 AM, 3270.75, 9150, 1641.3, 326.51, 222.72, 163.2, 320.83, 172.09, 242.48, 97.27, 30.35, 64.11, 127.17, 64.2001, 87.74, , , , , 
1/31/2020 9:39:23 AM, 3270.5, 9150.5, 1641.4, 326.51, 222.7253, 163.2, 320.845, 172.1, 242.49, 97.27, 30.35, 64.11, 127.17, 64.2001, 87.74, , , , , 
1/31/2020 9:39:26 AM, 3270.75, 9150.75, 1641.7, 326.505, 222.75, 163.205, 320.875, 172.09, 242.44, 97.27, 30.35, 64.11, 127.2, 64.2001, 87.74, , , , , 
1/31/2020 9:39:29 AM, 3270.75, 9150.75, 1641.8, 326.505, 222.735, 163.205, 320.9399, 172.1025, 242.4433, 97.27, 30.35, 64.11, 127.2, 64.2001, 87.74, , , , , 
1/31/2020 9:39:32 AM, 3271, 9150.75, 1641.9, 326.55, 222.7597, 163.22, 320.97, 172.1, 242.54, 97.29, 30.36, 64.115, 127.2, 64.2001, 87.74, , , , , 
1/31/2020 9:39:35 AM, 3271.25, 9151, 1642.2, 326.55, 222.75, 163.22, 321.0465, 172.09, 242.56, 97.29, 30.36, 64.115, 127.2, 64.2001, 87.74, , , , , 
1/31/2020 9:39:38 AM, 3272.25, 9153.75, 1642.8, 326.65, 222.75, 163.2799, 321.11, 172.09, 242.64, 97.3213, 30.38, 64.12, 127.26, 64.2001, 87.755, , , , , 
1/31/2020 9:39:41 AM, 3272, 9152.5, 1642.2, 326.65, 222.805, 163.2799, 321.2016, 172.16, 242.9447, 97.3213, 30.38, 64.12, 127.26, 64.2001, 87.755, , , , , 
1/31/2020 9:39:44 AM, 3271.75, 9152, 1641.7, 326.6075, 222.79, 163.235, 321.1858, 172.27, 242.845, 97.3397, 30.37, 64.1, 127.23, 64.2001, 87.75, , , , , 
1/31/2020 9:39:47 AM, 3272.25, 9154, 1642.3, 326.6075, 222.84, 163.235, 321.24, 172.3, 242.85, 97.3397, 30.37, 64.1, 127.23, 64.2001, 87.75, , , , , 
1/31/2020 9:39:50 AM, 3272, 9152.25, 1641.9, 326.64, 222.79, 163.222, 321.0701, 172.28, 242.98, 97.34, 30.37, 64.12, 127.23, 64.2001, 87.75, , , , , 
1/31/2020 9:39:53 AM, 3271.5, 9150.25, 1641.4, 326.64, 222.77, 163.222, 321.07, 172.29, 242.95, 97.34, 30.37, 64.12, 127.23, 64.2001, 87.75, , , , , 
1/31/2020 9:39:56 AM, 3271, 9148.5, 1641.1, 326.54, 222.7195, 163.16, 320.975, 172.32, 242.818, 97.29, 30.36, 64.13, 127.16, 64.2001, 87.7366, , , , , 
1/31/2020 9:39:59 AM, 3271, 9148.5, 1641.1, 326.54, 222.7, 163.16, 320.94, 172.2741, 242.81, 97.29, 30.36, 64.13, 127.16, 64.2001, 87.7366, , , , , 
1/31/2020 9:40:02 AM, 3271.25, 9146.75, 1641.1, 326.52, 222.7009, 163.13, 320.97, 172.2702, 242.7499, 97.27, 30.36, 64.13, 127.12, 64.2001, 87.7366, , , , , 
1/31/2020 9:40:05 AM, 3270.25, 9143, 1640.5, 326.52, 222.59, 163.13, 320.81, 172.1717, 242.38, 97.27, 30.36, 64.13, 127.12, 64.2001, 87.7366, , , , , 
1/31/2020 9:40:08 AM, 3269, 9138.5, 1639.9, 326.3434, 222.45, 163.01, 320.5, 172.06, 242.27, 97.17, 30.36, 64.12, 127.04, 64.2001, 87.725, , , , , 
1/31/2020 9:40:11 AM, 3269, 9135, 1639.8, 326.36, 222.41, 163.07, 320.5, 172.15, 241.93, 97.18, 30.36, 64.12, 127.0515, 64.2001, 87.72, , , , , 
1/31/2020 9:40:15 AM, 3269.25, 9136.5, 1640, 326.345, 222.41, 163.04, 320.5, 172.15, 241.93, 97.16, 30.36, 64.12, 127.05, 64.2001, 87.72, , , , , 
1/31/2020 9:40:18 AM, 3268.5, 9134.75, 1639.9, 326.27, 222.33, 163.06, 320.4799, 172.04, 241.95, 97.13, 30.35, 64.12, 127, 64.2001, 87.72, , , , , 
1/31/2020 9:40:21 AM, 3268.25, 9133.25, 1640, 326.2802, 222.33, 163.06, 320.4799, 172.04, 241.95, 97.14, 30.354, 64.12, 127.02, 64.2001, 87.72, , , , , 
1/31/2020 9:40:24 AM, 3268.5, 9134.75, 1640, 326.33, 222.4, 163.05, 320.32, 172.11, 241.99, 97.15, 30.36, 64.13, 127.03, 64.2001, 87.715, , , , , 
1/31/2020 9:40:27 AM, 3269.25, 9137.5, 1640.2, 326.4, 222.4, 163.095, 320.32, 172.11, 241.99, 97.19, 30.365, 64.13, 127.05, 64.2001, 87.72, , , , , 
1/31/2020 9:40:30 AM, 3269.75, 9138.5, 1641, 326.45, 222.48, 163.155, 320.61, 172.13, 242.075, 97.2, 30.37, 64.13, 127.06, 64.2001, 87.72, , , , , 
1/31/2020 9:40:33 AM, 3269.5, 9137.25, 1641, 326.39, 222.48, 163.13, 320.61, 172.13, 242.075, 97.17, 30.36, 64.13, 127.03, 64.2001, 87.735, , , , , 
1/31/2020 9:40:36 AM, 3269.25, 9136.75, 1640.8, 326.37, 222.41, 163.12, 320.4436, 172.06, 242.12, 97.15, 30.36, 64.13, 127.03, 64.2001, 87.735, , , , , 
1/31/2020 9:40:39 AM, 3269.25, 9137.5, 1641.1, 326.3599, 222.41, 163.15, 320.4436, 172.06, 242.12, 97.1569, 30.36, 64.105, 127.04, 64.2001, 87.735, , , , , 
1/31/2020 9:40:42 AM, 3269.5, 9137.5, 1641.3, 326.41, 222.46, 163.18, 320.59, 171.97, 242.425, 97.16, 30.37, 64.115, 127.05, 64.2001, 87.735, , , , , 
1/31/2020 9:40:45 AM, 3269.5, 9136.5, 1641.3, 326.38, 222.46, 163.16, 320.59, 171.97, 242.425, 97.14, 30.37, 64.12, 127.03, 64.2001, 87.735, , , , , 
1/31/2020 9:40:48 AM, 3269.25, 9135.5, 1641.1, 326.36, 222.41, 163.15, 320.64, 171.87, 242.27, 97.13, 30.365, 64.13, 127.02, 64.2001, 87.735, , , , , 
1/31/2020 9:40:51 AM, 3269.5, 9136.75, 1641.4, 326.41, 222.41, 163.21, 320.64, 171.87, 242.27, 97.14, 30.37, 64.14, 127.03, 64.2001, 87.735, , , , , 
1/31/2020 9:40:54 AM, 3269.75, 9137.25, 1641.9, 326.41, 222.4287, 163.21, 320.47, 171.9325, 242.5499, 97.16, 30.37, 64.14, 127.03, 64.2001, 87.735, , , , , 
1/31/2020 9:40:57 AM, 3269.75, 9138, 1641.6, 326.45, 222.4287, 163.22, 320.47, 171.9325, 242.5499, 97.17, 30.37, 64.13, 127.04, 64.2001, 87.735, , , , , 
1/31/2020 9:41:00 AM, 3269.5, 9136, 1641.8, 326.42, 222.38, 163.21, 320.27, 171.88, 242.46, 97.155, 30.365, 64.13, 127.0411, 64.2001, 87.735, , , , , 
1/31/2020 9:41:03 AM, 3269.25, 9133.75, 1641.4, 326.37, 222.38, 163.19, 320.27, 171.88, 242.46, 97.13, 30.36, 64.13, 127.02, 64.2001, 87.735, , , , , 
1/31/2020 9:41:06 AM, 3268.5, 9132.5, 1641.3, 326.3, 222.285, 163.15, 320.1, 171.8, 241.99, 97.11, 30.36, 64.13, 126.97, 64.2001, 87.72, , , , , 
1/31/2020 9:41:09 AM, 3268.25, 9131, 1640.6, 326.27, 222.285, 163.12, 320.1, 171.8, 241.99, 97.09, 30.35, 64.12, 126.96, 64.2001, 87.72, , , , , 
1/31/2020 9:41:12 AM, 3268.5, 9133, 1640.8, 326.25, 222.28, 163.08, 320.15, 171.82, 241.99, 97.1, 30.35, 64.11, 126.97, 64.2001, 87.72, , , , , 
1/31/2020 9:41:15 AM, 3268.25, 9132.75, 1640.4, 326.26, 222.28, 163.08, 320.15, 171.82, 241.99, 97.09, 30.35, 64.11, 126.955, 64.2001, 87.72, , , , , 
1/31/2020 9:41:18 AM, 3268, 9130.25, 1640.1, 326.255, 222.21, 163.04, 320.0535, 171.78, 241.8311, 97.08, 30.34, 64.11, 126.92, 64.2001, 87.72, , , , , 
1/31/2020 9:41:21 AM, 3267.75, 9127.25, 1639.7, 326.23, 222.21, 163.04, 320.0535, 171.78, 241.8311, 97.06, 30.34, 64.13, 126.895, 64.2001, 87.715, , , , , 
1/31/2020 9:41:24 AM, 3267.75, 9128.5, 1639.7, 326.21, 222.21, 163.01, 320.0991, 171.74, 241.76, 97.041, 30.34, 64.13, 126.91, 64.2001, 87.715, , , , , 
1/31/2020 9:41:27 AM, 3268.25, 9129.75, 1640.4, 326.27, 222.21, 163.09, 320.0991, 171.74, 241.76, 97.06, 30.35, 64.145, 126.92, 64.2001, 87.71, , , , , 
1/31/2020 9:41:30 AM, 3268.25, 9129.75, 1640.3, 326.27, 222.28, 163.08, 320.1949, 171.8, 242, 97.07, 30.35, 64.15, 126.91, 64.2001, 87.71, , , , , 
1/31/2020 9:41:33 AM, 3268.25, 9131.25, 1640.5, 326.2577, 222.28, 163.09, 320.1949, 171.8, 242, 97.08, 30.345, 64.14, 126.9, 64.2001, 87.72, , , , , 
1/31/2020 9:41:36 AM, 3268.25, 9131, 1640.3, 326.24, 222.2791, 163.04, 320.28, 171.75, 241.92, 97.07, 30.34, 64.14, 126.895, 64.2001, 87.72, , , , , 
1/31/2020 9:41:39 AM, 3268, 9130.5, 1639.8, 326.25, 222.2791, 163.04, 320.28, 171.75, 241.92, 97.07, 30.345, 64.13, 126.9, 64.2001, 87.72, , , , , 
1/31/2020 9:41:42 AM, 3268.25, 9131.5, 1640.2, 326.24, 222.33, 163.06, 320.35, 171.82, 242.01, 97.085, 30.34, 64.12, 126.87, 64.2001, 87.72, , , , , 
1/31/2020 9:41:45 AM, 3268.5, 9133.25, 1640.3, 326.29, 222.33, 163.09, 320.35, 171.82, 242.01, 97.1138, 30.35, 64.12, 126.89, 64.2001, 87.72, , , , , 
1/31/2020 9:41:48 AM, 3268.25, 9132.5, 1640.3, 326.28, 222.3, 163.09, 320.4, 171.78, 242.2036, 97.11, 30.34, 64.11, 126.87, 64.2001, 87.72, , , , , 
1/31/2020 9:41:51 AM, 3268.25, 9131.75, 1640.2, 326.26, 222.3, 163.09, 320.4, 171.78, 242.2036, 97.1, 30.34, 64.12, 126.87, 64.2001, 87.72, , , , , 
1/31/2020 9:41:54 AM, 3268, 9130.75, 1640, 326.2795, 222.29, 163.07, 320.28, 171.77, 242.09, 97.09, 30.35, 64.12, 126.86, 64.2001, 87.72, , , , , 
1/31/2020 9:41:57 AM, 3268.25, 9131, 1639.9, 326.26, 222.29, 163.05, 320.28, 171.77, 242.09, 97.08, 30.34, 64.12, 126.84, 64.2001, 87.72, , , , , 
1/31/2020 9:42:00 AM, 3268.25, 9131.25, 1640.2, 326.24, 222.17, 163.065, 320.06, 171.74, 242, 97.06, 30.34, 64.12, 126.83, 64.2001, 87.7199, , , , , 
1/31/2020 9:42:03 AM, 3266.75, 9125.25, 1639.1, 326.19, 222.17, 162.96, 320.06, 171.74, 242, 97.02, 30.32, 64.11, 126.77, 64.2001, 87.715, , , , , 
1/31/2020 9:42:06 AM, 3268, 9130.25, 1639.6, 326.22, 222.245, 163.02, 320.15, 171.9, 242.01, 97.08, 30.35, 64.12, 126.81, 64.2001, 87.725, , , , , 
1/31/2020 9:42:09 AM, 3267.75, 9129.5, 1639.5, 326.19, 222.245, 162.97, 320.15, 171.9, 242.01, 97.07, 30.35, 64.12, 126.79, 64.2001, 87.72, , , , , 
1/31/2020 9:42:12 AM, 3267.25, 9128.5, 1639.2, 326.18, 222.213, 162.97, 320.1023, 171.91, 241.885, 97.07, 30.35, 64.12, 126.8, 64.2001, 87.72, , , , , 
1/31/2020 9:42:15 AM, 3267.5, 9128.25, 1639.2, 326.15, 222.213, 162.97, 320.1023, 171.91, 241.885, 97.07, 30.35, 64.11, 126.8, 64.2001, 87.72, , , , , 
1/31/2020 9:42:18 AM, 3266.75, 9125.5, 1639, 326.12, 222.15, 162.95, 320.05, 171.89, 241.94, 97.07, 30.34, 64.12, 126.73, 64.2001, 87.72, , , , , 
1/31/2020 9:42:21 AM, 3266.5, 9125.75, 1639.1, 326.13, 222.17, 162.98, 320.11, 171.89, 241.795, 97.05, 30.34, 64.12, 126.75, 64.2001, 87.72, , , , , 
1/31/2020 9:42:24 AM, 3267, 9126.75, 1639.1, 326.15, 222.18, 162.96, 320.145, 171.899, 241.8226, 97.05, 30.3429, 64.12, 126.76, 64.2001, 87.72, , , , , 
1/31/2020 9:42:28 AM, 3267.25, 9127.75, 1639.3, 326.17, 222.197, 163, 320.1665, 171.89, 241.7975, 97.05, 30.34, 64.14, 126.76, 64.2001, 87.72, , , , , 
1/31/2020 9:42:31 AM, 3267.5, 9127.75, 1639.6, 326.1813, 222.18, 162.99, 320.16, 171.87, 241.82, 97.06, 30.34, 64.15, 126.74, 64.2001, 87.71, , , , , 
1/31/2020 9:42:34 AM, 3267.25, 9126.25, 1639.8, 326.2, 222.2185, 163.02, 320.1866, 171.84, 241.97, 97.05, 30.34, 64.15, 126.74, 64.2001, 87.71, , , , , 
1/31/2020 9:42:37 AM, 3267.25, 9126.25, 1639.8, 326.19, 222.168, 163.03, 320.1335, 171.805, 241.99, 97.05, 30.35, 64.15, 126.73, 64.2001, 87.71, , , , , 
1/31/2020 9:42:40 AM, 3267.5, 9126.25, 1639.6, 326.1489, 222.13, 163, 320.12, 171.755, 241.6556, 97.02, 30.35, 64.16, 126.67, 64.2001, 87.715, , , , , 
1/31/2020 9:42:43 AM, 3267.5, 9126.25, 1639.6, 326.23, 222.19, 163.05, 320.2299, 171.77, 241.85, 97.04, 30.35, 64.16, 126.75, 64.2001, 87.72, , , , , 
1/31/2020 9:42:46 AM, 3268, 9126.5, 1640.1, 326.23, 222.17, 163.0511, 320.04, 171.7595, 241.7836, 97.04, 30.36, 64.16, 126.74, 64.2001, 87.72, , , , , 
1/31/2020 9:42:49 AM, 3268, 9126.5, 1640.1, 326.2488, 222.22, 163.07, 320.08, 171.77, 241.7836, 97.04, 30.36, 64.15, 126.77, 64.2001, 87.72, , , , , 
1/31/2020 9:42:52 AM, 3268.75, 9131, 1640.8, 326.32, 222.27, 163.12, 320.17, 171.8, 242.01, 97.06, 30.365, 64.15, 126.85, 64.2001, 87.73, , , , , 
1/31/2020 9:42:55 AM, 3268.75, 9131, 1640.8, 326.31, 222.2399, 163.11, 320.1, 171.78, 242.01, 97.06, 30.37, 64.15, 126.84, 64.2001, 87.73, , , , , 
1/31/2020 9:42:58 AM, 3268.75, 9131.5, 1640.9, 326.31, 222.26, 163.11, 320.1, 171.775, 241.975, 97.05, 30.3601, 64.15, 126.84, 64.2001, 87.73, , , , , 
1/31/2020 9:43:01 AM, 3268.75, 9131.5, 1640.9, 326.37, 222.32, 163.15, 320.18, 171.81, 241.98, 97.06, 30.3601, 64.15, 126.855, 64.2001, 87.7383, , , , , 
1/31/2020 9:43:04 AM, 3269, 9133.75, 1640.8, 326.34, 222.3447, 163.13, 320.14, 171.795, 241.99, 97.07, 30.36, 64.15, 126.89, 64.2001, 87.7383, , , , , 
1/31/2020 9:43:07 AM, 3269, 9133.75, 1640.8, 326.35, 222.33, 163.13, 320.14, 171.8, 241.99, 97.0771, 30.36, 64.16, 126.91, 64.2001, 87.7383, , , , , 
1/31/2020 9:43:10 AM, 3269, 9132.75, 1640.5, 326.36, 222.33, 163.12, 320.0712, 171.781, 241.9678, 97.08, 30.36, 64.16, 126.93, 64.2001, 87.74, , , , , 
1/31/2020 9:43:13 AM, 3269, 9132.75, 1640.5, 326.33, 222.29, 163.06, 320, 171.71, 241.86, 97.05, 30.36, 64.16, 126.925, 64.2001, 87.74, , , , , 
1/31/2020 9:43:16 AM, 3268.25, 9130, 1640.1, 326.27, 222.28, 163.04, 319.97, 171.72, 241.81, 97.04, 30.36, 64.15, 126.9, 64.2001, 87.73, , , , , 
1/31/2020 9:43:19 AM, 3268.25, 9130, 1640.1, 326.265, 222.23, 163.03, 319.9027, 171.66, 241.81, 97.01, 30.36, 64.15, 126.9, 64.2001, 87.73, , , , , 
1/31/2020 9:43:22 AM, 3268, 9127.75, 1639.8, 326.24, 222.2, 163.02, 319.9099, 171.69, 241.7101, 97.0099, 30.36, 64.15, 126.85, 64.2001, 87.725, , , , , 
1/31/2020 9:43:25 AM, 3268, 9127.75, 1639.8, 326.195, 222.16, 163, 319.715, 171.6543, 241.56, 96.97, 30.35, 64.16, 126.83, 64.2001, 87.725, , , , , 
1/31/2020 9:43:28 AM, 3267.75, 9127.5, 1639.8, 326.22, 222.19, 163, 319.66, 171.66, 241.56, 96.98, 30.355, 64.16, 126.85, 64.2001, 87.725, , , , , 
1/31/2020 9:43:31 AM, 3267.75, 9127.5, 1639.8, 326.22, 222.1899, 163, 319.6541, 171.6711, 241.5212, 96.9801, 30.355, 64.165, 126.8501, 64.2001, 87.725, , , , , 
1/31/2020 9:43:34 AM, 3268, 9129, 1639.5, 326.2095, 222.23, 162.99, 319.6661, 171.68, 241.32, 96.98, 30.3562, 64.165, 126.87, 64.2001, 87.725, , , , , 
1/31/2020 9:43:37 AM, 3268, 9129, 1639.5, 326.22, 222.23, 162.99, 319.655, 171.65, 241.45, 96.97, 30.3562, 64.17, 126.89, 64.2001, 87.725, , , , , 
1/31/2020 9:43:40 AM, 3267.75, 9129.5, 1639.4, 326.21, 222.22, 162.99, 319.6282, 171.64, 241.477, 96.9611, 30.3562, 64.165, 126.89, 64.2001, 87.725, , , , , 
1/31/2020 9:43:43 AM, 3267.75, 9129.5, 1639.4, 326.17, 222.2, 162.96, 319.57, 171.64, 241.34, 96.97, 30.35, 64.16, 126.89, 64.2001, 87.725, , , , , 
1/31/2020 9:43:46 AM, 3267.25, 9127, 1638.9, 326.175, 222.18, 162.94, 319.49, 171.615, 241.435, 96.945, 30.35, 64.155, 126.88, 64.2001, 87.72, , , , , 
1/31/2020 9:43:49 AM, 3267.25, 9127, 1638.9, 326.18, 222.22, 162.94, 319.585, 171.65, 241.54, 96.96, 30.36, 64.155, 126.875, 64.2001, 87.72, , , , , 
1/31/2020 9:43:52 AM, 3267.25, 9129, 1638.8, 326.18, 222.23, 162.93, 319.575, 171.65, 241.4762, 96.96, 30.35, 64.16, 126.9, 64.2001, 87.72, , , , , 
1/31/2020 9:43:55 AM, 3267.25, 9129, 1638.8, 326.17, 222.2, 162.91, 319.4429, 171.605, 241.465, 96.94, 30.35, 64.15, 126.92, 64.2001, 87.72, , , , , 
1/31/2020 9:43:58 AM, 3267, 9128, 1638.5, 326.16, 222.175, 162.91, 319.49, 171.57, 241.465, 96.91, 30.35, 64.15, 126.9, 64.2001, 87.725, , , , , 
1/31/2020 9:44:01 AM, 3267, 9128, 1638.5, 326.165, 222.21, 162.88, 319.53, 171.6, 241.62, 96.94, 30.35, 64.15, 126.9054, 64.2001, 87.725, , , , , 
1/31/2020 9:44:04 AM, 3267, 9128.5, 1638.3, 326.18, 222.22, 162.9, 319.47, 171.6078, 241.739, 96.94, 30.35, 64.15, 126.92, 64.2001, 87.72, , , , , 
1/31/2020 9:44:07 AM, 3267, 9128.5, 1638.3, 326.15, 222.1911, 162.86, 319.36, 171.65, 241.47, 96.9363, 30.342, 64.15, 126.91, 64.2001, 87.72, , , , , 
1/31/2020 9:44:10 AM, 3266.75, 9126.25, 1637.8, 326.12, 222.1409, 162.82, 319.25, 171.61, 241.53, 96.92, 30.342, 64.14, 126.88, 64.2001, 87.7116, , , , , 
1/31/2020 9:44:13 AM, 3266.75, 9126.25, 1637.8, 326.14, 222.1409, 162.8568, 319.25, 171.61, 241.53, 96.92, 30.3401, 64.14, 126.88, 64.2001, 87.7116, , , , , 
1/31/2020 9:44:16 AM, 3267.25, 9128.75, 1638.4, 326.13, 222.21, 162.84, 319.2537, 171.6745, 241.61, 96.94, 30.3488, 64.14, 126.905, 64.2001, 87.7116, , , , , 
1/31/2020 9:44:19 AM, 3267.25, 9128.75, 1638.4, 326.16, 222.213, 162.88, 319.2101, 171.7, 241.61, 96.94, 30.345, 64.135, 126.91, 64.2001, 87.7116, , , , , 
1/31/2020 9:44:22 AM, 3267.75, 9129.75, 1638.6, 326.145, 222.22, 162.86, 319.27, 171.721, 241.72, 96.94, 30.345, 64.135, 126.91, 64.2001, 87.7116, , , , , 
1/31/2020 9:44:25 AM, 3267.75, 9129.75, 1638.6, 326.195, 222.27, 162.9, 319.325, 171.74, 241.72, 96.95, 30.35, 64.135, 126.92, 64.2001, 87.7116, , , , , 
1/31/2020 9:44:28 AM, 3267, 9127.5, 1638.2, 326.185, 222.24, 162.9, 319.34, 171.685, 241.71, 96.96, 30.36, 64.13, 126.95, 64.2001, 87.7116, , , , , 
1/31/2020 9:44:31 AM, 3267, 9127.5, 1638.2, 326.11, 222.2, 162.85, 319.275, 171.66, 241.65, 96.94, 30.35, 64.12, 126.9, 64.2001, 87.7116, , , , , 
1/31/2020 9:44:34 AM, 3266.75, 9128.5, 1638, 326.12, 222.22, 162.85, 319.35, 171.66, 241.687, 96.94, 30.35, 64.11, 126.9, 64.2001, 87.71, , , , , 
1/31/2020 9:44:37 AM, 3266.5, 9127.25, 1637.8, 326.08, 222.19, 162.83, 319.1879, 171.65, 241.687, 96.92, 30.34, 64.12, 126.93, 64.2001, 87.7153, , , , , 
1/31/2020 9:44:40 AM, 3266.5, 9127, 1637.8, 326.08, 222.18, 162.83, 319.11, 171.625, 241.58, 96.92, 30.34, 64.12, 126.93, 64.2001, 87.7153, , , , , 
1/31/2020 9:44:44 AM, 3266, 9125.75, 1637.6, 326.06, 222.14, 162.81, 319.0761, 171.62, 241.51, 96.91, 30.3456, 64.11, 126.9, 64.2001, 87.715, , , , , 
1/31/2020 9:44:47 AM, 3266, 9126.75, 1637.8, 326.06, 222.16, 162.81, 319.11, 171.63, 241.56, 96.91, 30.3456, 64.11, 126.9, 64.2001, 87.715, , , , , 
1/31/2020 9:44:50 AM, 3266.75, 9128.5, 1638, 326.11, 222.17, 162.86, 319.1, 171.62, 241.56, 96.92, 30.34, 64.11, 126.92, 64.2001, 87.715, , , , , 
1/31/2020 9:44:53 AM, 3266.5, 9129.5, 1638, 326.11, 222.21, 162.86, 319.148, 171.62, 241.69, 96.92, 30.34, 64.11, 126.92, 64.2001, 87.715, , , , , 
1/31/2020 9:44:56 AM, 3267, 9130.75, 1638.1, 326.11, 222.26, 162.86, 319.193, 171.6, 241.68, 96.93, 30.345, 64.11, 126.93, 64.2001, 87.715, , , , , 
1/31/2020 9:44:59 AM, 3266.75, 9129.25, 1637.9, 326.11, 222.225, 162.86, 319.13, 171.6017, 241.68, 96.93, 30.345, 64.11, 126.93, 64.2001, 87.715, , , , , 
1/31/2020 9:45:02 AM, 3266.25, 9126.5, 1637.2, 326.04, 222.2, 162.77, 319.1, 171.55, 241.7, 96.89, 30.34, 64.095, 126.89, 64.2001, 87.715, , , , , 
1/31/2020 9:45:05 AM, 3266, 9126.25, 1637.3, 326.04, 222.15, 162.77, 319.01, 171.53, 241.7, 96.89, 30.34, 64.095, 126.89, 64.2001, 87.715, , , , , 
1/31/2020 9:45:08 AM, 3266, 9127.5, 1637.5, 326.09, 222.18, 162.84, 319.08, 171.57, 241.7525, 96.905, 30.34, 64.09, 126.9, 64.2001, 87.715, , , , , 
1/31/2020 9:45:11 AM, 3266.5, 9128, 1637.9, 326.09, 222.182, 162.84, 319.06, 171.58, 241.55, 96.905, 30.34, 64.09, 126.9, 64.2001, 87.715, , , , , 
1/31/2020 9:45:14 AM, 3266.25, 9128.5, 1637.9, 326.06, 222.21, 162.82, 319.04, 171.5756, 241.55, 96.9, 30.35, 64.09, 126.89, 64.2001, 87.71, , , , , 
1/31/2020 9:45:17 AM, 3265.75, 9126, 1637.5, 326.06, 222.17, 162.82, 318.93, 171.56, 241.585, 96.9, 30.35, 64.09, 126.89, 64.2001, 87.71, , , , , 
1/31/2020 9:45:20 AM, 3265.5, 9125, 1637.4, 325.96, 222.12, 162.78, 318.99, 171.44, 241.585, 96.85, 30.3303, 64.07, 126.89, 64.2001, 87.71, , , , , 
1/31/2020 9:45:23 AM, 3264.75, 9123.75, 1637, 325.96, 222.1, 162.78, 318.8107, 171.44, 241.39, 96.85, 30.3303, 64.07, 126.89, 64.2001, 87.71, , , , , 
1/31/2020 9:45:26 AM, 3264.75, 9122, 1636.8, 325.9346, 222.05, 162.72, 318.77, 171.42, 241.29, 96.81, 30.335, 64.0788, 126.83, 64.2001, 87.715, , , , , 
1/31/2020 9:45:29 AM, 3265.25, 9124.25, 1637, 325.9346, 222.08, 162.72, 318.7671, 171.465, 241.4047, 96.81, 30.335, 64.0788, 126.83, 64.2001, 87.715, , , , , 
1/31/2020 9:45:32 AM, 3265, 9124.25, 1637.1, 325.94, 222.1, 162.76, 318.76, 171.47, 241.4047, 96.84, 30.34, 64.09, 126.86, 64.2001, 87.715, , , , , 
1/31/2020 9:45:35 AM, 3266, 9127.25, 1637.3, 325.965, 222.16, 162.7514, 318.88, 171.5374, 241.59, 96.85, 30.34, 64.09, 126.86, 64.2001, 87.715, , , , , 
1/31/2020 9:45:38 AM, 3265.5, 9124.5, 1637, 325.94, 222.13, 162.74, 318.88, 171.49, 241.57, 96.85, 30.345, 64.09, 126.88, 64.2001, 87.715, , , , , 
1/31/2020 9:45:41 AM, 3265, 9123.25, 1636.5, 325.94, 222.08, 162.74, 318.81, 171.46, 241.57, 96.85, 30.345, 64.09, 126.88, 64.2001, 87.715, , , , , 
1/31/2020 9:45:44 AM, 3265.5, 9124.75, 1636.8, 325.98, 222.11, 162.73, 318.9276, 171.45, 241.57, 96.88, 30.3447, 64.08, 126.8401, 64.2001, 87.715, , , , , 
1/31/2020 9:45:47 AM, 3265, 9123.5, 1636.5, 325.98, 222.12, 162.73, 318.9697, 171.48, 241.565, 96.88, 30.3447, 64.08, 126.8401, 64.2001, 87.715, , , , , 
1/31/2020 9:45:50 AM, 3264.5, 9122.25, 1636.4, 325.91, 222.08, 162.7, 318.8675, 171.43, 241.36, 96.86, 30.34, 64.09, 126.82, 64.2001, 87.715, , , , , 
1/31/2020 9:45:53 AM, 3264.75, 9122.5, 1636.3, 325.91, 222.07, 162.7, 318.82, 171.42, 241.4925, 96.86, 30.34, 64.09, 126.82, 64.2001, 87.715, , , , , 
1/31/2020 9:45:56 AM, 3264.25, 9121.25, 1636.2, 325.9, 222.04, 162.69, 318.71, 171.42, 241.4925, 96.85, 30.33, 64.09, 126.78, 64.2001, 87.71, , , , , 
1/31/2020 9:45:59 AM, 3264.5, 9122.25, 1636.6, 325.9, 222.07, 162.69, 318.6975, 171.4203, 241.4555, 96.85, 30.33, 64.09, 126.78, 64.2001, 87.71, , , , , 
1/31/2020 9:46:02 AM, 3264.5, 9121.25, 1636.5, 325.89, 222.06, 162.71, 318.6729, 171.4195, 241.45, 96.86, 30.335, 64.09, 126.8, 64.2001, 87.705, , , , , 
1/31/2020 9:46:05 AM, 3264.75, 9123.5, 1636.6, 325.89, 222.08, 162.71, 318.61, 171.43, 241.44, 96.86, 30.335, 64.09, 126.8, 64.2001, 87.705, , , , , 
1/31/2020 9:46:08 AM, 3264.5, 9123.5, 1636.6, 325.92, 222.1, 162.71, 318.715, 171.43, 241.5, 96.8601, 30.335, 64.1, 126.8284, 64.2001, 87.705, , , , , 
1/31/2020 9:46:11 AM, 3264.5, 9122, 1636.3, 325.92, 222.07, 162.71, 318.62, 171.405, 241.43, 96.8601, 30.335, 64.1, 126.8284, 64.2001, 87.705, , , , , 
1/31/2020 9:46:14 AM, 3264.5, 9121.25, 1636, 325.86, 222.06, 162.65, 318.545, 171.41, 241.48, 96.83, 30.335, 64.1, 126.8, 64.2001, 87.705, , , , , 
1/31/2020 9:46:17 AM, 3264, 9120.75, 1636, 325.86, 222.04, 162.65, 318.42, 171.42, 241.33, 96.83, 30.335, 64.1, 126.8, 64.2001, 87.705, , , , , 
1/31/2020 9:46:20 AM, 3263.75, 9120, 1635.9, 325.84, 222.02, 162.65, 318.32, 171.4457, 241.29, 96.82, 30.32, 64.1, 126.77, 64.2001, 87.705, , , , , 
1/31/2020 9:46:23 AM, 3263.5, 9117.5, 1635.6, 325.84, 221.97, 162.65, 318.245, 171.43, 241.17, 96.82, 30.32, 64.1, 126.77, 64.2001, 87.705, , , , , 
1/31/2020 9:46:26 AM, 3263.75, 9118.25, 1635.9, 325.83, 221.98, 162.65, 318.33, 171.485, 241.17, 96.82, 30.32, 64.09, 126.79, 64.2001, 87.705, , , , , 
1/31/2020 9:46:29 AM, 3263.5, 9118.75, 1635.8, 325.83, 222, 162.65, 318.2787, 171.48, 241.25, 96.82, 30.32, 64.09, 126.79, 64.2001, 87.705, , , , , 
1/31/2020 9:46:32 AM, 3263.5, 9118.5, 1635.8, 325.79, 221.99, 162.61, 318.2617, 171.48, 241.16, 96.8, 30.325, 64.07, 126.82, 64.2001, 87.705, , , , , 
1/31/2020 9:46:35 AM, 3263.5, 9118.75, 1635.7, 325.79, 221.97, 162.61, 318.165, 171.46, 241.02, 96.8, 30.325, 64.07, 126.82, 64.2001, 87.705, , , , , 
1/31/2020 9:46:38 AM, 3263.25, 9118.5, 1635.5, 325.78, 221.978, 162.59, 318.2, 171.46, 241.1327, 96.79, 30.315, 64.07, 126.83, 64.2001, 87.7, , , , , 
1/31/2020 9:46:41 AM, 3263, 9117.25, 1635.2, 325.78, 221.98, 162.59, 318.14, 171.48, 241, 96.79, 30.315, 64.07, 126.83, 64.2001, 87.7, , , , , 
1/31/2020 9:46:44 AM, 3263.25, 9117.5, 1635.5, 325.77, 221.96, 162.59, 318.21, 171.4945, 241, 96.79, 30.31, 64.045, 126.81, 64.2001, 87.7, , , , , 
1/31/2020 9:46:47 AM, 3263.25, 9118, 1635.4, 325.77, 221.96, 162.59, 318.1999, 171.47, 241.01, 96.79, 30.31, 64.045, 126.81, 64.2001, 87.7, , , , , 
1/31/2020 9:46:50 AM, 3263.25, 9117.25, 1635.1, 325.76, 221.96, 162.56, 318.195, 171.485, 241.03, 96.8, 30.31, 64.05, 126.82, 64.2001, 87.705, , , , , 
1/31/2020 9:46:54 AM, 3263.5, 9119.25, 1635.5, 325.81, 222.05, 162.62, 318.405, 171.49, 241.155, 96.81, 30.31, 64.05, 126.83, 64.2001, 87.705, , , , , 
1/31/2020 9:46:57 AM, 3264, 9121, 1635.7, 325.84, 222.05, 162.62, 318.405, 171.49, 241.155, 96.82, 30.32, 64.05, 126.85, 64.2001, 87.705, , , , , 
1/31/2020 9:47:00 AM, 3264.5, 9123, 1635.6, 325.87, 222.07, 162.615, 318.45, 171.5, 241.155, 96.835, 30.32, 64.05, 126.87, 64.2001, 87.705, , , , , 
1/31/2020 9:47:03 AM, 3264, 9121.75, 1635.6, 325.855, 222.07, 162.605, 318.45, 171.5, 241.155, 96.84, 30.32, 64.035, 126.87, 64.2001, 87.705, , , , , 
1/31/2020 9:47:06 AM, 3265, 9126.25, 1636.5, 325.92, 222.15, 162.69, 318.81, 171.5606, 241.14, 96.88, 30.32, 64.03, 126.89, 64.2001, 87.705, , , , , 
1/31/2020 9:47:09 AM, 3264.75, 9124.75, 1636.3, 325.88, 222.15, 162.65, 318.81, 171.5606, 241.14, 96.87, 30.32, 64.03, 126.89, 64.2001, 87.705, , , , , 
1/31/2020 9:47:12 AM, 3264.75, 9124.75, 1636.3, 325.93, 222.18, 162.715, 318.97, 171.61, 241.25, 96.88, 30.32, 64.03, 126.89, 64.2001, 87.705, , , , , 
1/31/2020 9:47:15 AM, 3264.75, 9126.25, 1636.7, 325.9185, 222.18, 162.72, 318.97, 171.61, 241.25, 96.89, 30.32, 64.03, 126.89, 64.2001, 87.71, , , , , 
1/31/2020 9:47:18 AM, 3265, 9126.5, 1637.1, 325.97, 222.18, 162.77, 319.0125, 171.59, 241.27, 96.9, 30.33, 64.035, 126.9, 64.2001, 87.71, , , , , 
1/31/2020 9:47:21 AM, 3265.5, 9127.75, 1636.9, 325.97, 222.18, 162.72, 319.0125, 171.59, 241.27, 96.9064, 30.33, 64.035, 126.93, 64.2001, 87.71, , , , , 
1/31/2020 9:47:24 AM, 3265.25, 9126.5, 1636.8, 325.985, 222.21, 162.73, 319.1, 171.5921, 241.23, 96.9064, 30.33, 64.035, 126.93, 64.2001, 87.71, , , , , 
1/31/2020 9:47:27 AM, 3265.5, 9128.25, 1636.7, 325.97, 222.21, 162.7, 319.1, 171.5921, 241.23, 96.92, 30.321, 64.03, 126.94, 64.2001, 87.71, , , , , 
1/31/2020 9:47:30 AM, 3265.25, 9127.25, 1636.5, 325.9899, 222.21, 162.74, 319.145, 171.63, 241.14, 96.9225, 30.32, 64.03, 126.92, 64.2001, 87.71, , , , , 
1/31/2020 9:47:33 AM, 3265.5, 9127.75, 1636.8, 325.98, 222.21, 162.72, 319.145, 171.63, 241.14, 96.93, 30.33, 64.02, 126.92, 64.2001, 87.7044, , , , , 
1/31/2020 9:47:36 AM, 3265.25, 9128, 1636.8, 325.96, 222.18, 162.73, 319, 171.6673, 241.16, 96.93, 30.33, 64.01, 126.92, 64.2001, 87.7044, , , , , 
1/31/2020 9:47:39 AM, 3265, 9127.5, 1636.8, 325.98, 222.18, 162.73, 319, 171.6673, 241.16, 96.93, 30.33, 64.02, 126.93, 64.2001, 87.7044, , , , , 
1/31/2020 9:47:42 AM, 3265.5, 9128.5, 1637, 326.02, 222.23, 162.74, 319.0937, 171.6895, 241.2474, 96.95, 30.33, 64.02, 126.93, 64.2001, 87.7044, , , , , 
1/31/2020 9:47:45 AM, 3265.75, 9128.5, 1637, 326.005, 222.23, 162.74, 319.0937, 171.6895, 241.2474, 96.95, 30.33, 64.02, 126.93, 64.2001, 87.7044, , , , , 
1/31/2020 9:47:48 AM, 3266, 9130, 1637.2, 326.0479, 222.275, 162.76, 319.18, 171.725, 241.2943, 96.97, 30.33, 64.015, 126.92, 64.2001, 87.7125, , , , , 
1/31/2020 9:47:51 AM, 3266.25, 9130, 1637.2, 326.0401, 222.275, 162.78, 319.18, 171.725, 241.2943, 96.97, 30.33, 64.015, 126.92, 64.2001, 87.7125, , , , , 
1/31/2020 9:47:54 AM, 3265.75, 9128.25, 1636.8, 326, 222.23, 162.7, 319.145, 171.72, 241.3911, 96.96, 30.33, 64.01, 126.87, 64.2001, 87.7198, , , , , 
1/31/2020 9:47:57 AM, 3265.25, 9126.5, 1636.6, 326, 222.18, 162.7, 319.0449, 171.7195, 241.22, 96.96, 30.33, 64.01, 126.87, 64.2001, 87.7198, , , , , 
1/31/2020 9:48:00 AM, 3265, 9126.25, 1636.6, 325.96, 222.18, 162.7, 319.1, 171.71, 241.2906, 96.93, 30.325, 64.015, 126.85, 64.2001, 87.715, , , , , 
1/31/2020 9:48:03 AM, 3265.25, 9126.75, 1636.7, 325.92, 222.18, 162.69, 319.1, 171.71, 241.2906, 96.94, 30.32, 64.01, 126.85, 64.2001, 87.71, , , , , 
1/31/2020 9:48:06 AM, 3264.75, 9126.75, 1636.5, 325.94, 222.17, 162.72, 319.0935, 171.69, 241.18, 96.94, 30.32, 64.01, 126.85, 64.2001, 87.7198, , , , , 
1/31/2020 9:48:09 AM, 3264.75, 9127.5, 1636.5, 325.95, 222.17, 162.71, 319.0935, 171.69, 241.18, 96.95, 30.32, 64.005, 126.85, 64.2001, 87.7198, , , , , 
1/31/2020 9:48:12 AM, 3265, 9127.5, 1636.8, 325.95, 222.23, 162.72, 319.21, 171.8063, 241.36, 96.955, 30.32, 64.005, 126.85, 64.2001, 87.7198, , , , , 
1/31/2020 9:48:15 AM, 3265.25, 9129.75, 1636.8, 326.0199, 222.23, 162.76, 319.21, 171.8063, 241.36, 96.97, 30.33, 64, 126.89, 64.2001, 87.7198, , , , , 
1/31/2020 9:48:18 AM, 3265.25, 9129.25, 1636.8, 325.98, 222.25, 162.76, 319.2366, 171.81, 241.4105, 96.98, 30.3336, 64, 126.88, 64.2001, 87.715, , , , , 
1/31/2020 9:48:21 AM, 3265.75, 9129.25, 1636.9, 326, 222.24, 162.74, 319.2, 171.8083, 241.4105, 96.98, 30.3336, 64, 126.88, 64.2001, 87.7198, , , , , 
1/31/2020 9:48:24 AM, 3265.5, 9130, 1636.8, 326.015, 222.25, 162.74, 319.225, 171.785, 241.36, 96.98, 30.3336, 64, 126.865, 64.2001, 87.7198, , , , , 
1/31/2020 9:48:27 AM, 3265.75, 9129.5, 1637.2, 326.01, 222.25, 162.76, 319.225, 171.785, 241.36, 96.98, 30.335, 64, 126.865, 64.2001, 87.7198, , , , , 
1/31/2020 9:48:30 AM, 3265.75, 9130, 1637.1, 326.02, 222.27, 162.76, 319.15, 171.79, 241.43, 96.98, 30.335, 64.015, 126.9, 64.2001, 87.7198, , , , , 
1/31/2020 9:48:33 AM, 3265.75, 9130, 1637.2, 325.98, 222.27, 162.77, 319.15, 171.79, 241.43, 96.96, 30.335, 64.01, 126.89, 64.2001, 87.7198, , , , , 
1/31/2020 9:48:36 AM, 3265.5, 9129.75, 1636.8, 325.9753, 222.24, 162.715, 319.0993, 171.7579, 241.46, 96.96, 30.33, 64.015, 126.89, 64.2001, 87.7198, , , , , 
1/31/2020 9:48:39 AM, 3264.75, 9127.75, 1636.4, 325.9753, 222.21, 162.715, 319.09, 171.795, 241.35, 96.96, 30.33, 64.015, 126.89, 64.2001, 87.7198, , , , , 
1/31/2020 9:48:42 AM, 3264.5, 9126, 1636.1, 325.93, 222.19, 162.68, 319.07, 171.73, 241.239, 96.95, 30.32, 64.01, 126.85, 63.75, 87.71, , , , , 
1/31/2020 9:48:46 AM, 3264.75, 9126.5, 1636.1, 325.91, 222.18, 162.66, 319.07, 171.7306, 241.239, 96.95, 30.328, 64.01, 126.8425, 63.75, 87.71, , , , , 
1/31/2020 9:48:49 AM, 3264.75, 9126.5, 1636.1, 325.92, 222.16, 162.6525, 319.0433, 171.69, 241.25, 96.95, 30.328, 64, 126.84, 63.75, 87.71, , , , , 
1/31/2020 9:48:52 AM, 3264.75, 9127.25, 1636.3, 325.915, 222.17, 162.635, 319.08, 171.69, 241.25, 96.94, 30.325, 64, 126.84, 63.75, 87.71, , , , , 
1/31/2020 9:48:55 AM, 3264.75, 9127.25, 1636.3, 325.96, 222.21, 162.68, 319.129, 171.6922, 241.4, 96.95, 30.335, 64.01, 126.83, 63.75, 87.71, , , , , 
1/31/2020 9:48:58 AM, 3265, 9127.25, 1636.3, 325.93, 222.16, 162.69, 319.1298, 171.6801, 241.51, 96.95, 30.33, 64, 126.83, 63.75, 87.71, , , , , 
1/31/2020 9:49:01 AM, 3265, 9127.25, 1636.3, 325.94, 222.16, 162.7, 319.1298, 171.6801, 241.51, 96.95, 30.33, 64, 126.83, 63.75, 87.71, , , , , 
1/31/2020 9:49:04 AM, 3264.75, 9126.75, 1636.5, 325.925, 222.16, 162.685, 319.1609, 171.7, 241.51, 96.95, 30.33, 64, 126.85, 63.75, 87.71, , , , , 
1/31/2020 9:49:07 AM, 3264.75, 9126.75, 1636.5, 325.92, 222.19, 162.69, 319.24, 171.67, 241.4695, 96.96, 30.33, 64, 126.84, 63.75, 87.7, , , , , 
1/31/2020 9:49:10 AM, 3265, 9128.25, 1636.7, 325.96, 222.21, 162.71, 319.255, 171.675, 241.4695, 96.97, 30.33, 64, 126.84, 63.75, 87.7, , , , , 
1/31/2020 9:49:13 AM, 3265, 9128.25, 1636.7, 325.955, 222.19, 162.7, 319.2388, 171.67, 241.4695, 96.995, 30.335, 64, 126.85, 63.75, 87.709, , , , , 
1/31/2020 9:49:16 AM, 3265.5, 9127.75, 1636.8, 325.96, 222.2, 162.715, 319.23, 171.7, 241.5082, 96.98, 30.335, 64, 126.84, 63.75, 87.71, , , , , 
1/31/2020 9:49:19 AM, 3265.5, 9127.75, 1636.8, 325.98, 222.22, 162.725, 319.233, 171.7, 241.4, 96.99, 30.335, 64, 126.84, 63.75, 87.71, , , , , 
1/31/2020 9:49:22 AM, 3265.5, 9126.75, 1637, 325.97, 222.18, 162.74, 319.1368, 171.7, 241.4, 96.99, 30.34, 64, 126.84, 63.75, 87.71, , , , , 
1/31/2020 9:49:25 AM, 3265.5, 9126.75, 1637, 325.98, 222.18, 162.75, 319.16, 171.7, 241.27, 96.98, 30.34, 63.99, 126.83, 63.75, 87.71, , , , , 
1/31/2020 9:49:28 AM, 3265.75, 9127.25, 1637.5, 326.02, 222.21, 162.8, 319.2137, 171.71, 241.365, 96.99, 30.34, 63.99, 126.85, 63.75, 87.7125, , , , , 
1/31/2020 9:49:31 AM, 3265.75, 9127.25, 1637.5, 325.98, 222.1701, 162.78, 319.15, 171.685, 241.365, 96.98, 30.33, 63.99, 126.84, 63.75, 87.715, , , , , 
1/31/2020 9:49:34 AM, 3265, 9125.75, 1637.1, 325.96, 222.175, 162.78, 319.16, 171.6968, 241.21, 96.98, 30.328, 63.99, 126.84, 63.75, 87.715, , , , , 
1/31/2020 9:49:37 AM, 3265, 9125.75, 1637.1, 325.96, 222.16, 162.77, 319.12, 171.67, 241.21, 96.978, 30.33, 63.98, 126.83, 63.75, 87.715, , , , , 
1/31/2020 9:49:40 AM, 3264.5, 9125, 1636.9, 325.9, 222.1347, 162.73, 319.115, 171.66, 241.21, 96.96, 30.325, 63.96, 126.795, 63.75, 87.715, , , , , 
1/31/2020 9:49:43 AM, 3264.5, 9125, 1636.9, 325.87, 222.11, 162.705, 319.1, 171.62, 241.155, 96.96, 30.325, 63.95, 126.7899, 63.75, 87.71, , , , , 
1/31/2020 9:49:46 AM, 3264.25, 9125, 1636.6, 325.88, 222.145, 162.705, 319.1501, 171.68, 241.155, 96.96, 30.32, 63.95, 126.7899, 63.75, 87.71, , , , , 
1/31/2020 9:49:49 AM, 3264.25, 9125, 1636.6, 325.88, 222.145, 162.705, 319.1501, 171.68, 241.155, 96.96, 30.32, 63.95, 126.7899, 63.75, 87.71, , , , , 
1/31/2020 9:49:52 AM, 3264.25, 9125, 1636.6, 325.88, 222.145, 162.705, 319.1501, 171.68, 241.155, 96.96, 30.32, 63.95, 126.7899, 63.75, 87.71, , , , , 
1/31/2020 9:49:55 AM, 3264.25, 9125, 1636.6, 325.87, 222.1, 162.71, 319.09, 171.645, 241.09, 96.975, 30.32, 63.95, 126.7899, 63.75, 87.71, , , , , 
1/31/2020 9:49:58 AM, 3264, 9123.75, 1636.5, 325.87, 222.1, 162.71, 319.09, 171.645, 241.09, 96.975, 30.32, 63.95, 126.7899, 63.75, 87.71, , , , , 
1/31/2020 9:50:01 AM, 3264.25, 9123.75, 1636.4, 325.85, 222.1, 162.71, 319.09, 171.66, 241.0881, 96.96, 30.32, 63.94, 126.76, 63.75, 87.71, , , , , 
1/31/2020 9:50:04 AM, 3264.5, 9125.25, 1637.5, 325.87, 222.12, 162.73, 319.05, 171.68, 241.2275, 96.98, 30.32, 63.93, 126.77, 63.75, 87.71, , , , , 
1/31/2020 9:50:07 AM, 3265, 9127.5, 1637.9, 325.95, 222.175, 162.86, 318.998, 171.72, 241.35, 96.99, 30.33, 63.94, 126.82, 63.75, 87.71, , , , , 
1/31/2020 9:50:10 AM, 3266.25, 9129.75, 1638.5, 326.04, 222.2501, 162.9, 319.1639, 171.775, 241.35, 97.02, 30.345, 63.96, 126.87, 63.75, 87.72, , , , , 
1/31/2020 9:50:13 AM, 3266.25, 9129.75, 1638.5, 326.07, 222.26, 162.9, 319.1712, 171.765, 241.3669, 97.03, 30.345, 63.9879, 126.87, 63.75, 87.72, , , , , 
1/31/2020 9:50:16 AM, 3266.5, 9130.75, 1638.8, 326.07, 222.27, 162.9, 319.16, 171.785, 241.465, 97.035, 30.35, 63.985, 126.87, 63.75, 87.72, , , , , 
1/31/2020 9:50:19 AM, 3266.5, 9130.75, 1638.8, 326.035, 222.22, 162.91, 319.07, 171.73, 241.47, 97.02, 30.35, 63.99, 126.86, 63.75, 87.72, , , , , 
1/31/2020 9:50:22 AM, 3264.75, 9123.5, 1637.1, 326, 222.14, 162.86, 318.96, 171.69, 241.35, 96.99, 30.345, 63.98, 126.84, 63.75, 87.725, , , , , 
1/31/2020 9:50:25 AM, 3264.75, 9123.5, 1637.1, 325.92, 222.11, 162.79, 318.85, 171.6895, 241.2, 96.96, 30.34, 63.98, 126.81, 63.75, 87.72, , , , , 
1/31/2020 9:50:28 AM, 3264, 9122, 1636.9, 325.884, 222.04, 162.76, 318.7148, 171.645, 241.29, 96.96, 30.34, 63.97, 126.805, 63.75, 87.715, , , , , 
1/31/2020 9:50:31 AM, 3264, 9122, 1636.9, 325.82, 222.03, 162.74, 318.6475, 171.605, 241.11, 96.93, 30.325, 63.97, 126.77, 63.75, 87.715, , , , , 
1/31/2020 9:50:34 AM, 3262.5, 9116.75, 1635.9, 325.72, 221.94, 162.66, 318.5503, 171.57, 240.96, 96.91, 30.315, 63.96, 126.74, 63.75, 87.71, , , , , 
1/31/2020 9:50:37 AM, 3262.5, 9116.75, 1635.9, 325.71, 221.92, 162.65, 318.485, 171.5665, 241.08, 96.89, 30.315, 63.96, 126.72, 63.75, 87.705, , , , , 
1/31/2020 9:50:40 AM, 3262.5, 9114.75, 1635.6, 325.6999, 221.88, 162.62, 318.415, 171.55, 240.92, 96.88, 30.315, 63.96, 126.72, 63.75, 87.7053, , , , , 
1/31/2020 9:50:43 AM, 3262.5, 9114.75, 1635.6, 325.69, 221.86, 162.62, 318.37, 171.5241, 240.9164, 96.87, 30.315, 63.98, 126.72, 63.75, 87.7053, , , , , 
1/31/2020 9:50:46 AM, 3262.5, 9114, 1635.4, 325.69, 221.88, 162.63, 318.3, 171.51, 240.875, 96.87, 30.31, 63.98, 126.72, 63.75, 87.702, , , , , 
1/31/2020 9:50:49 AM, 3262.5, 9114, 1635.4, 325.66, 221.8599, 162.585, 318.2863, 171.475, 240.72, 96.85, 30.315, 63.98, 126.72, 63.75, 87.7, , , , , 
1/31/2020 9:50:52 AM, 3262, 9110.75, 1635.5, 325.655, 221.79, 162.59, 318.23, 171.46, 240.72, 96.82, 30.31, 63.98, 126.72, 63.75, 87.7, , , , , 
1/31/2020 9:50:55 AM, 3262, 9110.75, 1635.5, 325.62, 221.77, 162.59, 318.1609, 171.45, 240.705, 96.82, 30.31, 63.99, 126.7, 63.75, 87.7, , , , , 
1/31/2020 9:50:58 AM, 3261.25, 9108.5, 1634.9, 325.57, 221.74, 162.56, 318.1336, 171.425, 240.6882, 96.79, 30.305, 63.98, 126.68, 63.75, 87.7, , , , , 
1/31/2020 9:51:01 AM, 3261.25, 9108.5, 1634.9, 325.59, 221.76, 162.56, 318.0837, 171.445, 240.6642, 96.785, 30.305, 63.98, 126.67, 63.75, 87.7, , , , , 
1/31/2020 9:51:04 AM, 3261.75, 9109.25, 1635.1, 325.54, 221.725, 162.53, 317.9, 171.43, 240.69, 96.7601, 30.305, 63.98, 126.655, 63.75, 87.69, , , , , 
1/31/2020 9:51:07 AM, 3261.75, 9109.25, 1635.1, 325.59, 221.73, 162.54, 317.85, 171.39, 240.7185, 96.78, 30.305, 63.98, 126.676, 63.75, 87.69, , , , , 
1/31/2020 9:51:10 AM, 3261.25, 9108.5, 1634.8, 325.58, 221.76, 162.53, 317.9, 171.3711, 240.54, 96.78, 30.3, 63.98, 126.67, 63.75, 87.695, , , , , 
1/31/2020 9:51:14 AM, 3261.25, 9108.5, 1634.8, 325.6, 221.79, 162.53, 317.97, 171.39, 240.67, 96.78, 30.3, 63.98, 126.69, 63.75, 87.695, , , , , 
1/31/2020 9:51:17 AM, 3261.75, 9110.75, 1634.7, 325.625, 221.79, 162.54, 317.98, 171.385, 240.65, 96.7986, 30.31, 63.99, 126.71, 63.75, 87.7, , , , , 
1/31/2020 9:51:20 AM, 3261.75, 9110.25, 1634.7, 325.62, 221.78, 162.55, 317.965, 171.37, 240.65, 96.7889, 30.306, 63.985, 126.69, 63.75, 87.695, , , , , 
1/31/2020 9:51:23 AM, 3261.25, 9109.5, 1634.8, 325.62, 221.76, 162.55, 317.85, 171.36, 240.69, 96.7889, 30.306, 63.985, 126.69, 63.75, 87.695, , , , , 
1/31/2020 9:51:26 AM, 3262, 9111.75, 1635.2, 325.64, 221.8, 162.565, 317.92, 171.38, 240.73, 96.79, 30.31, 63.97, 126.72, 63.75, 87.7, , , , , 
1/31/2020 9:51:29 AM, 3262, 9112, 1635.1, 325.64, 221.83, 162.565, 317.9479, 171.37, 240.88, 96.79, 30.31, 63.97, 126.72, 63.75, 87.7, , , , , 
1/31/2020 9:51:32 AM, 3262, 9113.5, 1635.2, 325.66, 221.835, 162.56, 318.02, 171.38, 240.88, 96.79, 30.31, 63.97, 126.76, 63.75, 87.695, , , , , 
1/31/2020 9:51:35 AM, 3262.25, 9114.25, 1635.3, 325.66, 221.83, 162.56, 317.95, 171.37, 240.82, 96.79, 30.31, 63.97, 126.76, 63.75, 87.695, , , , , 
1/31/2020 9:51:38 AM, 3261.5, 9110.5, 1634.7, 325.61, 221.82, 162.53, 317.97, 171.35, 240.915, 96.76, 30.295, 63.98, 126.76, 63.75, 87.695, , , , , 
1/31/2020 9:51:41 AM, 3261.75, 9110.75, 1634.8, 325.61, 221.8, 162.53, 317.84, 171.32, 240.94, 96.76, 30.295, 63.98, 126.76, 63.75, 87.695, , , , , 
1/31/2020 9:51:44 AM, 3261.25, 9109, 1634.4, 325.57, 221.75, 162.5, 317.8299, 171.3053, 240.767, 96.76, 30.29, 63.98, 126.73, 63.75, 87.695, , , , , 
1/31/2020 9:51:47 AM, 3261.5, 9109.5, 1634.3, 325.57, 221.76, 162.5, 317.8003, 171.31, 240.8075, 96.76, 30.29, 63.98, 126.73, 63.75, 87.695, , , , , 
1/31/2020 9:51:50 AM, 3261.25, 9109.75, 1634.4, 325.56, 221.77, 162.49, 317.82, 171.3, 240.7681, 96.76, 30.295, 63.98, 126.73, 63.75, 87.695, , , , , 
1/31/2020 9:51:53 AM, 3261.25, 9108.25, 1634.1, 325.56, 221.72, 162.49, 317.7101, 171.3, 240.765, 96.76, 30.295, 63.98, 126.73, 63.75, 87.695, , , , , 
1/31/2020 9:51:56 AM, 3261, 9107.75, 1633.9, 325.555, 221.74, 162.435, 317.79, 171.295, 240.765, 96.75, 30.29, 63.99, 126.715, 63.75, 87.69, , , , , 
1/31/2020 9:51:59 AM, 3261, 9106.75, 1633.7, 325.555, 221.71, 162.435, 317.775, 171.29, 240.8399, 96.75, 30.29, 63.99, 126.715, 63.75, 87.69, , , , , 
1/31/2020 9:52:02 AM, 3261, 9107.25, 1633.8, 325.53, 221.69, 162.42, 317.6999, 171.265, 240.68, 96.73, 30.29, 63.98, 126.7, 63.75, 87.69, , , , , 
1/31/2020 9:52:05 AM, 3261, 9107.25, 1633.7, 325.53, 221.69, 162.42, 317.76, 171.24, 240.7224, 96.73, 30.29, 63.98, 126.7, 63.75, 87.69, , , , , 
1/31/2020 9:52:08 AM, 3261, 9107.5, 1633.6, 325.525, 221.7, 162.4, 317.84, 171.25, 240.684, 96.74, 30.29, 63.98, 126.71, 63.75, 87.69, , , , , 
1/31/2020 9:52:11 AM, 3260.75, 9106.25, 1633.3, 325.525, 221.703, 162.4, 317.82, 171.19, 240.79, 96.74, 30.29, 63.98, 126.71, 63.75, 87.69, , , , , 
1/31/2020 9:52:14 AM, 3260.5, 9105.25, 1633.1, 325.47, 221.645, 162.35, 317.6636, 171.16, 240.61, 96.71, 30.29, 63.98, 126.715, 63.75, 87.69, , , , , 
1/31/2020 9:52:17 AM, 3260.5, 9106.25, 1633.3, 325.47, 221.65, 162.35, 317.62, 171.2, 240.61, 96.71, 30.29, 63.98, 126.715, 63.75, 87.69, , , , , 
1/31/2020 9:52:20 AM, 3261, 9106.75, 1633.3, 325.54, 221.68, 162.4, 317.6, 171.1938, 240.64, 96.72, 30.295, 63.98, 126.75, 63.75, 87.685, , , , , 
1/31/2020 9:52:23 AM, 3261, 9107, 1633.6, 325.54, 221.68, 162.4, 317.5688, 171.21, 240.54, 96.72, 30.295, 63.98, 126.75, 63.75, 87.685, , , , , 
1/31/2020 9:52:26 AM, 3261.25, 9107.75, 1633.7, 325.53, 221.73, 162.425, 317.5, 171.25, 240.53, 96.72, 30.29, 63.98, 126.78, 63.75, 87.69, , , , , 
1/31/2020 9:52:29 AM, 3261, 9106.75, 1633.7, 325.53, 221.72, 162.425, 317.27, 171.24, 240.45, 96.72, 30.29, 63.98, 126.78, 63.75, 87.69, , , , , 
1/31/2020 9:52:32 AM, 3260.5, 9105.25, 1633.3, 325.48, 221.67, 162.3705, 317.27, 171.2, 240.5275, 96.6966, 30.29, 63.98, 126.74, 63.75, 87.685, , , , , 
1/31/2020 9:52:35 AM, 3260.5, 9105.5, 1633.1, 325.48, 221.67, 162.3705, 317.3253, 171.22, 240.54, 96.6966, 30.29, 63.98, 126.74, 63.75, 87.685, , , , , 
1/31/2020 9:52:38 AM, 3260.25, 9105.5, 1633.2, 325.48, 221.67, 162.37, 317.2037, 171.23, 240.5, 96.69, 30.29, 63.965, 126.75, 63.75, 87.68, , , , , 
1/31/2020 9:52:41 AM, 3260.5, 9104.5, 1632.8, 325.48, 221.652, 162.37, 317.26, 171.2191, 240.5, 96.69, 30.29, 63.965, 126.75, 63.75, 87.68, , , , , 
1/31/2020 9:52:44 AM, 3259.75, 9102.75, 1632.8, 325.43, 221.605, 162.33, 317.1493, 171.185, 240.49, 96.67, 30.29, 63.98, 126.71, 63.75, 87.68, , , , , 
1/31/2020 9:52:47 AM, 3260.25, 9104.25, 1633.1, 325.43, 221.6097, 162.33, 317.04, 171.185, 240.49, 96.67, 30.29, 63.98, 126.71, 63.75, 87.68, , , , , 
1/31/2020 9:52:50 AM, 3260.5, 9105.25, 1633.2, 325.49, 221.66, 162.38, 317.2199, 171.22, 240.5418, 96.695, 30.29, 63.985, 126.75, 63.75, 87.68, , , , , 
1/31/2020 9:52:53 AM, 3260.25, 9104.25, 1633.1, 325.49, 221.64, 162.38, 317.19, 171.185, 240.57, 96.695, 30.29, 63.985, 126.75, 63.75, 87.68, , , , , 
1/31/2020 9:52:56 AM, 3260.5, 9106, 1633.6, 325.52, 221.66, 162.425, 317.3191, 171.19, 240.6, 96.72, 30.295, 63.97, 126.77, 63.75, 87.685, , , , , 
1/31/2020 9:52:59 AM, 3261.25, 9108, 1634, 325.52, 221.75, 162.425, 317.4, 171.28, 240.6, 96.72, 30.295, 63.97, 126.77, 63.75, 87.685, , , , , 
1/31/2020 9:53:02 AM, 3261.25, 9109.25, 1634, 325.58, 221.73, 162.45, 317.47, 171.22, 240.725, 96.73, 30.295, 63.96, 126.79, 63.75, 87.69, , , , , 
1/31/2020 9:53:05 AM, 3261.5, 9111, 1634.4, 325.58, 221.78, 162.45, 317.515, 171.24, 240.81, 96.73, 30.295, 63.96, 126.79, 63.75, 87.69, , , , , 
1/31/2020 9:53:08 AM, 3261.75, 9111.5, 1634.5, 325.63, 221.8, 162.49, 317.52, 171.26, 240.69, 96.75, 30.3, 63.97, 126.85, 63.75, 87.695, , , , , 
1/31/2020 9:53:11 AM, 3262.25, 9115.25, 1635, 325.63, 221.85, 162.49, 317.64, 171.31, 240.85, 96.75, 30.3, 63.97, 126.85, 63.75, 87.695, , , , , 
1/31/2020 9:53:14 AM, 3262.75, 9115.75, 1635.2, 325.695, 221.91, 162.56, 317.61, 171.33, 241.05, 96.79, 30.31, 63.965, 126.89, 63.75, 87.7, , , , , 
1/31/2020 9:53:17 AM, 3262.25, 9115.25, 1634.9, 325.695, 221.89, 162.56, 317.66, 171.345, 241.02, 96.79, 30.31, 63.965, 126.89, 63.75, 87.7, , , , , 
1/31/2020 9:53:20 AM, 3262, 9113.5, 1634.3, 325.64, 221.9, 162.48, 317.71, 171.3247, 240.975, 96.77, 30.31, 63.95, 126.85, 63.75, 87.7, , , , , 
1/31/2020 9:53:23 AM, 3262, 9113.75, 1634.1, 325.64, 221.86, 162.48, 317.5775, 171.2963, 240.84, 96.77, 30.31, 63.95, 126.85, 63.75, 87.7, , , , , 
1/31/2020 9:53:26 AM, 3262, 9113.5, 1633.8, 325.62, 221.87, 162.42, 317.65, 171.295, 240.79, 96.77, 30.31, 63.9501, 126.86, 63.75, 87.7, , , , , 
1/31/2020 9:53:29 AM, 3261.5, 9112.25, 1633.6, 325.62, 221.84, 162.42, 317.6494, 171.295, 240.82, 96.77, 30.31, 63.9501, 126.86, 63.75, 87.7, , , , , 
1/31/2020 9:53:32 AM, 3261.5, 9111.75, 1633.4, 325.59, 221.83, 162.39, 317.6057, 171.325, 240.67, 96.75, 30.3, 63.95, 126.84, 63.75, 87.685, , , , , 
1/31/2020 9:53:35 AM, 3261.5, 9113, 1633.2, 325.59, 221.83, 162.39, 317.7099, 171.35, 240.67, 96.75, 30.3, 63.95, 126.84, 63.75, 87.685, , , , , 
1/31/2020 9:53:38 AM, 3261, 9112, 1632.8, 325.51, 221.84, 162.31, 317.63, 171.37, 240.69, 96.73, 30.295, 63.94, 126.83, 63.75, 87.68, , , , , 
1/31/2020 9:53:41 AM, 3260.5, 9109.75, 1632.6, 325.51, 221.77, 162.31, 317.56, 171.3, 240.66, 96.73, 30.295, 63.94, 126.83, 63.75, 87.68, , , , , 
1/31/2020 9:53:45 AM, 3260.5, 9109.5, 1632.7, 325.52, 221.76, 162.315, 317.545, 171.31, 240.5, 96.72, 30.295, 63.93, 126.82, 63.75, 87.685, , , , , 
1/31/2020 9:53:48 AM, 3260.75, 9109.5, 1632.9, 325.52, 221.76, 162.315, 317.4372, 171.3305, 240.55, 96.72, 30.295, 63.93, 126.82, 63.75, 87.685, , , , , 
1/31/2020 9:53:51 AM, 3260, 9107.25, 1631.9, 325.45, 221.7, 162.25, 317.33, 171.3, 240.42, 96.705, 30.295, 63.94, 126.83, 63.75, 87.685, , , , , 
1/31/2020 9:53:54 AM, 3260.25, 9107.25, 1632, 325.49, 221.73, 162.26, 317.32, 171.2849, 240.51, 96.6945, 30.2941, 63.945, 126.84, 63.75, 87.685, , , , , 
1/31/2020 9:53:57 AM, 3260.25, 9108, 1631.9, 325.5, 221.73, 162.26, 317.32, 171.2849, 240.51, 96.7, 30.29, 63.95, 126.85, 63.75, 87.685, , , , , 
1/31/2020 9:54:00 AM, 3261, 9110.5, 1632.2, 325.57, 221.78, 162.315, 317.415, 171.35, 240.7147, 96.7147, 30.3, 63.95, 126.87, 63.75, 87.685, , , , , 
1/31/2020 9:54:03 AM, 3260.25, 9107.75, 1632.2, 325.5, 221.78, 162.31, 317.415, 171.35, 240.7147, 96.69, 30.3, 63.95, 126.87, 63.75, 87.685, , , , , 
1/31/2020 9:54:06 AM, 3260.5, 9109.75, 1632.8, 325.52, 221.77, 162.35, 317.28, 171.3, 240.7323, 96.7, 30.3, 63.95, 126.89, 63.75, 87.68, , , , , 
1/31/2020 9:54:09 AM, 3260.25, 9108, 1631.9, 325.49, 221.77, 162.29, 317.28, 171.3, 240.7323, 96.6999, 30.3, 63.94, 126.875, 63.75, 87.68, , , , , 
1/31/2020 9:54:12 AM, 3260.25, 9108.75, 1632, 325.49, 221.75, 162.28, 317.35, 171.32, 240.76, 96.68, 30.29, 63.94, 126.88, 63.75, 87.68, , , , , 
1/31/2020 9:54:15 AM, 3260.75, 9110, 1632.2, 325.5121, 221.75, 162.28, 317.35, 171.32, 240.76, 96.7, 30.29, 63.94, 126.89, 63.75, 87.68, , , , , 
1/31/2020 9:54:18 AM, 3260.75, 9110.75, 1632, 325.53, 221.84, 162.27, 317.45, 171.35, 240.87, 96.7096, 30.29, 63.94, 126.89, 63.75, 87.68, , , , , 
1/31/2020 9:54:21 AM, 3261.25, 9113.5, 1632.3, 325.58, 221.84, 162.32, 317.45, 171.35, 240.87, 96.73, 30.29, 63.95, 126.92, 63.75, 87.68, , , , , 
1/31/2020 9:54:24 AM, 3261.25, 9112.5, 1632.3, 325.57, 221.86, 162.32, 317.47, 171.39, 240.835, 96.74, 30.29, 63.95, 126.92, 63.75, 87.68, , , , , 
1/31/2020 9:54:27 AM, 3261.5, 9114.25, 1633.1, 325.6, 221.86, 162.34, 317.47, 171.39, 240.835, 96.74, 30.29, 63.95, 126.91, 63.75, 87.68, , , , , 
1/31/2020 9:54:30 AM, 3261.25, 9112.75, 1631.9, 325.58, 221.84, 162.26, 317.35, 171.4, 240.65, 96.72, 30.2902, 63.96, 126.91, 63.75, 87.6832, , , , , 
1/31/2020 9:54:33 AM, 3261.25, 9112.5, 1631.9, 325.57, 221.84, 162.265, 317.35, 171.4, 240.65, 96.7253, 30.29, 63.95, 126.92, 63.75, 87.6832, , , , , 
1/31/2020 9:54:36 AM, 3261.5, 9113.5, 1631.9, 325.6, 221.89, 162.26, 317.43, 171.39, 240.75, 96.74, 30.29, 63.96, 126.93, 63.75, 87.6832, , , , , 
1/31/2020 9:54:39 AM, 3261.5, 9114.25, 1631.9, 325.58, 221.89, 162.26, 317.43, 171.39, 240.75, 96.74, 30.29, 63.95, 126.94, 63.75, 87.685, , , , , 
1/31/2020 9:54:42 AM, 3261.5, 9114.25, 1632, 325.62, 221.91, 162.27, 317.64, 171.385, 240.65, 96.7466, 30.29, 63.96, 126.945, 63.75, 87.685, , , , , 
1/31/2020 9:54:45 AM, 3261.75, 9115.5, 1632, 325.62, 221.91, 162.26, 317.64, 171.385, 240.65, 96.75, 30.3, 63.96, 126.97, 63.75, 87.685, , , , , 
1/31/2020 9:54:48 AM, 3261.75, 9115.5, 1632, 325.61, 221.9, 162.26, 317.5491, 171.4025, 240.65, 96.75, 30.3, 63.96, 126.96, 63.75, 87.685, , , , , 
1/31/2020 9:54:51 AM, 3261.75, 9115.25, 1632, 325.62, 221.9, 162.265, 317.5491, 171.4025, 240.65, 96.76, 30.3, 63.95, 126.96, 63.75, 87.685, , , , , 
1/31/2020 9:54:54 AM, 3261.5, 9113.5, 1631.9, 325.59, 221.86, 162.25, 317.56, 171.42, 240.65, 96.74, 30.3, 63.94, 126.94, 63.75, 87.685, , , , , 
1/31/2020 9:54:57 AM, 3261.75, 9114.25, 1632.4, 325.58, 221.86, 162.3, 317.56, 171.42, 240.65, 96.74, 30.3, 63.94, 126.93, 63.75, 87.685, , , , , 
1/31/2020 9:55:00 AM, 3261.75, 9113.75, 1632.1, 325.64, 221.86, 162.31, 317.58, 171.44, 240.51, 96.7401, 30.3, 63.95, 126.94, 63.75, 87.685, , , , , 
1/31/2020 9:55:03 AM, 3261.5, 9113.25, 1632.5, 325.61, 221.86, 162.305, 317.58, 171.44, 240.51, 96.74, 30.2944, 63.95, 126.92, 63.75, 87.685, , , , , 
1/31/2020 9:55:06 AM, 3261.5, 9114, 1632.1, 325.61, 221.86, 162.28, 317.58, 171.445, 240.6178, 96.7481, 30.3, 63.95, 126.92, 63.75, 87.69, , , , , 
1/31/2020 9:55:09 AM, 3261.75, 9115.5, 1632.2, 325.64, 221.86, 162.29, 317.58, 171.445, 240.6178, 96.77, 30.3, 63.95, 126.93, 63.75, 87.69, , , , , 
1/31/2020 9:55:12 AM, 3261.75, 9115.75, 1632.3, 325.66, 221.88, 162.34, 317.64, 171.475, 240.59, 96.78, 30.3, 63.95, 126.955, 63.75, 87.69, , , , , 
1/31/2020 9:55:15 AM, 3262.25, 9117, 1632.8, 325.66, 221.945, 162.365, 317.63, 171.52, 240.67, 96.78, 30.3, 63.95, 126.9853, 63.75, 87.69, , , , , 
1/31/2020 9:55:18 AM, 3262.25, 9117, 1633, 325.67, 221.99, 162.42, 317.79, 171.46, 240.65, 96.78, 30.31, 63.945, 126.97, 63.75, 87.69, , , , , 
1/31/2020 9:55:21 AM, 3262.75, 9118.5, 1633.5, 325.67, 221.99, 162.38, 317.79, 171.46, 240.65, 96.79, 30.305, 63.945, 126.96, 63.75, 87.6916, , , , , 
1/31/2020 9:55:24 AM, 3262.25, 9117, 1633.1, 325.67, 221.96, 162.38, 317.8112, 171.42, 240.675, 96.78, 30.305, 63.945, 126.96, 63.75, 87.7, , , , , 
1/31/2020 9:55:27 AM, 3262.25, 9117.75, 1633.2, 325.6846, 221.96, 162.41, 317.8112, 171.42, 240.675, 96.79, 30.3, 63.94, 126.97, 63.75, 87.7, , , , , 
1/31/2020 9:55:30 AM, 3262.5, 9118, 1633.4, 325.695, 221.97, 162.41, 317.858, 171.43, 240.65, 96.785, 30.3, 63.95, 126.97, 63.75, 87.7, , , , , 
1/31/2020 9:55:33 AM, 3262.5, 9118.75, 1633.5, 325.71, 221.97, 162.43, 317.858, 171.43, 240.65, 96.79, 30.3, 63.94, 126.97, 63.75, 87.7, , , , , 
1/31/2020 9:55:36 AM, 3262.75, 9119.25, 1633.8, 325.745, 222.035, 162.48, 317.9499, 171.425, 240.65, 96.79, 30.31, 63.94, 126.98, 63.75, 87.7, , , , , 
1/31/2020 9:55:39 AM, 3263.25, 9120.5, 1634.4, 325.76, 222.035, 162.5, 317.9499, 171.425, 240.65, 96.81, 30.3132, 63.95, 126.99, 63.75, 87.7, , , , , 
1/31/2020 9:55:42 AM, 3263, 9119.75, 1634.1, 325.77, 222.03, 162.48, 317.97, 171.43, 240.65, 96.8, 30.3132, 63.96, 126.98, 63.75, 87.7, , , , , 
1/31/2020 9:55:45 AM, 3263.25, 9120, 1633.9, 325.76, 222.03, 162.47, 317.97, 171.43, 240.65, 96.8, 30.3132, 63.97, 126.98, 63.75, 87.7, , , , , 
1/31/2020 9:55:48 AM, 3263.5, 9120.25, 1634, 325.77, 222.04, 162.46, 317.9452, 171.435, 240.82, 96.8, 30.3132, 63.97, 126.98, 63.75, 87.7, , , , , 
1/31/2020 9:55:51 AM, 3263.5, 9121, 1634, 325.82, 222.04, 162.5, 317.9452, 171.435, 240.82, 96.81, 30.32, 63.97, 127.01, 63.75, 87.7, , , , , 
1/31/2020 9:55:54 AM, 3263.5, 9121, 1634.1, 325.79, 222.0699, 162.48, 317.95, 171.445, 240.8205, 96.81, 30.32, 63.97, 127.02, 63.75, 87.7, , , , , 
1/31/2020 9:55:57 AM, 3263.75, 9122.25, 1634, 325.79, 222.0727, 162.47, 317.9675, 171.435, 241.14, 96.82, 30.32, 63.97, 127.03, 63.75, 87.7, , , , , 
1/31/2020 9:56:00 AM, 3263.5, 9121.5, 1634, 325.83, 222.0853, 162.4817, 318.02, 171.46, 241.05, 96.82, 30.32, 63.975, 127.05, 63.75, 87.705, , , , , 
1/31/2020 9:56:04 AM, 3263.75, 9122.75, 1634.3, 325.8355, 222.0853, 162.51, 318.02, 171.46, 241.05, 96.83, 30.3138, 63.975, 127.05, 63.75, 87.705, , , , , 
1/31/2020 9:56:07 AM, 3263.75, 9121.75, 1634.2, 325.81, 222.04, 162.48, 317.9559, 171.4034, 241.07, 96.81, 30.315, 63.975, 127.02, 63.75, 87.705, , , , , 
1/31/2020 9:56:10 AM, 3263.75, 9121.25, 1634.2, 325.81, 222.04, 162.47, 317.85, 171.4077, 241.1584, 96.81, 30.32, 63.98, 127.03, 63.75, 87.7099, , , , , 
1/31/2020 9:56:13 AM, 3263.75, 9121.25, 1634.2, 325.8, 222, 162.46, 317.85, 171.38, 241.09, 96.81, 30.32, 63.98, 127.04, 63.75, 87.71, , , , , 
1/31/2020 9:56:16 AM, 3263.5, 9120.25, 1634.4, 325.81, 222.03, 162.4799, 317.85, 171.39, 241.09, 96.8, 30.32, 63.97, 127.03, 63.75, 87.71, , , , , 
1/31/2020 9:56:19 AM, 3263.5, 9120.25, 1634.4, 325.83, 222.02, 162.51, 317.87, 171.39, 241.105, 96.81, 30.32, 63.97, 127.04, 63.75, 87.71, , , , , 
1/31/2020 9:56:22 AM, 3264, 9120.75, 1634.1, 325.84, 222.03, 162.5, 317.98, 171.41, 241.1135, 96.81, 30.325, 63.98, 127.03, 63.75, 87.71, , , , , 
1/31/2020 9:56:25 AM, 3264, 9120.75, 1634.1, 325.86, 222.07, 162.49, 317.9971, 171.395, 241.1031, 96.81, 30.33, 63.99, 127.02, 63.75, 87.71, , , , , 
1/31/2020 9:56:28 AM, 3264, 9120.75, 1634.4, 325.8753, 222.05, 162.54, 317.98, 171.38, 241.1182, 96.82, 30.33, 63.99, 127.03, 63.75, 87.71, , , , , 
1/31/2020 9:56:31 AM, 3264, 9120.75, 1634.4, 325.85, 222.05, 162.51, 317.985, 171.395, 241.0814, 96.82, 30.325, 63.99, 127.03, 63.75, 87.71, , , , , 
1/31/2020 9:56:34 AM, 3263.5, 9120, 1634, 325.81, 222.02, 162.51, 317.86, 171.39, 241, 96.81, 30.325, 63.99, 127.01, 63.75, 87.71, , , , , 
1/31/2020 9:56:37 AM, 3263.5, 9120, 1634, 325.83, 222.06, 162.48, 318.02, 171.445, 241.11, 96.82, 30.32, 63.98, 127.02, 63.75, 87.71, , , , , 
1/31/2020 9:56:40 AM, 3264, 9122, 1634.1, 325.83, 222.04, 162.47, 318.02, 171.4499, 241.1199, 96.83, 30.32, 63.97, 127.02, 63.75, 87.715, , , , , 
1/31/2020 9:56:43 AM, 3264, 9122, 1634.1, 325.845, 222.06, 162.47, 318.04, 171.445, 241.145, 96.825, 30.32, 63.97, 127.0136, 63.75, 87.715, , , , , 
1/31/2020 9:56:46 AM, 3263.75, 9120.75, 1633.9, 325.82, 222.04, 162.46, 317.98, 171.395, 241.12, 96.82, 30.32, 63.97, 127.0136, 63.75, 87.715, , , , , 
1/31/2020 9:56:49 AM, 3263.75, 9120.75, 1633.9, 325.78, 222.01, 162.41, 317.8762, 171.42, 241.1, 96.81, 30.31, 63.975, 127.01, 63.75, 87.71, , , , , 
1/31/2020 9:56:52 AM, 3262.75, 9119.5, 1633.5, 325.78, 222.0023, 162.45, 317.84, 171.4061, 241.1, 96.81, 30.31, 63.975, 127.01, 63.75, 87.71, , , , , 
1/31/2020 9:56:55 AM, 3262.75, 9119.5, 1633.5, 325.75, 222.0023, 162.4, 317.84, 171.4061, 241.1, 96.8, 30.31, 63.98, 126.98, 63.75, 87.71, , , , , 
1/31/2020 9:56:58 AM, 3263.25, 9120.75, 1633.3, 325.7599, 222.03, 162.4, 317.88, 171.4, 241.0198, 96.8, 30.31, 63.98, 126.98, 63.75, 87.71, , , , , 
1/31/2020 9:57:01 AM, 3263.25, 9120.75, 1633.3, 325.81, 222.03, 162.43, 317.88, 171.4, 241.0198, 96.82, 30.31, 63.98, 127, 63.75, 87.71, , , , , 
1/31/2020 9:57:04 AM, 3263.5, 9121, 1633.3, 325.795, 222.02, 162.4, 317.9158, 171.37, 241.09, 96.82, 30.315, 63.98, 127, 63.75, 87.71, , , , , 
1/31/2020 9:57:07 AM, 3263.5, 9121, 1633.3, 325.8, 222.04, 162.4, 317.96, 171.39, 241.09, 96.81, 30.315, 63.985, 126.995, 63.75, 87.71, , , , , 
1/31/2020 9:57:10 AM, 3263.75, 9121.5, 1633.6, 325.81, 222.06, 162.42, 317.97, 171.4, 241.09, 96.8221, 30.3131, 63.99, 126.995, 63.75, 87.71, , , , , 
1/31/2020 9:57:13 AM, 3263.75, 9121.5, 1633.6, 325.8, 222.03, 162.42, 317.96, 171.44, 241.07, 96.83, 30.3168, 63.99, 126.985, 63.75, 87.71, , , , , 
1/31/2020 9:57:16 AM, 3263.75, 9121.75, 1633.6, 325.825, 222.06, 162.4, 317.95, 171.45, 241.1, 96.8399, 30.3168, 63.985, 126.985, 63.75, 87.71, , , , , 
1/31/2020 9:57:19 AM, 3263.75, 9121.75, 1633.6, 325.82, 222.0495, 162.42, 317.93, 171.41, 241.1, 96.84, 30.31, 63.99, 126.99, 63.75, 87.715, , , , , 
1/31/2020 9:57:22 AM, 3264, 9122.75, 1633.7, 325.8201, 222.08, 162.42, 317.97, 171.42, 241.1616, 96.83, 30.31, 64, 127, 63.75, 87.715, , , , , 
1/31/2020 9:57:25 AM, 3264, 9122.75, 1633.7, 325.85, 222.1, 162.44, 317.995, 171.4447, 241.1, 96.85, 30.31, 64, 127.01, 63.75, 87.715, , , , , 
1/31/2020 9:57:28 AM, 3264, 9123, 1634, 325.88, 222.09, 162.48, 317.99, 171.425, 241.19, 96.86, 30.31, 64.005, 127.02, 63.75, 87.72, , , , , 
1/31/2020 9:57:31 AM, 3264, 9123, 1634, 325.853, 222.08, 162.456, 317.9887, 171.4, 241.1521, 96.85, 30.315, 64, 127.01, 63.75, 87.72, , , , , 
1/31/2020 9:57:34 AM, 3264, 9123.75, 1634.3, 325.85, 222.1, 162.485, 317.99, 171.395, 241.14, 96.8553, 30.315, 64.005, 127.024, 63.75, 87.71, , , , , 
1/31/2020 9:57:37 AM, 3264, 9123.75, 1634.3, 325.865, 222.1, 162.5, 317.99, 171.395, 241.14, 96.85, 30.31, 64.01, 127.03, 63.75, 87.71, , , , , 
1/31/2020 9:57:40 AM, 3264.75, 9125.75, 1634.5, 325.8904, 222.15, 162.5, 318.0831, 171.38, 241.145, 96.86, 30.31, 64.015, 127.04, 63.75, 87.71, , , , , 
1/31/2020 9:57:43 AM, 3264.75, 9125.75, 1634.5, 325.91, 222.13, 162.516, 318.0946, 171.39, 241.09, 96.87, 30.315, 64.02, 127.04, 63.75, 87.72, , , , , 
1/31/2020 9:57:46 AM, 3264.5, 9124.25, 1634.4, 325.9, 222.13, 162.49, 318.07, 171.3835, 241.09, 96.87, 30.315, 64.025, 127.04, 63.75, 87.72, , , , , 
1/31/2020 9:57:49 AM, 3264.5, 9124.25, 1634.4, 325.91, 222.175, 162.52, 318.08, 171.41, 241.125, 96.87, 30.315, 64.03, 127.04, 63.75, 87.72, , , , , 
1/31/2020 9:57:52 AM, 3264.5, 9125, 1634.1, 325.93, 222.17, 162.52, 317.9788, 171.39, 241.1324, 96.865, 30.315, 64.01, 127.04, 63.75, 87.72, , , , , 
1/31/2020 9:57:55 AM, 3264.5, 9125, 1634.1, 325.9, 222.16, 162.5, 318.0375, 171.4, 241.1, 96.8566, 30.315, 64.01, 127.04, 63.75, 87.72, , , , , 
1/31/2020 9:57:59 AM, 3265, 9126.75, 1634.6, 325.935, 222.19, 162.51, 318.08, 171.42, 241.13, 96.875, 30.315, 64.01, 127.05, 63.75, 87.72, , , , , 
1/31/2020 9:58:02 AM, 3265, 9126.75, 1634.6, 325.9477, 222.19, 162.52, 318.07, 171.45, 241.145, 96.8701, 30.315, 64.01, 127.07, 63.75, 87.715, , , , , 
1/31/2020 9:58:05 AM, 3264.75, 9126.25, 1634.7, 325.96, 222.1825, 162.54, 318.06, 171.43, 241.14, 96.895, 30.315, 64.008, 127.06, 63.75, 87.715, , , , , 
1/31/2020 9:58:08 AM, 3265, 9127.25, 1634.8, 325.94, 222.19, 162.54, 318.06, 171.415, 241.08, 96.8994, 30.32, 64, 127.05, 63.75, 87.725, , , , , 
1/31/2020 9:58:11 AM, 3264.75, 9127.25, 1634.8, 325.94, 222.19, 162.54, 317.99, 171.419, 241.08, 96.8994, 30.32, 64, 127.05, 63.75, 87.725, , , , , 
1/31/2020 9:58:14 AM, 3265.5, 9128.25, 1635.1, 325.98, 222.215, 162.575, 317.96, 171.42, 241.17, 96.9, 30.32, 64, 127.08, 63.75, 87.7234, , , , , 
1/31/2020 9:58:17 AM, 3265.5, 9129.5, 1635.1, 325.98, 222.24, 162.575, 318.02, 171.46, 241.17, 96.9, 30.32, 64, 127.08, 63.75, 87.7234, , , , , 
1/31/2020 9:58:20 AM, 3265.5, 9128.5, 1634.9, 325.98, 222.22, 162.55, 318, 171.45, 241.0805, 96.9, 30.315, 64.015, 127.09, 63.75, 87.725, , , , , 
1/31/2020 9:58:23 AM, 3265.5, 9127.25, 1634.7, 325.98, 222.21, 162.55, 318, 171.44, 241.1, 96.9, 30.315, 64.015, 127.09, 63.75, 87.725, , , , , 
1/31/2020 9:58:26 AM, 3265.5, 9127, 1634.8, 325.98, 222.19, 162.56, 317.975, 171.45, 241.07, 96.88, 30.32, 64.03, 127.0843, 63.75, 87.725, , , , , 
1/31/2020 9:58:29 AM, 3265.5, 9126.25, 1635, 325.98, 222.1833, 162.56, 317.82, 171.45, 241.07, 96.88, 30.32, 64.03, 127.0843, 63.75, 87.725, , , , , 
1/31/2020 9:58:32 AM, 3265.5, 9126.75, 1634.8, 326, 222.18, 162.56, 317.78, 171.445, 241.1, 96.9, 30.32, 64.04, 127.0875, 63.75, 87.725, , , , , 
1/31/2020 9:58:35 AM, 3265.5, 9126.75, 1634.8, 326, 222.21, 162.56, 317.96, 171.5, 241.1725, 96.9, 30.32, 64.04, 127.0875, 63.75, 87.725, , , , , 
1/31/2020 9:58:38 AM, 3266.5, 9129.75, 1635.5, 326.08, 222.24, 162.59, 318.04, 171.53, 241.3, 96.93, 30.32, 64.05, 127.115, 63.75, 87.73, , , , , 
1/31/2020 9:58:41 AM, 3266.5, 9129.75, 1635.5, 326.08, 222.25, 162.59, 318.03, 171.5468, 241.327, 96.93, 30.32, 64.05, 127.115, 63.75, 87.73, , , , , 
1/31/2020 9:58:44 AM, 3267, 9131.75, 1635.7, 326.17, 222.28, 162.65, 318.1, 171.56, 241.4356, 96.96, 30.34, 64.06, 127.15, 63.75, 87.73, , , , , 
1/31/2020 9:58:47 AM, 3267, 9131, 1635.7, 326.17, 222.29, 162.65, 318.12, 171.585, 241.49, 96.96, 30.34, 64.06, 127.15, 63.75, 87.73, , , , , 
1/31/2020 9:58:50 AM, 3267, 9130.5, 1635.7, 326.14, 222.29, 162.645, 318.1151, 171.62, 241.385, 96.9639, 30.335, 64.06, 127.145, 63.75, 87.73, , , , , 
1/31/2020 9:58:53 AM, 3267, 9130, 1635.7, 326.14, 222.3, 162.645, 318.055, 171.68, 241.3889, 96.9639, 30.335, 64.06, 127.145, 63.75, 87.73, , , , , 
1/31/2020 9:58:56 AM, 3267, 9130.25, 1635.6, 326.134, 222.28, 162.625, 318.03, 171.675, 241.31, 96.96, 30.33, 64.0659, 127.14, 63.75, 87.74, , , , , 
1/31/2020 9:58:59 AM, 3266.75, 9129, 1635.2, 326.134, 222.25, 162.625, 318.08, 171.6614, 241.31, 96.96, 30.33, 64.0659, 127.14, 63.75, 87.74, , , , , 
1/31/2020 9:59:02 AM, 3266.25, 9128.25, 1635.2, 326.105, 222.24, 162.5801, 318.04, 171.65, 241.31, 96.955, 30.325, 64.065, 127.12, 63.75, 87.74, , , , , 
1/31/2020 9:59:05 AM, 3266.25, 9128.5, 1635.1, 326.1, 222.24, 162.59, 318.065, 171.67, 241.3, 96.955, 30.325, 64.065, 127.13, 63.75, 87.74, , , , , 
1/31/2020 9:59:08 AM, 3266, 9127.75, 1635, 326.05, 222.21, 162.58, 317.9935, 171.65, 241.11, 96.95, 30.325, 64.075, 127.1, 63.75, 87.735, , , , , 
1/31/2020 9:59:11 AM, 3266.25, 9128.25, 1635.2, 326.05, 222.22, 162.58, 318.02, 171.7047, 241.11, 96.95, 30.325, 64.075, 127.1, 63.75, 87.735, , , , , 
1/31/2020 9:59:14 AM, 3266.25, 9129, 1635.3, 326.06, 222.2347, 162.59, 318.025, 171.72, 241.14, 96.96, 30.32, 64.07, 127.1, 63.75, 87.735, , , , , 
1/31/2020 9:59:17 AM, 3266.5, 9129.75, 1635.5, 326.06, 222.25, 162.59, 318.05, 171.715, 241.12, 96.96, 30.32, 64.07, 127.1, 63.75, 87.735, , , , , 
1/31/2020 9:59:20 AM, 3266.5, 9129.75, 1635.5, 326.09, 222.26, 162.63, 318.02, 171.7025, 241.1, 96.97, 30.33, 64.05, 127.125, 63.75, 87.74, , , , , 
1/31/2020 9:59:23 AM, 3266.75, 9130.75, 1635.8, 326.09, 222.28, 162.63, 318.08, 171.71, 241.17, 96.97, 30.33, 64.05, 127.125, 63.75, 87.74, , , , , 
1/31/2020 9:59:26 AM, 3266.5, 9130, 1635.4, 326.09, 222.28, 162.62, 318.11, 171.68, 241.23, 96.98, 30.33, 64.05, 127.13, 63.75, 87.74, , , , , 
1/31/2020 9:59:29 AM, 3266.5, 9130.5, 1635.5, 326.09, 222.29, 162.62, 318.18, 171.7, 241.35, 96.98, 30.33, 64.05, 127.13, 63.75, 87.74, , , , , 
1/31/2020 9:59:32 AM, 3266.75, 9131.75, 1635.6, 326.1, 222.295, 162.62, 318.27, 171.68, 241.3229, 97, 30.3279, 64.05, 127.12, 63.75, 87.735, , , , , 
1/31/2020 9:59:35 AM, 3266.75, 9130.25, 1635.5, 326.1, 222.2995, 162.62, 318.363, 171.7002, 241.3173, 97, 30.3279, 64.05, 127.12, 63.75, 87.735, , , , , 
1/31/2020 9:59:38 AM, 3266.5, 9129.75, 1635.3, 326.095, 222.26, 162.59, 318.32, 171.7078, 241.27, 96.99, 30.32, 64.06, 127.105, 63.75, 87.74, , , , , 
1/31/2020 9:59:41 AM, 3266.75, 9130.5, 1635.6, 326.095, 222.26, 162.59, 318.4, 171.73, 241.3, 96.99, 30.32, 64.06, 127.105, 63.75, 87.74, , , , , 
1/31/2020 9:59:44 AM, 3266.75, 9130.25, 1635.7, 326.12, 222.27, 162.63, 318.4212, 171.76, 241.2316, 97, 30.335, 64.06, 127.11, 63.75, 87.74, , , , , 
1/31/2020 9:59:47 AM, 3266.5, 9129.25, 1635.6, 326.12, 222.27, 162.63, 318.38, 171.74, 241.2316, 97, 30.335, 64.06, 127.11, 63.75, 87.74, , , , , 
1/31/2020 9:59:51 AM, 3266.5, 9129.25, 1635.5, 326.08, 222.272, 162.605, 318.44, 171.7306, 241.2316, 96.9866, 30.32, 64.06, 127.12, 63.75, 87.735, , , , , 
1/31/2020 9:59:54 AM, 3266.25, 9128.5, 1635.3, 326.08, 222.24, 162.605, 318.42, 171.7247, 241.307, 96.9866, 30.32, 64.06, 127.12, 63.75, 87.735, , , , , 
1/31/2020 9:59:57 AM, 3265.75, 9125.75, 1635, 326.0101, 222.2, 162.6, 318.37, 171.7, 241.21, 96.96, 30.315, 64.05, 127.105, 63.75, 87.735, , , , , 
1/31/2020 10:00:00 AM, 3266.25, 9129.25, 1635.7, 326.04, 222.22, 162.63, 318.36, 171.71, 241.4399, 96.995, 30.32, 64.05, 127.135, 63.75, 87.735, , , , , 
1/31/2020 10:00:03 AM, 3265.75, 9127.25, 1635.4, 325.97, 222.22, 162.55, 318.36, 171.71, 241.4399, 96.95, 30.32, 64.04, 127.1, 63.75, 87.735, , , , , 
1/31/2020 10:00:06 AM, 3265, 9123, 1634.7, 325.96, 222.17, 162.54, 318.313, 171.6, 241.295, 96.93, 30.31, 64.04, 127.105, 63.75, 87.735, , , , , 
1/31/2020 10:00:09 AM, 3265.75, 9126, 1635.4, 325.99, 222.17, 162.6, 318.313, 171.6, 241.295, 96.95, 30.32, 64.04, 127.13, 63.75, 87.73, , , , , 
1/31/2020 10:00:12 AM, 3265, 9124.5, 1635.1, 325.95, 222.07, 162.5731, 318.2516, 171.54, 241.08, 96.92, 30.315, 64.03, 127.1, 63.75, 87.73, , , , , 
1/31/2020 10:00:15 AM, 3264.75, 9121.5, 1634.5, 325.8901, 222.07, 162.53, 318.2516, 171.54, 241.08, 96.89, 30.305, 64.05, 127.04, 63.75, 87.735, , , , , 
1/31/2020 10:00:18 AM, 3264.75, 9122.25, 1634.4, 325.91, 222.09, 162.5, 318.32, 171.52, 241.0001, 96.905, 30.3079, 64.045, 127.075, 63.75, 87.735, , , , , 
1/31/2020 10:00:21 AM, 3264.75, 9122.75, 1634.5, 325.92, 222.09, 162.51, 318.32, 171.52, 241.0001, 96.905, 30.305, 64.04, 127.065, 63.75, 87.735, , , , , 
1/31/2020 10:00:24 AM, 3264.25, 9122.5, 1634.5, 325.88, 222.0571, 162.52, 318.16, 171.44, 241.11, 96.89, 30.3, 64.0399, 127.07, 63.75, 87.735, , , , , 
1/31/2020 10:00:27 AM, 3264, 9121.25, 1634.2, 325.85, 222.0571, 162.4843, 318.16, 171.44, 241.11, 96.87, 30.295, 64.0399, 127.05, 63.75, 87.735, , , , , 
1/31/2020 10:00:30 AM, 3263.75, 9120.5, 1634.2, 325.855, 222.07, 162.49, 318.11, 171.41, 241.025, 96.869, 30.295, 64.035, 127.05, 63.75, 87.73, , , , , 
1/31/2020 10:00:33 AM, 3264.25, 9122, 1634.4, 325.91, 222.07, 162.51, 318.11, 171.41, 241.025, 96.87, 30.305, 64.05, 127.08, 63.75, 87.73, , , , , 
1/31/2020 10:00:36 AM, 3264.75, 9123.5, 1634.7, 325.91, 222.04, 162.52, 318.1, 171.38, 241.0288, 96.89, 30.305, 64.045, 127.08, 63.75, 87.73, , , , , 
1/31/2020 10:00:39 AM, 3264, 9121.5, 1634.2, 325.85, 222.04, 162.47, 318.1, 171.38, 241.0288, 96.8553, 30.3, 64.03, 127.06, 63.75, 87.73, , , , , 
1/31/2020 10:00:42 AM, 3263.75, 9120.5, 1633.8, 325.83, 222.04, 162.44, 317.9879, 171.38, 241.02, 96.85, 30.295, 64.04, 127.06, 63.75, 87.725, , , , , 
1/31/2020 10:00:45 AM, 3263.75, 9121, 1633.8, 325.84, 222.04, 162.44, 317.9879, 171.38, 241.02, 96.84, 30.295, 64.02, 127.06, 63.75, 87.725, , , , , 
1/31/2020 10:00:48 AM, 3264.25, 9122, 1634.1, 325.87, 222.05, 162.49, 318.04, 171.385, 241.02, 96.86, 30.3, 64.02, 127.09, 63.75, 87.725, , , , , 
1/31/2020 10:00:51 AM, 3263.75, 9120.5, 1634, 325.82, 222.05, 162.46, 318.04, 171.385, 241.02, 96.84, 30.295, 64.02, 127.05, 63.75, 87.725, , , , , 
1/31/2020 10:00:54 AM, 3263.75, 9120, 1634, 325.86, 222.06, 162.48, 318.1, 171.39, 240.82, 96.84, 30.3, 64.02, 127.05, 63.75, 87.725, , , , , 
1/31/2020 10:00:57 AM, 3264.25, 9121.75, 1634.2, 325.87, 222.06, 162.49, 318.1, 171.39, 240.82, 96.85, 30.3, 64.02, 127.07, 63.75, 87.725, , , , , 
1/31/2020 10:01:00 AM, 3264.25, 9122, 1634.1, 325.88, 222.02, 162.47, 317.96, 171.38, 240.81, 96.86, 30.305, 64.02, 127.0847, 63.75, 87.725, , , , , 
1/31/2020 10:01:03 AM, 3263.25, 9118.5, 1633.5, 325.8, 222.02, 162.41, 317.96, 171.38, 240.81, 96.82, 30.3, 64.02, 127.05, 63.75, 87.725, , , , , 
1/31/2020 10:01:06 AM, 3263.25, 9119, 1633.4, 325.7466, 221.97, 162.4, 317.865, 171.3634, 240.73, 96.815, 30.3, 64.02, 127.03, 63.75, 87.72, , , , , 
1/31/2020 10:01:09 AM, 3263, 9117.5, 1633.1, 325.76, 221.97, 162.39, 317.865, 171.3634, 240.73, 96.82, 30.3, 64.03, 127.03, 63.75, 87.725, , , , , 
1/31/2020 10:01:12 AM, 3263, 9117.75, 1633.1, 325.74, 221.97, 162.36, 317.814, 171.38, 240.673, 96.82, 30.3, 64.025, 127.025, 63.75, 87.725, , , , , 
1/31/2020 10:01:15 AM, 3262.75, 9118.5, 1632.8, 325.7523, 221.97, 162.36, 317.814, 171.38, 240.673, 96.83, 30.3, 64.02, 127.025, 63.75, 87.725, , , , , 
1/31/2020 10:01:18 AM, 3263.75, 9121.25, 1633.3, 325.84, 222.06, 162.4, 318.02, 171.46, 240.77, 96.85, 30.31, 64.03, 127.06, 63.75, 87.725, , , , , 
1/31/2020 10:01:21 AM, 3263.5, 9121.25, 1633.2, 325.81, 222.06, 162.4, 318.02, 171.46, 240.77, 96.86, 30.31, 64.03, 127.06, 63.75, 87.725, , , , , 
1/31/2020 10:01:24 AM, 3263.25, 9121, 1633.2, 325.792, 222.06, 162.38, 318.02, 171.4899, 240.84, 96.86, 30.305, 64.02, 127.065, 63.75, 87.725, , , , , 
1/31/2020 10:01:27 AM, 3263.75, 9123, 1633.4, 325.825, 222.06, 162.43, 318.02, 171.4899, 240.84, 96.87, 30.31, 64.02, 127.07, 63.75, 87.725, , , , , 
1/31/2020 10:01:30 AM, 3263.75, 9121.5, 1633.8, 325.79, 222.06, 162.41, 317.995, 171.49, 240.88, 96.87, 30.31, 64.02, 127.05, 63.75, 87.725, , , , , 
1/31/2020 10:01:33 AM, 3263.25, 9120.75, 1633.6, 325.785, 222.06, 162.415, 317.995, 171.49, 240.88, 96.87, 30.31, 64.02, 127.04, 63.75, 87.725, , , , , 
1/31/2020 10:01:36 AM, 3262.5, 9118.25, 1632.9, 325.7, 221.95, 162.35, 317.83, 171.4, 240.64, 96.82, 30.29, 64, 127.03, 63.75, 87.725, , , , , 
1/31/2020 10:01:39 AM, 3262, 9116.5, 1632.7, 325.66, 221.95, 162.345, 317.83, 171.4, 240.64, 96.81, 30.29, 64, 127, 63.75, 87.72, , , , , 
1/31/2020 10:01:42 AM, 3262, 9116.25, 1632.7, 325.66, 221.935, 162.34, 317.845, 171.38, 240.59, 96.8, 30.29, 64, 127, 63.75, 87.72, , , , , 
1/31/2020 10:01:45 AM, 3262, 9116.75, 1632.6, 325.68, 221.935, 162.31, 317.845, 171.38, 240.59, 96.81, 30.29, 64, 127.02, 63.75, 87.72, , , , , 
1/31/2020 10:01:48 AM, 3262.5, 9118.25, 1632.4, 325.74, 222, 162.35, 317.97, 171.475, 240.75, 96.84, 30.295, 64, 127.02, 63.75, 87.72, , , , , 
1/31/2020 10:01:51 AM, 3263, 9120.25, 1632.4, 325.81, 222, 162.35, 317.97, 171.475, 240.75, 96.87, 30.305, 64.01, 127.05, 63.75, 87.72, , , , , 
1/31/2020 10:01:54 AM, 3263.75, 9121.75, 1633, 325.83, 222.05, 162.37, 318.0699, 171.54, 240.9, 96.88, 30.31, 64.0189, 127.06, 63.75, 87.72, , , , , 
1/31/2020 10:01:57 AM, 3263.25, 9120.75, 1632.9, 325.79, 222.05, 162.36, 318.0699, 171.54, 240.9, 96.875, 30.3087, 64.01, 127.04, 63.75, 87.72, , , , , 
1/31/2020 10:02:01 AM, 3263.5, 9121, 1632.8, 325.8, 222.0301, 162.34, 318.03, 171.51, 240.835, 96.88, 30.31, 64.01, 127.04, 63.75, 87.72, , , , , 
1/31/2020 10:02:04 AM, 3263.5, 9120.25, 1632.9, 325.8, 222.0301, 162.37, 318.03, 171.51, 240.835, 96.87, 30.31, 64, 127.035, 63.75, 87.725, , , , , 
1/31/2020 10:02:07 AM, 3263.5, 9120, 1632.9, 325.8, 221.98, 162.36, 317.93, 171.45, 240.74, 96.87, 30.31, 64, 127.04, 63.75, 87.72, , , , , 
1/31/2020 10:02:10 AM, 3262.75, 9118, 1632.4, 325.72, 221.97, 162.3, 317.9357, 171.45, 240.71, 96.84, 30.3, 64, 127.01, 63.75, 87.725, , , , , 
1/31/2020 10:02:13 AM, 3262.5, 9117.75, 1632.4, 325.68, 221.94, 162.3, 317.89, 171.43, 240.71, 96.84, 30.3, 64, 127.01, 63.75, 87.725, , , , , 
1/31/2020 10:02:16 AM, 3262.25, 9118, 1632.3, 325.715, 221.98, 162.316, 317.93, 171.454, 240.705, 96.835, 30.3, 63.9963, 127.03, 63.75, 87.725, , , , , 
1/31/2020 10:02:19 AM, 3262.25, 9118, 1632.3, 325.6933, 221.95, 162.28, 317.9, 171.434, 240.6141, 96.83, 30.3, 63.99, 127.02, 63.75, 87.725, , , , , 
1/31/2020 10:02:22 AM, 3262.25, 9118.25, 1632.4, 325.71, 221.98, 162.31, 317.96, 171.44, 240.67, 96.82, 30.3, 63.99, 127.025, 63.75, 87.725, , , , , 
1/31/2020 10:02:25 AM, 3262.25, 9118.25, 1632.4, 325.64, 221.935, 162.26, 317.96, 171.41, 240.505, 96.82, 30.29, 63.99, 127.01, 63.75, 87.7201, , , , , 
1/31/2020 10:02:28 AM, 3261.75, 9116, 1632, 325.65, 221.93, 162.27, 317.95, 171.41, 240.44, 96.82, 30.29, 63.98, 127.01, 63.75, 87.7201, , , , , 
1/31/2020 10:02:31 AM, 3261.75, 9116, 1632, 325.63, 221.905, 162.24, 317.865, 171.395, 240.5, 96.81, 30.29, 63.97, 127.01, 63.75, 87.72, , , , , 
1/31/2020 10:02:34 AM, 3261.5, 9115, 1631.7, 325.6, 221.8766, 162.22, 317.7825, 171.37, 240.47, 96.8, 30.29, 63.97, 127.01, 63.75, 87.715, , , , , 
1/31/2020 10:02:37 AM, 3261.5, 9115, 1631.7, 325.58, 221.87, 162.23, 317.73, 171.35, 240.46, 96.79, 30.285, 63.96, 127.01, 63.75, 87.715, , , , , 
1/31/2020 10:02:40 AM, 3261.25, 9112.75, 1631.3, 325.59, 221.855, 162.21, 317.8085, 171.3195, 240.4, 96.77, 30.29, 63.96, 127.01, 63.75, 87.705, , , , , 
1/31/2020 10:02:43 AM, 3261.25, 9112.75, 1631.3, 325.56, 221.83, 162.2, 317.7113, 171.3, 240.31, 96.7666, 30.29, 63.96, 127.01, 63.75, 87.705, , , , , 
1/31/2020 10:02:46 AM, 3260.75, 9112, 1631.3, 325.535, 221.83, 162.19, 317.7, 171.27, 240.37, 96.7689, 30.29, 63.96, 127.0195, 63.75, 87.705, , , , , 
1/31/2020 10:02:49 AM, 3260.75, 9112, 1631.3, 325.54, 221.8111, 162.19, 317.735, 171.28, 240.37, 96.76, 30.285, 63.96, 127.01, 63.75, 87.705, , , , , 
1/31/2020 10:02:52 AM, 3262, 9115, 1632.1, 325.61, 221.915, 162.23, 317.84, 171.34, 240.5, 96.78, 30.29, 63.96, 127.02, 63.75, 87.705, , , , , 
1/31/2020 10:02:55 AM, 3262, 9115, 1632.1, 325.64, 221.9, 162.275, 317.8, 171.35, 240.4589, 96.79, 30.295, 63.97, 127.04, 63.75, 87.71, , , , , 
1/31/2020 10:02:58 AM, 3261, 9112.75, 1631.6, 325.605, 221.865, 162.26, 317.64, 171.325, 240.44, 96.78, 30.29, 63.97, 127.04, 63.75, 87.7, , , , , 
1/31/2020 10:03:01 AM, 3261, 9112.75, 1631.6, 325.565, 221.835, 162.24, 317.57, 171.325, 240.42, 96.751, 30.29, 63.97, 127.03, 63.75, 87.705, , , , , 
1/31/2020 10:03:04 AM, 3261.25, 9111.5, 1631.8, 325.54, 221.78, 162.22, 317.5312, 171.3, 240.39, 96.73, 30.2895, 63.97, 127.01, 63.75, 87.705, , , , , 
1/31/2020 10:03:07 AM, 3261.25, 9111.5, 1631.8, 325.57, 221.84, 162.25, 317.63, 171.319, 240.36, 96.73, 30.29, 63.98, 127, 63.75, 87.705, , , , , 
1/31/2020 10:03:10 AM, 3261.5, 9113, 1632.1, 325.59, 221.85, 162.28, 317.62, 171.321, 240.3871, 96.7413, 30.29, 63.98, 127.01, 63.75, 87.705, , , , , 
1/31/2020 10:03:13 AM, 3261.5, 9113, 1632.1, 325.61, 221.87, 162.28, 317.6571, 171.3203, 240.3871, 96.76, 30.3, 63.98, 127.02, 63.75, 87.705, , , , , 
1/31/2020 10:03:16 AM, 3262.5, 9115.5, 1632.9, 325.66, 221.9, 162.32, 317.75, 171.34, 240.5, 96.76, 30.3, 63.99, 127.03, 63.75, 87.705, , , , , 
1/31/2020 10:03:19 AM, 3262.5, 9115.5, 1632.9, 325.69, 221.88, 162.34, 317.71, 171.35, 240.59, 96.79, 30.31, 63.99, 127.05, 63.75, 87.705, , , , , 
1/31/2020 10:03:22 AM, 3261.5, 9112.75, 1632.2, 325.65, 221.82, 162.3, 317.5861, 171.305, 240.5, 96.76, 30.295, 63.99, 127.05, 63.75, 87.705, , , , , 
1/31/2020 10:03:25 AM, 3261.5, 9112.75, 1632.2, 325.6, 221.84, 162.28, 317.6, 171.315, 240.5, 96.75, 30.29, 63.99, 127.05, 63.75, 87.705, , , , , 
1/31/2020 10:03:28 AM, 3262, 9115.25, 1632.6, 325.62, 221.9, 162.27, 317.68, 171.35, 240.5, 96.74, 30.285, 63.99, 127.02, 63.75, 87.705, , , , , 
1/31/2020 10:03:31 AM, 3262, 9115.25, 1632.6, 325.59, 221.84, 162.28, 317.59, 171.315, 240.41, 96.75, 30.29, 63.99, 127.03, 63.75, 87.705, , , , , 
1/31/2020 10:03:34 AM, 3261, 9111.5, 1632.1, 325.595, 221.83, 162.28, 317.55, 171.3, 240.25, 96.74, 30.29, 63.99, 127.03, 63.75, 87.705, , , , , 
1/31/2020 10:03:37 AM, 3261, 9111.5, 1632.1, 325.56, 221.78, 162.2528, 317.44, 171.2656, 240.26, 96.72, 30.285, 63.99, 127.01, 63.75, 87.705, , , , , 
1/31/2020 10:03:40 AM, 3260.75, 9110.5, 1632, 325.53, 221.8, 162.24, 317.51, 171.26, 240.2412, 96.712, 30.28, 63.975, 127, 63.75, 87.705, , , , , 
1/31/2020 10:03:43 AM, 3260.75, 9110.5, 1632, 325.52, 221.8, 162.25, 317.51, 171.26, 240.2412, 96.712, 30.28, 63.975, 127, 63.75, 87.7, , , , , 
1/31/2020 10:03:46 AM, 3260.5, 9110, 1631.6, 325.5075, 221.79, 162.22, 317.41, 171.26, 240.2, 96.7, 30.28, 63.975, 127, 63.75, 87.7, , , , , 
1/31/2020 10:03:49 AM, 3260.5, 9110, 1631.6, 325.5, 221.75, 162.21, 317.38, 171.18, 240.23, 96.6836, 30.28, 63.975, 126.99, 63.75, 87.7, , , , , 
1/31/2020 10:03:52 AM, 3260, 9108, 1631.3, 325.475, 221.74, 162.2, 317.374, 171.17, 240.23, 96.67, 30.28, 63.975, 126.98, 63.75, 87.7, , , , , 
1/31/2020 10:03:55 AM, 3260, 9108, 1631.3, 325.46, 221.71, 162.2, 317.33, 171.1675, 240.23, 96.67, 30.28, 63.975, 126.97, 63.75, 87.7, , , , , 
1/31/2020 10:03:58 AM, 3260, 9106.25, 1631.2, 325.44, 221.7, 162.19, 317.34, 171.135, 240.2106, 96.67, 30.28, 63.98, 126.9547, 63.75, 87.7, , , , , 
1/31/2020 10:04:01 AM, 3260, 9106.25, 1631.2, 325.43, 221.69, 162.2084, 317.26, 171.145, 239.91, 96.66, 30.28, 63.98, 126.96, 63.75, 87.7, , , , , 
1/31/2020 10:04:04 AM, 3259.5, 9105.75, 1631, 325.44, 221.6925, 162.18, 317.2907, 171.135, 239.88, 96.65, 30.27, 63.99, 126.96, 63.75, 87.7, , , , , 
1/31/2020 10:04:08 AM, 3259.25, 9106, 1630.7, 325.3727, 221.65, 162.14, 317.29, 171.11, 239.925, 96.63, 30.265, 63.99, 126.94, 63.75, 87.695, , , , , 
1/31/2020 10:04:11 AM, 3258.5, 9104, 1630.5, 325.35, 221.65, 162.13, 317.21, 171.12, 239.86, 96.64, 30.265, 63.98, 126.93, 63.75, 87.695, , , , , 
1/31/2020 10:04:14 AM, 3258.5, 9103.75, 1630.5, 325.26, 221.63, 162.09, 317.2256, 171.12, 239.86, 96.62, 30.26, 63.97, 126.905, 63.75, 87.695, , , , , 
1/31/2020 10:04:17 AM, 3258.25, 9102, 1630.4, 325.26, 221.6, 162.09, 317.22, 171.11, 239.86, 96.62, 30.26, 63.97, 126.905, 63.75, 87.695, , , , , 
1/31/2020 10:04:20 AM, 3257.75, 9102, 1630.4, 325.28, 221.5921, 162.12, 317.26, 171.115, 239.755, 96.6099, 30.26, 63.97, 126.87, 63.75, 87.695, , , , , 
1/31/2020 10:04:23 AM, 3258, 9102.75, 1630.7, 325.28, 221.58, 162.12, 317.27, 171.07, 239.78, 96.6099, 30.26, 63.97, 126.87, 63.75, 87.695, , , , , 
1/31/2020 10:04:26 AM, 3257.75, 9102, 1630.5, 325.25, 221.59, 162.11, 317.3, 171.07, 239.75, 96.61, 30.2575, 63.96, 126.86, 63.75, 87.695, , , , , 
1/31/2020 10:04:29 AM, 3257.5, 9100.5, 1630.3, 325.25, 221.57, 162.11, 317.27, 171.05, 239.78, 96.61, 30.2575, 63.96, 126.86, 63.75, 87.695, , , , , 
1/31/2020 10:04:32 AM, 3257.75, 9100, 1630.5, 325.225, 221.57, 162.12, 317.1804, 171.04, 239.7, 96.5823, 30.26, 63.95, 126.85, 63.75, 87.69, , , , , 
1/31/2020 10:04:35 AM, 3257.25, 9097.75, 1630.2, 325.225, 221.49, 162.12, 317.09, 171.005, 239.57, 96.5823, 30.26, 63.95, 126.85, 63.75, 87.69, , , , , 
1/31/2020 10:04:38 AM, 3257.75, 9099.75, 1630.3, 325.25, 221.53, 162.11, 317.24, 171.0399, 239.47, 96.59, 30.26, 63.96, 126.86, 63.5001, 87.68, , , , , 
1/31/2020 10:04:41 AM, 3257.5, 9098.75, 1630.5, 325.25, 221.51, 162.11, 317.26, 170.955, 239.65, 96.59, 30.26, 63.96, 126.86, 63.5001, 87.68, , , , , 
1/31/2020 10:04:44 AM, 3257.75, 9099.5, 1630.7, 325.27, 221.53, 162.16, 317.14, 171, 239.672, 96.58, 30.27, 63.96, 126.86, 63.5001, 87.68, , , , , 
1/31/2020 10:04:47 AM, 3258.5, 9100.75, 1631, 325.27, 221.54, 162.16, 317.1916, 171.01, 239.72, 96.58, 30.27, 63.96, 126.86, 63.5001, 87.68, , , , , 
1/31/2020 10:04:50 AM, 3258.75, 9101.5, 1630.9, 325.31, 221.58, 162.14, 317.27, 171.05, 239.6875, 96.59, 30.27, 63.96, 126.87, 63.5001, 87.69, , , , , 
1/31/2020 10:04:53 AM, 3258.5, 9101.25, 1630.8, 325.31, 221.56, 162.14, 317.2137, 171.075, 239.62, 96.59, 30.27, 63.96, 126.87, 63.5001, 87.69, , , , , 
1/31/2020 10:04:56 AM, 3258.75, 9102, 1631.1, 325.31, 221.58, 162.17, 317.24, 171.09, 239.8374, 96.59, 30.28, 63.96, 126.87, 63.5001, 87.685, , , , , 
1/31/2020 10:04:59 AM, 3258.25, 9101.25, 1630.7, 325.31, 221.56, 162.17, 317.2658, 171.0641, 239.805, 96.59, 30.28, 63.96, 126.87, 63.5001, 87.685, , , , , 
1/31/2020 10:05:02 AM, 3259.25, 9103.25, 1631.1, 325.38, 221.6, 162.171, 317.35, 171.07, 239.89, 96.63, 30.28, 63.97, 126.9, 63.5001, 87.69, , , , , 
1/31/2020 10:05:05 AM, 3259.25, 9103.25, 1631.1, 325.38, 221.63, 162.171, 317.4136, 171.11, 239.9078, 96.63, 30.28, 63.97, 126.9, 63.5001, 87.69, , , , , 
1/31/2020 10:05:08 AM, 3259.25, 9104.25, 1631, 325.35, 221.61, 162.18, 317.365, 171.11, 239.89, 96.62, 30.28, 63.96, 126.87, 63.5001, 87.68, , , , , 
1/31/2020 10:05:11 AM, 3258.75, 9103.25, 1630.9, 325.35, 221.61, 162.18, 317.4011, 171.105, 239.9673, 96.62, 30.28, 63.96, 126.87, 63.5001, 87.68, , , , , 
1/31/2020 10:05:14 AM, 3259.25, 9105.25, 1631.1, 325.37, 221.63, 162.19, 317.415, 171.1512, 239.9673, 96.64, 30.2872, 63.96, 126.9, 63.5001, 87.685, , , , , 
1/31/2020 10:05:17 AM, 3260.25, 9108.75, 1631.8, 325.37, 221.71, 162.19, 317.49, 171.21, 240.08, 96.64, 30.2872, 63.96, 126.9, 63.5001, 87.685, , , , , 
1/31/2020 10:05:20 AM, 3259.75, 9108.5, 1631.8, 325.41, 221.74, 162.22, 317.51, 171.2289, 240.1, 96.66, 30.2872, 63.96, 126.92, 63.5001, 87.695, , , , , 
1/31/2020 10:05:23 AM, 3259.5, 9106.75, 1631.5, 325.41, 221.69, 162.22, 317.45, 171.175, 240.1302, 96.66, 30.2872, 63.96, 126.92, 63.5001, 87.695, , , , , 
1/31/2020 10:05:26 AM, 3259, 9105.25, 1631.3, 325.37, 221.68, 162.19, 317.39, 171.14, 239.9617, 96.63, 30.28, 63.96, 126.9, 63.5001, 87.685, , , , , 
1/31/2020 10:05:29 AM, 3259, 9105.75, 1631.3, 325.37, 221.68, 162.19, 317.4629, 171.125, 239.975, 96.63, 30.28, 63.96, 126.9, 63.5001, 87.685, , , , , 
1/31/2020 10:05:32 AM, 3259, 9106.25, 1631.2, 325.34, 221.66, 162.19, 317.45, 171.11, 239.94, 96.625, 30.2786, 63.96, 126.8926, 63.5001, 87.685, , , , , 
1/31/2020 10:05:35 AM, 3258.75, 9105.75, 1631.1, 325.34, 221.71, 162.19, 317.505, 171.1863, 240.01, 96.625, 30.2786, 63.96, 126.8926, 63.5001, 87.685, , , , , 
1/31/2020 10:05:38 AM, 3258.75, 9106.25, 1631.1, 325.31, 221.65, 162.15, 317.46, 171.14, 239.92, 96.62, 30.27, 63.965, 126.9, 63.5001, 87.685, , , , , 
1/31/2020 10:05:41 AM, 3258.25, 9104.25, 1630.6, 325.31, 221.66, 162.15, 317.48, 171.1401, 239.945, 96.62, 30.27, 63.965, 126.9, 63.5001, 87.685, , , , , 
1/31/2020 10:05:44 AM, 3258.25, 9104.75, 1630.6, 325.27, 221.63, 162.145, 317.34, 171.07, 239.9105, 96.61, 30.27, 63.95, 126.89, 63.5001, 87.67, , , , , 
1/31/2020 10:05:47 AM, 3258.25, 9104.75, 1630.7, 325.27, 221.645, 162.145, 317.37, 171.0885, 239.97, 96.61, 30.27, 63.95, 126.89, 63.5001, 87.67, , , , , 
1/31/2020 10:05:50 AM, 3258, 9103.25, 1630.7, 325.24, 221.65, 162.135, 317.36, 171.1, 240, 96.6, 30.27, 63.95, 126.89, 63.5001, 87.68, , , , , 
1/31/2020 10:05:53 AM, 3257.75, 9102.25, 1630.6, 325.24, 221.6, 162.135, 317.29, 171.0882, 239.86, 96.6, 30.27, 63.95, 126.89, 63.5001, 87.68, , , , , 
1/31/2020 10:05:56 AM, 3257.75, 9102, 1630.6, 325.28, 221.5704, 162.14, 317.2701, 171.0644, 239.82, 96.615, 30.27, 63.95, 126.88, 63.5001, 87.675, , , , , 
1/31/2020 10:05:59 AM, 3257.5, 9102, 1630.5, 325.28, 221.6, 162.14, 317.3485, 171.09, 239.87, 96.615, 30.27, 63.95, 126.88, 63.5001, 87.675, , , , , 
1/31/2020 10:06:02 AM, 3258, 9104, 1630.8, 325.24, 221.63, 162.13, 317.38, 171.1344, 239.84, 96.605, 30.27, 63.95, 126.9, 63.5001, 87.675, , , , , 
1/31/2020 10:06:05 AM, 3257.75, 9103.25, 1630.4, 325.24, 221.615, 162.13, 317.365, 171.12, 239.84, 96.605, 30.27, 63.95, 126.9, 63.5001, 87.675, , , , , 
1/31/2020 10:06:08 AM, 3258.25, 9104.5, 1630.8, 325.28, 221.64, 162.15, 317.43, 171.1434, 239.84, 96.625, 30.27, 63.96, 126.91, 63.5001, 87.675, , , , , 
1/31/2020 10:06:11 AM, 3259, 9107.5, 1631, 325.28, 221.6799, 162.15, 317.4999, 171.205, 239.945, 96.625, 30.27, 63.96, 126.91, 63.5001, 87.675, , , , , 
1/31/2020 10:06:14 AM, 3259.25, 9107.75, 1631.3, 325.37, 221.71, 162.19, 317.5257, 171.2, 240, 96.65, 30.28, 63.97, 126.94, 63.5001, 87.685, , , , , 
1/31/2020 10:06:17 AM, 3259.25, 9107.75, 1631.1, 325.37, 221.73, 162.19, 317.5138, 171.23, 240, 96.65, 30.28, 63.97, 126.94, 63.5001, 87.685, , , , , 
1/31/2020 10:06:20 AM, 3259.5, 9107.5, 1631.3, 325.39, 221.73, 162.18, 317.525, 171.26, 240.11, 96.66, 30.28, 63.97, 126.94, 63.5001, 87.685, , , , , 
1/31/2020 10:06:23 AM, 3259.75, 9109.75, 1631.5, 325.39, 221.77, 162.18, 317.646, 171.3, 240.12, 96.66, 30.28, 63.97, 126.94, 63.5001, 87.685, , , , , 
1/31/2020 10:06:26 AM, 3260, 9110.25, 1631.9, 325.45, 221.78, 162.23, 317.6406, 171.33, 240.02, 96.69, 30.285, 63.97, 126.98, 63.5001, 87.69, , , , , 
1/31/2020 10:06:29 AM, 3259.75, 9109.5, 1631.5, 325.45, 221.76, 162.23, 317.5852, 171.3, 240, 96.69, 30.285, 63.97, 126.98, 63.5001, 87.69, , , , , 
1/31/2020 10:06:32 AM, 3259.75, 9110.5, 1631.6, 325.49, 221.79, 162.25, 317.57, 171.32, 240.05, 96.7, 30.285, 63.97, 126.98, 63.5001, 87.695, , , , , 
1/31/2020 10:06:36 AM, 3260.75, 9113, 1632.3, 325.49, 221.83, 162.25, 317.63, 171.35, 240.12, 96.7, 30.285, 63.97, 126.98, 63.5001, 87.695, , , , , 
1/31/2020 10:06:39 AM, 3260.75, 9113, 1632.1, 325.53, 221.85, 162.29, 317.58, 171.36, 240.192, 96.72, 30.29, 63.98, 127, 63.5001, 87.7, , , , , 
1/31/2020 10:06:42 AM, 3260.5, 9113, 1632.3, 325.528, 221.85, 162.29, 317.58, 171.36, 240.192, 96.71, 30.29, 63.98, 127, 63.5001, 87.695, , , , , 
1/31/2020 10:06:45 AM, 3260.5, 9111.75, 1632.4, 325.5, 221.85, 162.3, 317.58, 171.36, 240.192, 96.7, 30.29, 63.98, 127.02, 63.5001, 87.695, , , , , 
1/31/2020 10:06:48 AM, 3260.25, 9112, 1632.5, 325.4964, 221.83, 162.31, 317.55, 171.36, 240.19, 96.69, 30.29, 63.98, 127.02, 63.5001, 87.695, , , , , 
1/31/2020 10:06:51 AM, 3260.5, 9112.5, 1632.5, 325.5, 221.83, 162.31, 317.55, 171.36, 240.19, 96.7, 30.29, 63.98, 127.02, 63.5001, 87.695, , , , , 
1/31/2020 10:06:54 AM, 3260, 9110.75, 1632.2, 325.45, 221.78, 162.27, 317.481, 171.35, 240.1684, 96.68, 30.28, 63.98, 126.99, 63.5001, 87.695, , , , , 
1/31/2020 10:06:57 AM, 3259.75, 9110.5, 1632.1, 325.45, 221.78, 162.27, 317.481, 171.35, 240.1684, 96.68, 30.285, 63.97, 127, 63.5001, 87.69, , , , , 
1/31/2020 10:07:00 AM, 3259.75, 9110.25, 1632, 325.45, 221.78, 162.23, 317.49, 171.33, 240.08, 96.67, 30.28, 63.98, 127, 63.5001, 87.695, , , , , 
1/31/2020 10:07:03 AM, 3259.5, 9109.5, 1631.4, 325.4, 221.78, 162.21, 317.49, 171.33, 240.08, 96.67, 30.28, 63.9727, 126.99, 63.5001, 87.685, , , , , 
1/31/2020 10:07:06 AM, 3260, 9111.5, 1631.8, 325.46, 221.85, 162.25, 317.61, 171.34, 240.16, 96.66, 30.28, 63.98, 127.03, 63.5001, 87.685, , , , , 
1/31/2020 10:07:09 AM, 3260.5, 9113, 1632.3, 325.51, 221.85, 162.29, 317.61, 171.34, 240.16, 96.69, 30.29, 63.98, 127.025, 63.5001, 87.69, , , , , 
1/31/2020 10:07:12 AM, 3260.5, 9112.75, 1632.1, 325.49, 221.85, 162.24, 317.664, 171.32, 240.265, 96.69, 30.29, 63.98, 127.03, 63.5001, 87.685, , , , , 
1/31/2020 10:07:15 AM, 3260, 9112.25, 1631.9, 325.468, 221.85, 162.23, 317.664, 171.32, 240.265, 96.69, 30.285, 63.97, 127.02, 63.5001, 87.68, , , , , 
1/31/2020 10:07:18 AM, 3260.5, 9113.5, 1631.9, 325.495, 221.85, 162.24, 317.6899, 171.33, 240.34, 96.69, 30.2899, 63.97, 127.04, 63.5001, 87.685, , , , , 
1/31/2020 10:07:21 AM, 3260, 9112.75, 1631.8, 325.46, 221.85, 162.25, 317.6899, 171.33, 240.34, 96.69, 30.2899, 63.97, 127.03, 63.5001, 87.685, , , , , 
1/31/2020 10:07:24 AM, 3260.25, 9112.5, 1632, 325.47, 221.81, 162.25, 317.66, 171.33, 240.16, 96.69, 30.2899, 63.95, 127.01, 63.5001, 87.69, , , , , 
1/31/2020 10:07:27 AM, 3259.75, 9111.5, 1631.9, 325.42, 221.81, 162.235, 317.66, 171.33, 240.16, 96.69, 30.2899, 63.95, 127.005, 63.5001, 87.685, , , , , 
1/31/2020 10:07:30 AM, 3259.5, 9111, 1631.8, 325.4, 221.82, 162.235, 317.6, 171.3044, 240.19, 96.67, 30.28, 63.95, 127, 63.5001, 87.685, , , , , 
1/31/2020 10:07:33 AM, 3259.5, 9110.75, 1631.6, 325.41, 221.8, 162.215, 317.575, 171.3, 240.19, 96.67, 30.28, 63.95, 126.99, 63.5001, 87.685, , , , , 
1/31/2020 10:07:36 AM, 3260, 9111.75, 1631.9, 325.43, 221.81, 162.24, 317.5689, 171.275, 240.1, 96.67, 30.29, 63.94, 126.99, 63.5001, 87.685, , , , , 
1/31/2020 10:07:39 AM, 3260, 9111.25, 1631.8, 325.46, 221.81, 162.24, 317.5689, 171.275, 240.1, 96.67, 30.29, 63.94, 126.99, 63.5001, 87.685, , , , , 
1/31/2020 10:07:42 AM, 3259.75, 9111.25, 1631.7, 325.44, 221.81, 162.23, 317.54, 171.287, 240.12, 96.68, 30.285, 63.94, 126.99, 63.5001, 87.685, , , , , 
1/31/2020 10:07:45 AM, 3259.75, 9111.75, 1631.8, 325.45, 221.81, 162.24, 317.54, 171.287, 240.12, 96.67, 30.29, 63.94, 126.99, 63.5001, 87.685, , , , , 
1/31/2020 10:07:48 AM, 3259.75, 9110.25, 1631.9, 325.4, 221.78, 162.21, 317.4462, 171.26, 240.11, 96.67, 30.29, 63.94, 126.99, 63.5001, 87.685, , , , , 
1/31/2020 10:07:51 AM, 3259.25, 9109.75, 1631.5, 325.39, 221.78, 162.23, 317.4462, 171.26, 240.11, 96.66, 30.285, 63.93, 126.98, 63.5001, 87.685, , , , , 
1/31/2020 10:07:54 AM, 3258.75, 9108.25, 1631.4, 325.3, 221.66, 162.175, 317.2736, 171.2, 239.86, 96.62, 30.28, 63.92, 126.95, 63.5001, 87.68, , , , , 
1/31/2020 10:07:57 AM, 3258.5, 9105.5, 1631.1, 325.335, 221.66, 162.195, 317.2736, 171.2, 239.86, 96.61, 30.28, 63.94, 126.92, 63.5001, 87.68, , , , , 
1/31/2020 10:08:00 AM, 3259, 9107, 1631.3, 325.35, 221.72, 162.19, 317.3282, 171.22, 239.87, 96.63, 30.28, 63.94, 126.93, 63.5001, 87.68, , , , , 
1/31/2020 10:08:03 AM, 3258.75, 9107, 1631, 325.32, 221.72, 162.165, 317.3282, 171.22, 239.87, 96.63, 30.28, 63.94, 126.94, 63.5001, 87.68, , , , , 
1/31/2020 10:08:06 AM, 3259, 9107.25, 1631.1, 325.3, 221.66, 162.17, 317.16, 171.2, 239.81, 96.62, 30.28, 63.94, 126.93, 63.5001, 87.66, , , , , 
1/31/2020 10:08:09 AM, 3258.25, 9105.25, 1630.9, 325.29, 221.66, 162.15, 317.16, 171.2, 239.81, 96.6199, 30.275, 63.94, 126.93, 63.5001, 87.665, , , , , 
1/31/2020 10:08:12 AM, 3258, 9103, 1630.7, 325.24, 221.67, 162.12, 317.1276, 171.21, 239.78, 96.59, 30.275, 63.94, 126.91, 63.5001, 87.665, , , , , 
1/31/2020 10:08:15 AM, 3258.5, 9105.75, 1630.8, 325.3314, 221.67, 162.16, 317.1276, 171.21, 239.78, 96.62, 30.27, 63.95, 126.9, 63.5001, 87.665, , , , , 
1/31/2020 10:08:18 AM, 3258.5, 9105.5, 1630.7, 325.36, 221.6766, 162.17, 317.1187, 171.24, 240, 96.62, 30.28, 63.96, 126.92, 63.5001, 87.67, , , , , 
1/31/2020 10:08:21 AM, 3258.75, 9105.75, 1630.9, 325.33, 221.6766, 162.16, 317.1187, 171.24, 240, 96.62, 30.28, 63.96, 126.915, 63.5001, 87.67, , , , , 
1/31/2020 10:08:24 AM, 3258.25, 9104.25, 1630.8, 325.298, 221.65, 162.16, 317.05, 171.22, 239.855, 96.6033, 30.28, 63.96, 126.91, 63.5001, 87.67, , , , , 
1/31/2020 10:08:27 AM, 3258.75, 9104.75, 1631, 325.31, 221.65, 162.16, 317.05, 171.22, 239.855, 96.61, 30.28, 63.965, 126.88, 63.5001, 87.67, , , , , 
1/31/2020 10:08:30 AM, 3258.5, 9103.75, 1630.9, 325.3, 221.62, 162.16, 316.8401, 171.23, 239.855, 96.6, 30.28, 63.96, 126.88, 63.5001, 87.67, , , , , 
1/31/2020 10:08:33 AM, 3258.25, 9103.25, 1630.7, 325.31, 221.62, 162.15, 316.8401, 171.23, 239.855, 96.59, 30.2762, 63.96, 126.88, 63.5001, 87.67, , , , , 
1/31/2020 10:08:36 AM, 3258.25, 9102.5, 1630.5, 325.28, 221.56, 162.1, 316.7773, 171.22, 239.75, 96.5993, 30.27, 63.97, 126.88, 63.5001, 87.67, , , , , 
1/31/2020 10:08:39 AM, 3257.75, 9101.25, 1630.2, 325.2262, 221.56, 162.09, 316.7773, 171.22, 239.75, 96.57, 30.27, 63.966, 126.86, 63.5001, 87.665, , , , , 
1/31/2020 10:08:42 AM, 3257.75, 9101.75, 1630.4, 325.24, 221.5701, 162.09, 316.73, 171.22, 239.79, 96.59, 30.27, 63.97, 126.87, 63.5001, 87.665, , , , , 
1/31/2020 10:08:45 AM, 3257.75, 9102, 1630.2, 325.26, 221.5701, 162.08, 316.73, 171.22, 239.79, 96.58, 30.27, 63.97, 126.89, 63.5001, 87.665, , , , , 
1/31/2020 10:08:48 AM, 3258, 9102.5, 1630.2, 325.25, 221.59, 162.08, 316.77, 171.23, 239.79, 96.59, 30.27, 63.975, 126.885, 63.5001, 87.665, , , , , 
1/31/2020 10:08:52 AM, 3257.75, 9102.25, 1630.1, 325.24, 221.59, 162.06, 316.77, 171.23, 239.79, 96.58, 30.27, 63.97, 126.885, 63.5001, 87.665, , , , , 
1/31/2020 10:08:55 AM, 3257.25, 9100, 1629.7, 325.2, 221.51, 162.03, 316.5573, 171.13, 239.6304, 96.56, 30.27, 63.96, 126.88, 63.5001, 87.665, , , , , 
1/31/2020 10:08:58 AM, 3257.25, 9100, 1629.7, 325.2, 221.51, 162.03, 316.5573, 171.13, 239.6304, 96.56, 30.27, 63.96, 126.88, 63.5001, 87.665, , , , , 
1/31/2020 10:09:01 AM, 3257.25, 9099, 1629.6, 325.17, 221.5, 162.0251, 316.54, 171.13, 239.7336, 96.55, 30.26, 63.96, 126.88, 63.5001, 87.665, , , , , 
1/31/2020 10:09:04 AM, 3257.5, 9100, 1629.9, 325.17, 221.51, 162.03, 316.51, 171.141, 239.662, 96.54, 30.26, 63.955, 126.86, 63.5001, 87.665, , , , , 
1/31/2020 10:09:07 AM, 3257.5, 9100, 1629.9, 325.205, 221.5736, 162.04, 316.56, 171.19, 239.73, 96.56, 30.2686, 63.95, 126.87, 63.5001, 87.665, , , , , 
1/31/2020 10:09:10 AM, 3258, 9101.75, 1630.2, 325.25, 221.56, 162.08, 316.65, 171.2049, 239.8, 96.59, 30.275, 63.97, 126.89, 63.5001, 87.665, , , , , 
1/31/2020 10:09:13 AM, 3258, 9101.75, 1630.2, 325.25, 221.57, 162.08, 316.64, 171.22, 239.8067, 96.59, 30.275, 63.97, 126.87, 63.5001, 87.665, , , , , 
1/31/2020 10:09:16 AM, 3258, 9100.25, 1630.2, 325.23, 221.51, 162.07, 316.6, 171.15, 239.8, 96.57, 30.27, 63.96, 126.86, 63.5001, 87.665, , , , , 
1/31/2020 10:09:19 AM, 3258, 9100.25, 1630.2, 325.23, 221.53, 162.085, 316.586, 171.14, 239.84, 96.57, 30.27, 63.96, 126.87, 63.5001, 87.665, , , , , 
1/31/2020 10:09:22 AM, 3258.75, 9103.75, 1630.6, 325.32, 221.6, 162.13, 316.7478, 171.24, 239.9, 96.6, 30.285, 63.96, 126.89, 63.5001, 87.665, , , , , 
1/31/2020 10:09:25 AM, 3258.75, 9103.75, 1630.6, 325.34, 221.6, 162.13, 316.6564, 171.25, 239.86, 96.6193, 30.285, 63.97, 126.885, 63.5001, 87.665, , , , , 
1/31/2020 10:09:28 AM, 3258.25, 9100.75, 1630.7, 325.34, 221.6, 162.16, 316.64, 171.235, 239.93, 96.6199, 30.285, 63.97, 126.89, 63.5001, 87.67, , , , , 
1/31/2020 10:09:31 AM, 3258.25, 9100.75, 1630.7, 325.29, 221.56, 162.13, 316.57, 171.18, 239.8725, 96.57, 30.28, 63.97, 126.89, 63.5001, 87.66, , , , , 
1/31/2020 10:09:34 AM, 3258.25, 9100.5, 1630.7, 325.3, 221.54, 162.14, 316.52, 171.19, 239.8725, 96.59, 30.28, 63.97, 126.87, 63.5001, 87.66, , , , , 
1/31/2020 10:09:37 AM, 3258.25, 9100.5, 1630.7, 325.28, 221.56, 162.13, 316.65, 171.225, 239.9163, 96.59, 30.28, 63.97, 126.86, 63.5001, 87.66, , , , , 
1/31/2020 10:09:40 AM, 3258.5, 9102, 1630.8, 325.29, 221.57, 162.14, 316.6476, 171.21, 239.9584, 96.59, 30.28, 63.98, 126.86, 63.5001, 87.66, , , , , 
1/31/2020 10:09:43 AM, 3258.5, 9102, 1630.8, 325.3, 221.5806, 162.1399, 316.68, 171.23, 239.9298, 96.59, 30.28, 63.98, 126.86, 63.5001, 87.66, , , , , 
1/31/2020 10:09:46 AM, 3258.5, 9102, 1630.6, 325.33, 221.6, 162.14, 316.68, 171.23, 239.9298, 96.6, 30.28, 63.98, 126.865, 63.5001, 87.67, , , , , 
1/31/2020 10:09:49 AM, 3258.5, 9102, 1630.6, 325.29, 221.57, 162.11, 316.65, 171.23, 239.9298, 96.6, 30.28, 63.98, 126.86, 63.5001, 87.67, , , , , 
1/31/2020 10:09:52 AM, 3258, 9100.75, 1630.3, 325.28, 221.54, 162.105, 316.59, 171.2202, 239.8, 96.6, 30.28, 63.97, 126.85, 63.5001, 87.665, , , , , 
1/31/2020 10:09:55 AM, 3258, 9100.75, 1630.3, 325.25, 221.54, 162.1, 316.593, 171.225, 239.8647, 96.59, 30.28, 63.965, 126.85, 63.5001, 87.665, , , , , 
1/31/2020 10:09:58 AM, 3258, 9101.5, 1630.3, 325.25, 221.545, 162.08, 316.58, 171.23, 239.9, 96.59, 30.28, 63.96, 126.85, 63.5001, 87.665, , , , , 
1/31/2020 10:10:01 AM, 3258, 9101.5, 1630.3, 325.26, 221.568, 162.11, 316.5955, 171.23, 239.83, 96.59, 30.275, 63.96, 126.85, 63.5001, 87.665, , , , , 
1/31/2020 10:10:04 AM, 3257.75, 9100.5, 1630.2, 325.22, 221.5308, 162.1, 316.56, 171.22, 239.83, 96.58, 30.27, 63.95, 126.845, 63.5001, 87.655, , , , , 
1/31/2020 10:10:07 AM, 3257.75, 9100.5, 1630.2, 325.23, 221.54, 162.1, 316.545, 171.21, 239.815, 96.58, 30.27, 63.95, 126.845, 63.5001, 87.65, , , , , 
1/31/2020 10:10:10 AM, 3257.5, 9100, 1630.2, 325.222, 221.54, 162.0819, 316.52, 171.2236, 239.815, 96.58, 30.265, 63.95, 126.845, 63.5001, 87.65, , , , , 
1/31/2020 10:10:13 AM, 3257.5, 9100, 1630.2, 325.21, 221.51, 162.08, 316.55, 171.23, 239.84, 96.57, 30.27, 63.95, 126.84, 63.5001, 87.65, , , , , 
1/31/2020 10:10:16 AM, 3256.5, 9093.5, 1629.6, 325.16, 221.42, 162.0489, 316.4, 171.11, 239.65, 96.56, 30.27, 63.94, 126.84, 63.5001, 87.65, , , , , 
1/31/2020 10:10:19 AM, 3256.5, 9093.5, 1629.6, 325.09, 221.3534, 162.01, 316.27, 171.07, 239.59, 96.5, 30.265, 63.93, 126.8, 63.5001, 87.655, , , , , 
1/31/2020 10:10:22 AM, 3257, 9095, 1629.9, 325.12, 221.415, 162.05, 316.38, 171.07, 239.67, 96.52, 30.26, 63.93, 126.78, 63.5001, 87.655, , , , , 
1/31/2020 10:10:25 AM, 3257, 9095, 1629.9, 325.18, 221.4399, 162.07, 316.45, 171.12, 239.7301, 96.54, 30.27, 63.93, 126.79, 63.5001, 87.66, , , , , 
1/31/2020 10:10:28 AM, 3257.25, 9097, 1630.1, 325.17, 221.47, 162.07, 316.54, 171.17, 239.7079, 96.54, 30.27, 63.93, 126.8, 63.5001, 87.655, , , , , 
1/31/2020 10:10:31 AM, 3257.25, 9097, 1630.1, 325.19, 221.53, 162.05, 316.605, 171.23, 239.78, 96.55, 30.265, 63.93, 126.81, 63.5001, 87.66, , , , , 
1/31/2020 10:10:34 AM, 3258.25, 9099.25, 1630.4, 325.27, 221.52, 162.1, 316.5953, 171.21, 239.8355, 96.59, 30.28, 63.94, 126.84, 63.5001, 87.67, , , , , 
1/31/2020 10:10:37 AM, 3258.25, 9099.25, 1630.4, 325.26, 221.52, 162.08, 316.61, 171.22, 239.85, 96.59, 30.28, 63.94, 126.84, 63.5001, 87.67, , , , , 
1/31/2020 10:10:40 AM, 3258.25, 9099.75, 1630, 325.28, 221.52, 162.08, 316.6912, 171.22, 239.9207, 96.5974, 30.28, 63.94, 126.84, 63.5001, 87.67, , , , , 
1/31/2020 10:10:43 AM, 3258.25, 9099.75, 1630, 325.25, 221.4701, 162.0689, 316.68, 171.1999, 239.7945, 96.59, 30.28, 63.92, 126.83, 63.5001, 87.67, , , , , 
1/31/2020 10:10:46 AM, 3257.75, 9097, 1629.7, 325.22, 221.45, 162.05, 316.65, 171.17, 239.63, 96.57, 30.28, 63.91, 126.81, 63.5001, 87.66, , , , , 
1/31/2020 10:10:49 AM, 3257.75, 9097, 1629.7, 325.22, 221.47, 162.04, 316.645, 171.17, 239.72, 96.57, 30.28, 63.91, 126.82, 63.5001, 87.665, , , , , 
1/31/2020 10:10:53 AM, 3257.5, 9096.5, 1630, 325.24, 221.46, 162.07, 316.61, 171.15, 239.72, 96.57, 30.28, 63.91, 126.82, 63.5001, 87.665, , , , , 
1/31/2020 10:10:56 AM, 3257.5, 9096.5, 1630, 325.22, 221.4529, 162.06, 316.54, 171.14, 239.7242, 96.57, 30.28, 63.91, 126.815, 63.5001, 87.665, , , , , 
1/31/2020 10:10:59 AM, 3257.5, 9099, 1630.4, 325.25, 221.5, 162.08, 316.6, 171.165, 239.82, 96.57, 30.28, 63.91, 126.83, 63.5001, 87.665, , , , , 
1/31/2020 10:11:02 AM, 3257.25, 9096.25, 1630, 325.15, 221.425, 162.05, 316.4568, 171.11, 239.6908, 96.54, 30.27, 63.905, 126.8, 63.5001, 87.665, , , , , 
1/31/2020 10:11:05 AM, 3257, 9095.75, 1629.8, 325.15, 221.43, 162.05, 316.46, 171.11, 239.6908, 96.54, 30.27, 63.905, 126.8, 63.5001, 87.665, , , , , 
1/31/2020 10:11:08 AM, 3257, 9096.25, 1629.9, 325.17, 221.47, 162.05, 316.53, 171.15, 239.69, 96.5531, 30.27, 63.905, 126.815, 63.5001, 87.665, , , , , 
1/31/2020 10:11:11 AM, 3257.25, 9097, 1630, 325.17, 221.45, 162.05, 316.57, 171.17, 239.75, 96.5531, 30.27, 63.905, 126.815, 63.5001, 87.665, , , , , 
1/31/2020 10:11:14 AM, 3257.25, 9096.25, 1630, 325.18, 221.43, 162.05, 316.56, 171.14, 239.75, 96.56, 30.27, 63.915, 126.815, 63.5001, 87.665, , , , , 
1/31/2020 10:11:17 AM, 3257.5, 9097.25, 1630.3, 325.18, 221.44, 162.05, 316.5292, 171.1448, 239.69, 96.56, 30.27, 63.915, 126.815, 63.5001, 87.665, , , , , 
1/31/2020 10:11:20 AM, 3258.25, 9099.25, 1630.6, 325.255, 221.52, 162.12, 316.6501, 171.1856, 239.7757, 96.59, 30.28, 63.92, 126.84, 63.5001, 87.665, , , , , 
1/31/2020 10:11:23 AM, 3258.5, 9100.75, 1631, 325.255, 221.53, 162.12, 316.66, 171.16, 239.84, 96.59, 30.28, 63.92, 126.84, 63.5001, 87.665, , , , , 
1/31/2020 10:11:26 AM, 3259.5, 9104, 1631.5, 325.42, 221.62, 162.23, 316.7899, 171.24, 240.01, 96.65, 30.29, 63.94, 126.91, 63.5001, 87.67, , , , , 
1/31/2020 10:11:29 AM, 3259.5, 9104, 1631.7, 325.42, 221.63, 162.23, 316.76, 171.2444, 239.93, 96.65, 30.29, 63.94, 126.91, 63.5001, 87.67, , , , , 
1/31/2020 10:11:32 AM, 3259, 9103, 1631.6, 325.3501, 221.61, 162.2149, 316.7087, 171.23, 240.0125, 96.6193, 30.295, 63.935, 126.9, 63.5001, 87.675, , , , , 
1/31/2020 10:11:35 AM, 3259.25, 9104, 1631.6, 325.3501, 221.61, 162.2149, 316.74, 171.24, 239.9855, 96.6193, 30.295, 63.935, 126.9, 63.5001, 87.675, , , , , 
1/31/2020 10:11:38 AM, 3259.75, 9104, 1632.1, 325.47, 221.64, 162.265, 316.8399, 171.28, 239.93, 96.65, 30.31, 63.94, 126.94, 63.5001, 87.675, , , , , 
1/31/2020 10:11:41 AM, 3260.5, 9105.5, 1632.6, 325.47, 221.67, 162.265, 316.82, 171.2789, 240.125, 96.65, 30.31, 63.94, 126.94, 63.5001, 87.675, , , , , 
1/31/2020 10:11:44 AM, 3260.5, 9106.25, 1632.3, 325.48, 221.655, 162.28, 316.82, 171.27, 240.1141, 96.66, 30.31, 63.95, 126.96, 63.5001, 87.68, , , , , 
1/31/2020 10:11:47 AM, 3260.5, 9106.5, 1632.3, 325.48, 221.69, 162.28, 316.82, 171.29, 240.145, 96.66, 30.31, 63.95, 126.96, 63.5001, 87.68, , , , , 
1/31/2020 10:11:50 AM, 3260, 9105, 1631.8, 325.445, 221.67, 162.24, 316.78, 171.29, 239.98, 96.64, 30.31, 63.945, 126.94, 63.5001, 87.68, , , , , 
1/31/2020 10:11:53 AM, 3259.75, 9103.5, 1631.9, 325.445, 221.625, 162.24, 316.68, 171.27, 240, 96.64, 30.31, 63.945, 126.94, 63.5001, 87.68, , , , , 
1/31/2020 10:11:56 AM, 3260, 9104.25, 1631.9, 325.45, 221.61, 162.25, 316.68, 171.28, 239.985, 96.64, 30.31, 63.935, 126.9644, 63.5001, 87.68, , , , , 
1/31/2020 10:11:59 AM, 3260, 9104.75, 1632.1, 325.45, 221.64, 162.25, 316.76, 171.2734, 239.995, 96.64, 30.31, 63.935, 126.9644, 63.5001, 87.68, , , , , 
1/31/2020 10:12:02 AM, 3260, 9104.25, 1632.1, 325.45, 221.66, 162.29, 316.84, 171.295, 239.95, 96.65, 30.31, 63.94, 126.9644, 63.5001, 87.68, , , , , 
1/31/2020 10:12:05 AM, 3260, 9105.5, 1632.2, 325.45, 221.65, 162.29, 316.9239, 171.28, 239.915, 96.65, 30.31, 63.94, 126.9644, 63.5001, 87.68, , , , , 
1/31/2020 10:12:08 AM, 3259.75, 9103.5, 1631.8, 325.46, 221.62, 162.26, 316.87, 171.26, 239.89, 96.648, 30.31, 63.93, 126.98, 63.5001, 87.68, , , , , 
1/31/2020 10:12:11 AM, 3260.25, 9105.5, 1632, 325.46, 221.65, 162.26, 316.96, 171.28, 239.78, 96.648, 30.31, 63.93, 126.98, 63.5001, 87.68, , , , , 
1/31/2020 10:12:14 AM, 3260.75, 9106.5, 1632.5, 325.52, 221.68, 162.2905, 316.9898, 171.3, 239.78, 96.665, 30.3112, 63.93, 126.985, 63.5001, 87.685, , , , , 
1/31/2020 10:12:17 AM, 3260.25, 9105.25, 1632.4, 325.52, 221.68, 162.2905, 317, 171.36, 239.87, 96.665, 30.3112, 63.93, 126.985, 63.5001, 87.685, , , , , 
1/31/2020 10:12:20 AM, 3260.5, 9106.25, 1632.5, 325.49, 221.67, 162.3045, 316.975, 171.325, 239.76, 96.66, 30.3112, 63.91, 126.98, 63.5001, 87.685, , , , , 
1/31/2020 10:12:23 AM, 3260, 9105, 1632.2, 325.49, 221.6766, 162.3045, 316.95, 171.37, 239.75, 96.66, 30.3112, 63.91, 126.98, 63.5001, 87.685, , , , , 
1/31/2020 10:12:26 AM, 3259.25, 9102.75, 1631.7, 325.39, 221.61, 162.22, 316.66, 171.32, 239.52, 96.615, 30.3, 63.91, 126.96, 63.5001, 87.68, , , , , 
1/31/2020 10:12:29 AM, 3259.25, 9103, 1631.5, 325.39, 221.61, 162.22, 316.6899, 171.3142, 239.59, 96.615, 30.3, 63.91, 126.96, 63.5001, 87.68, , , , , 
1/31/2020 10:12:32 AM, 3259.75, 9104.25, 1631.8, 325.3701, 221.6364, 162.21, 316.682, 171.32, 239.65, 96.6001, 30.3, 63.9, 126.95, 63.5001, 87.68, , , , , 
1/31/2020 10:12:35 AM, 3258.75, 9101.25, 1631.3, 325.4, 221.585, 162.21, 316.65, 171.305, 239.65, 96.6236, 30.3, 63.9, 126.955, 63.5001, 87.68, , , , , 
1/31/2020 10:12:38 AM, 3258.75, 9100.25, 1631.3, 325.34, 221.52, 162.19, 316.58, 171.26, 239.5, 96.6, 30.2963, 63.89, 126.91, 63.5001, 87.6699, , , , , 
1/31/2020 10:12:41 AM, 3258.5, 9099.5, 1631.2, 325.34, 221.5338, 162.19, 316.6698, 171.24, 239.5228, 96.6, 30.2963, 63.89, 126.91, 63.5001, 87.6699, , , , , 
1/31/2020 10:12:44 AM, 3259, 9101, 1631.5, 325.32, 221.57, 162.21, 316.674, 171.28, 239.49, 96.59, 30.3, 63.87, 126.92, 63.5001, 87.66, , , , , 
1/31/2020 10:12:47 AM, 3258.75, 9100.5, 1631.3, 325.32, 221.54, 162.21, 316.64, 171.25, 239.49, 96.59, 30.3, 63.87, 126.92, 63.5001, 87.66, , , , , 
1/31/2020 10:12:50 AM, 3259, 9101.75, 1631.4, 325.32, 221.57, 162.19, 316.691, 171.27, 239.56, 96.5955, 30.2968, 63.87, 126.92, 63.5001, 87.66, , , , , 
1/31/2020 10:12:53 AM, 3259, 9101.75, 1631.4, 325.32, 221.53, 162.19, 316.64, 171.26, 239.47, 96.5955, 30.2968, 63.87, 126.92, 63.5001, 87.66, , , , , 
1/31/2020 10:12:56 AM, 3257.75, 9098, 1630.7, 325.235, 221.49, 162.12, 316.59, 171.25, 239.451, 96.565, 30.29, 63.86, 126.87, 63.5001, 87.665, , , , , 
1/31/2020 10:12:59 AM, 3257.75, 9098, 1630.7, 325.235, 221.48, 162.12, 316.55, 171.25, 239.41, 96.565, 30.29, 63.86, 126.87, 63.5001, 87.665, , , , , 
1/31/2020 10:13:03 AM, 3257.5, 9097, 1630.6, 325.2, 221.48, 162.11, 316.55, 171.255, 239.46, 96.54, 30.285, 63.86, 126.86, 63.5001, 87.665, , , , , 
1/31/2020 10:13:06 AM, 3257.25, 9096.25, 1630.5, 325.2, 221.44, 162.11, 316.52, 171.22, 239.385, 96.54, 30.285, 63.86, 126.86, 63.5001, 87.665, , , , , 
1/31/2020 10:13:09 AM, 3257, 9095, 1630.4, 325.155, 221.43, 162.1, 316.4961, 171.191, 239.37, 96.53, 30.28, 63.86, 126.85, 63.5001, 87.66, , , , , 
1/31/2020 10:13:12 AM, 3257.25, 9096.25, 1630.6, 325.145, 221.41, 162.13, 316.39, 171.19, 239.2604, 96.53, 30.28, 63.855, 126.85, 63.5001, 87.665, , , , , 
1/31/2020 10:13:15 AM, 3256.75, 9093.25, 1630.2, 325.1, 221.41, 162.08, 316.39, 171.19, 239.2604, 96.51, 30.28, 63.84, 126.83, 63.5001, 87.66, , , , , 
1/31/2020 10:13:18 AM, 3256.25, 9092.75, 1630.2, 325.08, 221.36, 162.06, 316.34, 171.14, 239.07, 96.485, 30.27, 63.85, 126.79, 63.5001, 87.65, , , , , 
1/31/2020 10:13:21 AM, 3256.25, 9092, 1630.1, 325.13, 221.36, 162.1, 316.34, 171.14, 239.07, 96.51, 30.28, 63.85, 126.82, 63.5001, 87.65, , , , , 
1/31/2020 10:13:24 AM, 3256.75, 9092.5, 1630.2, 325.1088, 221.36, 162.08, 316.3983, 171.14, 239.1, 96.51, 30.28, 63.86, 126.81, 63.5001, 87.65, , , , , 
1/31/2020 10:13:27 AM, 3256.5, 9093, 1630.1, 325.09, 221.36, 162.07, 316.3983, 171.14, 239.1, 96.5, 30.28, 63.855, 126.815, 63.5001, 87.65, , , , , 
1/31/2020 10:13:30 AM, 3256.25, 9092.25, 1630.1, 325.06, 221.34, 162.04, 316.38, 171.1405, 238.93, 96.4965, 30.27, 63.85, 126.805, 63.5001, 87.655, , , , , 
1/31/2020 10:13:33 AM, 3256.5, 9091.75, 1629.8, 325.08, 221.34, 162.03, 316.38, 171.1405, 238.93, 96.49, 30.278, 63.85, 126.805, 63.5001, 87.655, , , , , 
1/31/2020 10:13:36 AM, 3256.25, 9091.25, 1629.7, 325.05, 221.27, 162.02, 316.31, 171.1, 238.88, 96.48, 30.27, 63.85, 126.8, 63.5001, 87.655, , , , , 
1/31/2020 10:13:39 AM, 3255.75, 9089, 1629.5, 325.04, 221.27, 162.01, 316.31, 171.1, 238.88, 96.48, 30.27, 63.85, 126.78, 63.5001, 87.655, , , , , 
1/31/2020 10:13:42 AM, 3255.5, 9088.25, 1629.2, 325.01, 221.26, 161.99, 316.2931, 171.12, 238.67, 96.46, 30.27, 63.84, 126.76, 63.5001, 87.655, , , , , 
1/31/2020 10:13:45 AM, 3255.75, 9088.5, 1629.4, 325.01, 221.26, 162.01, 316.2931, 171.12, 238.67, 96.47, 30.27, 63.84, 126.76, 63.5001, 87.655, , , , , 
1/31/2020 10:13:48 AM, 3255.75, 9089, 1629.6, 325.01, 221.22, 162.01, 316.23, 171.1, 238.68, 96.47, 30.27, 63.84, 126.76, 63.5001, 87.655, , , , , 
1/31/2020 10:13:51 AM, 3255.75, 9088, 1629.5, 325.0175, 221.22, 162, 316.23, 171.1, 238.68, 96.45, 30.27, 63.85, 126.75, 63.5001, 87.655, , , , , 
1/31/2020 10:13:54 AM, 3256, 9087.5, 1629.5, 325.04, 221.25, 162.01, 316.3187, 171.09, 238.68, 96.47, 30.27, 63.86, 126.76, 63.5001, 87.655, , , , , 
1/31/2020 10:13:57 AM, 3255.75, 9088.5, 1629.4, 325.04, 221.25, 162.02, 316.3187, 171.09, 238.68, 96.46, 30.27, 63.865, 126.76, 63.5001, 87.655, , , , , 
1/31/2020 10:14:00 AM, 3255.5, 9086.5, 1629.3, 325, 221.22, 161.99, 316.25, 171.08, 238.785, 96.45, 30.27, 63.86, 126.75, 63.5001, 87.655, , , , , 
1/31/2020 10:14:03 AM, 3255.75, 9087.25, 1629.4, 324.99, 221.22, 162, 316.25, 171.08, 238.785, 96.45, 30.27, 63.86, 126.75, 63.5001, 87.655, , , , , 
1/31/2020 10:14:06 AM, 3255.75, 9088, 1629.6, 325.03, 221.27, 162.03, 316.32, 171.1201, 238.78, 96.46, 30.27, 63.85, 126.755, 63.5001, 87.655, , , , , 
1/31/2020 10:14:09 AM, 3256.25, 9090.25, 1629.9, 325.08, 221.27, 162.06, 316.32, 171.1201, 238.78, 96.49, 30.28, 63.86, 126.77, 63.5001, 87.655, , , , , 
1/31/2020 10:14:12 AM, 3256.5, 9092, 1630.3, 325.12, 221.33, 162.09, 316.36, 171.18, 238.9283, 96.51, 30.285, 63.86, 126.78, 63.5001, 87.66, , , , , 
1/31/2020 10:14:15 AM, 3256.5, 9090.75, 1629.9, 325.1, 221.33, 162.06, 316.36, 171.18, 238.9283, 96.5, 30.285, 63.855, 126.78, 63.5001, 87.655, , , , , 
1/31/2020 10:14:18 AM, 3256.25, 9090.25, 1629.9, 325.1, 221.275, 162.05, 316.27, 171.1642, 238.83, 96.5, 30.285, 63.855, 126.78, 63.5001, 87.655, , , , , 
1/31/2020 10:14:21 AM, 3256, 9088.75, 1630, 325.05, 221.275, 162.03, 316.27, 171.1642, 238.83, 96.485, 30.285, 63.85, 126.75, 63.5001, 87.655, , , , , 
1/31/2020 10:14:24 AM, 3256.25, 9088.75, 1629.6, 325.03, 221.25, 162.01, 316.18, 171.15, 238.845, 96.47, 30.285, 63.85, 126.75, 63.5001, 87.655, , , , , 
1/31/2020 10:14:27 AM, 3256, 9089, 1629.4, 325.07, 221.25, 162.02, 316.18, 171.15, 238.845, 96.4744, 30.28, 63.86, 126.76, 63.5001, 87.65, , , , , 
1/31/2020 10:14:30 AM, 3256.25, 9089.5, 1629.7, 325.08, 221.2889, 162.04, 316.25, 171.2101, 238.8114, 96.4744, 30.28, 63.87, 126.77, 63.5001, 87.655, , , , , 
1/31/2020 10:14:33 AM, 3256.5, 9089.5, 1629.8, 325.05, 221.2889, 162.01, 316.25, 171.2101, 238.8114, 96.47, 30.28, 63.88, 126.77, 63.5001, 87.655, , , , , 
1/31/2020 10:14:36 AM, 3256.25, 9087.75, 1629.5, 325.05, 221.2465, 162.01, 316.2, 171.16, 238.66, 96.47, 30.28, 63.875, 126.75, 63.5001, 87.655, , , , , 
1/31/2020 10:14:39 AM, 3256, 9087.5, 1629.3, 325.03, 221.2465, 162, 316.2, 171.16, 238.66, 96.47, 30.28, 63.875, 126.74, 63.5001, 87.655, , , , , 
1/31/2020 10:14:42 AM, 3255.5, 9086.25, 1629, 325.0001, 221.2001, 161.9601, 316.18, 171.119, 238.6197, 96.46, 30.28, 63.875, 126.72, 63.5001, 87.655, , , , , 
1/31/2020 10:14:45 AM, 3255.5, 9085.5, 1629.1, 324.985, 221.2001, 161.97, 316.18, 171.119, 238.6197, 96.4401, 30.28, 63.875, 126.72, 63.5001, 87.655, , , , , 
1/31/2020 10:14:48 AM, 3255.5, 9085.5, 1628.8, 324.985, 221.1638, 161.94, 315.945, 171.1099, 238.37, 96.44, 30.28, 63.875, 126.72, 63.5001, 87.655, , , , , 
1/31/2020 10:14:51 AM, 3255.5, 9085.25, 1628.8, 325.02, 221.1638, 161.98, 315.945, 171.1099, 238.37, 96.445, 30.28, 63.89, 126.72, 63.5001, 87.655, , , , , 
1/31/2020 10:14:54 AM, 3256, 9087.75, 1628.9, 325.02, 221.21, 161.97, 315.98, 171.1, 238.68, 96.4513, 30.28, 63.89, 126.73, 63.5001, 87.6514, , , , , 
1/31/2020 10:14:57 AM, 3256, 9087.5, 1629, 325.07, 221.21, 161.97, 315.98, 171.1, 238.68, 96.47, 30.295, 63.9, 126.74, 63.5001, 87.655, , , , , 
1/31/2020 10:15:00 AM, 3256.25, 9088.75, 1629.2, 325.0899, 221.255, 161.98, 316.02, 171.11, 238.67, 96.47, 30.29, 63.91, 126.745, 63.5001, 87.655, , , , , 
1/31/2020 10:15:03 AM, 3255.25, 9085.25, 1628.5, 325, 221.255, 161.91, 316.02, 171.11, 238.67, 96.44, 30.28, 63.91, 126.71, 63.5001, 87.655, , , , , 
1/31/2020 10:15:06 AM, 3255.75, 9088, 1628.5, 325.03, 221.23, 161.92, 316.1075, 171.13, 238.6499, 96.44, 30.28, 63.91, 126.72, 63.5001, 87.655, , , , , 
1/31/2020 10:15:09 AM, 3255.75, 9088, 1628.7, 325.05, 221.23, 161.94, 316.1075, 171.13, 238.6499, 96.47, 30.29, 63.91, 126.72, 63.5001, 87.655, , , , , 
1/31/2020 10:15:13 AM, 3256, 9088.25, 1628.8, 325.04, 221.22, 161.95, 316.155, 171.12, 238.6368, 96.47, 30.29, 63.9, 126.7, 63.5001, 87.655, , , , , 
1/31/2020 10:15:16 AM, 3255.5, 9086.5, 1628.5, 325, 221.22, 161.93, 316.155, 171.12, 238.6368, 96.45, 30.28, 63.89, 126.69, 63.5001, 87.6525, , , , , 
1/31/2020 10:15:19 AM, 3255, 9086.25, 1628.5, 324.97, 221.21, 161.94, 316.0999, 171.14, 238.53, 96.45, 30.28, 63.89, 126.69, 63.5001, 87.655, , , , , 
1/31/2020 10:15:22 AM, 3255, 9086.25, 1628.6, 324.95, 221.205, 161.915, 316.12, 171.16, 238.53, 96.45, 30.28, 63.88, 126.69, 63.5001, 87.655, , , , , 
1/31/2020 10:15:25 AM, 3255, 9086.25, 1628.6, 324.98, 221.2205, 161.95, 316.0966, 171.17, 238.535, 96.45, 30.28, 63.88, 126.7, 63.5001, 87.655, , , , , 
1/31/2020 10:15:28 AM, 3255.5, 9088, 1628.9, 325, 221.25, 161.95, 316.09, 171.19, 238.59, 96.455, 30.28, 63.89, 126.71, 63.5001, 87.655, , , , , 
1/31/2020 10:15:31 AM, 3255.5, 9088, 1628.9, 324.98, 221.22, 161.94, 316.0567, 171.17, 238.6, 96.46, 30.28, 63.895, 126.71, 63.5001, 87.655, , , , , 
1/31/2020 10:15:34 AM, 3254.75, 9085.25, 1628.5, 324.95, 221.18, 161.935, 315.9411, 171.145, 238.59, 96.44, 30.28, 63.895, 126.71, 63.5001, 87.655, , , , , 
1/31/2020 10:15:37 AM, 3254.75, 9085.25, 1628.5, 324.93, 221.16, 161.92, 315.87, 171.1197, 238.51, 96.43, 30.27, 63.89, 126.69, 63.5001, 87.655, , , , , 
1/31/2020 10:15:40 AM, 3255, 9085.5, 1628.6, 324.93, 221.18, 161.91, 315.74, 171.12, 238.49, 96.41, 30.27, 63.895, 126.69, 63.5001, 87.6425, , , , , 
1/31/2020 10:15:43 AM, 3255, 9085.5, 1628.6, 324.94, 221.18, 161.93, 315.75, 171.135, 238.52, 96.42, 30.27, 63.91, 126.69, 63.5001, 87.645, , , , , 
1/31/2020 10:15:46 AM, 3255.5, 9088, 1629.2, 324.97, 221.22, 161.94, 315.7, 171.175, 238.55, 96.43, 30.28, 63.91, 126.7, 63.5001, 87.645, , , , , 
1/31/2020 10:15:49 AM, 3255.5, 9088, 1629.2, 325.06, 221.24, 162.01, 315.8148, 171.18, 238.62, 96.45, 30.29, 63.91, 126.73, 63.5001, 87.65, , , , , 
1/31/2020 10:15:52 AM, 3255.5, 9087, 1628.8, 325.03, 221.25, 161.98, 315.8935, 171.17, 238.57, 96.45, 30.28, 63.92, 126.73, 63.5001, 87.65, , , , , 
1/31/2020 10:15:55 AM, 3255.5, 9087, 1628.8, 325.005, 221.2165, 161.96, 315.8188, 171.155, 238.51, 96.44, 30.28, 63.915, 126.73, 63.5001, 87.645, , , , , 
1/31/2020 10:15:58 AM, 3255.5, 9087.75, 1628.7, 325, 221.2156, 161.96, 315.775, 171.16, 238.51, 96.435, 30.2836, 63.915, 126.73, 63.5001, 87.646, , , , , 
1/31/2020 10:16:01 AM, 3255.5, 9087.75, 1628.7, 325.026, 221.23, 161.96, 315.8499, 171.1899, 238.583, 96.44, 30.28, 63.92, 126.73, 63.5001, 87.646, , , , , 
1/31/2020 10:16:04 AM, 3255.25, 9087, 1628.6, 324.978, 221.22, 161.95, 315.7576, 171.17, 238.45, 96.43, 30.28, 63.91, 126.74, 63.5001, 87.645, , , , , 
1/31/2020 10:16:07 AM, 3255.25, 9087, 1628.6, 324.98, 221.22, 161.94, 315.68, 171.175, 238.4601, 96.43, 30.275, 63.91, 126.74, 63.5001, 87.645, , , , , 
1/31/2020 10:16:10 AM, 3255, 9085, 1628.1, 324.9401, 221.18, 161.88, 315.5842, 171.1538, 238.385, 96.41, 30.27, 63.91, 126.72, 63.5001, 87.645, , , , , 
1/31/2020 10:16:13 AM, 3255, 9085, 1628.1, 324.95, 221.2, 161.88, 315.6, 171.17, 238.47, 96.41, 30.27, 63.91, 126.71, 63.5001, 87.645, , , , , 
1/31/2020 10:16:16 AM, 3256, 9088.25, 1628.7, 325.02, 221.245, 161.9232, 315.59, 171.195, 238.52, 96.42, 30.28, 63.91, 126.74, 63.5001, 87.645, , , , , 
1/31/2020 10:16:19 AM, 3256, 9088.25, 1628.7, 325.02, 221.22, 161.93, 315.4568, 171.19, 238.53, 96.43, 30.28, 63.905, 126.75, 63.5001, 87.645, , , , , 
1/31/2020 10:16:22 AM, 3255, 9085.75, 1628.2, 324.97, 221.17, 161.885, 315.39, 171.16, 238.45, 96.41, 30.28, 63.9, 126.73, 63.5001, 87.645, , , , , 
1/31/2020 10:16:25 AM, 3255, 9085.75, 1628.2, 324.9613, 221.2, 161.91, 315.4439, 171.17, 238.52, 96.4, 30.275, 63.89, 126.73, 63.5001, 87.642, , , , , 
1/31/2020 10:16:28 AM, 3255.5, 9087.75, 1628.7, 325, 221.22, 161.93, 315.5, 171.18, 238.5, 96.42, 30.27, 63.89, 126.73, 63.5001, 87.645, , , , , 
1/31/2020 10:16:31 AM, 3255.5, 9087.75, 1628.7, 325, 221.2499, 161.94, 315.52, 171.2, 238.57, 96.42, 30.28, 63.89, 126.74, 63.5001, 87.645, , , , , 
1/31/2020 10:16:34 AM, 3256, 9089.25, 1629.2, 325.0389, 221.26, 161.97, 315.5, 171.25, 238.7039, 96.44, 30.28, 63.9, 126.74, 63.5001, 87.645, , , , , 
1/31/2020 10:16:37 AM, 3256, 9089.25, 1629.2, 325.0672, 221.31, 162.01, 315.59, 171.29, 238.76, 96.46, 30.28, 63.9, 126.77, 63.5001, 87.645, , , , , 
1/31/2020 10:16:40 AM, 3256.5, 9090.75, 1629.5, 325.08, 221.31, 162.01, 315.52, 171.3, 238.805, 96.47, 30.28, 63.9, 126.8, 63.5001, 87.645, , , , , 
1/31/2020 10:16:43 AM, 3256.5, 9090.75, 1629.5, 325.08, 221.3195, 161.99, 315.61, 171.295, 238.77, 96.4638, 30.28, 63.91, 126.8, 63.5001, 87.65, , , , , 
1/31/2020 10:16:46 AM, 3256, 9090.25, 1629, 325.08, 221.29, 161.98, 315.5715, 171.2802, 238.73, 96.4638, 30.29, 63.91, 126.79, 63.5001, 87.65, , , , , 
1/31/2020 10:16:49 AM, 3256, 9090.25, 1629, 325.08, 221.32, 161.99, 315.65, 171.3, 238.62, 96.4729, 30.28, 63.91, 126.8, 63.5001, 87.645, , , , , 
1/31/2020 10:16:52 AM, 3256.25, 9090.25, 1628.7, 325.07, 221.31, 161.94, 315.61, 171.31, 238.7005, 96.47, 30.285, 63.91, 126.79, 63.5001, 87.645, , , , , 
1/31/2020 10:16:55 AM, 3256.25, 9090.25, 1628.7, 325.08, 221.2799, 161.92, 315.605, 171.28, 238.615, 96.47, 30.2899, 63.91, 126.79, 63.5001, 87.645, , , , , 
1/31/2020 10:16:58 AM, 3255.75, 9088.5, 1628.3, 325.0399, 221.2799, 161.91, 315.51, 171.265, 238.48, 96.47, 30.28, 63.9, 126.79, 63.5001, 87.645, , , , , 
1/31/2020 10:17:01 AM, 3255.75, 9088.5, 1628.3, 325.005, 221.21, 161.89, 315.44, 171.23, 238.425, 96.44, 30.28, 63.9, 126.79, 63.5001, 87.645, , , , , 
1/31/2020 10:17:04 AM, 3255, 9085.75, 1628, 324.9599, 221.21, 161.85, 315.5085, 171.22, 238.4, 96.41, 30.28, 63.88, 126.74, 63.5001, 87.645, , , , , 
1/31/2020 10:17:07 AM, 3254.5, 9084.75, 1627.7, 324.88, 221.15, 161.8217, 315.4, 171.2, 238.4, 96.39, 30.27, 63.88, 126.72, 63.5001, 87.645, , , , , 
1/31/2020 10:17:10 AM, 3254.75, 9084.25, 1627.8, 324.92, 221.16, 161.84, 315.425, 171.22, 238.48, 96.4044, 30.27, 63.88, 126.73, 63.5001, 87.645, , , , , 
1/31/2020 10:17:14 AM, 3254.75, 9084.25, 1627.8, 324.89, 221.12, 161.83, 315.3906, 171.17, 238.38, 96.4, 30.26, 63.87, 126.72, 63.5001, 87.645, , , , , 
1/31/2020 10:17:17 AM, 3254.5, 9083, 1627.5, 324.87, 221.118, 161.83, 315.42, 171.17, 238.29, 96.4, 30.27, 63.87, 126.7195, 63.5001, 87.645, , , , , 
1/31/2020 10:17:20 AM, 3254.75, 9084.25, 1627.9, 324.92, 221.11, 161.84, 315.35, 171.16, 238.3, 96.39, 30.27, 63.87, 126.72, 63.5001, 87.645, , , , , 
1/31/2020 10:17:23 AM, 3254.75, 9083.75, 1627.6, 324.92, 221.1511, 161.84, 315.465, 171.195, 238.26, 96.39, 30.27, 63.87, 126.72, 63.5001, 87.645, , , , , 
1/31/2020 10:17:26 AM, 3255, 9084.5, 1627.5, 324.93, 221.15, 161.83, 315.4799, 171.19, 238.2501, 96.41, 30.27, 63.865, 126.72, 63.5001, 87.6423, , , , , 
1/31/2020 10:17:29 AM, 3254.5, 9083.25, 1627.4, 324.93, 221.15, 161.83, 315.4342, 171.17, 238.3102, 96.41, 30.27, 63.865, 126.72, 63.5001, 87.6423, , , , , 
1/31/2020 10:17:32 AM, 3254.5, 9083.5, 1627.5, 324.92, 221.125, 161.83, 315.3222, 171.1658, 238.3, 96.405, 30.27, 63.86, 126.72, 63.5001, 87.64, , , , , 
1/31/2020 10:17:35 AM, 3255, 9083.75, 1627.7, 324.92, 221.155, 161.83, 315.42, 171.2, 238.4217, 96.405, 30.27, 63.86, 126.72, 63.5001, 87.64, , , , , 
1/31/2020 10:17:38 AM, 3254.75, 9083.25, 1627.5, 324.9, 221.13, 161.82, 315.3302, 171.21, 238.405, 96.41, 30.27, 63.85, 126.7, 63.5001, 87.645, , , , , 
1/31/2020 10:17:41 AM, 3254.5, 9082.25, 1627.4, 324.9, 221.1, 161.82, 315.332, 171.19, 238.3, 96.41, 30.27, 63.85, 126.7, 63.5001, 87.645, , , , , 
1/31/2020 10:17:44 AM, 3254.75, 9083.5, 1627.7, 324.92, 221.1138, 161.84, 315.3434, 171.1369, 238.36, 96.41, 30.27, 63.86, 126.7, 63.5001, 87.645, , , , , 
1/31/2020 10:17:47 AM, 3254.25, 9082.5, 1627.4, 324.92, 221.1, 161.84, 315.28, 171.13, 238.37, 96.41, 30.27, 63.86, 126.7, 63.5001, 87.645, , , , , 
1/31/2020 10:17:50 AM, 3254.25, 9081.5, 1627.3, 324.89, 221.1, 161.81, 315.29, 171.1583, 238.32, 96.3946, 30.26, 63.85, 126.69, 63.5001, 87.645, , , , , 
1/31/2020 10:17:53 AM, 3254, 9080.25, 1627.1, 324.89, 221.1, 161.81, 315.28, 171.15, 238.32, 96.3946, 30.26, 63.85, 126.69, 63.5001, 87.645, , , , , 
1/31/2020 10:17:56 AM, 3253.75, 9079.75, 1627.2, 324.82, 221.055, 161.79, 315.2, 171.1, 238.3159, 96.37, 30.26, 63.85, 126.67, 63.5001, 87.635, , , , , 
1/31/2020 10:17:59 AM, 3254, 9079.75, 1627.4, 324.82, 221.05, 161.79, 315.175, 171.09, 238.2301, 96.37, 30.26, 63.85, 126.67, 63.5001, 87.635, , , , , 
1/31/2020 10:18:02 AM, 3253.75, 9079.25, 1627.1, 324.86, 221.03, 161.79, 315.1688, 171.02, 238.2975, 96.37, 30.265, 63.85, 126.69, 63.5001, 87.63, , , , , 
1/31/2020 10:18:05 AM, 3254.25, 9080.25, 1627.6, 324.86, 221.05, 161.79, 315.19, 171.055, 238.3054, 96.37, 30.265, 63.85, 126.69, 63.5001, 87.63, , , , , 
1/31/2020 10:18:08 AM, 3254, 9079.5, 1627.5, 324.84, 221.05, 161.81, 315.24, 171.05, 238.38, 96.36, 30.27, 63.85, 126.7, 63.5001, 87.63, , , , , 
1/31/2020 10:18:11 AM, 3253.75, 9078.5, 1627.4, 324.84, 221.015, 161.81, 315.0815, 170.955, 238.265, 96.36, 30.27, 63.85, 126.7, 63.5001, 87.63, , , , , 
1/31/2020 10:18:14 AM, 3254.5, 9080.25, 1627.7, 324.88, 221.04, 161.86, 315.1999, 170.98, 238.2506, 96.37, 30.26, 63.87, 126.71, 63.5001, 87.63, , , , , 
1/31/2020 10:18:17 AM, 3254, 9078.5, 1627.7, 324.88, 221.01, 161.86, 315.14, 170.9345, 238.275, 96.37, 30.26, 63.87, 126.71, 63.5001, 87.63, , , , , 
1/31/2020 10:18:20 AM, 3254.5, 9080.5, 1627.9, 324.89, 221.015, 161.84, 315.115, 170.95, 238.25, 96.37, 30.265, 63.875, 126.73, 63.5001, 87.63, , , , , 
1/31/2020 10:18:23 AM, 3254.25, 9079, 1627.9, 324.89, 221.02, 161.84, 315.1313, 170.94, 238.24, 96.37, 30.265, 63.875, 126.73, 63.5001, 87.63, , , , , 
1/31/2020 10:18:26 AM, 3254.5, 9080.5, 1627.9, 324.9, 221.06, 161.85, 315.18, 170.935, 238.29, 96.36, 30.27, 63.88, 126.72, 63.5001, 87.63, , , , , 
1/31/2020 10:18:29 AM, 3254.75, 9081.25, 1628, 324.9, 221.07, 161.85, 315.195, 170.9307, 238.2601, 96.36, 30.27, 63.88, 126.72, 63.5001, 87.63, , , , , 
1/31/2020 10:18:32 AM, 3254.75, 9081.5, 1627.9, 324.92, 221.06, 161.86, 315.24, 170.94, 238.31, 96.37, 30.27, 63.89, 126.73, 63.5001, 87.63, , , , , 
1/31/2020 10:18:35 AM, 3255.25, 9082.75, 1628, 324.92, 221.11, 161.85, 315.27, 170.9431, 238.27, 96.37, 30.27, 63.89, 126.72, 63.5001, 87.63, , , , , 
1/31/2020 10:18:38 AM, 3255.5, 9083.75, 1628, 324.98, 221.15, 161.86, 315.335, 170.97, 238.525, 96.39, 30.2713, 63.9, 126.77, 63.5001, 87.64, , , , , 
1/31/2020 10:18:41 AM, 3255.5, 9083.75, 1628.1, 324.98, 221.13, 161.86, 315.32, 170.94, 238.5599, 96.39, 30.2713, 63.9, 126.77, 63.5001, 87.64, , , , , 
1/31/2020 10:18:44 AM, 3256, 9085.75, 1628.5, 325.05, 221.18, 161.925, 315.42, 170.9468, 238.61, 96.4044, 30.285, 63.915, 126.81, 63.5001, 87.64, , , , , 
1/31/2020 10:18:47 AM, 3256, 9087, 1628.7, 325.05, 221.2, 161.925, 315.41, 170.9731, 238.63, 96.4044, 30.285, 63.915, 126.81, 63.5001, 87.64, , , , , 
1/31/2020 10:18:50 AM, 3256, 9084.5, 1628.3, 325.02, 221.19, 161.89, 315.45, 170.98, 238.63, 96.4, 30.28, 63.92, 126.805, 63.5001, 87.645, , , , , 
1/31/2020 10:18:53 AM, 3255.5, 9083.25, 1628.2, 325.02, 221.124, 161.89, 315.36, 170.9144, 238.57, 96.4, 30.28, 63.92, 126.805, 63.5001, 87.645, , , , , 
1/31/2020 10:18:56 AM, 3255.25, 9083.25, 1628.2, 324.99, 221.13, 161.89, 315.36, 170.915, 238.57, 96.37, 30.28, 63.93, 126.79, 63.5001, 87.645, , , , , 
1/31/2020 10:18:59 AM, 3255.25, 9083, 1628.2, 324.99, 221.15, 161.89, 315.41, 170.915, 238.36, 96.37, 30.28, 63.93, 126.79, 63.5001, 87.645, , , , , 
1/31/2020 10:19:02 AM, 3255.25, 9083.5, 1628.1, 324.91, 221.115, 161.84, 315.4379, 170.88, 238.55, 96.36, 30.27, 63.94, 126.75, 63.5001, 87.645, , , , , 
1/31/2020 10:19:05 AM, 3255.25, 9083.25, 1628.1, 324.91, 221.09, 161.84, 315.42, 170.86, 238.55, 96.36, 30.27, 63.94, 126.75, 63.5001, 87.645, , , , , 
1/31/2020 10:19:08 AM, 3254.75, 9082.25, 1628, 324.96, 221.12, 161.88, 315.475, 170.855, 238.41, 96.3734, 30.27, 63.94, 126.76, 63.5001, 87.64, , , , , 
1/31/2020 10:19:11 AM, 3255, 9083.25, 1628.1, 324.96, 221.13, 161.88, 315.54, 170.81, 238.4475, 96.3734, 30.27, 63.94, 126.76, 63.5001, 87.64, , , , , 
1/31/2020 10:19:14 AM, 3255.75, 9085, 1628.4, 324.9999, 221.19, 161.91, 315.61, 170.88, 238.8, 96.39, 30.275, 63.93, 126.79, 63.5001, 87.64, , , , , 
1/31/2020 10:19:17 AM, 3255.5, 9085.25, 1628.3, 324.9999, 221.16, 161.91, 315.585, 170.89, 238.8, 96.39, 30.275, 63.93, 126.79, 63.5001, 87.64, , , , , 
1/31/2020 10:19:20 AM, 3255.75, 9086, 1628.4, 325.0212, 221.195, 161.92, 315.64, 170.91, 238.726, 96.4017, 30.2769, 63.925, 126.81, 63.5001, 87.64, , , , , 
1/31/2020 10:19:23 AM, 3255.5, 9085.75, 1628.4, 325.0212, 221.21, 161.92, 315.73, 170.92, 238.755, 96.4017, 30.2769, 63.925, 126.81, 63.5001, 87.64, , , , , 
1/31/2020 10:19:26 AM, 3256, 9087.5, 1628.7, 325.04, 221.2201, 161.94, 315.75, 170.96, 238.904, 96.42, 30.275, 63.925, 126.81, 63.5001, 87.64, , , , , 
1/31/2020 10:19:30 AM, 3256, 9087.25, 1628.6, 325.04, 221.2156, 161.94, 315.77, 170.97, 238.785, 96.42, 30.275, 63.925, 126.81, 63.5001, 87.64, , , , , 
1/31/2020 10:19:33 AM, 3256.5, 9089.25, 1629, 325.085, 221.23, 161.98, 315.84, 170.99, 238.73, 96.44, 30.2897, 63.94, 126.83, 63.5001, 87.65, , , , , 
1/31/2020 10:19:36 AM, 3256.5, 9089.75, 1629.2, 325.085, 221.2744, 161.98, 315.78, 170.9956, 238.93, 96.44, 30.2897, 63.94, 126.83, 63.5001, 87.65, , , , , 
1/31/2020 10:19:39 AM, 3257, 9090.75, 1629.5, 325.12, 221.29, 162, 315.85, 170.99, 238.93, 96.46, 30.29, 63.945, 126.84, 63.5001, 87.65, , , , , 
1/31/2020 10:19:42 AM, 3257, 9091.5, 1629.4, 325.1456, 221.3195, 162.02, 315.875, 171.045, 239.0252, 96.46, 30.2944, 63.94, 126.84, 63.5001, 87.66, , , , , 
1/31/2020 10:19:45 AM, 3257, 9091, 1629.4, 325.15, 221.3195, 162.012, 315.875, 171.045, 239.0252, 96.465, 30.29, 63.94, 126.84, 63.5001, 87.66, , , , , 
1/31/2020 10:19:48 AM, 3257, 9090.75, 1629.4, 325.17, 221.32, 162.01, 315.96, 171.0307, 238.94, 96.47, 30.29, 63.93, 126.86, 63.5001, 87.66, , , , , 
1/31/2020 10:19:51 AM, 3257, 9090.5, 1629.2, 325.155, 221.32, 162, 315.96, 171.0307, 238.94, 96.46, 30.29, 63.93, 126.86, 63.5001, 87.66, , , , , 
1/31/2020 10:19:54 AM, 3257, 9090, 1629.4, 325.155, 221.305, 162.01, 316.0605, 170.9412, 238.89, 96.4697, 30.29, 63.95, 126.86, 63.5001, 87.66, , , , , 
1/31/2020 10:19:57 AM, 3257, 9090.5, 1629.5, 325.145, 221.305, 162.01, 316.0605, 170.9412, 238.89, 96.46, 30.29, 63.95, 126.86, 63.5001, 87.66, , , , , 
1/31/2020 10:20:00 AM, 3257.25, 9090.25, 1629.7, 325.18, 221.31, 162.03, 316.0297, 170.93, 238.8759, 96.46, 30.3, 63.95, 126.88, 63.5001, 87.66, , , , , 
1/31/2020 10:20:03 AM, 3257, 9090.5, 1629.8, 325.13, 221.31, 162.03, 316.0297, 170.93, 238.8759, 96.44, 30.3, 63.95, 126.86, 63.5001, 87.665, , , , , 
1/31/2020 10:20:06 AM, 3256.75, 9090, 1629.6, 325.12, 221.33, 162.04, 316.0258, 170.9263, 238.91, 96.44, 30.29, 63.94, 126.85, 63.5001, 87.664, , , , , 
1/31/2020 10:20:09 AM, 3256.75, 9091, 1629.5, 325.12, 221.33, 162.01, 316.0258, 170.9263, 238.91, 96.45, 30.2933, 63.94, 126.89, 63.5001, 87.664, , , , , 
1/31/2020 10:20:12 AM, 3256.75, 9090.5, 1629.2, 325.1, 221.32, 161.97, 316.05, 170.94, 238.82, 96.44, 30.2933, 63.935, 126.88, 63.5001, 87.66, , , , , 
1/31/2020 10:20:15 AM, 3256.75, 9091.75, 1629.4, 325.16, 221.32, 162.02, 316.05, 170.94, 238.82, 96.46, 30.3, 63.935, 126.88, 63.5001, 87.66, , , , , 
1/31/2020 10:20:18 AM, 3257.5, 9093.5, 1629.7, 325.18, 221.3825, 162.05, 316.15, 171.02, 238.9384, 96.48, 30.304, 63.95, 126.9, 63.5001, 87.66, , , , , 
1/31/2020 10:20:21 AM, 3257.75, 9093.5, 1630.2, 325.2, 221.3825, 162.06, 316.15, 171.02, 238.9384, 96.49, 30.3, 63.9535, 126.91, 63.5001, 87.66, , , , , 
1/31/2020 10:20:24 AM, 3257.5, 9094, 1630.2, 325.23, 221.4, 162.11, 316.22, 171.03, 239.07, 96.49, 30.3, 63.95, 126.92, 63.5001, 87.66, , , , , 
1/31/2020 10:20:27 AM, 3257.75, 9094.5, 1630.5, 325.22, 221.4, 162.12, 316.22, 171.03, 239.07, 96.5, 30.3096, 63.95, 126.92, 63.5001, 87.66, , , , , 
1/31/2020 10:20:30 AM, 3257.75, 9094, 1630.4, 325.22, 221.41, 162.11, 316.3244, 171.06, 239.0308, 96.5, 30.31, 63.95, 126.92, 63.5001, 87.66, , , , , 
1/31/2020 10:20:33 AM, 3258.25, 9095.5, 1630.6, 325.28, 221.41, 162.12, 316.3244, 171.06, 239.0308, 96.51, 30.315, 63.95, 126.92, 63.5001, 87.67, , , , , 
1/31/2020 10:20:36 AM, 3258, 9095, 1630.4, 325.265, 221.42, 162.1, 316.3366, 171.06, 239.145, 96.52, 30.31, 63.95, 126.93, 63.5001, 87.665, , , , , 
1/31/2020 10:20:39 AM, 3258.5, 9096.25, 1630.5, 325.29, 221.42, 162.12, 316.3366, 171.06, 239.145, 96.52, 30.32, 63.96, 126.93, 63.5001, 87.67, , , , , 
1/31/2020 10:20:42 AM, 3258.75, 9096.75, 1630.7, 325.32, 221.43, 162.13, 316.35, 171.11, 239.15, 96.52, 30.32, 63.98, 126.945, 63.5001, 87.67, , , , , 
1/31/2020 10:20:45 AM, 3258.5, 9095.5, 1630.5, 325.3, 221.43, 162.1, 316.35, 171.11, 239.15, 96.53, 30.32, 63.99, 126.945, 63.5001, 87.67, , , , , 
1/31/2020 10:20:48 AM, 3258, 9093.75, 1630, 325.23, 221.37, 162.06, 316.2592, 171.0481, 239.105, 96.5001, 30.31, 63.98, 126.945, 63.5001, 87.67, , , , , 
1/31/2020 10:20:51 AM, 3257.75, 9093, 1629.8, 325.23, 221.37, 162.05, 316.2592, 171.0481, 239.105, 96.5001, 30.31, 63.97, 126.92, 63.5001, 87.665, , , , , 
1/31/2020 10:20:54 AM, 3258.25, 9094.25, 1630.1, 325.27, 221.41, 162.08, 316.42, 171.08, 239.1, 96.5001, 30.31, 63.98, 126.945, 63.5001, 87.665, , , , , 
1/31/2020 10:20:57 AM, 3258.25, 9094.75, 1630, 325.28, 221.41, 162.08, 316.42, 171.08, 239.1, 96.52, 30.32, 63.975, 126.945, 63.5001, 87.665, , , , , 
1/31/2020 10:21:00 AM, 3258, 9094.75, 1630.2, 325.255, 221.39, 162.08, 316.35, 171.0538, 239.0901, 96.51, 30.31, 63.97, 126.95, 63.5001, 87.665, , , , , 
1/31/2020 10:21:03 AM, 3258, 9093.5, 1629.9, 325.24, 221.39, 162.08, 316.35, 171.0538, 239.0901, 96.5, 30.31, 63.97, 126.94, 63.5001, 87.665, , , , , 
1/31/2020 10:21:06 AM, 3257.75, 9093, 1630, 325.23, 221.36, 162.06, 316.34, 171.01, 239.07, 96.5, 30.31, 63.97, 126.94, 63.5001, 87.665, , , , , 
1/31/2020 10:21:09 AM, 3257.75, 9093.25, 1629.8, 325.225, 221.36, 162.07, 316.34, 171.01, 239.07, 96.5, 30.31, 63.97, 126.935, 63.5001, 87.665, , , , , 
1/31/2020 10:21:12 AM, 3257.5, 9091.5, 1629.8, 325.2, 221.37, 162.04, 316.43, 171.055, 239.1187, 96.49, 30.305, 63.97, 126.92, 63.5001, 87.66, , , , , 
1/31/2020 10:21:15 AM, 3257.5, 9093.25, 1629.8, 325.205, 221.37, 162.06, 316.43, 171.055, 239.1187, 96.49, 30.3, 63.96, 126.92, 63.5001, 87.66, , , , , 
1/31/2020 10:21:18 AM, 3257.25, 9092.5, 1629.8, 325.2023, 221.375, 162.07, 316.4, 171.05, 239.1187, 96.5, 30.305, 63.96, 126.91, 63.5001, 87.66, , , , , 
1/31/2020 10:21:21 AM, 3257, 9092.25, 1630.1, 325.17, 221.375, 162.08, 316.4, 171.05, 239.1187, 96.48, 30.305, 63.95, 126.92, 63.5001, 87.66, , , , , 
1/31/2020 10:21:24 AM, 3257.25, 9093.25, 1630.4, 325.19, 221.3537, 162.1, 316.36, 171.04, 239.095, 96.49, 30.305, 63.95, 126.92, 63.5001, 87.66, , , , , 
1/31/2020 10:21:27 AM, 3257.25, 9092, 1630.4, 325.195, 221.3537, 162.105, 316.36, 171.04, 239.095, 96.49, 30.3034, 63.95, 126.92, 63.5001, 87.66, , , , , 
1/31/2020 10:21:30 AM, 3257.25, 9092, 1630.4, 325.2, 221.36, 162.11, 316.47, 171.04, 239.15, 96.49, 30.31, 63.95, 126.92, 63.5001, 87.66, , , , , 
1/31/2020 10:21:34 AM, 3257.5, 9092.5, 1630.5, 325.205, 221.36, 162.12, 316.47, 171.04, 239.15, 96.4921, 30.3102, 63.9528, 126.9, 63.5001, 87.66, , , , , 
1/31/2020 10:21:37 AM, 3257.5, 9093.5, 1630.8, 325.225, 221.42, 162.14, 316.51, 171.0801, 239.1844, 96.5, 30.3102, 63.9528, 126.92, 63.5001, 87.66, , , , , 
1/31/2020 10:21:40 AM, 3258.5, 9096, 1631.2, 325.27, 221.44, 162.17, 316.52, 171.0861, 239.22, 96.51, 30.32, 63.96, 126.935, 63.5001, 87.67, , , , , 
1/31/2020 10:21:43 AM, 3258.5, 9096, 1631.2, 325.3099, 221.45, 162.19, 316.5535, 171.09, 239.35, 96.515, 30.32, 63.965, 126.96, 63.5001, 87.67, , , , , 
1/31/2020 10:21:46 AM, 3258.25, 9095.25, 1631, 325.28, 221.44, 162.185, 316.48, 171.08, 239.33, 96.52, 30.32, 63.965, 126.96, 63.5001, 87.665, , , , , 
1/31/2020 10:21:49 AM, 3258.25, 9095.25, 1631, 325.2741, 221.44, 162.17, 316.5526, 171.08, 239.4699, 96.52, 30.32, 63.96, 126.95, 63.5001, 87.665, , , , , 
1/31/2020 10:21:52 AM, 3258.75, 9097.25, 1631.4, 325.33, 221.46, 162.19, 316.5491, 171.0994, 239.3597, 96.53, 30.32, 63.96, 126.96, 63.5001, 87.665, , , , , 
1/31/2020 10:21:55 AM, 3258.75, 9097.25, 1631.4, 325.31, 221.47, 162.2, 316.54, 171.11, 239.4008, 96.53, 30.32, 63.96, 126.955, 63.5001, 87.67, , , , , 
1/31/2020 10:21:58 AM, 3258.75, 9097.75, 1631.6, 325.34, 221.4687, 162.23, 316.5595, 171.13, 239.4166, 96.53, 30.32, 63.96, 126.96, 63.5001, 87.67, , , , , 
1/31/2020 10:22:01 AM, 3258.75, 9097.75, 1631.6, 325.35, 221.49, 162.23, 316.56, 171.1399, 239.38, 96.54, 30.32, 63.96, 126.97, 63.5001, 87.67, , , , , 
1/31/2020 10:22:04 AM, 3259.25, 9098.75, 1632, 325.32, 221.47, 162.24, 316.55, 171.11, 239.2959, 96.54, 30.32, 63.96, 126.96, 63.5001, 87.69, , , , , 
1/31/2020 10:22:07 AM, 3259.25, 9098.75, 1632, 325.39, 221.51, 162.25, 316.5965, 171.1545, 239.39, 96.5597, 30.3213, 63.96, 126.98, 63.5001, 87.685, , , , , 
1/31/2020 10:22:10 AM, 3259.75, 9100, 1632.1, 325.4, 221.54, 162.28, 316.61, 171.17, 239.3801, 96.555, 30.325, 63.97, 127, 63.5001, 87.685, , , , , 
1/31/2020 10:22:13 AM, 3259.75, 9100, 1632.1, 325.43, 221.5199, 162.27, 316.57, 171.13, 239.4081, 96.56, 30.325, 63.98, 127, 63.5001, 87.69, , , , , 
1/31/2020 10:22:16 AM, 3258.75, 9096, 1631.5, 325.37, 221.45, 162.22, 316.5274, 171.09, 239.3, 96.54, 30.32, 63.98, 127, 63.5001, 87.685, , , , , 
1/31/2020 10:22:19 AM, 3258.75, 9096, 1631.5, 325.335, 221.44, 162.2101, 316.545, 171.09, 239.1615, 96.52, 30.32, 63.98, 126.96, 63.5001, 87.67, , , , , 
1/31/2020 10:22:22 AM, 3259.25, 9097.25, 1631.9, 325.355, 221.47, 162.25, 316.6318, 171.125, 239.33, 96.53, 30.315, 63.97, 126.96, 63.5001, 87.67, , , , , 
1/31/2020 10:22:25 AM, 3259.25, 9097.25, 1631.9, 325.35, 221.48, 162.25, 316.6487, 171.09, 239.27, 96.53, 30.32, 63.965, 126.96, 63.5001, 87.67, , , , , 
1/31/2020 10:22:28 AM, 3258.75, 9097.25, 1632, 325.38, 221.48, 162.265, 316.62, 171.1098, 239.27, 96.56, 30.3221, 63.965, 126.96, 63.5001, 87.67, , , , , 
1/31/2020 10:22:31 AM, 3258.75, 9097.25, 1632, 325.33, 221.49, 162.25, 316.61, 171.095, 239.21, 96.55, 30.32, 63.965, 126.96, 63.5001, 87.67, , , , , 
1/31/2020 10:22:34 AM, 3259.25, 9097.5, 1632.1, 325.37, 221.48, 162.25, 316.62, 171.11, 239.28, 96.56, 30.32, 63.965, 126.98, 63.5001, 87.67, , , , , 
1/31/2020 10:22:37 AM, 3259.25, 9097.5, 1632.1, 325.39, 221.49, 162.27, 316.63, 171.09, 239.28, 96.56, 30.32, 63.97, 126.97, 63.5001, 87.67, , , , , 
1/31/2020 10:22:40 AM, 3259.5, 9098.75, 1632, 325.38, 221.5, 162.27, 316.66, 171.095, 239.28, 96.56, 30.325, 63.97, 126.98, 63.5001, 87.67, , , , , 
1/31/2020 10:22:43 AM, 3259.5, 9098.75, 1632, 325.39, 221.5, 162.28, 316.66, 171.095, 239.28, 96.5533, 30.325, 63.98, 126.99, 63.5001, 87.67, , , , , 
1/31/2020 10:22:46 AM, 3259.5, 9098.25, 1631.9, 325.36, 221.48, 162.28, 316.65, 171.0971, 239.29, 96.5533, 30.325, 63.98, 126.99, 63.5001, 87.67, , , , , 
1/31/2020 10:22:49 AM, 3259.5, 9098.25, 1631.9, 325.41, 221.51, 162.25, 316.68, 171.12, 239.4, 96.55, 30.325, 63.97, 126.98, 63.5001, 87.67, , , , , 
1/31/2020 10:22:52 AM, 3260, 9099, 1631.7, 325.43, 221.51, 162.25, 316.72, 171.16, 239.3454, 96.55, 30.3201, 63.98, 127.01, 63.5001, 87.675, , , , , 
1/31/2020 10:22:55 AM, 3260, 9099, 1631.7, 325.43, 221.4801, 162.24, 316.64, 171.13, 239.3454, 96.569, 30.3201, 63.98, 127.01, 63.5001, 87.68, , , , , 
1/31/2020 10:22:58 AM, 3259.25, 9097.25, 1631.7, 325.41, 221.48, 162.23, 316.6199, 171.133, 239.24, 96.569, 30.325, 63.98, 127, 63.5001, 87.68, , , , , 
1/31/2020 10:23:01 AM, 3259.25, 9097.25, 1631.7, 325.4, 221.48, 162.235, 316.635, 171.16, 239.24, 96.557, 30.325, 63.98, 127, 63.5001, 87.68, , , , , 
1/31/2020 10:23:04 AM, 3259.25, 9095.75, 1631.6, 325.38, 221.44, 162.245, 316.58, 171.135, 239.223, 96.56, 30.325, 63.98, 127.01, 63.5001, 87.68, , , , , 
1/31/2020 10:23:07 AM, 3259.25, 9095.75, 1631.6, 325.35, 221.44, 162.23, 316.58, 171.12, 239.1307, 96.54, 30.325, 63.97, 126.99, 63.5001, 87.675, , , , , 
1/31/2020 10:23:10 AM, 3258.5, 9094.75, 1631.3, 325.3, 221.41, 162.1901, 316.49, 171.1, 239.085, 96.54, 30.32, 63.97, 126.98, 63.5001, 87.675, , , , , 
1/31/2020 10:23:13 AM, 3258.5, 9094.75, 1631.3, 325.28, 221.395, 162.18, 316.54, 171.09, 239.05, 96.52, 30.3116, 63.97, 126.97, 63.5001, 87.67, , , , , 
1/31/2020 10:23:16 AM, 3258.5, 9095, 1631.4, 325.3, 221.4, 162.21, 316.55, 171.08, 239.09, 96.53, 30.3116, 63.95, 126.97, 63.5001, 87.67, , , , , 
1/31/2020 10:23:19 AM, 3258.5, 9095, 1631.4, 325.34, 221.4371, 162.2, 316.6066, 171.12, 239.12, 96.53, 30.3116, 63.955, 126.99, 63.5001, 87.67, , , , , 
1/31/2020 10:23:22 AM, 3258.75, 9095.25, 1631.5, 325.33, 221.45, 162.22, 316.6234, 171.12, 239.145, 96.54, 30.3116, 63.95, 126.99, 63.5001, 87.67, , , , , 
1/31/2020 10:23:25 AM, 3258.75, 9095.25, 1631.5, 325.33, 221.45, 162.22, 316.6234, 171.12, 239.145, 96.525, 30.3133, 63.96, 127.02, 63.5001, 87.67, , , , , 
1/31/2020 10:23:28 AM, 3258.25, 9094.5, 1631.4, 325.32, 221.39, 162.22, 316.51, 171.08, 238.935, 96.525, 30.32, 63.96, 127.02, 63.5001, 87.67, , , , , 
1/31/2020 10:23:31 AM, 3258.25, 9094.5, 1631.4, 325.31, 221.42, 162.24, 316.5179, 171.0866, 239, 96.5121, 30.315, 63.95, 127.01, 63.5001, 87.67, , , , , 
1/31/2020 10:23:34 AM, 3258.5, 9094.5, 1631.7, 325.31, 221.425, 162.25, 316.52, 171.085, 239.05, 96.5121, 30.315, 63.95, 127.01, 63.5001, 87.67, , , , , 
1/31/2020 10:23:37 AM, 3258.5, 9094.5, 1631.7, 325.3, 221.41, 162.23, 316.55, 171.085, 239.04, 96.5121, 30.315, 63.95, 127.01, 63.5001, 87.67, , , , , 
1/31/2020 10:23:40 AM, 3258.5, 9096, 1631.8, 325.29, 221.41, 162.23, 316.5499, 171.095, 239.125, 96.51, 30.3107, 63.95, 127.02, 63.5001, 87.67, , , , , 
1/31/2020 10:23:43 AM, 3258.5, 9096, 1631.8, 325.33, 221.49, 162.255, 316.5401, 171.1474, 239.1, 96.51, 30.31, 63.95, 127.04, 63.5001, 87.67, , , , , 
1/31/2020 10:23:47 AM, 3259, 9097.5, 1632.1, 325.37, 221.49, 162.28, 316.55, 171.15, 239.1, 96.53, 30.32, 63.95, 127.04, 63.5001, 87.67, , , , , 
1/31/2020 10:23:50 AM, 3259, 9097.5, 1632.1, 325.35, 221.48, 162.26, 316.49, 171.155, 239.17, 96.52, 30.32, 63.95, 127.04, 63.5001, 87.67, , , , , 
1/31/2020 10:23:53 AM, 3259, 9096.75, 1632, 325.31, 221.47, 162.25, 316.53, 171.155, 239.07, 96.52, 30.31, 63.96, 127.02, 63.5001, 87.67, , , , , 
1/31/2020 10:23:56 AM, 3259, 9097.5, 1632.1, 325.35, 221.48, 162.27, 316.59, 171.18, 239.14, 96.53, 30.315, 63.955, 127.04, 63.5001, 87.67, , , , , 
1/31/2020 10:23:59 AM, 3259.25, 9098.75, 1632.2, 325.35, 221.48, 162.27, 316.631, 171.1933, 239.14, 96.53, 30.315, 63.955, 127.04, 63.5001, 87.67, , , , , 
1/31/2020 10:24:02 AM, 3259, 9097.25, 1632.1, 325.345, 221.5, 162.26, 316.57, 171.18, 239.18, 96.55, 30.315, 63.955, 127.05, 63.5001, 87.67, , , , , 
1/31/2020 10:24:05 AM, 3258.75, 9097.25, 1631.7, 325.345, 221.46, 162.26, 316.6299, 171.18, 239.18, 96.55, 30.315, 63.955, 127.05, 63.5001, 87.67, , , , , 
1/31/2020 10:24:08 AM, 3259, 9096.75, 1631.6, 325.35, 221.48, 162.22, 316.62, 171.2, 239.18, 96.55, 30.315, 63.955, 127.05, 63.5001, 87.67, , , , , 
1/31/2020 10:24:11 AM, 3258.75, 9096.75, 1631.5, 325.35, 221.47, 162.22, 316.6364, 171.19, 239.18, 96.55, 30.315, 63.955, 127.05, 63.5001, 87.67, , , , , 
1/31/2020 10:24:14 AM, 3258.5, 9096, 1631.3, 325.315, 221.45, 162.2, 316.63, 171.165, 239.15, 96.54, 30.32, 63.955, 127.05, 63.5001, 87.675, , , , , 
1/31/2020 10:24:17 AM, 3258.5, 9095.25, 1631.1, 325.315, 221.44, 162.2, 316.6396, 171.155, 239.15, 96.54, 30.32, 63.955, 127.05, 63.5001, 87.675, , , , , 
1/31/2020 10:24:20 AM, 3258.25, 9094.5, 1631, 325.25, 221.405, 162.16, 316.6099, 171.14, 239.08, 96.51, 30.32, 63.9399, 127.02, 63.5001, 87.67, , , , , 
1/31/2020 10:24:23 AM, 3257.75, 9094.5, 1630.8, 325.25, 221.41, 162.16, 316.57, 171.125, 239.0002, 96.51, 30.32, 63.9399, 127.02, 63.5001, 87.67, , , , , 
1/31/2020 10:24:26 AM, 3257.75, 9094, 1630.8, 325.23, 221.41, 162.16, 316.5966, 171.125, 238.98, 96.51, 30.31, 63.9399, 127.01, 63.5001, 87.67, , , , , 
1/31/2020 10:24:29 AM, 3258, 9094.75, 1631, 325.23, 221.42, 162.16, 316.65, 171.14, 239.05, 96.51, 30.31, 63.9399, 127.01, 63.5001, 87.67, , , , , 
1/31/2020 10:24:32 AM, 3258.75, 9096, 1631.4, 325.32, 221.4655, 162.22, 316.725, 171.2, 239.02, 96.5319, 30.3166, 63.94, 127.02, 63.5001, 87.6655, , , , , 
1/31/2020 10:24:35 AM, 3258.75, 9096.5, 1631.6, 325.32, 221.45, 162.22, 316.7275, 171.2064, 239.1425, 96.5319, 30.3166, 63.94, 127.02, 63.5001, 87.6655, , , , , 
1/31/2020 10:24:38 AM, 3258.75, 9096.5, 1631.6, 325.33, 221.46, 162.23, 316.8098, 171.185, 239.25, 96.54, 30.32, 63.9488, 127.03, 63.5001, 87.67, , , , , 
1/31/2020 10:24:41 AM, 3259, 9097, 1631.7, 325.33, 221.47, 162.23, 316.828, 171.2001, 239.12, 96.54, 30.32, 63.9488, 127.03, 63.5001, 87.67, , , , , 
1/31/2020 10:24:44 AM, 3259, 9097, 1631.7, 325.325, 221.46, 162.23, 316.8099, 171.18, 239.1379, 96.54, 30.32, 63.96, 127.03, 63.5001, 87.68, , , , , 
1/31/2020 10:24:47 AM, 3258.5, 9095.5, 1631.4, 325.325, 221.43, 162.23, 316.69, 171.166, 239.1379, 96.54, 30.32, 63.96, 127.03, 63.5001, 87.68, , , , , 
1/31/2020 10:24:50 AM, 3258.5, 9095.25, 1631.1, 325.2822, 221.41, 162.2, 316.66, 171.15, 239.1379, 96.52, 30.315, 63.95, 127, 63.5001, 87.68, , , , , 
1/31/2020 10:24:53 AM, 3258.25, 9095.5, 1631.2, 325.2822, 221.4211, 162.2, 316.6569, 171.2, 239.0701, 96.52, 30.315, 63.95, 127, 63.5001, 87.68, , , , , 
1/31/2020 10:24:56 AM, 3258.5, 9096, 1631.4, 325.31, 221.45, 162.21, 316.7576, 171.2199, 239.0701, 96.53, 30.315, 63.9463, 127, 63.5001, 87.675, , , , , 
1/31/2020 10:24:59 AM, 3258.5, 9096, 1631.3, 325.31, 221.44, 162.21, 316.7847, 171.22, 239.0701, 96.53, 30.315, 63.9463, 127, 63.5001, 87.675, , , , , 
1/31/2020 10:25:02 AM, 3258.25, 9094.5, 1631, 325.26, 221.43, 162.17, 316.73, 171.22, 239.1956, 96.53, 30.315, 63.93, 126.99, 63.5001, 87.68, , , , , 
1/31/2020 10:25:05 AM, 3257.5, 9093.25, 1630.6, 325.26, 221.39, 162.17, 316.67, 171.185, 239.1305, 96.53, 30.315, 63.93, 126.99, 63.5001, 87.68, , , , , 
1/31/2020 10:25:08 AM, 3258, 9094.25, 1630.7, 325.25, 221.39, 162.14, 316.72, 171.17, 239.1305, 96.52, 30.32, 63.93, 126.97, 63.5001, 87.68, , , , , 
1/31/2020 10:25:11 AM, 3258, 9094.75, 1630.8, 325.25, 221.4, 162.14, 316.74, 171.185, 239.1305, 96.52, 30.32, 63.93, 126.97, 63.5001, 87.68, , , , , 
1/31/2020 10:25:14 AM, 3258.25, 9095.25, 1630.9, 325.28, 221.42, 162.17, 316.78, 171.1912, 239.1305, 96.53, 30.315, 63.93, 126.98, 63.5001, 87.68, , , , , 
1/31/2020 10:25:17 AM, 3258.5, 9096, 1631.1, 325.28, 221.43, 162.17, 316.7736, 171.24, 239.162, 96.53, 30.315, 63.93, 126.98, 63.5001, 87.68, , , , , 
1/31/2020 10:25:20 AM, 3258.5, 9095.5, 1630.8, 325.2616, 221.45, 162.13, 316.795, 171.25, 239.162, 96.53, 30.325, 63.935, 126.995, 63.5001, 87.68, , , , , 
1/31/2020 10:25:23 AM, 3258.25, 9095, 1630.8, 325.2616, 221.42, 162.13, 316.743, 171.22, 239.165, 96.53, 30.325, 63.935, 126.995, 63.5001, 87.68, , , , , 
1/31/2020 10:25:26 AM, 3258, 9094.25, 1630.6, 325.25, 221.4, 162.15, 316.7499, 171.225, 239.12, 96.53, 30.32, 63.92, 126.99, 63.5001, 87.675, , , , , 
1/31/2020 10:25:29 AM, 3258.5, 9096, 1631.2, 325.25, 221.43, 162.15, 316.74, 171.27, 239.15, 96.53, 30.32, 63.92, 126.99, 63.5001, 87.675, , , , , 
1/31/2020 10:25:32 AM, 3258.5, 9096, 1631.3, 325.28, 221.44, 162.18, 316.8126, 171.27, 239.1186, 96.54, 30.32, 63.9298, 127.01, 63.5001, 87.67, , , , , 
1/31/2020 10:25:35 AM, 3258.75, 9096.5, 1631.3, 325.28, 221.46, 162.18, 316.85, 171.3, 239.1186, 96.54, 30.32, 63.9298, 127.01, 63.5001, 87.67, , , , , 
1/31/2020 10:25:38 AM, 3259, 9097.25, 1631.5, 325.34, 221.45, 162.23, 316.87, 171.29, 239.1186, 96.56, 30.32, 63.92, 127.03, 63.5001, 87.67, , , , , 
1/31/2020 10:25:41 AM, 3259.25, 9098.75, 1631.7, 325.34, 221.51, 162.23, 316.91, 171.3365, 239.355, 96.56, 30.32, 63.92, 127.03, 63.5001, 87.67, , , , , 
1/31/2020 10:25:44 AM, 3259.5, 9099.25, 1632, 325.38, 221.52, 162.27, 316.915, 171.37, 239.3914, 96.58, 30.325, 63.91, 127.04, 63.5001, 87.67, , , , , 
1/31/2020 10:25:47 AM, 3259.75, 9100.25, 1632.3, 325.38, 221.52, 162.27, 316.895, 171.3499, 239.38, 96.58, 30.325, 63.91, 127.04, 63.5001, 87.67, , , , , 
1/31/2020 10:25:50 AM, 3259.25, 9098, 1632.1, 325.37, 221.49, 162.27, 316.89, 171.34, 239.32, 96.58, 30.33, 63.93, 127.04, 63.5001, 87.675, , , , , 
1/31/2020 10:25:53 AM, 3259, 9097, 1632, 325.37, 221.48, 162.27, 316.86, 171.33, 239.32, 96.58, 30.33, 63.93, 127.04, 63.5001, 87.675, , , , , 
1/31/2020 10:25:56 AM, 3259.5, 9098.25, 1632.2, 325.395, 221.485, 162.29, 316.94, 171.35, 239.29, 96.59, 30.33, 63.93, 127.03, 63.5001, 87.68, , , , , 
1/31/2020 10:25:59 AM, 3259.75, 9099.25, 1632.3, 325.395, 221.5, 162.29, 316.95, 171.33, 239.25, 96.59, 30.33, 63.93, 127.03, 63.5001, 87.68, , , , , 
1/31/2020 10:26:02 AM, 3259.5, 9098.5, 1632.3, 325.43, 221.53, 162.3, 316.97, 171.36, 239.37, 96.6, 30.335, 63.93, 127.04, 63.5001, 87.675, , , , , 
1/31/2020 10:26:05 AM, 3259.75, 9099.75, 1632.5, 325.43, 221.535, 162.3, 316.9799, 171.37, 239.32, 96.6, 30.335, 63.93, 127.04, 63.5001, 87.675, , , , , 
1/31/2020 10:26:08 AM, 3260.5, 9102.25, 1632.9, 325.489, 221.575, 162.35, 317.02, 171.39, 239.42, 96.625, 30.34, 63.93, 127.07, 63.5001, 87.685, , , , , 
1/31/2020 10:26:11 AM, 3260.25, 9102, 1632.9, 325.489, 221.6, 162.35, 317.01, 171.42, 239.4407, 96.625, 30.34, 63.93, 127.07, 63.5001, 87.685, , , , , 
1/31/2020 10:26:14 AM, 3260, 9101.25, 1632.6, 325.46, 221.57, 162.33, 316.955, 171.42, 239.33, 96.61, 30.335, 63.92, 127.07, 63.5001, 87.69, , , , , 
1/31/2020 10:26:17 AM, 3260, 9101.5, 1632.7, 325.46, 221.56, 162.33, 316.97, 171.395, 239.3549, 96.61, 30.335, 63.92, 127.07, 63.5001, 87.69, , , , , 
1/31/2020 10:26:20 AM, 3260, 9101.75, 1632.7, 325.44, 221.59, 162.3, 316.97, 171.39, 239.3549, 96.61, 30.34, 63.92, 127.07, 63.5001, 87.69, , , , , 
1/31/2020 10:26:24 AM, 3260.25, 9102.5, 1632.3, 325.44, 221.59, 162.3, 317.015, 171.4, 239.49, 96.61, 30.34, 63.92, 127.07, 63.5001, 87.69, , , , , 
1/31/2020 10:26:27 AM, 3260.25, 9102.25, 1632.3, 325.45, 221.59, 162.295, 317.02, 171.4, 239.4814, 96.61, 30.3356, 63.93, 127.07, 63.5001, 87.69, , , , , 
1/31/2020 10:26:30 AM, 3259.75, 9099.75, 1632.1, 325.45, 221.57, 162.295, 317.04, 171.38, 239.43, 96.61, 30.3356, 63.93, 127.07, 63.5001, 87.69, , , , , 
1/31/2020 10:26:33 AM, 3260, 9101.25, 1631.9, 325.44, 221.5666, 162.27, 317.0799, 171.4, 239.35, 96.615, 30.335, 63.92, 127.08, 63.5001, 87.6867, , , , , 
1/31/2020 10:26:36 AM, 3259.75, 9101.5, 1631.9, 325.44, 221.58, 162.23, 317.0403, 171.4269, 239.42, 96.62, 30.33, 63.93, 127.07, 63.5001, 87.68, , , , , 
1/31/2020 10:26:39 AM, 3259.75, 9101.25, 1631.7, 325.4466, 221.58, 162.23, 317.0403, 171.4269, 239.42, 96.62, 30.335, 63.93, 127.07, 63.5001, 87.68, , , , , 
1/31/2020 10:26:42 AM, 3260, 9101, 1631.8, 325.439, 221.5611, 162.2395, 317.05, 171.445, 239.42, 96.62, 30.335, 63.93, 127.07, 63.5001, 87.68, , , , , 
1/31/2020 10:26:45 AM, 3259.75, 9100.25, 1631.4, 325.37, 221.5611, 162.19, 317.05, 171.445, 239.42, 96.61, 30.33, 63.93, 127.06, 63.5001, 87.68, , , , , 
1/31/2020 10:26:48 AM, 3259.25, 9099.75, 1631.5, 325.39, 221.55, 162.22, 317.11, 171.43, 239.31, 96.6, 30.335, 63.93, 127.05, 63.5001, 87.68, , , , , 
1/31/2020 10:26:51 AM, 3259.5, 9100.25, 1631.5, 325.42, 221.55, 162.23, 317.11, 171.43, 239.31, 96.62, 30.335, 63.93, 127.06, 63.5001, 87.68, , , , , 
1/31/2020 10:26:54 AM, 3259.5, 9100.5, 1631.5, 325.41, 221.55, 162.22, 317.1234, 171.469, 239.3315, 96.625, 30.335, 63.93, 127.06, 63.5001, 87.68, , , , , 
1/31/2020 10:26:57 AM, 3259.5, 9100.75, 1631.5, 325.41, 221.55, 162.21, 317.1234, 171.469, 239.3315, 96.62, 30.33, 63.93, 127.06, 63.5001, 87.68, , , , , 
1/31/2020 10:27:00 AM, 3259.5, 9099.75, 1631.2, 325.3801, 221.53, 162.19, 317.103, 171.4546, 239.2682, 96.62, 30.33, 63.93, 127.04, 63.5001, 87.68, , , , , 
1/31/2020 10:27:03 AM, 3258.75, 9098.25, 1631, 325.318, 221.53, 162.15, 317.103, 171.4546, 239.2682, 96.59, 30.325, 63.9, 127.02, 63.5001, 87.67, , , , , 
1/31/2020 10:27:06 AM, 3258.5, 9097.75, 1630.8, 325.2901, 221.45, 162.15, 316.9504, 171.385, 239.14, 96.59, 30.325, 63.91, 127.03, 63.5001, 87.67, , , , , 
1/31/2020 10:27:09 AM, 3258.25, 9095.75, 1630.7, 325.26, 221.45, 162.14, 316.9504, 171.385, 239.14, 96.57, 30.32, 63.91, 127.02, 63.5001, 87.665, , , , , 
1/31/2020 10:27:12 AM, 3258.25, 9095.75, 1630.7, 325.25, 221.42, 162.14, 316.79, 171.37, 239.24, 96.56, 30.3113, 63.91, 127.01, 63.5001, 87.6699, , , , , 
1/31/2020 10:27:15 AM, 3257.5, 9093.75, 1630.4, 325.22, 221.42, 162.12, 316.79, 171.37, 239.24, 96.53, 30.3131, 63.9, 126.99, 63.5001, 87.665, , , , , 
1/31/2020 10:27:18 AM, 3257.5, 9094, 1630.7, 325.18, 221.33, 162.12, 316.57, 171.3, 239.21, 96.53, 30.31, 63.9, 126.98, 63.5001, 87.665, , , , , 
1/31/2020 10:27:21 AM, 3256.75, 9090, 1630.3, 325.15, 221.33, 162.1, 316.57, 171.3, 239.21, 96.5, 30.31, 63.92, 126.96, 63.5001, 87.66, , , , , 
1/31/2020 10:27:24 AM, 3257, 9090.75, 1630.2, 325.12, 221.27, 162.08, 316.4, 171.26, 239.07, 96.49, 30.31, 63.92, 126.95, 63.5001, 87.66, , , , , 
1/31/2020 10:27:27 AM, 3256.75, 9089, 1630.2, 325.12, 221.27, 162.1, 316.4, 171.26, 239.07, 96.48, 30.31, 63.917, 126.92, 63.5001, 87.66, , , , , 
1/31/2020 10:27:30 AM, 3256.5, 9089.25, 1630.3, 325.12, 221.27, 162.09, 316.38, 171.25, 239.08, 96.49, 30.31, 63.917, 126.93, 63.5001, 87.66, , , , , 
1/31/2020 10:27:33 AM, 3256.5, 9088.75, 1630.1, 325.05, 221.27, 162.06, 316.38, 171.25, 239.08, 96.47, 30.3, 63.9, 126.92, 63.5001, 87.655, , , , , 
1/31/2020 10:27:36 AM, 3255.75, 9087.75, 1629.8, 325.08, 221.27, 162.06, 316.42, 171.26, 239.08, 96.47, 30.3, 63.9, 126.92, 63.5001, 87.655, , , , , 
1/31/2020 10:27:39 AM, 3256.5, 9088.75, 1630.2, 325.08, 221.27, 162.08, 316.42, 171.26, 239.08, 96.48, 30.3, 63.9, 126.92, 63.5001, 87.655, , , , , 
1/31/2020 10:27:42 AM, 3256.5, 9088.75, 1630.1, 325.075, 221.28, 162.06, 316.41, 171.25, 239.11, 96.48, 30.3, 63.91, 126.92, 63.5001, 87.655, , , , , 
1/31/2020 10:27:45 AM, 3256.25, 9088.75, 1630, 325.09, 221.27, 162.04, 316.34, 171.23, 239.1, 96.48, 30.3, 63.91, 126.92, 63.5001, 87.655, , , , , 
1/31/2020 10:27:48 AM, 3256.25, 9088.75, 1629.8, 325.08, 221.2677, 162.04, 316.2944, 171.2515, 239.1002, 96.48, 30.3, 63.91, 126.92, 63.5001, 87.655, , , , , 
1/31/2020 10:27:51 AM, 3256.5, 9088.75, 1629.7, 325.08, 221.2677, 162.03, 316.2944, 171.2515, 239.1002, 96.48, 30.3, 63.91, 126.92, 63.5001, 87.6599, , , , , 
1/31/2020 10:27:54 AM, 3256.5, 9087.75, 1629.7, 325.07, 221.24, 162.04, 316.2529, 171.22, 239.095, 96.47, 30.3, 63.91, 126.92, 63.5001, 87.6599, , , , , 
1/31/2020 10:27:57 AM, 3256.25, 9087.5, 1629.6, 325.055, 221.24, 162, 316.2529, 171.22, 239.095, 96.47, 30.3, 63.91, 126.92, 63.5001, 87.655, , , , , 
1/31/2020 10:28:00 AM, 3255.75, 9085.5, 1629.3, 325.04, 221.2, 161.99, 316.18, 171.19, 239.02, 96.45, 30.3, 63.91, 126.92, 63.5001, 87.655, , , , , 
1/31/2020 10:28:03 AM, 3255.5, 9084, 1629.2, 324.9999, 221.2, 161.97, 316.18, 171.19, 239.02, 96.44, 30.3, 63.91, 126.88, 63.5001, 87.655, , , , , 
1/31/2020 10:28:06 AM, 3255.5, 9084.25, 1629.1, 325.01, 221.18, 161.97, 316.29, 171.17, 239.04, 96.44, 30.305, 63.91, 126.88, 63.5001, 87.655, , , , , 
1/31/2020 10:28:09 AM, 3255.75, 9086.25, 1629.2, 325.0571, 221.18, 162, 316.29, 171.17, 239.04, 96.47, 30.3, 63.91, 126.89, 63.5001, 87.655, , , , , 
1/31/2020 10:28:12 AM, 3255.5, 9084.75, 1629, 324.975, 221.18, 161.96, 316.27, 171.12, 239, 96.44, 30.3067, 63.9, 126.89, 63.5001, 87.655, , , , , 
1/31/2020 10:28:15 AM, 3255, 9084.5, 1629, 324.97, 221.18, 161.97, 316.27, 171.12, 239, 96.44, 30.3, 63.9, 126.89, 63.5001, 87.6579, , , , , 
1/31/2020 10:28:18 AM, 3255, 9084.75, 1628.9, 324.975, 221.19, 161.97, 316.285, 171.0925, 239, 96.44, 30.2999, 63.9, 126.89, 63.5001, 87.655, , , , , 
1/31/2020 10:28:22 AM, 3255.5, 9086, 1629.3, 325, 221.19, 161.99, 316.285, 171.0925, 239, 96.44, 30.295, 63.9, 126.87, 63.5001, 87.655, , , , , 
1/31/2020 10:28:25 AM, 3255, 9083.75, 1629, 324.95, 221.16, 161.97, 316.1322, 171.105, 238.9637, 96.44, 30.295, 63.89, 126.87, 63.5001, 87.655, , , , , 
1/31/2020 10:28:28 AM, 3254.5, 9083.75, 1628.8, 324.95, 221.1366, 161.95, 316.19, 171.09, 238.9323, 96.43, 30.295, 63.875, 126.86, 63.5001, 87.655, , , , , 
1/31/2020 10:28:31 AM, 3254.5, 9083.75, 1628.8, 324.9485, 221.14, 161.97, 316.2, 171.11, 238.97, 96.44, 30.295, 63.875, 126.8635, 63.5001, 87.655, , , , , 
1/31/2020 10:28:34 AM, 3255, 9085, 1628.8, 324.94, 221.16, 161.94, 316.24, 171.1025, 238.98, 96.44, 30.295, 63.875, 126.865, 63.5001, 87.65, , , , , 
1/31/2020 10:28:37 AM, 3255, 9085, 1628.8, 324.965, 221.2, 161.96, 316.3344, 171.1533, 238.99, 96.46, 30.298, 63.87, 126.89, 63.5001, 87.65, , , , , 
1/31/2020 10:28:40 AM, 3254.75, 9084.75, 1628.6, 324.94, 221.19, 161.94, 316.24, 171.125, 238.97, 96.46, 30.2918, 63.88, 126.88, 63.5001, 87.65, , , , , 
1/31/2020 10:28:43 AM, 3254.75, 9084.75, 1628.6, 324.93, 221.2, 161.94, 316.32, 171.15, 239.01, 96.45, 30.295, 63.87, 126.88, 63.5001, 87.65, , , , , 
1/31/2020 10:28:46 AM, 3255.25, 9086, 1628.4, 324.9666, 221.2, 161.925, 316.3401, 171.1634, 239.0444, 96.46, 30.295, 63.87, 126.9, 63.5001, 87.65, , , , , 
1/31/2020 10:28:49 AM, 3255.25, 9086, 1628.4, 324.95, 221.19, 161.905, 316.335, 171.14, 239.0581, 96.46, 30.29, 63.87, 126.91, 63.5001, 87.655, , , , , 
1/31/2020 10:28:52 AM, 3255, 9085.5, 1628.4, 324.925, 221.19, 161.89, 316.3316, 171.13, 239, 96.45, 30.29, 63.87, 126.9, 63.5001, 87.655, , , , , 
1/31/2020 10:28:55 AM, 3255, 9085.5, 1628.4, 324.95, 221.19, 161.9, 316.3234, 171.13, 238.9535, 96.45, 30.2911, 63.87, 126.905, 63.5001, 87.655, , , , , 
1/31/2020 10:28:58 AM, 3254.5, 9082.25, 1628.1, 324.92, 221.12, 161.88, 316.2732, 171.095, 238.81, 96.44, 30.29, 63.86, 126.91, 63.5001, 87.65, , , , , 
1/31/2020 10:29:01 AM, 3254.5, 9082.25, 1628.1, 324.87, 221.06, 161.87, 316.18, 171.0301, 238.795, 96.43, 30.2812, 63.86, 126.88, 63.5001, 87.65, , , , , 
1/31/2020 10:29:04 AM, 3253.75, 9076.5, 1627.7, 324.78, 220.98, 161.83, 316.0632, 170.995, 238.68, 96.375, 30.285, 63.85, 126.82, 63.5001, 87.64, , , , , 
1/31/2020 10:29:07 AM, 3253.75, 9076.5, 1627.7, 324.8, 221.0099, 161.84, 316.13, 171.01, 238.83, 96.38, 30.285, 63.85, 126.825, 63.5001, 87.63, , , , , 
1/31/2020 10:29:10 AM, 3253.75, 9077, 1627.7, 324.81, 220.99, 161.85, 316.13, 170.95, 238.7101, 96.38, 30.29, 63.85, 126.85, 63.5001, 87.64, , , , , 
1/31/2020 10:29:13 AM, 3253.75, 9077, 1627.7, 324.825, 220.99, 161.83, 316.13, 170.95, 238.7101, 96.38, 30.29, 63.85, 126.85, 63.5001, 87.64, , , , , 
1/31/2020 10:29:16 AM, 3253, 9074.75, 1627.3, 324.82, 220.97, 161.82, 316.05, 170.95, 238.7003, 96.383, 30.29, 63.85, 126.855, 63.5001, 87.64, , , , , 
1/31/2020 10:29:19 AM, 3253, 9074.75, 1627.3, 324.76, 220.91, 161.8, 315.87, 170.9, 238.7003, 96.34, 30.285, 63.85, 126.83, 63.5001, 87.635, , , , , 
1/31/2020 10:29:22 AM, 3253.25, 9075.75, 1627.4, 324.765, 220.93, 161.81, 315.89, 170.92, 238.67, 96.35, 30.28, 63.85, 126.83, 63.5001, 87.635, , , , , 
1/31/2020 10:29:25 AM, 3253.25, 9075.75, 1627.4, 324.79, 220.95, 161.82, 315.9871, 170.9407, 238.74, 96.365, 30.2861, 63.85, 126.83, 63.5001, 87.635, , , , , 
1/31/2020 10:29:28 AM, 3253.5, 9075.5, 1627.7, 324.81, 220.95, 161.8596, 315.9626, 170.94, 238.74, 96.36, 30.29, 63.85, 126.85, 63.5001, 87.635, , , , , 
1/31/2020 10:29:31 AM, 3253.5, 9075.5, 1627.7, 324.79, 220.97, 161.85, 315.9, 170.95, 238.78, 96.36, 30.285, 63.84, 126.84, 63.5001, 87.635, , , , , 
1/31/2020 10:29:34 AM, 3253.25, 9074.5, 1627.8, 324.8001, 220.93, 161.85, 315.9251, 170.93, 238.735, 96.3734, 30.29, 63.84, 126.85, 63.5001, 87.635, , , , , 
1/31/2020 10:29:37 AM, 3253.25, 9074.5, 1627.8, 324.75, 220.91, 161.84, 315.74, 170.9, 238.705, 96.35, 30.285, 63.84, 126.85, 63.5001, 87.635, , , , , 
1/31/2020 10:29:40 AM, 3253, 9072.5, 1627.5, 324.71, 220.88, 161.81, 315.77, 170.9, 238.64, 96.34, 30.285, 63.835, 126.84, 63.5001, 87.635, , , , , 
1/31/2020 10:29:43 AM, 3253, 9072.5, 1627.5, 324.74, 220.88, 161.83, 315.77, 170.9, 238.64, 96.34, 30.2815, 63.835, 126.84, 63.5001, 87.635, , , , , 
1/31/2020 10:29:46 AM, 3252.5, 9071.75, 1627.4, 324.7299, 220.85, 161.84, 315.6, 170.9, 238.7463, 96.34, 30.28, 63.835, 126.84, 63.5001, 87.63, , , , , 
1/31/2020 10:29:49 AM, 3252.5, 9071.75, 1627.4, 324.7, 220.85, 161.83, 315.65, 170.9, 238.76, 96.3122, 30.275, 63.83, 126.82, 63.5001, 87.63, , , , , 
1/31/2020 10:29:52 AM, 3252.5, 9070.25, 1627.3, 324.71, 220.8571, 161.81, 315.66, 170.8978, 238.8, 96.32, 30.275, 63.83, 126.82, 63.5001, 87.635, , , , , 
1/31/2020 10:29:55 AM, 3252.5, 9070.25, 1627.3, 324.685, 220.841, 161.8, 315.57, 170.88, 238.71, 96.31, 30.2732, 63.83, 126.8, 63.5001, 87.635, , , , , 
1/31/2020 10:29:58 AM, 3252.5, 9069.75, 1627.2, 324.69, 220.83, 161.8, 315.642, 170.875, 238.71, 96.31, 30.275, 63.835, 126.8, 63.5001, 87.635, , , , , 
1/31/2020 10:30:01 AM, 3252.5, 9069.75, 1627.2, 324.68, 220.8, 161.79, 315.63, 170.84, 238.71, 96.31, 30.275, 63.825, 126.79, 63.5001, 87.635, , , , , 
1/31/2020 10:30:04 AM, 3252, 9069.25, 1627.1, 324.59, 220.8, 161.75, 315.67, 170.84, 238.61, 96.2811, 30.27, 63.82, 126.76, 63.5001, 87.625, , , , , 
1/31/2020 10:30:07 AM, 3252, 9069.25, 1627.1, 324.67, 220.82, 161.75, 315.76, 170.8601, 238.69, 96.3, 30.275, 63.82, 126.77, 63.5001, 87.625, , , , , 
1/31/2020 10:30:10 AM, 3252.5, 9071.25, 1627.6, 324.67, 220.85, 161.8, 315.7499, 170.8651, 238.6501, 96.325, 30.275, 63.82, 126.78, 63.5001, 87.63, , , , , 
1/31/2020 10:30:13 AM, 3252.5, 9071.25, 1627.6, 324.69, 220.82, 161.805, 315.7199, 170.875, 238.6612, 96.32, 30.275, 63.82, 126.79, 63.5001, 87.63, , , , , 
1/31/2020 10:30:16 AM, 3253, 9074, 1627.8, 324.71, 220.88, 161.82, 315.92, 170.9, 238.7852, 96.33, 30.275, 63.82, 126.79, 63.5001, 87.63, , , , , 
1/31/2020 10:30:19 AM, 3253, 9074, 1627.8, 324.74, 220.9021, 161.84, 316, 170.924, 238.845, 96.36, 30.275, 63.83, 126.8, 63.5001, 87.63, , , , , 
1/31/2020 10:30:22 AM, 3253.5, 9075.5, 1628.2, 324.75, 220.92, 161.85, 316.03, 170.94, 238.845, 96.37, 30.28, 63.82, 126.8, 63.5001, 87.63, , , , , 
1/31/2020 10:30:25 AM, 3253.5, 9075.5, 1628.2, 324.79, 220.945, 161.9, 316.0119, 170.96, 238.95, 96.38, 30.28, 63.82, 126.81, 63.5001, 87.635, , , , , 
1/31/2020 10:30:28 AM, 3253.75, 9076.25, 1628.5, 324.8, 220.97, 161.91, 316.02, 170.95, 238.91, 96.38, 30.28, 63.81, 126.83, 63.5001, 87.635, , , , , 
1/31/2020 10:30:31 AM, 3253.75, 9076.25, 1628.5, 324.81, 220.958, 161.9, 316.035, 170.95, 238.9, 96.39, 30.28, 63.81, 126.8485, 63.5001, 87.635, , , , , 
1/31/2020 10:30:34 AM, 3252.75, 9072.75, 1627.7, 324.79, 220.89, 161.865, 315.9295, 170.94, 238.79, 96.38, 30.28, 63.82, 126.84, 63.5001, 87.635, , , , , 
1/31/2020 10:30:38 AM, 3252.75, 9072.75, 1627.7, 324.74, 220.8889, 161.85, 315.8999, 170.915, 238.73, 96.3401, 30.275, 63.825, 126.82, 63.5001, 87.635, , , , , 
1/31/2020 10:30:41 AM, 3253, 9074, 1627.8, 324.72, 220.89, 161.84, 315.9, 170.92, 238.79, 96.34, 30.27, 63.825, 126.82, 63.5001, 87.635, , , , , 
1/31/2020 10:30:44 AM, 3253, 9074, 1627.8, 324.74, 220.9125, 161.85, 315.98, 170.93, 238.79, 96.36, 30.27, 63.82, 126.825, 63.5001, 87.635, , , , , 
1/31/2020 10:30:47 AM, 3253, 9074.75, 1627.7, 324.76, 220.93, 161.8621, 316.0127, 170.9384, 238.81, 96.37, 30.275, 63.81, 126.82, 63.5001, 87.635, , , , , 
1/31/2020 10:30:50 AM, 3252.75, 9073.75, 1627.6, 324.72, 220.92, 161.815, 316.0032, 170.94, 238.8701, 96.36, 30.27, 63.8, 126.81, 63.5001, 87.635, , , , , 
1/31/2020 10:30:53 AM, 3252.75, 9073.75, 1627.6, 324.72, 220.87, 161.815, 315.88, 170.91, 238.74, 96.36, 30.27, 63.8, 126.81, 63.5001, 87.635, , , , , 
1/31/2020 10:30:56 AM, 3252.5, 9072.5, 1627.5, 324.69, 220.87, 161.82, 315.94, 170.9088, 238.74, 96.3418, 30.27, 63.79, 126.81, 63.5001, 87.625, , , , , 
1/31/2020 10:30:59 AM, 3252.25, 9072.25, 1627.3, 324.69, 220.85, 161.82, 315.87, 170.86, 238.74, 96.3418, 30.27, 63.79, 126.81, 63.5001, 87.625, , , , , 
1/31/2020 10:31:02 AM, 3253.25, 9075.5, 1627.7, 324.7684, 220.93, 161.85, 316.045, 170.92, 238.8458, 96.37, 30.275, 63.8, 126.84, 63.5001, 87.63, , , , , 
1/31/2020 10:31:05 AM, 3253.25, 9078.25, 1628, 324.7684, 220.98, 161.85, 316.1181, 171, 238.98, 96.37, 30.275, 63.8, 126.84, 63.5001, 87.63, , , , , 
1/31/2020 10:31:08 AM, 3253.5, 9078.5, 1628, 324.79, 221.01, 161.88, 316.2153, 171.02, 238.93, 96.4, 30.28, 63.8, 126.85, 63.5001, 87.63, , , , , 
1/31/2020 10:31:11 AM, 3253.25, 9078.75, 1627.8, 324.79, 220.99, 161.88, 316.15, 170.96, 238.93, 96.4, 30.28, 63.8, 126.85, 63.5001, 87.63, , , , , 
1/31/2020 10:31:14 AM, 3253.25, 9077.75, 1627.9, 324.8, 221.02, 161.89, 316.2865, 170.98, 239.1296, 96.4199, 30.285, 63.79, 126.87, 63.5001, 87.63, , , , , 
1/31/2020 10:31:17 AM, 3253.75, 9079, 1628, 324.8, 221.03, 161.89, 316.25, 170.99, 239.11, 96.4199, 30.285, 63.79, 126.87, 63.5001, 87.63, , , , , 
1/31/2020 10:31:20 AM, 3253.5, 9078.75, 1627.8, 324.79, 221.01, 161.85, 316.205, 170.9725, 239.11, 96.4, 30.2826, 63.79, 126.88, 63.5001, 87.63, , , , , 
1/31/2020 10:31:23 AM, 3253.75, 9080, 1627.9, 324.79, 221.04, 161.85, 316.27, 170.99, 239.1799, 96.4, 30.2826, 63.79, 126.88, 63.5001, 87.63, , , , , 
1/31/2020 10:31:26 AM, 3253.5, 9079.25, 1627.8, 324.82, 221.0368, 161.86, 316.401, 170.97, 239.0798, 96.42, 30.285, 63.795, 126.87, 63.5001, 87.63, , , , , 
1/31/2020 10:31:29 AM, 3254, 9080.75, 1628.1, 324.82, 221.08, 161.86, 316.5465, 171, 238.97, 96.42, 30.285, 63.795, 126.87, 63.5001, 87.63, , , , , 
1/31/2020 10:31:32 AM, 3254.5, 9082, 1628.2, 324.885, 221.09, 161.89, 316.54, 171.02, 239.07, 96.43, 30.285, 63.795, 126.88, 63.5001, 87.64, , , , , 
1/31/2020 10:31:35 AM, 3254.75, 9082.5, 1628.5, 324.885, 221.09, 161.89, 316.58, 171.03, 239.157, 96.43, 30.285, 63.795, 126.88, 63.5001, 87.64, , , , , 
1/31/2020 10:31:38 AM, 3254.5, 9082.5, 1628.4, 324.8999, 221.12, 161.915, 316.585, 171.03, 239.165, 96.46, 30.295, 63.8, 126.89, 63.5001, 87.64, , , , , 
1/31/2020 10:31:41 AM, 3254.25, 9081.75, 1628.2, 324.8999, 221.08, 161.915, 316.54, 171.02, 239.2007, 96.46, 30.295, 63.8, 126.89, 63.5001, 87.64, , , , , 
1/31/2020 10:31:44 AM, 3254, 9080.5, 1628, 324.85, 221.08, 161.865, 316.545, 171.03, 239.145, 96.445, 30.295, 63.8, 126.87, 63.5001, 87.645, , , , , 
1/31/2020 10:31:47 AM, 3253.75, 9081, 1627.8, 324.85, 221.08, 161.865, 316.5208, 171.03, 239.145, 96.445, 30.295, 63.8, 126.87, 63.5001, 87.645, , , , , 
1/31/2020 10:31:50 AM, 3254, 9081.75, 1627.8, 324.832, 221.09, 161.86, 316.5927, 171.05, 239.1704, 96.45, 30.285, 63.79, 126.87, 63.5001, 87.645, , , , , 
1/31/2020 10:31:53 AM, 3254, 9082, 1628.1, 324.832, 221.11, 161.86, 316.6, 171.06, 239.1704, 96.45, 30.285, 63.79, 126.87, 63.5001, 87.645, , , , , 
1/31/2020 10:31:56 AM, 3253.75, 9081, 1627.8, 324.825, 221.08, 161.875, 316.5551, 171.03, 239.22, 96.44, 30.28, 63.79, 126.88, 63.5001, 87.645, , , , , 
1/31/2020 10:31:59 AM, 3254, 9081.75, 1628.1, 324.825, 221.12, 161.875, 316.6427, 171.0534, 239.2778, 96.44, 30.28, 63.79, 126.88, 63.5001, 87.645, , , , , 
1/31/2020 10:32:02 AM, 3253.75, 9082.25, 1627.9, 324.83, 221.099, 161.875, 316.65, 171.08, 239.245, 96.46, 30.285, 63.79, 126.88, 63.5001, 87.645, , , , , 
1/31/2020 10:32:05 AM, 3254, 9083.5, 1628.1, 324.83, 221.12, 161.875, 316.731, 171.11, 239.25, 96.46, 30.285, 63.79, 126.88, 63.5001, 87.645, , , , , 
1/31/2020 10:32:08 AM, 3253.75, 9081.5, 1627.9, 324.81, 221.11, 161.85, 316.702, 171.08, 239.3, 96.45, 30.28, 63.79, 126.88, 63.5001, 87.645, , , , , 
1/31/2020 10:32:11 AM, 3253.75, 9081, 1627.7, 324.81, 221.0711, 161.85, 316.66, 171.05, 239.1452, 96.45, 30.28, 63.79, 126.88, 63.5001, 87.645, , , , , 
1/31/2020 10:32:14 AM, 3253.25, 9079.75, 1627.4, 324.78, 221.05, 161.79, 316.64, 171.04, 239.15, 96.43, 30.28, 63.785, 126.87, 63.5001, 87.64, , , , , 
1/31/2020 10:32:17 AM, 3253.75, 9081.5, 1627.3, 324.78, 221.03, 161.79, 316.6, 171.05, 239.1484, 96.43, 30.28, 63.785, 126.87, 63.5001, 87.64, , , , , 
1/31/2020 10:32:20 AM, 3253.25, 9079.75, 1626.9, 324.78, 221.05, 161.77, 316.7089, 171.035, 239.09, 96.43, 30.275, 63.79, 126.88, 63.5001, 87.63, , , , , 
1/31/2020 10:32:23 AM, 3253.25, 9079.5, 1626.9, 324.78, 221.04, 161.77, 316.6834, 171.025, 239.01, 96.43, 30.275, 63.79, 126.88, 63.5001, 87.63, , , , , 
1/31/2020 10:32:26 AM, 3253.5, 9080.5, 1627.1, 324.78, 221.07, 161.78, 316.74, 171.03, 239.105, 96.432, 30.2766, 63.79, 126.88, 63.5001, 87.63, , , , , 
1/31/2020 10:32:29 AM, 3253.5, 9082, 1627.4, 324.78, 221.06, 161.78, 316.74, 171.0367, 239.095, 96.432, 30.2766, 63.79, 126.88, 63.5001, 87.63, , , , , 
1/31/2020 10:32:32 AM, 3253.5, 9081.5, 1627.3, 324.81, 221.09, 161.805, 316.69, 171.05, 239.08, 96.45, 30.28, 63.79, 126.88, 63.5001, 87.63, , , , , 
1/31/2020 10:32:35 AM, 3253.5, 9082, 1627.3, 324.81, 221.09, 161.805, 316.7465, 171.0561, 239.08, 96.45, 30.28, 63.79, 126.88, 63.5001, 87.63, , , , , 
1/31/2020 10:32:38 AM, 3253.25, 9080.25, 1626.9, 324.77, 221.09, 161.77, 316.7374, 171.051, 239.08, 96.44, 30.275, 63.79, 126.85, 63.5001, 87.63, , , , , 
1/31/2020 10:32:41 AM, 3253, 9080.25, 1627, 324.77, 221.06, 161.77, 316.6835, 171.0151, 239.08, 96.44, 30.275, 63.79, 126.85, 63.5001, 87.63, , , , , 
1/31/2020 10:32:44 AM, 3252.75, 9079.75, 1626.6, 324.76, 221.05, 161.74, 316.6008, 171, 239, 96.43, 30.275, 63.78, 126.85, 63.5001, 87.63, , , , , 
1/31/2020 10:32:47 AM, 3253.25, 9081, 1626.9, 324.76, 221.05, 161.74, 316.6549, 171.02, 239.0257, 96.43, 30.275, 63.78, 126.85, 63.5001, 87.63, , , , , 
1/31/2020 10:32:50 AM, 3253.25, 9080.5, 1626.6, 324.78, 221.07, 161.75, 316.6058, 171.02, 239.0006, 96.435, 30.27, 63.79, 126.85, 63.5001, 87.63, , , , , 
1/31/2020 10:32:53 AM, 3253.5, 9082, 1627, 324.78, 221.085, 161.75, 316.655, 171.03, 239.08, 96.435, 30.27, 63.79, 126.85, 63.5001, 87.63, , , , , 
1/31/2020 10:32:57 AM, 3253, 9080.75, 1626.8, 324.78, 221.1, 161.765, 316.52, 171.01, 239.02, 96.43, 30.27, 63.785, 126.85, 63.5001, 87.63, , , , , 
1/31/2020 10:33:00 AM, 3253.25, 9079.75, 1626.8, 324.75, 221.05, 161.76, 316.54, 170.99, 239.07, 96.42, 30.265, 63.785, 126.85, 63.5001, 87.63, , , , , 
1/31/2020 10:33:03 AM, 3253, 9079.25, 1626.4, 324.75, 221.045, 161.73, 316.56, 170.9652, 239.035, 96.42, 30.265, 63.785, 126.85, 63.5001, 87.62, , , , , 
1/31/2020 10:33:06 AM, 3252.75, 9079, 1626.5, 324.735, 221.0545, 161.74, 316.54, 170.95, 239.0109, 96.41, 30.265, 63.785, 126.85, 63.5001, 87.625, , , , , 
1/31/2020 10:33:09 AM, 3252.75, 9079.25, 1626.6, 324.75, 221.0545, 161.74, 316.54, 170.95, 239.0109, 96.41, 30.265, 63.79, 126.85, 63.5001, 87.625, , , , , 
1/31/2020 10:33:12 AM, 3253, 9080.5, 1626.7, 324.79, 221.08, 161.77, 316.49, 171, 239.07, 96.42, 30.27, 63.79, 126.88, 63.5001, 87.625, , , , , 
1/31/2020 10:33:15 AM, 3253, 9079.75, 1626.7, 324.77, 221.08, 161.76, 316.49, 171, 239.07, 96.41, 30.27, 63.785, 126.88, 63.5001, 87.625, , , , , 
1/31/2020 10:33:18 AM, 3253.5, 9081.5, 1626.9, 324.8, 221.1, 161.77, 316.4299, 171, 239.07, 96.43, 30.27, 63.785, 126.88, 63.5001, 87.63, , , , , 
1/31/2020 10:33:21 AM, 3253.5, 9081.25, 1626.9, 324.795, 221.1, 161.765, 316.4299, 171, 239.07, 96.43, 30.27, 63.79, 126.88, 63.5001, 87.625, , , , , 
1/31/2020 10:33:24 AM, 3253.5, 9082, 1627.1, 324.82, 221.11, 161.78, 316.5373, 171, 239.19, 96.43, 30.27, 63.79, 126.88, 63.3544, 87.625, , , , , 
1/31/2020 10:33:27 AM, 3253.75, 9082.25, 1627.3, 324.8, 221.11, 161.78, 316.5373, 171, 239.19, 96.44, 30.27, 63.79, 126.89, 63.3544, 87.63, , , , , 
1/31/2020 10:33:30 AM, 3253.75, 9081.75, 1627.1, 324.79, 221.055, 161.77, 316.38, 170.93, 239.14, 96.435, 30.275, 63.795, 126.88, 63.3544, 87.63, , , , , 
1/31/2020 10:33:33 AM, 3253, 9079.75, 1626.7, 324.75, 221.055, 161.73, 316.38, 170.93, 239.14, 96.42, 30.27, 63.785, 126.86, 63.3544, 87.625, , , , , 
1/31/2020 10:33:36 AM, 3252.25, 9078, 1626.3, 324.69, 221.01, 161.71, 316.1881, 170.8603, 239.0574, 96.38, 30.26, 63.78, 126.85, 63.3544, 87.625, , , , , 
1/31/2020 10:33:39 AM, 3252.5, 9078, 1626.3, 324.685, 221.01, 161.71, 316.1881, 170.8603, 239.0574, 96.375, 30.26, 63.77, 126.84, 63.3544, 87.625, , , , , 
1/31/2020 10:33:42 AM, 3252.25, 9077.5, 1626.2, 324.6701, 221.04, 161.7, 316.17, 170.87, 239.095, 96.37, 30.26, 63.77, 126.84, 63.3544, 87.625, , , , , 
1/31/2020 10:33:45 AM, 3252.5, 9078.75, 1626.3, 324.71, 221.04, 161.7, 316.17, 170.87, 239.095, 96.38, 30.26, 63.78, 126.84, 63.3544, 87.635, , , , , 
1/31/2020 10:33:48 AM, 3252.75, 9079, 1626.3, 324.729, 221.03, 161.71, 316.24, 170.865, 239.03, 96.38, 30.26, 63.775, 126.84, 63.3544, 87.635, , , , , 
1/31/2020 10:33:51 AM, 3252.5, 9079, 1626.1, 324.71, 221.03, 161.71, 316.24, 170.865, 239.03, 96.38, 30.26, 63.76, 126.84, 63.3544, 87.63, , , , , 
1/31/2020 10:33:54 AM, 3253, 9080, 1626.4, 324.76, 221.0604, 161.72, 316.26, 170.91, 239.07, 96.4, 30.26, 63.775, 126.86, 63.3544, 87.635, , , , , 
1/31/2020 10:33:57 AM, 3253, 9080.5, 1626.6, 324.77, 221.0604, 161.725, 316.26, 170.91, 239.07, 96.4, 30.265, 63.775, 126.865, 63.3544, 87.635, , , , , 
1/31/2020 10:34:00 AM, 3253, 9080.5, 1626.4, 324.76, 221.12, 161.73, 316.38, 170.97, 239.17, 96.41, 30.265, 63.77, 126.865, 63.3544, 87.635, , , , , 
1/31/2020 10:34:03 AM, 3253, 9081.5, 1626.8, 324.78, 221.12, 161.75, 316.38, 170.97, 239.17, 96.43, 30.27, 63.77, 126.88, 63.3544, 87.635, , , , , 
1/31/2020 10:34:06 AM, 3253.5, 9082.75, 1626.8, 324.7966, 221.12, 161.76, 316.4034, 170.96, 239.24, 96.43, 30.27, 63.77, 126.8719, 63.3544, 87.635, , , , , 
1/31/2020 10:34:09 AM, 3253.5, 9083.25, 1627, 324.83, 221.12, 161.79, 316.4034, 170.96, 239.24, 96.43, 30.265, 63.78, 126.88, 63.3544, 87.635, , , , , 
1/31/2020 10:34:12 AM, 3254, 9084.75, 1627.3, 324.848, 221.17, 161.79, 316.55, 170.995, 239.32, 96.4605, 30.27, 63.78, 126.9, 63.3544, 87.635, , , , , 
1/31/2020 10:34:15 AM, 3254.25, 9085, 1627.5, 324.86, 221.17, 161.83, 316.55, 170.995, 239.32, 96.47, 30.275, 63.78, 126.905, 63.3544, 87.645, , , , , 
1/31/2020 10:34:18 AM, 3254.25, 9084.75, 1627.6, 324.8999, 221.19, 161.87, 316.51, 170.9954, 239.47, 96.49, 30.28, 63.785, 126.93, 63.4, 87.65, , , , , 
1/31/2020 10:34:21 AM, 3254.25, 9085, 1627.5, 324.86, 221.19, 161.8, 316.51, 170.9954, 239.47, 96.46, 30.27, 63.78, 126.91, 63.4, 87.65, , , , , 
1/31/2020 10:34:24 AM, 3254.25, 9085.75, 1627.5, 324.89, 221.2, 161.83, 316.44, 170.99, 239.38, 96.46, 30.28, 63.79, 126.92, 63.4, 87.65, , , , , 
1/31/2020 10:34:27 AM, 3254.5, 9085.25, 1627.6, 324.875, 221.2, 161.81, 316.44, 170.99, 239.38, 96.47, 30.275, 63.79, 126.92, 63.4, 87.65, , , , , 
1/31/2020 10:34:30 AM, 3254.25, 9085.25, 1627.4, 324.89, 221.21, 161.81, 316.44, 170.97, 239.5299, 96.47, 30.28, 63.79, 126.92, 63.4, 87.65, , , , , 
1/31/2020 10:34:33 AM, 3254.5, 9085.75, 1627.8, 324.91, 221.21, 161.85, 316.44, 170.97, 239.5299, 96.47, 30.28, 63.8, 126.93, 63.4, 87.65, , , , , 
1/31/2020 10:34:36 AM, 3254.5, 9085.25, 1628, 324.9, 221.2036, 161.86, 316.3458, 170.95, 239.4374, 96.47, 30.28, 63.8, 126.93, 63.4, 87.6498, , , , , 
1/31/2020 10:34:40 AM, 3254.5, 9086.75, 1628.2, 324.915, 221.2036, 161.88, 316.3458, 170.95, 239.4374, 96.47, 30.28, 63.8, 126.94, 63.4, 87.65, , , , , 
1/31/2020 10:34:43 AM, 3254.5, 9085.5, 1627.9, 324.895, 221.18, 161.85, 316.2796, 170.9501, 239.36, 96.46, 30.28, 63.8, 126.94, 63.4, 87.65, , , , , 
1/31/2020 10:34:46 AM, 3254.25, 9084.25, 1627.9, 324.895, 221.18, 161.86, 316.2545, 170.9533, 239.35, 96.46, 30.28, 63.8, 126.93, 63.4, 87.65, , , , , 
1/31/2020 10:34:49 AM, 3254.25, 9084.25, 1627.9, 324.88, 221.18, 161.87, 316.27, 170.94, 239.35, 96.445, 30.2802, 63.79, 126.93, 63.4, 87.65, , , , , 
1/31/2020 10:34:52 AM, 3254.25, 9085, 1628.1, 324.87, 221.165, 161.87, 316.23, 170.9401, 239.35, 96.445, 30.28, 63.78, 126.94, 63.4, 87.645, , , , , 
1/31/2020 10:34:55 AM, 3254.25, 9085, 1628.1, 324.88, 221.16, 161.872, 316.2, 170.93, 239.36, 96.445, 30.2805, 63.78, 126.94, 63.4, 87.645, , , , , 
1/31/2020 10:34:58 AM, 3254, 9084.75, 1627.8, 324.8523, 221.19, 161.86, 316.18, 170.96, 239.3594, 96.44, 30.275, 63.778, 126.94, 63.4, 87.645, , , , , 
1/31/2020 10:35:01 AM, 3254, 9084.75, 1627.8, 324.86, 221.14, 161.85, 316.13, 170.925, 239.3824, 96.445, 30.28, 63.78, 126.94, 63.4, 87.645, , , , , 
1/31/2020 10:35:04 AM, 3253.25, 9082.25, 1627, 324.79, 221.11, 161.78, 316.13, 170.89, 239.2876, 96.42, 30.27, 63.78, 126.92, 63.4, 87.64, , , , , 
1/31/2020 10:35:07 AM, 3253.25, 9082.25, 1627, 324.785, 221.08, 161.78, 316.08, 170.85, 239.19, 96.415, 30.27, 63.78, 126.92, 63.4, 87.645, , , , , 
1/31/2020 10:35:10 AM, 3252.75, 9079.5, 1626.7, 324.745, 221.05, 161.74, 316.05, 170.83, 239.1, 96.38, 30.26, 63.77, 126.9, 63.4, 87.64, , , , , 
1/31/2020 10:35:13 AM, 3252.75, 9079.5, 1626.7, 324.69, 220.97, 161.71, 316.0162, 170.7955, 239.05, 96.36, 30.26, 63.78, 126.88, 63.4, 87.64, , , , , 
1/31/2020 10:35:16 AM, 3252.5, 9078.5, 1626.5, 324.6977, 221.03, 161.69, 316.1, 170.81, 239.1, 96.34, 30.265, 63.78, 126.865, 63.4, 87.64, , , , , 
1/31/2020 10:35:19 AM, 3252.5, 9078.5, 1626.5, 324.71, 221.04, 161.73, 316.15, 170.8363, 239.0537, 96.37, 30.265, 63.78, 126.88, 63.4, 87.64, , , , , 
1/31/2020 10:35:22 AM, 3253.5, 9081.75, 1627.4, 324.8, 221.09, 161.78, 316.2435, 170.87, 239.11, 96.39, 30.27, 63.8, 126.9, 63.4, 87.64, , , , , 
1/31/2020 10:35:25 AM, 3253.5, 9081.75, 1627.4, 324.82, 221.11, 161.82, 316.27, 170.84, 239.194, 96.3997, 30.27, 63.8, 126.91, 63.4, 87.645, , , , , 
1/31/2020 10:35:28 AM, 3253.75, 9081.75, 1627.6, 324.805, 221.11, 161.81, 316.25, 170.86, 239.14, 96.4, 30.27, 63.8, 126.91, 63.4, 87.645, , , , , 
1/31/2020 10:35:31 AM, 3253.75, 9081.75, 1627.6, 324.83, 221.13, 161.83, 316.32, 170.87, 239.22, 96.4, 30.275, 63.8, 126.91, 63.4, 87.645, , , , , 
1/31/2020 10:35:34 AM, 3254, 9082.25, 1627.5, 324.87, 221.11, 161.84, 316.3, 170.87, 239.16, 96.41, 30.28, 63.81, 126.93, 63.4, 87.645, , , , , 
1/31/2020 10:35:37 AM, 3254, 9082.25, 1627.5, 324.82, 221.1, 161.81, 316.31, 170.865, 239.1755, 96.41, 30.28, 63.81, 126.93, 63.4, 87.645, , , , , 
1/31/2020 10:35:40 AM, 3253.5, 9081.5, 1627.2, 324.8, 221.1, 161.81, 316.29, 170.845, 239.1302, 96.4, 30.27, 63.805, 126.93, 63.4, 87.645, , , , , 
1/31/2020 10:35:43 AM, 3253.5, 9081.5, 1627.2, 324.8, 221.09, 161.75, 316.289, 170.85, 239.1302, 96.3999, 30.27, 63.8099, 126.9099, 63.4, 87.645, , , , , 
1/31/2020 10:35:46 AM, 3252.75, 9078.75, 1626.6, 324.765, 221.03, 161.73, 316.1865, 170.82, 239.07, 96.38, 30.27, 63.8, 126.89, 63.4, 87.645, , , , , 
1/31/2020 10:35:49 AM, 3252.75, 9078.75, 1626.6, 324.75, 221.04, 161.72, 316.2428, 170.82, 239.0727, 96.3701, 30.27, 63.791, 126.89, 63.4, 87.64, , , , , 
1/31/2020 10:35:52 AM, 3252.75, 9078.75, 1626.5, 324.72, 221.02, 161.72, 316.2156, 170.805, 239, 96.36, 30.27, 63.78, 126.89, 63.4, 87.64, , , , , 
1/31/2020 10:35:55 AM, 3252.75, 9079, 1626.6, 324.755, 221.05, 161.74, 316.29, 170.81, 239.02, 96.3601, 30.27, 63.78, 126.89, 63.4, 87.64, , , , , 
1/31/2020 10:35:58 AM, 3253, 9080, 1626.7, 324.765, 221.08, 161.745, 316.34, 170.8437, 239.19, 96.39, 30.27, 63.78, 126.89, 63.4, 87.64, , , , , 
1/31/2020 10:36:01 AM, 3253, 9080, 1626.7, 324.74, 221.03, 161.76, 316.22, 170.8, 239.0962, 96.38, 30.27, 63.775, 126.89, 63.4, 87.64, , , , , 
1/31/2020 10:36:04 AM, 3252.5, 9077.75, 1626.5, 324.69, 221.02, 161.705, 316.21, 170.79, 239.0962, 96.38, 30.26, 63.7755, 126.89, 63.4, 87.64, , , , , 
1/31/2020 10:36:07 AM, 3252.5, 9077.75, 1626.5, 324.7, 221.0066, 161.74, 316.215, 170.78, 239.13, 96.36, 30.26, 63.78, 126.89, 63.4, 87.64, , , , , 
1/31/2020 10:36:10 AM, 3252.75, 9079.5, 1626.7, 324.725, 221.04, 161.74, 316.27, 170.82, 239.18, 96.36, 30.27, 63.79, 126.87, 63.4, 87.64, , , , , 
1/31/2020 10:36:13 AM, 3252.75, 9079.5, 1626.7, 324.75, 221.08, 161.755, 316.35, 170.845, 239.18, 96.38, 30.27, 63.79, 126.88, 63.4, 87.64, , , , , 
1/31/2020 10:36:16 AM, 3252.75, 9079, 1626.7, 324.76, 221.055, 161.77, 316.26, 170.81, 239.18, 96.38, 30.27, 63.79, 126.89, 63.4, 87.64, , , , , 
1/31/2020 10:36:19 AM, 3252.75, 9079, 1626.7, 324.735, 221.035, 161.74, 316.27, 170.81, 239.1026, 96.38, 30.27, 63.79, 126.88, 63.4, 87.635, , , , , 
1/31/2020 10:36:22 AM, 3252.5, 9078.5, 1626.6, 324.6877, 221.02, 161.74, 316.236, 170.78, 239.188, 96.37, 30.265, 63.78, 126.86, 63.4, 87.635, , , , , 
1/31/2020 10:36:25 AM, 3252.5, 9078.5, 1626.6, 324.71, 221.0201, 161.74, 316.29, 170.79, 239.12, 96.37, 30.27, 63.775, 126.86, 63.4, 87.63, , , , , 
1/31/2020 10:36:28 AM, 3252.5, 9079.25, 1626.8, 324.68, 221.01, 161.73, 316.2361, 170.7725, 239.12, 96.36, 30.27, 63.78, 126.86, 63.4, 87.635, , , , , 
1/31/2020 10:36:31 AM, 3252.5, 9079.25, 1626.8, 324.72, 221.04, 161.74, 316.285, 170.775, 239.175, 96.37, 30.27, 63.78, 126.86, 63.4, 87.635, , , , , 
1/31/2020 10:36:34 AM, 3252.75, 9080.75, 1627.1, 324.73, 221.05, 161.75, 316.38, 170.805, 239.17, 96.37, 30.267, 63.78, 126.87, 63.4, 87.635, , , , , 
1/31/2020 10:36:37 AM, 3252.75, 9080.75, 1627.1, 324.7598, 221.075, 161.77, 316.372, 170.81, 239.2003, 96.39, 30.27, 63.7821, 126.885, 63.4, 87.635, , , , , 
1/31/2020 10:36:40 AM, 3252.75, 9081, 1626.8, 324.71, 221.06, 161.76, 316.3545, 170.82, 239.2003, 96.38, 30.28, 63.78, 126.88, 63.4, 87.635, , , , , 
1/31/2020 10:36:43 AM, 3252.75, 9081, 1626.8, 324.7425, 221.11, 161.78, 316.455, 170.835, 239.28, 96.4, 30.27, 63.78, 126.89, 63.4, 87.635, , , , , 
1/31/2020 10:36:47 AM, 3253.75, 9084.5, 1627.7, 324.8, 221.15, 161.82, 316.5554, 170.89, 239.3996, 96.4, 30.28, 63.775, 126.89, 63.4, 87.64, , , , , 
1/31/2020 10:36:50 AM, 3253.75, 9084.5, 1627.7, 324.85, 221.17, 161.84, 316.5517, 170.94, 239.46, 96.44, 30.28, 63.77, 126.91, 63.4, 87.64, , , , , 
1/31/2020 10:36:53 AM, 3253.75, 9084.75, 1627.5, 324.82, 221.17, 161.83, 316.5709, 170.91, 239.435, 96.44, 30.28, 63.77, 126.91, 63.4, 87.645, , , , , 
1/31/2020 10:36:56 AM, 3253.5, 9083.75, 1627.3, 324.805, 221.15, 161.83, 316.5253, 170.895, 239.435, 96.43, 30.2775, 63.77, 126.91, 63.4, 87.645, , , , , 
1/31/2020 10:36:59 AM, 3253.75, 9084.75, 1627.4, 324.805, 221.17, 161.83, 316.51, 170.9068, 239.3452, 96.43, 30.2775, 63.77, 126.91, 63.4, 87.645, , , , , 
1/31/2020 10:37:02 AM, 3253.75, 9084.5, 1627.4, 324.835, 221.16, 161.83, 316.57, 170.91, 239.3452, 96.44, 30.275, 63.77, 126.9165, 63.4, 87.645, , , , , 
1/31/2020 10:37:05 AM, 3253.75, 9084.75, 1627.4, 324.82, 221.16, 161.79, 316.555, 170.915, 239.3452, 96.44, 30.2784, 63.77, 126.91, 63.4, 87.645, , , , , 
1/31/2020 10:37:08 AM, 3253.25, 9082.5, 1627.1, 324.77, 221.13, 161.8, 316.53, 170.87, 239.35, 96.42, 30.27, 63.77, 126.89, 63.4, 87.6415, , , , , 
1/31/2020 10:37:11 AM, 3253, 9080.75, 1626.8, 324.77, 221.1, 161.8, 316.3516, 170.85, 239.35, 96.42, 30.27, 63.77, 126.89, 63.4, 87.6415, , , , , 
1/31/2020 10:37:14 AM, 3252.75, 9081, 1626.8, 324.71, 221.08, 161.73, 316.3849, 170.85, 239.3299, 96.39, 30.27, 63.78, 126.88, 63.3601, 87.635, , , , , 
1/31/2020 10:37:17 AM, 3252.25, 9079.25, 1626.6, 324.71, 221.04, 161.73, 316.2545, 170.81, 239.25, 96.39, 30.27, 63.78, 126.88, 63.3601, 87.635, , , , , 
1/31/2020 10:37:20 AM, 3252.5, 9080.25, 1626.6, 324.7, 221.06, 161.75, 316.3238, 170.8215, 239.15, 96.3817, 30.26, 63.78, 126.88, 63.3601, 87.635, , , , , 
1/31/2020 10:37:23 AM, 3252.5, 9079.75, 1626.7, 324.7, 221.05, 161.75, 316.2343, 170.82, 239.15, 96.3817, 30.26, 63.78, 126.88, 63.3601, 87.635, , , , , 
1/31/2020 10:37:26 AM, 3252.5, 9080, 1626.8, 324.69, 221.05, 161.73, 316.3, 170.82, 239.22, 96.385, 30.26, 63.78, 126.87, 63.3601, 87.635, , , , , 
1/31/2020 10:37:29 AM, 3252.5, 9080, 1626.7, 324.69, 221.04, 161.73, 316.2105, 170.8499, 239.2475, 96.385, 30.26, 63.78, 126.87, 63.3601, 87.635, , , , , 
1/31/2020 10:37:32 AM, 3252.25, 9079.5, 1626.6, 324.67, 221.04, 161.73, 316.21, 170.825, 239.32, 96.38, 30.26, 63.78, 126.88, 63.3601, 87.63, , , , , 
1/31/2020 10:37:35 AM, 3252.25, 9079.5, 1626.7, 324.67, 221.04, 161.73, 316.16, 170.83, 239.2563, 96.38, 30.26, 63.78, 126.88, 63.3601, 87.63, , , , , 
1/31/2020 10:37:38 AM, 3252, 9078.5, 1626.3, 324.65, 221.01, 161.71, 316.15, 170.8, 239.2, 96.36, 30.26, 63.765, 126.88, 63.3601, 87.635, , , , , 
1/31/2020 10:37:41 AM, 3252.25, 9079.25, 1626.5, 324.65, 221.05, 161.71, 316.17, 170.83, 239.12, 96.36, 30.26, 63.765, 126.88, 63.3601, 87.635, , , , , 
1/31/2020 10:37:44 AM, 3252.25, 9080.25, 1626.8, 324.7006, 221.08, 161.74, 316.26, 170.865, 239.23, 96.39, 30.265, 63.77, 126.87, 63.3601, 87.635, , , , , 
1/31/2020 10:37:47 AM, 3252.25, 9079.5, 1626.6, 324.7006, 221.06, 161.74, 316.23, 170.86, 239.2279, 96.39, 30.265, 63.77, 126.87, 63.3601, 87.635, , , , , 
1/31/2020 10:37:50 AM, 3252.25, 9080.25, 1626.6, 324.68, 221.07, 161.73, 316.25, 170.8504, 239.2279, 96.39, 30.26, 63.77, 126.87, 63.3601, 87.635, , , , , 
1/31/2020 10:37:53 AM, 3252.25, 9079.75, 1626.7, 324.68, 221.07, 161.73, 316.25, 170.8491, 239.24, 96.39, 30.26, 63.77, 126.87, 63.3601, 87.635, , , , , 
1/31/2020 10:38:04 AM, 3251.25, 9077.25, 1626.1, 324.6003, 220.99, 161.69, 316.08, 170.7999, 239.25, 96.3635, 30.25, 63.77, 126.84, 63.3601, 87.63, , , , , 
1/31/2020 10:38:07 AM, 3251.25, 9077.25, 1626.1, 324.63, 220.9944, 161.73, 316.08, 170.795, 239.25, 96.365, 30.2555, 63.77, 126.85, 63.3601, 87.63, , , , , 
1/31/2020 10:38:10 AM, 3251, 9075.75, 1626.1, 324.59, 220.9438, 161.7, 316.035, 170.74, 239.25, 96.35, 30.25, 63.77, 126.85, 63.3601, 87.63, , , , , 
1/31/2020 10:38:13 AM, 3251, 9075.75, 1626.1, 324.59, 220.96, 161.69, 316.0399, 170.745, 239.11, 96.35, 30.25, 63.77, 126.85, 63.3601, 87.63, , , , , 
1/31/2020 10:38:16 AM, 3251.75, 9075.5, 1625.9, 324.61, 220.92, 161.69, 315.98, 170.6831, 239.18, 96.34, 30.255, 63.78, 126.85, 63.3601, 87.63, , , , , 
1/31/2020 10:38:19 AM, 3251.75, 9075.5, 1625.9, 324.605, 220.96, 161.65, 316.0699, 170.6515, 239.15, 96.33, 30.26, 63.79, 126.86, 63.3601, 87.63, , , , , 
1/31/2020 10:38:22 AM, 3251.5, 9075.25, 1625.8, 324.61, 220.94, 161.66, 316.082, 170.645, 239.19, 96.33, 30.25, 63.785, 126.86, 63.3601, 87.6399, , , , , 
1/31/2020 10:38:25 AM, 3251.5, 9075.25, 1625.8, 324.615, 220.94, 161.67, 316.082, 170.645, 239.19, 96.33, 30.26, 63.785, 126.86, 63.3601, 87.6399, , , , , 
1/31/2020 10:38:28 AM, 3251.75, 9077.5, 1626.1, 324.66, 220.99, 161.7, 316.2098, 170.7, 239.4, 96.36, 30.26, 63.785, 126.88, 63.3601, 87.63, , , , , 
1/31/2020 10:38:31 AM, 3251.75, 9077.5, 1626.1, 324.64, 220.98, 161.7, 316.2088, 170.67, 239.37, 96.36, 30.27, 63.785, 126.88, 63.3601, 87.63, , , , , 
1/31/2020 10:38:34 AM, 3251.5, 9075.5, 1626, 324.63, 220.95, 161.69, 316.0692, 170.64, 239.21, 96.355, 30.26, 63.785, 126.88, 63.3601, 87.63, , , , , 
1/31/2020 10:38:37 AM, 3251.5, 9075.5, 1626, 324.6, 220.94, 161.67, 316.035, 170.615, 239.21, 96.33, 30.26, 63.785, 126.87, 63.3601, 87.63, , , , , 
1/31/2020 10:38:40 AM, 3251.5, 9075.5, 1626, 324.61, 220.94, 161.695, 316.1199, 170.588, 239.29, 96.33, 30.26, 63.79, 126.87, 63.3601, 87.63, , , , , 
1/31/2020 10:38:43 AM, 3251.5, 9075.5, 1626, 324.649, 220.95, 161.72, 316.1496, 170.6301, 239.29, 96.34, 30.26, 63.79, 126.86, 63.3601, 87.63, , , , , 
1/31/2020 10:38:46 AM, 3252.5, 9078, 1627, 324.7, 220.99, 161.78, 316.175, 170.6555, 239.5, 96.34, 30.27, 63.79, 126.89, 63.3601, 87.63, , , , , 
1/31/2020 10:38:50 AM, 3252.5, 9078, 1627, 324.71, 221.015, 161.76, 316.225, 170.71, 239.49, 96.34, 30.27, 63.81, 126.88, 63.3601, 87.635, , , , , 
1/31/2020 10:38:53 AM, 3252.25, 9078, 1626.9, 324.715, 221.03, 161.76, 316.19, 170.6999, 239.49, 96.37, 30.27, 63.81, 126.89, 63.3601, 87.635, , , , , 
1/31/2020 10:38:56 AM, 3252, 9077.25, 1626.6, 324.654, 220.985, 161.735, 316.09, 170.68, 239.38, 96.35, 30.26, 63.82, 126.86, 63.3601, 87.635, , , , , 
1/31/2020 10:38:59 AM, 3251.75, 9076.25, 1626.5, 324.654, 220.99, 161.735, 316.1, 170.71, 239.2905, 96.35, 30.26, 63.82, 126.86, 63.3601, 87.635, , , , , 
1/31/2020 10:39:02 AM, 3251.75, 9076.5, 1626.6, 324.65, 220.98, 161.73, 316.05, 170.68, 239.391, 96.3481, 30.26, 63.8, 126.86, 63.3601, 87.63, , , , , 
1/31/2020 10:39:05 AM, 3252, 9077.25, 1626.7, 324.65, 220.98, 161.73, 316.0111, 170.7, 239.3598, 96.3481, 30.26, 63.8, 126.86, 63.3601, 87.63, , , , , 
1/31/2020 10:39:08 AM, 3252, 9078, 1626.2, 324.65, 221.03, 161.7, 316.085, 170.72, 239.42, 96.36, 30.26, 63.805, 126.86, 63.3601, 87.63, , , , , 
1/31/2020 10:39:11 AM, 3252.25, 9078.25, 1626.3, 324.65, 221.01, 161.7, 316.1125, 170.74, 239.43, 96.36, 30.26, 63.805, 126.86, 63.3601, 87.63, , , , , 
1/31/2020 10:39:14 AM, 3252.25, 9079, 1626.1, 324.68, 221.03, 161.68, 316.13, 170.755, 239.395, 96.3665, 30.26, 63.805, 126.86, 63.3601, 87.63, , , , , 
1/31/2020 10:39:17 AM, 3252.25, 9078.5, 1625.9, 324.68, 221.04, 161.68, 316.18, 170.75, 239.4045, 96.3665, 30.26, 63.805, 126.86, 63.3601, 87.63, , , , , 
1/31/2020 10:39:20 AM, 3252, 9077.75, 1625.8, 324.64, 221.02, 161.65, 316.14, 170.72, 239.42, 96.36, 30.2629, 63.8, 126.85, 63.3601, 87.63, , , , , 
1/31/2020 10:39:23 AM, 3252, 9077.75, 1625.8, 324.64, 220.99, 161.65, 316.0971, 170.69, 239.3999, 96.36, 30.2629, 63.8, 126.85, 63.3601, 87.63, , , , , 
1/31/2020 10:39:26 AM, 3251.5, 9076.25, 1625.4, 324.5934, 220.96, 161.62, 316.0724, 170.665, 239.3, 96.33, 30.25, 63.79, 126.82, 63.3601, 87.63, , , , , 
1/31/2020 10:39:29 AM, 3250.75, 9074.75, 1625.4, 324.5934, 220.93, 161.62, 316.005, 170.64, 239.28, 96.33, 30.25, 63.79, 126.82, 63.3601, 87.63, , , , , 
1/31/2020 10:39:32 AM, 3251.25, 9076.5, 1625.6, 324.57, 220.94, 161.63, 315.8664, 170.65, 239.26, 96.33, 30.25, 63.78, 126.82, 63.3601, 87.63, , , , , 
1/31/2020 10:39:35 AM, 3251, 9076, 1625.4, 324.57, 220.95, 161.63, 315.955, 170.69, 239.32, 96.33, 30.25, 63.78, 126.82, 63.3601, 87.63, , , , , 
1/31/2020 10:39:38 AM, 3251.25, 9076, 1625.6, 324.585, 220.95, 161.635, 315.9594, 170.68, 239.32, 96.333, 30.25, 63.78, 126.82, 63.3601, 87.63, , , , , 
1/31/2020 10:39:41 AM, 3251.5, 9076.5, 1625.6, 324.585, 220.98, 161.635, 315.96, 170.695, 239.2735, 96.333, 30.25, 63.78, 126.82, 63.3601, 87.63, , , , , 
1/31/2020 10:39:44 AM, 3251.25, 9077.25, 1625.6, 324.605, 220.96, 161.65, 315.85, 170.6699, 239.29, 96.34, 30.25, 63.78, 126.82, 63.3601, 87.63, , , , , 
1/31/2020 10:39:47 AM, 3251.25, 9077.25, 1625.4, 324.605, 220.98, 161.65, 315.81, 170.7, 239.3497, 96.34, 30.25, 63.78, 126.82, 63.3601, 87.63, , , , , 
1/31/2020 10:39:50 AM, 3251.25, 9077.25, 1625.5, 324.6, 220.99, 161.63, 315.8408, 170.7101, 239.3497, 96.33, 30.255, 63.79, 126.82, 63.3601, 87.63, , , , , 
1/31/2020 10:39:53 AM, 3251.25, 9076.25, 1625.3, 324.6, 220.99, 161.63, 315.77, 170.7, 239.3042, 96.33, 30.255, 63.79, 126.82, 63.3601, 87.63, , , , , 
1/31/2020 10:39:56 AM, 3251, 9075.75, 1625.3, 324.56, 220.95, 161.6019, 315.78, 170.73, 239.22, 96.325, 30.25, 63.785, 126.81, 63.3601, 87.63, , , , , 
1/31/2020 10:39:59 AM, 3251, 9075.25, 1625.1, 324.56, 220.94, 161.6019, 315.7641, 170.6941, 239.215, 96.325, 30.25, 63.785, 126.81, 63.3601, 87.63, , , , , 
1/31/2020 10:40:02 AM, 3250.75, 9074, 1625, 324.515, 220.9211, 161.57, 315.7233, 170.6695, 239.15, 96.3, 30.24, 63.79, 126.79, 63.3601, 87.63, , , , , 
1/31/2020 10:40:05 AM, 3250.5, 9073.75, 1625, 324.515, 220.93, 161.57, 315.72, 170.665, 239.22, 96.3, 30.24, 63.79, 126.79, 63.3601, 87.63, , , , , 
1/31/2020 10:40:08 AM, 3250.75, 9073.75, 1625, 324.565, 220.91, 161.605, 315.7071, 170.645, 239.22, 96.31, 30.25, 63.7879, 126.81, 63.3601, 87.625, , , , , 
1/31/2020 10:40:11 AM, 3251, 9076, 1625.5, 324.565, 220.94, 161.605, 315.7602, 170.69, 239.24, 96.31, 30.25, 63.7879, 126.81, 63.3601, 87.625, , , , , 
1/31/2020 10:40:14 AM, 3250.75, 9073.75, 1625, 324.53, 220.92, 161.58, 315.77, 170.63, 239.29, 96.3, 30.24, 63.8, 126.81, 63.3601, 87.625, , , , , 
1/31/2020 10:40:17 AM, 3250.75, 9074.75, 1625.1, 324.53, 220.89, 161.58, 315.75, 170.61, 239.1368, 96.3, 30.24, 63.8, 126.81, 63.3601, 87.625, , , , , 
1/31/2020 10:40:20 AM, 3250.75, 9074.75, 1625.3, 324.55, 220.89, 161.62, 315.72, 170.635, 239.1368, 96.3, 30.24, 63.8, 126.82, 63.3601, 87.625, , , , , 
1/31/2020 10:40:23 AM, 3250.75, 9074.75, 1625.4, 324.55, 220.92, 161.62, 315.72, 170.6187, 239.1925, 96.3, 30.24, 63.8, 126.82, 63.3601, 87.625, , , , , 
1/31/2020 10:40:26 AM, 3250.5, 9073.25, 1625.2, 324.5231, 220.89, 161.59, 315.81, 170.575, 239.13, 96.29, 30.24, 63.81, 126.82, 63.3601, 87.6284, , , , , 
1/31/2020 10:40:29 AM, 3250.5, 9073.75, 1625.1, 324.5231, 220.905, 161.59, 315.89, 170.585, 239.1, 96.29, 30.24, 63.81, 126.82, 63.3601, 87.6284, , , , , 
1/31/2020 10:40:32 AM, 3250.75, 9073.5, 1625.2, 324.525, 220.9, 161.61, 315.94, 170.555, 239.1, 96.2901, 30.24, 63.8, 126.82, 63.3601, 87.63, , , , , 
1/31/2020 10:40:35 AM, 3250.75, 9075, 1625.5, 324.525, 220.9001, 161.61, 315.91, 170.541, 239.1, 96.2901, 30.24, 63.8, 126.82, 63.3601, 87.63, , , , , 
1/31/2020 10:40:38 AM, 3251.25, 9076, 1625.6, 324.57, 220.95, 161.63, 315.9692, 170.5966, 239.1, 96.315, 30.24, 63.8097, 126.84, 63.3601, 87.63, , , , , 
1/31/2020 10:40:41 AM, 3251.25, 9077, 1625.6, 324.57, 220.98, 161.63, 316.02, 170.63, 239.33, 96.315, 30.24, 63.8097, 126.84, 63.3601, 87.63, , , , , 
1/31/2020 10:40:44 AM, 3251.5, 9077.25, 1625.5, 324.618, 220.98, 161.64, 316.0025, 170.62, 239.33, 96.34, 30.255, 63.805, 126.8601, 63.3601, 87.64, , , , , 
1/31/2020 10:40:47 AM, 3251.5, 9076.5, 1625.4, 324.618, 220.98, 161.64, 316.05, 170.62, 239.3566, 96.34, 30.255, 63.805, 126.8601, 63.3601, 87.64, , , , , 
1/31/2020 10:40:50 AM, 3251.5, 9077.25, 1625.3, 324.6055, 220.99, 161.6, 316.0701, 170.61, 239.36, 96.3411, 30.25, 63.805, 126.87, 63.3601, 87.6301, , , , , 
1/31/2020 10:40:53 AM, 3251.5, 9077.25, 1625.1, 324.6055, 220.98, 161.6, 316.04, 170.61, 239.34, 96.3411, 30.25, 63.805, 126.87, 63.3601, 87.6301, , , , , 
1/31/2020 10:40:56 AM, 3251.5, 9076.75, 1625.1, 324.61, 220.98, 161.58, 316.0808, 170.625, 239.34, 96.3405, 30.25, 63.8, 126.87, 63.3601, 87.6301, , , , , 
1/31/2020 10:40:59 AM, 3251.5, 9076.75, 1625.1, 324.61, 220.976, 161.58, 316.1276, 170.62, 239.34, 96.3405, 30.25, 63.8, 126.87, 63.3601, 87.6301, , , , , 
1/31/2020 10:41:03 AM, 3251.25, 9077, 1625.1, 324.6, 220.98, 161.6, 316.15, 170.605, 239.31, 96.34, 30.25, 63.8, 126.87, 63.3601, 87.6301, , , , , 
1/31/2020 10:41:06 AM, 3251, 9075.75, 1625, 324.6, 220.97, 161.6, 316.155, 170.595, 239.3547, 96.34, 30.25, 63.8, 126.87, 63.3601, 87.6301, , , , , 
1/31/2020 10:41:09 AM, 3251.25, 9076.75, 1625.2, 324.5747, 220.99, 161.59, 316.18, 170.6091, 239.3547, 96.33, 30.25, 63.8, 126.87, 63.3601, 87.6301, , , , , 
1/31/2020 10:41:12 AM, 3250.75, 9075.5, 1625, 324.56, 220.93, 161.57, 316.06, 170.56, 239.3165, 96.33, 30.25, 63.8, 126.85, 63.3601, 87.6301, , , , , 
1/31/2020 10:41:15 AM, 3250.75, 9075, 1624.7, 324.53, 220.93, 161.56, 316.06, 170.56, 239.3165, 96.32, 30.25, 63.79, 126.84, 63.3601, 87.63, , , , , 
1/31/2020 10:41:18 AM, 3250.5, 9073.75, 1624.6, 324.53, 220.91, 161.55, 315.9701, 170.5486, 239.3165, 96.31, 30.25, 63.79, 126.84, 63.3601, 87.63, , , , , 
1/31/2020 10:41:21 AM, 3250.5, 9073.5, 1624.7, 324.52, 220.91, 161.54, 315.9701, 170.5486, 239.3165, 96.31, 30.2496, 63.79, 126.84, 63.3601, 87.63, , , , , 
1/31/2020 10:41:24 AM, 3250.5, 9074, 1624.8, 324.51, 220.9, 161.55, 315.98, 170.535, 239.12, 96.31, 30.25, 63.79, 126.84, 63.3601, 87.63, , , , , 
1/31/2020 10:41:27 AM, 3250.5, 9073.75, 1624.7, 324.52, 220.9, 161.55, 315.98, 170.535, 239.12, 96.305, 30.245, 63.79, 126.84, 63.3601, 87.63, , , , , 
1/31/2020 10:41:30 AM, 3250.75, 9075.5, 1625, 324.57, 220.94, 161.58, 316.09, 170.62, 239.125, 96.305, 30.25, 63.79, 126.86, 63.3601, 87.63, , , , , 
1/31/2020 10:41:33 AM, 3251, 9075.5, 1624.9, 324.55, 220.94, 161.5665, 316.09, 170.62, 239.125, 96.33, 30.25, 63.79, 126.85, 63.3601, 87.63, , , , , 
1/31/2020 10:41:36 AM, 3251, 9075, 1624.9, 324.53, 220.9244, 161.55, 316, 170.605, 239.1301, 96.32, 30.245, 63.79, 126.86, 63.3601, 87.63, , , , , 
1/31/2020 10:41:39 AM, 3250.75, 9075.5, 1625.1, 324.56, 220.9244, 161.59, 316, 170.605, 239.1301, 96.32, 30.25, 63.785, 126.86, 63.3601, 87.63, , , , , 
1/31/2020 10:41:42 AM, 3250.75, 9075, 1625, 324.54, 220.94, 161.579, 316.1564, 170.65, 239.1655, 96.32, 30.24, 63.785, 126.86, 63.3601, 87.63, , , , , 
1/31/2020 10:41:45 AM, 3251, 9076, 1625.1, 324.57, 220.94, 161.59, 316.1564, 170.65, 239.1655, 96.34, 30.25, 63.79, 126.87, 63.3601, 87.63, , , , , 
1/31/2020 10:41:48 AM, 3251.25, 9076, 1625.2, 324.57, 220.94, 161.58, 316.1602, 170.67, 239.17, 96.34, 30.249, 63.79, 126.87, 63.3601, 87.63, , , , , 
1/31/2020 10:41:51 AM, 3251, 9075.25, 1625, 324.55, 220.94, 161.575, 316.1602, 170.67, 239.17, 96.34, 30.24, 63.79, 126.87, 63.3601, 87.63, , , , , 
1/31/2020 10:41:54 AM, 3251, 9076, 1625, 324.56, 220.9445, 161.59, 316.02, 170.65, 239.1104, 96.3375, 30.24, 63.79, 126.86, 63.3601, 87.63, , , , , 
1/31/2020 10:41:57 AM, 3251, 9075, 1625, 324.53, 220.9445, 161.575, 316.02, 170.65, 239.1104, 96.32, 30.24, 63.79, 126.86, 63.3601, 87.63, , , , , 
1/31/2020 10:42:00 AM, 3250.75, 9073.25, 1624.9, 324.52, 220.92, 161.575, 316.05, 170.61, 239.01, 96.32, 30.24, 63.79, 126.86, 63.3601, 87.63, , , , , 
1/31/2020 10:42:03 AM, 3250.5, 9073, 1625, 324.52, 220.92, 161.575, 316.05, 170.61, 239.01, 96.32, 30.24, 63.79, 126.86, 63.3601, 87.63, , , , , 
1/31/2020 10:42:06 AM, 3250.5, 9073.75, 1625.1, 324.545, 220.93, 161.59, 316.0862, 170.64, 239.04, 96.31, 30.245, 63.8, 126.84, 63.3601, 87.63, , , , , 
1/31/2020 10:42:09 AM, 3250.75, 9074.75, 1625.1, 324.54, 220.93, 161.595, 316.0862, 170.64, 239.04, 96.31, 30.245, 63.8, 126.85, 63.3601, 87.63, , , , , 
1/31/2020 10:42:12 AM, 3251, 9074.25, 1625.1, 324.535, 220.91, 161.595, 315.98, 170.61, 239, 96.32, 30.2462, 63.8, 126.84, 63.3601, 87.63, , , , , 
1/31/2020 10:42:15 AM, 3250.75, 9073.5, 1624.9, 324.48, 220.91, 161.555, 315.98, 170.61, 239, 96.29, 30.24, 63.8, 126.82, 63.3601, 87.62, , , , , 
1/31/2020 10:42:18 AM, 3250.25, 9073, 1624.7, 324.5, 220.865, 161.55, 315.95, 170.59, 238.99, 96.3, 30.24, 63.8, 126.82, 63.3601, 87.62, , , , , 
1/31/2020 10:42:21 AM, 3250.25, 9072, 1624.7, 324.48, 220.865, 161.55, 315.95, 170.59, 238.99, 96.3, 30.24, 63.8, 126.82, 63.3601, 87.62, , , , , 
1/31/2020 10:42:24 AM, 3250, 9072.25, 1624.8, 324.47, 220.85, 161.555, 315.96, 170.55, 238.955, 96.3, 30.24, 63.8, 126.82, 63.3601, 87.62, , , , , 
1/31/2020 10:42:27 AM, 3250.25, 9072, 1624.7, 324.48, 220.85, 161.54, 315.96, 170.55, 238.955, 96.29, 30.2431, 63.8, 126.83, 63.3601, 87.62, , , , , 
1/31/2020 10:42:30 AM, 3250.25, 9072.5, 1624.7, 324.495, 220.88, 161.56, 315.989, 170.6, 239.0599, 96.3, 30.24, 63.8, 126.84, 63.3601, 87.62, , , , , 
1/31/2020 10:42:33 AM, 3250.25, 9073.25, 1624.9, 324.515, 220.88, 161.58, 315.989, 170.6, 239.0599, 96.31, 30.24, 63.8, 126.85, 63.3601, 87.62, , , , , 
1/31/2020 10:42:36 AM, 3250.75, 9075.25, 1625.2, 324.58, 220.95, 161.61, 316.105, 170.66, 239.105, 96.34, 30.245, 63.8, 126.87, 63.3601, 87.63, , , , , 
1/31/2020 10:42:39 AM, 3250.75, 9076.25, 1625.1, 324.59, 220.95, 161.6, 316.105, 170.66, 239.105, 96.35, 30.25, 63.8, 126.87, 63.3601, 87.625, , , , , 
1/31/2020 10:42:42 AM, 3251.5, 9077.75, 1625.5, 324.6, 221.02, 161.63, 316.255, 170.66, 239.23, 96.36, 30.25, 63.8, 126.88, 63.3601, 87.63, , , , , 
1/31/2020 10:42:45 AM, 3251.5, 9078.75, 1625.5, 324.62, 221.02, 161.63, 316.255, 170.66, 239.23, 96.3562, 30.25, 63.8, 126.88, 63.3601, 87.63, , , , , 
1/31/2020 10:42:49 AM, 3252, 9080, 1625.6, 324.66, 221.05, 161.64, 316.32, 170.68, 239.2942, 96.3562, 30.26, 63.81, 126.898, 63.3601, 87.63, , , , , 
1/31/2020 10:42:52 AM, 3251.75, 9078.5, 1625.5, 324.63, 221.05, 161.61, 316.32, 170.68, 239.2942, 96.37, 30.26, 63.81, 126.89, 63.3601, 87.63, , , , , 
1/31/2020 10:42:55 AM, 3252, 9078.75, 1625.5, 324.63, 221.02, 161.62, 316.41, 170.651, 239.23, 96.37, 30.255, 63.81, 126.88, 63.3601, 87.63, , , , , 
1/31/2020 10:42:58 AM, 3252.25, 9079.75, 1625.6, 324.648, 221.05, 161.62, 316.4815, 170.71, 239.27, 96.37, 30.25, 63.81, 126.88, 63.3601, 87.63, , , , , 
1/31/2020 10:43:01 AM, 3252.25, 9079.75, 1625.6, 324.6675, 221.04, 161.64, 316.47, 170.69, 239.29, 96.39, 30.2555, 63.815, 126.89, 63.3601, 87.63, , , , , 
1/31/2020 10:43:04 AM, 3252.75, 9081.25, 1625.6, 324.69, 221.09, 161.64, 316.54, 170.71, 239.33, 96.39, 30.26, 63.82, 126.89, 63.3601, 87.63, , , , , 
1/31/2020 10:43:07 AM, 3252.75, 9081.25, 1625.6, 324.74, 221.1099, 161.665, 316.558, 170.72, 239.38, 96.39, 30.27, 63.83, 126.92, 63.3601, 87.64, , , , , 
1/31/2020 10:43:10 AM, 3253.5, 9083.5, 1626.1, 324.7897, 221.14, 161.68, 316.62, 170.75, 239.4098, 96.415, 30.27, 63.83, 126.93, 63.3601, 87.65, , , , , 
1/31/2020 10:43:13 AM, 3253.5, 9083.5, 1626.1, 324.8, 221.12, 161.685, 316.6855, 170.72, 239.33, 96.43, 30.27, 63.83, 126.94, 63.3601, 87.65, , , , , 
1/31/2020 10:43:16 AM, 3252.75, 9082.25, 1625.8, 324.74, 221.1, 161.655, 316.65, 170.68, 239.3312, 96.42, 30.2625, 63.83, 126.92, 63.3601, 87.65, , , , , 
1/31/2020 10:43:19 AM, 3252.75, 9082.25, 1625.8, 324.76, 221.115, 161.665, 316.77, 170.675, 239.44, 96.41, 30.26, 63.83, 126.92, 63.3601, 87.65, , , , , 
1/31/2020 10:43:22 AM, 3252.5, 9081.25, 1625.5, 324.73, 221.09, 161.65, 316.7299, 170.66, 239.35, 96.41, 30.26, 63.84, 126.91, 63.3601, 87.65, , , , , 
1/31/2020 10:43:25 AM, 3252.5, 9081.25, 1625.5, 324.73, 221.09, 161.635, 316.81, 170.67, 239.37, 96.41, 30.26, 63.83, 126.91, 63.3601, 87.64, , , , , 
1/31/2020 10:43:28 AM, 3252, 9079, 1625.4, 324.68, 221.04, 161.62, 316.6787, 170.64, 239.2601, 96.39, 30.26, 63.83, 126.89, 63.3601, 87.64, , , , , 
1/31/2020 10:43:31 AM, 3252, 9079, 1625.4, 324.65, 221, 161.61, 316.61, 170.61, 239.26, 96.38, 30.255, 63.83, 126.88, 63.3601, 87.64, , , , , 
1/31/2020 10:43:34 AM, 3251.5, 9077, 1625.1, 324.58, 220.95, 161.56, 316.48, 170.58, 239.17, 96.35, 30.25, 63.82, 126.85, 63.3601, 87.63, , , , , 
1/31/2020 10:43:37 AM, 3251.5, 9077, 1625.1, 324.59, 220.93, 161.56, 316.4399, 170.6, 239.2267, 96.35, 30.25, 63.82, 126.86, 63.3601, 87.63, , , , , 
1/31/2020 10:43:40 AM, 3250.75, 9074, 1624.4, 324.54, 220.91, 161.55, 316.28, 170.54, 239.2267, 96.34, 30.24, 63.81, 126.83, 63.3601, 87.625, , , , , 
1/31/2020 10:43:43 AM, 3250.75, 9074, 1624.4, 324.49, 220.88, 161.52, 316.2504, 170.52, 239.0803, 96.31, 30.24, 63.81, 126.82, 63.3601, 87.625, , , , , 
1/31/2020 10:43:46 AM, 3250.25, 9071.5, 1624, 324.47, 220.88, 161.5, 316.18, 170.502, 239.0803, 96.3, 30.245, 63.79, 126.8, 63.3601, 87.625, , , , , 
1/31/2020 10:43:49 AM, 3250.25, 9071.5, 1624, 324.47, 220.87, 161.47, 316.2342, 170.49, 239.03, 96.2901, 30.2448, 63.79, 126.8, 63.3601, 87.62, , , , , 
1/31/2020 10:43:52 AM, 3250.5, 9072.5, 1624, 324.51, 220.88, 161.49, 316.205, 170.515, 239.0909, 96.31, 30.2448, 63.79, 126.8, 63.3601, 87.62, , , , , 
1/31/2020 10:43:55 AM, 3250.5, 9072.5, 1624, 324.46, 220.81, 161.49, 316.07, 170.46, 239.01, 96.29, 30.2448, 63.8, 126.8, 63.3601, 87.62, , , , , 
1/31/2020 10:43:58 AM, 3249.75, 9071, 1624, 324.4, 220.82, 161.45, 316.0693, 170.47, 239.01, 96.25, 30.24, 63.79, 126.77, 63.3601, 87.61, , , , , 
1/31/2020 10:44:01 AM, 3249.75, 9071, 1624, 324.38, 220.77, 161.47, 315.98, 170.46, 238.89, 96.27, 30.24, 63.8, 126.78, 63.3601, 87.61, , , , , 
1/31/2020 10:44:04 AM, 3250, 9070.5, 1624, 324.44, 220.84, 161.48, 316.05, 170.45, 238.96, 96.27, 30.24, 63.79, 126.78, 63.3601, 87.61, , , , , 
1/31/2020 10:44:07 AM, 3250, 9070.5, 1624, 324.45, 220.8199, 161.49, 316.01, 170.4328, 239.025, 96.28, 30.235, 63.8, 126.79, 63.3601, 87.62, , , , , 
1/31/2020 10:44:10 AM, 3250, 9070, 1623.8, 324.47, 220.84, 161.48, 316.03, 170.425, 238.92, 96.27, 30.24, 63.81, 126.78, 63.3499, 87.62, , , , , 
1/31/2020 10:44:13 AM, 3250, 9070, 1623.8, 324.43, 220.795, 161.47, 315.975, 170.361, 238.93, 96.26, 30.235, 63.81, 126.78, 63.3499, 87.62, , , , , 
1/31/2020 10:44:16 AM, 3249.25, 9068, 1623.7, 324.38, 220.767, 161.44, 315.93, 170.36, 238.78, 96.24, 30.235, 63.81, 126.77, 63.3499, 87.62, , , , , 
1/31/2020 10:44:19 AM, 3249.25, 9068, 1623.7, 324.39, 220.8, 161.45, 315.96, 170.41, 238.7, 96.24, 30.235, 63.81, 126.76, 63.3499, 87.615, , , , , 
1/31/2020 10:44:22 AM, 3249.5, 9068.5, 1623.8, 324.41, 220.8, 161.45, 315.9449, 170.3933, 238.7099, 96.25, 30.235, 63.81, 126.78, 63.3499, 87.615, , , , , 
1/31/2020 10:44:25 AM, 3249.5, 9068.5, 1623.8, 324.42, 220.79, 161.47, 315.8708, 170.4066, 238.7099, 96.24, 30.235, 63.81, 126.77, 63.3499, 87.615, , , , , 
1/31/2020 10:44:28 AM, 3249.5, 9067.25, 1623.6, 324.4, 220.7663, 161.4461, 315.875, 170.39, 238.63, 96.24, 30.2334, 63.808, 126.76, 63.3499, 87.615, , , , , 
1/31/2020 10:44:31 AM, 3249.5, 9067.25, 1623.6, 324.32, 220.7, 161.41, 315.93, 170.38, 238.4763, 96.21, 30.225, 63.8, 126.73, 63.3499, 87.615, , , , , 
1/31/2020 10:44:34 AM, 3250, 9068, 1624.2, 324.44, 220.77, 161.47, 316.04, 170.46, 238.5812, 96.26, 30.24, 63.81, 126.77, 63.3499, 87.615, , , , , 
1/31/2020 10:44:37 AM, 3250, 9068, 1624.2, 324.43, 220.75, 161.48, 315.99, 170.46, 238.69, 96.27, 30.235, 63.81, 126.78, 63.3499, 87.62, , , , , 
1/31/2020 10:44:40 AM, 3249.5, 9067.75, 1624.2, 324.41, 220.75, 161.49, 315.92, 170.47, 238.6204, 96.25, 30.24, 63.81, 126.76, 63.3499, 87.62, , , , , 
1/31/2020 10:44:43 AM, 3249.5, 9067.75, 1624.2, 324.39, 220.71, 161.485, 315.87, 170.44, 238.6082, 96.2445, 30.23, 63.81, 126.76, 63.3499, 87.62, , , , , 
1/31/2020 10:44:46 AM, 3249, 9064.75, 1623.5, 324.35, 220.71, 161.46, 315.84, 170.44, 238.513, 96.24, 30.23, 63.8, 126.76, 63.3499, 87.62, , , , , 
1/31/2020 10:44:49 AM, 3249, 9064.75, 1623.5, 324.32, 220.69, 161.42, 315.9048, 170.38, 238.525, 96.22, 30.23, 63.8, 126.74, 63.3499, 87.615, , , , , 
1/31/2020 10:44:52 AM, 3248.5, 9064.25, 1623.4, 324.32, 220.6805, 161.42, 315.905, 170.38, 238.525, 96.22, 30.23, 63.79, 126.74, 63.3499, 87.615, , , , , 
1/31/2020 10:44:55 AM, 3248.5, 9064.25, 1623.4, 324.285, 220.65, 161.41, 315.7748, 170.3599, 238.505, 96.21, 30.22, 63.79, 126.74, 63.3499, 87.615, , , , , 
1/31/2020 10:44:58 AM, 3248.5, 9064, 1623.2, 324.2804, 220.67, 161.395, 315.87, 170.38, 238.51, 96.202, 30.22, 63.79, 126.74, 63.3499, 87.615, , , , , 
1/31/2020 10:45:01 AM, 3248.5, 9064, 1623.2, 324.305, 220.63, 161.381, 315.78, 170.34, 238.44, 96.21, 30.23, 63.8, 126.72, 63.3499, 87.615, , , , , 
1/31/2020 10:45:04 AM, 3248.5, 9062.5, 1623.2, 324.32, 220.69, 161.42, 315.9438, 170.405, 238.42, 96.2, 30.23, 63.8, 126.71, 63.3499, 87.61, , , , , 
1/31/2020 10:45:07 AM, 3249.25, 9065.25, 1623.7, 324.37, 220.68, 161.43, 315.9398, 170.4, 238.37, 96.23, 30.2339, 63.81, 126.74, 63.3499, 87.61, , , , , 
1/31/2020 10:45:10 AM, 3248.75, 9063.75, 1623.1, 324.35, 220.69, 161.41, 315.91, 170.41, 238.3541, 96.21, 30.2327, 63.81, 126.73, 63.3499, 87.61, , , , , 
1/31/2020 10:45:14 AM, 3248.75, 9063.75, 1623.1, 324.32, 220.66, 161.41, 315.88, 170.4, 238.4063, 96.2, 30.23, 63.8, 126.72, 63.3499, 87.61, , , , , 
1/31/2020 10:45:17 AM, 3249.5, 9066.5, 1623.8, 324.36, 220.6962, 161.42, 315.9619, 170.43, 238.34, 96.205, 30.2326, 63.8, 126.73, 63.3499, 87.61, , , , , 
1/31/2020 10:45:20 AM, 3250.25, 9069, 1624.2, 324.435, 220.785, 161.47, 316.2099, 170.48, 238.54, 96.27, 30.2427, 63.81, 126.76, 63.3499, 87.62, , , , , 
1/31/2020 10:45:23 AM, 3250, 9068.5, 1623.9, 324.435, 220.77, 161.47, 316.24, 170.47, 238.5452, 96.27, 30.2427, 63.81, 126.76, 63.3499, 87.62, , , , , 
1/31/2020 10:45:26 AM, 3250.25, 9069.5, 1624.2, 324.48, 220.8, 161.49, 316.2934, 170.4845, 238.5452, 96.27, 30.2427, 63.81, 126.77, 63.3499, 87.63, , , , , 
1/31/2020 10:45:29 AM, 3250, 9068.25, 1623.9, 324.48, 220.81, 161.49, 316.365, 170.53, 238.61, 96.27, 30.2427, 63.81, 126.77, 63.3499, 87.63, , , , , 
1/31/2020 10:45:32 AM, 3249.5, 9067, 1623.7, 324.41, 220.74, 161.45, 316.155, 170.47, 238.48, 96.25, 30.23, 63.8, 126.76, 63.3499, 87.63, , , , , 
1/31/2020 10:45:35 AM, 3250, 9068.75, 1623.9, 324.41, 220.78, 161.45, 316.3, 170.49, 238.49, 96.25, 30.23, 63.8, 126.76, 63.3499, 87.63, , , , , 
1/31/2020 10:45:38 AM, 3249.75, 9068, 1623.7, 324.42, 220.76, 161.46, 316.2848, 170.49, 238.6199, 96.25, 30.23, 63.81, 126.76, 63.3499, 87.63, , , , , 
1/31/2020 10:45:41 AM, 3249.75, 9066.75, 1623.8, 324.42, 220.76, 161.46, 316.2468, 170.485, 238.52, 96.25, 30.23, 63.81, 126.76, 63.3499, 87.63, , , , , 
1/31/2020 10:45:44 AM, 3249.5, 9065.75, 1623.5, 324.38, 220.74, 161.425, 316.18, 170.47, 238.5473, 96.24, 30.235, 63.8, 126.75, 63.3499, 87.63, , , , , 
1/31/2020 10:45:47 AM, 3249.25, 9065.5, 1623.3, 324.38, 220.7, 161.425, 316.115, 170.445, 238.39, 96.24, 30.235, 63.8, 126.75, 63.3499, 87.63, , , , , 
1/31/2020 10:45:50 AM, 3249.25, 9065.25, 1623.2, 324.35, 220.702, 161.39, 316.135, 170.455, 238.45, 96.22, 30.2332, 63.8, 126.75, 63.3499, 87.625, , , , , 
1/31/2020 10:45:53 AM, 3249, 9065, 1623.1, 324.35, 220.67, 161.39, 316.04, 170.41, 238.36, 96.22, 30.2332, 63.8, 126.75, 63.3499, 87.625, , , , , 
1/31/2020 10:45:56 AM, 3248.5, 9063.25, 1622.7, 324.3, 220.66, 161.35, 316, 170.38, 238.32, 96.2, 30.23, 63.795, 126.75, 63.3499, 87.61, , , , , 
1/31/2020 10:45:59 AM, 3248, 9062.5, 1622.6, 324.3, 220.64, 161.35, 316.03, 170.39, 238.3099, 96.2, 30.23, 63.795, 126.75, 63.3499, 87.61, , , , , 
1/31/2020 10:46:02 AM, 3248.5, 9064.25, 1622.7, 324.2987, 220.65, 161.34, 316.01, 170.3779, 238.26, 96.2, 30.23, 63.78, 126.73, 63.3499, 87.61, , , , , 
1/31/2020 10:46:05 AM, 3248.5, 9064.25, 1622.5, 324.2987, 220.67, 161.34, 316.12, 170.3901, 238.35, 96.2, 30.23, 63.78, 126.73, 63.3499, 87.61, , , , , 
1/31/2020 10:46:08 AM, 3248.25, 9063, 1622.2, 324.28, 220.67, 161.32, 316.185, 170.4, 238.535, 96.1901, 30.225, 63.78, 126.73, 63.3499, 87.615, , , , , 
1/31/2020 10:46:11 AM, 3248.5, 9064.75, 1622.5, 324.28, 220.67, 161.32, 316.21, 170.41, 238.6, 96.1901, 30.225, 63.78, 126.73, 63.3499, 87.615, , , , , 
1/31/2020 10:46:14 AM, 3248.75, 9065.25, 1622.5, 324.33, 220.73, 161.32, 316.2999, 170.46, 238.7148, 96.22, 30.225, 63.79, 126.76, 63.3499, 87.615, , , , , 
1/31/2020 10:46:17 AM, 3248.75, 9065.25, 1622.5, 324.33, 220.71, 161.32, 316.22, 170.41, 238.6325, 96.22, 30.225, 63.79, 126.76, 63.3499, 87.615, , , , , 
1/31/2020 10:46:20 AM, 3249, 9066, 1622.7, 324.33, 220.72, 161.33, 316.27, 170.43, 238.69, 96.215, 30.2275, 63.79, 126.76, 63.3499, 87.615, , , , , 
1/31/2020 10:46:23 AM, 3248.75, 9065.25, 1622.2, 324.33, 220.7265, 161.33, 316.3, 170.44, 238.73, 96.215, 30.2275, 63.79, 126.76, 63.3499, 87.615, , , , , 
1/31/2020 10:46:26 AM, 3248.5, 9066, 1622.3, 324.31, 220.71, 161.32, 316.2268, 170.44, 238.68, 96.2205, 30.225, 63.79, 126.77, 63.3499, 87.615, , , , , 
1/31/2020 10:46:29 AM, 3248.5, 9065.5, 1622.2, 324.31, 220.7, 161.32, 316.29, 170.47, 238.6294, 96.2205, 30.225, 63.79, 126.77, 63.3499, 87.615, , , , , 
1/31/2020 10:46:32 AM, 3249, 9067.25, 1622.5, 324.35, 220.73, 161.31, 316.42, 170.495, 238.6294, 96.2526, 30.225, 63.79, 126.78, 63.3499, 87.615, , , , , 
1/31/2020 10:46:35 AM, 3248.75, 9066, 1622.3, 324.35, 220.73, 161.31, 316.41, 170.5, 238.6, 96.2526, 30.225, 63.79, 126.78, 63.3499, 87.615, , , , , 
1/31/2020 10:46:38 AM, 3248.5, 9065.25, 1622, 324.28, 220.715, 161.28, 316.43, 170.49, 238.59, 96.23, 30.22, 63.78, 126.76, 63.3499, 87.615, , , , , 
1/31/2020 10:46:41 AM, 3248.5, 9065.75, 1622, 324.28, 220.7, 161.28, 316.39, 170.47, 238.51, 96.23, 30.22, 63.78, 126.76, 63.3499, 87.615, , , , , 
1/31/2020 10:46:44 AM, 3248.5, 9065.5, 1621.9, 324.32, 220.7, 161.29, 316.38, 170.455, 238.5477, 96.23, 30.23, 63.78, 126.7717, 63.3499, 87.615, , , , , 
1/31/2020 10:46:47 AM, 3248.5, 9065.75, 1622, 324.32, 220.7379, 161.29, 316.53, 170.46, 238.6, 96.23, 30.23, 63.78, 126.7717, 63.3499, 87.615, , , , , 
1/31/2020 10:46:50 AM, 3248.25, 9065.75, 1621.9, 324.2585, 220.7145, 161.25, 316.46, 170.455, 238.6, 96.22, 30.21, 63.77, 126.74, 63.3499, 87.61, , , , , 
1/31/2020 10:46:53 AM, 3247.5, 9064, 1621.7, 324.2585, 220.665, 161.25, 316.3701, 170.425, 238.5631, 96.22, 30.21, 63.77, 126.74, 63.3499, 87.61, , , , , 
1/31/2020 10:46:56 AM, 3248, 9064.5, 1621.8, 324.26, 220.7, 161.27, 316.48, 170.47, 238.645, 96.23, 30.21, 63.77, 126.75, 63.3499, 87.6136, , , , , 
1/31/2020 10:46:59 AM, 3248, 9066.25, 1622.1, 324.26, 220.7, 161.27, 316.4391, 170.475, 238.55, 96.23, 30.21, 63.77, 126.75, 63.3499, 87.6136, , , , , 
1/31/2020 10:47:02 AM, 3248.25, 9066.5, 1622.2, 324.26, 220.712, 161.31, 316.41, 170.4968, 238.542, 96.23, 30.2125, 63.76, 126.75, 63.3499, 87.6136, , , , , 
1/31/2020 10:47:05 AM, 3248.75, 9068, 1622.5, 324.26, 220.76, 161.31, 316.5164, 170.5399, 238.55, 96.23, 30.2125, 63.76, 126.75, 63.3499, 87.6136, , , , , 
1/31/2020 10:47:08 AM, 3248.75, 9067.5, 1622.7, 324.3299, 220.75, 161.37, 316.54, 170.56, 238.6, 96.28, 30.22, 63.77, 126.795, 63.3499, 87.6136, , , , , 
1/31/2020 10:47:11 AM, 3248.5, 9067.25, 1622.6, 324.3299, 220.7725, 161.37, 316.55, 170.59, 238.69, 96.28, 30.22, 63.77, 126.795, 63.3499, 87.6136, , , , , 
1/31/2020 10:47:14 AM, 3248.5, 9068.5, 1622.9, 324.32, 220.7631, 161.37, 316.55, 170.59, 238.69, 96.2713, 30.22, 63.76, 126.79, 63.3499, 87.6136, , , , , 
1/31/2020 10:47:18 AM, 3248.75, 9068.5, 1623, 324.32, 220.78, 161.37, 316.59, 170.6, 238.68, 96.2713, 30.22, 63.76, 126.79, 63.3499, 87.6136, , , , , 
1/31/2020 10:47:21 AM, 3248.75, 9069.5, 1623.1, 324.34, 220.79, 161.42, 316.55, 170.62, 238.7155, 96.28, 30.215, 63.77, 126.81, 63.3499, 87.615, , , , , 
1/31/2020 10:47:24 AM, 3249.5, 9071.75, 1623.7, 324.38, 220.83, 161.46, 316.61, 170.65, 238.81, 96.3, 30.22, 63.7634, 126.83, 63.3499, 87.62, , , , , 
1/31/2020 10:47:27 AM, 3249, 9071.25, 1623.9, 324.36, 220.83, 161.47, 316.61, 170.65, 238.81, 96.3, 30.22, 63.7634, 126.83, 63.3499, 87.62, , , , , 
1/31/2020 10:47:30 AM, 3249.25, 9071, 1623.9, 324.37, 220.855, 161.465, 316.68, 170.655, 238.82, 96.29, 30.215, 63.76, 126.82, 63.3499, 87.62, , , , , 
1/31/2020 10:47:33 AM, 3249.25, 9071, 1623.7, 324.38, 220.855, 161.46, 316.68, 170.655, 238.82, 96.3, 30.22, 63.76, 126.82, 63.3499, 87.615, , , , , 
1/31/2020 10:47:36 AM, 3249.25, 9072, 1623.9, 324.375, 220.87, 161.465, 316.8185, 170.69, 238.86, 96.3, 30.22, 63.76, 126.82, 63.3499, 87.615, , , , , 
1/31/2020 10:47:39 AM, 3249.25, 9072, 1623.8, 324.37, 220.87, 161.45, 316.8185, 170.69, 238.86, 96.3001, 30.22, 63.765, 126.82, 63.3499, 87.615, , , , , 
1/31/2020 10:47:42 AM, 3249, 9071.25, 1623.6, 324.39, 220.86, 161.43, 316.7899, 170.675, 238.6991, 96.31, 30.2144, 63.765, 126.8174, 63.3499, 87.615, , , , , 
1/31/2020 10:47:45 AM, 3249.5, 9071.75, 1623.6, 324.3809, 220.86, 161.43, 316.7899, 170.675, 238.6991, 96.3101, 30.21, 63.77, 126.8174, 63.3499, 87.615, , , , , 
1/31/2020 10:47:48 AM, 3249.5, 9071, 1623.6, 324.4, 220.87, 161.45, 316.89, 170.675, 238.725, 96.32, 30.22, 63.77, 126.8174, 63.3499, 87.615, , , , , 
1/31/2020 10:47:51 AM, 3249.5, 9071.75, 1623.6, 324.3919, 220.87, 161.43, 316.89, 170.675, 238.725, 96.32, 30.22, 63.77, 126.8174, 63.3499, 87.615, , , , , 
1/31/2020 10:47:54 AM, 3249.5, 9072, 1623.7, 324.39, 220.88, 161.45, 316.9, 170.63, 238.735, 96.32, 30.22, 63.77, 126.82, 63.3499, 87.615, , , , , 
1/31/2020 10:47:57 AM, 3249.25, 9071.5, 1623.9, 324.37, 220.88, 161.46, 316.9, 170.63, 238.735, 96.3, 30.22, 63.77, 126.82, 63.3499, 87.615, , , , , 
1/31/2020 10:48:00 AM, 3249, 9071.25, 1623.9, 324.34, 220.8165, 161.46, 316.7965, 170.61, 238.735, 96.2955, 30.21, 63.76, 126.81, 63.3499, 87.615, , , , , 
1/31/2020 10:48:03 AM, 3249, 9071, 1624, 324.39, 220.8165, 161.49, 316.7965, 170.61, 238.735, 96.31, 30.215, 63.76, 126.83, 63.3499, 87.615, , , , , 
1/31/2020 10:48:06 AM, 3249.5, 9072, 1624.2, 324.395, 220.9, 161.495, 316.86, 170.72, 238.61, 96.31, 30.215, 63.76, 126.83, 63.3499, 87.615, , , , , 
1/31/2020 10:48:09 AM, 3249.5, 9072.25, 1624.1, 324.3903, 220.9, 161.49, 316.86, 170.72, 238.61, 96.32, 30.215, 63.76, 126.84, 63.3499, 87.615, , , , , 
1/31/2020 10:48:12 AM, 3249.25, 9071.25, 1623.8, 324.36, 220.8365, 161.45, 316.6746, 170.64, 238.57, 96.3, 30.215, 63.755, 126.82, 63.3499, 87.615, , , , , 
1/31/2020 10:48:15 AM, 3248.75, 9070, 1623.6, 324.3398, 220.8365, 161.45, 316.6746, 170.64, 238.57, 96.3, 30.21, 63.755, 126.82, 63.3499, 87.615, , , , , 
1/31/2020 10:48:18 AM, 3248.75, 9070.25, 1623.7, 324.329, 220.81, 161.45, 316.61, 170.64, 238.6, 96.29, 30.2034, 63.755, 126.815, 63.3499, 87.615, , , , , 
1/31/2020 10:48:21 AM, 3248.75, 9068.75, 1623.3, 324.31, 220.81, 161.41, 316.61, 170.64, 238.6, 96.28, 30.205, 63.75, 126.8, 63.3499, 87.62, , , , , 
1/31/2020 10:48:24 AM, 3248.75, 9069.5, 1623.3, 324.33, 220.849, 161.42, 316.66, 170.6475, 238.59, 96.29, 30.2044, 63.75, 126.81, 63.3499, 87.62, , , , , 
1/31/2020 10:48:27 AM, 3249, 9070.75, 1623.5, 324.37, 220.849, 161.45, 316.66, 170.6475, 238.59, 96.29, 30.21, 63.75, 126.82, 63.3499, 87.63, , , , , 
1/31/2020 10:48:30 AM, 3249.5, 9072.25, 1623.8, 324.38, 220.84, 161.45, 316.68, 170.63, 238.52, 96.31, 30.2044, 63.7556, 126.82, 63.3499, 87.63, , , , , 
1/31/2020 10:48:33 AM, 3249.25, 9072, 1623.6, 324.38, 220.84, 161.44, 316.68, 170.63, 238.52, 96.3, 30.21, 63.7556, 126.82, 63.3499, 87.63, , , , , 
1/31/2020 10:48:36 AM, 3249, 9071.5, 1623.6, 324.36, 220.81, 161.44, 316.65, 170.6161, 238.5, 96.3, 30.205, 63.7556, 126.82, 63.3499, 87.63, , , , , 
1/31/2020 10:48:39 AM, 3248.75, 9069.75, 1623.3, 324.33, 220.81, 161.43, 316.65, 170.6161, 238.5, 96.29, 30.205, 63.75, 126.82, 63.3499, 87.63, , , , , 
1/31/2020 10:48:42 AM, 3249, 9071.5, 1623.7, 324.38, 220.86, 161.47, 316.81, 170.675, 238.67, 96.305, 30.21, 63.75, 126.82, 63.3499, 87.625, , , , , 
1/31/2020 10:48:45 AM, 3249.5, 9071.75, 1623.9, 324.39, 220.86, 161.47, 316.81, 170.675, 238.67, 96.31, 30.21, 63.76, 126.82, 63.3499, 87.625, , , , , 
1/31/2020 10:48:48 AM, 3249.5, 9072, 1623.8, 324.397, 220.88, 161.45, 316.825, 170.6655, 238.81, 96.31, 30.21, 63.76, 126.82, 63.3499, 87.62, , , , , 
1/31/2020 10:48:51 AM, 3249.75, 9072.5, 1623.8, 324.425, 220.88, 161.47, 316.825, 170.6655, 238.81, 96.3166, 30.21, 63.77, 126.825, 63.3499, 87.625, , , , , 
1/31/2020 10:48:54 AM, 3250, 9074.25, 1624.4, 324.44, 220.91, 161.51, 316.7299, 170.6298, 238.82, 96.31, 30.215, 63.77, 126.85, 63.3499, 87.625, , , , , 
1/31/2020 10:48:57 AM, 3249.75, 9073, 1624.1, 324.42, 220.91, 161.5, 316.7299, 170.6298, 238.82, 96.31, 30.21, 63.77, 126.84, 63.3499, 87.625, , , , , 
1/31/2020 10:49:00 AM, 3249.75, 9072.75, 1624, 324.41, 220.889, 161.48, 316.72, 170.62, 238.77, 96.3, 30.21, 63.78, 126.83, 63.3499, 87.625, , , , , 
1/31/2020 10:49:03 AM, 3249.75, 9073.25, 1624, 324.43, 220.889, 161.465, 316.72, 170.62, 238.77, 96.31, 30.2131, 63.78, 126.84, 63.3499, 87.625, , , , , 
1/31/2020 10:49:06 AM, 3249.5, 9073.5, 1624.1, 324.41, 220.9, 161.49, 316.79, 170.6599, 238.8075, 96.31, 30.21, 63.78, 126.83, 63.3499, 87.625, , , , , 
1/31/2020 10:49:09 AM, 3249.75, 9073.75, 1624, 324.425, 220.9, 161.47, 316.79, 170.6599, 238.8075, 96.31, 30.21, 63.78, 126.83, 63.3499, 87.625, , , , , 
1/31/2020 10:49:12 AM, 3249.5, 9073, 1623.9, 324.4, 220.9, 161.47, 316.79, 170.665, 238.825, 96.31, 30.2, 63.78, 126.83, 63.3499, 87.625, , , , , 
1/31/2020 10:49:15 AM, 3249.75, 9073, 1623.9, 324.395, 220.9, 161.47, 316.79, 170.665, 238.825, 96.31, 30.2, 63.775, 126.825, 63.3499, 87.625, , , , , 
1/31/2020 10:49:18 AM, 3249.5, 9073, 1623.9, 324.43, 220.9037, 161.495, 316.79, 170.68, 238.92, 96.3096, 30.205, 63.775, 126.83, 63.3499, 87.625, , , , , 
1/31/2020 10:49:21 AM, 3250, 9073.75, 1623.9, 324.43, 220.9037, 161.4921, 316.79, 170.68, 238.92, 96.3234, 30.205, 63.775, 126.835, 63.3499, 87.625, , , , , 
1/31/2020 10:49:24 AM, 3250, 9074, 1624.5, 324.42, 220.867, 161.51, 316.65, 170.62, 238.8401, 96.32, 30.205, 63.775, 126.835, 63.3499, 87.625, , , , , 
1/31/2020 10:49:28 AM, 3249.25, 9072, 1624.2, 324.4, 220.867, 161.51, 316.65, 170.62, 238.8401, 96.32, 30.2, 63.775, 126.835, 63.3499, 87.625, , , , , 
1/31/2020 10:49:31 AM, 3249.5, 9072.25, 1624.3, 324.4, 220.84, 161.51, 316.51, 170.59, 238.8, 96.3098, 30.205, 63.775, 126.835, 63.3499, 87.6284, , , , , 
1/31/2020 10:49:34 AM, 3249, 9070, 1623.8, 324.35, 220.84, 161.47, 316.51, 170.59, 238.8, 96.26, 30.2, 63.77, 126.8, 63.3499, 87.6284, , , , , 
1/31/2020 10:49:37 AM, 3249, 9070.25, 1623.8, 324.32, 220.78, 161.47, 316.44, 170.48, 238.735, 96.26, 30.2, 63.77, 126.8, 63.3499, 87.62, , , , , 
1/31/2020 10:49:40 AM, 3248.5, 9068.25, 1623.5, 324.32, 220.78, 161.44, 316.44, 170.48, 238.735, 96.25, 30.2, 63.775, 126.78, 63.3499, 87.62, , , , , 
1/31/2020 10:49:43 AM, 3248.5, 9068.5, 1623.5, 324.31, 220.78, 161.42, 316.5149, 170.47, 238.7258, 96.235, 30.2028, 63.77, 126.78, 63.3499, 87.615, , , , , 
1/31/2020 10:49:46 AM, 3248.75, 9069, 1623.6, 324.325, 220.8, 161.44, 316.595, 170.485, 238.78, 96.24, 30.2, 63.77, 126.78, 63.3499, 87.615, , , , , 
1/31/2020 10:49:49 AM, 3248.75, 9069, 1623.6, 324.325, 220.8, 161.44, 316.595, 170.485, 238.78, 96.24, 30.2, 63.77, 126.78, 63.3499, 87.615, , , , , 
1/31/2020 10:49:52 AM, 3248.75, 9069, 1623.6, 324.33, 220.79, 161.43, 316.6032, 170.51, 238.7749, 96.24, 30.2001, 63.77, 126.78, 63.3499, 87.61, , , , , 
1/31/2020 10:49:55 AM, 3248.75, 9069, 1623.6, 324.33, 220.79, 161.43, 316.6032, 170.51, 238.7749, 96.24, 30.2001, 63.77, 126.78, 63.3499, 87.61, , , , , 
1/31/2020 10:49:58 AM, 3248.5, 9069.25, 1623.4, 324.33, 220.79, 161.43, 316.6032, 170.51, 238.7749, 96.24, 30.2001, 63.77, 126.78, 63.3499, 87.61, , , , , 
1/31/2020 10:50:01 AM, 3248.25, 9068, 1623.1, 324.28, 220.77, 161.38, 316.4116, 170.486, 238.72, 96.23, 30.19, 63.76, 126.78, 63.3499, 87.61, , , , , 
1/31/2020 10:50:04 AM, 3248.5, 9069, 1623.3, 324.2979, 220.8, 161.41, 316.46, 170.5155, 238.7352, 96.2475, 30.19, 63.76, 126.77, 63.3499, 87.61, , , , , 
1/31/2020 10:50:07 AM, 3247.75, 9066.5, 1622.8, 324.25, 220.73, 161.38, 316.3614, 170.465, 238.69, 96.22, 30.19, 63.755, 126.76, 63.3499, 87.605, , , , , 
1/31/2020 10:50:10 AM, 3247.75, 9066, 1622.9, 324.2312, 220.73, 161.38, 316.3614, 170.465, 238.69, 96.22, 30.19, 63.75, 126.76, 63.3499, 87.605, , , , , 
1/31/2020 10:50:13 AM, 3247.75, 9065.75, 1622.8, 324.21, 220.73, 161.365, 316.35, 170.45, 238.68, 96.21, 30.19, 63.75, 126.76, 63.3499, 87.605, , , , , 
1/31/2020 10:50:16 AM, 3247.75, 9066, 1622.7, 324.24, 220.71, 161.38, 316.34, 170.4366, 238.6729, 96.21, 30.19, 63.74, 126.76, 63.3499, 87.605, , , , , 
1/31/2020 10:50:19 AM, 3247.75, 9066, 1622.7, 324.215, 220.7113, 161.38, 316.31, 170.4497, 238.645, 96.21, 30.19, 63.74, 126.76, 63.3499, 87.605, , , , , 
1/31/2020 10:50:22 AM, 3247.75, 9065.75, 1622.8, 324.24, 220.72, 161.37, 316.34, 170.45, 238.654, 96.21, 30.19, 63.74, 126.75, 63.3499, 87.605, , , , , 
1/31/2020 10:50:25 AM, 3247.75, 9065.75, 1622.8, 324.195, 220.64, 161.33, 316.22, 170.385, 238.62, 96.19, 30.185, 63.745, 126.75, 63.3499, 87.605, , , , , 
1/31/2020 10:50:28 AM, 3246.5, 9062.5, 1622.4, 324.11, 220.65, 161.31, 316.225, 170.4, 238.4512, 96.16, 30.18, 63.725, 126.72, 63.3499, 87.59, , , , , 
1/31/2020 10:50:31 AM, 3246.5, 9062.5, 1622.4, 324.125, 220.64, 161.3109, 316.19, 170.385, 238.49, 96.17, 30.18, 63.72, 126.73, 63.3499, 87.585, , , , , 
1/31/2020 10:50:34 AM, 3246, 9061.5, 1622.2, 324.07, 220.62, 161.31, 316.1745, 170.37, 238.49, 96.1615, 30.18, 63.72, 126.72, 63.3499, 87.585, , , , , 
1/31/2020 10:50:37 AM, 3246, 9061.5, 1622.2, 324.0501, 220.61, 161.29, 316.12, 170.37, 238.4, 96.16, 30.18, 63.72, 126.72, 63.3499, 87.585, , , , , 
1/31/2020 10:50:40 AM, 3246, 9060.75, 1622.1, 324.0602, 220.61, 161.31, 316.11, 170.375, 238.4, 96.1565, 30.18, 63.72, 126.72, 63.3499, 87.585, , , , , 
1/31/2020 10:50:43 AM, 3246, 9060.75, 1622.1, 324.05, 220.57, 161.275, 316.05, 170.34, 238.405, 96.1336, 30.18, 63.72, 126.715, 63.3499, 87.585, , , , , 
1/31/2020 10:50:46 AM, 3246, 9060, 1622, 324.06, 220.56, 161.29, 316.02, 170.345, 238.405, 96.1301, 30.18, 63.72, 126.72, 63.3499, 87.585, , , , , 
1/31/2020 10:50:49 AM, 3246, 9060, 1622, 324.06, 220.58, 161.3, 316.05, 170.34, 238.3444, 96.14, 30.18, 63.725, 126.72, 63.3499, 87.585, , , , , 
1/31/2020 10:50:52 AM, 3246, 9060.5, 1622.2, 324.0777, 220.57, 161.29, 315.96, 170.33, 238.3444, 96.145, 30.18, 63.725, 126.72, 63.3499, 87.585, , , , , 
1/31/2020 10:50:55 AM, 3246, 9060.5, 1622.2, 324.05, 220.58, 161.3, 315.96, 170.34, 238.425, 96.14, 30.1775, 63.73, 126.72, 63.3499, 87.58, , , , , 
1/31/2020 10:50:58 AM, 3246, 9060.5, 1622.1, 324.05, 220.59, 161.28, 315.9852, 170.35, 238.51, 96.14, 30.1775, 63.73, 126.715, 63.3499, 87.58, , , , , 
1/31/2020 10:51:01 AM, 3246, 9060.5, 1622.1, 324.0501, 220.5802, 161.29, 315.979, 170.355, 238.51, 96.14, 30.17, 63.72, 126.715, 63.3499, 87.58, , , , , 
1/31/2020 10:51:04 AM, 3245.5, 9059.75, 1621.9, 324.055, 220.57, 161.28, 315.9477, 170.35, 238.44, 96.14, 30.17, 63.72, 126.71, 63.3499, 87.58, , , , , 
1/31/2020 10:51:07 AM, 3245.5, 9059.75, 1621.9, 323.97, 220.57, 161.25, 315.9384, 170.34, 238.36, 96.12, 30.17, 63.7, 126.69, 63.3499, 87.57, , , , , 
1/31/2020 10:51:10 AM, 3245, 9060, 1622, 323.98, 220.58, 161.27, 315.9126, 170.385, 238.408, 96.13, 30.17, 63.71, 126.7, 63.3499, 87.57, , , , , 
1/31/2020 10:51:13 AM, 3245, 9060, 1622, 323.97, 220.58, 161.27, 315.9645, 170.42, 238.37, 96.14, 30.17, 63.71, 126.69, 63.3499, 87.57, , , , , 
1/31/2020 10:51:16 AM, 3245.5, 9061.5, 1621.9, 324.0287, 220.59, 161.3, 315.93, 170.4404, 238.56, 96.17, 30.17, 63.705, 126.71, 63.3499, 87.575, , , , , 
1/31/2020 10:51:19 AM, 3245.5, 9061.5, 1621.9, 323.99, 220.56, 161.28, 315.89, 170.44, 238.46, 96.15, 30.17, 63.705, 126.71, 63.3499, 87.575, , , , , 
1/31/2020 10:51:22 AM, 3244.75, 9059.75, 1621.5, 323.97, 220.56, 161.26, 315.88, 170.405, 238.441, 96.1399, 30.165, 63.71, 126.7, 63.3499, 87.575, , , , , 
1/31/2020 10:51:25 AM, 3244.75, 9059.75, 1621.5, 323.97, 220.58, 161.24, 315.93, 170.42, 238.455, 96.14, 30.165, 63.7, 126.69, 63.3499, 87.57, , , , , 
1/31/2020 10:51:28 AM, 3245, 9059.25, 1621.6, 323.98, 220.57, 161.25, 315.9512, 170.41, 238.5189, 96.135, 30.165, 63.7, 126.69, 63.3499, 87.57, , , , , 
1/31/2020 10:51:31 AM, 3245, 9059.25, 1621.6, 323.9599, 220.58, 161.24, 315.96, 170.42, 238.47, 96.135, 30.165, 63.7001, 126.7, 63.3499, 87.575, , , , , 
1/31/2020 10:51:34 AM, 3245.25, 9060.75, 1621.7, 323.97, 220.58, 161.23, 315.9498, 170.46, 238.47, 96.14, 30.165, 63.7, 126.71, 63.3499, 87.575, , , , , 
1/31/2020 10:51:37 AM, 3245.25, 9060.75, 1621.7, 323.99, 220.61, 161.25, 315.9749, 170.48, 238.505, 96.14, 30.16, 63.7, 126.71, 63.3499, 87.575, , , , , 
1/31/2020 10:51:40 AM, 3246, 9063, 1622.2, 324.017, 220.63, 161.29, 316, 170.4897, 238.5471, 96.14, 30.17, 63.71, 126.71, 63.3499, 87.57, , , , , 
1/31/2020 10:51:43 AM, 3246, 9063, 1622.2, 324.05, 220.65, 161.34, 315.97, 170.5, 238.63, 96.14, 30.17, 63.715, 126.73, 63.3499, 87.575, , , , , 
1/31/2020 10:51:46 AM, 3246, 9063.25, 1622.4, 324.04, 220.6345, 161.32, 315.88, 170.51, 238.61, 96.17, 30.175, 63.72, 126.73, 63.3499, 87.585, , , , , 
1/31/2020 10:51:49 AM, 3246, 9063.25, 1622.4, 324.05, 220.655, 161.33, 315.9252, 170.56, 238.61, 96.17, 30.17, 63.72, 126.73, 63.3499, 87.585, , , , , 
1/31/2020 10:51:53 AM, 3246.25, 9065.25, 1622.8, 324.06, 220.68, 161.33, 315.95, 170.58, 238.6003, 96.18, 30.18, 63.715, 126.74, 63.3499, 87.585, , , , , 
1/31/2020 10:51:56 AM, 3246.25, 9065.25, 1622.8, 324.09, 220.67, 161.365, 315.9401, 170.565, 238.75, 96.2, 30.175, 63.715, 126.75, 63.3499, 87.59, , , , , 
1/31/2020 10:51:59 AM, 3246.5, 9065.25, 1622.6, 324.08, 220.68, 161.3499, 315.9775, 170.575, 238.7847, 96.19, 30.175, 63.72, 126.75, 63.3499, 87.59, , , , , 
1/31/2020 10:52:02 AM, 3246.5, 9065.25, 1622.6, 324.1, 220.6836, 161.33, 315.98, 170.59, 238.794, 96.2, 30.18, 63.72, 126.75, 63.3499, 87.595, , , , , 
1/31/2020 10:52:05 AM, 3246.25, 9065, 1622.7, 324.108, 220.69, 161.32, 316, 170.6126, 238.794, 96.2, 30.18, 63.725, 126.74, 63.3499, 87.595, , , , , 
1/31/2020 10:52:08 AM, 3246.25, 9065, 1622.7, 324.1, 220.7, 161.35, 315.93, 170.6, 238.794, 96.21, 30.1707, 63.725, 126.74, 63.3499, 87.595, , , , , 
1/31/2020 10:52:11 AM, 3246.5, 9066.25, 1623, 324.13, 220.72, 161.385, 315.982, 170.5766, 238.8792, 96.22, 30.175, 63.725, 126.75, 63.3499, 87.595, , , , , 
1/31/2020 10:52:14 AM, 3246.5, 9066.25, 1623, 324.12, 220.695, 161.39, 315.93, 170.575, 238.863, 96.22, 30.175, 63.72, 126.75, 63.3499, 87.595, , , , , 
1/31/2020 10:52:17 AM, 3245.75, 9063.5, 1622.4, 324.03, 220.66, 161.335, 315.89, 170.57, 238.863, 96.2, 30.17, 63.72, 126.72, 63.3499, 87.595, , , , , 
1/31/2020 10:52:20 AM, 3245.75, 9063.5, 1622.4, 324.04, 220.655, 161.32, 315.923, 170.56, 238.7747, 96.1902, 30.1734, 63.725, 126.72, 63.3499, 87.58, , , , , 
1/31/2020 10:52:23 AM, 3246.5, 9065.75, 1622.9, 324.1, 220.71, 161.36, 316.0169, 170.585, 238.85, 96.22, 30.17, 63.72, 126.74, 63.3499, 87.585, , , , , 
1/31/2020 10:52:26 AM, 3246.5, 9065.75, 1622.9, 324.105, 220.705, 161.36, 316.0274, 170.5816, 238.8891, 96.22, 30.175, 63.73, 126.74, 63.3499, 87.59, , , , , 
1/31/2020 10:52:29 AM, 3246.5, 9066, 1622.7, 324.09, 220.71, 161.36, 316.01, 170.6, 238.87, 96.2154, 30.18, 63.72, 126.74, 63.3499, 87.59, , , , , 
1/31/2020 10:52:32 AM, 3246.25, 9066, 1622.7, 324.08, 220.72, 161.35, 316.01, 170.62, 238.87, 96.22, 30.175, 63.718, 126.74, 63.3499, 87.59, , , , , 
1/31/2020 10:52:35 AM, 3246, 9063.75, 1622.3, 324.08, 220.67, 161.35, 315.93, 170.585, 238.72, 96.22, 30.175, 63.718, 126.74, 63.3499, 87.59, , , , , 
1/31/2020 10:52:38 AM, 3245.25, 9061.5, 1622.2, 323.98, 220.64, 161.3, 315.91, 170.56, 238.73, 96.18, 30.16, 63.71, 126.71, 63.2, 87.585, , , , , 
1/31/2020 10:52:41 AM, 3245.5, 9062.5, 1622.3, 323.98, 220.62, 161.3, 315.8869, 170.5545, 238.69, 96.18, 30.16, 63.71, 126.71, 63.2, 87.585, , , , , 
1/31/2020 10:52:44 AM, 3245.25, 9063, 1622.5, 324.0199, 220.635, 161.34, 315.9499, 170.555, 238.7065, 96.19, 30.165, 63.72, 126.71, 63.2, 87.585, , , , , 
1/31/2020 10:52:47 AM, 3245.75, 9064, 1622.8, 324.0199, 220.67, 161.34, 316, 170.6, 238.7, 96.19, 30.165, 63.72, 126.71, 63.2, 87.585, , , , , 
1/31/2020 10:52:50 AM, 3246, 9065, 1622.9, 324.07, 220.68, 161.38, 315.966, 170.6, 238.705, 96.23, 30.17, 63.72, 126.73, 63.2, 87.59, , , , , 
1/31/2020 10:52:53 AM, 3246.25, 9066.25, 1623.1, 324.07, 220.7, 161.38, 315.97, 170.6397, 238.8089, 96.23, 30.17, 63.72, 126.73, 63.2, 87.59, , , , , 
1/31/2020 10:52:56 AM, 3246.25, 9065.75, 1623.2, 324.08, 220.72, 161.4, 315.93, 170.68, 238.83, 96.23, 30.17, 63.73, 126.74, 63.2, 87.585, , , , , 
1/31/2020 10:52:59 AM, 3246.25, 9065.25, 1623.2, 324.08, 220.71, 161.4, 315.94, 170.69, 238.86, 96.23, 30.17, 63.73, 126.74, 63.2, 87.585, , , , , 
1/31/2020 10:53:02 AM, 3246, 9064.5, 1623.1, 324.07, 220.685, 161.4, 315.94, 170.69, 238.86, 96.22, 30.17, 63.73, 126.73, 63.2, 87.585, , , , , 
1/31/2020 10:53:05 AM, 3245.5, 9063, 1622.9, 324.07, 220.685, 161.4, 315.85, 170.69, 238.86, 96.22, 30.17, 63.73, 126.73, 63.2, 87.585, , , , , 
1/31/2020 10:53:08 AM, 3245.25, 9062.25, 1622.7, 323.99, 220.63, 161.36, 315.77, 170.63, 238.6, 96.19, 30.165, 63.72, 126.71, 63.2, 87.59, , , , , 
1/31/2020 10:53:11 AM, 3245.25, 9061.5, 1622.7, 323.99, 220.63, 161.36, 315.8114, 170.64, 238.62, 96.19, 30.165, 63.72, 126.71, 63.2, 87.59, , , , , 
1/31/2020 10:53:14 AM, 3244.5, 9059.25, 1622.4, 323.8999, 220.56, 161.3, 315.67, 170.6, 238.51, 96.14, 30.1601, 63.71, 126.67, 63.2, 87.58, , , , , 
1/31/2020 10:53:17 AM, 3244.25, 9057, 1622.1, 323.8999, 220.53, 161.3, 315.6483, 170.495, 238.4174, 96.14, 30.1601, 63.71, 126.67, 63.2, 87.58, , , , , 
1/31/2020 10:53:20 AM, 3244, 9056.25, 1622, 323.88, 220.49, 161.27, 315.63, 170.46, 238.41, 96.12, 30.16, 63.7, 126.67, 63.2, 87.58, , , , , 
1/31/2020 10:53:23 AM, 3244, 9056.75, 1622, 323.88, 220.5, 161.27, 315.62, 170.445, 238.42, 96.12, 30.16, 63.7, 126.67, 63.2, 87.58, , , , , 
1/31/2020 10:53:26 AM, 3244, 9057, 1622, 323.87, 220.49, 161.29, 315.5802, 170.47, 238.4385, 96.12, 30.16, 63.71, 126.65, 63.2, 87.58, , , , , 
1/31/2020 10:53:29 AM, 3244.25, 9056.75, 1621.9, 323.87, 220.49, 161.29, 315.53, 170.45, 238.37, 96.12, 30.16, 63.71, 126.65, 63.2, 87.58, , , , , 
1/31/2020 10:53:32 AM, 3244, 9056.75, 1621.8, 323.885, 220.485, 161.26, 315.565, 170.46, 238.31, 96.12, 30.16, 63.71, 126.66, 63.2, 87.58, , , , , 
1/31/2020 10:53:35 AM, 3244.25, 9057.5, 1621.7, 323.885, 220.5, 161.26, 315.605, 170.4501, 238.31, 96.12, 30.16, 63.71, 126.66, 63.2, 87.58, , , , , 
1/31/2020 10:53:38 AM, 3244, 9056.75, 1621.6, 323.865, 220.48, 161.25, 315.605, 170.425, 238.3411, 96.11, 30.16, 63.695, 126.655, 63.2, 87.575, , , , , 
1/31/2020 10:53:41 AM, 3243.75, 9055.75, 1621.6, 323.865, 220.5, 161.25, 315.5695, 170.45, 238.3411, 96.11, 30.16, 63.695, 126.655, 63.2, 87.575, , , , , 
1/31/2020 10:53:44 AM, 3243.75, 9055.75, 1621.6, 323.86, 220.4796, 161.26, 315.51, 170.435, 238.345, 96.101, 30.16, 63.7, 126.65, 63.2, 87.575, , , , , 
1/31/2020 10:53:47 AM, 3244.25, 9056.75, 1621.9, 323.86, 220.4713, 161.26, 315.48, 170.4401, 238.345, 96.101, 30.16, 63.7, 126.65, 63.2, 87.575, , , , , 
1/31/2020 10:53:50 AM, 3244.25, 9057.5, 1621.8, 323.88, 220.503, 161.25, 315.49, 170.48, 238.4059, 96.1261, 30.165, 63.7, 126.67, 63.2, 87.575, , , , , 
1/31/2020 10:53:53 AM, 3244, 9056, 1621.6, 323.88, 220.48, 161.25, 315.4502, 170.475, 238.415, 96.1261, 30.165, 63.7, 126.67, 63.2, 87.575, , , , , 
1/31/2020 10:53:56 AM, 3243.75, 9055, 1621.5, 323.86, 220.49, 161.23, 315.5001, 170.49, 238.415, 96.12, 30.165, 63.7, 126.64, 63.2, 87.575, , , , , 
1/31/2020 10:53:59 AM, 3243.75, 9054.5, 1621.4, 323.86, 220.43, 161.23, 315.4101, 170.4458, 238.466, 96.12, 30.165, 63.7, 126.64, 63.2, 87.575, , , , , 
1/31/2020 10:54:02 AM, 3243.25, 9053, 1621.3, 323.83, 220.43, 161.24, 315.4303, 170.4421, 238.438, 96.115, 30.155, 63.695, 126.63, 63.2, 87.57, , , , , 
1/31/2020 10:54:05 AM, 3243.5, 9054.75, 1621.7, 323.83, 220.46, 161.24, 315.42, 170.48, 238.36, 96.115, 30.155, 63.695, 126.63, 63.2, 87.57, , , , , 
1/31/2020 10:54:08 AM, 3244, 9055.25, 1621.7, 323.84, 220.46, 161.26, 315.44, 170.48, 238.36, 96.11, 30.16, 63.71, 126.64, 63.2, 87.575, , , , , 
1/31/2020 10:54:11 AM, 3243.75, 9055.5, 1621.6, 323.84, 220.4501, 161.26, 315.4, 170.49, 238.36, 96.11, 30.16, 63.71, 126.64, 63.2, 87.575, , , , , 
1/31/2020 10:54:15 AM, 3244, 9055.5, 1621.7, 323.855, 220.44, 161.25, 315.47, 170.475, 238.3363, 96.12, 30.16, 63.71, 126.63, 63.2, 87.575, , , , , 
1/31/2020 10:54:18 AM, 3244.25, 9056.75, 1621.9, 323.855, 220.48, 161.25, 315.485, 170.5, 238.32, 96.12, 30.16, 63.71, 126.63, 63.2, 87.575, , , , , 
1/31/2020 10:54:21 AM, 3244.75, 9058, 1622.2, 323.91, 220.517, 161.31, 315.465, 170.54, 238.38, 96.14, 30.165, 63.74, 126.66, 63.2, 87.58, , , , , 
1/31/2020 10:54:24 AM, 3244.25, 9056.5, 1622.1, 323.91, 220.51, 161.31, 315.4215, 170.5201, 238.43, 96.14, 30.165, 63.74, 126.66, 63.2, 87.58, , , , , 
1/31/2020 10:54:27 AM, 3244, 9056.5, 1621.8, 323.88, 220.47, 161.28, 315.37, 170.51, 238.3563, 96.125, 30.165, 63.73, 126.65, 63.2, 87.575, , , , , 
1/31/2020 10:54:30 AM, 3244.25, 9057.25, 1622, 323.88, 220.49, 161.28, 315.43, 170.5282, 238.3, 96.125, 30.165, 63.73, 126.65, 63.2, 87.575, , , , , 
1/31/2020 10:54:33 AM, 3244.75, 9058, 1622.3, 323.905, 220.5, 161.32, 315.455, 170.55, 238.3, 96.125, 30.16, 63.73, 126.66, 63.2, 87.575, , , , , 
1/31/2020 10:54:36 AM, 3244.75, 9059.25, 1622.6, 323.905, 220.56, 161.32, 315.49, 170.57, 238.34, 96.125, 30.16, 63.73, 126.66, 63.2, 87.575, , , , , 
1/31/2020 10:54:39 AM, 3245.25, 9060, 1622.7, 323.98, 220.59, 161.35, 315.64, 170.59, 238.4381, 96.145, 30.17, 63.745, 126.7, 63.2, 87.585, , , , , 
1/31/2020 10:54:42 AM, 3245.25, 9060.75, 1622.8, 323.98, 220.58, 161.35, 315.6301, 170.6, 238.4381, 96.145, 30.17, 63.745, 126.7, 63.2, 87.585, , , , , 
1/31/2020 10:54:45 AM, 3246, 9062.5, 1623.1, 324.03, 220.64, 161.4, 315.82, 170.64, 238.53, 96.2, 30.1775, 63.76, 126.73, 63.2, 87.59, , , , , 
1/31/2020 10:54:48 AM, 3246, 9062, 1622.9, 324.03, 220.6101, 161.4, 315.8226, 170.6009, 238.51, 96.2, 30.1775, 63.76, 126.73, 63.2, 87.59, , , , , 
1/31/2020 10:54:51 AM, 3245.5, 9061.25, 1622.6, 324.03, 220.63, 161.35, 315.77, 170.5815, 238.5669, 96.18, 30.18, 63.755, 126.72, 63.2, 87.59, , , , , 
1/31/2020 10:54:54 AM, 3245.5, 9061.75, 1622.7, 324.03, 220.62, 161.35, 315.79, 170.5701, 238.45, 96.18, 30.18, 63.755, 126.72, 63.2, 87.59, , , , , 
1/31/2020 10:54:57 AM, 3245.75, 9062.25, 1622.7, 324.02, 220.6235, 161.36, 315.8744, 170.59, 238.4834, 96.1801, 30.18, 63.755, 126.72, 63.2, 87.59, , , , , 
1/31/2020 10:55:00 AM, 3245.75, 9061.5, 1622.4, 324.02, 220.6, 161.36, 315.8701, 170.59, 238.44, 96.1801, 30.18, 63.755, 126.72, 63.2, 87.59, , , , , 
1/31/2020 10:55:03 AM, 3245.5, 9061.75, 1622.4, 324.07, 220.6227, 161.36, 315.92, 170.59, 238.4413, 96.21, 30.18, 63.75, 126.69, 63.2, 87.595, , , , , 
1/31/2020 10:55:06 AM, 3246.25, 9064, 1623, 324.09, 220.6601, 161.39, 316.0122, 170.64, 238.55, 96.21, 30.18, 63.755, 126.72, 63.2, 87.595, , , , , 
1/31/2020 10:55:09 AM, 3246.5, 9063.75, 1622.9, 324.1, 220.6601, 161.375, 316.0122, 170.64, 238.55, 96.21, 30.1835, 63.76, 126.72, 63.2, 87.595, , , , , 
1/31/2020 10:55:12 AM, 3246.25, 9064.25, 1622.9, 324.09, 220.7, 161.38, 316.18, 170.65, 238.62, 96.21, 30.19, 63.76, 126.72, 63.2, 87.595, , , , , 
1/31/2020 10:55:15 AM, 3246.75, 9065, 1623.4, 324.12, 220.7, 161.4, 316.18, 170.65, 238.62, 96.22, 30.19, 63.76, 126.73, 63.2, 87.595, , , , , 
1/31/2020 10:55:18 AM, 3246.75, 9065, 1623.2, 324.157, 220.71, 161.44, 316.1601, 170.69, 238.5845, 96.2399, 30.18, 63.76, 126.74, 63.2, 87.59, , , , , 
1/31/2020 10:55:21 AM, 3246.75, 9065.25, 1623.5, 324.145, 220.71, 161.415, 316.1601, 170.69, 238.5845, 96.2399, 30.18, 63.76, 126.74, 63.2, 87.59, , , , , 
1/31/2020 10:55:24 AM, 3246.75, 9065.5, 1623.4, 324.15, 220.74, 161.435, 316.3, 170.69, 238.6, 96.24, 30.1831, 63.76, 126.75, 63.2, 87.595, , , , , 
1/31/2020 10:55:27 AM, 3247.25, 9067, 1623.8, 324.18, 220.74, 161.43, 316.3, 170.69, 238.6, 96.25, 30.1831, 63.77, 126.7461, 63.2, 87.595, , , , , 
1/31/2020 10:55:30 AM, 3247.25, 9067.75, 1623.7, 324.17, 220.755, 161.45, 316.3148, 170.7345, 238.709, 96.26, 30.1838, 63.77, 126.76, 63.2, 87.595, , , , , 
1/31/2020 10:55:33 AM, 3247.75, 9068, 1623.8, 324.22, 220.755, 161.46, 316.3148, 170.7345, 238.709, 96.26, 30.19, 63.77, 126.77, 63.2, 87.595, , , , , 
1/31/2020 10:55:36 AM, 3247.75, 9067.75, 1623.7, 324.22, 220.77, 161.46, 316.2699, 170.77, 238.77, 96.265, 30.19, 63.77, 126.77, 63.2, 87.595, , , , , 
1/31/2020 10:55:39 AM, 3247.5, 9068, 1623.7, 324.22, 220.77, 161.46, 316.2699, 170.77, 238.77, 96.265, 30.19, 63.77, 126.77, 63.2, 87.595, , , , , 
1/31/2020 10:55:42 AM, 3247.25, 9066.5, 1623.4, 324.19, 220.75, 161.435, 316.229, 170.785, 238.7345, 96.26, 30.19, 63.77, 126.76, 63.2, 87.595, , , , , 
1/31/2020 10:55:45 AM, 3247.5, 9067, 1623.7, 324.19, 220.75, 161.45, 316.229, 170.785, 238.7345, 96.2615, 30.19, 63.77, 126.76, 63.2, 87.595, , , , , 
1/31/2020 10:55:48 AM, 3247.25, 9067.25, 1623.5, 324.18, 220.73, 161.44, 316.1801, 170.7796, 238.64, 96.26, 30.185, 63.77, 126.76, 63.2, 87.595, , , , , 
1/31/2020 10:55:51 AM, 3247, 9066.5, 1623.4, 324.16, 220.73, 161.43, 316.1801, 170.7796, 238.64, 96.2545, 30.1844, 63.77, 126.76, 63.2, 87.595, , , , , 
1/31/2020 10:55:54 AM, 3247, 9065, 1623.4, 324.16, 220.72, 161.43, 316.015, 170.78, 238.6165, 96.25, 30.185, 63.77, 126.74, 63.2, 87.595, , , , , 
1/31/2020 10:55:57 AM, 3247, 9064.75, 1623.3, 324.125, 220.72, 161.4, 316.015, 170.78, 238.6165, 96.24, 30.18, 63.775, 126.73, 63.2, 87.595, , , , , 
1/31/2020 10:56:00 AM, 3246.75, 9064.75, 1623.2, 324.1387, 220.69, 161.39, 315.985, 170.795, 238.59, 96.245, 30.18, 63.77, 126.74, 63.2, 87.595, , , , , 
1/31/2020 10:56:03 AM, 3246.75, 9064.25, 1623, 324.0901, 220.69, 161.37, 315.985, 170.795, 238.59, 96.245, 30.18, 63.76, 126.74, 63.2, 87.595, , , , , 
1/31/2020 10:56:06 AM, 3246, 9062.25, 1622.7, 324.06, 220.67, 161.3504, 315.94, 170.78, 238.53, 96.215, 30.17, 63.7625, 126.71, 63.2, 87.58, , , , , 
1/31/2020 10:56:09 AM, 3246.5, 9065, 1623.1, 324.14, 220.67, 161.4, 315.94, 170.78, 238.53, 96.235, 30.18, 63.77, 126.73, 63.2, 87.58, , , , , 
1/31/2020 10:56:12 AM, 3246, 9064, 1622.8, 324.0988, 220.69, 161.39, 315.96, 170.8, 238.51, 96.22, 30.18, 63.77, 126.73, 63.2, 87.585, , , , , 
1/31/2020 10:56:15 AM, 3246.5, 9065.25, 1623.1, 324.1, 220.69, 161.39, 315.96, 170.8, 238.51, 96.22, 30.1798, 63.765, 126.73, 63.2, 87.585, , , , , 
1/31/2020 10:56:18 AM, 3246.5, 9065.75, 1623.2, 324.105, 220.68, 161.38, 315.975, 170.8, 238.572, 96.235, 30.18, 63.77, 126.73, 63.2, 87.585, , , , , 
1/31/2020 10:56:21 AM, 3246.25, 9064, 1622.7, 324.07, 220.68, 161.38, 315.975, 170.8, 238.572, 96.225, 30.18, 63.77, 126.73, 63.2, 87.585, , , , , 
1/31/2020 10:56:24 AM, 3245.75, 9062.5, 1622.2, 324.01, 220.63, 161.31, 315.9, 170.725, 238.4982, 96.2, 30.18, 63.77, 126.69, 63.2, 87.585, , , , , 
1/31/2020 10:56:27 AM, 3245.25, 9061.25, 1622.1, 323.9969, 220.63, 161.3, 315.9, 170.725, 238.4982, 96.195, 30.17, 63.76, 126.68, 63.2, 87.58, , , , , 
1/31/2020 10:56:30 AM, 3245.25, 9061.5, 1622.1, 323.9755, 220.61, 161.29, 315.8856, 170.74, 238.4, 96.195, 30.175, 63.76, 126.68, 63.2, 87.58, , , , , 
1/31/2020 10:56:33 AM, 3245.25, 9061, 1621.9, 323.965, 220.61, 161.28, 315.8856, 170.74, 238.4, 96.19, 30.175, 63.76, 126.68, 63.2, 87.58, , , , , 
1/31/2020 10:56:36 AM, 3245.25, 9061.25, 1622.1, 323.97, 220.6, 161.3, 315.8497, 170.705, 238.352, 96.19, 30.1738, 63.76, 126.68, 63.2, 87.58, , , , , 
1/31/2020 10:56:39 AM, 3245, 9061, 1622.1, 323.9701, 220.6, 161.3, 315.8497, 170.705, 238.352, 96.19, 30.1738, 63.76, 126.68, 63.2, 87.58, , , , , 
1/31/2020 10:56:43 AM, 3245.25, 9062.5, 1622.2, 324.02, 220.62, 161.31, 315.9564, 170.73, 238.3898, 96.21, 30.175, 63.7599, 126.68, 63.2, 87.58, , , , , 
1/31/2020 10:56:46 AM, 3245.25, 9061.5, 1622, 324, 220.62, 161.3, 315.9564, 170.73, 238.3898, 96.19, 30.175, 63.7599, 126.68, 63.2, 87.58, , , , , 
1/31/2020 10:56:49 AM, 3246, 9063.25, 1622.5, 324.04, 220.6544, 161.34, 315.9687, 170.76, 238.3898, 96.2101, 30.175, 63.76, 126.7, 63.2, 87.58, , , , , 
1/31/2020 10:56:52 AM, 3245.75, 9063.5, 1622.5, 324.05, 220.6544, 161.34, 315.9687, 170.76, 238.3898, 96.2101, 30.175, 63.765, 126.7, 63.2, 87.58, , , , , 
1/31/2020 10:56:55 AM, 3245.75, 9063.75, 1622.6, 324.05, 220.68, 161.34, 315.98, 170.78, 238.4613, 96.2101, 30.1766, 63.77, 126.7, 63.2, 87.58, , , , , 
1/31/2020 10:56:58 AM, 3246, 9065, 1622.6, 324.0599, 220.68, 161.35, 315.98, 170.78, 238.4613, 96.2101, 30.185, 63.77, 126.71, 63.2, 87.58, , , , , 
1/31/2020 10:57:01 AM, 3246, 9064.25, 1622.4, 324.06, 220.66, 161.35, 315.9356, 170.81, 238.4949, 96.2101, 30.185, 63.77, 126.71, 63.2, 87.58, , , , , 
1/31/2020 10:57:04 AM, 3246.25, 9065.75, 1622.5, 324.12, 220.66, 161.33, 315.9356, 170.81, 238.4949, 96.239, 30.19, 63.77, 126.7, 63.2, 87.58, , , , , 
1/31/2020 10:57:07 AM, 3246.25, 9065.75, 1622.4, 324.09, 220.71, 161.34, 315.9928, 170.85, 238.4949, 96.23, 30.185, 63.77, 126.7, 63.2, 87.58, , , , , 
1/31/2020 10:57:10 AM, 3246.25, 9066, 1622.5, 324.1, 220.71, 161.34, 315.9928, 170.85, 238.4949, 96.23, 30.185, 63.77, 126.7, 63.2, 87.58, , , , , 
1/31/2020 10:57:13 AM, 3246.25, 9064.75, 1622.6, 324.0799, 220.7315, 161.33, 315.96, 170.85, 238.4949, 96.23, 30.185, 63.77, 126.705, 63.2, 87.58, , , , , 
1/31/2020 10:57:16 AM, 3245.75, 9064.25, 1622.3, 324.06, 220.68, 161.32, 315.9, 170.845, 238.4697, 96.21, 30.181, 63.76, 126.7, 63.2, 87.58, , , , , 
1/31/2020 10:57:19 AM, 3245.75, 9064, 1622.1, 324.035, 220.64, 161.31, 315.94, 170.795, 238.5, 96.22, 30.18, 63.755, 126.7, 63.2, 87.58, , , , , 
1/31/2020 10:57:22 AM, 3245.25, 9063.5, 1621.9, 323.98, 220.66, 161.27, 315.9573, 170.81, 238.5, 96.215, 30.18, 63.7452, 126.7, 63.2, 87.57, , , , , 
1/31/2020 10:57:25 AM, 3245.25, 9063.5, 1621.9, 323.99, 220.64, 161.26, 315.9299, 170.8, 238.39, 96.215, 30.18, 63.75, 126.7, 63.2, 87.57, , , , , 
1/31/2020 10:57:28 AM, 3245, 9061.25, 1621.5, 323.98, 220.61, 161.26, 315.8913, 170.77, 238.44, 96.2, 30.18, 63.745, 126.7, 63.2, 87.57, , , , , 
1/31/2020 10:57:31 AM, 3245, 9061.25, 1621.5, 323.97, 220.59, 161.24, 315.85, 170.74, 238.44, 96.19, 30.17, 63.745, 126.7, 63.2, 87.57, , , , , 
1/31/2020 10:57:34 AM, 3244.25, 9058.5, 1621.3, 323.9491, 220.55, 161.23, 315.855, 170.71, 238.25, 96.18, 30.17, 63.745, 126.63, 63.2, 87.57, , , , , 
1/31/2020 10:57:37 AM, 3244.25, 9058.5, 1621.3, 323.93, 220.575, 161.24, 315.87, 170.725, 238.28, 96.16, 30.17, 63.75, 126.62, 63.2, 87.565, , , , , 
1/31/2020 10:57:40 AM, 3244.75, 9060.5, 1621.6, 323.93, 220.56, 161.25, 315.8663, 170.7066, 238.2822, 96.165, 30.17, 63.75, 126.64, 63.2, 87.565, , , , , 
1/31/2020 10:57:43 AM, 3244.75, 9060.5, 1621.6, 323.94, 220.58, 161.265, 315.9102, 170.71, 238.2822, 96.17, 30.17, 63.745, 126.64, 63.2, 87.57, , , , , 
1/31/2020 10:57:46 AM, 3244.5, 9059.75, 1621.7, 323.895, 220.545, 161.26, 315.84, 170.7, 238.2822, 96.1633, 30.17, 63.745, 126.64, 63.2, 87.57, , , , , 
1/31/2020 10:57:49 AM, 3244.5, 9059.75, 1621.7, 323.92, 220.58, 161.25, 315.92, 170.705, 238.2822, 96.1633, 30.16, 63.7474, 126.64, 63.2, 87.57, , , , , 
1/31/2020 10:57:52 AM, 3244.25, 9058.75, 1621.3, 323.88, 220.53, 161.25, 315.85, 170.6525, 238.29, 96.16, 30.17, 63.74, 126.64, 63.2, 87.565, , , , , 
1/31/2020 10:57:55 AM, 3244.25, 9058.75, 1621.3, 323.87, 220.53, 161.23, 315.88, 170.65, 238.29, 96.15, 30.17, 63.73, 126.62, 63.2, 87.5645, , , , , 
1/31/2020 10:57:58 AM, 3243.75, 9058, 1621.4, 323.87, 220.53, 161.22, 315.87, 170.65, 238.3207, 96.155, 30.17, 63.725, 126.62, 63.2, 87.565, , , , , 
1/31/2020 10:58:01 AM, 3243.75, 9058, 1621.4, 323.85, 220.57, 161.23, 315.92, 170.65, 238.325, 96.155, 30.1634, 63.72, 126.62, 63.2, 87.565, , , , , 
1/31/2020 10:58:04 AM, 3244.25, 9058.75, 1621.6, 323.87, 220.51, 161.26, 315.835, 170.62, 238.29, 96.15, 30.17, 63.72, 126.63, 63.2, 87.565, , , , , 
1/31/2020 10:58:07 AM, 3244.25, 9058.75, 1621.6, 323.88, 220.54, 161.24, 315.9101, 170.65, 238.4399, 96.15, 30.17, 63.72, 126.64, 63.2, 87.565, , , , , 
1/31/2020 10:58:10 AM, 3244.5, 9059.25, 1621.6, 323.89, 220.545, 161.25, 315.91, 170.64, 238.3301, 96.16, 30.17, 63.72, 126.64, 63.2, 87.565, , , , , 
1/31/2020 10:58:13 AM, 3244.5, 9059.25, 1621.6, 323.91, 220.55, 161.25, 315.98, 170.66, 238.37, 96.17, 30.17, 63.72, 126.64, 63.2, 87.565, , , , , 
1/31/2020 10:58:16 AM, 3245, 9060.25, 1621.7, 323.96, 220.59, 161.27, 316.02, 170.69, 238.4477, 96.18, 30.18, 63.74, 126.66, 63.2, 87.565, , , , , 
1/31/2020 10:58:19 AM, 3245, 9060.25, 1621.7, 323.93, 220.58, 161.25, 315.96, 170.665, 238.4477, 96.18, 30.18, 63.74, 126.66, 63.2, 87.57, , , , , 
1/31/2020 10:58:22 AM, 3244.5, 9058.5, 1621.6, 323.93, 220.53, 161.25, 315.92, 170.64, 238.36, 96.17, 30.17, 63.74, 126.66, 63.2, 87.57, , , , , 
1/31/2020 10:58:25 AM, 3244.5, 9058.5, 1621.6, 323.88, 220.52, 161.23, 315.845, 170.6171, 238.3, 96.17, 30.17, 63.735, 126.66, 63.2, 87.57, , , , , 
1/31/2020 10:58:28 AM, 3244, 9057.75, 1621.3, 323.86, 220.52, 161.212, 315.9, 170.64, 238.225, 96.15, 30.16, 63.735, 126.63, 63.2, 87.57, , , , , 
1/31/2020 10:58:31 AM, 3244, 9057.75, 1621.3, 323.86, 220.49, 161.21, 315.89, 170.6075, 238.225, 96.16, 30.16, 63.73, 126.63, 63.2, 87.57, , , , , 
1/31/2020 10:58:34 AM, 3244, 9057.5, 1621.3, 323.85, 220.5005, 161.2, 315.91, 170.63, 238.225, 96.15, 30.16, 63.73, 126.63, 63.2, 87.55, , , , , 
1/31/2020 10:58:37 AM, 3244, 9057.5, 1621.3, 323.87, 220.52, 161.2, 315.9, 170.6502, 238.3021, 96.15, 30.16, 63.721, 126.64, 63.2, 87.555, , , , , 
1/31/2020 10:58:40 AM, 3244.5, 9059.75, 1621.5, 323.87, 220.5263, 161.21, 316, 170.6855, 238.28, 96.165, 30.17, 63.725, 126.65, 63.2, 87.555, , , , , 
1/31/2020 10:58:43 AM, 3244.5, 9059.75, 1621.5, 323.92, 220.6, 161.27, 316.06, 170.7, 238.3808, 96.19, 30.17, 63.73, 126.65, 63.2, 87.56, , , , , 
1/31/2020 10:58:46 AM, 3245, 9062.5, 1622.1, 323.94, 220.61, 161.3, 316.22, 170.745, 238.45, 96.2, 30.175, 63.73, 126.67, 63.2, 87.56, , , , , 
1/31/2020 10:58:49 AM, 3245, 9062.5, 1622.1, 323.9797, 220.65, 161.31, 316.2891, 170.74, 238.42, 96.2, 30.175, 63.73, 126.68, 63.2, 87.56, , , , , 
1/31/2020 10:58:53 AM, 3245.75, 9063.75, 1622.5, 324.01, 220.67, 161.31, 316.265, 170.75, 238.5222, 96.22, 30.18, 63.73, 126.69, 63.2, 87.56, , , , , 
1/31/2020 10:58:56 AM, 3245.75, 9063.75, 1622.5, 324.06, 220.69, 161.36, 316.28, 170.77, 238.55, 96.24, 30.185, 63.74, 126.71, 63.2, 87.56, , , , , 
1/31/2020 10:58:59 AM, 3245.75, 9064.5, 1622.7, 324.04, 220.6621, 161.35, 316.2298, 170.775, 238.59, 96.24, 30.185, 63.745, 126.71, 63.2, 87.56, , , , , 
1/31/2020 10:59:02 AM, 3245.75, 9064.5, 1622.7, 324.01, 220.64, 161.34, 316.19, 170.745, 238.5344, 96.24, 30.18, 63.745, 126.71, 63.2, 87.56, , , , , 
1/31/2020 10:59:05 AM, 3246.25, 9066, 1622.8, 324.03, 220.7, 161.335, 316.2699, 170.8, 238.5344, 96.23, 30.18, 63.74, 126.72, 63.2, 87.56, , , , , 
1/31/2020 10:59:08 AM, 3246.25, 9066, 1622.8, 324.11, 220.72, 161.36, 316.25, 170.8, 238.67, 96.25, 30.2, 63.755, 126.76, 63.2, 87.56, , , , , 
1/31/2020 10:59:11 AM, 3246.5, 9066.5, 1622.8, 324.095, 220.74, 161.36, 316.25, 170.82, 238.72, 96.25, 30.2, 63.755, 126.76, 63.2, 87.565, , , , , 
1/31/2020 10:59:14 AM, 3246.5, 9066.5, 1622.8, 324.115, 220.72, 161.37, 316.19, 170.8168, 238.7, 96.25, 30.1937, 63.755, 126.75, 63.2, 87.56, , , , , 
1/31/2020 10:59:17 AM, 3246.25, 9065.25, 1622.4, 324.08, 220.7, 161.34, 316.17, 170.806, 238.5625, 96.25, 30.19, 63.755, 126.74, 63.2, 87.56, , , , , 
1/31/2020 10:59:20 AM, 3246.25, 9065.25, 1622.4, 324.08, 220.7, 161.33, 316.185, 170.792, 238.539, 96.25, 30.19, 63.75, 126.73, 63.2, 87.56, , , , , 
1/31/2020 10:59:23 AM, 3245.5, 9064.25, 1622.3, 324.0593, 220.68, 161.32, 316.17, 170.765, 238.539, 96.24, 30.19, 63.755, 126.73, 63.2, 87.56, , , , , 
1/31/2020 10:59:26 AM, 3245.5, 9064.25, 1622.3, 324.03, 220.69, 161.32, 316.1809, 170.771, 238.53, 96.23, 30.19, 63.75, 126.73, 63.2, 87.56, , , , , 
1/31/2020 10:59:29 AM, 3244.75, 9061.25, 1621.8, 324.03, 220.625, 161.29, 316.05, 170.74, 238.42, 96.22, 30.18, 63.75, 126.71, 63.2, 87.56, , , , , 
1/31/2020 10:59:32 AM, 3244.25, 9059.25, 1621.5, 323.9, 220.55, 161.24, 315.95, 170.705, 238.45, 96.18, 30.18, 63.73, 126.67, 63.2, 87.55, , , , , 
1/31/2020 10:59:35 AM, 3244.75, 9060.25, 1621.8, 323.9, 220.55, 161.24, 315.95, 170.71, 238.376, 96.18, 30.18, 63.73, 126.67, 63.2, 87.55, , , , , 
1/31/2020 10:59:38 AM, 3244.5, 9060.5, 1621.7, 323.94, 220.5757, 161.275, 315.91, 170.73, 238.41, 96.18, 30.17, 63.73, 126.65, 63.2, 87.56, , , , , 
1/31/2020 10:59:41 AM, 3244.75, 9061.5, 1621.9, 323.94, 220.6007, 161.275, 315.97, 170.7504, 238.4015, 96.18, 30.17, 63.73, 126.65, 63.2, 87.56, , , , , 
1/31/2020 10:59:44 AM, 3244.75, 9061, 1622, 323.97, 220.61, 161.3, 315.91, 170.75, 238.42, 96.19, 30.185, 63.735, 126.66, 63.2, 87.55, , , , , 
1/31/2020 10:59:47 AM, 3244.75, 9060, 1622, 323.97, 220.61, 161.3, 315.87, 170.7731, 238.45, 96.19, 30.185, 63.735, 126.66, 63.2, 87.55, , , , , 
1/31/2020 10:59:50 AM, 3245, 9061.25, 1622.3, 323.93, 220.6, 161.3, 315.8501, 170.7409, 238.4342, 96.18, 30.18, 63.735, 126.66, 63.2, 87.55, , , , , 
1/31/2020 10:59:53 AM, 3245.25, 9062.25, 1622.5, 323.93, 220.62, 161.3, 315.9, 170.76, 238.4342, 96.18, 30.18, 63.735, 126.66, 63.2, 87.55, , , , , 
1/31/2020 10:59:56 AM, 3245, 9061.5, 1622.4, 323.955, 220.62, 161.32, 315.89, 170.775, 238.4342, 96.1934, 30.18, 63.745, 126.66, 63.2, 87.555, , , , , 
1/31/2020 10:59:59 AM, 3244.75, 9061.5, 1622.5, 323.955, 220.62, 161.32, 315.86, 170.78, 238.4511, 96.1934, 30.18, 63.745, 126.66, 63.2, 87.555, , , , , 
1/31/2020 11:00:02 AM, 3244.75, 9061.75, 1622.4, 323.92, 220.63, 161.31, 315.85, 170.78, 238.4962, 96.18, 30.18, 63.74, 126.66, 63.2, 87.55, , , , , 
1/31/2020 11:00:05 AM, 3244.25, 9060, 1622.1, 323.92, 220.575, 161.31, 315.7977, 170.7459, 238.4736, 96.18, 30.18, 63.74, 126.66, 63.2, 87.55, , , , , 
1/31/2020 11:00:08 AM, 3244.75, 9061.75, 1622.3, 323.92, 220.58, 161.31, 315.86, 170.76, 238.4736, 96.19, 30.17, 63.735, 126.64, 63.2, 87.555, , , , , 
1/31/2020 11:00:11 AM, 3244.5, 9060.75, 1622, 323.92, 220.6, 161.31, 315.87, 170.775, 238.49, 96.19, 30.17, 63.735, 126.64, 63.2, 87.555, , , , , 
1/31/2020 11:00:14 AM, 3244.75, 9061.25, 1622.2, 323.945, 220.57, 161.31, 315.85, 170.75, 238.5669, 96.2, 30.17, 63.74, 126.64, 63.2, 87.55, , , , , 
1/31/2020 11:00:17 AM, 3245, 9062.25, 1622.7, 323.945, 220.62, 161.31, 315.87, 170.77, 238.5, 96.2, 30.17, 63.74, 126.64, 63.2, 87.55, , , , , 
1/31/2020 11:00:20 AM, 3245, 9062.25, 1623, 323.9855, 220.62, 161.36, 315.8662, 170.77, 238.525, 96.2, 30.18, 63.735, 126.65, 63.2, 87.55, , , , , 
1/31/2020 11:00:23 AM, 3245.75, 9065, 1623.3, 323.9855, 220.67, 161.36, 315.88, 170.77, 238.635, 96.2, 30.18, 63.735, 126.65, 63.2, 87.55, , , , , 
1/31/2020 11:00:26 AM, 3246, 9065.5, 1623.2, 324.08, 220.71, 161.43, 315.97, 170.8, 238.753, 96.25, 30.19, 63.75, 126.69, 63.2, 87.55, , , , , 
1/31/2020 11:00:29 AM, 3246.5, 9066.75, 1623.5, 324.08, 220.72, 161.43, 316.03, 170.83, 238.753, 96.25, 30.19, 63.75, 126.69, 63.2, 87.55, , , , , 
1/31/2020 11:00:32 AM, 3246.5, 9067, 1623.7, 324.095, 220.735, 161.44, 316.06, 170.83, 238.753, 96.25, 30.2, 63.755, 126.7, 63.2, 87.55, , , , , 
1/31/2020 11:00:35 AM, 3246.5, 9066.75, 1623.4, 324.095, 220.72, 161.44, 316.07, 170.83, 238.7855, 96.25, 30.2, 63.755, 126.7, 63.2, 87.55, , , , , 
1/31/2020 11:00:38 AM, 3246.5, 9067.25, 1623.5, 324.09, 220.73, 161.42, 316.13, 170.82, 238.7449, 96.25, 30.2, 63.755, 126.71, 63.2, 87.55, , , , , 
1/31/2020 11:00:41 AM, 3246.25, 9066.5, 1623.5, 324.09, 220.73, 161.42, 316.12, 170.8, 238.7449, 96.25, 30.2, 63.755, 126.71, 63.2, 87.55, , , , , 
1/31/2020 11:00:44 AM, 3246.75, 9067.25, 1623.5, 324.105, 220.74, 161.43, 316.15, 170.81, 238.765, 96.255, 30.195, 63.76, 126.71, 63.2, 87.55, , , , , 
1/31/2020 11:00:47 AM, 3246.5, 9067.25, 1623.4, 324.105, 220.74, 161.43, 316.16, 170.79, 238.76, 96.255, 30.195, 63.76, 126.71, 63.2, 87.55, , , , , 
1/31/2020 11:00:50 AM, 3246.5, 9066.75, 1623.2, 324.08, 220.74, 161.4, 316.25, 170.8, 238.78, 96.25, 30.195, 63.765, 126.7, 63.2, 87.55, , , , , 
1/31/2020 11:00:53 AM, 3246.25, 9065.75, 1623.1, 324.08, 220.73, 161.4, 316.2398, 170.76, 238.7445, 96.25, 30.195, 63.765, 126.7, 63.2, 87.55, , , , , 
1/31/2020 11:00:56 AM, 3246.25, 9065.5, 1623.1, 324.0502, 220.71, 161.39, 316.2374, 170.8, 238.69, 96.24, 30.19, 63.7599, 126.69, 63.2, 87.55, , , , , 
1/31/2020 11:00:59 AM, 3245.75, 9064.25, 1622.8, 324.0502, 220.67, 161.39, 316.21, 170.81, 238.63, 96.24, 30.19, 63.7599, 126.69, 63.2, 87.55, , , , , 
1/31/2020 11:01:02 AM, 3245.25, 9062, 1622.3, 323.94, 220.63, 161.3, 316.15, 170.75, 238.63, 96.2, 30.18, 63.75, 126.65, 63.2, 87.55, , , , , 
1/31/2020 11:01:05 AM, 3245.25, 9062.75, 1622.2, 323.94, 220.61, 161.3, 316.18, 170.73, 238.54, 96.2, 30.18, 63.75, 126.65, 63.2, 87.55, , , , , 
1/31/2020 11:01:08 AM, 3245.25, 9062.5, 1622.4, 324, 220.63, 161.35, 316.15, 170.715, 238.54, 96.21, 30.19, 63.75, 126.68, 63.2, 87.55, , , , , 
1/31/2020 11:01:11 AM, 3245.25, 9063.75, 1622.4, 324, 220.64, 161.35, 316.2683, 170.75, 238.6, 96.21, 30.19, 63.75, 126.68, 63.2, 87.55, , , , , 
1/31/2020 11:01:14 AM, 3245.25, 9064, 1622.6, 324.01, 220.669, 161.37, 316.35, 170.7786, 238.6, 96.21, 30.19, 63.75, 126.67, 63.2, 87.55, , , , , 
1/31/2020 11:01:17 AM, 3245.75, 9064.75, 1622.7, 324.01, 220.7, 161.37, 316.32, 170.8, 238.67, 96.21, 30.19, 63.75, 126.67, 63.2, 87.55, , , , , 
1/31/2020 11:01:20 AM, 3245.75, 9064.5, 1622.7, 324, 220.715, 161.34, 316.33, 170.81, 238.67, 96.235, 30.185, 63.75, 126.67, 63.2, 87.55, , , , , 
1/31/2020 11:01:23 AM, 3246, 9065.5, 1622.7, 324, 220.6849, 161.34, 316.3, 170.84, 238.7, 96.235, 30.185, 63.75, 126.67, 63.2, 87.55, , , , , 
1/31/2020 11:01:27 AM, 3246, 9064.5, 1622.9, 324.06, 220.71, 161.38, 316.4, 170.83, 238.82, 96.265, 30.1966, 63.75, 126.68, 63.2, 87.55, , , , , 
1/31/2020 11:01:30 AM, 3246, 9065.25, 1623.2, 324.06, 220.71, 161.38, 316.3701, 170.82, 238.83, 96.265, 30.1966, 63.75, 126.68, 63.2, 87.55, , , , , 
1/31/2020 11:01:33 AM, 3246, 9065, 1623.1, 324.05, 220.71, 161.38, 316.3947, 170.81, 238.7453, 96.25, 30.19, 63.75, 126.67, 63.2, 87.55, , , , , 
1/31/2020 11:01:36 AM, 3245.75, 9064.75, 1622.9, 324.05, 220.7, 161.38, 316.436, 170.8, 238.7453, 96.25, 30.19, 63.75, 126.67, 63.2, 87.55, , , , , 
1/31/2020 11:01:39 AM, 3245.25, 9063, 1622.4, 323.98, 220.67, 161.31, 316.3797, 170.7909, 238.6626, 96.24, 30.185, 63.74, 126.65, 63.2, 87.55, , , , , 
1/31/2020 11:01:42 AM, 3245, 9062, 1622.1, 323.98, 220.63, 161.31, 316.3, 170.7695, 238.6, 96.24, 30.185, 63.74, 126.65, 63.2, 87.55, , , , , 
1/31/2020 11:01:45 AM, 3245.25, 9063, 1622.3, 323.99, 220.65, 161.34, 316.35, 170.75, 238.5, 96.23, 30.18, 63.74, 126.64, 63.2, 87.55, , , , , 
1/31/2020 11:01:48 AM, 3245.25, 9063.75, 1622.6, 323.99, 220.6398, 161.34, 316.39, 170.74, 238.5547, 96.23, 30.18, 63.74, 126.64, 63.2, 87.55, , , , , 
1/31/2020 11:01:51 AM, 3246, 9065.25, 1623, 324.05, 220.68, 161.39, 316.4737, 170.75, 238.5613, 96.23, 30.19, 63.74, 126.66, 63.2, 87.55, , , , , 
1/31/2020 11:01:54 AM, 3245.75, 9065, 1622.9, 324.05, 220.71, 161.39, 316.5639, 170.77, 238.6375, 96.23, 30.19, 63.74, 126.66, 63.2, 87.55, , , , , 
1/31/2020 11:01:57 AM, 3246, 9065.5, 1622.9, 324.04, 220.7045, 161.39, 316.5766, 170.77, 238.6375, 96.24, 30.18, 63.735, 126.66, 63.2, 87.55, , , , , 
1/31/2020 11:02:00 AM, 3245.5, 9064.25, 1622.9, 324.04, 220.6899, 161.39, 316.4789, 170.7375, 238.6375, 96.24, 30.18, 63.735, 126.66, 63.2, 87.55, , , , , 
1/31/2020 11:02:03 AM, 3245.25, 9063, 1622.4, 323.97, 220.63, 161.32, 316.43, 170.72, 238.615, 96.22, 30.1828, 63.73, 126.62, 63.2, 87.55, , , , , 
1/31/2020 11:02:06 AM, 3245.25, 9061.75, 1622.2, 323.97, 220.63, 161.32, 316.4317, 170.7184, 238.5, 96.22, 30.1828, 63.73, 126.62, 63.2, 87.55, , , , , 
1/31/2020 11:02:09 AM, 3244.5, 9059.75, 1621.7, 323.9001, 220.6, 161.27, 316.37, 170.6849, 238.5, 96.19, 30.175, 63.715, 126.62, 63.2, 87.55, , , , , 
1/31/2020 11:02:12 AM, 3244.75, 9060.5, 1621.7, 323.92, 220.59, 161.27, 316.36, 170.635, 238.45, 96.195, 30.175, 63.71, 126.6, 63.2, 87.55, , , , , 
1/31/2020 11:02:15 AM, 3244.75, 9060.75, 1621.8, 323.945, 220.59, 161.27, 316.36, 170.635, 238.45, 96.19, 30.175, 63.715, 126.6, 63.2, 87.55, , , , , 
1/31/2020 11:02:18 AM, 3245.25, 9062.25, 1622.2, 323.95, 220.61, 161.29, 316.4063, 170.6409, 238.55, 96.2, 30.175, 63.71, 126.62, 63.2, 87.55, , , , , 
1/31/2020 11:02:21 AM, 3245, 9061.25, 1621.8, 323.94, 220.61, 161.26, 316.4063, 170.6409, 238.55, 96.2, 30.18, 63.71, 126.62, 63.2, 87.55, , , , , 
1/31/2020 11:02:24 AM, 3245.25, 9062.25, 1622, 323.94, 220.61, 161.28, 316.4153, 170.64, 238.42, 96.2, 30.17, 63.71, 126.61, 63.2, 87.55, , , , , 
1/31/2020 11:02:27 AM, 3244.75, 9061, 1621.8, 323.92, 220.61, 161.27, 316.4153, 170.64, 238.42, 96.18, 30.18, 63.71, 126.61, 63.2, 87.55, , , , , 
1/31/2020 11:02:30 AM, 3244.5, 9059.75, 1621.7, 323.91, 220.61, 161.27, 316.53, 170.6, 238.42, 96.18, 30.17, 63.71, 126.61, 63.2, 87.55, , , , , 
1/31/2020 11:02:33 AM, 3244.75, 9061.5, 1622, 323.945, 220.61, 161.31, 316.53, 170.6, 238.42, 96.19, 30.18, 63.715, 126.61, 63.2, 87.55, , , , , 
1/31/2020 11:02:36 AM, 3244.75, 9060.25, 1622, 323.94, 220.6, 161.3, 316.4906, 170.62, 238.5046, 96.195, 30.18, 63.72, 126.61, 63.2, 87.555, , , , , 
1/31/2020 11:02:39 AM, 3244.75, 9060.25, 1622, 323.91, 220.6, 161.29, 316.4906, 170.62, 238.5046, 96.18, 30.17, 63.72, 126.61, 63.2, 87.555, , , , , 
1/31/2020 11:02:42 AM, 3244.5, 9060.25, 1621.9, 323.91, 220.575, 161.28, 316.45, 170.63, 238.53, 96.18, 30.17, 63.725, 126.61, 63.2, 87.555, , , , , 
1/31/2020 11:02:45 AM, 3244.5, 9060, 1621.8, 323.905, 220.575, 161.27, 316.45, 170.63, 238.53, 96.18, 30.17, 63.725, 126.6, 63.2, 87.555, , , , , 
1/31/2020 11:02:48 AM, 3244.75, 9059.25, 1621.8, 323.945, 220.63, 161.3, 316.4881, 170.69, 238.62, 96.19, 30.18, 63.73, 126.6, 63.2, 87.555, , , , , 
1/31/2020 11:02:51 AM, 3245.5, 9063, 1622.5, 324, 220.63, 161.34, 316.4881, 170.69, 238.62, 96.21, 30.18, 63.73, 126.62, 63.2, 87.555, , , , , 
1/31/2020 11:02:54 AM, 3245.5, 9063.75, 1622.7, 324, 220.68, 161.36, 316.54, 170.72, 238.63, 96.215, 30.18, 63.73, 126.62, 63.2, 87.56, , , , , 
1/31/2020 11:02:57 AM, 3246, 9064.75, 1623, 324.075, 220.68, 161.42, 316.54, 170.72, 238.63, 96.215, 30.18, 63.74, 126.65, 63.2, 87.56, , , , , 
1/31/2020 11:03:00 AM, 3246.25, 9065.25, 1623.5, 324.07, 220.71, 161.422, 316.55, 170.725, 238.7348, 96.2436, 30.19, 63.74, 126.65, 63.2, 87.56, , , , , 
1/31/2020 11:03:03 AM, 3246, 9064.25, 1623.4, 324.05, 220.71, 161.43, 316.55, 170.725, 238.7348, 96.23, 30.19, 63.74, 126.65, 63.2, 87.56, , , , , 
1/31/2020 11:03:06 AM, 3246, 9065, 1623.4, 324.07, 220.71, 161.44, 316.57, 170.74, 238.6182, 96.23, 30.1825, 63.73, 126.64, 63.2, 87.57, , , , , 
1/31/2020 11:03:09 AM, 3246, 9065.5, 1623.3, 324.07, 220.71, 161.42, 316.57, 170.74, 238.6182, 96.24, 30.18, 63.73, 126.64, 63.2, 87.565, , , , , 
1/31/2020 11:03:12 AM, 3246, 9065, 1623.3, 324.0599, 220.69, 161.41, 316.56, 170.735, 238.64, 96.235, 30.18, 63.73, 126.64, 63.2, 87.565, , , , , 
1/31/2020 11:03:15 AM, 3246.25, 9065.25, 1623.5, 324.0685, 220.69, 161.44, 316.56, 170.735, 238.64, 96.24, 30.18, 63.73, 126.64, 63.2, 87.565, , , , , 
1/31/2020 11:03:18 AM, 3245.75, 9064.5, 1623.3, 324.04, 220.73, 161.41, 316.56, 170.775, 238.795, 96.24, 30.18, 63.73, 126.64, 63.2, 87.565, , , , , 
1/31/2020 11:03:21 AM, 3246.5, 9066, 1623.5, 324.09, 220.73, 161.445, 316.56, 170.775, 238.795, 96.26, 30.19, 63.74, 126.66, 63.2, 87.57, , , , , 
1/31/2020 11:03:24 AM, 3246.25, 9066, 1623.6, 324.095, 220.75, 161.45, 316.69, 170.78, 238.805, 96.26, 30.18, 63.74, 126.66, 63.2, 87.57, , , , , 
1/31/2020 11:03:28 AM, 3246.75, 9067.25, 1623.9, 324.11, 220.75, 161.46, 316.69, 170.78, 238.805, 96.27, 30.1875, 63.74, 126.67, 63.2, 87.57, , , , , 
1/31/2020 11:03:31 AM, 3246.5, 9066.5, 1623.4, 324.1, 220.74, 161.43, 316.77, 170.79, 238.7823, 96.27, 30.18, 63.7358, 126.67, 63.2, 87.57, , , , , 
1/31/2020 11:03:34 AM, 3246.75, 9067.75, 1623.8, 324.13, 220.74, 161.46, 316.77, 170.79, 238.7823, 96.28, 30.19, 63.7358, 126.67, 63.2, 87.57, , , , , 
1/31/2020 11:03:37 AM, 3247, 9068.25, 1623.7, 324.11, 220.7625, 161.43, 316.74, 170.8, 238.76, 96.28, 30.19, 63.735, 126.67, 63.2, 87.57, , , , , 
1/31/2020 11:03:40 AM, 3246.5, 9067, 1623.2, 324.1, 220.7625, 161.41, 316.74, 170.8, 238.76, 96.28, 30.1879, 63.735, 126.68, 63.2, 87.57, , , , , 
1/31/2020 11:03:43 AM, 3246.5, 9067, 1623.1, 324.11, 220.75, 161.41, 316.7563, 170.8, 238.7364, 96.28, 30.19, 63.73, 126.68, 63.2, 87.57, , , , , 
1/31/2020 11:03:46 AM, 3247, 9069, 1623.5, 324.17, 220.75, 161.435, 316.7563, 170.8, 238.7364, 96.3, 30.19, 63.75, 126.71, 63.2, 87.57, , , , , 
1/31/2020 11:03:49 AM, 3247.25, 9070.25, 1623.5, 324.1735, 220.82, 161.43, 316.9, 170.86, 238.94, 96.31, 30.19, 63.7427, 126.71, 63.2, 87.57, , , , , 
1/31/2020 11:03:52 AM, 3247.5, 9069.75, 1623.4, 324.19, 220.82, 161.425, 316.9, 170.86, 238.94, 96.31, 30.2, 63.75, 126.71, 63.2, 87.57, , , , , 
1/31/2020 11:03:55 AM, 3248, 9071.75, 1623.6, 324.2499, 220.86, 161.445, 316.96, 170.9299, 239.06, 96.34, 30.192, 63.755, 126.73, 63.2, 87.58, , , , , 
1/31/2020 11:03:58 AM, 3248, 9072, 1623.6, 324.25, 220.86, 161.445, 316.96, 170.9299, 239.06, 96.35, 30.195, 63.76, 126.73, 63.2, 87.5854, , , , , 
1/31/2020 11:04:01 AM, 3247.75, 9071.5, 1623.6, 324.24, 220.87, 161.4375, 316.99, 170.92, 239.0577, 96.345, 30.1901, 63.7514, 126.7201, 63.2, 87.58, , , , , 
1/31/2020 11:04:04 AM, 3247.75, 9072.5, 1623.7, 324.24, 220.87, 161.445, 316.99, 170.92, 239.0577, 96.3592, 30.2, 63.7514, 126.7201, 63.2, 87.58, , , , , 
1/31/2020 11:04:07 AM, 3248, 9072.75, 1623.8, 324.25, 220.87, 161.46, 317.03, 170.9, 239.1499, 96.3592, 30.2, 63.76, 126.7201, 63.2, 87.58, , , , , 
1/31/2020 11:04:10 AM, 3248, 9073, 1623.8, 324.27, 220.88, 161.48, 317.0345, 170.905, 239.15, 96.3634, 30.2034, 63.76, 126.75, 63.2, 87.58, , , , , 
1/31/2020 11:04:13 AM, 3248, 9073, 1623.8, 324.275, 220.92, 161.47, 317.11, 170.945, 239.225, 96.36, 30.21, 63.76, 126.74, 63.2, 87.58, , , , , 
1/31/2020 11:04:16 AM, 3248, 9074.5, 1624.2, 324.28, 220.94, 161.5, 317.1431, 170.9203, 239.2092, 96.37, 30.2, 63.75, 126.765, 63.2, 87.595, , , , , 
1/31/2020 11:04:19 AM, 3248, 9074.5, 1624.2, 324.28, 220.94, 161.48, 317.1399, 170.92, 239.25, 96.38, 30.2, 63.75, 126.77, 63.2, 87.595, , , , , 
1/31/2020 11:04:22 AM, 3248.5, 9076.25, 1624.3, 324.32, 220.97, 161.51, 317.165, 170.95, 239.4, 96.38, 30.205, 63.75, 126.785, 63.2, 87.595, , , , , 
1/31/2020 11:04:25 AM, 3248.5, 9076.25, 1624.3, 324.33, 220.96, 161.5, 317.16, 170.9389, 239.3, 96.38, 30.205, 63.76, 126.7887, 63.2, 87.595, , , , , 
1/31/2020 11:04:28 AM, 3248, 9074.5, 1623.6, 324.29, 220.93, 161.47, 317.0454, 170.919, 239.29, 96.39, 30.2, 63.75, 126.7887, 63.2, 87.595, , , , , 
1/31/2020 11:04:31 AM, 3248, 9074.5, 1623.6, 324.24, 220.8913, 161.42, 317.0703, 170.88, 239.38, 96.37, 30.195, 63.75, 126.76, 63.2, 87.59, , , , , 
1/31/2020 11:04:34 AM, 3247.5, 9073.5, 1623.1, 324.2135, 220.8972, 161.39, 317.01, 170.8701, 239.38, 96.36, 30.19, 63.73, 126.76, 63.2, 87.59, , , , , 
1/31/2020 11:04:37 AM, 3247.5, 9073.5, 1623.1, 324.22, 220.91, 161.4, 317.07, 170.93, 239.5, 96.37, 30.2, 63.735, 126.75, 63.2, 87.59, , , , , 
1/31/2020 11:04:40 AM, 3247, 9072.5, 1622.7, 324.2, 220.895, 161.4, 317.03, 170.92, 239.454, 96.37, 30.2066, 63.73, 126.765, 63.2, 87.59, , , , , 
1/31/2020 11:04:43 AM, 3247, 9072.5, 1622.7, 324.18, 220.88, 161.36, 316.96, 170.89, 239.3979, 96.35, 30.1925, 63.73, 126.765, 63.2, 87.59, , , , , 
1/31/2020 11:04:46 AM, 3247.5, 9074.25, 1623.2, 324.195, 220.9, 161.38, 317, 170.91, 239.405, 96.36, 30.195, 63.725, 126.75, 63.2, 87.59, , , , , 
1/31/2020 11:04:49 AM, 3247.5, 9074.25, 1623.2, 324.19, 220.8819, 161.39, 316.95, 170.91, 239.4891, 96.37, 30.2, 63.725, 126.75, 63.2, 87.59, , , , , 
1/31/2020 11:04:52 AM, 3247, 9073, 1622.7, 324.16, 220.88, 161.36, 316.9111, 170.8906, 239.4, 96.36, 30.19, 63.725, 126.75, 63.2, 87.585, , , , , 
1/31/2020 11:04:55 AM, 3247, 9073, 1622.7, 324.17, 220.91, 161.36, 316.9492, 170.9, 239.4107, 96.36, 30.195, 63.725, 126.75, 63.2, 87.585, , , , , 
1/31/2020 11:04:58 AM, 3247.5, 9074, 1622.9, 324.21, 220.91, 161.3768, 316.96, 170.92, 239.445, 96.38, 30.2, 63.725, 126.75, 63.2, 87.585, , , , , 
1/31/2020 11:05:01 AM, 3247.5, 9074, 1622.9, 324.2, 220.9, 161.375, 316.95, 170.91, 239.445, 96.37, 30.2, 63.72, 126.75, 63.2, 87.585, , , , , 
1/31/2020 11:05:04 AM, 3246.25, 9069.25, 1622.3, 324.14, 220.82, 161.34, 316.8189, 170.865, 239.2453, 96.35, 30.19, 63.71, 126.73, 63.2, 87.585, , , , , 
1/31/2020 11:05:07 AM, 3246.25, 9069.25, 1622.3, 324.1, 220.8141, 161.32, 316.81, 170.85, 239.245, 96.325, 30.19, 63.725, 126.7, 63.2, 87.585, , , , , 
1/31/2020 11:05:10 AM, 3246.5, 9070, 1622.1, 324.11, 220.81, 161.32, 316.7962, 170.85, 239.245, 96.33, 30.19, 63.725, 126.7, 63.2, 87.585, , , , , 
1/31/2020 11:05:13 AM, 3246.5, 9070, 1622.1, 324.1, 220.7801, 161.29, 316.71, 170.815, 239.14, 96.33, 30.19, 63.725, 126.7, 63.2, 87.585, , , , , 
1/31/2020 11:05:16 AM, 3245.75, 9067.75, 1621.7, 324.0274, 220.7601, 161.26, 316.6701, 170.8, 239.0906, 96.3, 30.18, 63.715, 126.67, 63.2, 87.575, , , , , 
1/31/2020 11:05:20 AM, 3245.75, 9067.75, 1621.7, 324.06, 220.7799, 161.285, 316.74, 170.8093, 239.105, 96.3, 30.18, 63.715, 126.67, 63.2, 87.57, , , , , 
1/31/2020 11:05:23 AM, 3246, 9068.75, 1621.8, 324.06, 220.77, 161.27, 316.78, 170.8065, 239.1482, 96.31, 30.1825, 63.715, 126.68, 63.2, 87.57, , , , , 
1/31/2020 11:05:26 AM, 3246, 9068.75, 1621.8, 324.04, 220.76, 161.26, 316.69, 170.8, 239.15, 96.31, 30.18, 63.715, 126.67, 63.2, 87.57, , , , , 
1/31/2020 11:05:29 AM, 3245.5, 9067.25, 1621.5, 324.005, 220.75, 161.25, 316.6201, 170.8, 239.12, 96.29, 30.18, 63.715, 126.66, 63.2, 87.57, , , , , 
1/31/2020 11:05:32 AM, 3245.5, 9067.25, 1621.5, 324.03, 220.75, 161.2301, 316.674, 170.81, 239.12, 96.2901, 30.18, 63.715, 126.65, 63.2, 87.57, , , , , 
1/31/2020 11:05:35 AM, 3245.75, 9067.5, 1621.4, 324.07, 220.75, 161.25, 316.66, 170.84, 239.135, 96.31, 30.18, 63.715, 126.67, 63.2, 87.57, , , , , 
1/31/2020 11:05:38 AM, 3245.75, 9067.5, 1621.4, 324.04, 220.76, 161.23, 316.65, 170.88, 239.05, 96.31, 30.18, 63.715, 126.65, 63.2, 87.57, , , , , 
1/31/2020 11:05:52 AM, 3244, 9062.25, 1620.6, 323.938, 220.66, 161.17, 316.504, 170.795, 238.94, 96.27, 30.17, 63.705, 126.6, 63.2, 87.565, , , , , 
1/31/2020 11:05:55 AM, 3244, 9062.25, 1620.6, 323.84, 220.618, 161.13, 316.37, 170.755, 238.8262, 96.25, 30.17, 63.695, 126.57, 63.2, 87.57, , , , , 
1/31/2020 11:05:58 AM, 3244, 9062, 1620.6, 323.84, 220.62, 161.135, 316.4, 170.73, 238.8262, 96.24, 30.1686, 63.69, 126.57, 63.2, 87.57, , , , , 
1/31/2020 11:06:01 AM, 3244, 9062, 1620.6, 323.86, 220.605, 161.145, 316.4524, 170.73, 238.905, 96.24, 30.16, 63.69, 126.58, 63.2, 87.57, , , , , 
1/31/2020 11:06:04 AM, 3244.25, 9062.5, 1620.7, 323.86, 220.65, 161.15, 316.497, 170.795, 238.945, 96.24, 30.16, 63.69, 126.58, 63.2, 87.57, , , , , 
1/31/2020 11:06:07 AM, 3244.25, 9062.5, 1620.7, 323.88, 220.64, 161.18, 316.43, 170.795, 238.98, 96.25, 30.16, 63.69, 126.6, 63.2, 87.57, , , , , 
1/31/2020 11:06:10 AM, 3244.25, 9063.5, 1620.9, 323.88, 220.6566, 161.18, 316.49, 170.8, 238.9549, 96.25, 30.16, 63.69, 126.6, 63.2, 87.57, , , , , 
1/31/2020 11:06:13 AM, 3244.25, 9063.5, 1620.9, 323.895, 220.68, 161.19, 316.5425, 170.84, 239.01, 96.26, 30.16, 63.69, 126.6, 63.2, 87.57, , , , , 
1/31/2020 11:06:16 AM, 3244.5, 9064, 1621, 323.92, 220.655, 161.21, 316.48, 170.79, 239.0452, 96.2605, 30.16, 63.69, 126.61, 63.2, 87.57, , , , , 
1/31/2020 11:06:19 AM, 3244.5, 9064, 1621, 323.87, 220.64, 161.18, 316.5, 170.74, 238.98, 96.25, 30.16, 63.69, 126.61, 63.2, 87.565, , , , , 
1/31/2020 11:06:22 AM, 3244.25, 9063.25, 1621.2, 323.87, 220.63, 161.17, 316.46, 170.71, 238.91, 96.24, 30.16, 63.695, 126.61, 63.2, 87.565, , , , , 
1/31/2020 11:06:25 AM, 3244.25, 9063.25, 1621.2, 323.9, 220.63, 161.23, 316.46, 170.71, 238.91, 96.2401, 30.16, 63.69, 126.6, 63.2, 87.565, , , , , 
1/31/2020 11:06:28 AM, 3244.75, 9065, 1621.5, 323.89, 220.69, 161.22, 316.568, 170.772, 239.04, 96.26, 30.16, 63.685, 126.62, 63.2, 87.565, , , , , 
1/31/2020 11:06:31 AM, 3244.75, 9065, 1621.5, 323.91, 220.6899, 161.24, 316.5902, 170.7697, 239.0444, 96.27, 30.16, 63.685, 126.62, 63.2, 87.565, , , , , 
1/31/2020 11:06:34 AM, 3244, 9062.75, 1621, 323.89, 220.63, 161.19, 316.49, 170.74, 238.91, 96.26, 30.16, 63.685, 126.61, 63.2, 87.565, , , , , 
1/31/2020 11:06:37 AM, 3244, 9062.75, 1621, 323.89, 220.64, 161.22, 316.53, 170.74, 238.91, 96.24, 30.16, 63.68, 126.6, 63.2, 87.565, , , , , 
1/31/2020 11:06:40 AM, 3243.75, 9061.25, 1620.8, 323.82, 220.61, 161.18, 316.4251, 170.6987, 238.91, 96.23, 30.155, 63.675, 126.6, 63.2, 87.56, , , , , 
1/31/2020 11:06:43 AM, 3243.75, 9061.25, 1620.8, 323.82, 220.56, 161.185, 316.41, 170.65, 238.82, 96.22, 30.15, 63.67, 126.6, 63.2, 87.56, , , , , 
1/31/2020 11:06:46 AM, 3243, 9058.25, 1620.7, 323.81, 220.54, 161.16, 316.36, 170.61, 238.82, 96.21, 30.15, 63.67, 126.6, 63.2, 87.555, , , , , 
1/31/2020 11:06:49 AM, 3243, 9058.25, 1620.7, 323.77, 220.5, 161.15, 316.28, 170.61, 238.82, 96.19, 30.15, 63.67, 126.6, 63.2, 87.555, , , , , 
1/31/2020 11:06:52 AM, 3243, 9056.5, 1620.7, 323.72, 220.47, 161.13, 316.29, 170.61, 238.68, 96.17, 30.15, 63.67, 126.51, 63.2, 87.56, , , , , 
1/31/2020 11:06:55 AM, 3243, 9056.5, 1620.7, 323.73, 220.47, 161.13, 316.29, 170.61, 238.68, 96.17, 30.15, 63.675, 126.52, 63.2, 87.565, , , , , 
1/31/2020 11:06:58 AM, 3242, 9051.25, 1620.3, 323.73, 220.43, 161.17, 316.15, 170.575, 238.67, 96.17, 30.15, 63.68, 126.5201, 63.2, 87.565, , , , , 
1/31/2020 11:07:01 AM, 3242, 9051.25, 1620.3, 323.65, 220.34, 161.13, 316.09, 170.505, 238.63, 96.13, 30.14, 63.675, 126.46, 63.2, 87.565, , , , , 
1/31/2020 11:07:04 AM, 3242.25, 9052.25, 1620.5, 323.67, 220.38, 161.13, 316.16, 170.53, 238.595, 96.13, 30.15, 63.69, 126.43, 63.2, 87.565, , , , , 
1/31/2020 11:07:07 AM, 3242.25, 9052.25, 1620.5, 323.72, 220.42, 161.16, 316.23, 170.59, 238.595, 96.16, 30.15, 63.69, 126.45, 63.2, 87.565, , , , , 
1/31/2020 11:07:10 AM, 3242.5, 9054, 1620.6, 323.74, 220.43, 161.19, 316.27, 170.585, 238.7295, 96.18, 30.15, 63.67, 126.47, 63.2, 87.565, , , , , 
1/31/2020 11:07:13 AM, 3242.5, 9054, 1620.6, 323.69, 220.42, 161.13, 316.3089, 170.57, 238.6345, 96.17, 30.15, 63.68, 126.46, 63.2, 87.565, , , , , 
1/31/2020 11:07:16 AM, 3243.25, 9056.25, 1620.8, 323.71, 220.47, 161.14, 316.39, 170.57, 238.6345, 96.17, 30.15, 63.68, 126.46, 63.2, 87.565, , , , , 
1/31/2020 11:07:19 AM, 3243.25, 9056.25, 1620.8, 323.78, 220.46, 161.21, 316.39, 170.55, 238.78, 96.21, 30.16, 63.68, 126.498, 63.2, 87.565, , , , , 
1/31/2020 11:07:22 AM, 3243.25, 9055.25, 1620.9, 323.755, 220.4692, 161.16, 316.374, 170.56, 238.7678, 96.19, 30.1525, 63.68, 126.48, 63.2, 87.565, , , , , 
1/31/2020 11:07:25 AM, 3243.25, 9055.25, 1620.9, 323.74, 220.43, 161.17, 316.3038, 170.55, 238.7678, 96.1861, 30.155, 63.68, 126.48, 63.2, 87.565, , , , , 
1/31/2020 11:07:28 AM, 3243.75, 9057.75, 1621.3, 323.76, 220.46, 161.19, 316.49, 170.58, 238.87, 96.2, 30.16, 63.68, 126.49, 63.2, 87.565, , , , , 
1/31/2020 11:07:32 AM, 3243.75, 9057.75, 1621.3, 323.85, 220.53, 161.25, 316.51, 170.63, 238.99, 96.23, 30.16, 63.68, 126.52, 63.2, 87.565, , , , , 
1/31/2020 11:07:35 AM, 3244, 9059.5, 1621.6, 323.83, 220.53, 161.231, 316.51, 170.63, 238.93, 96.23, 30.1666, 63.68, 126.52, 63.2, 87.56, , , , , 
1/31/2020 11:07:38 AM, 3244, 9059.5, 1621.6, 323.87, 220.58, 161.26, 316.63, 170.6732, 238.91, 96.24, 30.17, 63.675, 126.53, 63.2, 87.565, , , , , 
1/31/2020 11:07:41 AM, 3243.75, 9058.5, 1621.4, 323.84, 220.54, 161.23, 316.48, 170.62, 238.92, 96.25, 30.1666, 63.68, 126.54, 63.2, 87.565, , , , , 
1/31/2020 11:07:44 AM, 3243.75, 9058.5, 1621.4, 323.82, 220.535, 161.22, 316.49, 170.61, 238.94, 96.23, 30.16, 63.68, 126.52, 63.2, 87.565, , , , , 
1/31/2020 11:07:47 AM, 3243.25, 9056.5, 1621, 323.82, 220.53, 161.21, 316.4504, 170.6, 238.94, 96.23, 30.16, 63.68, 126.52, 63.2, 87.565, , , , , 
1/31/2020 11:07:50 AM, 3243.25, 9056.5, 1621, 323.78, 220.48, 161.19, 316.3952, 170.58, 238.94, 96.205, 30.1658, 63.675, 126.485, 63.2, 87.565, , , , , 
1/31/2020 11:07:53 AM, 3243, 9056, 1621.1, 323.7799, 220.46, 161.1901, 316.33, 170.56, 238.94, 96.205, 30.1601, 63.675, 126.485, 63.2, 87.565, , , , , 
1/31/2020 11:07:56 AM, 3243, 9056, 1621.1, 323.75, 220.53, 161.21, 316.49, 170.58, 238.83, 96.2, 30.16, 63.67, 126.485, 63.2, 87.565, , , , , 
1/31/2020 11:07:59 AM, 3243.5, 9057.5, 1621.3, 323.8161, 220.5221, 161.22, 316.5256, 170.59, 238.8405, 96.22, 30.16, 63.68, 126.52, 63.2, 87.565, , , , , 
1/31/2020 11:08:02 AM, 3243.5, 9057.5, 1621.3, 323.81, 220.5002, 161.21, 316.46, 170.585, 238.8405, 96.21, 30.16, 63.68, 126.5, 63.2, 87.565, , , , , 
1/31/2020 11:08:05 AM, 3243, 9055.25, 1620.9, 323.77, 220.46, 161.18, 316.4193, 170.545, 238.785, 96.19, 30.16, 63.67, 126.49, 63.2, 87.565, , , , , 
1/31/2020 11:08:08 AM, 3243, 9055.25, 1620.9, 323.735, 220.44, 161.19, 316.36, 170.5, 238.775, 96.19, 30.16, 63.67, 126.49, 63.2, 87.565, , , , , 
1/31/2020 11:08:11 AM, 3242.25, 9053.75, 1620.6, 323.695, 220.42, 161.15, 316.35, 170.49, 238.775, 96.17, 30.15, 63.67, 126.48, 63.2, 87.565, , , , , 
1/31/2020 11:08:14 AM, 3242.25, 9053.75, 1620.6, 323.71, 220.43, 161.15, 316.34, 170.49, 238.745, 96.18, 30.1531, 63.67, 126.47, 63.2, 87.565, , , , , 
1/31/2020 11:08:17 AM, 3242.75, 9055, 1620.7, 323.71, 220.43, 161.15, 316.3804, 170.51, 238.745, 96.18, 30.1531, 63.67, 126.47, 63.2, 87.565, , , , , 
1/31/2020 11:08:20 AM, 3243, 9055.5, 1620.7, 323.735, 220.46, 161.16, 316.4301, 170.53, 238.825, 96.19, 30.16, 63.67, 126.48, 63.2, 87.565, , , , , 
1/31/2020 11:08:23 AM, 3242.75, 9055, 1620.6, 323.735, 220.46, 161.16, 316.47, 170.56, 238.7501, 96.19, 30.16, 63.67, 126.48, 63.2, 87.565, , , , , 
1/31/2020 11:08:26 AM, 3242.75, 9055, 1620.6, 323.71, 220.46, 161.155, 316.46, 170.545, 238.82, 96.19, 30.16, 63.66, 126.47, 63.2, 87.565, , , , , 
1/31/2020 11:08:29 AM, 3242.75, 9054.75, 1620.5, 323.71, 220.4465, 161.155, 316.4638, 170.53, 238.769, 96.19, 30.16, 63.66, 126.47, 63.2, 87.565, , , , , 
1/31/2020 11:08:32 AM, 3242, 9052.5, 1620.3, 323.65, 220.37, 161.12, 316.37, 170.48, 238.7, 96.16, 30.155, 63.66, 126.44, 63.2, 87.565, , , , , 
1/31/2020 11:08:35 AM, 3241.75, 9051.5, 1620.1, 323.65, 220.39, 161.12, 316.385, 170.4868, 238.7457, 96.16, 30.155, 63.66, 126.44, 63.2, 87.565, , , , , 
1/31/2020 11:08:38 AM, 3242, 9052.25, 1620.3, 323.65, 220.38, 161.13, 316.44, 170.46, 238.7457, 96.15, 30.1538, 63.66, 126.44, 63.2, 87.56, , , , , 
1/31/2020 11:08:41 AM, 3242.25, 9052.75, 1620.7, 323.65, 220.39, 161.13, 316.44, 170.43, 238.785, 96.15, 30.1538, 63.66, 126.44, 63.2, 87.56, , , , , 
1/31/2020 11:08:44 AM, 3241.75, 9051.5, 1620.3, 323.62, 220.35, 161.12, 316.43, 170.39, 238.785, 96.14, 30.1538, 63.65, 126.42, 63.2, 87.55, , , , , 
1/31/2020 11:08:47 AM, 3241.75, 9052.25, 1620.4, 323.62, 220.379, 161.12, 316.45, 170.4, 238.785, 96.14, 30.1538, 63.65, 126.42, 63.2, 87.55, , , , , 
1/31/2020 11:08:50 AM, 3241.75, 9051.5, 1620.3, 323.615, 220.35, 161.14, 316.46, 170.32, 238.785, 96.14, 30.15, 63.6534, 126.42, 63.2, 87.55, , , , , 
1/31/2020 11:08:53 AM, 3241.5, 9051.5, 1620.3, 323.615, 220.37, 161.14, 316.48, 170.3346, 238.785, 96.14, 30.15, 63.6534, 126.42, 63.2, 87.55, , , , , 
1/31/2020 11:08:56 AM, 3241.5, 9050.5, 1620.1, 323.59, 220.35, 161.11, 316.4251, 170.325, 238.785, 96.13, 30.1532, 63.65, 126.41, 63.2, 87.55, , , , , 
1/31/2020 11:08:59 AM, 3241.5, 9051, 1620.2, 323.59, 220.34, 161.11, 316.4, 170.32, 238.79, 96.13, 30.1532, 63.65, 126.41, 63.2, 87.55, , , , , 
1/31/2020 11:09:02 AM, 3241.5, 9050.5, 1620.2, 323.5999, 220.35, 161.105, 316.33, 170.325, 238.746, 96.12, 30.1532, 63.66, 126.42, 63.2, 87.55, , , , , 
1/31/2020 11:09:05 AM, 3241.25, 9049.75, 1619.9, 323.5999, 220.32, 161.105, 316.3, 170.325, 238.746, 96.12, 30.1532, 63.66, 126.42, 63.2, 87.55, , , , , 
1/31/2020 11:09:08 AM, 3242.5, 9052.75, 1620.6, 323.69, 220.33, 161.15, 316.42, 170.345, 238.74, 96.14, 30.16, 63.67, 126.44, 63.2, 87.56, , , , , 
1/31/2020 11:09:11 AM, 3241.75, 9051.25, 1620, 323.69, 220.385, 161.15, 316.435, 170.4, 238.79, 96.14, 30.16, 63.67, 126.44, 63.2, 87.56, , , , , 
1/31/2020 11:09:14 AM, 3241.75, 9050.5, 1620, 323.62, 220.34, 161.09, 316.395, 170.365, 238.79, 96.1246, 30.16, 63.67, 126.38, 63.2, 87.555, , , , , 
1/31/2020 11:09:17 AM, 3242, 9051.25, 1620.1, 323.62, 220.33, 161.09, 316.35, 170.36, 238.79, 96.1246, 30.16, 63.67, 126.38, 63.2, 87.555, , , , , 
1/31/2020 11:09:20 AM, 3242, 9051.75, 1620.3, 323.68, 220.365, 161.13, 316.43, 170.38, 238.7605, 96.14, 30.16, 63.68, 126.41, 63.2, 87.555, , , , , 
1/31/2020 11:09:23 AM, 3242.5, 9053.5, 1620.3, 323.68, 220.39, 161.13, 316.49, 170.41, 238.8399, 96.14, 30.16, 63.68, 126.41, 63.2, 87.555, , , , , 
1/31/2020 11:09:26 AM, 3242.75, 9053.25, 1620.5, 323.7, 220.39, 161.15, 316.5201, 170.41, 238.84, 96.16, 30.16, 63.69, 126.41, 63.2, 87.555, , , , , 
1/31/2020 11:09:29 AM, 3242.5, 9053.5, 1620.5, 323.7, 220.395, 161.15, 316.52, 170.43, 238.8, 96.16, 30.16, 63.69, 126.41, 63.2, 87.555, , , , , 
1/31/2020 11:09:32 AM, 3242.5, 9052.75, 1620.4, 323.66, 220.42, 161.12, 316.6455, 170.4201, 238.8074, 96.16, 30.16, 63.68, 126.41, 63.2, 87.555, , , , , 
1/31/2020 11:09:35 AM, 3242.5, 9052.75, 1620.3, 323.66, 220.38, 161.12, 316.47, 170.43, 238.8074, 96.16, 30.16, 63.68, 126.41, 63.2, 87.555, , , , , 
1/31/2020 11:09:38 AM, 3242.25, 9052.25, 1620.4, 323.705, 220.39, 161.145, 316.45, 170.4603, 238.75, 96.15, 30.16, 63.675, 126.4, 63.2, 87.555, , , , , 
1/31/2020 11:09:41 AM, 3242.75, 9053, 1620.4, 323.705, 220.4, 161.145, 316.5, 170.49, 238.75, 96.15, 30.16, 63.675, 126.4, 63.2, 87.555, , , , , 
1/31/2020 11:09:44 AM, 3242.25, 9051.25, 1620.1, 323.66, 220.37, 161.11, 316.41, 170.475, 238.7, 96.15, 30.155, 63.67, 126.4, 63.2, 87.555, , , , , 
1/31/2020 11:09:47 AM, 3242, 9051, 1620.2, 323.66, 220.36, 161.11, 316.36, 170.465, 238.7, 96.15, 30.155, 63.67, 126.4, 63.2, 87.555, , , , , 
1/31/2020 11:09:50 AM, 3241.5, 9049.25, 1619.8, 323.62, 220.33, 161.08, 316.3441, 170.455, 238.63, 96.14, 30.15, 63.67, 126.37, 63.2, 87.555, , , , , 
1/31/2020 11:09:53 AM, 3241.25, 9048.25, 1619.7, 323.62, 220.31, 161.08, 316.27, 170.45, 238.59, 96.14, 30.15, 63.67, 126.37, 63.2, 87.555, , , , , 
1/31/2020 11:09:57 AM, 3241.25, 9048.25, 1619.7, 323.5939, 220.29, 161.08, 316.26, 170.45, 238.59, 96.12, 30.145, 63.665, 126.36, 63.2, 87.55, , , , , 
1/31/2020 11:10:00 AM, 3241.5, 9049.5, 1619.8, 323.5939, 220.29, 161.08, 316.29, 170.465, 238.59, 96.12, 30.145, 63.665, 126.36, 63.2, 87.55, , , , , 
1/31/2020 11:10:03 AM, 3241.25, 9047.75, 1619.6, 323.61, 220.305, 161.06, 316.2901, 170.48, 238.62, 96.12, 30.15, 63.67, 126.35, 63.2, 87.55, , , , , 
1/31/2020 11:10:06 AM, 3241.5, 9048.25, 1619.7, 323.61, 220.29, 161.06, 316.28, 170.4601, 238.5912, 96.12, 30.15, 63.67, 126.35, 63.2, 87.55, , , , , 
1/31/2020 11:10:09 AM, 3241, 9047, 1619.6, 323.56, 220.26, 161.05, 316.2111, 170.44, 238.55, 96.115, 30.15, 63.67, 126.33, 63.2, 87.55, , , , , 
1/31/2020 11:10:12 AM, 3241.5, 9048.5, 1619.6, 323.56, 220.2601, 161.05, 316.22, 170.4246, 238.55, 96.115, 30.15, 63.67, 126.33, 63.2, 87.55, , , , , 
1/31/2020 11:10:15 AM, 3241.5, 9048.5, 1619.7, 323.5908, 220.3, 161.04, 316.3, 170.46, 238.64, 96.135, 30.1566, 63.67, 126.35, 63.2, 87.542, , , , , 
1/31/2020 11:10:18 AM, 3241.75, 9049.25, 1619.6, 323.5908, 220.3146, 161.04, 316.26, 170.47, 238.64, 96.135, 30.1566, 63.67, 126.35, 63.2, 87.542, , , , , 
1/31/2020 11:10:21 AM, 3242.25, 9051.5, 1619.9, 323.678, 220.349, 161.0833, 316.35, 170.51, 238.63, 96.155, 30.16, 63.68, 126.37, 63.2, 87.555, , , , , 
1/31/2020 11:10:24 AM, 3242.25, 9051.25, 1619.9, 323.678, 220.36, 161.0833, 316.37, 170.5231, 238.67, 96.155, 30.16, 63.68, 126.37, 63.2, 87.555, , , , , 
1/31/2020 11:10:27 AM, 3242.25, 9051, 1620.2, 323.6964, 220.36, 161.13, 316.38, 170.525, 238.6314, 96.165, 30.165, 63.685, 126.39, 63.2, 87.555, , , , , 
1/31/2020 11:10:30 AM, 3242.5, 9052.5, 1620.4, 323.6964, 220.37, 161.13, 316.4, 170.53, 238.6224, 96.165, 30.165, 63.685, 126.39, 63.2, 87.555, , , , , 
1/31/2020 11:10:33 AM, 3242.5, 9052, 1620.3, 323.71, 220.39, 161.115, 316.4148, 170.51, 238.6224, 96.165, 30.165, 63.695, 126.4, 63.2, 87.565, , , , , 
1/31/2020 11:10:36 AM, 3242.75, 9052.25, 1620.2, 323.74, 220.4, 161.14, 316.44, 170.515, 238.76, 96.175, 30.165, 63.695, 126.42, 63.2, 87.565, , , , , 
1/31/2020 11:10:39 AM, 3243, 9052.5, 1620.4, 323.75, 220.4, 161.14, 316.44, 170.515, 238.76, 96.17, 30.165, 63.695, 126.425, 63.2, 87.565, , , , , 
1/31/2020 11:10:42 AM, 3242.5, 9050.75, 1620.4, 323.68, 220.33, 161.12, 316.39, 170.46, 238.77, 96.165, 30.165, 63.695, 126.41, 63.09, 87.56, , , , , 
1/31/2020 11:10:45 AM, 3242.25, 9049.5, 1620.2, 323.67, 220.33, 161.11, 316.39, 170.46, 238.77, 96.14, 30.16, 63.695, 126.4, 63.09, 87.555, , , , , 
1/31/2020 11:10:48 AM, 3242.25, 9050.5, 1620.4, 323.678, 220.3401, 161.115, 316.405, 170.4919, 238.74, 96.1491, 30.16, 63.69, 126.4, 63.09, 87.555, , , , , 
1/31/2020 11:10:51 AM, 3243.5, 9054, 1621.2, 323.795, 220.3401, 161.2, 316.405, 170.4919, 238.74, 96.19, 30.18, 63.705, 126.46, 63.09, 87.555, , , , , 
1/31/2020 11:10:54 AM, 3243.5, 9054.5, 1620.9, 323.83, 220.47, 161.2, 316.52, 170.55, 238.8046, 96.2, 30.18, 63.7042, 126.475, 63.09, 87.555, , , , , 
1/31/2020 11:10:57 AM, 3243.5, 9055.25, 1620.9, 323.85, 220.47, 161.2, 316.52, 170.55, 238.8046, 96.2, 30.18, 63.71, 126.48, 63.09, 87.57, , , , , 
1/31/2020 11:11:00 AM, 3244.25, 9057.75, 1621.4, 323.8755, 220.5154, 161.22, 316.565, 170.57, 238.98, 96.23, 30.18, 63.71, 126.5, 63.09, 87.58, , , , , 
1/31/2020 11:11:03 AM, 3244.25, 9056.75, 1621, 323.87, 220.5154, 161.2, 316.565, 170.57, 238.98, 96.23, 30.18, 63.71, 126.49, 63.09, 87.58, , , , , 
1/31/2020 11:11:06 AM, 3244.25, 9057, 1621, 323.8901, 220.52, 161.205, 316.7258, 170.565, 238.86, 96.23, 30.18, 63.715, 126.49, 63.09, 87.58, , , , , 
1/31/2020 11:11:09 AM, 3245, 9058.5, 1621.4, 323.93, 220.52, 161.24, 316.7258, 170.565, 238.86, 96.2464, 30.19, 63.72, 126.52, 63.09, 87.59, , , , , 
1/31/2020 11:11:12 AM, 3245, 9058.75, 1621.9, 323.95, 220.55, 161.27, 316.72, 170.565, 239.065, 96.2464, 30.19, 63.72, 126.52, 63.09, 87.59, , , , , 
1/31/2020 11:11:15 AM, 3245.5, 9060.25, 1622.1, 323.99, 220.55, 161.3, 316.72, 170.565, 239.065, 96.26, 30.19, 63.725, 126.54, 63.09, 87.59, , , , , 
1/31/2020 11:11:18 AM, 3245.5, 9059.75, 1621.8, 323.99, 220.54, 161.275, 316.6948, 170.5467, 239.1, 96.26, 30.2, 63.73, 126.55, 63.09, 87.592, , , , , 
1/31/2020 11:11:21 AM, 3245, 9059, 1621.7, 323.978, 220.54, 161.26, 316.6948, 170.5467, 239.1, 96.25, 30.195, 63.73, 126.54, 63.09, 87.59, , , , , 
1/31/2020 11:11:24 AM, 3245.25, 9058.75, 1621.7, 323.945, 220.51, 161.26, 316.66, 170.5046, 238.9534, 96.24, 30.195, 63.73, 126.53, 63.09, 87.59, , , , , 
1/31/2020 11:11:27 AM, 3245, 9058, 1621.6, 323.96, 220.51, 161.245, 316.66, 170.5046, 238.9534, 96.24, 30.195, 63.7231, 126.54, 63.09, 87.585, , , , , 
1/31/2020 11:11:30 AM, 3244.75, 9058, 1621.7, 323.91, 220.51, 161.26, 316.65, 170.5, 238.9159, 96.2202, 30.19, 63.72, 126.54, 63.09, 87.585, , , , , 
1/31/2020 11:11:33 AM, 3244.25, 9057, 1621.5, 323.87, 220.51, 161.22, 316.65, 170.5, 238.9159, 96.205, 30.19, 63.705, 126.52, 63.09, 87.585, , , , , 
1/31/2020 11:11:36 AM, 3243.75, 9055, 1621.1, 323.8234, 220.44, 161.2, 316.57, 170.48, 238.8672, 96.195, 30.18, 63.7, 126.5, 63.09, 87.58, , , , , 
1/31/2020 11:11:39 AM, 3243.75, 9054.5, 1621, 323.82, 220.44, 161.2, 316.57, 170.48, 238.8672, 96.19, 30.18, 63.705, 126.49, 63.09, 87.58, , , , , 
1/31/2020 11:11:42 AM, 3243.25, 9053.5, 1620.9, 323.79, 220.33, 161.18, 316.49, 170.43, 238.65, 96.19, 30.18, 63.69, 126.46, 63.09, 87.58, , , , , 
1/31/2020 11:11:45 AM, 3242, 9049.5, 1620.1, 323.64, 220.33, 161.07, 316.49, 170.43, 238.65, 96.14, 30.16, 63.675, 126.39, 63.09, 87.555, , , , , 
1/31/2020 11:11:48 AM, 3242.25, 9051, 1620.3, 323.68, 220.3, 161.12, 316.44, 170.43, 238.49, 96.155, 30.1663, 63.68, 126.4, 63.09, 87.56, , , , , 
1/31/2020 11:11:51 AM, 3241.75, 9049, 1620.3, 323.64, 220.3, 161.12, 316.44, 170.43, 238.49, 96.14, 30.165, 63.68, 126.4, 63.09, 87.56, , , , , 
1/31/2020 11:11:54 AM, 3242.5, 9050.75, 1620.5, 323.71, 220.36, 161.14, 316.5345, 170.45, 238.62, 96.16, 30.17, 63.685, 126.42, 63.09, 87.56, , , , , 
1/31/2020 11:11:57 AM, 3242.75, 9052, 1620.6, 323.75, 220.36, 161.15, 316.5345, 170.45, 238.62, 96.18, 30.17, 63.685, 126.44, 63.09, 87.56, , , , , 
1/31/2020 11:12:00 AM, 3242.75, 9051.5, 1620.5, 323.76, 220.37, 161.15, 316.67, 170.48, 238.65, 96.18, 30.17, 63.69, 126.43, 63.09, 87.56, , , , , 
1/31/2020 11:12:03 AM, 3242.5, 9050.25, 1620.3, 323.68, 220.37, 161.12, 316.67, 170.48, 238.65, 96.16, 30.17, 63.69, 126.43, 63.09, 87.56, , , , , 
1/31/2020 11:12:06 AM, 3242.25, 9050.25, 1619.9, 323.73, 220.37, 161.09, 316.69, 170.5, 238.5943, 96.16, 30.17, 63.69, 126.41, 63.09, 87.56, , , , , 
1/31/2020 11:12:10 AM, 3242.75, 9051.75, 1620.3, 323.74, 220.37, 161.14, 316.69, 170.5, 238.5943, 96.18, 30.17, 63.6899, 126.43, 63.09, 87.56, , , , , 
1/31/2020 11:12:13 AM, 3242.75, 9051.75, 1620.3, 323.75, 220.38, 161.12, 316.74, 170.5079, 238.63, 96.18, 30.17, 63.69, 126.43, 63.09, 87.56, , , , , 
1/31/2020 11:12:16 AM, 3242.25, 9051, 1620, 323.68, 220.38, 161.09, 316.74, 170.5079, 238.63, 96.155, 30.1765, 63.685, 126.43, 63.09, 87.56, , , , , 
1/31/2020 11:12:19 AM, 3242, 9049.25, 1619.9, 323.67, 220.35, 161.1, 316.67, 170.48, 238.48, 96.15, 30.17, 63.68, 126.4, 63.09, 87.56, , , , , 
1/31/2020 11:12:22 AM, 3242.25, 9051, 1620.3, 323.67, 220.35, 161.09, 316.67, 170.48, 238.48, 96.16, 30.1781, 63.68, 126.41, 63.09, 87.56, , , , , 
1/31/2020 11:12:25 AM, 3242.25, 9051, 1620.1, 323.69, 220.35, 161.1, 316.64, 170.495, 238.53, 96.1534, 30.1781, 63.675, 126.41, 63.09, 87.56, , , , , 
1/31/2020 11:12:28 AM, 3242.5, 9051.25, 1620.3, 323.73, 220.35, 161.14, 316.64, 170.495, 238.53, 96.1534, 30.1766, 63.675, 126.43, 63.09, 87.56, , , , , 
1/31/2020 11:12:31 AM, 3242.5, 9051.5, 1620.4, 323.72, 220.33, 161.13, 316.565, 170.53, 238.56, 96.17, 30.1712, 63.675, 126.435, 63.09, 87.56, , , , , 
1/31/2020 11:12:34 AM, 3242, 9049.25, 1620.1, 323.72, 220.33, 161.13, 316.565, 170.53, 238.56, 96.17, 30.1712, 63.675, 126.435, 63.09, 87.56, , , , , 
1/31/2020 11:12:37 AM, 3242, 9049.75, 1619.9, 323.622, 220.2936, 161.08, 316.5176, 170.49, 238.45, 96.15, 30.165, 63.67, 126.39, 63.09, 87.56, , , , , 
1/31/2020 11:12:40 AM, 3241.5, 9048.5, 1620, 323.625, 220.2936, 161.1, 316.5176, 170.49, 238.45, 96.15, 30.165, 63.65, 126.39, 63.09, 87.56, , , , , 
1/31/2020 11:12:43 AM, 3241.75, 9049.25, 1620.1, 323.64, 220.32, 161.09, 316.5953, 170.51, 238.43, 96.15, 30.1641, 63.65, 126.39, 63.09, 87.56, , , , , 
1/31/2020 11:12:46 AM, 3241.5, 9048.5, 1620, 323.62, 220.32, 161.08, 316.5953, 170.51, 238.43, 96.145, 30.16, 63.65, 126.39, 63.09, 87.56, , , , , 
1/31/2020 11:12:49 AM, 3241.75, 9048.25, 1619.9, 323.64, 220.33, 161.095, 316.5851, 170.52, 238.4986, 96.14, 30.165, 63.655, 126.39, 63.09, 87.555, , , , , 
1/31/2020 11:12:52 AM, 3241.75, 9048.75, 1620.1, 323.62, 220.315, 161.08, 316.55, 170.49, 238.4295, 96.14, 30.1662, 63.655, 126.39, 63.09, 87.555, , , , , 
1/31/2020 11:12:55 AM, 3241.75, 9048.75, 1620.1, 323.63, 220.315, 161.085, 316.55, 170.49, 238.4295, 96.15, 30.17, 63.655, 126.39, 63.09, 87.555, , , , , 
1/31/2020 11:12:58 AM, 3241.5, 9047.25, 1620, 323.6, 220.2883, 161.09, 316.37, 170.485, 238.4843, 96.1246, 30.16, 63.655, 126.39, 63.09, 87.555, , , , , 
1/31/2020 11:13:01 AM, 3241.5, 9047.25, 1620, 323.61, 220.25, 161.09, 316.3, 170.48, 238.4843, 96.1246, 30.16, 63.655, 126.39, 63.09, 87.555, , , , , 
1/31/2020 11:13:04 AM, 3241.25, 9047.5, 1619.9, 323.56, 220.26, 161.06, 316.37, 170.5, 238.4188, 96.125, 30.16, 63.655, 126.35, 63.09, 87.55, , , , , 
1/31/2020 11:13:07 AM, 3241.25, 9047.5, 1619.9, 323.5834, 220.24, 161.08, 316.31, 170.485, 238.35, 96.13, 30.1622, 63.65, 126.36, 63.09, 87.5466, , , , , 
1/31/2020 11:13:10 AM, 3241, 9047, 1619.9, 323.58, 220.26, 161.06, 316.36, 170.485, 238.335, 96.13, 30.16, 63.655, 126.36, 63.09, 87.5466, , , , , 
1/31/2020 11:13:13 AM, 3241, 9047, 1619.9, 323.59, 220.2799, 161.09, 316.41, 170.5108, 238.36, 96.14, 30.16, 63.655, 126.36, 63.09, 87.545, , , , , 
1/31/2020 11:13:16 AM, 3241.5, 9048.75, 1619.9, 323.6, 220.29, 161.09, 316.4164, 170.51, 238.36, 96.145, 30.1646, 63.655, 126.37, 63.09, 87.545, , , , , 
1/31/2020 11:13:19 AM, 3241.5, 9048.75, 1619.9, 323.61, 220.25, 161.09, 316.34, 170.5, 238.4625, 96.1518, 30.165, 63.655, 126.37, 63.09, 87.55, , , , , 
1/31/2020 11:13:22 AM, 3240.75, 9046.25, 1619.3, 323.57, 220.2367, 161.05, 316.3054, 170.47, 238.4625, 96.13, 30.1601, 63.66, 126.36, 63.09, 87.55, , , , , 
1/31/2020 11:13:25 AM, 3240.75, 9046.25, 1619.3, 323.5498, 220.24, 161.03, 316.2819, 170.47, 238.4625, 96.125, 30.1608, 63.66, 126.35, 63.09, 87.55, , , , , 
1/31/2020 11:13:28 AM, 3241, 9046, 1619.4, 323.545, 220.2377, 161.02, 316.29, 170.47, 238.37, 96.125, 30.16, 63.66, 126.34, 63.09, 87.545, , , , , 
1/31/2020 11:13:31 AM, 3241, 9046, 1619.4, 323.545, 220.27, 161.04, 316.372, 170.5, 238.37, 96.13, 30.16, 63.66, 126.34, 63.09, 87.54, , , , , 
1/31/2020 11:13:34 AM, 3241.5, 9048, 1620, 323.58, 220.28, 161.05, 316.41, 170.51, 238.37, 96.135, 30.153, 63.66, 126.34, 63.09, 87.54, , , , , 
1/31/2020 11:13:37 AM, 3241.5, 9048, 1620, 323.62, 220.31, 161.09, 316.42, 170.54, 238.37, 96.145, 30.16, 63.665, 126.35, 63.09, 87.54, , , , , 
1/31/2020 11:13:40 AM, 3242, 9049.25, 1620.1, 323.64, 220.28, 161.11, 316.38, 170.53, 238.37, 96.155, 30.17, 63.6687, 126.36, 63.09, 87.5483, , , , , 
1/31/2020 11:13:43 AM, 3242, 9049.25, 1620.1, 323.65, 220.31, 161.11, 316.35, 170.53, 238.4101, 96.1514, 30.1661, 63.6601, 126.36, 63.09, 87.5483, , , , , 
1/31/2020 11:13:46 AM, 3241.25, 9046.25, 1619.6, 323.57, 220.25, 161.05, 316.26, 170.51, 238.3, 96.135, 30.17, 63.66, 126.33, 63.09, 87.5483, , , , , 
1/31/2020 11:13:49 AM, 3241.25, 9046.25, 1619.6, 323.56, 220.22, 161.04, 316.28, 170.5, 238.3, 96.13, 30.17, 63.655, 126.33, 63.09, 87.5483, , , , , 
1/31/2020 11:13:52 AM, 3241, 9045.75, 1619.4, 323.5423, 220.2216, 161.02, 316.308, 170.51, 238.29, 96.12, 30.16, 63.655, 126.33, 63.09, 87.5483, , , , , 
1/31/2020 11:13:55 AM, 3241, 9045.75, 1619.4, 323.55, 220.23, 161.025, 316.32, 170.51, 238.26, 96.13, 30.16, 63.65, 126.33, 63.09, 87.5483, , , , , 
1/31/2020 11:13:58 AM, 3240.5, 9044.5, 1619.4, 323.521, 220.21, 161.04, 316.29, 170.505, 238.2551, 96.125, 30.16, 63.65, 126.33, 63.09, 87.5483, , , , , 
1/31/2020 11:14:01 AM, 3240.5, 9044.5, 1619.4, 323.52, 220.2, 161.04, 316.28, 170.53, 238.2251, 96.125, 30.16, 63.65, 126.32, 63.09, 87.5483, , , , , 
1/31/2020 11:14:05 AM, 3240.5, 9045.5, 1619.4, 323.5101, 220.22, 161.02, 316.32, 170.53, 238.195, 96.12, 30.16, 63.65, 126.32, 63.09, 87.5483, , , , , 
1/31/2020 11:14:08 AM, 3240.5, 9045.5, 1619.4, 323.54, 220.22, 161.03, 316.32, 170.535, 238.195, 96.13, 30.16, 63.65, 126.32, 63.09, 87.5483, , , , , 
1/31/2020 11:14:11 AM, 3240.25, 9044.5, 1619.4, 323.49, 220.19, 161.01, 316.25, 170.505, 238.13, 96.12, 30.16, 63.645, 126.31, 63.09, 87.54, , , , , 
1/31/2020 11:14:14 AM, 3240.25, 9044.5, 1619.4, 323.5001, 220.2, 161.025, 316.27, 170.505, 238.17, 96.1188, 30.16, 63.63, 126.31, 63.09, 87.54, , , , , 
1/31/2020 11:14:17 AM, 3240.5, 9044.75, 1619.7, 323.5, 220.19, 161.05, 316.25, 170.52, 238.185, 96.12, 30.16, 63.63, 126.31, 63.09, 87.54, , , , , 
1/31/2020 11:14:20 AM, 3240.5, 9044.75, 1619.7, 323.53, 220.24, 161.07, 316.32, 170.53, 238.32, 96.125, 30.155, 63.635, 126.33, 63.09, 87.54, , , , , 
1/31/2020 11:14:23 AM, 3241, 9046.5, 1620.1, 323.58, 220.27, 161.095, 316.295, 170.55, 238.46, 96.14, 30.16, 63.64, 126.34, 63.09, 87.54, , , , , 
1/31/2020 11:14:26 AM, 3241, 9046.5, 1620.1, 323.55, 220.25, 161.095, 316.265, 170.54, 238.355, 96.15, 30.1554, 63.645, 126.34, 63.09, 87.54, , , , , 
1/31/2020 11:14:29 AM, 3240.75, 9047, 1620.1, 323.55, 220.2695, 161.12, 316.28, 170.5365, 238.37, 96.14, 30.155, 63.645, 126.34, 63.09, 87.54, , , , , 
1/31/2020 11:14:32 AM, 3240.75, 9047, 1620.1, 323.54, 220.26, 161.105, 316.2, 170.5345, 238.3174, 96.14, 30.155, 63.645, 126.34, 63.09, 87.535, , , , , 
1/31/2020 11:14:35 AM, 3241, 9047, 1620.3, 323.57, 220.29, 161.14, 316.348, 170.545, 238.29, 96.14, 30.16, 63.655, 126.36, 63.09, 87.535, , , , , 
1/31/2020 11:14:38 AM, 3241, 9046.5, 1620.2, 323.555, 220.28, 161.13, 316.24, 170.54, 238.33, 96.13, 30.16, 63.665, 126.36, 63.09, 87.535, , , , , 
1/31/2020 11:14:41 AM, 3240.75, 9045.5, 1620, 323.555, 220.25, 161.13, 316.2102, 170.525, 238.3399, 96.13, 30.16, 63.665, 126.36, 63.09, 87.535, , , , , 
1/31/2020 11:14:44 AM, 3240.75, 9046.25, 1620, 323.54, 220.23, 161.08, 316.21, 170.525, 238.16, 96.12, 30.16, 63.66, 126.36, 63.09, 87.535, , , , , 
1/31/2020 11:14:47 AM, 3240.75, 9046.25, 1619.9, 323.54, 220.22, 161.08, 316.17, 170.5103, 238.18, 96.12, 30.16, 63.66, 126.36, 63.09, 87.535, , , , , 
1/31/2020 11:14:50 AM, 3241, 9046.75, 1619.9, 323.56, 220.25, 161.09, 316.319, 170.52, 238.2896, 96.13, 30.16, 63.665, 126.36, 63.09, 87.535, , , , , 
1/31/2020 11:14:53 AM, 3240.25, 9044, 1619.6, 323.56, 220.2, 161.09, 316.1828, 170.5082, 238.16, 96.13, 30.16, 63.665, 126.36, 63.09, 87.535, , , , , 
1/31/2020 11:14:56 AM, 3240, 9044, 1619.6, 323.4746, 220.2, 161.06, 316.25, 170.505, 238.2, 96.11, 30.16, 63.655, 126.31, 63.09, 87.535, , , , , 
1/31/2020 11:14:59 AM, 3240, 9044, 1619.7, 323.4746, 220.19, 161.06, 316.24, 170.495, 238.1425, 96.11, 30.16, 63.655, 126.31, 63.09, 87.535, , , , , 
1/31/2020 11:15:02 AM, 3240, 9043.75, 1619.7, 323.38, 220.2, 161.0087, 316.245, 170.51, 238.1692, 96.065, 30.14, 63.65, 126.28, 63.09, 87.53, , , , , 
1/31/2020 11:15:05 AM, 3239.5, 9042.5, 1619.3, 323.38, 220.15, 161.0087, 316.1169, 170.435, 238.03, 96.065, 30.14, 63.65, 126.28, 63.09, 87.53, , , , , 
1/31/2020 11:15:08 AM, 3239.5, 9042.5, 1619.3, 323.44, 220.15, 161.03, 316.2, 170.47, 238.08, 96.08, 30.14, 63.65, 126.3, 63.09, 87.53, , , , , 
1/31/2020 11:15:11 AM, 3239.75, 9044.25, 1619.4, 323.44, 220.2, 161.03, 316.24, 170.485, 238.1212, 96.08, 30.14, 63.65, 126.3, 63.09, 87.53, , , , , 
1/31/2020 11:15:14 AM, 3240, 9044, 1619.2, 323.44, 220.19, 161, 316.2599, 170.5, 238.125, 96.09, 30.15, 63.66, 126.3, 63.09, 87.53, , , , , 
1/31/2020 11:15:17 AM, 3239.25, 9042.25, 1618.7, 323.44, 220.15, 161, 316.17, 170.46, 238.08, 96.09, 30.15, 63.66, 126.3, 63.09, 87.53, , , , , 
1/31/2020 11:15:20 AM, 3239.25, 9041.25, 1618.8, 323.3776, 220.125, 160.97, 316.1316, 170.435, 237.915, 96.06, 30.14, 63.6452, 126.27, 63.09, 87.525, , , , , 
1/31/2020 11:15:23 AM, 3238.75, 9040, 1618.7, 323.3776, 220.09, 160.97, 316.09, 170.41, 237.915, 96.06, 30.14, 63.6452, 126.27, 63.09, 87.525, , , , , 
1/31/2020 11:15:26 AM, 3238.5, 9039.5, 1618.6, 323.32, 220.08, 160.95, 316.08, 170.4, 237.895, 96.06, 30.13, 63.64, 126.24, 63.09, 87.525, , , , , 
1/31/2020 11:15:29 AM, 3237.75, 9037.25, 1618.3, 323.32, 220.04, 160.95, 315.975, 170.37, 237.87, 96.06, 30.13, 63.64, 126.24, 63.09, 87.525, , , , , 
1/31/2020 11:15:32 AM, 3238, 9037, 1618.4, 323.23, 220.02, 160.91, 315.9483, 170.33, 237.82, 96, 30.1299, 63.625, 126.21, 63.09, 87.52, , , , , 
1/31/2020 11:15:35 AM, 3237.25, 9035, 1618.3, 323.23, 219.96, 160.91, 315.9, 170.31, 237.77, 96, 30.1299, 63.625, 126.21, 63.09, 87.52, , , , , 
1/31/2020 11:15:38 AM, 3237, 9032.25, 1618, 323.12, 219.93, 160.885, 315.8764, 170.26, 237.645, 95.9699, 30.1131, 63.6132, 126.16, 63.09, 87.52, , , , , 
1/31/2020 11:15:41 AM, 3236, 9030.25, 1617.8, 323.12, 219.9, 160.885, 315.8104, 170.23, 237.6, 95.9699, 30.1131, 63.6132, 126.16, 63.09, 87.52, , , , , 
1/31/2020 11:15:44 AM, 3236, 9028.25, 1617.8, 323.07, 219.85, 160.88, 315.82, 170.1862, 237.52, 95.93, 30.1154, 63.595, 126.13, 63.09, 87.505, , , , , 
1/31/2020 11:15:47 AM, 3236.25, 9029.5, 1617.9, 323.07, 219.81, 160.88, 315.7485, 170.17, 237.5, 95.93, 30.1154, 63.595, 126.13, 63.09, 87.505, , , , , 
1/31/2020 11:15:50 AM, 3235.75, 9027.75, 1617.6, 323.03, 219.79, 160.84, 315.71, 170.16, 237.51, 95.9299, 30.11, 63.59, 126.1018, 63.09, 87.505, , , , , 
1/31/2020 11:15:53 AM, 3235.25, 9026, 1617.6, 323.03, 219.8, 160.84, 315.6302, 170.17, 237.5096, 95.9299, 30.11, 63.59, 126.1018, 63.09, 87.505, , , , , 
1/31/2020 11:15:56 AM, 3235.25, 9024.75, 1617.5, 323, 219.72, 160.86, 315.59, 170.1236, 237.46, 95.92, 30.11, 63.59, 126.08, 63.09, 87.5, , , , , 
1/31/2020 11:15:59 AM, 3234.75, 9023, 1617.4, 323, 219.7, 160.86, 315.55, 170.11, 237.37, 95.92, 30.11, 63.59, 126.08, 63.09, 87.5, , , , , 
1/31/2020 11:16:02 AM, 3234, 9020.25, 1617.3, 322.86, 219.66, 160.81, 315.4, 170.065, 237.27, 95.85, 30.09, 63.57, 126.04, 63.09, 87.495, , , , , 
1/31/2020 11:16:05 AM, 3234, 9022, 1617.5, 322.86, 219.6201, 160.81, 315.3676, 170.01, 237.26, 95.85, 30.09, 63.57, 126.04, 63.09, 87.495, , , , , 
1/31/2020 11:16:08 AM, 3233.75, 9020.25, 1617.4, 322.82, 219.61, 160.825, 315.26, 169.99, 237.23, 95.855, 30.09, 63.5599, 126.04, 63.09, 87.495, , , , , 
1/31/2020 11:16:11 AM, 3233.25, 9018.75, 1617.3, 322.82, 219.6, 160.825, 315.15, 169.98, 237.18, 95.855, 30.09, 63.5599, 126.04, 63.09, 87.495, , , , , 
1/31/2020 11:16:14 AM, 3234.5, 9023.5, 1618.1, 322.9336, 219.68, 160.89, 315.21, 170.03, 237.33, 95.87, 30.1, 63.56, 126.09, 63.09, 87.5, , , , , 
1/31/2020 11:16:17 AM, 3235.25, 9024.75, 1618.3, 322.9336, 219.705, 160.89, 315.312, 170.04, 237.31, 95.87, 30.1, 63.56, 126.09, 63.09, 87.5, , , , , 
1/31/2020 11:16:20 AM, 3235.5, 9027, 1618.5, 322.995, 219.7299, 160.93, 315.2101, 170.05, 237.39, 95.88, 30.1, 63.585, 126.14, 63.09, 87.4954, , , , , 
1/31/2020 11:16:23 AM, 3235.75, 9026.75, 1618.4, 322.995, 219.77, 160.93, 315.23, 170.08, 237.44, 95.88, 30.1, 63.585, 126.14, 63.09, 87.4954, , , , , 
1/31/2020 11:16:27 AM, 3236, 9025.75, 1618.6, 323.03, 219.77, 160.94, 315.14, 170.11, 237.4454, 95.88, 30.1, 63.6, 126.1448, 63.09, 87.4954, , , , , 
1/31/2020 11:16:30 AM, 3235.75, 9026.75, 1618.6, 323.03, 219.77, 160.94, 315.18, 170.1, 237.4214, 95.88, 30.1, 63.6, 126.1448, 63.09, 87.4954, , , , , 
1/31/2020 11:16:33 AM, 3236, 9028.25, 1618.7, 323.09, 219.8, 160.965, 315.2, 170.12, 237.51, 95.9, 30.1003, 63.61, 126.16, 63.09, 87.495, , , , , 
1/31/2020 11:16:36 AM, 3236.25, 9029.25, 1618.8, 323.09, 219.8101, 160.965, 315.21, 170.135, 237.4955, 95.9, 30.1003, 63.61, 126.16, 63.09, 87.495, , , , , 
1/31/2020 11:16:39 AM, 3237.25, 9031.25, 1619.1, 323.1766, 219.86, 160.995, 315.33, 170.19, 237.65, 95.94, 30.115, 63.62, 126.21, 63.09, 87.5, , , , , 
1/31/2020 11:16:42 AM, 3236.75, 9029.75, 1618.9, 323.1766, 219.86, 160.995, 315.3475, 170.2, 237.68, 95.94, 30.115, 63.62, 126.21, 63.09, 87.5, , , , , 
1/31/2020 11:16:45 AM, 3237, 9031.25, 1619, 323.17, 219.85, 160.99, 315.24, 170.18, 237.7, 95.93, 30.11, 63.625, 126.2, 63.09, 87.5, , , , , 
1/31/2020 11:16:48 AM, 3237, 9031, 1618.9, 323.17, 219.86, 160.99, 315.23, 170.1848, 237.7419, 95.93, 30.11, 63.625, 126.2, 63.09, 87.5, , , , , 
1/31/2020 11:16:51 AM, 3237, 9029.5, 1619.1, 323.1335, 219.835, 160.945, 315.1985, 170.175, 237.7, 95.93, 30.115, 63.625, 126.19, 63.09, 87.505, , , , , 
1/31/2020 11:16:54 AM, 3236.75, 9029, 1618.7, 323.1335, 219.82, 160.945, 315.2016, 170.1501, 237.7, 95.93, 30.115, 63.625, 126.19, 63.09, 87.505, , , , , 
1/31/2020 11:16:57 AM, 3237, 9030.25, 1618.9, 323.17, 219.83, 160.975, 315.21, 170.18, 237.7244, 95.93, 30.11, 63.62, 126.19, 63.09, 87.505, , , , , 
1/31/2020 11:17:00 AM, 3237.5, 9031.25, 1619.1, 323.17, 219.86, 160.975, 315.2632, 170.185, 237.63, 95.93, 30.11, 63.62, 126.19, 63.09, 87.505, , , , , 
1/31/2020 11:17:03 AM, 3237, 9030, 1618.9, 323.12, 219.86, 160.965, 315.3091, 170.1634, 237.7483, 95.92, 30.1107, 63.63, 126.19, 63.09, 87.51, , , , , 
1/31/2020 11:17:06 AM, 3237, 9030, 1618.9, 323.12, 219.83, 160.965, 315.2331, 170.155, 237.63, 95.92, 30.1107, 63.63, 126.19, 63.09, 87.51, , , , , 
1/31/2020 11:17:09 AM, 3237, 9031.25, 1619, 323.17, 219.86, 160.985, 315.3, 170.17, 237.635, 95.93, 30.1107, 63.635, 126.21, 63.09, 87.51, , , , , 
1/31/2020 11:17:12 AM, 3237.25, 9031.5, 1619.1, 323.17, 219.9, 160.99, 315.41, 170.23, 237.67, 95.945, 30.1107, 63.64, 126.23, 63.09, 87.52, , , , , 
1/31/2020 11:17:15 AM, 3237.25, 9032.75, 1619.2, 323.21, 219.9, 161, 315.41, 170.23, 237.67, 95.95, 30.1107, 63.64, 126.225, 63.09, 87.52, , , , , 
1/31/2020 11:17:18 AM, 3237.5, 9033, 1619.3, 323.18, 219.91, 161.01, 315.43, 170.24, 237.77, 95.955, 30.11, 63.645, 126.225, 63.09, 87.52, , , , , 
1/31/2020 11:17:21 AM, 3238, 9033.5, 1619.5, 323.23, 219.91, 161.025, 315.43, 170.24, 237.77, 95.965, 30.12, 63.65, 126.25, 63.09, 87.52, , , , , 
1/31/2020 11:17:24 AM, 3238, 9034, 1619.5, 323.3175, 219.98, 161.055, 315.6573, 170.2843, 237.82, 95.99, 30.12, 63.67, 126.28, 63.09, 87.52, , , , , 
1/31/2020 11:17:27 AM, 3238.75, 9035, 1620, 323.3, 219.98, 161.11, 315.6573, 170.2843, 237.82, 95.99, 30.1266, 63.66, 126.29, 63.09, 87.53, , , , , 
1/31/2020 11:17:30 AM, 3239, 9036.5, 1620.2, 323.33, 220.02, 161.1, 315.73, 170.3454, 238.0339, 96, 30.1266, 63.66, 126.3, 63.09, 87.54, , , , , 
1/31/2020 11:17:33 AM, 3239.5, 9037, 1620.5, 323.33, 220.02, 161.1, 315.73, 170.3454, 238.0339, 96, 30.1266, 63.66, 126.3, 63.09, 87.54, , , , , 
1/31/2020 11:17:36 AM, 3239.5, 9037.75, 1620.3, 323.41, 220.04, 161.125, 315.7768, 170.365, 237.885, 96.02, 30.14, 63.68, 126.32, 63.09, 87.535, , , , , 
1/31/2020 11:17:39 AM, 3239.75, 9038.25, 1620.2, 323.435, 220.04, 161.105, 315.7768, 170.365, 237.885, 96.02, 30.14, 63.68, 126.33, 63.09, 87.535, , , , , 
1/31/2020 11:17:42 AM, 3239.25, 9037, 1619.9, 323.395, 220.01, 161.075, 315.7065, 170.3218, 237.84, 96.01, 30.13, 63.68, 126.32, 63.09, 87.54, , , , , 
1/31/2020 11:17:45 AM, 3239, 9037, 1619.9, 323.36, 220.01, 161.075, 315.7065, 170.3218, 237.84, 96, 30.13, 63.68, 126.32, 63.09, 87.535, , , , , 
1/31/2020 11:17:48 AM, 3239.25, 9037.5, 1620, 323.38, 220.06, 161.075, 315.84, 170.36, 237.85, 96, 30.13, 63.675, 126.32, 63.09, 87.535, , , , , 
1/31/2020 11:17:51 AM, 3240, 9040.25, 1620.4, 323.45, 220.06, 161.12, 315.84, 170.36, 237.85, 96.04, 30.14, 63.68, 126.35, 63.09, 87.535, , , , , 
1/31/2020 11:17:54 AM, 3240, 9039.25, 1620.3, 323.48, 220.08, 161.1151, 315.8775, 170.39, 237.85, 96.03, 30.14, 63.68, 126.34, 63.09, 87.535, , , , , 
1/31/2020 11:17:57 AM, 3240.25, 9039.25, 1620.3, 323.4599, 220.08, 161.1, 315.8775, 170.39, 237.85, 96.03, 30.1443, 63.69, 126.34, 63.09, 87.535, , , , , 
1/31/2020 11:18:00 AM, 3240.5, 9041, 1620.6, 323.5, 220.12, 161.15, 315.9109, 170.44, 237.85, 96.04, 30.145, 63.69, 126.35, 63.09, 87.535, , , , , 
1/31/2020 11:18:03 AM, 3240.25, 9040.5, 1620.4, 323.44, 220.12, 161.08, 315.9109, 170.44, 237.85, 96.02, 30.14, 63.68, 126.35, 63.09, 87.54, , , , , 
1/31/2020 11:18:06 AM, 3239.75, 9039, 1620, 323.44, 220.11, 161.08, 315.83, 170.45, 237.8718, 96.02, 30.135, 63.68, 126.33, 63.09, 87.53, , , , , 
1/31/2020 11:18:09 AM, 3240.5, 9040.75, 1620.4, 323.49, 220.11, 161.12, 315.83, 170.45, 237.8718, 96.04, 30.145, 63.68, 126.34, 63.09, 87.53, , , , , 
1/31/2020 11:18:12 AM, 3240.5, 9040.75, 1620.2, 323.49, 220.11, 161.11, 315.76, 170.445, 237.915, 96.04, 30.145, 63.68, 126.34, 63.09, 87.53, , , , , 
1/31/2020 11:18:15 AM, 3240.5, 9041.5, 1620.3, 323.54, 220.11, 161.135, 315.76, 170.445, 237.915, 96.05, 30.15, 63.69, 126.35, 63.09, 87.54, , , , , 
1/31/2020 11:18:18 AM, 3241.25, 9044.5, 1621.1, 323.62, 220.23, 161.21, 315.9743, 170.51, 238.185, 96.08, 30.155, 63.695, 126.397, 63.09, 87.55, , , , , 
1/31/2020 11:18:21 AM, 3242, 9046.75, 1621.4, 323.62, 220.23, 161.21, 315.9743, 170.51, 238.185, 96.1, 30.155, 63.695, 126.39, 63.09, 87.56, , , , , 
1/31/2020 11:18:24 AM, 3241, 9043.75, 1620.7, 323.52, 220.155, 161.14, 315.9623, 170.46, 238.06, 96.06, 30.15, 63.685, 126.35, 63.09, 87.55, , , , , 
1/31/2020 11:18:27 AM, 3241, 9044.25, 1620.7, 323.59, 220.155, 161.165, 315.9623, 170.46, 238.06, 96.08, 30.155, 63.68, 126.3601, 63.09, 87.55, , , , , 
1/31/2020 11:18:31 AM, 3241.75, 9045.25, 1621, 323.64, 220.23, 161.19, 316.06, 170.5064, 238.145, 96.08, 30.16, 63.685, 126.39, 63.09, 87.55, , , , , 
1/31/2020 11:18:34 AM, 3242, 9045.5, 1621.1, 323.59, 220.23, 161.18, 316.06, 170.5064, 238.145, 96.08, 30.15, 63.685, 126.38, 63.09, 87.555, , , , , 
1/31/2020 11:18:37 AM, 3241.25, 9044, 1620.7, 323.57, 220.17, 161.15, 316.0481, 170.47, 238.15, 96.08, 30.15, 63.69, 126.38, 63.09, 87.555, , , , , 
1/31/2020 11:18:40 AM, 3241, 9043.25, 1620.6, 323.57, 220.17, 161.15, 316.0481, 170.47, 238.15, 96.0705, 30.15, 63.685, 126.38, 63.09, 87.55, , , , , 
1/31/2020 11:18:43 AM, 3241, 9043.75, 1620.7, 323.57, 220.19, 161.1562, 316.13, 170.46, 238, 96.075, 30.15, 63.68, 126.37, 63.09, 87.55, , , , , 
1/31/2020 11:18:46 AM, 3241.5, 9044.5, 1620.9, 323.59, 220.19, 161.17, 316.13, 170.46, 238, 96.08, 30.15, 63.68, 126.37, 63.09, 87.555, , , , , 
1/31/2020 11:18:49 AM, 3240.75, 9043.25, 1620.5, 323.51, 220.135, 161.13, 316.05, 170.41, 238, 96.06, 30.15, 63.68, 126.35, 63.09, 87.55, , , , , 
1/31/2020 11:18:52 AM, 3240.5, 9041.75, 1620.3, 323.518, 220.135, 161.12, 316.05, 170.41, 238, 96.06, 30.15, 63.675, 126.35, 63.09, 87.545, , , , , 
1/31/2020 11:18:55 AM, 3240.75, 9043.5, 1620.4, 323.495, 220.11, 161.1, 316.03, 170.42, 238.0044, 96.06, 30.14, 63.68, 126.37, 63.09, 87.545, , , , , 
1/31/2020 11:18:58 AM, 3240.5, 9041.5, 1620.2, 323.52, 220.11, 161.115, 316.03, 170.42, 238.0044, 96.05, 30.1447, 63.675, 126.355, 63.09, 87.545, , , , , 
1/31/2020 11:19:01 AM, 3240.5, 9042, 1620.3, 323.49, 220.16, 161.12, 316, 170.49, 238.18, 96.05, 30.135, 63.675, 126.37, 63.09, 87.545, , , , , 
1/31/2020 11:19:04 AM, 3241.5, 9045.25, 1621.2, 323.6299, 220.16, 161.205, 316, 170.49, 238.18, 96.11, 30.16, 63.69, 126.42, 63.09, 87.555, , , , , 
1/31/2020 11:19:07 AM, 3241.75, 9044.5, 1621, 323.6, 220.2, 161.17, 316.01, 170.4946, 238.1, 96.09, 30.15, 63.69, 126.38, 63.09, 87.555, , , , , 
1/31/2020 11:19:10 AM, 3242.25, 9046.75, 1621.3, 323.67, 220.28, 161.21, 316.14, 170.55, 238.23, 96.12, 30.15, 63.69, 126.4, 63.09, 87.56, , , , , 
1/31/2020 11:19:13 AM, 3242.25, 9046.75, 1621.3, 323.6622, 220.29, 161.21, 316.115, 170.5845, 238.22, 96.12, 30.16, 63.695, 126.41, 63.09, 87.56, , , , , 
1/31/2020 11:19:16 AM, 3242.5, 9048.75, 1621.6, 323.73, 220.3, 161.25, 316.1502, 170.58, 238.2569, 96.14, 30.16, 63.695, 126.43, 63.09, 87.56, , , , , 
1/31/2020 11:19:19 AM, 3242.5, 9048.75, 1621.6, 323.71, 220.31, 161.26, 316.17, 170.55, 238.32, 96.14, 30.16, 63.69, 126.43, 63.09, 87.56, , , , , 
1/31/2020 11:19:22 AM, 3242, 9047.75, 1621.6, 323.6792, 220.28, 161.25, 316.145, 170.54, 238.2885, 96.13, 30.1628, 63.685, 126.435, 63.09, 87.56, , , , , 
1/31/2020 11:19:25 AM, 3242, 9047.75, 1621.6, 323.748, 220.32, 161.26, 316.145, 170.57, 238.475, 96.15, 30.165, 63.69, 126.435, 63.09, 87.56, , , , , 
1/31/2020 11:19:28 AM, 3242.75, 9048.25, 1621.9, 323.75, 220.3019, 161.3, 316.11, 170.55, 238.5, 96.16, 30.165, 63.69, 126.455, 63.09, 87.575, , , , , 
1/31/2020 11:19:31 AM, 3242.75, 9048.25, 1621.9, 323.75, 220.2875, 161.3, 316.06, 170.5466, 238.475, 96.14, 30.165, 63.695, 126.45, 63.09, 87.575, , , , , 
1/31/2020 11:19:34 AM, 3242.5, 9048.25, 1621.7, 323.7097, 220.28, 161.26, 316.06, 170.5325, 238.24, 96.13, 30.1616, 63.7, 126.43, 63.09, 87.57, , , , , 
1/31/2020 11:19:37 AM, 3242.5, 9048.25, 1621.7, 323.68, 220.26, 161.25, 316.0202, 170.5, 238.1, 96.12, 30.16, 63.695, 126.42, 63.09, 87.57, , , , , 
1/31/2020 11:19:40 AM, 3241.5, 9045.75, 1620.7, 323.65, 220.22, 161.21, 315.97, 170.505, 238.1135, 96.11, 30.16, 63.69, 126.41, 63.09, 87.56, , , , , 
1/31/2020 11:19:43 AM, 3241.5, 9045.75, 1620.7, 323.628, 220.22, 161.14, 315.98, 170.505, 238.1135, 96.1, 30.16, 63.7, 126.3801, 63.09, 87.56, , , , , 
1/31/2020 11:19:46 AM, 3241.5, 9045.5, 1620.7, 323.63, 220.22, 161.155, 315.98, 170.4901, 238.0655, 96.105, 30.16, 63.7, 126.3801, 63.09, 87.56, , , , , 
1/31/2020 11:19:49 AM, 3241.5, 9045.5, 1620.7, 323.64, 220.2507, 161.16, 315.98, 170.5, 238.03, 96.11, 30.16, 63.69, 126.4, 63.09, 87.56, , , , , 
1/31/2020 11:19:52 AM, 3242, 9047.5, 1621, 323.66, 220.275, 161.17, 316.06, 170.5, 238.1135, 96.11, 30.16, 63.69, 126.405, 63.09, 87.56, , , , , 
1/31/2020 11:19:55 AM, 3242, 9047.5, 1621, 323.698, 220.27, 161.195, 316.1, 170.4834, 238.1559, 96.12, 30.16, 63.69, 126.405, 63.09, 87.56, , , , , 
1/31/2020 11:19:58 AM, 3242.25, 9047.25, 1620.8, 323.68, 220.27, 161.17, 316.0981, 170.47, 238.24, 96.12, 30.16, 63.69, 126.42, 63.09, 87.56, , , , , 
1/31/2020 11:20:01 AM, 3242.25, 9047.25, 1620.8, 323.65, 220.26, 161.16, 315.99, 170.455, 238.185, 96.11, 30.16, 63.69, 126.42, 63.09, 87.565, , , , , 
1/31/2020 11:20:04 AM, 3241.75, 9046.5, 1620.6, 323.595, 220.22, 161.1175, 315.95, 170.4624, 238.04, 96.1, 30.16, 63.695, 126.39, 63.09, 87.56, , , , , 
1/31/2020 11:20:07 AM, 3241, 9044.25, 1620.1, 323.58, 220.18, 161.09, 315.87, 170.44, 237.97, 96.09, 30.15, 63.69, 126.38, 63.09, 87.56, , , , , 
1/31/2020 11:20:10 AM, 3241, 9045.25, 1620.2, 323.57, 220.225, 161.1, 315.92, 170.47, 238.02, 96.09, 30.15, 63.68, 126.38, 63.09, 87.56, , , , , 
1/31/2020 11:20:13 AM, 3241, 9045.25, 1620.2, 323.56, 220.22, 161.09, 315.9259, 170.4701, 238.0625, 96.09, 30.15, 63.68, 126.38, 63.09, 87.56, , , , , 
1/31/2020 11:20:16 AM, 3241.5, 9047.25, 1620.3, 323.57, 220.242, 161.09, 316, 170.48, 238.0625, 96.09, 30.15, 63.675, 126.39, 63.09, 87.56, , , , , 
1/31/2020 11:20:19 AM, 3241.5, 9047.25, 1620.3, 323.61, 220.3, 161.135, 316.0979, 170.54, 238.28, 96.11, 30.15, 63.675, 126.4, 63.09, 87.56, , , , , 
1/31/2020 11:20:22 AM, 3241.75, 9048.25, 1620.6, 323.64, 220.295, 161.18, 316.05, 170.5303, 238.3255, 96.12, 30.15, 63.675, 126.42, 63.09, 87.56, , , , , 
1/31/2020 11:20:25 AM, 3241.75, 9048.25, 1620.6, 323.62, 220.28, 161.14, 316.0343, 170.5429, 238.32, 96.12, 30.15, 63.68, 126.42, 63.09, 87.56, , , , , 
1/31/2020 11:20:28 AM, 3241.25, 9046.75, 1620.4, 323.62, 220.26, 161.14, 316.02, 170.515, 238.27, 96.12, 30.15, 63.68, 126.42, 63.09, 87.56, , , , , 
1/31/2020 11:20:31 AM, 3241.25, 9046.75, 1620.4, 323.58, 220.225, 161.1, 315.89, 170.49, 238.26, 96.11, 30.15, 63.68, 126.39, 63.09, 87.56, , , , , 
1/31/2020 11:20:34 AM, 3240.75, 9045, 1620.1, 323.54, 220.205, 161.07, 315.9499, 170.48, 238.26, 96.09, 30.14, 63.68, 126.36, 63.09, 87.5584, , , , , 
1/31/2020 11:20:37 AM, 3240.75, 9045, 1620.1, 323.54, 220.2, 161.075, 315.89, 170.459, 238.14, 96.08, 30.14, 63.675, 126.36, 63.09, 87.5584, , , , , 
1/31/2020 11:20:40 AM, 3240.75, 9043.5, 1619.8, 323.53, 220.195, 161.075, 315.89, 170.435, 238.2046, 96.0747, 30.14, 63.675, 126.36, 63.09, 87.55, , , , , 
1/31/2020 11:20:44 AM, 3240.75, 9043.5, 1619.8, 323.515, 220.19, 161.045, 315.9, 170.45, 238.2, 96.0747, 30.14, 63.675, 126.36, 63.09, 87.55, , , , , 
1/31/2020 11:20:47 AM, 3240.75, 9043.75, 1619.6, 323.51, 220.17, 161.04, 315.8948, 170.435, 238.15, 96.0739, 30.14, 63.675, 126.36, 63.09, 87.55, , , , , 
1/31/2020 11:20:50 AM, 3240.75, 9043.75, 1619.6, 323.51, 220.19, 161.04, 315.88, 170.44, 238.13, 96.0739, 30.14, 63.675, 126.34, 63.09, 87.55, , , , , 
1/31/2020 11:20:53 AM, 3240.5, 9043.25, 1619.5, 323.51, 220.15, 161.03, 315.8, 170.4, 238.17, 96.0739, 30.14, 63.675, 126.34, 63.09, 87.55, , , , , 
1/31/2020 11:20:56 AM, 3240.5, 9043.25, 1619.5, 323.4999, 220.18, 161.025, 315.8, 170.42, 238.11, 96.05, 30.14, 63.665, 126.35, 63.09, 87.545, , , , , 
1/31/2020 11:20:59 AM, 3240.5, 9044, 1619.7, 323.51, 220.18, 161.04, 315.895, 170.43, 238.24, 96.06, 30.14, 63.67, 126.34, 63.09, 87.545, , , , , 
1/31/2020 11:21:02 AM, 3240.5, 9044, 1619.7, 323.5, 220.17, 161.03, 315.92, 170.43, 238.24, 96.06, 30.1344, 63.675, 126.34, 63.09, 87.545, , , , , 
1/31/2020 11:21:05 AM, 3240.75, 9044.25, 1619.6, 323.5, 220.1806, 161.04, 315.92, 170.43, 238.24, 96.05, 30.1344, 63.67, 126.33, 63.09, 87.545, , , , , 
1/31/2020 11:21:08 AM, 3240.75, 9044.25, 1619.6, 323.55, 220.21, 161.07, 315.95, 170.47, 238.21, 96.07, 30.135, 63.68, 126.36, 63.09, 87.545, , , , , 
1/31/2020 11:21:11 AM, 3241.25, 9046, 1619.8, 323.58, 220.23, 161.08, 315.9799, 170.46, 238.21, 96.08, 30.145, 63.69, 126.36, 63.09, 87.545, , , , , 
1/31/2020 11:21:14 AM, 3241, 9045.5, 1619.7, 323.57, 220.22, 161.05, 315.93, 170.46, 238.17, 96.07, 30.145, 63.7, 126.36, 63.09, 87.545, , , , , 
1/31/2020 11:21:17 AM, 3240.75, 9044, 1619.4, 323.57, 220.2125, 161.05, 315.8798, 170.46, 238.1948, 96.07, 30.145, 63.7, 126.36, 63.09, 87.545, , , , , 
1/31/2020 11:21:20 AM, 3241, 9044.5, 1619.6, 323.57, 220.19, 161.045, 315.88, 170.47, 238.1948, 96.07, 30.14, 63.7, 126.34, 63.09, 87.545, , , , , 
1/31/2020 11:21:23 AM, 3241.25, 9045.75, 1619.7, 323.57, 220.1962, 161.045, 315.9651, 170.48, 238.1533, 96.07, 30.14, 63.7, 126.34, 63.09, 87.545, , , , , 
1/31/2020 11:21:26 AM, 3241, 9045.75, 1619.7, 323.57, 220.22, 161.045, 315.9799, 170.5, 238.23, 96.08, 30.14, 63.7, 126.335, 63.09, 87.545, , , , , 
1/31/2020 11:21:29 AM, 3241.5, 9046.5, 1619.8, 323.57, 220.2228, 161.045, 315.9645, 170.485, 238.185, 96.08, 30.14, 63.7, 126.335, 63.09, 87.545, , , , , 
1/31/2020 11:21:32 AM, 3241.5, 9046.75, 1619.9, 323.605, 220.2517, 161.075, 316.0427, 170.5, 238.2049, 96.08, 30.1441, 63.71, 126.36, 63.09, 87.54, , , , , 
1/31/2020 11:21:35 AM, 3241.25, 9045.75, 1619.6, 323.605, 220.22, 161.075, 315.94, 170.48, 238.25, 96.08, 30.1441, 63.71, 126.36, 63.09, 87.54, , , , , 
1/31/2020 11:21:38 AM, 3241.5, 9047, 1619.9, 323.56, 220.225, 161.04, 315.975, 170.51, 238.2567, 96.08, 30.1441, 63.715, 126.36, 63.09, 87.54, , , , , 
1/31/2020 11:21:41 AM, 3241.5, 9047.25, 1619.9, 323.625, 220.25, 161.065, 316.025, 170.53, 238.31, 96.09, 30.15, 63.71, 126.36, 63.09, 87.545, , , , , 
1/31/2020 11:21:44 AM, 3241.75, 9048.5, 1620.1, 323.64, 220.29, 161.095, 316.015, 170.57, 238.33, 96.1, 30.15, 63.715, 126.37, 63.09, 87.55, , , , , 
1/31/2020 11:21:47 AM, 3241.5, 9047.75, 1619.8, 323.63, 220.2734, 161.095, 316.02, 170.62, 238.33, 96.1, 30.15, 63.71, 126.37, 63.09, 87.55, , , , , 
1/31/2020 11:21:50 AM, 3242.75, 9050.5, 1620.3, 323.705, 220.35, 161.14, 316.08, 170.68, 238.45, 96.15, 30.15, 63.71, 126.41, 63.09, 87.56, , , , , 
1/31/2020 11:21:53 AM, 3242.5, 9049.5, 1620.2, 323.7, 220.32, 161.13, 316.0748, 170.6373, 238.4516, 96.14, 30.155, 63.71, 126.39, 63.09, 87.56, , , , , 
1/31/2020 11:21:56 AM, 3242.25, 9049.25, 1620.2, 323.705, 220.33, 161.11, 316.0209, 170.66, 238.444, 96.14, 30.1574, 63.71, 126.39, 63.09, 87.56, , , , , 
1/31/2020 11:21:59 AM, 3242.25, 9049, 1620.1, 323.68, 220.33, 161.095, 316, 170.65, 238.5453, 96.13, 30.15, 63.71, 126.38, 63.09, 87.56, , , , , 
1/31/2020 11:22:02 AM, 3242.75, 9050.5, 1620.7, 323.72, 220.339, 161.15, 316.02, 170.64, 238.5156, 96.15, 30.16, 63.71, 126.39, 63.09, 87.56, , , , , 
1/31/2020 11:22:05 AM, 3243.25, 9052.25, 1621.2, 323.78, 220.37, 161.195, 316.06, 170.681, 238.5156, 96.16, 30.16, 63.72, 126.41, 63.09, 87.5664, , , , , 
1/31/2020 11:22:08 AM, 3242.75, 9050.75, 1620.4, 323.74, 220.36, 161.14, 316.02, 170.67, 238.6499, 96.16, 30.16, 63.705, 126.42, 63.09, 87.5664, , , , , 
1/31/2020 11:22:11 AM, 3242.75, 9051, 1620.4, 323.75, 220.37, 161.15, 316.0011, 170.69, 238.551, 96.16, 30.16, 63.705, 126.42, 63.09, 87.5664, , , , , 
1/31/2020 11:22:14 AM, 3243, 9052.75, 1620.5, 323.78, 220.4, 161.135, 316.04, 170.695, 238.64, 96.16, 30.17, 63.705, 126.41, 63.09, 87.5664, , , , , 
1/31/2020 11:22:17 AM, 3243.5, 9052.75, 1620.5, 323.8, 220.4, 161.135, 316.11, 170.68, 238.67, 96.16, 30.17, 63.7, 126.41, 63.09, 87.5664, , , , , 
1/31/2020 11:22:20 AM, 3243.25, 9052.5, 1620.7, 323.79, 220.4, 161.16, 316.12, 170.69, 238.6662, 96.16, 30.1674, 63.708, 126.425, 63.09, 87.5664, , , , , 
1/31/2020 11:22:23 AM, 3242.5, 9051.25, 1620.3, 323.74, 220.37, 161.15, 316.065, 170.66, 238.65, 96.15, 30.16, 63.7, 126.425, 63.09, 87.5664, , , , , 
1/31/2020 11:22:26 AM, 3242.5, 9050.25, 1620.3, 323.72, 220.3564, 161.125, 316.05, 170.66, 238.64, 96.14, 30.17, 63.69, 126.4, 63.09, 87.5664, , , , , 
1/31/2020 11:22:29 AM, 3242.75, 9051, 1620.3, 323.73, 220.35, 161.11, 316.025, 170.65, 238.561, 96.14, 30.155, 63.69, 126.4, 63.09, 87.5664, , , , , 
1/31/2020 11:22:32 AM, 3242.75, 9051, 1620.2, 323.73, 220.35, 161.1, 316.01, 170.68, 238.561, 96.1456, 30.16, 63.69, 126.4, 63.09, 87.5664, , , , , 
1/31/2020 11:22:35 AM, 3242, 9049, 1619.9, 323.69, 220.32, 161.08, 315.9778, 170.68, 238.57, 96.13, 30.15, 63.6899, 126.38, 63.09, 87.565, , , , , 
1/31/2020 11:22:38 AM, 3242, 9048.25, 1619.7, 323.66, 220.3, 161.055, 315.965, 170.645, 238.39, 96.12, 30.15, 63.685, 126.37, 63.09, 87.565, , , , , 
1/31/2020 11:22:41 AM, 3241.75, 9047.5, 1619.6, 323.66, 220.26, 161.05, 315.94, 170.62, 238.39, 96.11, 30.15, 63.685, 126.36, 63.09, 87.56, , , , , 
1/31/2020 11:22:44 AM, 3242.5, 9049.25, 1619.8, 323.7166, 220.31, 161.09, 315.97, 170.65, 238.47, 96.12, 30.16, 63.7, 126.38, 63.09, 87.56, , , , , 
1/31/2020 11:22:47 AM, 3242.25, 9048, 1619.8, 323.71, 220.28, 161.07, 315.95, 170.64, 238.5, 96.12, 30.165, 63.7, 126.38, 63.09, 87.56, , , , , 
1/31/2020 11:22:50 AM, 3242, 9047, 1619.5, 323.67, 220.29, 161.05, 315.8846, 170.61, 238.465, 96.12, 30.16, 63.7, 126.38, 63.09, 87.56, , , , , 
1/31/2020 11:22:53 AM, 3242, 9047.75, 1619.5, 323.66, 220.28, 161.04, 315.92, 170.5922, 238.39, 96.11, 30.15, 63.7, 126.38, 63.09, 87.56, , , , , 
1/31/2020 11:22:56 AM, 3241.75, 9047.5, 1619.6, 323.65, 220.26, 161.04, 315.9, 170.6, 238.44, 96.11, 30.15, 63.7, 126.38, 63.09, 87.56, , , , , 
1/31/2020 11:23:00 AM, 3242, 9047.5, 1619.8, 323.6799, 220.27, 161.06, 315.64, 170.5926, 238.44, 96.09, 30.15, 63.71, 126.38, 63.09, 87.56, , , , , 
1/31/2020 11:23:03 AM, 3242.25, 9048, 1619.7, 323.67, 220.26, 161.04, 315.69, 170.6025, 238.44, 96.09, 30.15, 63.71, 126.38, 63.09, 87.56, , , , , 
1/31/2020 11:23:06 AM, 3242.25, 9048.25, 1619.8, 323.685, 220.29, 161.06, 315.74, 170.5818, 238.45, 96.11, 30.1526, 63.72, 126.39, 63.09, 87.56, , , , , 
1/31/2020 11:23:09 AM, 3242.5, 9048.5, 1619.9, 323.72, 220.33, 161.09, 315.83, 170.615, 238.45, 96.115, 30.16, 63.72, 126.4, 63.09, 87.56, , , , , 
1/31/2020 11:23:12 AM, 3242.5, 9049.25, 1619.8, 323.71, 220.29, 161.065, 315.82, 170.56, 238.45, 96.11, 30.16, 63.72, 126.39, 63.09, 87.56, , , , , 
1/31/2020 11:23:15 AM, 3242.5, 9048.25, 1619.6, 323.7, 220.29, 161.05, 315.725, 170.56, 238.45, 96.11, 30.16, 63.72, 126.4, 63.09, 87.56, , , , , 
1/31/2020 11:23:18 AM, 3242.5, 9048.25, 1619.8, 323.705, 220.2958, 161.06, 315.74, 170.57, 238.45, 96.1, 30.155, 63.72, 126.4, 63.09, 87.56, , , , , 
1/31/2020 11:23:21 AM, 3241.75, 9045.5, 1619.5, 323.63, 220.26, 161.04, 315.67, 170.53, 238.44, 96.09, 30.15, 63.72, 126.39, 63.09, 87.56, , , , , 
1/31/2020 11:23:24 AM, 3241.5, 9045.25, 1619.4, 323.63, 220.2044, 161.02, 315.57, 170.51, 238.33, 96.05, 30.15, 63.71, 126.37, 63.09, 87.56, , , , , 
1/31/2020 11:23:27 AM, 3241.75, 9045.5, 1619.5, 323.634, 220.21, 161.04, 315.615, 170.5249, 238.33, 96.06, 30.15, 63.715, 126.37, 63.09, 87.56, , , , , 
1/31/2020 11:23:30 AM, 3241.75, 9046.5, 1619.7, 323.645, 220.24, 161.05, 315.65, 170.54, 238.34, 96.07, 30.145, 63.7101, 126.38, 63.09, 87.56, , , , , 
1/31/2020 11:23:33 AM, 3242.25, 9048, 1620, 323.685, 220.2701, 161.1, 315.76, 170.56, 238.42, 96.07, 30.155, 63.7101, 126.39, 63.09, 87.56, , , , , 
1/31/2020 11:23:36 AM, 3242.25, 9048, 1620, 323.685, 220.2701, 161.1, 315.76, 170.56, 238.42, 96.07, 30.155, 63.7101, 126.39, 63.09, 87.56, , , , , 
1/31/2020 11:23:39 AM, 3242.25, 9047.5, 1619.8, 323.67, 220.26, 161.05, 315.755, 170.555, 238.4447, 96.07, 30.155, 63.71, 126.39, 63.09, 87.57, , , , , 
1/31/2020 11:23:42 AM, 3241.75, 9045.25, 1619.4, 323.61, 220.23, 161.01, 315.745, 170.53, 238.39, 96.06, 30.15, 63.7, 126.38, 63.09, 87.57, , , , , 
1/31/2020 11:23:45 AM, 3241.5, 9044.75, 1619.3, 323.61, 220.23, 161.01, 315.745, 170.53, 238.39, 96.06, 30.15, 63.7, 126.38, 63.09, 87.57, , , , , 
1/31/2020 11:23:48 AM, 3241, 9043.25, 1619.3, 323.59, 220.19, 161.03, 315.6962, 170.5166, 238.29, 96.05, 30.1422, 63.695, 126.37, 63.09, 87.56, , , , , 
1/31/2020 11:23:51 AM, 3241.25, 9044.5, 1619.5, 323.59, 220.19, 161.03, 315.6962, 170.5166, 238.29, 96.05, 30.1422, 63.695, 126.37, 63.09, 87.56, , , , , 
1/31/2020 11:23:54 AM, 3241.75, 9045.5, 1619.7, 323.6, 220.21, 161.04, 315.82, 170.53, 238.3645, 96.06, 30.145, 63.7, 126.39, 63.09, 87.56, , , , , 
1/31/2020 11:23:57 AM, 3241.25, 9044.75, 1619.7, 323.6, 220.21, 161.04, 315.82, 170.53, 238.3645, 96.06, 30.145, 63.7, 126.39, 63.09, 87.56, , , , , 
1/31/2020 11:24:00 AM, 3241.5, 9044.5, 1619.3, 323.58, 220.188, 161, 315.71, 170.51, 238.26, 96.051, 30.14, 63.7, 126.39, 63.09, 87.56, , , , , 
1/31/2020 11:24:03 AM, 3241.25, 9043, 1619.2, 323.58, 220.188, 161, 315.71, 170.51, 238.26, 96.051, 30.14, 63.7, 126.39, 63.09, 87.56, , , , , 
1/31/2020 11:24:06 AM, 3241, 9041.75, 1619.1, 323.54, 220.14, 160.985, 315.7, 170.495, 238.176, 96.03, 30.14, 63.69, 126.34, 63.09, 87.56, , , , , 
1/31/2020 11:24:09 AM, 3240.75, 9041.75, 1619, 323.54, 220.14, 160.985, 315.7, 170.495, 238.176, 96.03, 30.14, 63.69, 126.34, 63.09, 87.56, , , , , 
1/31/2020 11:24:12 AM, 3240.5, 9041.25, 1618.9, 323.49, 220.092, 160.96, 315.61, 170.45, 238.14, 96.02, 30.13, 63.69, 126.32, 63.09, 87.55, , , , , 
1/31/2020 11:24:15 AM, 3240.5, 9040, 1618.7, 323.49, 220.092, 160.96, 315.61, 170.45, 238.14, 96.02, 30.13, 63.69, 126.32, 63.09, 87.55, , , , , 
1/31/2020 11:24:18 AM, 3240.25, 9039.75, 1618.7, 323.497, 220.1, 160.955, 315.6188, 170.44, 238.06, 96.02, 30.14, 63.69, 126.32, 63.09, 87.55, , , , , 
1/31/2020 11:24:21 AM, 3240.5, 9040.25, 1618.8, 323.51, 220.1, 160.97, 315.6188, 170.44, 238.06, 96.01, 30.14, 63.685, 126.32, 63.09, 87.55, , , , , 
1/31/2020 11:24:24 AM, 3240.5, 9041.25, 1619.1, 323.53, 220.1221, 160.995, 315.63, 170.445, 238.13, 96.02, 30.14, 63.685, 126.34, 63.09, 87.55, , , , , 
1/31/2020 11:24:27 AM, 3240.75, 9041.5, 1619.1, 323.53, 220.1221, 160.995, 315.63, 170.445, 238.13, 96.02, 30.14, 63.685, 126.34, 63.09, 87.55, , , , , 
1/31/2020 11:24:30 AM, 3240.5, 9040.5, 1619, 323.51, 220.09, 160.975, 315.6616, 170.4288, 238.06, 96.02, 30.14, 63.69, 126.34, 63.09, 87.55, , , , , 
1/31/2020 11:24:33 AM, 3240.5, 9040.25, 1618.9, 323.51, 220.09, 160.975, 315.6616, 170.4288, 238.06, 96.02, 30.14, 63.69, 126.34, 63.09, 87.55, , , , , 
1/31/2020 11:24:36 AM, 3240.5, 9039.75, 1618.8, 323.4754, 220.07, 160.965, 315.6246, 170.405, 238.13, 96.01, 30.135, 63.685, 126.32, 63.09, 87.55, , , , , 
1/31/2020 11:24:39 AM, 3240, 9039.25, 1618.9, 323.4754, 220.07, 160.965, 315.6246, 170.405, 238.13, 96.01, 30.135, 63.685, 126.32, 63.09, 87.55, , , , , 
1/31/2020 11:24:42 AM, 3240.25, 9040, 1619, 323.455, 220.06, 160.95, 315.6, 170.4042, 238.04, 95.9964, 30.13, 63.68, 126.3, 63.09, 87.545, , , , , 
1/31/2020 11:24:45 AM, 3239.75, 9039, 1618.7, 323.455, 220.06, 160.95, 315.6, 170.4042, 238.04, 95.9964, 30.13, 63.68, 126.3, 63.09, 87.545, , , , , 
1/31/2020 11:24:48 AM, 3239.75, 9039, 1618.8, 323.4471, 220.06, 160.95, 315.68, 170.4038, 238.05, 96, 30.13, 63.675, 126.3, 63.09, 87.545, , , , , 
1/31/2020 11:24:51 AM, 3239.75, 9038.25, 1618.8, 323.4471, 220.06, 160.95, 315.68, 170.4038, 238.05, 96, 30.13, 63.675, 126.3, 63.09, 87.545, , , , , 
1/31/2020 11:24:54 AM, 3239.5, 9038.5, 1618.7, 323.45, 220.0636, 160.965, 315.66, 170.41, 238.0837, 96, 30.13, 63.675, 126.3, 63.09, 87.545, , , , , 
1/31/2020 11:24:58 AM, 3239.75, 9039.75, 1618.9, 323.45, 220.0636, 160.965, 315.66, 170.41, 238.0837, 96, 30.13, 63.675, 126.3, 63.09, 87.545, , , , , 
1/31/2020 11:25:01 AM, 3239.25, 9037.75, 1618.6, 323.395, 220.0301, 160.96, 315.5134, 170.39, 238, 95.99, 30.13, 63.675, 126.29, 63.09, 87.545, , , , , 
1/31/2020 11:25:04 AM, 3239.25, 9037.25, 1618.6, 323.395, 220.0301, 160.96, 315.5134, 170.39, 238, 95.99, 30.13, 63.675, 126.29, 63.09, 87.545, , , , , 
1/31/2020 11:25:07 AM, 3239.25, 9035, 1618.4, 323.37, 219.97, 160.93, 315.4211, 170.3401, 237.93, 95.96, 30.13, 63.67, 126.25, 63.09, 87.54, , , , , 
1/31/2020 11:25:10 AM, 3239, 9035.75, 1618.4, 323.37, 219.97, 160.93, 315.4211, 170.3401, 237.93, 95.96, 30.13, 63.67, 126.25, 63.09, 87.54, , , , , 
1/31/2020 11:25:13 AM, 3239.25, 9036, 1618.7, 323.31, 219.94, 160.92, 315.37, 170.34, 237.81, 95.9419, 30.13, 63.66, 126.24, 63.09, 87.54, , , , , 
1/31/2020 11:25:16 AM, 3238.5, 9033.5, 1618.3, 323.31, 219.94, 160.92, 315.37, 170.34, 237.81, 95.9419, 30.13, 63.66, 126.24, 63.09, 87.54, , , , , 
1/31/2020 11:25:19 AM, 3238, 9032.75, 1618.2, 323.27, 219.911, 160.91, 315.34, 170.32, 237.81, 95.935, 30.1144, 63.655, 126.23, 63.09, 87.54, , , , , 
1/31/2020 11:25:22 AM, 3237.75, 9032.5, 1618.2, 323.27, 219.911, 160.91, 315.34, 170.32, 237.81, 95.935, 30.1144, 63.655, 126.23, 63.09, 87.54, , , , , 
1/31/2020 11:25:25 AM, 3238, 9033.25, 1618.5, 323.22, 219.91, 160.9, 315.31, 170.32, 237.83, 95.9305, 30.11, 63.64, 126.225, 63.09, 87.54, , , , , 
1/31/2020 11:25:28 AM, 3237.5, 9032.75, 1618.2, 323.22, 219.91, 160.9, 315.31, 170.32, 237.83, 95.9305, 30.11, 63.64, 126.225, 63.09, 87.54, , , , , 
1/31/2020 11:25:31 AM, 3237.5, 9033, 1618.3, 323.26, 219.93, 160.94, 315.32, 170.355, 237.875, 95.94, 30.11, 63.64, 126.23, 63.09, 87.5384, , , , , 
1/31/2020 11:25:34 AM, 3237.75, 9033.5, 1618.6, 323.26, 219.93, 160.94, 315.32, 170.355, 237.875, 95.94, 30.11, 63.64, 126.23, 63.09, 87.5384, , , , , 
1/31/2020 11:25:37 AM, 3237.5, 9032.5, 1618.3, 323.26, 219.935, 160.945, 315.36, 170.34, 237.89, 95.94, 30.11, 63.63, 126.23, 63.09, 87.5384, , , , , 
1/31/2020 11:25:40 AM, 3238, 9034.75, 1618.7, 323.26, 219.935, 160.945, 315.36, 170.34, 237.89, 95.94, 30.11, 63.63, 126.23, 63.09, 87.5384, , , , , 
1/31/2020 11:25:43 AM, 3238.25, 9035.5, 1618.9, 323.38, 220.02, 161.015, 315.46, 170.3901, 238.05, 96, 30.12, 63.65, 126.29, 63.09, 87.54, , , , , 
1/31/2020 11:25:46 AM, 3239.25, 9037.75, 1619.3, 323.38, 220.02, 161.015, 315.46, 170.3901, 238.05, 96, 30.12, 63.65, 126.29, 63.09, 87.54, , , , , 
1/31/2020 11:25:49 AM, 3239.75, 9039.5, 1619.6, 323.45, 220.0821, 161.055, 315.5594, 170.4496, 238.06, 96.0176, 30.14, 63.665, 126.31, 63.09, 87.555, , , , , 
1/31/2020 11:25:52 AM, 3239.5, 9038.75, 1619.1, 323.42, 220.07, 161.015, 315.49, 170.43, 238.09, 96.01, 30.14, 63.66, 126.31, 63.09, 87.55, , , , , 
1/31/2020 11:25:55 AM, 3239.5, 9038.75, 1619.1, 323.42, 220.05, 161.015, 315.54, 170.43, 238.07, 96.01, 30.14, 63.66, 126.31, 63.09, 87.55, , , , , 
1/31/2020 11:25:58 AM, 3239.25, 9038.5, 1619.1, 323.417, 220.05, 160.99, 315.614, 170.425, 238.07, 96, 30.13, 63.66, 126.29, 63.09, 87.55, , , , , 
1/31/2020 11:26:01 AM, 3239.25, 9038.5, 1619.1, 323.35, 220.01, 160.95, 315.59, 170.405, 238.035, 95.98, 30.125, 63.65, 126.27, 63.09, 87.55, , , , , 
1/31/2020 11:26:04 AM, 3238.75, 9035, 1618.5, 323.34, 220.01, 160.94, 315.5736, 170.375, 237.98, 95.98, 30.125, 63.65, 126.27, 63.09, 87.55, , , , , 
1/31/2020 11:26:07 AM, 3238.75, 9035, 1618.5, 323.31, 219.97, 160.93, 315.5468, 170.3537, 237.91, 95.97, 30.12, 63.645, 126.25, 63.09, 87.54, , , , , 
1/31/2020 11:26:10 AM, 3237.75, 9035.75, 1618.4, 323.32, 220, 160.95, 315.575, 170.38, 237.9382, 95.9749, 30.12, 63.635, 126.25, 63.09, 87.54, , , , , 
1/31/2020 11:26:13 AM, 3237.75, 9035.75, 1618.4, 323.26, 219.97, 160.92, 315.5, 170.34, 237.93, 95.96, 30.11, 63.6314, 126.245, 63.09, 87.54, , , , , 
1/31/2020 11:26:16 AM, 3238.25, 9037, 1618.8, 323.28, 219.9687, 160.95, 315.53, 170.36, 237.965, 95.97, 30.11, 63.6314, 126.25, 63.09, 87.53, , , , , 
1/31/2020 11:26:19 AM, 3238.25, 9037, 1618.8, 323.3266, 220.0366, 160.98, 315.61, 170.3899, 237.965, 95.99, 30.12, 63.635, 126.27, 63.09, 87.53, , , , , 
1/31/2020 11:26:22 AM, 3238, 9036.5, 1618.7, 323.265, 220.0001, 160.95, 315.5347, 170.36, 237.995, 95.97, 30.11, 63.63, 126.27, 63.09, 87.53, , , , , 
1/31/2020 11:26:25 AM, 3238, 9036.5, 1618.7, 323.23, 219.98, 160.92, 315.4996, 170.34, 237.995, 95.97, 30.11, 63.625, 126.27, 63.09, 87.5346, , , , , 
1/31/2020 11:26:28 AM, 3237.75, 9035.75, 1618.6, 323.235, 219.98, 160.96, 315.52, 170.34, 238.04, 95.97, 30.11, 63.63, 126.25, 63.09, 87.5346, , , , , 
1/31/2020 11:26:31 AM, 3237.75, 9035.75, 1618.6, 323.24, 219.98, 160.94, 315.4913, 170.3354, 237.8791, 95.96, 30.11, 63.62, 126.2398, 63.09, 87.53, , , , , 
1/31/2020 11:26:34 AM, 3237.5, 9034.75, 1618.3, 323.22, 219.98, 160.92, 315.557, 170.34, 237.9805, 95.97, 30.11, 63.625, 126.2398, 63.09, 87.53, , , , , 
1/31/2020 11:26:37 AM, 3237.5, 9034.75, 1618.3, 323.23, 219.97, 160.94, 315.58, 170.3132, 237.92, 95.97, 30.11, 63.625, 126.2398, 63.09, 87.53, , , , , 
1/31/2020 11:26:40 AM, 3237.75, 9036.75, 1618.6, 323.2692, 219.98, 160.955, 315.645, 170.36, 237.92, 95.99, 30.11, 63.62, 126.22, 63.09, 87.54, , , , , 
1/31/2020 11:26:43 AM, 3237.75, 9036.75, 1618.6, 323.31, 220.05, 161, 315.64, 170.38, 238.05, 96, 30.115, 63.62, 126.25, 63.09, 87.55, , , , , 
1/31/2020 11:26:46 AM, 3239, 9039.5, 1619.3, 323.35, 220.07, 161.015, 315.71, 170.4, 238.1, 96.02, 30.12, 63.64, 126.26, 63.09, 87.55, , , , , 
1/31/2020 11:26:49 AM, 3239, 9039.5, 1619.3, 323.38, 220.08, 161.015, 315.72, 170.41, 238.16, 96.02, 30.12, 63.64, 126.27, 63.09, 87.55, , , , , 
1/31/2020 11:26:52 AM, 3238.75, 9039.25, 1619.2, 323.355, 220.0754, 160.995, 315.6252, 170.415, 238.085, 96.02, 30.12, 63.645, 126.27, 63.09, 87.55, , , , , 
1/31/2020 11:26:55 AM, 3238.75, 9039.25, 1619.2, 323.33, 220.05, 160.98, 315.57, 170.4, 238.085, 96.01, 30.12, 63.64, 126.27, 63.09, 87.54, , , , , 
1/31/2020 11:26:58 AM, 3239, 9039.5, 1619.2, 323.36, 220.06, 161, 315.6265, 170.41, 238.103, 96.02, 30.12, 63.64, 126.27, 63.09, 87.54, , , , , 
1/31/2020 11:27:01 AM, 3239, 9039.5, 1619.2, 323.395, 220.095, 161.02, 315.7399, 170.425, 238.103, 96.025, 30.12, 63.65, 126.27, 63.09, 87.54, , , , , 
1/31/2020 11:27:04 AM, 3239, 9038.75, 1619.1, 323.35, 220.0601, 161, 315.6699, 170.395, 238.17, 96.02, 30.12, 63.645, 126.27, 63.09, 87.54, , , , , 
1/31/2020 11:27:07 AM, 3239, 9038.75, 1619.1, 323.34, 220.05, 161, 315.66, 170.39, 238.068, 96.02, 30.12, 63.645, 126.26, 63.09, 87.54, , , , , 
1/31/2020 11:27:11 AM, 3238.75, 9039, 1619, 323.33, 220.06, 160.99, 315.654, 170.39, 238.05, 96.01, 30.12, 63.635, 126.26, 63.09, 87.54, , , , , 
1/31/2020 11:27:14 AM, 3238.75, 9039, 1619, 323.38, 220.09, 161.02, 315.682, 170.41, 238.0411, 96.01, 30.12, 63.655, 126.26, 63.09, 87.54, , , , , 
1/31/2020 11:27:17 AM, 3239, 9039, 1619.1, 323.36, 220.075, 161.02, 315.7, 170.385, 238.0829, 96.01, 30.12, 63.65, 126.28, 63.09, 87.54, , , , , 
1/31/2020 11:27:20 AM, 3239, 9039, 1619.1, 323.36, 220.06, 160.98, 315.7, 170.38, 238.0829, 96, 30.12, 63.65, 126.28, 63.09, 87.54, , , , , 
1/31/2020 11:27:23 AM, 3239.25, 9040.25, 1619.1, 323.38, 220.0901, 161.005, 315.7332, 170.39, 238.0756, 96.015, 30.12, 63.65, 126.27, 63.09, 87.54, , , , , 
1/31/2020 11:27:26 AM, 3239.25, 9040.25, 1619.1, 323.4, 220.115, 161.01, 315.8, 170.4035, 238.12, 96.02, 30.12, 63.65, 126.28, 63.09, 87.54, , , , , 
1/31/2020 11:27:29 AM, 3239.75, 9042.75, 1619.4, 323.44, 220.14, 161.03, 315.8878, 170.44, 238.1346, 96.04, 30.13, 63.65, 126.31, 63.09, 87.54, , , , , 
1/31/2020 11:27:32 AM, 3239.75, 9042.75, 1619.4, 323.39, 220.11, 161.03, 315.77, 170.425, 238.0996, 96.02, 30.12, 63.655, 126.3, 63.09, 87.54, , , , , 
1/31/2020 11:27:35 AM, 3239.5, 9041.25, 1619.4, 323.4, 220.09, 161.015, 315.76, 170.4, 238.04, 96.02, 30.12, 63.655, 126.29, 63.09, 87.535, , , , , 
1/31/2020 11:27:38 AM, 3239.5, 9041.25, 1619.4, 323.41, 220.13, 161.03, 315.8599, 170.4129, 238.04, 96.02, 30.12, 63.655, 126.31, 63.09, 87.535, , , , , 
1/31/2020 11:27:41 AM, 3239.75, 9041.5, 1619.5, 323.42, 220.11, 161.025, 315.81, 170.4142, 238.04, 96.02, 30.125, 63.655, 126.31, 63.09, 87.54, , , , , 
1/31/2020 11:27:44 AM, 3240.5, 9044.25, 1620.1, 323.5, 220.15, 161.1, 315.84, 170.44, 238.04, 96.0335, 30.13, 63.66, 126.3305, 63.09, 87.55, , , , , 
1/31/2020 11:27:47 AM, 3240.5, 9044, 1620.3, 323.53, 220.2, 161.14, 315.88, 170.47, 238.275, 96.0613, 30.13, 63.66, 126.36, 63.09, 87.55, , , , , 
1/31/2020 11:27:50 AM, 3240.5, 9043.25, 1620.2, 323.5, 220.2, 161.11, 315.8737, 170.46, 238.2868, 96.055, 30.13, 63.67, 126.36, 63.09, 87.55, , , , , 
1/31/2020 11:27:53 AM, 3240.25, 9043, 1620.3, 323.5, 220.16, 161.1, 315.82, 170.44, 238.27, 96.05, 30.13, 63.67, 126.36, 63.09, 87.55, , , , , 
1/31/2020 11:27:56 AM, 3240, 9042.5, 1620.1, 323.47, 220.1593, 161.08, 315.82, 170.44, 238.14, 96.05, 30.13, 63.67, 126.34, 63.09, 87.55, , , , , 
1/31/2020 11:27:59 AM, 3240.25, 9042.75, 1619.9, 323.48, 220.14, 161.075, 315.79, 170.44, 238.155, 96.04, 30.13, 63.665, 126.34, 63.09, 87.5499, , , , , 
1/31/2020 11:28:02 AM, 3239.75, 9041.75, 1619.6, 323.45, 220.14, 161.04, 315.78, 170.41, 238.1441, 96.0246, 30.12, 63.67, 126.34, 63.09, 87.54, , , , , 
1/31/2020 11:28:05 AM, 3239.25, 9040, 1619.2, 323.4, 220.11, 161.02, 315.75, 170.41, 238.04, 96.0264, 30.12, 63.64, 126.32, 63.09, 87.54, , , , , 
1/31/2020 11:28:08 AM, 3238.75, 9038.5, 1619.1, 323.33, 220.06, 160.98, 315.71, 170.36, 238.0629, 96, 30.1112, 63.635, 126.29, 63.09, 87.54, , , , , 
1/31/2020 11:28:11 AM, 3238.5, 9038, 1618.8, 323.31, 220.03, 160.96, 315.6825, 170.35, 237.9505, 96, 30.11, 63.64, 126.29, 63.09, 87.54, , , , , 
1/31/2020 11:28:14 AM, 3237.75, 9034.75, 1618.4, 323.256, 220.01, 160.95, 315.6409, 170.32, 237.87, 95.97, 30.11, 63.64, 126.27, 63.09, 87.53, , , , , 
1/31/2020 11:28:17 AM, 3237.75, 9035.25, 1618.3, 323.245, 220, 160.92, 315.67, 170.3, 237.86, 95.98, 30.1046, 63.64, 126.26, 63.09, 87.53, , , , , 
1/31/2020 11:28:20 AM, 3238, 9036, 1618.4, 323.26, 219.98, 160.92, 315.65, 170.29, 237.89, 95.98, 30.1046, 63.64, 126.26, 63.09, 87.53, , , , , 
1/31/2020 11:28:23 AM, 3238.25, 9036, 1618.6, 323.29, 220.01, 160.95, 315.72, 170.307, 237.93, 95.98, 30.11, 63.645, 126.27, 63.09, 87.53, , , , , 
1/31/2020 11:28:26 AM, 3238.25, 9036.75, 1618.6, 323.28, 220, 160.93, 315.7026, 170.295, 237.86, 95.98, 30.11, 63.645, 126.27, 63.09, 87.53, , , , , 
1/31/2020 11:28:29 AM, 3237.75, 9035, 1618.2, 323.2617, 220.01, 160.92, 315.681, 170.2981, 237.86, 95.98, 30.1077, 63.64, 126.27, 63.09, 87.53, , , , , 
1/31/2020 11:28:32 AM, 3237.25, 9033.75, 1618.1, 323.215, 219.96, 160.9, 315.5401, 170.28, 237.76, 95.9585, 30.1, 63.63, 126.26, 63.09, 87.53, , , , , 
1/31/2020 11:28:35 AM, 3237.75, 9035, 1618.5, 323.23, 219.97, 160.94, 315.59, 170.285, 237.76, 95.9585, 30.1, 63.63, 126.26, 63.09, 87.53, , , , , 
1/31/2020 11:28:38 AM, 3237.5, 9034.5, 1618.4, 323.225, 219.97, 160.92, 315.585, 170.2674, 237.7947, 95.9585, 30.105, 63.635, 126.2537, 63.09, 87.53, , , , , 
1/31/2020 11:28:41 AM, 3237.75, 9035.25, 1618.4, 323.255, 219.97, 160.94, 315.62, 170.2825, 237.82, 95.96, 30.105, 63.635, 126.26, 63.09, 87.53, , , , , 
1/31/2020 11:28:44 AM, 3237.5, 9035, 1618.5, 323.24, 219.96, 160.92, 315.5999, 170.29, 237.8, 95.95, 30.105, 63.63, 126.26, 63.09, 87.53, , , , , 
1/31/2020 11:28:47 AM, 3237, 9032.75, 1618.2, 323.185, 219.92, 160.91, 315.5, 170.25, 237.7, 95.9321, 30.1, 63.63, 126.24, 63.09, 87.53, , , , , 
1/31/2020 11:28:50 AM, 3236.5, 9031, 1618.1, 323.1334, 219.905, 160.9, 315.4999, 170.24, 237.64, 95.92, 30.0925, 63.63, 126.22, 63.09, 87.53, , , , , 
1/31/2020 11:28:53 AM, 3236.5, 9030.75, 1618.1, 323.09, 219.8862, 160.89, 315.459, 170.21, 237.62, 95.915, 30.09, 63.625, 126.2, 63.09, 87.53, , , , , 
1/31/2020 11:28:56 AM, 3236.25, 9029.75, 1618, 323.1, 219.87, 160.905, 315.47, 170.19, 237.56, 95.91, 30.09, 63.62, 126.2, 63.09, 87.52, , , , , 
1/31/2020 11:28:59 AM, 3236, 9028.75, 1617.9, 323.11, 219.87, 160.905, 315.54, 170.188, 237.61, 95.91, 30.09, 63.62, 126.21, 63.09, 87.52, , , , , 
1/31/2020 11:29:02 AM, 3236, 9028.75, 1618.1, 323.04, 219.8, 160.88, 315.395, 170.14, 237.54, 95.88, 30.085, 63.61, 126.19, 63.09, 87.51, , , , , 
1/31/2020 11:29:05 AM, 3236.5, 9030.5, 1618.3, 323.11, 219.86, 160.91, 315.4646, 170.1479, 237.52, 95.9021, 30.09, 63.61, 126.21, 63.09, 87.52, , , , , 
1/31/2020 11:29:08 AM, 3236.5, 9031, 1618.4, 323.13, 219.88, 160.92, 315.47, 170.16, 237.627, 95.9021, 30.09, 63.61, 126.22, 63.09, 87.52, , , , , 
1/31/2020 11:29:11 AM, 3236.75, 9031.5, 1618.5, 323.16, 219.9, 160.945, 315.48, 170.16, 237.64, 95.91, 30.1, 63.61, 126.22, 63.09, 87.52, , , , , 
1/31/2020 11:29:14 AM, 3236.25, 9029.25, 1618.1, 323.11, 219.85, 160.91, 315.415, 170.12, 237.51, 95.89, 30.09, 63.615, 126.22, 63.09, 87.52, , , , , 
1/31/2020 11:29:17 AM, 3236.5, 9030.25, 1618.2, 323.11, 219.845, 160.9, 315.4233, 170.1101, 237.51, 95.89, 30.09, 63.615, 126.2, 63.09, 87.52, , , , , 
1/31/2020 11:29:21 AM, 3236.75, 9030.75, 1618.4, 323.13, 219.86, 160.925, 315.4604, 170.14, 237.53, 95.9, 30.1, 63.615, 126.2, 63.09, 87.515, , , , , 
1/31/2020 11:29:24 AM, 3237, 9031.5, 1618.5, 323.15, 219.9, 160.94, 315.533, 170.175, 237.58, 95.915, 30.1, 63.62, 126.21, 63.09, 87.515, , , , , 
1/31/2020 11:29:27 AM, 3237, 9032.5, 1618.6, 323.155, 219.8869, 160.945, 315.55, 170.17, 237.69, 95.92, 30.1, 63.615, 126.21, 63.09, 87.5123, , , , , 
1/31/2020 11:29:30 AM, 3237.5, 9034, 1618.9, 323.1788, 219.92, 160.98, 315.62, 170.22, 237.73, 95.93, 30.1, 63.615, 126.22, 63.09, 87.525, , , , , 
1/31/2020 11:29:33 AM, 3237.75, 9035.25, 1619.1, 323.24, 219.985, 160.99, 315.705, 170.24, 237.73, 95.96, 30.1066, 63.62, 126.25, 63.09, 87.53, , , , , 
1/31/2020 11:29:36 AM, 3237.75, 9035.25, 1619.1, 323.18, 219.96, 160.96, 315.72, 170.23, 237.73, 95.95, 30.1049, 63.62, 126.25, 63.09, 87.53, , , , , 
1/31/2020 11:29:39 AM, 3237.75, 9035.75, 1619.1, 323.2575, 219.99, 160.99, 315.8, 170.26, 237.71, 95.97, 30.1038, 63.635, 126.27, 63.09, 87.535, , , , , 
1/31/2020 11:29:42 AM, 3237.5, 9034, 1618.8, 323.21, 219.93, 160.955, 315.681, 170.22, 237.61, 95.94, 30.1, 63.63, 126.24, 63.09, 87.53, , , , , 
1/31/2020 11:29:45 AM, 3237.5, 9034.25, 1618.8, 323.2, 219.95, 160.96, 315.695, 170.215, 237.57, 95.9486, 30.1, 63.63, 126.2485, 63.09, 87.53, , , , , 
1/31/2020 11:29:48 AM, 3237.75, 9034, 1618.8, 323.21, 219.95, 160.97, 315.78, 170.21, 237.69, 95.945, 30.0936, 63.63, 126.2485, 63.09, 87.53, , , , , 
1/31/2020 11:29:51 AM, 3237.75, 9034.75, 1619, 323.24, 219.99, 160.995, 315.79, 170.24, 237.675, 95.96, 30.105, 63.635, 126.26, 63.09, 87.53, , , , , 
1/31/2020 11:29:54 AM, 3237.75, 9034.75, 1619.1, 323.23, 219.97, 160.99, 315.735, 170.22, 237.675, 95.96, 30.1, 63.635, 126.26, 63.09, 87.53, , , , , 
1/31/2020 11:29:57 AM, 3237.5, 9034.25, 1619, 323.22, 219.96, 160.99, 315.71, 170.21, 237.73, 95.945, 30.1, 63.635, 126.26, 63.09, 87.53, , , , , 
1/31/2020 11:30:00 AM, 3237, 9032.5, 1618.6, 323.03, 219.82, 160.88, 315.56, 170.105, 237.48, 95.88, 30.08, 63.605, 126.2, 63.09, 87.52, , , , , 
1/31/2020 11:30:03 AM, 3235.75, 9030.25, 1618.3, 323.03, 219.82, 160.88, 315.56, 170.105, 237.48, 95.88, 30.08, 63.605, 126.2, 63.09, 87.52, , , , , 
1/31/2020 11:30:06 AM, 3236, 9030, 1618, 323.14, 219.89, 160.91, 315.73, 170.16, 237.51, 95.91, 30.0956, 63.62, 126.22, 63.09, 87.53, , , , , 
1/31/2020 11:30:09 AM, 3236.75, 9032.5, 1618.2, 323.14, 219.89, 160.91, 315.73, 170.16, 237.51, 95.91, 30.0956, 63.62, 126.22, 63.09, 87.53, , , , , 
1/31/2020 11:30:12 AM, 3236, 9030, 1617.9, 323.05, 219.82, 160.85, 315.5399, 170.1493, 237.425, 95.88, 30.09, 63.605, 126.19, 63.09, 87.52, , , , , 
1/31/2020 11:30:15 AM, 3235.75, 9029.5, 1617.6, 323.05, 219.82, 160.85, 315.5399, 170.1493, 237.425, 95.88, 30.09, 63.605, 126.19, 63.09, 87.52, , , , , 
1/31/2020 11:30:18 AM, 3236, 9030.5, 1617.7, 323.07, 219.82, 160.87, 315.496, 170.1525, 237.45, 95.88, 30.09, 63.61, 126.19, 63.09, 87.52, , , , , 
1/31/2020 11:30:21 AM, 3236.25, 9030.75, 1617.8, 323.07, 219.82, 160.87, 315.496, 170.1525, 237.45, 95.88, 30.09, 63.61, 126.19, 63.09, 87.52, , , , , 
1/31/2020 11:30:24 AM, 3236.5, 9031.5, 1617.8, 323.095, 219.88, 160.88, 315.56, 170.18, 237.51, 95.9, 30.09, 63.61, 126.2, 63.09, 87.5269, , , , , 
1/31/2020 11:30:27 AM, 3236.5, 9032.25, 1618, 323.095, 219.88, 160.88, 315.56, 170.18, 237.51, 95.9, 30.09, 63.61, 126.2, 63.09, 87.5269, , , , , 
1/31/2020 11:30:30 AM, 3237, 9033.75, 1618.2, 323.18, 219.94, 160.93, 315.59, 170.22, 237.58, 95.92, 30.1, 63.615, 126.26, 63.09, 87.535, , , , , 
1/31/2020 11:30:33 AM, 3237.25, 9033.75, 1618.3, 323.18, 219.94, 160.93, 315.59, 170.22, 237.58, 95.92, 30.1, 63.615, 126.26, 63.09, 87.535, , , , , 
1/31/2020 11:30:36 AM, 3237, 9032.75, 1618.2, 323.15, 219.87, 160.9, 315.43, 170.1885, 237.51, 95.91, 30.1, 63.61, 126.25, 63.09, 87.53, , , , , 
1/31/2020 11:30:39 AM, 3236.5, 9030.5, 1617.7, 323.138, 219.87, 160.87, 315.43, 170.1885, 237.51, 95.892, 30.1, 63.61, 126.245, 63.09, 87.53, , , , , 
1/31/2020 11:30:42 AM, 3236.5, 9031.5, 1617.9, 323.16, 219.88, 160.88, 315.5, 170.2, 237.54, 95.89, 30.1, 63.61, 126.24, 63.09, 87.53, , , , , 
1/31/2020 11:30:45 AM, 3236.75, 9032, 1618.1, 323.16, 219.88, 160.88, 315.5, 170.2, 237.54, 95.89, 30.1, 63.61, 126.24, 63.09, 87.53, , , , , 
1/31/2020 11:30:48 AM, 3237, 9033, 1618, 323.13, 219.9, 160.87, 315.54, 170.22, 237.53, 95.89, 30.095, 63.605, 126.24, 63.09, 87.53, , , , , 
1/31/2020 11:30:51 AM, 3236.5, 9031.5, 1617.7, 323.13, 219.9, 160.87, 315.54, 170.22, 237.53, 95.89, 30.095, 63.605, 126.24, 63.09, 87.53, , , , , 
1/31/2020 11:30:54 AM, 3236.25, 9030.75, 1617.6, 323.11, 219.86, 160.88, 315.4763, 170.23, 237.515, 95.9, 30.1, 63.605, 126.24, 63.09, 87.53, , , , , 
1/31/2020 11:30:57 AM, 3236.5, 9031.5, 1617.6, 323.11, 219.86, 160.88, 315.4763, 170.23, 237.515, 95.9, 30.1, 63.605, 126.24, 63.09, 87.53, , , , , 
1/31/2020 11:31:00 AM, 3236, 9030, 1617.2, 323.12, 219.881, 160.835, 315.49, 170.21, 237.49, 95.91, 30.09, 63.59, 126.22, 63.09, 87.52, , , , , 
1/31/2020 11:31:03 AM, 3236.25, 9030.75, 1617.2, 323.12, 219.881, 160.835, 315.49, 170.21, 237.49, 95.91, 30.09, 63.59, 126.22, 63.09, 87.52, , , , , 
1/31/2020 11:31:06 AM, 3236, 9029.75, 1617.1, 323.085, 219.86, 160.845, 315.4497, 170.18, 237.4794, 95.88, 30.09, 63.595, 126.21, 63.09, 87.51, , , , , 
1/31/2020 11:31:09 AM, 3236.25, 9030.5, 1617.6, 323.085, 219.86, 160.845, 315.4497, 170.18, 237.4794, 95.88, 30.09, 63.595, 126.21, 63.09, 87.51, , , , , 
1/31/2020 11:31:12 AM, 3236, 9030.25, 1617.7, 323.14, 219.91, 160.93, 315.55, 170.18, 237.6, 95.92, 30.1, 63.6, 126.22, 63.09, 87.52, , , , , 
1/31/2020 11:31:15 AM, 3236.75, 9032.5, 1618.2, 323.14, 219.91, 160.93, 315.55, 170.18, 237.6, 95.92, 30.1, 63.6, 126.22, 63.09, 87.52, , , , , 
1/31/2020 11:31:18 AM, 3236.5, 9031.75, 1618.2, 323.09, 219.8701, 160.92, 315.548, 170.14, 237.57, 95.9, 30.09, 63.595, 126.22, 63.09, 87.52, , , , , 
1/31/2020 11:31:21 AM, 3236.25, 9030, 1618.1, 323.09, 219.8701, 160.92, 315.548, 170.14, 237.57, 95.9, 30.09, 63.595, 126.22, 63.09, 87.52, , , , , 
1/31/2020 11:31:24 AM, 3236.75, 9031.25, 1618.3, 323.13, 219.8813, 160.92, 315.5891, 170.13, 237.6, 95.9, 30.09, 63.595, 126.22, 63.09, 87.52, , , , , 
1/31/2020 11:31:27 AM, 3236.75, 9032.25, 1618.4, 323.13, 219.8813, 160.92, 315.5891, 170.13, 237.6, 95.9, 30.09, 63.595, 126.22, 63.09, 87.52, , , , , 
1/31/2020 11:31:30 AM, 3236.75, 9032, 1618.3, 323.0806, 219.85, 160.89, 315.51, 170.11, 237.57, 95.89, 30.085, 63.59, 126.2, 63.09, 87.53, , , , , 
1/31/2020 11:31:33 AM, 3236, 9029.25, 1617.9, 323.0806, 219.85, 160.89, 315.51, 170.11, 237.57, 95.89, 30.085, 63.59, 126.2, 63.09, 87.53, , , , , 
1/31/2020 11:31:37 AM, 3235.75, 9028.75, 1617.8, 323.025, 219.82, 160.88, 315.5, 170.075, 237.4475, 95.87, 30.085, 63.58, 126.18, 63.09, 87.52, , , , , 
1/31/2020 11:31:40 AM, 3235.5, 9028.25, 1617.7, 323.025, 219.82, 160.88, 315.5, 170.075, 237.4475, 95.87, 30.085, 63.58, 126.18, 63.09, 87.52, , , , , 
1/31/2020 11:31:43 AM, 3235.5, 9028.75, 1617.9, 323.11, 219.88, 160.93, 315.55, 170.1, 237.53, 95.9, 30.09, 63.59, 126.22, 63.09, 87.52, , , , , 
1/31/2020 11:31:46 AM, 3236.5, 9032.25, 1618.4, 323.11, 219.88, 160.93, 315.55, 170.1, 237.53, 95.9, 30.09, 63.59, 126.22, 63.09, 87.52, , , , , 
1/31/2020 11:31:49 AM, 3236.75, 9032.25, 1618.6, 323.12, 219.89, 160.91, 315.548, 170.14, 237.655, 95.91, 30.09, 63.59, 126.21, 63.09, 87.53, , , , , 
1/31/2020 11:31:52 AM, 3236.5, 9031, 1618.2, 323.12, 219.89, 160.91, 315.548, 170.14, 237.655, 95.91, 30.09, 63.59, 126.21, 63.09, 87.53, , , , , 
1/31/2020 11:31:55 AM, 3236.25, 9031.25, 1618, 323.085, 219.875, 160.88, 315.66, 170.11, 237.665, 95.91, 30.09, 63.6, 126.2, 63.09, 87.53, , , , , 
1/31/2020 11:31:58 AM, 3236, 9030.5, 1617.9, 323.085, 219.875, 160.88, 315.66, 170.11, 237.665, 95.91, 30.09, 63.6, 126.2, 63.09, 87.53, , , , , 
1/31/2020 11:32:01 AM, 3236, 9030.75, 1618, 323.07, 219.84, 160.89, 315.6304, 170.135, 237.658, 95.89, 30.08, 63.59, 126.18, 63.09, 87.53, , , , , 
1/31/2020 11:32:04 AM, 3236, 9030.75, 1617.8, 323.07, 219.84, 160.89, 315.6304, 170.135, 237.658, 95.89, 30.08, 63.59, 126.18, 63.09, 87.53, , , , , 
1/31/2020 11:32:07 AM, 3236.5, 9033, 1618.2, 323.14, 219.93, 160.94, 315.7525, 170.18, 237.69, 95.93, 30.095, 63.6, 126.23, 63.09, 87.522, , , , , 
1/31/2020 11:32:10 AM, 3236.75, 9034.25, 1618.4, 323.14, 219.93, 160.94, 315.7525, 170.18, 237.69, 95.93, 30.095, 63.6, 126.23, 63.09, 87.522, , , , , 
1/31/2020 11:32:13 AM, 3237.25, 9035.5, 1618.6, 323.1566, 219.98, 160.94, 315.775, 170.2, 237.7, 95.95, 30.09, 63.605, 126.24, 63.09, 87.54, , , , , 
1/31/2020 11:32:16 AM, 3236.75, 9034.25, 1618.4, 323.1566, 219.98, 160.94, 315.775, 170.2, 237.7, 95.95, 30.09, 63.605, 126.24, 63.09, 87.54, , , , , 
1/31/2020 11:32:19 AM, 3237.25, 9034.5, 1618.5, 323.175, 219.94, 160.94, 315.7364, 170.16, 237.7, 95.93, 30.09, 63.61, 126.25, 63.09, 87.535, , , , , 
1/31/2020 11:32:22 AM, 3237.25, 9034.5, 1618.4, 323.175, 219.94, 160.94, 315.7364, 170.16, 237.7, 95.93, 30.09, 63.61, 126.25, 63.09, 87.535, , , , , 
1/31/2020 11:32:25 AM, 3236.5, 9031.75, 1618, 323.06, 219.87, 160.87, 315.61, 170.13, 237.5678, 95.9, 30.085, 63.6, 126.22, 63.09, 87.53, , , , , 
1/31/2020 11:32:28 AM, 3236, 9031, 1617.9, 323.06, 219.86, 160.88, 315.6298, 170.12, 237.445, 95.89, 30.0838, 63.6, 126.21, 63.09, 87.53, , , , , 
1/31/2020 11:32:31 AM, 3236, 9031, 1617.9, 323.02, 219.83, 160.845, 315.5, 170.06, 237.455, 95.87, 30.08, 63.5963, 126.2, 63.09, 87.53, , , , , 
1/31/2020 11:32:34 AM, 3236, 9030.25, 1617.7, 323.055, 219.83, 160.86, 315.53, 170.0632, 237.4121, 95.875, 30.0817, 63.605, 126.2, 63.09, 87.535, , , , , 
1/31/2020 11:32:37 AM, 3236, 9030.25, 1617.7, 323.05, 219.825, 160.86, 315.545, 170.07, 237.4121, 95.88, 30.0817, 63.605, 126.19, 63.09, 87.53, , , , , 
1/31/2020 11:32:40 AM, 3235.5, 9029.25, 1617.3, 323.05, 219.84, 160.83, 315.5439, 170.05, 237.44, 95.88, 30.0817, 63.605, 126.21, 63.09, 87.53, , , , , 
1/31/2020 11:32:43 AM, 3235.5, 9029.25, 1617.3, 323.03, 219.83, 160.81, 315.57, 170.05, 237.39, 95.8701, 30.0817, 63.61, 126.2, 63.09, 87.53, , , , , 
1/31/2020 11:32:46 AM, 3236, 9029.5, 1617.3, 323.06, 219.85, 160.83, 315.62, 170.07, 237.35, 95.88, 30.08, 63.61, 126.22, 63.09, 87.53, , , , , 
1/31/2020 11:32:49 AM, 3236, 9029.5, 1617.3, 323.08, 219.85, 160.84, 315.61, 170.05, 237.41, 95.89, 30.08, 63.61, 126.22, 63.09, 87.53, , , , , 
1/31/2020 11:32:52 AM, 3236.25, 9031, 1617.3, 323.07, 219.86, 160.84, 315.6434, 170.05, 237.41, 95.89, 30.08, 63.61, 126.22, 63.09, 87.53, , , , , 
1/31/2020 11:32:55 AM, 3236.25, 9031, 1617.3, 323.06, 219.86, 160.82, 315.62, 170.0795, 237.3996, 95.8801, 30.08, 63.62, 126.22, 63.09, 87.53, , , , , 
1/31/2020 11:32:58 AM, 3235.75, 9030, 1617, 323.05, 219.86, 160.8, 315.67, 170.0695, 237.3947, 95.89, 30.08, 63.615, 126.21, 63.09, 87.53, , , , , 
1/31/2020 11:33:01 AM, 3235.75, 9030, 1617, 323.09, 219.85, 160.85, 315.551, 170.06, 237.33, 95.89, 30.08, 63.615, 126.21, 63.09, 87.53, , , , , 
1/31/2020 11:33:04 AM, 3236.25, 9030.75, 1617.3, 323.09, 219.87, 160.83, 315.5975, 170.07, 237.3962, 95.89, 30.08, 63.62, 126.215, 63.09, 87.53, , , , , 
1/31/2020 11:33:07 AM, 3236.25, 9030.75, 1617.3, 323.08, 219.86, 160.82, 315.55, 170.08, 237.45, 95.9, 30.08, 63.615, 126.22, 63.09, 87.525, , , , , 
1/31/2020 11:33:10 AM, 3236.25, 9032, 1617.5, 323.11, 219.88, 160.86, 315.6, 170.1099, 237.445, 95.9, 30.08, 63.615, 126.22, 63.09, 87.525, , , , , 
1/31/2020 11:33:13 AM, 3236.25, 9032, 1617.5, 323.12, 219.8901, 160.87, 315.6216, 170.1299, 237.4553, 95.9, 30.085, 63.625, 126.22, 63.09, 87.525, , , , , 
1/31/2020 11:33:16 AM, 3235.75, 9030.25, 1617.3, 323.0601, 219.86, 160.83, 315.52, 170.09, 237.43, 95.9, 30.08, 63.615, 126.22, 63.09, 87.525, , , , , 
1/31/2020 11:33:19 AM, 3235.75, 9030.25, 1617.3, 323.02, 219.83, 160.81, 315.46, 170.06, 237.37, 95.88, 30.075, 63.61, 126.19, 63.09, 87.525, , , , , 
1/31/2020 11:33:22 AM, 3235.75, 9029.75, 1617, 323.02, 219.82, 160.8, 315.51, 170.06, 237.37, 95.875, 30.075, 63.61, 126.19, 63.09, 87.525, , , , , 
1/31/2020 11:33:25 AM, 3235.75, 9029.75, 1617, 323.02, 219.83, 160.8, 315.525, 170.1, 237.41, 95.875, 30.075, 63.61, 126.19, 63.09, 87.525, , , , , 
1/31/2020 11:33:28 AM, 3236.25, 9032.25, 1617.3, 323.09, 219.88, 160.825, 315.5, 170.11, 237.43, 95.9, 30.08, 63.615, 126.2, 63.09, 87.525, , , , , 
1/31/2020 11:33:31 AM, 3236.25, 9032.25, 1617.3, 323.11, 219.89, 160.82, 315.53, 170.14, 237.4226, 95.91, 30.085, 63.615, 126.2054, 63.09, 87.535, , , , , 
1/31/2020 11:33:34 AM, 3236.75, 9034.75, 1617.6, 323.15, 219.945, 160.865, 315.61, 170.19, 237.59, 95.925, 30.09, 63.62, 126.23, 63.09, 87.545, , , , , 
1/31/2020 11:33:37 AM, 3236.75, 9034.75, 1617.6, 323.1654, 219.95, 160.855, 315.57, 170.165, 237.59, 95.925, 30.09, 63.6199, 126.23, 63.09, 87.544, , , , , 
1/31/2020 11:33:40 AM, 3238, 9036.75, 1618.1, 323.24, 219.99, 160.9094, 315.7, 170.19, 237.63, 95.945, 30.1, 63.63, 126.27, 63.09, 87.555, , , , , 
1/31/2020 11:33:43 AM, 3238, 9036.75, 1618.1, 323.31, 220.04, 160.94, 315.7529, 170.21, 237.7, 95.955, 30.11, 63.64, 126.29, 63.09, 87.555, , , , , 
1/31/2020 11:33:47 AM, 3238.25, 9039, 1618.4, 323.31, 220.0597, 160.94, 315.758, 170.2559, 237.75, 95.9781, 30.105, 63.64, 126.29, 63.09, 87.555, , , , , 
1/31/2020 11:33:50 AM, 3238.25, 9039, 1618.4, 323.31, 220.0601, 160.93, 315.75, 170.2663, 237.725, 95.975, 30.1, 63.64, 126.29, 63.09, 87.555, , , , , 
1/31/2020 11:33:53 AM, 3238.5, 9039.75, 1618.5, 323.33, 220.0856, 160.9401, 315.773, 170.25, 237.79, 95.98, 30.11, 63.645, 126.31, 63.09, 87.555, , , , , 
1/31/2020 11:33:56 AM, 3238.5, 9039.75, 1618.5, 323.265, 220.04, 160.92, 315.73, 170.225, 237.74, 95.96, 30.1, 63.64, 126.29, 63.09, 87.56, , , , , 
1/31/2020 11:33:59 AM, 3238, 9038.25, 1618, 323.28, 220.04, 160.92, 315.68, 170.21, 237.74, 95.96, 30.105, 63.64, 126.29, 63.09, 87.56, , , , , 
1/31/2020 11:34:02 AM, 3238, 9038.25, 1618, 323.28, 220.13, 160.92, 315.78, 170.28, 237.74, 95.96, 30.105, 63.64, 126.29, 63.09, 87.56, , , , , 
1/31/2020 11:34:05 AM, 3238.25, 9040, 1618.2, 323.31, 220.13, 160.93, 315.78, 170.28, 237.74, 95.98, 30.105, 63.64, 126.31, 63.09, 87.565, , , , , 
1/31/2020 11:34:08 AM, 3238, 9039, 1618, 323.275, 220.07, 160.92, 315.725, 170.23, 237.72, 95.97, 30.1016, 63.64, 126.29, 63.09, 87.565, , , , , 
1/31/2020 11:34:11 AM, 3237.75, 9038.25, 1617.8, 323.25, 220.05, 160.89, 315.71, 170.2383, 237.74, 95.955, 30.1, 63.63, 126.2801, 63.09, 87.56, , , , , 
1/31/2020 11:34:14 AM, 3237.5, 9038, 1617.7, 323.2301, 220.02, 160.89, 315.67, 170.21, 237.69, 95.95, 30.095, 63.625, 126.27, 63.09, 87.56, , , , , 
1/31/2020 11:34:17 AM, 3237, 9036.5, 1617.4, 323.17, 219.99, 160.84, 315.575, 170.1718, 237.64, 95.9281, 30.09, 63.61, 126.25, 63.09, 87.565, , , , , 
1/31/2020 11:34:20 AM, 3237.5, 9037.75, 1617.8, 323.24, 220.0554, 160.89, 315.69, 170.22, 237.74, 95.96, 30.09, 63.615, 126.27, 63.09, 87.56, , , , , 
1/31/2020 11:34:23 AM, 3238, 9039.5, 1618.2, 323.24, 220.07, 160.92, 315.75, 170.23, 237.74, 95.96, 30.1, 63.615, 126.27, 63.09, 87.56, , , , , 
1/31/2020 11:34:26 AM, 3238.5, 9040.75, 1618.5, 323.29, 220.11, 160.935, 315.81, 170.26, 237.85, 95.97, 30.1, 63.615, 126.29, 63.09, 87.565, , , , , 
1/31/2020 11:34:29 AM, 3238.25, 9041, 1618.2, 323.31, 220.0924, 160.925, 315.799, 170.2725, 237.82, 95.98, 30.1, 63.62, 126.29, 63.09, 87.565, , , , , 
1/31/2020 11:34:32 AM, 3238.75, 9042.5, 1618.7, 323.33, 220.11, 160.96, 315.84, 170.24, 237.78, 95.98, 30.1, 63.62, 126.31, 63.09, 87.57, , , , , 
1/31/2020 11:34:35 AM, 3238.5, 9043, 1618.9, 323.34, 220.1428, 160.98, 315.864, 170.2893, 237.9845, 96, 30.1, 63.62, 126.32, 63.09, 87.575, , , , , 
1/31/2020 11:34:38 AM, 3238.5, 9042.25, 1619, 323.33, 220.13, 160.975, 315.87, 170.2742, 237.9009, 95.99, 30.1, 63.62, 126.32, 63.09, 87.575, , , , , 
1/31/2020 11:34:41 AM, 3238.5, 9041.75, 1618.9, 323.31, 220.11, 160.98, 315.8207, 170.28, 237.9123, 95.99, 30.1, 63.62, 126.32, 63.09, 87.575, , , , , 
1/31/2020 11:34:44 AM, 3238.75, 9041.5, 1619.3, 323.35, 220.12, 161.02, 315.856, 170.3, 237.83, 96, 30.0944, 63.62, 126.33, 63.09, 87.575, , , , , 
1/31/2020 11:34:47 AM, 3239, 9042, 1619.4, 323.345, 220.13, 161.02, 315.8707, 170.3, 237.8769, 96, 30.095, 63.625, 126.33, 63.09, 87.575, , , , , 
1/31/2020 11:34:50 AM, 3238.75, 9041, 1619.2, 323.34, 220.12, 161.03, 315.8361, 170.3, 237.8769, 96, 30.095, 63.625, 126.32, 63.09, 87.575, , , , , 
1/31/2020 11:34:53 AM, 3238.25, 9040.25, 1619, 323.295, 220.1099, 160.99, 315.81, 170.26, 237.8668, 95.98, 30.095, 63.605, 126.3, 63.09, 87.575, , , , , 
1/31/2020 11:34:56 AM, 3237.75, 9038.75, 1618.9, 323.27, 220.0654, 160.99, 315.81, 170.22, 237.8, 95.97, 30.095, 63.605, 126.28, 63.09, 87.575, , , , , 
1/31/2020 11:34:59 AM, 3237.5, 9038.5, 1619, 323.24, 220.05, 160.985, 315.7161, 170.22, 237.8395, 95.96, 30.09, 63.605, 126.27, 63.09, 87.57, , , , , 
1/31/2020 11:35:02 AM, 3237.75, 9038.5, 1619.1, 323.3, 220.08, 161.005, 315.7764, 170.26, 237.87, 95.98, 30.095, 63.62, 126.28, 63.09, 87.57, , , , , 
1/31/2020 11:35:05 AM, 3238.5, 9041, 1619.3, 323.3, 220.0879, 161.02, 315.7634, 170.27, 237.825, 95.98, 30.09, 63.615, 126.3, 63.09, 87.565, , , , , 
1/31/2020 11:35:08 AM, 3238.25, 9040.75, 1619.1, 323.3277, 220.13, 161.02, 315.8284, 170.27, 237.78, 95.985, 30.09, 63.62, 126.3, 63.09, 87.565, , , , , 
1/31/2020 11:35:11 AM, 3238.5, 9041.75, 1619.6, 323.33, 220.11, 161.035, 315.86, 170.262, 237.8317, 95.99, 30.09, 63.62, 126.3, 63.09, 87.56, , , , , 
1/31/2020 11:35:14 AM, 3239, 9043, 1619.9, 323.35, 220.16, 161.07, 315.97, 170.27, 237.85, 95.99, 30.1, 63.62, 126.32, 63.09, 87.58, , , , , 
1/31/2020 11:35:17 AM, 3238.75, 9042.25, 1619.8, 323.335, 220.13, 161.07, 315.9, 170.265, 237.9083, 95.99, 30.1, 63.625, 126.32, 63.09, 87.58, , , , , 
1/31/2020 11:35:20 AM, 3238.5, 9042, 1619.6, 323.34, 220.15, 161.065, 315.92, 170.2786, 237.94, 95.99, 30.1, 63.625, 126.3268, 63.09, 87.59, , , , , 
1/31/2020 11:35:23 AM, 3239.25, 9044, 1620.2, 323.4, 220.19, 161.11, 315.95, 170.3, 238, 96.01, 30.11, 63.63, 126.34, 63.09, 87.59, , , , , 
1/31/2020 11:35:26 AM, 3239.75, 9045.5, 1620.4, 323.42, 220.19, 161.115, 315.98, 170.29, 238, 96.02, 30.11, 63.63, 126.34, 63.1612, 87.59, , , , , 
1/31/2020 11:35:29 AM, 3239.25, 9044, 1620.2, 323.4, 220.1873, 161.14, 316.0383, 170.3, 238.05, 96.01, 30.11, 63.63, 126.35, 63.1612, 87.6, , , , , 
1/31/2020 11:35:32 AM, 3240, 9046, 1620.5, 323.44, 220.22, 161.12, 316.05, 170.29, 237.94, 96.01, 30.11, 63.64, 126.37, 63.1612, 87.6, , , , , 
1/31/2020 11:35:35 AM, 3239.5, 9044.25, 1620.1, 323.41, 220.19, 161.1, 316.07, 170.27, 238.0477, 96.005, 30.12, 63.64, 126.365, 63.1612, 87.6, , , , , 
1/31/2020 11:35:38 AM, 3239.75, 9045, 1620.3, 323.43, 220.21, 161.11, 316.0703, 170.298, 238.09, 96.01, 30.105, 63.64, 126.37, 63.1612, 87.6, , , , , 
1/31/2020 11:35:41 AM, 3239.75, 9044.75, 1620.2, 323.445, 220.21, 161.12, 316.02, 170.27, 238.15, 96.01, 30.105, 63.65, 126.37, 63.1612, 87.6, , , , , 
1/31/2020 11:35:44 AM, 3239.5, 9044, 1620, 323.43, 220.2, 161.12, 315.9937, 170.27, 238.15, 96.01, 30.11, 63.6588, 126.37, 63.1612, 87.6, , , , , 
1/31/2020 11:35:47 AM, 3239.5, 9043.75, 1619.7, 323.45, 220.21, 161.085, 316.02, 170.305, 238.0623, 96.0101, 30.11, 63.6588, 126.37, 63.1612, 87.6, , , , , 
1/31/2020 11:35:50 AM, 3239.5, 9044, 1619.6, 323.44, 220.1882, 161.06, 316, 170.285, 238.1183, 96.005, 30.11, 63.6588, 126.36, 63.1612, 87.6, , , , , 
1/31/2020 11:35:53 AM, 3239.75, 9044.5, 1619.5, 323.449, 220.19, 161.06, 316.01, 170.2932, 238.1183, 96.01, 30.11, 63.6588, 126.36, 63.1612, 87.6, , , , , 
1/31/2020 11:35:56 AM, 3239.75, 9044.75, 1619.7, 323.42, 220.19, 161.065, 316.0213, 170.29, 238.05, 96.01, 30.11, 63.6588, 126.36, 63.1612, 87.6, , , , , 
1/31/2020 11:35:59 AM, 3239.5, 9043.75, 1619.5, 323.43, 220.2, 161.05, 315.98, 170.27, 238.1, 96, 30.1, 63.66, 126.36, 63.1612, 87.6, , , , , 
1/31/2020 11:36:02 AM, 3239.75, 9044.75, 1619.8, 323.445, 220.21, 161.075, 315.96, 170.28, 238.08, 96.005, 30.105, 63.66, 126.36, 63.1612, 87.6, , , , , 
1/31/2020 11:36:05 AM, 3239.5, 9043, 1619.4, 323.41, 220.17, 161.06, 315.91, 170.28, 238, 96, 30.105, 63.66, 126.35, 63.1612, 87.6, , , , , 
1/31/2020 11:36:08 AM, 3238.75, 9040.25, 1618.9, 323.34, 220.11, 160.98, 315.8215, 170.25, 238, 95.97, 30.1, 63.655, 126.33, 63.1612, 87.59, , , , , 
1/31/2020 11:36:11 AM, 3239, 9041.5, 1619.1, 323.37, 220.12, 161, 315.86, 170.25, 238, 95.97, 30.1, 63.655, 126.33, 63.1612, 87.59, , , , , 
1/31/2020 11:36:14 AM, 3239, 9041.5, 1618.9, 323.38, 220.11, 160.98, 315.82, 170.27, 238, 95.975, 30.1, 63.655, 126.33, 63.1612, 87.595, , , , , 
1/31/2020 11:36:18 AM, 3239.5, 9043.25, 1619.4, 323.41, 220.15, 161.03, 315.82, 170.26, 238.05, 95.99, 30.1032, 63.66, 126.35, 63.1612, 87.59, , , , , 
1/31/2020 11:36:21 AM, 3239.5, 9043.25, 1619.4, 323.42, 220.16, 161.025, 315.86, 170.2664, 238.06, 95.98, 30.11, 63.65, 126.35, 63.1612, 87.59, , , , , 
1/31/2020 11:36:24 AM, 3239.75, 9043.75, 1619.5, 323.45, 220.16, 161.05, 315.92, 170.27, 238.0494, 95.99, 30.11, 63.65, 126.36, 63.1612, 87.59, , , , , 
1/31/2020 11:36:27 AM, 3240, 9044.75, 1619.7, 323.5, 220.19, 161.07, 315.91, 170.3, 238.0494, 95.9934, 30.11, 63.65, 126.38, 63.1612, 87.59, , , , , 
1/31/2020 11:36:30 AM, 3240.25, 9045.75, 1619.8, 323.4899, 220.2, 161.07, 315.96, 170.31, 238.085, 96.01, 30.11, 63.65, 126.38, 63.1612, 87.59, , , , , 
1/31/2020 11:36:33 AM, 3240.25, 9045.5, 1619.7, 323.53, 220.22, 161.07, 315.9498, 170.33, 238.085, 96.02, 30.11, 63.655, 126.4, 63.1612, 87.59, , , , , 
1/31/2020 11:36:36 AM, 3240, 9043.75, 1619.4, 323.48, 220.224, 161.06, 315.98, 170.31, 238.0939, 96.02, 30.11, 63.65, 126.4, 63.1612, 87.59, , , , , 
1/31/2020 11:36:39 AM, 3239.75, 9043.75, 1619.2, 323.425, 220.16, 161.02, 315.92, 170.29, 237.895, 96, 30.11, 63.64, 126.39, 63.1612, 87.585, , , , , 
1/31/2020 11:36:42 AM, 3239.25, 9042.75, 1618.9, 323.42, 220.17, 160.99, 315.9, 170.29, 237.895, 96, 30.11, 63.645, 126.39, 63.1612, 87.585, , , , , 
1/31/2020 11:36:45 AM, 3239.25, 9042.5, 1619, 323.41, 220.16, 160.99, 315.895, 170.29, 237.895, 96, 30.105, 63.64, 126.39, 63.1612, 87.585, , , , , 
1/31/2020 11:36:48 AM, 3239.25, 9042.75, 1618.9, 323.39, 220.15, 161, 315.85, 170.28, 237.905, 95.99, 30.1, 63.63, 126.39, 63.1612, 87.585, , , , , 
1/31/2020 11:36:51 AM, 3239.25, 9043.5, 1619, 323.4162, 220.18, 161.01, 315.94, 170.27, 237.98, 96, 30.1, 63.638, 126.39, 63.1612, 87.585, , , , , 
1/31/2020 11:36:54 AM, 3239.25, 9044, 1619, 323.418, 220.19, 160.9901, 315.9351, 170.265, 238, 96, 30.1, 63.638, 126.39, 63.1612, 87.585, , , , , 
1/31/2020 11:36:57 AM, 3239, 9042.75, 1618.6, 323.38, 220.1453, 160.95, 315.865, 170.235, 237.8632, 95.98, 30.1, 63.625, 126.38, 63.1612, 87.585, , , , , 
1/31/2020 11:37:00 AM, 3238.5, 9040.5, 1618.3, 323.33, 220.135, 160.93, 315.83, 170.21, 237.88, 95.97, 30.095, 63.61, 126.36, 63.1612, 87.595, , , , , 
1/31/2020 11:37:03 AM, 3238.5, 9040.5, 1618.3, 323.31, 220.1, 160.91, 315.835, 170.1743, 237.86, 95.965, 30.095, 63.61, 126.35, 63.1612, 87.595, , , , , 
1/31/2020 11:37:06 AM, 3237.75, 9037.75, 1617.9, 323.27, 220.04, 160.91, 315.7868, 170.125, 237.745, 95.94, 30.09, 63.605, 126.33, 63.1612, 87.585, , , , , 
1/31/2020 11:37:09 AM, 3238, 9038.25, 1618.1, 323.27, 220.04, 160.91, 315.7868, 170.125, 237.745, 95.94, 30.09, 63.605, 126.33, 63.1612, 87.585, , , , , 
1/31/2020 11:37:12 AM, 3238, 9038.5, 1618.4, 323.24, 220.04, 160.93, 315.8099, 170.09, 237.78, 95.94, 30.09, 63.605, 126.33, 63.1612, 87.585, , , , , 
1/31/2020 11:37:15 AM, 3238, 9037.75, 1618.4, 323.24, 220.04, 160.93, 315.8099, 170.09, 237.78, 95.94, 30.09, 63.605, 126.33, 63.1612, 87.585, , , , , 
1/31/2020 11:37:18 AM, 3238.25, 9039.25, 1618.6, 323.28, 220.06, 160.94, 315.75, 170.085, 237.8154, 95.94, 30.09, 63.61, 126.33, 63.1612, 87.585, , , , , 
1/31/2020 11:37:21 AM, 3238, 9037.25, 1618.4, 323.28, 220.06, 160.94, 315.75, 170.085, 237.8154, 95.94, 30.09, 63.61, 126.33, 63.1612, 87.585, , , , , 
1/31/2020 11:37:24 AM, 3237.5, 9037, 1618.2, 323.23, 220.01, 160.91, 315.7289, 170.065, 237.56, 95.93, 30.085, 63.59, 126.31, 63.1612, 87.585, , , , , 
1/31/2020 11:37:27 AM, 3237.75, 9036.75, 1618.2, 323.23, 220.01, 160.91, 315.7289, 170.065, 237.56, 95.93, 30.085, 63.59, 126.31, 63.1612, 87.585, , , , , 
1/31/2020 11:37:30 AM, 3237.5, 9036.5, 1618.1, 323.195, 219.99, 160.91, 315.675, 170.04, 237.62, 95.92, 30.085, 63.59, 126.3079, 63.1612, 87.585, , , , , 
1/31/2020 11:37:33 AM, 3237, 9034.75, 1618.1, 323.195, 219.99, 160.91, 315.675, 170.04, 237.62, 95.92, 30.085, 63.59, 126.3079, 63.1612, 87.585, , , , , 
1/31/2020 11:37:36 AM, 3237, 9035.25, 1618, 323.2, 219.99, 160.88, 315.699, 170.03, 237.62, 95.91, 30.08, 63.59, 126.3, 63.1612, 87.58, , , , , 
1/31/2020 11:37:39 AM, 3237.25, 9035.25, 1617.9, 323.2, 219.99, 160.88, 315.699, 170.03, 237.62, 95.91, 30.08, 63.59, 126.3, 63.1612, 87.58, , , , , 
1/31/2020 11:37:42 AM, 3236.5, 9033.75, 1617.5, 323.14, 219.97, 160.86, 315.75, 169.98, 237.615, 95.9, 30.075, 63.59, 126.3, 63.1612, 87.58, , , , , 
1/31/2020 11:37:45 AM, 3236.75, 9035.25, 1617.8, 323.16, 219.97, 160.87, 315.75, 169.98, 237.615, 95.9, 30.08, 63.59, 126.3, 63.1612, 87.58, , , , , 
1/31/2020 11:37:48 AM, 3236.75, 9035.75, 1617.9, 323.19, 219.99, 160.89, 315.795, 169.9681, 237.615, 95.9015, 30.0701, 63.6, 126.3013, 63.1612, 87.58, , , , , 
1/31/2020 11:37:51 AM, 3237.25, 9036.25, 1617.9, 323.19, 219.99, 160.89, 315.795, 169.9681, 237.615, 95.9015, 30.0701, 63.6, 126.3013, 63.1612, 87.58, , , , , 
1/31/2020 11:37:54 AM, 3237, 9034.75, 1617.8, 323.1, 219.9003, 160.84, 315.63, 169.9241, 237.54, 95.88, 30.08, 63.59, 126.2799, 63.1612, 87.58, , , , , 
1/31/2020 11:37:57 AM, 3236.25, 9033, 1617.6, 323.1, 219.9003, 160.84, 315.63, 169.9241, 237.54, 95.88, 30.08, 63.59, 126.2799, 63.1612, 87.58, , , , , 
1/31/2020 11:38:00 AM, 3236.5, 9033.25, 1617.7, 323.0501, 219.88, 160.83, 315.6, 169.91, 237.44, 95.86, 30.07, 63.58, 126.26, 63.1612, 87.58, , , , , 
1/31/2020 11:38:03 AM, 3235.75, 9031.5, 1617.4, 323.0501, 219.88, 160.83, 315.6, 169.91, 237.44, 95.86, 30.07, 63.58, 126.26, 63.1612, 87.58, , , , , 
1/31/2020 11:38:06 AM, 3235.75, 9030.75, 1617.2, 323.03, 219.85, 160.82, 315.52, 169.9499, 237.4, 95.85, 30.06, 63.57, 126.25, 63.1612, 87.58, , , , , 
1/31/2020 11:38:09 AM, 3235.25, 9030.5, 1617.2, 323.03, 219.85, 160.82, 315.52, 169.9499, 237.4, 95.85, 30.06, 63.57, 126.25, 63.1612, 87.58, , , , , 
1/31/2020 11:38:12 AM, 3235.75, 9031, 1617.2, 323.02, 219.87, 160.8, 315.54, 169.93, 237.4429, 95.86, 30.061, 63.57, 126.24, 63.1612, 87.58, , , , , 
1/31/2020 11:38:15 AM, 3235.5, 9030, 1617.1, 323.02, 219.87, 160.8, 315.54, 169.93, 237.4429, 95.86, 30.061, 63.57, 126.24, 63.1612, 87.58, , , , , 
1/31/2020 11:38:18 AM, 3235, 9029.25, 1617.2, 322.925, 219.78, 160.77, 315.3665, 169.87, 237.38, 95.82, 30.055, 63.57, 126.21, 63.1612, 87.57, , , , , 
1/31/2020 11:38:21 AM, 3234.5, 9027.25, 1616.8, 322.925, 219.78, 160.77, 315.3665, 169.87, 237.38, 95.82, 30.055, 63.57, 126.21, 63.1612, 87.57, , , , , 
1/31/2020 11:38:24 AM, 3234.5, 9026.75, 1616.9, 322.91, 219.77, 160.7989, 315.335, 169.858, 237.3709, 95.8189, 30.053, 63.575, 126.21, 63.1612, 87.57, , , , , 
1/31/2020 11:38:28 AM, 3234.25, 9027, 1616.9, 322.91, 219.77, 160.7989, 315.335, 169.858, 237.3709, 95.8189, 30.053, 63.575, 126.21, 63.1612, 87.57, , , , , 
1/31/2020 11:38:31 AM, 3233.75, 9024.75, 1616.6, 322.86, 219.72, 160.76, 315.33, 169.77, 237.3187, 95.79, 30.055, 63.57, 126.18, 63.1612, 87.555, , , , , 
1/31/2020 11:38:34 AM, 3233.5, 9024.25, 1616.7, 322.86, 219.71, 160.77, 315.304, 169.755, 237.36, 95.78, 30.05, 63.57, 126.18, 63.1612, 87.56, , , , , 
1/31/2020 11:38:37 AM, 3233.5, 9024.25, 1616.7, 322.73, 219.66, 160.72, 315.23, 169.74, 237.25, 95.74, 30.04, 63.55, 126.13, 63.1612, 87.56, , , , , 
1/31/2020 11:38:40 AM, 3232.5, 9021.5, 1616.1, 322.73, 219.64, 160.72, 315.1301, 169.72, 237.2, 95.73, 30.035, 63.55, 126.14, 63.1612, 87.55, , , , , 
1/31/2020 11:38:43 AM, 3232.5, 9021.5, 1616.1, 322.7801, 219.69, 160.76, 315.212, 169.76, 237.2, 95.76, 30.04, 63.55, 126.16, 63.1612, 87.56, , , , , 
1/31/2020 11:38:46 AM, 3233.5, 9024.5, 1616.8, 322.825, 219.72, 160.78, 315.29, 169.815, 237.32, 95.77, 30.0413, 63.55, 126.17, 63.1612, 87.56, , , , , 
1/31/2020 11:38:49 AM, 3233.5, 9024.5, 1616.8, 322.83, 219.74, 160.76, 315.2784, 169.83, 237.36, 95.78, 30.05, 63.55, 126.18, 63.1612, 87.57, , , , , 
1/31/2020 11:38:52 AM, 3233.25, 9024.25, 1616.3, 322.82, 219.71, 160.7467, 315.25, 169.79, 237.3393, 95.78, 30.05, 63.555, 126.165, 63.1612, 87.57, , , , , 
1/31/2020 11:38:55 AM, 3233.25, 9024.25, 1616.3, 322.7585, 219.665, 160.71, 315.1436, 169.7317, 237.27, 95.747, 30.045, 63.555, 126.16, 63.1612, 87.56, , , , , 
1/31/2020 11:38:58 AM, 3232.75, 9022.5, 1616.1, 322.76, 219.67, 160.71, 315.17, 169.734, 237.27, 95.75, 30.05, 63.55, 126.16, 63.1612, 87.56, , , , , 
1/31/2020 11:39:01 AM, 3232.75, 9022.5, 1616.1, 322.75, 219.6401, 160.71, 315.12, 169.73, 237.18, 95.74, 30.045, 63.545, 126.15, 63.1612, 87.555, , , , , 
1/31/2020 11:39:04 AM, 3233.25, 9023.25, 1616.3, 322.78, 219.67, 160.72, 315.1349, 169.7499, 237.18, 95.75, 30.045, 63.555, 126.15, 63.1612, 87.555, , , , , 
1/31/2020 11:39:07 AM, 3233.25, 9023.25, 1616.3, 322.72, 219.63, 160.69, 314.81, 169.715, 237.2587, 95.7, 30.045, 63.55, 126.15, 63.1612, 87.55, , , , , 
1/31/2020 11:39:10 AM, 3232.25, 9020.5, 1616, 322.69, 219.62, 160.7, 314.66, 169.7, 237.2587, 95.71, 30.045, 63.55, 126.12, 63.1612, 87.55, , , , , 
1/31/2020 11:39:13 AM, 3232.25, 9020.5, 1616, 322.71, 219.6, 160.7, 314.58, 169.6955, 237.15, 95.71, 30.04, 63.55, 126.11, 63.1612, 87.55, , , , , 
1/31/2020 11:39:16 AM, 3232.5, 9020.5, 1616.1, 322.71, 219.62, 160.7, 314.75, 169.68, 237.15, 95.73, 30.04, 63.55, 126.1127, 63.1612, 87.55, , , , , 
1/31/2020 11:39:19 AM, 3232.5, 9020.5, 1616.1, 322.66, 219.55, 160.68, 314.7134, 169.649, 236.88, 95.69, 30.04, 63.54, 126.08, 63.1612, 87.55, , , , , 
1/31/2020 11:39:22 AM, 3232.5, 9020, 1616.1, 322.71, 219.58, 160.71, 314.69, 169.68, 236.9243, 95.71, 30.04, 63.55, 126.12, 63.1612, 87.55, , , , , 
1/31/2020 11:39:25 AM, 3232.5, 9020, 1616.1, 322.76, 219.63, 160.74, 314.87, 169.73, 236.98, 95.71, 30.05, 63.555, 126.12, 63.1612, 87.54, , , , , 
1/31/2020 11:39:28 AM, 3233.5, 9022.25, 1616.7, 322.8, 219.64, 160.75, 314.88, 169.75, 237.0134, 95.7301, 30.05, 63.56, 126.13, 63.1612, 87.55, , , , , 
1/31/2020 11:39:31 AM, 3233.5, 9022.25, 1616.7, 322.84, 219.68, 160.78, 315.11, 169.77, 237.0134, 95.76, 30.055, 63.56, 126.14, 63.1612, 87.55, , , , , 
1/31/2020 11:39:34 AM, 3233.5, 9022.25, 1616.8, 322.81, 219.6637, 160.78, 315.13, 169.7898, 237.08, 95.75, 30.06, 63.56, 126.14, 63.1612, 87.56, , , , , 
1/31/2020 11:39:37 AM, 3233.5, 9022.25, 1616.8, 322.835, 219.69, 160.785, 315.0625, 169.8, 237.15, 95.745, 30.06, 63.56, 126.15, 63.1612, 87.56, , , , , 
1/31/2020 11:39:40 AM, 3233.75, 9023.5, 1616.9, 322.82, 219.68, 160.785, 315.0544, 169.8099, 237.1358, 95.75, 30.06, 63.55, 126.15, 63.1612, 87.55, , , , , 
1/31/2020 11:39:43 AM, 3233.75, 9023.5, 1616.9, 322.83, 219.68, 160.775, 315.0947, 169.81, 237.13, 95.75, 30.06, 63.545, 126.15, 63.1612, 87.55, , , , , 
1/31/2020 11:39:47 AM, 3234, 9024.75, 1617, 322.85, 219.7, 160.795, 315.11, 169.8133, 237.19, 95.75, 30.055, 63.55, 126.15, 63.1612, 87.55, , , , , 
1/31/2020 11:39:50 AM, 3234, 9024.75, 1617, 322.92, 219.77, 160.81, 315.2398, 169.86, 237.31, 95.8, 30.06, 63.55, 126.19, 63.1612, 87.56, , , , , 
1/31/2020 11:39:53 AM, 3234.5, 9026, 1617.2, 322.91, 219.76, 160.82, 315.29, 169.8401, 237.215, 95.8, 30.07, 63.55, 126.19, 63.1612, 87.55, , , , , 
1/31/2020 11:39:56 AM, 3234.5, 9026, 1617.2, 322.91, 219.74, 160.82, 315.23, 169.8401, 237.16, 95.8, 30.07, 63.55, 126.19, 63.1612, 87.55, , , , , 
1/31/2020 11:39:59 AM, 3235.25, 9028.25, 1617.6, 322.97, 219.79, 160.8466, 315.55, 169.8582, 237.29, 95.83, 30.07, 63.55, 126.2, 63.1612, 87.55, , , , , 
1/31/2020 11:40:02 AM, 3235.25, 9028.25, 1617.6, 322.99, 219.83, 160.87, 315.575, 169.88, 237.3556, 95.83, 30.075, 63.555, 126.21, 63.1612, 87.56, , , , , 
1/31/2020 11:40:05 AM, 3235.25, 9029, 1617.6, 323, 219.81, 160.85, 315.4775, 169.8634, 237.3556, 95.8154, 30.07, 63.56, 126.21, 63.1612, 87.555, , , , , 
1/31/2020 11:40:08 AM, 3235.25, 9029, 1617.6, 323.0092, 219.82, 160.87, 315.52, 169.9, 237.3274, 95.8154, 30.075, 63.565, 126.21, 63.1612, 87.56, , , , , 
1/31/2020 11:40:11 AM, 3236.25, 9032.5, 1617.9, 323.05, 219.89, 160.885, 315.5908, 169.9368, 237.4, 95.86, 30.08, 63.57, 126.23, 63.1612, 87.565, , , , , 
1/31/2020 11:40:14 AM, 3236.25, 9032.5, 1617.9, 323.09, 219.93, 160.93, 315.64, 169.975, 237.5899, 95.87, 30.09, 63.5768, 126.23, 63.1612, 87.58, , , , , 
1/31/2020 11:40:17 AM, 3236, 9032.75, 1618.1, 323.07, 219.91, 160.895, 315.57, 169.955, 237.49, 95.86, 30.09, 63.5768, 126.23, 63.1612, 87.57, , , , , 
1/31/2020 11:40:20 AM, 3236, 9032.75, 1618.1, 323.21, 220.02, 160.99, 316.0499, 169.98, 237.74, 95.93, 30.1, 63.59, 126.29, 63.1612, 87.585, , , , , 
1/31/2020 11:40:23 AM, 3237, 9036, 1618.5, 323.17, 219.98, 160.94, 315.82, 169.97, 237.6495, 95.91, 30.09, 63.575, 126.26, 63.1612, 87.585, , , , , 
1/31/2020 11:40:26 AM, 3237, 9036, 1618.5, 323.13, 219.95, 160.94, 315.74, 169.93, 237.7021, 95.9, 30.09, 63.57, 126.2439, 63.1612, 87.575, , , , , 
1/31/2020 11:40:29 AM, 3236.5, 9034.5, 1618.2, 323.14, 219.97, 160.95, 315.7896, 169.97, 237.7056, 95.9168, 30.09, 63.57, 126.24, 63.1612, 87.58, , , , , 
1/31/2020 11:40:32 AM, 3236.5, 9034, 1618, 323.11, 219.94, 160.9082, 315.71, 169.9701, 237.69, 95.9, 30.09, 63.57, 126.23, 63.1612, 87.57, , , , , 
1/31/2020 11:40:35 AM, 3236.25, 9033.5, 1618, 323.09, 219.93, 160.88, 315.7, 169.9597, 237.72, 95.89, 30.09, 63.56, 126.22, 63.1612, 87.565, , , , , 
1/31/2020 11:40:38 AM, 3236, 9032.5, 1617.7, 323.0699, 219.91, 160.89, 315.635, 169.92, 237.64, 95.9, 30.085, 63.565, 126.22, 63.1612, 87.5699, , , , , 
1/31/2020 11:40:41 AM, 3236.25, 9034.5, 1617.9, 323.1, 219.94, 160.88, 315.7, 169.98, 237.7, 95.92, 30.09, 63.55, 126.22, 63.1612, 87.57, , , , , 
1/31/2020 11:40:44 AM, 3236.5, 9035.25, 1617.7, 323.12, 219.97, 160.88, 315.73, 170, 237.83, 95.92, 30.09, 63.55, 126.22, 63.1612, 87.58, , , , , 
1/31/2020 11:40:47 AM, 3236.75, 9036, 1617.8, 323.14, 219.99, 160.89, 315.7889, 170.029, 237.83, 95.94, 30.09, 63.55, 126.22, 63.1612, 87.58, , , , , 
1/31/2020 11:40:50 AM, 3236.5, 9035.25, 1617.8, 323.13, 219.96, 160.88, 315.73, 170.02, 237.83, 95.93, 30.09, 63.55, 126.22, 63.1612, 87.58, , , , , 
1/31/2020 11:40:53 AM, 3237, 9036, 1617.8, 323.14, 219.98, 160.885, 315.7643, 170.04, 237.855, 95.925, 30.09, 63.55, 126.2231, 63.1612, 87.5745, , , , , 
1/31/2020 11:40:56 AM, 3236.75, 9034.75, 1617.7, 323.15, 219.97, 160.89, 315.8, 170.025, 237.6902, 95.93, 30.09, 63.565, 126.23, 63.1612, 87.58, , , , , 
1/31/2020 11:40:59 AM, 3237.25, 9036, 1618.2, 323.18, 220.0099, 160.88, 315.825, 170.053, 237.85, 95.94, 30.095, 63.565, 126.23, 63.1612, 87.585, , , , , 
1/31/2020 11:41:02 AM, 3237, 9035.5, 1618, 323.18, 219.98, 160.895, 315.8, 170.0558, 237.85, 95.94, 30.1, 63.57, 126.23, 63.1612, 87.59, , , , , 
1/31/2020 11:41:05 AM, 3236.5, 9033.75, 1617.6, 323.1, 219.94, 160.86, 315.65, 170.005, 237.78, 95.93, 30.09, 63.5601, 126.2, 63.1612, 87.58, , , , , 
1/31/2020 11:41:08 AM, 3236.25, 9034, 1617.3, 323.1073, 219.94, 160.84, 315.61, 169.98, 237.76, 95.9, 30.09, 63.565, 126.2, 63.1612, 87.58, , , , , 
1/31/2020 11:41:11 AM, 3236.5, 9035, 1617.6, 323.13, 219.9666, 160.86, 315.66, 170.01, 237.77, 95.92, 30.09, 63.57, 126.21, 63.1612, 87.575, , , , , 
1/31/2020 11:41:14 AM, 3236.75, 9036.25, 1617.4, 323.11, 219.96, 160.8399, 315.645, 169.9996, 237.77, 95.92, 30.09, 63.57, 126.22, 63.1612, 87.575, , , , , 
1/31/2020 11:41:17 AM, 3236.75, 9036, 1617.4, 323.14, 219.98, 160.85, 315.7061, 170.01, 237.77, 95.92, 30.09, 63.575, 126.23, 63.1612, 87.575, , , , , 
1/31/2020 11:41:20 AM, 3236.75, 9035.75, 1617.3, 323.14, 219.98, 160.84, 315.7, 170.04, 237.87, 95.93, 30.09, 63.575, 126.23, 63.1612, 87.58, , , , , 
1/31/2020 11:41:23 AM, 3236.5, 9034.75, 1617.1, 323.115, 219.97, 160.82, 315.66, 170.01, 237.87, 95.92, 30.09, 63.57, 126.23, 63.1612, 87.58, , , , , 
1/31/2020 11:41:26 AM, 3236.75, 9036.75, 1617.4, 323.15, 219.99, 160.84, 315.74, 170.07, 237.8335, 95.93, 30.095, 63.565, 126.22, 63.1612, 87.58, , , , , 
1/31/2020 11:41:29 AM, 3237.25, 9038.25, 1617.7, 323.2, 220.04, 160.88, 315.78, 170.08, 237.92, 95.96, 30.1, 63.57, 126.24, 63.1612, 87.58, , , , , 
1/31/2020 11:41:32 AM, 3237, 9036.75, 1617.6, 323.18, 220.04, 160.845, 315.7, 170.08, 237.99, 95.96, 30.1, 63.57, 126.23, 63.1612, 87.575, , , , , 
1/31/2020 11:41:35 AM, 3237, 9036.5, 1617.4, 323.17, 219.9901, 160.845, 315.69, 170.06, 237.9862, 95.9466, 30.1, 63.57, 126.23, 63.1612, 87.575, , , , , 
1/31/2020 11:41:38 AM, 3237, 9037.25, 1617.5, 323.16, 220.0199, 160.85, 315.72, 170.065, 237.97, 95.945, 30.1, 63.565, 126.23, 63.1612, 87.575, , , , , 
1/31/2020 11:41:41 AM, 3236.75, 9036, 1617.2, 323.15, 220.01, 160.84, 315.725, 170.05, 238.01, 95.945, 30.095, 63.565, 126.23, 63.1612, 87.575, , , , , 
1/31/2020 11:41:44 AM, 3236.25, 9034.5, 1616.9, 323.1, 219.96, 160.8, 315.62, 170.0218, 237.94, 95.92, 30.09, 63.56, 126.22, 63.1612, 87.575, , , , , 
1/31/2020 11:41:47 AM, 3236.5, 9034.25, 1617, 323.095, 219.955, 160.8, 315.6, 170, 237.89, 95.9101, 30.09, 63.55, 126.21, 63.1612, 87.575, , , , , 
1/31/2020 11:41:50 AM, 3236.25, 9034.25, 1616.9, 323.1, 219.96, 160.8, 315.62, 170.01, 237.88, 95.9101, 30.09, 63.55, 126.21, 63.1612, 87.575, , , , , 
1/31/2020 11:41:53 AM, 3236, 9033.5, 1616.8, 323.085, 219.95, 160.7849, 315.6, 169.98, 237.85, 95.91, 30.09, 63.55, 126.21, 63.1612, 87.57, , , , , 
1/31/2020 11:41:56 AM, 3236.25, 9033.5, 1616.6, 323.07, 219.94, 160.77, 315.5802, 169.9627, 237.8832, 95.91, 30.085, 63.55, 126.21, 63.1612, 87.57, , , , , 
1/31/2020 11:41:59 AM, 3236.5, 9036, 1617.2, 323.12, 219.96, 160.805, 315.57, 169.97, 237.8832, 95.91, 30.09, 63.55, 126.23, 63.1612, 87.57, , , , , 
1/31/2020 11:42:02 AM, 3236.5, 9034.5, 1617, 323.105, 219.98, 160.8, 315.57, 169.98, 237.96, 95.93, 30.09, 63.5527, 126.23, 63.1612, 87.57, , , , , 
1/31/2020 11:42:05 AM, 3235.75, 9032.25, 1616.7, 323.05, 219.9, 160.78, 315.4845, 169.92, 237.84, 95.8821, 30.08, 63.5527, 126.21, 63.1612, 87.57, , , , , 
1/31/2020 11:42:09 AM, 3236, 9032.25, 1616.8, 323.05, 219.92, 160.78, 315.5051, 169.91, 237.84, 95.89, 30.085, 63.555, 126.21, 63.1612, 87.57, , , , , 
1/31/2020 11:42:12 AM, 3236.25, 9034, 1617, 323.09, 219.94, 160.81, 315.6, 169.9, 237.8448, 95.88, 30.085, 63.555, 126.22, 63.1612, 87.57, , , , , 
1/31/2020 11:42:15 AM, 3235.75, 9032.5, 1616.8, 323.05, 219.93, 160.79, 315.55, 169.885, 237.88, 95.88, 30.085, 63.555, 126.22, 63.1612, 87.57, , , , , 
1/31/2020 11:42:18 AM, 3235.75, 9032.75, 1616.8, 323.06, 219.91, 160.785, 315.43, 169.88, 237.88, 95.88, 30.085, 63.56, 126.23, 63.1612, 87.575, , , , , 
1/31/2020 11:42:21 AM, 3236, 9033.25, 1616.9, 323.07, 219.9, 160.79, 315.44, 169.8883, 237.8978, 95.88, 30.085, 63.56, 126.22, 63.1612, 87.57, , , , , 
1/31/2020 11:42:24 AM, 3236.25, 9034, 1617.3, 323.1, 219.96, 160.82, 315.41, 169.92, 237.88, 95.9, 30.09, 63.56, 126.23, 63.1612, 87.575, , , , , 
1/31/2020 11:42:27 AM, 3236.75, 9035.25, 1617.8, 323.13, 219.97, 160.865, 315.4702, 169.915, 237.91, 95.9, 30.09, 63.56, 126.23, 63.1612, 87.575, , , , , 
1/31/2020 11:42:30 AM, 3237.5, 9037.75, 1618.4, 323.22, 220.03, 160.94, 315.52, 169.94, 238, 95.91, 30.1, 63.57, 126.26, 63.1612, 87.58, , , , , 
1/31/2020 11:42:33 AM, 3237.75, 9038.25, 1618.6, 323.24, 220.0201, 160.94, 315.6, 169.9521, 238.04, 95.93, 30.1, 63.57, 126.27, 63.1612, 87.59, , , , , 
1/31/2020 11:42:36 AM, 3238.5, 9039.75, 1618.8, 323.28, 220.0711, 160.98, 315.669, 170.01, 238.07, 95.95, 30.1144, 63.57, 126.28, 63.1612, 87.59, , , , , 
1/31/2020 11:42:39 AM, 3238, 9039.25, 1618.9, 323.29, 220.09, 161.01, 315.68, 170.03, 238.12, 95.95, 30.1144, 63.57, 126.29, 63.1612, 87.595, , , , , 
1/31/2020 11:42:42 AM, 3238, 9038.75, 1618.5, 323.26, 220.07, 160.96, 315.7096, 170.02, 238.12, 95.95, 30.11, 63.57, 126.29, 63.1612, 87.595, , , , , 
1/31/2020 11:42:45 AM, 3238.25, 9040.25, 1618.6, 323.2954, 220.07, 160.96, 315.695, 170.03, 238.0476, 95.95, 30.11, 63.58, 126.29, 63.1612, 87.595, , , , , 
1/31/2020 11:42:48 AM, 3238.5, 9040.25, 1618.5, 323.32, 220.1, 160.96, 315.75, 170.0648, 238.0476, 95.96, 30.11, 63.58, 126.295, 63.1612, 87.6, , , , , 
1/31/2020 11:42:51 AM, 3238.75, 9041.25, 1618.7, 323.3326, 220.1207, 160.97, 315.7186, 170.1, 238.16, 95.96, 30.11, 63.58, 126.3, 63.1612, 87.6, , , , , 
1/31/2020 11:42:54 AM, 3238.5, 9040.5, 1618.5, 323.3, 220.1, 160.975, 315.74, 170.0699, 238.145, 95.96, 30.105, 63.56, 126.29, 63.1612, 87.6, , , , , 
1/31/2020 11:42:57 AM, 3238.5, 9040.5, 1618.7, 323.3, 220.1, 160.975, 315.74, 170.0699, 238.145, 95.96, 30.105, 63.56, 126.29, 63.1612, 87.6, , , , , 
1/31/2020 11:43:00 AM, 3238.25, 9040.75, 1618.6, 323.28, 220.08, 160.945, 315.67, 170.05, 238.095, 95.96, 30.101, 63.56, 126.28, 63.1612, 87.6, , , , , 
1/31/2020 11:43:03 AM, 3238, 9039.25, 1618.5, 323.28, 220.08, 160.945, 315.67, 170.05, 238.095, 95.96, 30.101, 63.56, 126.28, 63.1612, 87.6, , , , , 
1/31/2020 11:43:06 AM, 3238.25, 9039.75, 1618.7, 323.32, 220.1, 160.96, 315.7101, 170.08, 238.055, 95.96, 30.11, 63.565, 126.28, 63.1612, 87.59, , , , , 
1/31/2020 11:43:09 AM, 3238.25, 9040, 1618.6, 323.32, 220.1, 160.96, 315.7101, 170.08, 238.055, 95.96, 30.11, 63.565, 126.28, 63.1612, 87.59, , , , , 
1/31/2020 11:43:12 AM, 3238.25, 9040, 1618.6, 323.31, 220.11, 160.98, 315.79, 170.08, 238.06, 95.98, 30.105, 63.55, 126.28, 63.1612, 87.59, , , , , 
1/31/2020 11:43:15 AM, 3238.25, 9040.75, 1618.7, 323.31, 220.11, 160.98, 315.79, 170.08, 238.06, 95.98, 30.105, 63.55, 126.28, 63.1612, 87.59, , , , , 
1/31/2020 11:43:18 AM, 3238.5, 9041, 1618.8, 323.34, 220.12, 161, 315.81, 170.075, 238.185, 95.99, 30.1138, 63.545, 126.28, 63.1612, 87.59, , , , , 
1/31/2020 11:43:21 AM, 3238.5, 9041, 1618.9, 323.34, 220.12, 161, 315.81, 170.075, 238.185, 95.99, 30.1138, 63.545, 126.28, 63.1612, 87.59, , , , , 
1/31/2020 11:43:24 AM, 3238, 9038.75, 1618.4, 323.3, 220.09, 160.965, 315.69, 170.05, 238.05, 95.98, 30.11, 63.54, 126.28, 63.1612, 87.595, , , , , 
1/31/2020 11:43:27 AM, 3238.25, 9040.75, 1618.8, 323.3, 220.09, 160.965, 315.69, 170.05, 238.05, 95.98, 30.11, 63.54, 126.28, 63.1612, 87.595, , , , , 
1/31/2020 11:43:30 AM, 3238.5, 9041.75, 1619.1, 323.36, 220.15, 161.04, 315.7547, 170.0534, 238.155, 95.98, 30.1102, 63.54, 126.31, 63.1612, 87.6, , , , , 
1/31/2020 11:43:33 AM, 3239.25, 9043, 1619.6, 323.36, 220.15, 161.04, 315.7547, 170.0534, 238.155, 95.98, 30.1102, 63.54, 126.31, 63.1612, 87.6, , , , , 
1/31/2020 11:43:36 AM, 3238.75, 9042, 1619.2, 323.369, 220.16, 161.05, 315.8, 170.07, 238.225, 96, 30.115, 63.545, 126.31, 63.1612, 87.6, , , , , 
1/31/2020 11:43:39 AM, 3239, 9042.75, 1619.5, 323.369, 220.16, 161.05, 315.8, 170.07, 238.225, 96, 30.115, 63.545, 126.31, 63.1612, 87.6, , , , , 
1/31/2020 11:43:42 AM, 3238.75, 9042.75, 1619.4, 323.378, 220.17, 161.04, 315.77, 170.0798, 238.29, 96, 30.11, 63.545, 126.32, 63.1612, 87.595, , , , , 
1/31/2020 11:43:45 AM, 3239.25, 9043.25, 1619.4, 323.378, 220.17, 161.04, 315.77, 170.0798, 238.29, 96, 30.11, 63.545, 126.32, 63.1612, 87.595, , , , , 
1/31/2020 11:43:48 AM, 3239.25, 9044.5, 1619.4, 323.45, 220.22, 161.08, 315.8575, 170.15, 238.4, 96.03, 30.12, 63.55, 126.36, 63.1612, 87.61, , , , , 
1/31/2020 11:43:51 AM, 3240, 9046.5, 1619.9, 323.45, 220.22, 161.08, 315.8575, 170.15, 238.4, 96.03, 30.12, 63.55, 126.36, 63.1612, 87.61, , , , , 
1/31/2020 11:43:54 AM, 3240.5, 9048.25, 1620.2, 323.51, 220.29, 161.1, 315.9247, 170.14, 238.3709, 96.04, 30.12, 63.55, 126.38, 63.1612, 87.615, , , , , 
1/31/2020 11:43:57 AM, 3240.5, 9048.5, 1620.1, 323.51, 220.29, 161.1, 315.9247, 170.14, 238.3709, 96.04, 30.12, 63.55, 126.38, 63.1612, 87.615, , , , , 
1/31/2020 11:44:00 AM, 3240.5, 9048, 1620, 323.5023, 220.29, 161.105, 315.9, 170.13, 238.42, 96.04, 30.12, 63.55, 126.38, 63.1612, 87.615, , , , , 
1/31/2020 11:44:03 AM, 3240.5, 9048.25, 1620.1, 323.5023, 220.29, 161.105, 315.9, 170.13, 238.42, 96.04, 30.12, 63.55, 126.38, 63.1612, 87.615, , , , , 
1/31/2020 11:44:06 AM, 3240.5, 9048, 1619.9, 323.44, 220.24, 161.055, 315.8733, 170.11, 238.33, 96.03, 30.115, 63.55, 126.37, 63.1612, 87.61, , , , , 
1/31/2020 11:44:09 AM, 3239.75, 9046.25, 1619.4, 323.44, 220.24, 161.055, 315.8733, 170.11, 238.33, 96.03, 30.115, 63.55, 126.37, 63.1612, 87.61, , , , , 
1/31/2020 11:44:12 AM, 3239.75, 9045.75, 1619.5, 323.4579, 220.245, 161.05, 315.9199, 170.12, 238.3201, 96.0101, 30.12, 63.53, 126.38, 63.1612, 87.605, , , , , 
1/31/2020 11:44:15 AM, 3240, 9046.75, 1619.5, 323.4579, 220.245, 161.05, 315.9199, 170.12, 238.3201, 96.0101, 30.12, 63.53, 126.38, 63.1612, 87.605, , , , , 
1/31/2020 11:44:18 AM, 3239.75, 9046.5, 1619.4, 323.41, 220.222, 161.0036, 315.85, 170.105, 238.42, 96.02, 30.12, 63.535, 126.37, 63.1612, 87.605, , , , , 
1/31/2020 11:44:21 AM, 3239.5, 9045.5, 1618.9, 323.41, 220.222, 161.0036, 315.85, 170.105, 238.42, 96.02, 30.12, 63.535, 126.37, 63.1612, 87.605, , , , , 
1/31/2020 11:44:24 AM, 3239, 9045.5, 1618.9, 323.43, 220.22, 161, 315.82, 170.12, 238.3, 96.02, 30.11, 63.52, 126.35, 63.1612, 87.605, , , , , 
1/31/2020 11:44:27 AM, 3239.5, 9045.25, 1618.9, 323.43, 220.22, 161, 315.82, 170.12, 238.3, 96.02, 30.11, 63.52, 126.35, 63.1612, 87.605, , , , , 
1/31/2020 11:44:30 AM, 3238.75, 9043.5, 1618.5, 323.36, 220.2, 160.94, 315.79, 170.1, 238.2775, 96.01, 30.11, 63.52, 126.34, 63.1612, 87.6, , , , , 
1/31/2020 11:44:33 AM, 3238.75, 9043.75, 1618.3, 323.36, 220.2, 160.94, 315.79, 170.1, 238.2775, 96.01, 30.11, 63.52, 126.34, 63.1612, 87.6, , , , , 
1/31/2020 11:44:36 AM, 3239.25, 9045.25, 1618.7, 323.385, 220.2, 160.95, 315.8171, 170.095, 238.2775, 96.0066, 30.11, 63.52, 126.35, 63.1612, 87.6, , , , , 
1/31/2020 11:44:40 AM, 3239.5, 9045, 1618.6, 323.385, 220.2, 160.95, 315.8171, 170.095, 238.2775, 96.0066, 30.11, 63.52, 126.35, 63.1612, 87.6, , , , , 
1/31/2020 11:44:43 AM, 3240, 9047, 1619.1, 323.48, 220.27, 161.015, 315.93, 170.15, 238.3282, 96.04, 30.1262, 63.525, 126.37, 63.1612, 87.605, , , , , 
1/31/2020 11:44:46 AM, 3240.25, 9047.5, 1619.3, 323.48, 220.27, 161.015, 315.93, 170.15, 238.3282, 96.04, 30.1262, 63.525, 126.37, 63.1612, 87.605, , , , , 
1/31/2020 11:44:49 AM, 3240.25, 9048.75, 1619.4, 323.51, 220.31, 161.04, 316.065, 170.2, 238.5, 96.05, 30.12, 63.53, 126.39, 63.1612, 87.605, , , , , 
1/31/2020 11:44:52 AM, 3240.5, 9048.75, 1619.4, 323.51, 220.31, 161.04, 316.065, 170.2, 238.5, 96.05, 30.12, 63.53, 126.39, 63.1612, 87.605, , , , , 
1/31/2020 11:44:55 AM, 3240.25, 9048, 1619.4, 323.51, 220.31, 161.02, 316.0924, 170.19, 238.4895, 96.05, 30.12, 63.53, 126.39, 63.1612, 87.605, , , , , 
1/31/2020 11:44:58 AM, 3240.25, 9047.75, 1619.2, 323.51, 220.31, 161.02, 316.0924, 170.19, 238.4895, 96.05, 30.12, 63.53, 126.39, 63.1612, 87.605, , , , , 
1/31/2020 11:45:01 AM, 3240.5, 9049.5, 1619.4, 323.5, 220.3254, 161.02, 316.14, 170.2, 238.51, 96.06, 30.12, 63.535, 126.38, 63.1612, 87.605, , , , , 
1/31/2020 11:45:04 AM, 3240.5, 9049.75, 1619.3, 323.5, 220.3254, 161.02, 316.14, 170.2, 238.51, 96.06, 30.12, 63.535, 126.38, 63.1612, 87.605, , , , , 
1/31/2020 11:45:07 AM, 3240, 9047.5, 1619.2, 323.47, 220.3, 161, 316.1468, 170.18, 238.4876, 96.05, 30.12, 63.54, 126.36, 63.1612, 87.61, , , , , 
1/31/2020 11:45:10 AM, 3240.75, 9049.5, 1619.3, 323.53, 220.3, 161.035, 316.1468, 170.18, 238.4876, 96.06, 30.12, 63.54, 126.375, 63.1612, 87.61, , , , , 
1/31/2020 11:45:13 AM, 3240.75, 9050.25, 1619.4, 323.62, 220.355, 161.07, 316.2663, 170.22, 238.595, 96.09, 30.13, 63.55, 126.39, 63.1612, 87.615, , , , , 
1/31/2020 11:45:16 AM, 3241.5, 9052.75, 1619.6, 323.62, 220.355, 161.07, 316.2663, 170.22, 238.595, 96.09, 30.13, 63.55, 126.39, 63.1612, 87.615, , , , , 
1/31/2020 11:45:19 AM, 3242.25, 9053.5, 1619.8, 323.7091, 220.45, 161.11, 316.4149, 170.32, 238.69, 96.138, 30.14, 63.56, 126.42, 63.1612, 87.625, , , , , 
1/31/2020 11:45:22 AM, 3243, 9056.5, 1620.2, 323.745, 220.4785, 161.11, 316.435, 170.35, 238.84, 96.1421, 30.14, 63.56, 126.44, 63.1612, 87.625, , , , , 
1/31/2020 11:45:25 AM, 3243, 9056.5, 1620.2, 323.788, 220.5, 161.14, 316.4232, 170.355, 238.84, 96.16, 30.14, 63.56, 126.45, 63.1612, 87.625, , , , , 
1/31/2020 11:45:28 AM, 3243.5, 9058.25, 1620.4, 323.7702, 220.5076, 161.13, 316.4162, 170.37, 238.89, 96.15, 30.145, 63.57, 126.44, 63.1612, 87.625, , , , , 
1/31/2020 11:45:31 AM, 3243.5, 9058.25, 1620.4, 323.82, 220.5592, 161.155, 316.5, 170.385, 239, 96.17, 30.15, 63.575, 126.455, 63.1612, 87.635, , , , , 
1/31/2020 11:45:34 AM, 3243.5, 9059, 1620.4, 323.84, 220.5642, 161.15, 316.5408, 170.41, 238.9689, 96.18, 30.15, 63.575, 126.45, 63.1612, 87.635, , , , , 
1/31/2020 11:45:37 AM, 3243.5, 9059, 1620.4, 323.78, 220.52, 161.11, 316.3972, 170.37, 238.9013, 96.15, 30.155, 63.57, 126.42, 63.1612, 87.63, , , , , 
1/31/2020 11:45:40 AM, 3243.25, 9058.5, 1620, 323.8, 220.53, 161.11, 316.38, 170.38, 238.8806, 96.16, 30.15, 63.57, 126.43, 63.1612, 87.63, , , , , 
1/31/2020 11:45:43 AM, 3243.25, 9058.5, 1620, 323.77, 220.517, 161.09, 316.38, 170.41, 238.8806, 96.16, 30.15, 63.57, 126.43, 63.1612, 87.625, , , , , 
1/31/2020 11:45:46 AM, 3242.75, 9057.25, 1619.7, 323.75, 220.5, 161.07, 316.4, 170.39, 238.795, 96.15, 30.155, 63.565, 126.4, 63.1612, 87.625, , , , , 
1/31/2020 11:45:49 AM, 3242.75, 9057.25, 1619.7, 323.78, 220.52, 161.0646, 316.427, 170.42, 238.795, 96.17, 30.155, 63.56, 126.41, 63.1612, 87.63, , , , , 
1/31/2020 11:45:52 AM, 3243.25, 9057.5, 1619.7, 323.789, 220.5, 161.08, 316.42, 170.43, 238.8392, 96.17, 30.155, 63.56, 126.41, 63.1612, 87.625, , , , , 
1/31/2020 11:45:55 AM, 3243.25, 9057.5, 1619.7, 323.78, 220.51, 161.08, 316.43, 170.43, 238.8048, 96.17, 30.155, 63.56, 126.42, 63.1612, 87.625, , , , , 
1/31/2020 11:45:58 AM, 3243.25, 9057.75, 1619.8, 323.78, 220.53, 161.08, 316.478, 170.42, 238.7201, 96.175, 30.155, 63.555, 126.42, 63.1612, 87.625, , , , , 
1/31/2020 11:46:01 AM, 3243.25, 9057.75, 1619.8, 323.785, 220.52, 161.08, 316.45, 170.42, 238.7201, 96.17, 30.1595, 63.56, 126.4293, 63.1612, 87.625, , , , , 
1/31/2020 11:46:04 AM, 3242.75, 9056, 1619.5, 323.76, 220.47, 161.05, 316.355, 170.38, 238.7201, 96.16, 30.15, 63.56, 126.42, 63.1612, 87.62, , , , , 
1/31/2020 11:46:07 AM, 3242.75, 9056, 1619.5, 323.76, 220.5, 161.065, 316.3601, 170.3759, 238.82, 96.165, 30.15, 63.55, 126.42, 63.1612, 87.62, , , , , 
1/31/2020 11:46:10 AM, 3242.75, 9056.25, 1619.6, 323.75, 220.485, 161.05, 316.3853, 170.4, 238.7, 96.16, 30.155, 63.55, 126.42, 63.1612, 87.61, , , , , 
1/31/2020 11:46:13 AM, 3242.75, 9056.25, 1619.6, 323.77, 220.48, 161.06, 316.35, 170.39, 238.755, 96.16, 30.15, 63.555, 126.42, 63.1612, 87.615, , , , , 
1/31/2020 11:46:16 AM, 3243.5, 9057.25, 1619.8, 323.79, 220.51, 161.09, 316.3401, 170.43, 238.779, 96.18, 30.155, 63.55, 126.425, 63.1612, 87.61, , , , , 
1/31/2020 11:46:19 AM, 3243.5, 9057.25, 1619.8, 323.78, 220.49, 161.06, 316.35, 170.43, 238.779, 96.1721, 30.15, 63.55, 126.425, 63.1612, 87.6199, , , , , 
1/31/2020 11:46:22 AM, 3243, 9056.5, 1619.6, 323.76, 220.48, 161.055, 316.3048, 170.415, 238.68, 96.16, 30.15, 63.545, 126.41, 63.1612, 87.615, , , , , 
1/31/2020 11:46:25 AM, 3243, 9056.5, 1619.6, 323.7799, 220.495, 161.06, 316.3276, 170.415, 238.68, 96.17, 30.15, 63.54, 126.42, 63.1612, 87.615, , , , , 
1/31/2020 11:46:28 AM, 3242.75, 9057.5, 1619.4, 323.76, 220.5171, 161.045, 316.3096, 170.425, 238.68, 96.17, 30.15, 63.54, 126.43, 63.1612, 87.615, , , , , 
1/31/2020 11:46:31 AM, 3242.75, 9057.5, 1619.4, 323.78, 220.53, 161.06, 316.31, 170.435, 238.7997, 96.17, 30.1509, 63.54, 126.43, 63.1612, 87.615, , , , , 
1/31/2020 11:46:34 AM, 3243, 9056.5, 1619.4, 323.77, 220.51, 161.06, 316.31, 170.45, 238.7997, 96.17, 30.1509, 63.54, 126.43, 63.1612, 87.615, , , , , 
1/31/2020 11:46:37 AM, 3243, 9056.5, 1619.4, 323.795, 220.53, 161.085, 316.33, 170.4551, 238.77, 96.18, 30.15, 63.5499, 126.44, 63.1612, 87.61, , , , , 
1/31/2020 11:46:40 AM, 3243.75, 9059.5, 1620.3, 323.849, 220.56, 161.125, 316.4036, 170.46, 238.8466, 96.19, 30.16, 63.55, 126.46, 63.1612, 87.62, , , , , 
1/31/2020 11:46:43 AM, 3243.75, 9059.5, 1620.3, 323.89, 220.59, 161.135, 316.49, 170.48, 238.8466, 96.21, 30.16, 63.55, 126.47, 63.1612, 87.625, , , , , 
1/31/2020 11:46:46 AM, 3244.5, 9061.25, 1620.4, 323.9, 220.62, 161.145, 316.5, 170.5, 238.93, 96.22, 30.16, 63.555, 126.47, 63.1612, 87.63, , , , , 
1/31/2020 11:46:49 AM, 3244.5, 9061.25, 1620.4, 323.87, 220.585, 161.15, 316.39, 170.5041, 238.93, 96.21, 30.16, 63.55, 126.47, 63.1612, 87.625, , , , , 
1/31/2020 11:46:52 AM, 3244, 9060.25, 1620.3, 323.86, 220.59, 161.1338, 316.37, 170.51, 238.9089, 96.21, 30.16, 63.54, 126.47, 63.1612, 87.625, , , , , 
1/31/2020 11:46:56 AM, 3244, 9060.25, 1620.3, 323.93, 220.6217, 161.17, 316.4102, 170.54, 238.9116, 96.229, 30.16, 63.55, 126.48, 63.1612, 87.63, , , , , 
1/31/2020 11:46:59 AM, 3244.5, 9062, 1620.6, 323.89, 220.63, 161.155, 316.45, 170.53, 238.9625, 96.229, 30.165, 63.55, 126.47, 63.1612, 87.625, , , , , 
1/31/2020 11:47:02 AM, 3244.5, 9062, 1620.6, 323.89, 220.6001, 161.14, 316.39, 170.52, 238.8726, 96.23, 30.16, 63.55, 126.47, 63.1612, 87.625, , , , , 
1/31/2020 11:47:05 AM, 3244, 9060.75, 1620.2, 323.86, 220.57, 161.11, 316.36, 170.52, 238.93, 96.22, 30.155, 63.55, 126.46, 63.1612, 87.625, , , , , 
1/31/2020 11:47:08 AM, 3244, 9060.75, 1620.2, 323.91, 220.61, 161.14, 316.415, 170.54, 238.915, 96.22, 30.16, 63.545, 126.46, 63.1612, 87.625, , , , , 
1/31/2020 11:47:11 AM, 3244.5, 9063.25, 1620.7, 323.925, 220.63, 161.17, 316.45, 170.53, 238.99, 96.23, 30.17, 63.55, 126.47, 63.1612, 87.62, , , , , 
1/31/2020 11:47:14 AM, 3244.5, 9063.25, 1620.7, 323.92, 220.64, 161.17, 316.49, 170.558, 238.9604, 96.23, 30.165, 63.55, 126.47, 63.1612, 87.625, , , , , 
1/31/2020 11:47:17 AM, 3245.25, 9063.75, 1621.2, 323.99, 220.66, 161.22, 316.495, 170.56, 239, 96.25, 30.18, 63.56, 126.49, 63.1612, 87.625, , , , , 
1/31/2020 11:47:20 AM, 3245.25, 9063.75, 1621.2, 323.96, 220.65, 161.19, 316.54, 170.57, 238.93, 96.25, 30.175, 63.565, 126.49, 63.1612, 87.635, , , , , 
1/31/2020 11:47:23 AM, 3244.75, 9062.5, 1620.8, 323.93, 220.64, 161.185, 316.4663, 170.56, 238.9251, 96.24, 30.17, 63.57, 126.49, 63.1612, 87.63, , , , , 
1/31/2020 11:47:26 AM, 3244.75, 9062.5, 1620.8, 323.93, 220.6301, 161.185, 316.5, 170.58, 238.9251, 96.2354, 30.17, 63.56, 126.49, 63.1612, 87.63, , , , , 
1/31/2020 11:47:29 AM, 3244.75, 9063, 1621, 323.95, 220.655, 161.2, 316.54, 170.575, 238.87, 96.2421, 30.1756, 63.565, 126.49, 63.1612, 87.635, , , , , 
1/31/2020 11:47:32 AM, 3244.75, 9063, 1621, 323.95, 220.66, 161.21, 316.558, 170.5799, 238.9144, 96.24, 30.1705, 63.56, 126.51, 63.1612, 87.635, , , , , 
1/31/2020 11:47:35 AM, 3244.75, 9062, 1621.1, 323.928, 220.6336, 161.19, 316.5533, 170.56, 238.86, 96.239, 30.165, 63.555, 126.5, 63.1612, 87.635, , , , , 
1/31/2020 11:47:38 AM, 3244.5, 9062.75, 1621.1, 323.92, 220.64, 161.205, 316.52, 170.545, 238.8787, 96.235, 30.165, 63.555, 126.5, 63.1612, 87.635, , , , , 
1/31/2020 11:47:41 AM, 3244, 9061.75, 1620.8, 323.89, 220.6321, 161.19, 316.54, 170.555, 238.8787, 96.23, 30.16, 63.55, 126.5, 63.1612, 87.635, , , , , 
1/31/2020 11:47:44 AM, 3244.5, 9063.25, 1620.9, 323.91, 220.64, 161.18, 316.57, 170.57, 238.87, 96.24, 30.16, 63.545, 126.5, 63.1612, 87.635, , , , , 
1/31/2020 11:47:47 AM, 3244.75, 9064.75, 1621, 323.93, 220.68, 161.19, 316.6, 170.58, 238.8845, 96.25, 30.17, 63.55, 126.53, 63.1612, 87.635, , , , , 
1/31/2020 11:47:50 AM, 3244.5, 9063.75, 1620.9, 323.93, 220.67, 161.195, 316.6394, 170.57, 238.935, 96.25, 30.17, 63.55, 126.53, 63.1612, 87.635, , , , , 
1/31/2020 11:47:53 AM, 3244.75, 9063.75, 1621, 323.93, 220.6621, 161.2, 316.61, 170.56, 238.9383, 96.25, 30.17, 63.55, 126.5217, 63.1612, 87.635, , , , , 
1/31/2020 11:47:56 AM, 3244.5, 9064, 1620.9, 323.91, 220.6646, 161.18, 316.5801, 170.5666, 238.9383, 96.24, 30.1679, 63.55, 126.5217, 63.1612, 87.635, , , , , 
1/31/2020 11:47:59 AM, 3245, 9065, 1620.9, 323.95, 220.6999, 161.2, 316.6181, 170.565, 238.9383, 96.25, 30.17, 63.56, 126.53, 63.1612, 87.635, , , , , 
1/31/2020 11:48:02 AM, 3245, 9064.75, 1620.8, 323.95, 220.69, 161.18, 316.5801, 170.5524, 238.94, 96.25, 30.17, 63.56, 126.53, 63.1612, 87.635, , , , , 
1/31/2020 11:48:05 AM, 3244.75, 9063.5, 1620.6, 323.935, 220.67, 161.16, 316.5904, 170.55, 238.94, 96.25, 30.165, 63.56, 126.52, 63.1612, 87.635, , , , , 
1/31/2020 11:48:08 AM, 3244.5, 9063.25, 1620.4, 323.89, 220.66, 161.15, 316.6099, 170.52, 238.9, 96.24, 30.165, 63.56, 126.51, 63.1612, 87.635, , , , , 
1/31/2020 11:48:11 AM, 3244.25, 9062.5, 1620.4, 323.9061, 220.67, 161.16, 316.6738, 170.54, 238.9078, 96.24, 30.165, 63.56, 126.515, 63.1612, 87.635, , , , , 
1/31/2020 11:48:14 AM, 3244, 9062, 1620.2, 323.875, 220.64, 161.13, 316.6662, 170.5177, 238.88, 96.23, 30.16, 63.56, 126.5, 63.1612, 87.635, , , , , 
1/31/2020 11:48:17 AM, 3243.75, 9061, 1620, 323.84, 220.6, 161.11, 316.5101, 170.5007, 238.895, 96.22, 30.16, 63.56, 126.4882, 63.1612, 87.63, , , , , 
1/31/2020 11:48:20 AM, 3244.25, 9062.5, 1620.2, 323.878, 220.61, 161.11, 316.6362, 170.52, 238.895, 96.22, 30.155, 63.56, 126.49, 63.1612, 87.63, , , , , 
1/31/2020 11:48:23 AM, 3243.75, 9060.75, 1620.4, 323.83, 220.61, 161.1032, 316.61, 170.51, 238.895, 96.22, 30.155, 63.56, 126.49, 63.1612, 87.63, , , , , 
1/31/2020 11:48:26 AM, 3243.5, 9059.75, 1620, 323.8046, 220.57, 161.09, 316.5548, 170.4552, 238.86, 96.2, 30.155, 63.565, 126.48, 63.1612, 87.62, , , , , 
1/31/2020 11:48:29 AM, 3243.25, 9059.25, 1619.8, 323.79, 220.5554, 161.075, 316.5375, 170.44, 238.78, 96.2, 30.155, 63.565, 126.47, 63.1612, 87.6101, , , , , 
1/31/2020 11:48:32 AM, 3243, 9059, 1619.7, 323.76, 220.56, 161.07, 316.5251, 170.44, 238.78, 96.19, 30.1503, 63.56, 126.46, 63.1612, 87.61, , , , , 
1/31/2020 11:48:35 AM, 3243, 9059.5, 1619.7, 323.765, 220.5587, 161.07, 316.485, 170.4501, 238.8097, 96.185, 30.1503, 63.555, 126.46, 63.1612, 87.61, , , , , 
1/31/2020 11:48:38 AM, 3242.75, 9059.5, 1619.7, 323.745, 220.56, 161.07, 316.4874, 170.46, 238.835, 96.19, 30.1503, 63.555, 126.46, 63.1612, 87.605, , , , , 
1/31/2020 11:48:41 AM, 3243, 9059.5, 1619.6, 323.74, 220.55, 161.045, 316.48, 170.45, 238.75, 96.18, 30.145, 63.55, 126.45, 63.1612, 87.605, , , , , 
1/31/2020 11:48:44 AM, 3242.75, 9059.5, 1619.7, 323.74, 220.565, 161.07, 316.445, 170.4677, 238.71, 96.18, 30.1423, 63.5479, 126.45, 63.1612, 87.61, , , , , 
1/31/2020 11:48:47 AM, 3242.5, 9058.75, 1619.7, 323.71, 220.56, 161.065, 316.4629, 170.48, 238.71, 96.18, 30.14, 63.5479, 126.45, 63.1612, 87.61, , , , , 
1/31/2020 11:48:50 AM, 3243, 9059.75, 1620.1, 323.75, 220.58, 161.105, 316.51, 170.48, 238.76, 96.18, 30.14, 63.545, 126.47, 63.1612, 87.61, , , , , 
1/31/2020 11:48:53 AM, 3242.75, 9059.25, 1620, 323.73, 220.56, 161.09, 316.5062, 170.455, 238.765, 96.18, 30.14, 63.545, 126.461, 63.1612, 87.605, , , , , 
1/31/2020 11:48:56 AM, 3243.5, 9061.25, 1620.4, 323.7801, 220.6, 161.139, 316.6, 170.475, 238.82, 96.2, 30.15, 63.55, 126.47, 63.1612, 87.615, , , , , 
1/31/2020 11:48:59 AM, 3243.25, 9061, 1620.2, 323.77, 220.6, 161.13, 316.5899, 170.47, 238.82, 96.2, 30.15, 63.56, 126.47, 63.1612, 87.615, , , , , 
1/31/2020 11:49:02 AM, 3243.5, 9061.75, 1620.5, 323.79, 220.6, 161.13, 316.58, 170.48, 238.86, 96.2, 30.15, 63.56, 126.47, 63.1612, 87.615, , , , , 
1/31/2020 11:49:05 AM, 3243.75, 9062.25, 1620.6, 323.8175, 220.63, 161.16, 316.624, 170.49, 238.86, 96.21, 30.15, 63.56, 126.49, 63.1612, 87.62, , , , , 
1/31/2020 11:49:08 AM, 3243, 9060.75, 1620.3, 323.79, 220.6, 161.135, 316.5533, 170.455, 238.85, 96.2, 30.15, 63.56, 126.48, 63.1612, 87.62, , , , , 
1/31/2020 11:49:11 AM, 3243.25, 9061, 1620.5, 323.8001, 220.62, 161.14, 316.57, 170.46, 238.85, 96.2, 30.15, 63.56, 126.48, 63.1612, 87.62, , , , , 
1/31/2020 11:49:14 AM, 3243.25, 9060.5, 1620.3, 323.79, 220.595, 161.13, 316.5571, 170.455, 238.89, 96.2, 30.15, 63.56, 126.48, 63.1612, 87.62, , , , , 
1/31/2020 11:49:17 AM, 3243, 9060, 1620.3, 323.78, 220.5832, 161.13, 316.54, 170.4458, 238.885, 96.2, 30.15, 63.56, 126.48, 63.1612, 87.62, , , , , 
1/31/2020 11:49:21 AM, 3243.25, 9060.5, 1620.3, 323.79, 220.59, 161.15, 316.544, 170.455, 238.885, 96.2, 30.15, 63.56, 126.48, 63.1612, 87.62, , , , , 
1/31/2020 11:49:24 AM, 3243.5, 9061.5, 1620.5, 323.78, 220.585, 161.141, 316.5763, 170.445, 238.885, 96.2, 30.15, 63.56, 126.48, 63.1612, 87.62, , , , , 
1/31/2020 11:49:27 AM, 3243.25, 9060.75, 1620.3, 323.78, 220.6, 161.13, 316.6, 170.46, 238.885, 96.2, 30.15, 63.56, 126.48, 63.1612, 87.62, , , , , 
1/31/2020 11:49:30 AM, 3243.25, 9060.75, 1620.4, 323.79, 220.6166, 161.14, 316.6034, 170.44, 238.86, 96.2, 30.15, 63.56, 126.48, 63.1612, 87.62, , , , , 
1/31/2020 11:49:33 AM, 3243, 9060.5, 1620.3, 323.77, 220.6166, 161.13, 316.5685, 170.435, 238.87, 96.19, 30.15, 63.56, 126.46, 63.1612, 87.6199, , , , , 
1/31/2020 11:49:36 AM, 3243, 9059.25, 1620.4, 323.741, 220.58, 161.125, 316.5475, 170.42, 238.902, 96.19, 30.15, 63.555, 126.46, 63.1612, 87.6199, , , , , 
1/31/2020 11:49:39 AM, 3242.75, 9058.25, 1620.1, 323.72, 220.54, 161.11, 316.4869, 170.36, 238.82, 96.17, 30.14, 63.54, 126.45, 63.1612, 87.61, , , , , 
1/31/2020 11:49:42 AM, 3242.75, 9059, 1620.2, 323.7132, 220.56, 161.125, 316.51, 170.35, 238.9, 96.169, 30.145, 63.55, 126.47, 63.1612, 87.61, , , , , 
1/31/2020 11:49:45 AM, 3242.75, 9060, 1620.3, 323.75, 220.57, 161.135, 316.59, 170.35, 238.9, 96.18, 30.15, 63.547, 126.47, 63.1612, 87.61, , , , , 
1/31/2020 11:49:48 AM, 3242.75, 9060.25, 1620.5, 323.75, 220.5892, 161.15, 316.63, 170.34, 238.89, 96.18, 30.15, 63.547, 126.49, 63.1612, 87.61, , , , , 
1/31/2020 11:49:51 AM, 3242.75, 9060.25, 1620.5, 323.75, 220.61, 161.15, 316.64, 170.41, 238.993, 96.18, 30.15, 63.547, 126.49, 63.1612, 87.61, , , , , 
1/31/2020 11:49:54 AM, 3243.25, 9061.75, 1621.2, 323.795, 220.61, 161.18, 316.64, 170.41, 238.993, 96.18, 30.1507, 63.555, 126.51, 63.1612, 87.61, , , , , 
1/31/2020 11:49:57 AM, 3243, 9060.75, 1620.7, 323.75, 220.57, 161.2, 316.64, 170.35, 238.86, 96.19, 30.155, 63.545, 126.5, 63.1612, 87.61, , , , , 
1/31/2020 11:50:00 AM, 3243, 9060, 1620.9, 323.77, 220.5868, 161.18, 316.6625, 170.3854, 238.84, 96.19, 30.155, 63.545, 126.5, 63.1612, 87.61, , , , , 
1/31/2020 11:50:03 AM, 3243.25, 9061, 1621, 323.795, 220.59, 161.2, 316.61, 170.375, 238.8567, 96.19, 30.155, 63.56, 126.5, 63.1612, 87.61, , , , , 
1/31/2020 11:50:06 AM, 3243, 9059.25, 1620.6, 323.74, 220.57, 161.16, 316.61, 170.35, 238.8567, 96.1787, 30.15, 63.56, 126.5, 63.1612, 87.61, , , , , 
1/31/2020 11:50:09 AM, 3243, 9059.5, 1620.6, 323.7554, 220.56, 161.175, 316.625, 170.36, 238.8567, 96.1775, 30.15, 63.555, 126.5, 63.1612, 87.61, , , , , 
1/31/2020 11:50:12 AM, 3242.25, 9057.5, 1620.3, 323.69, 220.52, 161.12, 316.5448, 170.3115, 238.8, 96.15, 30.14, 63.54, 126.47, 63.1612, 87.6016, , , , , 
1/31/2020 11:50:15 AM, 3242.25, 9057.5, 1620.1, 323.69, 220.52, 161.12, 316.5448, 170.3115, 238.8, 96.15, 30.14, 63.54, 126.47, 63.1612, 87.6016, , , , , 
1/31/2020 11:50:18 AM, 3241.75, 9056.25, 1619.6, 323.61, 220.46, 161.07, 316.45, 170.2868, 238.7, 96.13, 30.13, 63.53, 126.42, 63.1612, 87.6, , , , , 
1/31/2020 11:50:21 AM, 3241.5, 9055.75, 1619.7, 323.61, 220.46, 161.07, 316.45, 170.2868, 238.7, 96.13, 30.13, 63.53, 126.42, 63.1612, 87.6, , , , , 
1/31/2020 11:50:24 AM, 3241.75, 9055.5, 1619.7, 323.65, 220.48, 161.06, 316.55, 170.3, 238.7159, 96.14, 30.13, 63.535, 126.42, 63.1612, 87.6, , , , , 
1/31/2020 11:50:27 AM, 3242, 9056.25, 1619.5, 323.65, 220.48, 161.06, 316.55, 170.3, 238.7159, 96.14, 30.13, 63.535, 126.42, 63.1612, 87.6, , , , , 
1/31/2020 11:50:30 AM, 3241.75, 9056.25, 1619.6, 323.67, 220.4982, 161.07, 316.55, 170.34, 238.6401, 96.14, 30.15, 63.535, 126.42, 63.1612, 87.6087, , , , , 
1/31/2020 11:50:33 AM, 3242.25, 9056.5, 1619.7, 323.67, 220.4982, 161.07, 316.55, 170.34, 238.6401, 96.14, 30.15, 63.535, 126.42, 63.1612, 87.6087, , , , , 
1/31/2020 11:50:36 AM, 3241.75, 9054.75, 1619.4, 323.63, 220.46, 161.055, 316.51, 170.29, 238.768, 96.13, 30.1402, 63.53, 126.42, 63.1612, 87.6054, , , , , 
1/31/2020 11:50:39 AM, 3241.75, 9055.75, 1619.7, 323.63, 220.46, 161.055, 316.51, 170.29, 238.768, 96.13, 30.1402, 63.53, 126.42, 63.1612, 87.6054, , , , , 
1/31/2020 11:50:42 AM, 3242, 9056.25, 1619.6, 323.67, 220.49, 161.08, 316.5302, 170.3, 238.81, 96.14, 30.145, 63.53, 126.43, 63.1612, 87.6, , , , , 
1/31/2020 11:50:45 AM, 3242, 9056.25, 1619.6, 323.67, 220.49, 161.08, 316.5302, 170.3, 238.81, 96.14, 30.145, 63.53, 126.43, 63.1612, 87.6, , , , , 
1/31/2020 11:50:48 AM, 3242.25, 9056.25, 1619.7, 323.66, 220.48, 161.06, 316.55, 170.3136, 238.845, 96.15, 30.145, 63.525, 126.43, 63.1612, 87.6, , , , , 
1/31/2020 11:50:51 AM, 3242, 9056.25, 1619.7, 323.66, 220.48, 161.06, 316.55, 170.3136, 238.845, 96.15, 30.145, 63.525, 126.43, 63.1612, 87.6, , , , , 
1/31/2020 11:50:54 AM, 3242, 9056.25, 1619.8, 323.68, 220.5, 161.0932, 316.58, 170.33, 238.9244, 96.1554, 30.15, 63.515, 126.43, 63.1612, 87.6, , , , , 
1/31/2020 11:50:57 AM, 3242.25, 9056.5, 1619.9, 323.68, 220.5, 161.0932, 316.58, 170.33, 238.9244, 96.1554, 30.15, 63.515, 126.43, 63.1612, 87.6, , , , , 
1/31/2020 11:51:00 AM, 3242, 9055.75, 1619.7, 323.65, 220.47, 161.08, 316.51, 170.27, 238.815, 96.14, 30.145, 63.52, 126.43, 63.1612, 87.6, , , , , 
1/31/2020 11:51:03 AM, 3241.75, 9054.75, 1619.8, 323.65, 220.47, 161.08, 316.51, 170.27, 238.815, 96.14, 30.145, 63.52, 126.43, 63.1612, 87.6, , , , , 
1/31/2020 11:51:06 AM, 3241.5, 9053.5, 1619.5, 323.64, 220.4405, 161.085, 316.4, 170.24, 238.815, 96.13, 30.15, 63.52, 126.42, 63.1612, 87.6, , , , , 
1/31/2020 11:51:09 AM, 3241.75, 9054.75, 1619.9, 323.64, 220.4405, 161.085, 316.4, 170.24, 238.815, 96.13, 30.15, 63.52, 126.42, 63.1612, 87.6, , , , , 
1/31/2020 11:51:12 AM, 3242, 9055.5, 1620, 323.69, 220.4813, 161.12, 316.49, 170.3, 238.93, 96.15, 30.15, 63.525, 126.43, 63.1612, 87.6055, , , , , 
1/31/2020 11:51:15 AM, 3242.25, 9056.25, 1620, 323.69, 220.4813, 161.12, 316.49, 170.3, 238.93, 96.15, 30.15, 63.525, 126.43, 63.1612, 87.6055, , , , , 
1/31/2020 11:51:18 AM, 3242.5, 9056.25, 1620, 323.7, 220.49, 161.11, 316.46, 170.32, 238.95, 96.14, 30.155, 63.525, 126.43, 63.1612, 87.6055, , , , , 
1/31/2020 11:51:21 AM, 3242.25, 9056.25, 1620.2, 323.7, 220.49, 161.11, 316.46, 170.32, 238.95, 96.14, 30.155, 63.525, 126.43, 63.1612, 87.6055, , , , , 
1/31/2020 11:51:24 AM, 3241.5, 9053.75, 1619.7, 323.6, 220.43, 161.08, 316.39, 170.23, 238.8, 96.12, 30.145, 63.51, 126.41, 63.1612, 87.6, , , , , 
1/31/2020 11:51:28 AM, 3241.25, 9054, 1619.8, 323.6, 220.43, 161.08, 316.39, 170.23, 238.8, 96.12, 30.145, 63.51, 126.41, 63.1612, 87.6, , , , , 
1/31/2020 11:51:31 AM, 3241.5, 9054.5, 1619.9, 323.6, 220.45, 161.085, 316.27, 170.26, 238.7896, 96.1018, 30.145, 63.51, 126.43, 63.1612, 87.605, , , , , 
1/31/2020 11:51:34 AM, 3241.5, 9054, 1619.8, 323.6, 220.45, 161.085, 316.27, 170.26, 238.7896, 96.1018, 30.145, 63.51, 126.43, 63.1612, 87.605, , , , , 
1/31/2020 11:51:37 AM, 3241.5, 9054.75, 1619.9, 323.61, 220.44, 161.1, 316.31, 170.28, 238.76, 96.13, 30.145, 63.51, 126.42, 63.1612, 87.605, , , , , 
1/31/2020 11:51:40 AM, 3241.5, 9054.75, 1620.1, 323.61, 220.44, 161.1, 316.31, 170.28, 238.76, 96.13, 30.145, 63.51, 126.42, 63.1612, 87.605, , , , , 
1/31/2020 11:51:43 AM, 3241.75, 9055, 1620.1, 323.58, 220.4299, 161.095, 316.3, 170.27, 238.76, 96.12, 30.14, 63.5, 126.42, 63.1612, 87.605, , , , , 
1/31/2020 11:51:46 AM, 3241.25, 9054.25, 1619.8, 323.58, 220.4299, 161.095, 316.3, 170.27, 238.76, 96.12, 30.14, 63.5, 126.42, 63.1612, 87.605, , , , , 
1/31/2020 11:51:49 AM, 3241.5, 9055.75, 1620, 323.618, 220.46, 161.09, 316.27, 170.29, 238.86, 96.1204, 30.14, 63.505, 126.43, 63.1612, 87.605, , , , , 
1/31/2020 11:51:52 AM, 3241.5, 9055.25, 1619.9, 323.618, 220.46, 161.09, 316.27, 170.29, 238.86, 96.1204, 30.14, 63.505, 126.43, 63.1612, 87.605, , , , , 
1/31/2020 11:51:55 AM, 3241.25, 9054.25, 1619.7, 323.555, 220.45, 161.06, 316.2363, 170.28, 238.8041, 96.12, 30.135, 63.5, 126.43, 63.1612, 87.605, , , , , 
1/31/2020 11:51:58 AM, 3241, 9054, 1619.6, 323.555, 220.45, 161.06, 316.2363, 170.28, 238.8041, 96.12, 30.135, 63.5, 126.43, 63.1612, 87.605, , , , , 
1/31/2020 11:52:01 AM, 3241, 9053.75, 1619.6, 323.55, 220.41, 161.05, 316.16, 170.28, 238.8, 96.11, 30.132, 63.505, 126.43, 63.1612, 87.605, , , , , 
1/31/2020 11:52:04 AM, 3240.75, 9053.25, 1619.5, 323.55, 220.41, 161.05, 316.16, 170.28, 238.8, 96.11, 30.132, 63.505, 126.43, 63.1612, 87.605, , , , , 
1/31/2020 11:52:07 AM, 3240.75, 9052.75, 1619.4, 323.55, 220.41, 161.06, 316.17, 170.29, 238.73, 96.12, 30.14, 63.505, 126.43, 63.1612, 87.595, , , , , 
1/31/2020 11:52:10 AM, 3241, 9053, 1619.7, 323.55, 220.41, 161.06, 316.17, 170.29, 238.73, 96.12, 30.14, 63.505, 126.43, 63.1612, 87.595, , , , , 
1/31/2020 11:52:13 AM, 3241, 9054, 1619.8, 323.58, 220.45, 161.09, 316.17, 170.289, 238.83, 96.13, 30.145, 63.505, 126.41, 63.1612, 87.6, , , , , 
1/31/2020 11:52:16 AM, 3241, 9053.5, 1619.7, 323.58, 220.45, 161.09, 316.17, 170.289, 238.83, 96.13, 30.145, 63.505, 126.41, 63.1612, 87.6, , , , , 
1/31/2020 11:52:19 AM, 3241.25, 9053.75, 1619.7, 323.599, 220.43, 161.07, 316.1898, 170.325, 238.8, 96.12, 30.145, 63.5, 126.41, 63.1612, 87.6, , , , , 
1/31/2020 11:52:22 AM, 3242, 9055.75, 1620.3, 323.66, 220.47, 161.115, 316.22, 170.34, 238.89, 96.15, 30.145, 63.515, 126.43, 63.1612, 87.61, , , , , 
1/31/2020 11:52:25 AM, 3242, 9055.75, 1620.3, 323.645, 220.46, 161.12, 316.26, 170.34, 238.905, 96.15, 30.145, 63.515, 126.43, 63.1612, 87.61, , , , , 
1/31/2020 11:52:28 AM, 3242, 9056, 1620.4, 323.6587, 220.48, 161.15, 316.3, 170.34, 238.87, 96.15, 30.15, 63.505, 126.43, 63.1612, 87.61, , , , , 
1/31/2020 11:52:31 AM, 3242, 9056, 1620.4, 323.63, 220.46, 161.13, 316.25, 170.32, 238.87, 96.14, 30.145, 63.5, 126.42, 63.1612, 87.61, , , , , 
1/31/2020 11:52:34 AM, 3241.5, 9054.5, 1620.2, 323.6, 220.46, 161.12, 316.23, 170.3208, 238.86, 96.13, 30.15, 63.5, 126.42, 63.1612, 87.61, , , , , 
1/31/2020 11:52:37 AM, 3241.5, 9054.5, 1620.2, 323.63, 220.445, 161.13, 316.2373, 170.32, 238.87, 96.13, 30.14, 63.51, 126.42, 63.1612, 87.61, , , , , 
1/31/2020 11:52:40 AM, 3241.5, 9054.5, 1620.3, 323.6032, 220.43, 161.13, 316.15, 170.32, 238.87, 96.1264, 30.15, 63.505, 126.41, 63.1612, 87.61, , , , , 
1/31/2020 11:52:43 AM, 3241.5, 9054.5, 1620.3, 323.59, 220.41, 161.12, 316.1372, 170.27, 238.87, 96.12, 30.15, 63.505, 126.4, 63.1612, 87.61, , , , , 
1/31/2020 11:52:46 AM, 3241.25, 9053, 1620.1, 323.6, 220.41, 161.12, 316.135, 170.27, 238.87, 96.12, 30.15, 63.505, 126.4, 63.1612, 87.61, , , , , 
1/31/2020 11:52:49 AM, 3241.25, 9053, 1620.1, 323.5723, 220.39, 161.11, 316.07, 170.26, 238.87, 96.12, 30.1439, 63.505, 126.4, 63.1612, 87.61, , , , , 
1/31/2020 11:52:52 AM, 3241, 9052.25, 1619.9, 323.54, 220.38, 161.08, 316.02, 170.26, 238.8091, 96.1, 30.145, 63.5, 126.39, 63.1612, 87.605, , , , , 
1/31/2020 11:52:55 AM, 3241, 9052.25, 1619.9, 323.548, 220.38, 161.09, 316.03, 170.28, 238.77, 96.1, 30.1438, 63.5, 126.39, 63.1612, 87.605, , , , , 
1/31/2020 11:52:58 AM, 3240.75, 9051.25, 1619.9, 323.53, 220.37, 161.095, 315.9401, 170.2401, 238.83, 96.09, 30.14, 63.5, 126.38, 63.1612, 87.605, , , , , 
1/31/2020 11:53:01 AM, 3240.75, 9051.25, 1619.9, 323.528, 220.36, 161.095, 315.95, 170.24, 238.77, 96.09, 30.1429, 63.5, 126.37, 63.1612, 87.605, , , , , 
1/31/2020 11:53:04 AM, 3240.5, 9051, 1619.9, 323.5211, 220.36, 161.08, 315.97, 170.23, 238.77, 96.09, 30.1429, 63.5, 126.37, 63.1612, 87.6, , , , , 
1/31/2020 11:53:07 AM, 3240.5, 9051, 1619.9, 323.5211, 220.38, 161.105, 315.9995, 170.235, 238.8012, 96.1, 30.145, 63.5, 126.3734, 63.1612, 87.6, , , , , 
1/31/2020 11:53:10 AM, 3241, 9051.5, 1619.9, 323.5494, 220.3679, 161.09, 315.8562, 170.23, 238.8012, 96.09, 30.1446, 63.5, 126.38, 63.1612, 87.6, , , , , 
1/31/2020 11:53:13 AM, 3241, 9051.5, 1619.9, 323.595, 220.4, 161.12, 315.89, 170.24, 238.8012, 96.1, 30.1501, 63.5, 126.395, 63.1612, 87.6, , , , , 
1/31/2020 11:53:16 AM, 3241.5, 9052.75, 1620.5, 323.6, 220.41, 161.1335, 315.89, 170.25, 238.8012, 96.1, 30.1544, 63.505, 126.395, 63.1612, 87.6, , , , , 
1/31/2020 11:53:19 AM, 3241.5, 9052.75, 1620.5, 323.62, 220.415, 161.1335, 315.88, 170.2501, 238.8012, 96.11, 30.1544, 63.505, 126.42, 63.1612, 87.6, , , , , 
1/31/2020 11:53:23 AM, 3241.5, 9052.75, 1620.6, 323.6, 220.39, 161.15, 315.905, 170.2608, 238.86, 96.1064, 30.1544, 63.505, 126.41, 63.1612, 87.6, , , , , 
1/31/2020 11:53:26 AM, 3241.5, 9052.75, 1620.6, 323.58, 220.4, 161.14, 315.87, 170.245, 238.87, 96.1, 30.15, 63.5, 126.4, 63.1612, 87.6, , , , , 
1/31/2020 11:53:29 AM, 3241, 9051.75, 1620.6, 323.58, 220.36, 161.145, 315.86, 170.214, 238.75, 96.09, 30.15, 63.5, 126.38, 63.1612, 87.6, , , , , 
1/31/2020 11:53:32 AM, 3241, 9051.75, 1620.6, 323.59, 220.38, 161.16, 315.87, 170.23, 238.8067, 96.1, 30.15, 63.5, 126.38, 63.1612, 87.6, , , , , 
1/31/2020 11:53:35 AM, 3241.75, 9052.5, 1621.1, 323.6, 220.39, 161.185, 315.89, 170.24, 238.8067, 96.11, 30.155, 63.5, 126.39, 63.1612, 87.6, , , , , 
1/31/2020 11:53:38 AM, 3241.75, 9052.5, 1621.1, 323.6299, 220.4064, 161.22, 315.9, 170.25, 238.8067, 96.11, 30.155, 63.515, 126.39, 63.1612, 87.61, , , , , 
1/31/2020 11:53:41 AM, 3242, 9053.25, 1621.4, 323.64, 220.41, 161.24, 315.93, 170.266, 238.91, 96.11, 30.1585, 63.515, 126.41, 63.1612, 87.61, , , , , 
1/31/2020 11:53:44 AM, 3242, 9053.25, 1621.4, 323.69, 220.46, 161.285, 315.9217, 170.27, 238.91, 96.13, 30.17, 63.52, 126.42, 63.1612, 87.615, , , , , 
1/31/2020 11:53:47 AM, 3242.5, 9055.75, 1621.8, 323.71, 220.47, 161.27, 315.89, 170.32, 238.93, 96.14, 30.17, 63.52, 126.43, 63.1612, 87.62, , , , , 
1/31/2020 11:53:50 AM, 3242.5, 9055.75, 1621.8, 323.62, 220.4, 161.23, 315.8542, 170.215, 238.79, 96.1, 30.165, 63.51, 126.39, 63.1612, 87.61, , , , , 
1/31/2020 11:53:53 AM, 3241.75, 9053, 1621.3, 323.63, 220.4122, 161.25, 315.845, 170.233, 238.8332, 96.1, 30.155, 63.51, 126.39, 63.1612, 87.61, , , , , 
1/31/2020 11:53:56 AM, 3241.75, 9053, 1621.3, 323.62, 220.4063, 161.24, 315.8162, 170.2369, 238.879, 96.1, 30.155, 63.505, 126.39, 63.1612, 87.61, , , , , 
1/31/2020 11:53:59 AM, 3241.75, 9052.75, 1621.3, 323.62, 220.4081, 161.24, 315.825, 170.2342, 238.879, 96.1, 30.155, 63.51, 126.39, 63.1612, 87.609, , , , , 
1/31/2020 11:54:02 AM, 3241.75, 9052.75, 1621.3, 323.62, 220.39, 161.245, 315.8, 170.23, 238.81, 96.1, 30.155, 63.51, 126.39, 63.1612, 87.609, , , , , 
1/31/2020 11:54:05 AM, 3241, 9051.5, 1621.2, 323.58, 220.375, 161.2108, 315.8152, 170.2219, 238.78, 96.1, 30.15, 63.51, 126.37, 63.1612, 87.609, , , , , 
1/31/2020 11:54:08 AM, 3241, 9051.5, 1621.2, 323.58, 220.375, 161.2108, 315.8152, 170.2219, 238.78, 96.1, 30.15, 63.51, 126.37, 63.1612, 87.609, , , , , 
1/31/2020 11:54:11 AM, 3241, 9051.5, 1621.2, 323.5502, 220.35, 161.2, 315.78, 170.18, 238.76, 96.08, 30.16, 63.51, 126.35, 63.1612, 87.609, , , , , 
1/31/2020 11:54:14 AM, 3240.75, 9051, 1621, 323.56, 220.37, 161.2, 315.84, 170.195, 238.76, 96.09, 30.15, 63.505, 126.35, 63.1612, 87.605, , , , , 
1/31/2020 11:54:17 AM, 3241.25, 9052.25, 1621.3, 323.578, 220.39, 161.215, 315.8118, 170.215, 238.76, 96.1, 30.15, 63.505, 126.35, 63.1612, 87.605, , , , , 
1/31/2020 11:54:20 AM, 3241.75, 9054, 1621.7, 323.62, 220.4201, 161.26, 315.88, 170.23, 238.9, 96.1164, 30.16, 63.51, 126.37, 63.1612, 87.605, , , , , 
1/31/2020 11:54:23 AM, 3241.5, 9052.75, 1621.5, 323.62, 220.43, 161.26, 315.905, 170.24, 238.9, 96.11, 30.16, 63.52, 126.38, 63.1612, 87.61, , , , , 
1/31/2020 11:54:26 AM, 3241.25, 9052.75, 1621.5, 323.59, 220.39, 161.24, 315.86, 170.23, 238.9, 96.1, 30.16, 63.515, 126.37, 63.1612, 87.61, , , , , 
1/31/2020 11:54:29 AM, 3241.25, 9052.75, 1621.3, 323.59, 220.4, 161.22, 315.8799, 170.24, 238.88, 96.1, 30.16, 63.51, 126.37, 63.1612, 87.605, , , , , 
1/31/2020 11:54:32 AM, 3241.5, 9053.5, 1621.5, 323.62, 220.42, 161.25, 315.8362, 170.24, 238.88, 96.11, 30.155, 63.51, 126.37, 63.1612, 87.61, , , , , 
1/31/2020 11:54:35 AM, 3242, 9055, 1621.9, 323.6567, 220.43, 161.27, 315.84, 170.27, 238.975, 96.119, 30.16, 63.51, 126.385, 63.1612, 87.61, , , , , 
1/31/2020 11:54:38 AM, 3241.75, 9054.25, 1621.5, 323.64, 220.45, 161.265, 315.8996, 170.28, 238.975, 96.12, 30.17, 63.515, 126.38, 63.1612, 87.61, , , , , 
1/31/2020 11:54:41 AM, 3242, 9056, 1621.8, 323.67, 220.45, 161.255, 315.878, 170.285, 238.975, 96.12, 30.17, 63.515, 126.38, 63.1612, 87.61, , , , , 
1/31/2020 11:54:44 AM, 3242.5, 9056.25, 1621.7, 323.69, 220.48, 161.275, 315.89, 170.31, 239.1195, 96.13, 30.165, 63.515, 126.41, 63.1612, 87.62, , , , , 
1/31/2020 11:54:47 AM, 3242.25, 9056.5, 1621.8, 323.71, 220.48, 161.2729, 315.8954, 170.3, 239.11, 96.13, 30.1656, 63.515, 126.41, 63.1612, 87.62, , , , , 
1/31/2020 11:54:50 AM, 3242.5, 9057.75, 1622, 323.71, 220.49, 161.2729, 315.9, 170.3, 239.11, 96.13, 30.17, 63.515, 126.41, 63.1612, 87.62, , , , , 
1/31/2020 11:54:53 AM, 3243.5, 9060, 1622.6, 323.8, 220.57, 161.34, 316.02, 170.36, 239.285, 96.17, 30.17, 63.53, 126.45, 63.1612, 87.625, , , , , 
1/31/2020 11:54:56 AM, 3243.25, 9060, 1622.5, 323.8, 220.59, 161.34, 316.09, 170.375, 239.28, 96.173, 30.17, 63.53, 126.45, 63.1612, 87.625, , , , , 
1/31/2020 11:54:59 AM, 3243.5, 9060.75, 1622.7, 323.81, 220.6, 161.37, 316.08, 170.37, 239.35, 96.18, 30.17, 63.54, 126.46, 63.1612, 87.63, , , , , 
1/31/2020 11:55:02 AM, 3243.5, 9060.25, 1622.8, 323.83, 220.61, 161.37, 316.14, 170.37, 239.32, 96.18, 30.18, 63.54, 126.47, 63.1612, 87.63, , , , , 
1/31/2020 11:55:05 AM, 3243.25, 9060, 1622.7, 323.8, 220.5798, 161.37, 316.07, 170.365, 239.2522, 96.1721, 30.1744, 63.535, 126.45, 63.1612, 87.63, , , , , 
1/31/2020 11:55:08 AM, 3243.75, 9061.5, 1623, 323.85, 220.62, 161.4, 316.17, 170.41, 239.25, 96.18, 30.18, 63.54, 126.46, 63.1612, 87.63, , , , , 
1/31/2020 11:55:11 AM, 3243.25, 9059.75, 1622.4, 323.79, 220.61, 161.345, 316.15, 170.3813, 239.29, 96.18, 30.175, 63.53, 126.45, 63.1612, 87.63, , , , , 
1/31/2020 11:55:14 AM, 3243.75, 9061.75, 1622.8, 323.82, 220.6, 161.36, 316.13, 170.42, 239.29, 96.19, 30.18, 63.53, 126.45, 63.1612, 87.63, , , , , 
1/31/2020 11:55:17 AM, 3243.75, 9061.5, 1622.8, 323.82, 220.61, 161.375, 316.18, 170.4325, 239.345, 96.1917, 30.175, 63.535, 126.45, 63.1612, 87.63, , , , , 
1/31/2020 11:55:20 AM, 3243.75, 9061.25, 1622.7, 323.82, 220.6, 161.35, 316.14, 170.44, 239.3231, 96.19, 30.175, 63.535, 126.44, 63.1612, 87.63, , , , , 
1/31/2020 11:55:23 AM, 3243.5, 9060.75, 1622.6, 323.8, 220.585, 161.34, 316.16, 170.4, 239.3967, 96.2, 30.18, 63.535, 126.44, 63.1612, 87.63, , , , , 
1/31/2020 11:55:26 AM, 3243.5, 9061.75, 1622.7, 323.81, 220.61, 161.36, 316.15, 170.41, 239.41, 96.1939, 30.18, 63.5364, 126.44, 63.1612, 87.63, , , , , 
1/31/2020 11:55:29 AM, 3243.75, 9061.5, 1622.7, 323.83, 220.62, 161.36, 316.14, 170.4308, 239.34, 96.2, 30.175, 63.5364, 126.44, 63.1612, 87.63, , , , , 
1/31/2020 11:55:32 AM, 3243.75, 9062.75, 1622.6, 323.855, 220.63, 161.36, 316.19, 170.45, 239.36, 96.205, 30.185, 63.535, 126.46, 63.1612, 87.63, , , , , 
1/31/2020 11:55:35 AM, 3243.75, 9062.75, 1622.6, 323.85, 220.65, 161.36, 316.22, 170.4501, 239.34, 96.205, 30.18, 63.535, 126.46, 63.1612, 87.625, , , , , 
1/31/2020 11:55:38 AM, 3243.75, 9062, 1622.2, 323.86, 220.65, 161.34, 316.3, 170.48, 239.39, 96.21, 30.18, 63.53, 126.45, 63.1612, 87.635, , , , , 
1/31/2020 11:55:41 AM, 3243.75, 9061.25, 1622.2, 323.85, 220.64, 161.32, 316.19, 170.4799, 239.37, 96.21, 30.18, 63.525, 126.46, 63.1612, 87.6383, , , , , 
1/31/2020 11:55:44 AM, 3243.75, 9062, 1622.2, 323.83, 220.6272, 161.3134, 316.17, 170.46, 239.3678, 96.2, 30.18, 63.52, 126.45, 63.1612, 87.635, , , , , 
1/31/2020 11:55:47 AM, 3244, 9062.5, 1622.3, 323.86, 220.64, 161.33, 316.18, 170.4864, 239.43, 96.21, 30.19, 63.52, 126.46, 63.1612, 87.64, , , , , 
1/31/2020 11:55:50 AM, 3244.25, 9062.75, 1622.1, 323.87, 220.645, 161.32, 316.2256, 170.485, 239.44, 96.21, 30.19, 63.52, 126.46, 63.1612, 87.64, , , , , 
1/31/2020 11:55:54 AM, 3244.25, 9063.75, 1622.1, 323.88, 220.66, 161.32, 316.28, 170.5, 239.384, 96.22, 30.19, 63.538, 126.47, 63.1612, 87.64, , , , , 
1/31/2020 11:55:57 AM, 3244.25, 9063.5, 1622.2, 323.89, 220.67, 161.32, 316.32, 170.515, 239.4153, 96.23, 30.19, 63.535, 126.48, 63.1612, 87.64, , , , , 
1/31/2020 11:56:00 AM, 3244.5, 9063.25, 1622.2, 323.89, 220.66, 161.33, 316.3537, 170.51, 239.44, 96.23, 30.19, 63.535, 126.48, 63.1612, 87.65, , , , , 
1/31/2020 11:56:03 AM, 3243.75, 9061.25, 1621.8, 323.845, 220.64, 161.29, 316.32, 170.5, 239.41, 96.22, 30.18, 63.533, 126.47, 63.1612, 87.64, , , , , 
1/31/2020 11:56:06 AM, 3243.5, 9060.5, 1621.9, 323.82, 220.6195, 161.3, 316.22, 170.5, 239.325, 96.21, 30.18, 63.53, 126.46, 63.296, 87.64, , , , , 
1/31/2020 11:56:09 AM, 3243.5, 9060.75, 1622, 323.82, 220.6, 161.2917, 316.17, 170.475, 239.34, 96.2, 30.18, 63.53, 126.46, 63.296, 87.63, , , , , 
1/31/2020 11:56:12 AM, 3244, 9062.5, 1622.3, 323.85, 220.62, 161.33, 316.2838, 170.49, 239.315, 96.2166, 30.18, 63.53, 126.46, 63.296, 87.63, , , , , 
1/31/2020 11:56:15 AM, 3243.75, 9062.5, 1622.3, 323.84, 220.63, 161.33, 316.2737, 170.485, 239.315, 96.22, 30.18, 63.53, 126.46, 63.296, 87.63, , , , , 
1/31/2020 11:56:18 AM, 3244, 9063.5, 1622.4, 323.87, 220.66, 161.335, 316.3, 170.51, 239.315, 96.22, 30.19, 63.53, 126.47, 63.296, 87.63, , , , , 
1/31/2020 11:56:21 AM, 3244, 9062.75, 1622.3, 323.8571, 220.65, 161.31, 316.3326, 170.51, 239.37, 96.23, 30.185, 63.53, 126.47, 63.296, 87.63, , , , , 
1/31/2020 11:56:24 AM, 3243.75, 9062.5, 1622.2, 323.83, 220.64, 161.3169, 316.324, 170.5199, 239.37, 96.23, 30.19, 63.525, 126.46, 63.296, 87.63, , , , , 
1/31/2020 11:56:27 AM, 3243.5, 9062.75, 1622.1, 323.83, 220.64, 161.3, 316.3323, 170.5164, 239.3931, 96.23, 30.19, 63.51, 126.46, 63.296, 87.63, , , , , 
1/31/2020 11:56:30 AM, 3244.25, 9063.75, 1622.3, 323.8525, 220.65, 161.31, 316.4, 170.51, 239.385, 96.23, 30.19, 63.515, 126.46, 63.296, 87.63, , , , , 
1/31/2020 11:56:33 AM, 3244.25, 9063.5, 1622.5, 323.88, 220.6774, 161.34, 316.43, 170.549, 239.4447, 96.24, 30.19, 63.515, 126.47, 63.296, 87.63, , , , , 
1/31/2020 11:56:36 AM, 3244, 9064.25, 1622.4, 323.87, 220.665, 161.34, 316.47, 170.5373, 239.4166, 96.2464, 30.19, 63.52, 126.48, 63.296, 87.63, , , , , 
1/31/2020 11:56:39 AM, 3244, 9064.25, 1622.4, 323.88, 220.6733, 161.3401, 316.49, 170.5373, 239.4392, 96.2464, 30.19, 63.5164, 126.48, 63.296, 87.63, , , , , 
1/31/2020 11:56:42 AM, 3244.25, 9063.75, 1622.4, 323.87, 220.685, 161.34, 316.48, 170.535, 239.4392, 96.24, 30.185, 63.5292, 126.48, 63.296, 87.63, , , , , 
1/31/2020 11:56:45 AM, 3244.75, 9065, 1622.7, 323.92, 220.69, 161.37, 316.57, 170.55, 239.4078, 96.24, 30.2, 63.53, 126.505, 63.296, 87.63, , , , , 
1/31/2020 11:56:48 AM, 3245, 9066.75, 1623.1, 323.96, 220.73, 161.4, 316.5267, 170.56, 239.55, 96.2621, 30.195, 63.53, 126.52, 63.296, 87.65, , , , , 
1/31/2020 11:56:51 AM, 3245, 9066.5, 1623, 323.95, 220.72, 161.4, 316.575, 170.56, 239.5826, 96.2621, 30.2, 63.535, 126.52, 63.296, 87.65, , , , , 
1/31/2020 11:56:54 AM, 3244.5, 9064.75, 1622.7, 323.895, 220.69, 161.37, 316.4891, 170.53, 239.5, 96.25, 30.2, 63.535, 126.49, 63.296, 87.64, , , , , 
1/31/2020 11:56:57 AM, 3244.25, 9063.25, 1622.6, 323.895, 220.69, 161.37, 316.4891, 170.53, 239.5, 96.25, 30.2, 63.535, 126.49, 63.296, 87.64, , , , , 
1/31/2020 11:57:00 AM, 3243.75, 9063.25, 1622.4, 323.85, 220.67, 161.34, 316.521, 170.515, 239.4359, 96.24, 30.185, 63.52, 126.48, 63.296, 87.63, , , , , 
1/31/2020 11:57:03 AM, 3244, 9064, 1622.5, 323.86, 220.67, 161.345, 316.521, 170.515, 239.4359, 96.24, 30.1896, 63.525, 126.48, 63.296, 87.63, , , , , 
1/31/2020 11:57:06 AM, 3244, 9063.75, 1622.5, 323.89, 220.69, 161.38, 316.49, 170.5272, 239.44, 96.25, 30.19, 63.525, 126.5, 63.296, 87.63, , , , , 
1/31/2020 11:57:09 AM, 3244.25, 9065.5, 1622.8, 323.89, 220.69, 161.38, 316.49, 170.5272, 239.44, 96.25, 30.19, 63.525, 126.5, 63.296, 87.63, , , , , 
1/31/2020 11:57:12 AM, 3244, 9065, 1622.9, 323.88, 220.7066, 161.39, 316.5243, 170.54, 239.4166, 96.2518, 30.19, 63.525, 126.49, 63.296, 87.63, , , , , 
1/31/2020 11:57:15 AM, 3244, 9065.25, 1622.9, 323.88, 220.7066, 161.39, 316.5243, 170.54, 239.4166, 96.2518, 30.19, 63.525, 126.49, 63.296, 87.63, , , , , 
1/31/2020 11:57:18 AM, 3244, 9064, 1622.9, 323.85, 220.68, 161.37, 316.4422, 170.515, 239.49, 96.24, 30.19, 63.53, 126.48, 63.296, 87.63, , , , , 
1/31/2020 11:57:21 AM, 3244, 9064.5, 1622.9, 323.85, 220.68, 161.37, 316.4422, 170.515, 239.49, 96.24, 30.19, 63.53, 126.48, 63.296, 87.63, , , , , 
1/31/2020 11:57:24 AM, 3244.25, 9065, 1622.7, 323.9, 220.7, 161.37, 316.5053, 170.5477, 239.5017, 96.26, 30.19, 63.54, 126.4866, 63.296, 87.63, , , , , 
1/31/2020 11:57:27 AM, 3244.5, 9066, 1622.9, 323.9, 220.7, 161.37, 316.5053, 170.5477, 239.5017, 96.26, 30.19, 63.54, 126.4866, 63.296, 87.63, , , , , 
1/31/2020 11:57:30 AM, 3244.75, 9066.5, 1623, 323.899, 220.72, 161.38, 316.46, 170.5449, 239.574, 96.27, 30.19, 63.535, 126.5, 63.296, 87.63, , , , , 
1/31/2020 11:57:33 AM, 3244.5, 9065.25, 1622.7, 323.899, 220.72, 161.38, 316.46, 170.5449, 239.574, 96.27, 30.19, 63.535, 126.5, 63.296, 87.63, , , , , 
1/31/2020 11:57:36 AM, 3244.25, 9064.75, 1622.5, 323.875, 220.69, 161.33, 316.4943, 170.54, 239.69, 96.27, 30.19, 63.535, 126.49, 63.296, 87.63, , , , , 
1/31/2020 11:57:39 AM, 3244.25, 9065, 1622.3, 323.875, 220.69, 161.33, 316.4943, 170.54, 239.69, 96.27, 30.19, 63.535, 126.49, 63.296, 87.63, , , , , 
1/31/2020 11:57:42 AM, 3244.25, 9065.75, 1622.3, 323.91, 220.73, 161.34, 316.5575, 170.5799, 239.642, 96.27, 30.19, 63.54, 126.49, 63.296, 87.63, , , , , 
1/31/2020 11:57:45 AM, 3244.75, 9066.75, 1622.5, 323.91, 220.73, 161.34, 316.5575, 170.5799, 239.642, 96.27, 30.19, 63.54, 126.49, 63.296, 87.63, , , , , 
1/31/2020 11:57:48 AM, 3244.75, 9067.25, 1622.5, 323.95, 220.75, 161.37, 316.5851, 170.6, 239.72, 96.28, 30.19, 63.545, 126.5, 63.296, 87.64, , , , , 
1/31/2020 11:57:51 AM, 3244.75, 9067.75, 1622.9, 323.95, 220.75, 161.37, 316.5851, 170.6, 239.72, 96.28, 30.19, 63.545, 126.5, 63.296, 87.64, , , , , 
1/31/2020 11:57:55 AM, 3245, 9067.25, 1622.7, 323.96, 220.77, 161.39, 316.6362, 170.6373, 239.72, 96.2875, 30.1939, 63.545, 126.51, 63.296, 87.635, , , , , 
1/31/2020 11:57:58 AM, 3245, 9068, 1622.8, 323.96, 220.77, 161.39, 316.6362, 170.6373, 239.72, 96.2875, 30.1939, 63.545, 126.51, 63.296, 87.635, , , , , 
1/31/2020 11:58:01 AM, 3245, 9067.5, 1622.8, 323.96, 220.75, 161.39, 316.6399, 170.62, 239.79, 96.29, 30.19, 63.545, 126.51, 63.296, 87.64, , , , , 
1/31/2020 11:58:04 AM, 3245.25, 9069, 1623, 323.96, 220.75, 161.39, 316.6399, 170.62, 239.79, 96.29, 30.19, 63.545, 126.51, 63.296, 87.64, , , , , 
1/31/2020 11:58:07 AM, 3245.25, 9069.25, 1622.9, 324, 220.8, 161.39, 316.6962, 170.6324, 239.79, 96.305, 30.2, 63.54, 126.54, 63.296, 87.64, , , , , 
1/31/2020 11:58:10 AM, 3245.25, 9069.25, 1622.9, 324, 220.8, 161.39, 316.6962, 170.6324, 239.79, 96.305, 30.2, 63.54, 126.54, 63.296, 87.64, , , , , 
1/31/2020 11:58:13 AM, 3245.5, 9070.25, 1622.9, 324.0399, 220.85, 161.41, 316.79, 170.6655, 239.88, 96.31, 30.2, 63.54, 126.55, 63.296, 87.65, , , , , 
1/31/2020 11:58:16 AM, 3245.75, 9070.75, 1623.2, 324.0399, 220.85, 161.41, 316.79, 170.6655, 239.88, 96.31, 30.2, 63.54, 126.55, 63.296, 87.65, , , , , 
1/31/2020 11:58:19 AM, 3246, 9071.25, 1623.2, 324.04, 220.84, 161.42, 316.7499, 170.64, 239.9, 96.32, 30.2049, 63.55, 126.56, 63.296, 87.65, , , , , 
1/31/2020 11:58:22 AM, 3245.5, 9070.25, 1623, 324.04, 220.84, 161.42, 316.7499, 170.64, 239.9, 96.32, 30.2049, 63.55, 126.56, 63.296, 87.65, , , , , 
1/31/2020 11:58:25 AM, 3245.25, 9069.5, 1622.9, 324.01, 220.825, 161.4, 316.674, 170.62, 239.9599, 96.3087, 30.2, 63.55, 126.54, 63.296, 87.65, , , , , 
1/31/2020 11:58:28 AM, 3245.25, 9070.25, 1623, 324.01, 220.825, 161.4, 316.674, 170.62, 239.9599, 96.3087, 30.2, 63.55, 126.54, 63.296, 87.65, , , , , 
1/31/2020 11:58:31 AM, 3245.5, 9070.75, 1623.1, 324, 220.82, 161.41, 316.71, 170.625, 239.95, 96.31, 30.2099, 63.55, 126.54, 63.296, 87.65, , , , , 
1/31/2020 11:58:34 AM, 3245.5, 9069.5, 1623, 324, 220.82, 161.41, 316.71, 170.625, 239.95, 96.31, 30.2099, 63.55, 126.54, 63.296, 87.65, , , , , 
1/31/2020 11:58:37 AM, 3245, 9068.25, 1622.8, 323.95, 220.77, 161.36, 316.6424, 170.61, 239.81, 96.29, 30.2, 63.545, 126.52, 63.296, 87.6434, , , , , 
1/31/2020 11:58:40 AM, 3244.75, 9068, 1622.6, 323.95, 220.77, 161.36, 316.6424, 170.61, 239.81, 96.29, 30.2, 63.545, 126.52, 63.296, 87.6434, , , , , 
1/31/2020 11:58:43 AM, 3244.75, 9068.25, 1622.7, 323.96, 220.78, 161.385, 316.67, 170.61, 239.84, 96.29, 30.195, 63.54, 126.53, 63.296, 87.645, , , , , 
1/31/2020 11:58:46 AM, 3245, 9068.25, 1622.7, 323.96, 220.79, 161.38, 316.6647, 170.615, 239.87, 96.29, 30.2, 63.54, 126.52, 63.296, 87.645, , , , , 
1/31/2020 11:58:49 AM, 3245, 9068.25, 1622.7, 324.02, 220.81, 161.39, 316.68, 170.625, 239.86, 96.31, 30.2, 63.545, 126.53, 63.296, 87.645, , , , , 
1/31/2020 11:58:52 AM, 3245.5, 9069, 1623, 324, 220.8, 161.38, 316.65, 170.61, 239.84, 96.29, 30.2, 63.545, 126.53, 63.296, 87.65, , , , , 
1/31/2020 11:58:55 AM, 3245.5, 9069, 1623, 324, 220.8, 161.38, 316.65, 170.61, 239.84, 96.29, 30.2, 63.545, 126.53, 63.296, 87.65, , , , , 
1/31/2020 11:58:58 AM, 3244.75, 9067.75, 1622.7, 323.96, 220.76, 161.38, 316.595, 170.61, 239.84, 96.3, 30.2, 63.54, 126.52, 63.296, 87.65, , , , , 
1/31/2020 11:59:01 AM, 3244.75, 9067.75, 1622.7, 323.94, 220.75, 161.38, 316.54, 170.6, 239.76, 96.28, 30.2, 63.535, 126.52, 63.296, 87.635, , , , , 
1/31/2020 11:59:04 AM, 3244.75, 9067.5, 1622.7, 323.96, 220.77, 161.37, 316.5792, 170.61, 239.7755, 96.28, 30.2, 63.535, 126.52, 63.296, 87.63, , , , , 
1/31/2020 11:59:07 AM, 3244.75, 9067.5, 1622.7, 323.975, 220.77, 161.38, 316.57, 170.61, 239.79, 96.29, 30.2, 63.535, 126.53, 63.296, 87.63, , , , , 
1/31/2020 11:59:10 AM, 3245.75, 9069.5, 1623, 324.0102, 220.81, 161.4, 316.6101, 170.65, 239.85, 96.29, 30.205, 63.54, 126.55, 63.296, 87.63, , , , , 
1/31/2020 11:59:13 AM, 3245.75, 9069.5, 1623, 324.02, 220.8, 161.4055, 316.6135, 170.6599, 239.8837, 96.29, 30.205, 63.535, 126.55, 63.296, 87.64, , , , , 
1/31/2020 11:59:16 AM, 3245.75, 9070.75, 1622.9, 324.04, 220.82, 161.39, 316.63, 170.66, 239.9099, 96.3121, 30.205, 63.535, 126.57, 63.296, 87.64, , , , , 
1/31/2020 11:59:19 AM, 3245.75, 9070.75, 1622.9, 324.055, 220.8433, 161.4, 316.71, 170.66, 239.9483, 96.32, 30.21, 63.54, 126.57, 63.296, 87.645, , , , , 
1/31/2020 11:59:22 AM, 3246, 9070.75, 1623.1, 324.06, 220.84, 161.4, 316.7, 170.68, 239.9483, 96.33, 30.21, 63.54, 126.58, 63.296, 87.6464, , , , , 
1/31/2020 11:59:25 AM, 3246, 9070.75, 1623.1, 324.06, 220.83, 161.4, 316.725, 170.68, 239.9483, 96.33, 30.21, 63.54, 126.57, 63.296, 87.65, , , , , 
1/31/2020 11:59:28 AM, 3245.75, 9069.5, 1622.9, 324.05, 220.82, 161.4, 316.59, 170.655, 239.92, 96.31, 30.2037, 63.53, 126.57, 63.296, 87.65, , , , , 
1/31/2020 11:59:31 AM, 3245.75, 9069.5, 1622.9, 324, 220.8, 161.39, 316.55, 170.625, 239.88, 96.31, 30.2, 63.535, 126.56, 63.296, 87.645, , , , , 
1/31/2020 11:59:34 AM, 3245.75, 9069.25, 1622.9, 324.025, 220.82, 161.39, 316.62, 170.6373, 239.93, 96.3017, 30.2, 63.535, 126.56, 63.296, 87.645, , , , , 
1/31/2020 11:59:37 AM, 3245.75, 9069.25, 1622.9, 324.04, 220.81, 161.3729, 316.61, 170.633, 239.96, 96.3054, 30.2, 63.54, 126.56, 63.296, 87.645, , , , , 
1/31/2020 11:59:40 AM, 3245.75, 9070.5, 1622.9, 324.04, 220.8374, 161.38, 316.7, 170.64, 239.96, 96.3054, 30.2, 63.535, 126.575, 63.296, 87.645, , , , , 
1/31/2020 11:59:43 AM, 3245.75, 9070.5, 1622.9, 324.0399, 220.84, 161.39, 316.6885, 170.6402, 239.96, 96.32, 30.2, 63.535, 126.58, 63.296, 87.645, , , , , 
1/31/2020 11:59:46 AM, 3245.75, 9071.25, 1622.9, 324.05, 220.84, 161.39, 316.71, 170.655, 239.9768, 96.32, 30.2064, 63.535, 126.58, 63.296, 87.645, , , , , 
1/31/2020 11:59:49 AM, 3245.75, 9070.75, 1623, 324.055, 220.85, 161.41, 316.7352, 170.665, 240.01, 96.32, 30.2084, 63.535, 126.59, 63.296, 87.645, , , , , 
1/31/2020 11:59:53 AM, 3246.25, 9071.25, 1623.1, 324.07, 220.85, 161.41, 316.71, 170.65, 239.99, 96.33, 30.21, 63.535, 126.59, 63.296, 87.645, , , , , 
1/31/2020 11:59:56 AM, 3246, 9070.75, 1622.9, 324.06, 220.84, 161.38, 316.7187, 170.655, 240.03, 96.3219, 30.21, 63.53, 126.59, 63.296, 87.645, , , , , 
1/31/2020 11:59:59 AM, 3246.25, 9071.5, 1623.1, 324.075, 220.85, 161.4, 316.75, 170.645, 240, 96.3219, 30.21, 63.54, 126.59, 63.296, 87.65, , , , , 
1/31/2020 12:00:02 PM, 3246.25, 9072.25, 1623, 324.09, 220.86, 161.41, 316.768, 170.64, 240.03, 96.33, 30.21, 63.54, 126.6, 63.296, 87.65, , , , , 
1/31/2020 12:00:05 PM, 3245.75, 9069.25, 1622.9, 324.045, 220.83, 161.39, 316.7, 170.625, 239.95, 96.32, 30.21, 63.54, 126.6, 63.296, 87.64, , , , , 
1/31/2020 12:00:08 PM, 3245.75, 9069.25, 1622.9, 324.04, 220.82, 161.41, 316.63, 170.62, 239.87, 96.3, 30.2032, 63.535, 126.6, 63.296, 87.64, , , , , 
1/31/2020 12:00:11 PM, 3245.25, 9068.5, 1622.9, 324.0079, 220.81, 161.41, 316.56, 170.605, 239.85, 96.3, 30.2032, 63.535, 126.6, 63.296, 87.635, , , , , 
1/31/2020 12:00:14 PM, 3245.5, 9069.75, 1623.1, 324.02, 220.8185, 161.41, 316.61, 170.61, 239.94, 96.3, 30.2032, 63.54, 126.61, 63.296, 87.635, , , , , 
1/31/2020 12:00:17 PM, 3245.5, 9068.5, 1622.9, 324, 220.81, 161.4, 316.58, 170.605, 239.94, 96.3, 30.2, 63.535, 126.61, 63.296, 87.63, , , , , 
1/31/2020 12:00:20 PM, 3245.25, 9068, 1623, 323.99, 220.77, 161.4, 316.49, 170.58, 239.825, 96.29, 30.2, 63.53, 126.6, 63.296, 87.63, , , , , 
1/31/2020 12:00:23 PM, 3245, 9067.5, 1622.9, 323.9701, 220.78, 161.41, 316.5662, 170.56, 239.8, 96.29, 30.2, 63.53, 126.61, 63.296, 87.63, , , , , 
1/31/2020 12:00:26 PM, 3245, 9067, 1622.9, 323.96, 220.76, 161.398, 316.48, 170.55, 239.79, 96.28, 30.2, 63.525, 126.6, 63.296, 87.63, , , , , 
1/31/2020 12:00:29 PM, 3244.5, 9066.5, 1622.9, 323.94, 220.75, 161.38, 316.48, 170.51, 239.775, 96.28, 30.2, 63.5168, 126.59, 63.296, 87.63, , , , , 
1/31/2020 12:00:32 PM, 3244.5, 9066.5, 1622.8, 323.93, 220.74, 161.405, 316.5437, 170.51, 239.79, 96.27, 30.2, 63.5168, 126.59, 63.296, 87.63, , , , , 
1/31/2020 12:00:35 PM, 3244, 9065.25, 1622.9, 323.885, 220.71, 161.39, 316.432, 170.495, 239.68, 96.25, 30.2, 63.5, 126.58, 63.296, 87.63, , , , , 
1/31/2020 12:00:38 PM, 3244, 9065, 1622.9, 323.87, 220.7, 161.38, 316.47, 170.4821, 239.75, 96.2437, 30.2, 63.495, 126.57, 63.296, 87.625, , , , , 
1/31/2020 12:00:41 PM, 3243.75, 9063.5, 1623, 323.86, 220.66, 161.37, 316.3911, 170.46, 239.65, 96.23, 30.19, 63.5, 126.55, 63.296, 87.62, , , , , 
1/31/2020 12:00:44 PM, 3243.75, 9064, 1623, 323.85, 220.68, 161.39, 316.43, 170.465, 239.62, 96.23, 30.185, 63.5, 126.55, 63.296, 87.62, , , , , 
1/31/2020 12:00:47 PM, 3244, 9063.5, 1623.1, 323.85, 220.67, 161.39, 316.42, 170.47, 239.625, 96.23, 30.19, 63.5, 126.56, 63.296, 87.62, , , , , 
1/31/2020 12:00:50 PM, 3244, 9063.5, 1623.1, 323.86, 220.66, 161.41, 316.44, 170.46, 239.59, 96.23, 30.1899, 63.5, 126.56, 63.296, 87.62, , , , , 
1/31/2020 12:00:53 PM, 3244.75, 9066.5, 1623.9, 323.92, 220.71, 161.47, 316.46, 170.485, 239.62, 96.25, 30.2, 63.5, 126.58, 63.296, 87.62, , , , , 
1/31/2020 12:00:56 PM, 3244.5, 9065, 1623.7, 323.91, 220.73, 161.46, 316.5, 170.5, 239.67, 96.25, 30.195, 63.5, 126.585, 63.296, 87.62, , , , , 
1/31/2020 12:00:59 PM, 3244.75, 9066, 1624, 323.93, 220.7282, 161.48, 316.44, 170.495, 239.65, 96.25, 30.2, 63.5, 126.585, 63.296, 87.62, , , , , 
1/31/2020 12:01:02 PM, 3245, 9067, 1624, 323.96, 220.7333, 161.5, 316.4956, 170.515, 239.6888, 96.26, 30.2, 63.505, 126.59, 63.296, 87.62, , , , , 
1/31/2020 12:01:05 PM, 3245.5, 9069.25, 1624.3, 324.02, 220.8, 161.53, 316.54, 170.5704, 239.78, 96.29, 30.21, 63.51, 126.62, 63.296, 87.64, , , , , 
1/31/2020 12:01:08 PM, 3245, 9067.5, 1623.8, 323.98, 220.78, 161.49, 316.57, 170.57, 239.7, 96.2739, 30.2, 63.51, 126.6, 63.296, 87.63, , , , , 
1/31/2020 12:01:11 PM, 3245.25, 9069.5, 1624.1, 324.0002, 220.7839, 161.5, 316.56, 170.59, 239.7, 96.29, 30.21, 63.51, 126.6, 63.296, 87.63, , , , , 
1/31/2020 12:01:14 PM, 3245.5, 9069.75, 1624.1, 324.02, 220.81, 161.51, 316.6372, 170.62, 239.8, 96.3, 30.21, 63.52, 126.61, 63.296, 87.63, , , , , 
1/31/2020 12:01:17 PM, 3245.75, 9070, 1624.2, 324.03, 220.82, 161.51, 316.65, 170.62, 239.8198, 96.31, 30.2099, 63.52, 126.61, 63.296, 87.63, , , , , 
1/31/2020 12:01:20 PM, 3245.5, 9069.75, 1624.1, 324.02, 220.82, 161.51, 316.65, 170.62, 239.8198, 96.31, 30.202, 63.52, 126.61, 63.296, 87.63, , , , , 
1/31/2020 12:01:23 PM, 3245.5, 9069.25, 1624, 324.005, 220.81, 161.5, 316.61, 170.62, 239.8954, 96.3, 30.202, 63.51, 126.61, 63.296, 87.63, , , , , 
1/31/2020 12:01:26 PM, 3245.5, 9069, 1624.3, 324, 220.8, 161.48, 316.6392, 170.6143, 239.8954, 96.3, 30.205, 63.51, 126.62, 63.296, 87.63, , , , , 
1/31/2020 12:01:29 PM, 3245.5, 9069, 1624.1, 324.03, 220.8, 161.51, 316.56, 170.62, 239.855, 96.3, 30.205, 63.51, 126.63, 63.296, 87.63, , , , , 
1/31/2020 12:01:32 PM, 3245.75, 9069.25, 1624.3, 324.05, 220.82, 161.515, 316.62, 170.62, 239.845, 96.3, 30.215, 63.51, 126.63, 63.296, 87.63, , , , , 
1/31/2020 12:01:35 PM, 3245.75, 9069, 1624.2, 324.025, 220.8, 161.51, 316.61, 170.605, 239.8453, 96.3, 30.21, 63.51, 126.63, 63.296, 87.63, , , , , 
1/31/2020 12:01:38 PM, 3245.5, 9069, 1624.3, 324.01, 220.8, 161.5, 316.6527, 170.59, 239.81, 96.29, 30.21, 63.51, 126.63, 63.296, 87.63, , , , , 
1/31/2020 12:01:41 PM, 3245.5, 9069.5, 1624.4, 324.03, 220.8, 161.53, 316.665, 170.61, 239.81, 96.2999, 30.2187, 63.51, 126.63, 63.296, 87.63, , , , , 
1/31/2020 12:01:44 PM, 3245.5, 9068, 1624.3, 324.01, 220.79, 161.528, 316.69, 170.61, 239.7916, 96.3, 30.21, 63.51, 126.63, 63.296, 87.63, , , , , 
1/31/2020 12:01:47 PM, 3245.5, 9068.25, 1624.3, 324, 220.7741, 161.515, 316.71, 170.59, 239.74, 96.3, 30.215, 63.5, 126.63, 63.296, 87.63, , , , , 
1/31/2020 12:01:50 PM, 3245.75, 9069.5, 1624.4, 324.01, 220.8107, 161.52, 316.68, 170.59, 239.855, 96.3, 30.21, 63.515, 126.64, 63.296, 87.63, , , , , 
1/31/2020 12:01:53 PM, 3245.5, 9068.75, 1624.2, 324.015, 220.8107, 161.52, 316.68, 170.59, 239.855, 96.3, 30.205, 63.51, 126.64, 63.296, 87.63, , , , , 
1/31/2020 12:01:56 PM, 3245.25, 9068.5, 1624.4, 324.01, 220.8, 161.53, 316.75, 170.59, 239.865, 96.3, 30.205, 63.51, 126.64, 63.296, 87.63, , , , , 
1/31/2020 12:01:59 PM, 3245.5, 9069.25, 1624.4, 324.02, 220.8, 161.53, 316.75, 170.59, 239.865, 96.3, 30.205, 63.51, 126.64, 63.296, 87.63, , , , , 
1/31/2020 12:02:03 PM, 3245.5, 9069.75, 1624.5, 324.03, 220.81, 161.53, 316.785, 170.605, 239.8671, 96.3, 30.21, 63.51, 126.64, 63.296, 87.63, , , , , 
1/31/2020 12:02:06 PM, 3245.75, 9070.25, 1624.4, 324.02, 220.81, 161.52, 316.785, 170.605, 239.8671, 96.31, 30.205, 63.5099, 126.65, 63.296, 87.63, , , , , 
1/31/2020 12:02:09 PM, 3246, 9070.75, 1624.4, 324.06, 220.829, 161.525, 316.8808, 170.64, 239.91, 96.32, 30.21, 63.51, 126.66, 63.296, 87.63, , , , , 
1/31/2020 12:02:12 PM, 3245.5, 9070, 1624.2, 324.04, 220.829, 161.505, 316.8808, 170.64, 239.91, 96.32, 30.205, 63.51, 126.65, 63.296, 87.63, , , , , 
1/31/2020 12:02:15 PM, 3246, 9070, 1624.2, 324.05, 220.81, 161.51, 316.8701, 170.61, 239.85, 96.3121, 30.205, 63.51, 126.65, 63.296, 87.63, , , , , 
1/31/2020 12:02:18 PM, 3245.5, 9068.5, 1624.1, 324.02, 220.81, 161.5, 316.8701, 170.61, 239.85, 96.31, 30.205, 63.51, 126.65, 63.296, 87.63, , , , , 
1/31/2020 12:02:21 PM, 3245.25, 9067.75, 1623.8, 323.98, 220.77, 161.47, 316.8032, 170.56, 239.85, 96.29, 30.2, 63.51, 126.64, 63.296, 87.63, , , , , 
1/31/2020 12:02:24 PM, 3245, 9067.5, 1623.6, 323.98, 220.77, 161.47, 316.8032, 170.56, 239.85, 96.29, 30.205, 63.505, 126.64, 63.296, 87.63, , , , , 
1/31/2020 12:02:27 PM, 3245, 9067.5, 1623.5, 323.96, 220.76, 161.44, 316.81, 170.565, 239.82, 96.2854, 30.2, 63.51, 126.62, 63.296, 87.625, , , , , 
1/31/2020 12:02:30 PM, 3245.25, 9068, 1623.6, 323.97, 220.76, 161.4436, 316.81, 170.565, 239.82, 96.2854, 30.2, 63.51, 126.61, 63.296, 87.625, , , , , 
1/31/2020 12:02:33 PM, 3245.25, 9068.25, 1623.8, 323.99, 220.78, 161.47, 316.85, 170.5614, 239.82, 96.2854, 30.205, 63.51, 126.62, 63.296, 87.625, , , , , 
1/31/2020 12:02:36 PM, 3245, 9067.75, 1623.7, 323.99, 220.78, 161.46, 316.85, 170.5614, 239.82, 96.2854, 30.2032, 63.51, 126.61, 63.296, 87.625, , , , , 
1/31/2020 12:02:39 PM, 3245, 9067, 1623.6, 323.97, 220.74, 161.45, 316.78, 170.555, 239.81, 96.2854, 30.2, 63.51, 126.61, 63.296, 87.625, , , , , 
1/31/2020 12:02:42 PM, 3245, 9066.25, 1623.5, 323.9699, 220.74, 161.45, 316.78, 170.555, 239.81, 96.28, 30.2, 63.5, 126.61, 63.296, 87.625, , , , , 
1/31/2020 12:02:45 PM, 3245.25, 9067.5, 1623.8, 323.98, 220.76, 161.46, 316.84, 170.59, 239.8, 96.28, 30.2, 63.5, 126.61, 63.296, 87.625, , , , , 
1/31/2020 12:02:48 PM, 3245.25, 9066.75, 1623.8, 324, 220.76, 161.485, 316.84, 170.59, 239.8, 96.295, 30.205, 63.5, 126.61, 63.296, 87.625, , , , , 
1/31/2020 12:02:51 PM, 3245.25, 9067.25, 1623.9, 323.99, 220.74, 161.48, 316.87, 170.5659, 239.9004, 96.29, 30.205, 63.505, 126.6, 63.296, 87.625, , , , , 
1/31/2020 12:02:54 PM, 3245.25, 9068, 1623.9, 324, 220.77, 161.47, 316.87, 170.5659, 239.9004, 96.29, 30.205, 63.505, 126.6, 63.296, 87.625, , , , , 
1/31/2020 12:02:57 PM, 3245.25, 9067, 1623.7, 323.97, 220.75, 161.47, 316.81, 170.56, 239.9, 96.28, 30.205, 63.505, 126.6, 63.296, 87.625, , , , , 
1/31/2020 12:03:00 PM, 3245.5, 9068.5, 1624, 324, 220.75, 161.48, 316.81, 170.56, 239.9, 96.285, 30.21, 63.505, 126.6, 63.296, 87.63, , , , , 
1/31/2020 12:03:03 PM, 3245.5, 9068.5, 1624, 324.0254, 220.78, 161.48, 316.8416, 170.57, 239.9, 96.295, 30.21, 63.51, 126.6, 63.296, 87.63, , , , , 
1/31/2020 12:03:06 PM, 3245.5, 9069, 1624, 323.99, 220.78, 161.47, 316.8416, 170.57, 239.9, 96.29, 30.21, 63.51, 126.6, 63.296, 87.63, , , , , 
1/31/2020 12:03:09 PM, 3245.75, 9069.25, 1624.1, 324.0369, 220.81, 161.5, 316.87, 170.605, 239.8972, 96.31, 30.21, 63.51, 126.63, 63.296, 87.63, , , , , 
1/31/2020 12:03:12 PM, 3245.5, 9069, 1624.1, 324.04, 220.81, 161.49, 316.87, 170.605, 239.8972, 96.31, 30.205, 63.51, 126.63, 63.296, 87.625, , , , , 
1/31/2020 12:03:15 PM, 3245.25, 9067.25, 1623.9, 324.01, 220.7467, 161.49, 316.87, 170.56, 239.88, 96.3, 30.21, 63.505, 126.61, 63.296, 87.625, , , , , 
1/31/2020 12:03:18 PM, 3245, 9067.25, 1623.8, 323.98, 220.7467, 161.48, 316.87, 170.56, 239.88, 96.29, 30.21, 63.505, 126.61, 63.296, 87.625, , , , , 
1/31/2020 12:03:21 PM, 3245.25, 9067.75, 1623.8, 323.979, 220.76, 161.46, 316.89, 170.565, 239.94, 96.29, 30.205, 63.505, 126.59, 63.296, 87.625, , , , , 
1/31/2020 12:03:24 PM, 3245, 9067.5, 1623.7, 323.9723, 220.76, 161.47, 316.89, 170.565, 239.94, 96.29, 30.205, 63.5, 126.59, 63.296, 87.625, , , , , 
1/31/2020 12:03:27 PM, 3245, 9068, 1623.8, 323.97, 220.8117, 161.46, 316.9, 170.6, 239.88, 96.29, 30.2, 63.505, 126.59, 63.296, 87.625, , , , , 
1/31/2020 12:03:30 PM, 3245.5, 9069.25, 1624, 324.0183, 220.8117, 161.48, 316.9, 170.6, 239.88, 96.29, 30.2, 63.51, 126.615, 63.296, 87.625, , , , , 
1/31/2020 12:03:33 PM, 3245, 9068, 1623.9, 323.9864, 220.76, 161.49, 316.8268, 170.565, 239.88, 96.3, 30.205, 63.51, 126.61, 63.296, 87.625, , , , , 
1/31/2020 12:03:36 PM, 3245, 9066.75, 1623.8, 323.97, 220.76, 161.47, 316.8268, 170.565, 239.88, 96.3, 30.205, 63.5, 126.6, 63.296, 87.625, , , , , 
1/31/2020 12:03:39 PM, 3245, 9067, 1623.7, 323.97, 220.74, 161.47, 316.8149, 170.55, 239.8484, 96.3, 30.205, 63.5, 126.595, 63.296, 87.625, , , , , 
1/31/2020 12:03:42 PM, 3245.25, 9067.25, 1623.9, 323.96, 220.74, 161.47, 316.8149, 170.55, 239.8484, 96.28, 30.2, 63.5098, 126.58, 63.296, 87.625, , , , , 
1/31/2020 12:03:45 PM, 3245.25, 9068.5, 1624.1, 323.98, 220.77, 161.49, 316.847, 170.5648, 239.9, 96.28, 30.2, 63.5, 126.59, 63.296, 87.625, , , , , 
1/31/2020 12:03:48 PM, 3245.25, 9068.25, 1624, 323.986, 220.77, 161.49, 316.847, 170.5648, 239.9, 96.29, 30.205, 63.51, 126.59, 63.296, 87.629, , , , , 
1/31/2020 12:03:51 PM, 3245.5, 9068, 1624.1, 324, 220.75, 161.5, 316.83, 170.56, 239.84, 96.29, 30.205, 63.51, 126.59, 63.296, 87.629, , , , , 
1/31/2020 12:03:54 PM, 3245, 9067.5, 1623.7, 323.99, 220.75, 161.475, 316.85, 170.57, 239.855, 96.28, 30.2, 63.505, 126.59, 63.296, 87.625, , , , , 
1/31/2020 12:03:57 PM, 3245, 9067.5, 1623.7, 323.99, 220.76, 161.475, 316.855, 170.5701, 239.84, 96.28, 30.2, 63.505, 126.59, 63.296, 87.625, , , , , 
1/31/2020 12:04:00 PM, 3245.25, 9067.25, 1623.8, 324, 220.76, 161.475, 316.8615, 170.575, 239.8598, 96.29, 30.2, 63.51, 126.59, 63.296, 87.625, , , , , 
1/31/2020 12:04:03 PM, 3245.25, 9067.25, 1623.8, 324, 220.76, 161.475, 316.8497, 170.57, 239.8, 96.29, 30.2, 63.51, 126.59, 63.296, 87.625, , , , , 
1/31/2020 12:04:06 PM, 3245.25, 9066, 1623.7, 323.98, 220.741, 161.46, 316.84, 170.57, 239.82, 96.28, 30.2, 63.52, 126.575, 63.296, 87.63, , , , , 
1/31/2020 12:04:09 PM, 3245.25, 9066, 1623.7, 323.98, 220.73, 161.46, 316.8096, 170.56, 239.8116, 96.28, 30.2, 63.52, 126.575, 63.296, 87.63, , , , , 
1/31/2020 12:04:13 PM, 3245, 9064.5, 1623.4, 323.95, 220.69, 161.44, 316.7875, 170.545, 239.81, 96.27, 30.2, 63.52, 126.56, 63.296, 87.63, , , , , 
1/31/2020 12:04:16 PM, 3245, 9064.5, 1623.4, 323.95, 220.675, 161.44, 316.79, 170.52, 239.81, 96.27, 30.2, 63.52, 126.56, 63.296, 87.63, , , , , 
1/31/2020 12:04:19 PM, 3245, 9065, 1623.4, 323.96, 220.69, 161.43, 316.82, 170.56, 239.81, 96.26, 30.2, 63.52, 126.54, 63.296, 87.63, , , , , 
1/31/2020 12:04:22 PM, 3245, 9065, 1623.4, 323.96, 220.7, 161.43, 316.8, 170.555, 239.8, 96.26, 30.2, 63.52, 126.54, 63.296, 87.63, , , , , 
1/31/2020 12:04:25 PM, 3245.25, 9066, 1623.4, 323.97, 220.7195, 161.45, 316.79, 170.5601, 239.84, 96.27, 30.2, 63.52, 126.55, 63.296, 87.63, , , , , 
1/31/2020 12:04:28 PM, 3245.25, 9066, 1623.4, 323.97, 220.74, 161.45, 316.82, 170.5708, 239.82, 96.27, 30.2, 63.52, 126.55, 63.296, 87.63, , , , , 
1/31/2020 12:04:31 PM, 3244.75, 9064.25, 1623.2, 323.95, 220.715, 161.4525, 316.78, 170.56, 239.8, 96.27, 30.2, 63.52, 126.555, 63.296, 87.6266, , , , , 
1/31/2020 12:04:34 PM, 3244.75, 9064.25, 1623.2, 323.95, 220.68, 161.4525, 316.7, 170.5431, 239.8, 96.27, 30.2, 63.52, 126.555, 63.296, 87.6266, , , , , 
1/31/2020 12:04:37 PM, 3244.75, 9064, 1623.1, 323.93, 220.675, 161.41, 316.6841, 170.545, 239.8, 96.26, 30.2, 63.52, 126.545, 63.296, 87.6266, , , , , 
1/31/2020 12:04:40 PM, 3244.75, 9064, 1623.1, 323.93, 220.69, 161.41, 316.7199, 170.5602, 239.7661, 96.26, 30.2, 63.52, 126.545, 63.296, 87.6266, , , , , 
1/31/2020 12:04:43 PM, 3244.75, 9064.5, 1623.3, 323.95, 220.695, 161.42, 316.6873, 170.56, 239.76, 96.2683, 30.2064, 63.52, 126.55, 63.296, 87.6266, , , , , 
1/31/2020 12:04:46 PM, 3244.75, 9064.5, 1623.3, 323.95, 220.67, 161.42, 316.66, 170.545, 239.71, 96.2683, 30.2064, 63.52, 126.55, 63.296, 87.6266, , , , , 
1/31/2020 12:04:49 PM, 3244.25, 9062.5, 1623, 323.9, 220.64, 161.39, 316.626, 170.5365, 239.69, 96.25, 30.195, 63.52, 126.53, 63.296, 87.62, , , , , 
1/31/2020 12:04:52 PM, 3244.25, 9062.5, 1623, 323.9, 220.6323, 161.39, 316.6, 170.5335, 239.6863, 96.25, 30.195, 63.52, 126.53, 63.296, 87.62, , , , , 
1/31/2020 12:04:55 PM, 3244.25, 9063.25, 1622.8, 323.89, 220.68, 161.37, 316.64, 170.56, 239.71, 96.26, 30.2, 63.51, 126.53, 63.296, 87.62, , , , , 
1/31/2020 12:04:58 PM, 3244.25, 9063.25, 1622.8, 323.89, 220.66, 161.37, 316.6334, 170.57, 239.6676, 96.26, 30.2, 63.51, 126.53, 63.296, 87.62, , , , , 
1/31/2020 12:05:01 PM, 3244.25, 9063.5, 1622.6, 323.89, 220.66, 161.351, 316.6285, 170.565, 239.64, 96.26, 30.2, 63.505, 126.525, 63.296, 87.62, , , , , 
1/31/2020 12:05:04 PM, 3244.25, 9063.5, 1622.6, 323.89, 220.6, 161.351, 316.51, 170.51, 239.63, 96.26, 30.2, 63.505, 126.525, 63.296, 87.62, , , , , 
1/31/2020 12:05:07 PM, 3243.75, 9060.75, 1622.3, 323.8323, 220.61, 161.33, 316.46, 170.5, 239.52, 96.23, 30.19, 63.51, 126.5, 63.296, 87.62, , , , , 
1/31/2020 12:05:10 PM, 3243.75, 9060.75, 1622.3, 323.8323, 220.61, 161.33, 316.46, 170.5, 239.52, 96.23, 30.19, 63.51, 126.5, 63.296, 87.62, , , , , 
1/31/2020 12:05:13 PM, 3243.75, 9060.5, 1622.2, 323.81, 220.5901, 161.3107, 316.45, 170.485, 239.5201, 96.22, 30.19, 63.5054, 126.49, 63.296, 87.62, , , , , 
1/31/2020 12:05:16 PM, 3243.75, 9060.5, 1622.2, 323.81, 220.5866, 161.3107, 316.47, 170.48, 239.5201, 96.22, 30.19, 63.5054, 126.49, 63.296, 87.62, , , , , 
1/31/2020 12:05:19 PM, 3243.75, 9062.5, 1622.4, 323.83, 220.63, 161.33, 316.57, 170.5, 239.61, 96.24, 30.1874, 63.505, 126.5, 63.296, 87.62, , , , , 
1/31/2020 12:05:22 PM, 3243.75, 9062.5, 1622.4, 323.83, 220.64, 161.33, 316.6434, 170.51, 239.6899, 96.24, 30.1874, 63.505, 126.5, 63.296, 87.62, , , , , 
1/31/2020 12:05:25 PM, 3243.75, 9061.75, 1622.3, 323.83, 220.64, 161.3113, 316.59, 170.475, 239.6899, 96.24, 30.19, 63.505, 126.51, 63.296, 87.62, , , , , 
1/31/2020 12:05:28 PM, 3243.75, 9061.75, 1622.3, 323.83, 220.62, 161.3113, 316.591, 170.47, 239.56, 96.24, 30.19, 63.505, 126.51, 63.296, 87.62, , , , , 
1/31/2020 12:05:31 PM, 3243.25, 9060, 1622, 323.79, 220.59, 161.32, 316.54, 170.44, 239.56, 96.23, 30.18, 63.505, 126.5, 63.296, 87.62, , , , , 
1/31/2020 12:05:34 PM, 3243.25, 9060, 1622, 323.79, 220.58, 161.32, 316.536, 170.4299, 239.57, 96.23, 30.18, 63.505, 126.5, 63.296, 87.62, , , , , 
1/31/2020 12:05:37 PM, 3243.25, 9060.5, 1622, 323.7966, 220.6, 161.31, 316.615, 170.44, 239.545, 96.22, 30.18, 63.5, 126.5, 63.296, 87.62, , , , , 
1/31/2020 12:05:40 PM, 3243.25, 9060.5, 1622, 323.7966, 220.5821, 161.31, 316.59, 170.43, 239.46, 96.22, 30.18, 63.5, 126.5, 63.296, 87.62, , , , , 
1/31/2020 12:05:43 PM, 3243.5, 9060.75, 1622, 323.7954, 220.5976, 161.3, 316.6177, 170.4401, 239.4666, 96.2101, 30.185, 63.5, 126.5, 63.296, 87.62, , , , , 
1/31/2020 12:05:46 PM, 3243.5, 9060.75, 1622, 323.7954, 220.58, 161.3, 316.5384, 170.43, 239.5247, 96.2101, 30.185, 63.5, 126.5, 63.296, 87.62, , , , , 
1/31/2020 12:05:49 PM, 3243, 9059.25, 1621.9, 323.77, 220.5664, 161.29, 316.5493, 170.43, 239.49, 96.2194, 30.185, 63.49, 126.49, 63.296, 87.62, , , , , 
1/31/2020 12:05:52 PM, 3243, 9059.25, 1621.9, 323.77, 220.5788, 161.29, 316.5301, 170.42, 239.49, 96.2194, 30.185, 63.49, 126.49, 63.296, 87.62, , , , , 
1/31/2020 12:05:55 PM, 3242.75, 9058.75, 1621.7, 323.7413, 220.53, 161.27, 316.46, 170.42, 239.46, 96.2, 30.185, 63.49, 126.48, 63.296, 87.61, , , , , 
1/31/2020 12:05:58 PM, 3242.75, 9058.75, 1621.7, 323.7413, 220.54, 161.27, 316.47, 170.4298, 239.46, 96.2, 30.185, 63.49, 126.48, 63.296, 87.61, , , , , 
1/31/2020 12:06:01 PM, 3243, 9060.25, 1621.8, 323.76, 220.58, 161.28, 316.485, 170.4307, 239.5353, 96.22, 30.18, 63.49, 126.5, 63.296, 87.61, , , , , 
1/31/2020 12:06:04 PM, 3243, 9059.25, 1621.8, 323.7501, 220.57, 161.28, 316.5066, 170.44, 239.55, 96.215, 30.18, 63.495, 126.5, 63.296, 87.61, , , , , 
1/31/2020 12:06:07 PM, 3242.75, 9059.25, 1621.7, 323.76, 220.565, 161.28, 316.53, 170.435, 239.55, 96.215, 30.18, 63.49, 126.5, 63.296, 87.61, , , , , 
1/31/2020 12:06:10 PM, 3242.75, 9059.25, 1621.7, 323.74, 220.54, 161.26, 316.452, 170.4149, 239.5, 96.2, 30.18, 63.49, 126.49, 63.296, 87.61, , , , , 
1/31/2020 12:06:13 PM, 3242.75, 9058.75, 1621.7, 323.72, 220.55, 161.26, 316.51, 170.42, 239.5, 96.2, 30.1762, 63.49, 126.49, 63.296, 87.61, , , , , 
1/31/2020 12:06:16 PM, 3242.5, 9057.5, 1621.5, 323.705, 220.52, 161.25, 316.45, 170.41, 239.49, 96.2, 30.18, 63.485, 126.47, 63.296, 87.61, , , , , 
1/31/2020 12:06:20 PM, 3242.25, 9056.5, 1621.4, 323.68, 220.5, 161.25, 316.41, 170.38, 239.46, 96.18, 30.18, 63.48, 126.46, 63.296, 87.605, , , , , 
1/31/2020 12:06:23 PM, 3242, 9055.75, 1621.3, 323.66, 220.49, 161.23, 316.38, 170.37, 239.46, 96.1734, 30.18, 63.48, 126.45, 63.296, 87.605, , , , , 
1/31/2020 12:06:26 PM, 3242, 9056, 1621.2, 323.66, 220.475, 161.23, 316.41, 170.34, 239.46, 96.17, 30.18, 63.48, 126.45, 63.296, 87.605, , , , , 
1/31/2020 12:06:29 PM, 3242, 9056.25, 1621.1, 323.67, 220.48, 161.23, 316.4, 170.3408, 239.4, 96.17, 30.175, 63.47, 126.44, 63.296, 87.605, , , , , 
1/31/2020 12:06:32 PM, 3242, 9056.25, 1621.2, 323.66, 220.47, 161.22, 316.4396, 170.3431, 239.43, 96.18, 30.18, 63.47, 126.44, 63.296, 87.605, , , , , 
1/31/2020 12:06:35 PM, 3242, 9056.75, 1621.3, 323.6832, 220.5, 161.23, 316.48, 170.3401, 239.44, 96.18, 30.18, 63.475, 126.45, 63.296, 87.605, , , , , 
1/31/2020 12:06:38 PM, 3242, 9056.25, 1621.3, 323.6601, 220.5, 161.23, 316.49, 170.365, 239.4449, 96.18, 30.18, 63.47, 126.45, 63.296, 87.605, , , , , 
1/31/2020 12:06:41 PM, 3242, 9056.75, 1621.3, 323.68, 220.4921, 161.23, 316.48, 170.3675, 239.43, 96.18, 30.18, 63.47, 126.45, 63.296, 87.605, , , , , 
1/31/2020 12:06:44 PM, 3242.25, 9057.5, 1621.4, 323.68, 220.4954, 161.235, 316.5086, 170.3675, 239.43, 96.1827, 30.18, 63.47, 126.45, 63.296, 87.605, , , , , 
1/31/2020 12:06:47 PM, 3242.5, 9058.25, 1621.6, 323.725, 220.525, 161.26, 316.575, 170.42, 239.465, 96.2, 30.18, 63.47, 126.46, 63.296, 87.605, , , , , 
1/31/2020 12:06:50 PM, 3242.75, 9058, 1621.4, 323.725, 220.53, 161.24, 316.6128, 170.42, 239.465, 96.2, 30.175, 63.475, 126.46, 63.296, 87.6033, , , , , 
1/31/2020 12:06:53 PM, 3242.5, 9058, 1621.3, 323.7, 220.53, 161.23, 316.6066, 170.42, 239.5, 96.2, 30.18, 63.49, 126.46, 63.296, 87.6033, , , , , 
1/31/2020 12:06:56 PM, 3242.5, 9058.25, 1621.4, 323.72, 220.53, 161.24, 316.6299, 170.415, 239.49, 96.2, 30.1727, 63.49, 126.46, 63.296, 87.6033, , , , , 
1/31/2020 12:06:59 PM, 3242.5, 9057.75, 1621.4, 323.73, 220.53, 161.24, 316.6067, 170.4399, 239.5, 96.2, 30.18, 63.49, 126.46, 63.296, 87.6033, , , , , 
1/31/2020 12:07:02 PM, 3242, 9057, 1621.2, 323.6999, 220.51, 161.23, 316.58, 170.415, 239.48, 96.19, 30.181, 63.49, 126.45, 63.296, 87.6, , , , , 
1/31/2020 12:07:05 PM, 3242.5, 9057.75, 1621.3, 323.7, 220.52, 161.215, 316.585, 170.4225, 239.525, 96.19, 30.18, 63.49, 126.45, 63.296, 87.6, , , , , 
1/31/2020 12:07:08 PM, 3243, 9059, 1621.6, 323.75, 220.55, 161.26, 316.66, 170.45, 239.5942, 96.21, 30.18, 63.49, 126.46, 63.296, 87.6, , , , , 
1/31/2020 12:07:11 PM, 3242.75, 9059, 1621.7, 323.75, 220.55, 161.26, 316.61, 170.45, 239.53, 96.21, 30.18, 63.495, 126.47, 63.296, 87.6, , , , , 
1/31/2020 12:07:14 PM, 3242.75, 9058.25, 1621.5, 323.7364, 220.53, 161.26, 316.59, 170.4473, 239.5586, 96.21, 30.18, 63.495, 126.47, 63.296, 87.6083, , , , , 
1/31/2020 12:07:17 PM, 3242.5, 9057.25, 1621.4, 323.71, 220.51, 161.24, 316.57, 170.43, 239.53, 96.21, 30.18, 63.49, 126.47, 63.296, 87.6, , , , , 
1/31/2020 12:07:20 PM, 3242.5, 9056.75, 1621.2, 323.6961, 220.5, 161.2201, 316.468, 170.41, 239.53, 96.2, 30.18, 63.49, 126.47, 63.296, 87.6, , , , , 
1/31/2020 12:07:23 PM, 3242, 9055.25, 1621.1, 323.67, 220.5, 161.22, 316.45, 170.395, 239.48, 96.19, 30.18, 63.49, 126.44, 63.296, 87.6, , , , , 
1/31/2020 12:07:26 PM, 3241.75, 9055.25, 1621, 323.65, 220.47, 161.21, 316.4052, 170.4, 239.4991, 96.19, 30.18, 63.48, 126.42, 63.296, 87.595, , , , , 
1/31/2020 12:07:29 PM, 3241.75, 9055.5, 1621, 323.65, 220.46, 161.2, 316.3912, 170.4, 239.44, 96.19, 30.17, 63.48, 126.42, 63.296, 87.595, , , , , 
1/31/2020 12:07:32 PM, 3242, 9056, 1621.1, 323.68, 220.48, 161.21, 316.44, 170.4, 239.42, 96.2, 30.17, 63.49, 126.43, 63.296, 87.595, , , , , 
1/31/2020 12:07:35 PM, 3242, 9055.75, 1621, 323.66, 220.47, 161.2, 316.4761, 170.4, 239.44, 96.2, 30.17, 63.49, 126.43, 63.296, 87.595, , , , , 
1/31/2020 12:07:38 PM, 3242.25, 9056.5, 1621, 323.68, 220.48, 161.2, 316.5185, 170.41, 239.48, 96.2, 30.17, 63.49, 126.44, 63.296, 87.595, , , , , 
1/31/2020 12:07:41 PM, 3241.75, 9055.75, 1620.9, 323.66, 220.47, 161.195, 316.5, 170.39, 239.5, 96.19, 30.17, 63.49, 126.43, 63.296, 87.595, , , , , 
1/31/2020 12:07:44 PM, 3242, 9056.5, 1621, 323.67, 220.49, 161.2, 316.51, 170.41, 239.47, 96.2, 30.17, 63.49, 126.44, 63.296, 87.595, , , , , 
1/31/2020 12:07:47 PM, 3242, 9055.5, 1620.9, 323.67, 220.48, 161.19, 316.4932, 170.39, 239.4762, 96.2, 30.17, 63.49, 126.44, 63.296, 87.595, , , , , 
1/31/2020 12:07:50 PM, 3242, 9055.75, 1620.9, 323.66, 220.47, 161.19, 316.5148, 170.3756, 239.425, 96.19, 30.1719, 63.485, 126.4367, 63.296, 87.595, , , , , 
1/31/2020 12:07:53 PM, 3241.75, 9055.75, 1620.8, 323.65, 220.46, 161.19, 316.5148, 170.375, 239.44, 96.19, 30.17, 63.485, 126.43, 63.296, 87.595, , , , , 
1/31/2020 12:07:56 PM, 3242, 9055.5, 1620.7, 323.658, 220.47, 161.18, 316.52, 170.4147, 239.44, 96.2, 30.175, 63.485, 126.43, 63.2451, 87.595, , , , , 
1/31/2020 12:07:59 PM, 3242, 9055.25, 1620.8, 323.658, 220.47, 161.18, 316.5334, 170.41, 239.44, 96.19, 30.17, 63.485, 126.43, 63.2451, 87.595, , , , , 
1/31/2020 12:08:02 PM, 3241.75, 9054.25, 1620.7, 323.63, 220.4321, 161.17, 316.5, 170.385, 239.49, 96.185, 30.17, 63.4869, 126.42, 63.2451, 87.595, , , , , 
1/31/2020 12:08:05 PM, 3241.75, 9054.25, 1620.8, 323.6403, 220.42, 161.19, 316.48, 170.36, 239.445, 96.185, 30.17, 63.49, 126.42, 63.2451, 87.595, , , , , 
1/31/2020 12:08:08 PM, 3241.75, 9054, 1620.7, 323.6399, 220.45, 161.18, 316.5336, 170.39, 239.445, 96.185, 30.17, 63.49, 126.42, 63.2451, 87.595, , , , , 
1/31/2020 12:08:11 PM, 3242, 9054.75, 1620.8, 323.65, 220.43, 161.17, 316.53, 170.385, 239.445, 96.19, 30.17, 63.49, 126.42, 63.2451, 87.595, , , , , 
1/31/2020 12:08:14 PM, 3242, 9055.25, 1620.9, 323.66, 220.465, 161.2, 316.59, 170.4, 239.51, 96.2, 30.17, 63.49, 126.43, 63.2451, 87.595, , , , , 
1/31/2020 12:08:17 PM, 3241.75, 9054.5, 1620.8, 323.65, 220.46, 161.18, 316.59, 170.41, 239.569, 96.2, 30.17, 63.485, 126.43, 63.2451, 87.595, , , , , 
1/31/2020 12:08:20 PM, 3241.75, 9053.75, 1620.7, 323.63, 220.45, 161.19, 316.54, 170.4, 239.46, 96.2, 30.17, 63.4899, 126.43, 63.2451, 87.595, , , , , 
1/31/2020 12:08:23 PM, 3241.5, 9053.5, 1620.6, 323.62, 220.45, 161.16, 316.46, 170.397, 239.46, 96.1731, 30.17, 63.4868, 126.43, 63.2451, 87.595, , , , , 
1/31/2020 12:08:26 PM, 3241.25, 9052.25, 1620.5, 323.5946, 220.395, 161.16, 316.42, 170.3378, 239.4, 96.16, 30.17, 63.4868, 126.43, 63.2451, 87.595, , , , , 
1/31/2020 12:08:29 PM, 3241.5, 9052.5, 1620.5, 323.59, 220.395, 161.16, 316.42, 170.3378, 239.4, 96.16, 30.17, 63.4868, 126.43, 63.2451, 87.595, , , , , 
1/31/2020 12:08:32 PM, 3241.25, 9052.25, 1620.5, 323.6, 220.385, 161.15, 316.4151, 170.33, 239.385, 96.16, 30.17, 63.4868, 126.43, 63.2451, 87.595, , , , , 
1/31/2020 12:08:35 PM, 3241, 9052, 1620.3, 323.58, 220.385, 161.14, 316.4151, 170.33, 239.385, 96.15, 30.17, 63.4868, 126.43, 63.2451, 87.595, , , , , 
1/31/2020 12:08:38 PM, 3240.75, 9051, 1620.3, 323.56, 220.37, 161.13, 316.385, 170.34, 239.325, 96.149, 30.17, 63.49, 126.395, 63.2451, 87.595, , , , , 
1/31/2020 12:08:42 PM, 3241, 9052.25, 1620.4, 323.59, 220.37, 161.14, 316.385, 170.34, 239.325, 96.149, 30.17, 63.485, 126.41, 63.2451, 87.595, , , , , 
1/31/2020 12:08:45 PM, 3241, 9052.25, 1620.4, 323.585, 220.4, 161.15, 316.43, 170.36, 239.3, 96.16, 30.17, 63.49, 126.415, 63.2451, 87.59, , , , , 
1/31/2020 12:08:48 PM, 3241.25, 9052.5, 1620.5, 323.59, 220.4, 161.15, 316.43, 170.36, 239.3, 96.16, 30.17, 63.49, 126.415, 63.2451, 87.59, , , , , 
1/31/2020 12:08:51 PM, 3241.5, 9053, 1620.6, 323.62, 220.405, 161.17, 316.4321, 170.36, 239.3, 96.16, 30.17, 63.49, 126.42, 63.2451, 87.59, , , , , 
1/31/2020 12:08:54 PM, 3241.5, 9053, 1620.5, 323.62, 220.405, 161.15, 316.4321, 170.36, 239.3, 96.16, 30.17, 63.495, 126.42, 63.2451, 87.59, , , , , 
1/31/2020 12:08:57 PM, 3241.25, 9052.75, 1620.6, 323.62, 220.4, 161.17, 316.45, 170.36, 239.34, 96.16, 30.1799, 63.495, 126.43, 63.2451, 87.59, , , , , 
1/31/2020 12:09:00 PM, 3241.5, 9053.25, 1620.7, 323.62, 220.4, 161.17, 316.45, 170.36, 239.34, 96.16, 30.1799, 63.495, 126.42, 63.2451, 87.59, , , , , 
1/31/2020 12:09:03 PM, 3241.75, 9053.75, 1620.6, 323.63, 220.44, 161.155, 316.4954, 170.39, 239.3766, 96.1627, 30.1799, 63.495, 126.42, 63.2451, 87.59, , , , , 
1/31/2020 12:09:06 PM, 3242, 9054.5, 1620.7, 323.66, 220.44, 161.18, 316.4954, 170.39, 239.3766, 96.17, 30.18, 63.495, 126.445, 63.2451, 87.59, , , , , 
1/31/2020 12:09:09 PM, 3242, 9054.25, 1620.6, 323.66, 220.46, 161.18, 316.495, 170.3949, 239.37, 96.18, 30.18, 63.5, 126.44, 63.2451, 87.59, , , , , 
1/31/2020 12:09:12 PM, 3242, 9054.75, 1620.6, 323.68, 220.46, 161.18, 316.495, 170.3949, 239.37, 96.18, 30.18, 63.505, 126.44, 63.2451, 87.59, , , , , 
1/31/2020 12:09:15 PM, 3241.5, 9054.25, 1620.6, 323.68, 220.44, 161.18, 316.485, 170.363, 239.31, 96.18, 30.18, 63.5, 126.44, 63.2451, 87.59, , , , , 
1/31/2020 12:09:18 PM, 3241.75, 9054.5, 1620.5, 323.63, 220.44, 161.15, 316.485, 170.363, 239.31, 96.17, 30.1731, 63.49, 126.425, 63.2451, 87.59, , , , , 
1/31/2020 12:09:21 PM, 3241.75, 9054, 1620.4, 323.63, 220.44, 161.15, 316.53, 170.38, 239.315, 96.17, 30.175, 63.495, 126.43, 63.2451, 87.595, , , , , 
1/31/2020 12:09:24 PM, 3241.75, 9055.25, 1620.4, 323.66, 220.44, 161.14, 316.53, 170.38, 239.315, 96.17, 30.18, 63.497, 126.435, 63.2451, 87.595, , , , , 
1/31/2020 12:09:27 PM, 3241.75, 9055, 1620.5, 323.65, 220.47, 161.16, 316.59, 170.3999, 239.39, 96.18, 30.17, 63.497, 126.435, 63.2451, 87.595, , , , , 
1/31/2020 12:09:30 PM, 3242, 9056, 1620.6, 323.666, 220.47, 161.16, 316.59, 170.3999, 239.39, 96.19, 30.17, 63.497, 126.435, 63.2451, 87.595, , , , , 
1/31/2020 12:09:33 PM, 3242.25, 9056, 1620.7, 323.68, 220.49, 161.1757, 316.645, 170.43, 239.4455, 96.1904, 30.17, 63.495, 126.45, 63.2451, 87.595, , , , , 
1/31/2020 12:09:36 PM, 3242, 9055.25, 1620.5, 323.66, 220.49, 161.1757, 316.645, 170.43, 239.4455, 96.2, 30.18, 63.495, 126.45, 63.2451, 87.595, , , , , 
1/31/2020 12:09:39 PM, 3241.75, 9054.75, 1620.2, 323.63, 220.46, 161.13, 316.62, 170.41, 239.31, 96.19, 30.17, 63.49, 126.44, 63.2451, 87.595, , , , , 
1/31/2020 12:09:42 PM, 3241.75, 9054.75, 1620.2, 323.63, 220.46, 161.12, 316.62, 170.41, 239.31, 96.1966, 30.17, 63.4899, 126.4361, 63.2451, 87.595, , , , , 
1/31/2020 12:09:45 PM, 3241.75, 9055.75, 1620.3, 323.64, 220.46, 161.13, 316.6303, 170.45, 239.42, 96.1966, 30.17, 63.49, 126.4361, 63.2451, 87.595, , , , , 
1/31/2020 12:09:48 PM, 3241.75, 9055.5, 1620.2, 323.64, 220.46, 161.13, 316.6303, 170.45, 239.42, 96.1966, 30.17, 63.49, 126.4361, 63.2451, 87.595, , , , , 
1/31/2020 12:09:51 PM, 3241.75, 9056, 1620.2, 323.63, 220.48, 161.12, 316.64, 170.4534, 239.41, 96.2, 30.17, 63.49, 126.44, 63.2451, 87.595, , , , , 
1/31/2020 12:09:54 PM, 3242, 9056, 1620.3, 323.63, 220.48, 161.12, 316.64, 170.4534, 239.41, 96.2, 30.17, 63.49, 126.44, 63.2451, 87.595, , , , , 
1/31/2020 12:09:57 PM, 3242, 9056.5, 1620.3, 323.66, 220.49, 161.14, 316.635, 170.465, 239.48, 96.2099, 30.175, 63.49, 126.44, 63.2451, 87.595, , , , , 
1/31/2020 12:10:00 PM, 3242.25, 9056.75, 1620.5, 323.69, 220.49, 161.16, 316.635, 170.465, 239.48, 96.21, 30.175, 63.49, 126.44, 63.2451, 87.595, , , , , 
1/31/2020 12:10:03 PM, 3242.25, 9056.75, 1620.4, 323.68, 220.4961, 161.15, 316.6465, 170.4668, 239.4317, 96.21, 30.17, 63.495, 126.45, 63.2451, 87.595, , , , , 
1/31/2020 12:10:06 PM, 3242, 9056.5, 1620.3, 323.68, 220.4961, 161.15, 316.6465, 170.4668, 239.4317, 96.21, 30.175, 63.495, 126.45, 63.2451, 87.595, , , , , 
1/31/2020 12:10:09 PM, 3242, 9056.5, 1620.4, 323.66, 220.5, 161.14, 316.6, 170.47, 239.546, 96.2, 30.17, 63.495, 126.44, 63.2451, 87.595, , , , , 
1/31/2020 12:10:12 PM, 3242.75, 9058.5, 1620.8, 323.7, 220.5, 161.16, 316.6, 170.47, 239.546, 96.2, 30.17, 63.495, 126.45, 63.2451, 87.595, , , , , 
1/31/2020 12:10:15 PM, 3242.75, 9059.25, 1621.1, 323.75, 220.5599, 161.21, 316.658, 170.5141, 239.5601, 96.23, 30.1862, 63.51, 126.48, 63.2451, 87.595, , , , , 
1/31/2020 12:10:18 PM, 3242.75, 9059, 1621, 323.75, 220.5599, 161.21, 316.658, 170.5141, 239.5601, 96.23, 30.18, 63.515, 126.49, 63.2451, 87.6, , , , , 
1/31/2020 12:10:21 PM, 3243.25, 9060.5, 1621.3, 323.79, 220.58, 161.23, 316.7068, 170.53, 239.66, 96.23, 30.18, 63.52, 126.5, 63.2451, 87.6, , , , , 
1/31/2020 12:10:24 PM, 3243.5, 9060.5, 1621.2, 323.8, 220.58, 161.23, 316.7068, 170.53, 239.66, 96.23, 30.18, 63.525, 126.5, 63.2451, 87.6, , , , , 
1/31/2020 12:10:27 PM, 3243, 9059.5, 1621, 323.77, 220.54, 161.2, 316.595, 170.49, 239.53, 96.2499, 30.18, 63.51, 126.49, 63.2451, 87.6, , , , , 
1/31/2020 12:10:30 PM, 3242.75, 9058, 1620.6, 323.73, 220.54, 161.17, 316.595, 170.49, 239.53, 96.23, 30.18, 63.51, 126.48, 63.2451, 87.6, , , , , 
1/31/2020 12:10:33 PM, 3242.5, 9057.5, 1620.5, 323.72, 220.46, 161.16, 316.49, 170.43, 239.517, 96.23, 30.18, 63.505, 126.46, 63.2451, 87.6, , , , , 
1/31/2020 12:10:36 PM, 3241.75, 9054.75, 1620.3, 323.675, 220.46, 161.14, 316.49, 170.43, 239.517, 96.2, 30.17, 63.505, 126.445, 63.2451, 87.59, , , , , 
1/31/2020 12:10:39 PM, 3242, 9054.5, 1620.4, 323.66, 220.45, 161.14, 316.44, 170.42, 239.45, 96.2, 30.17, 63.505, 126.44, 63.2451, 87.59, , , , , 
1/31/2020 12:10:42 PM, 3242, 9054.75, 1620.4, 323.66, 220.45, 161.15, 316.44, 170.42, 239.45, 96.19, 30.17, 63.505, 126.44, 63.2451, 87.59, , , , , 
1/31/2020 12:10:45 PM, 3242, 9054.75, 1620.3, 323.65, 220.47, 161.13, 316.47, 170.45, 239.4231, 96.19, 30.17, 63.5, 126.45, 63.2451, 87.59, , , , , 
1/31/2020 12:10:48 PM, 3242, 9055.25, 1620.3, 323.69, 220.47, 161.15, 316.47, 170.45, 239.4231, 96.2, 30.17, 63.5, 126.46, 63.2451, 87.59, , , , , 
1/31/2020 12:10:51 PM, 3242, 9055.25, 1620.5, 323.685, 220.45, 161.15, 316.45, 170.43, 239.41, 96.2, 30.1709, 63.5, 126.46, 63.2451, 87.59, , , , , 
1/31/2020 12:10:54 PM, 3242, 9055, 1620.3, 323.68, 220.45, 161.14, 316.45, 170.43, 239.41, 96.2, 30.17, 63.5, 126.45, 63.2451, 87.59, , , , , 
1/31/2020 12:10:57 PM, 3242, 9054.75, 1620.4, 323.68, 220.42, 161.14, 316.3822, 170.41, 239.37, 96.2, 30.17, 63.495, 126.455, 63.2451, 87.59, , , , , 
1/31/2020 12:11:01 PM, 3241.5, 9052.25, 1620.1, 323.63, 220.42, 161.115, 316.3822, 170.41, 239.37, 96.18, 30.17, 63.495, 126.435, 63.2451, 87.59, , , , , 
1/31/2020 12:11:04 PM, 3241.5, 9052.5, 1620.1, 323.61, 220.4, 161.11, 316.329, 170.36, 239.2663, 96.17, 30.17, 63.495, 126.43, 63.2451, 87.595, , , , , 
1/31/2020 12:11:07 PM, 3241.25, 9052.75, 1620.1, 323.618, 220.4, 161.11, 316.329, 170.36, 239.2663, 96.17, 30.16, 63.495, 126.43, 63.2451, 87.595, , , , , 
1/31/2020 12:11:10 PM, 3241.25, 9052.25, 1619.7, 323.61, 220.3801, 161.1, 316.3449, 170.36, 239.28, 96.17, 30.16, 63.495, 126.43, 63.2451, 87.595, , , , , 
1/31/2020 12:11:13 PM, 3241.25, 9052.75, 1620, 323.5864, 220.37, 161.11, 316.35, 170.355, 239.28, 96.16, 30.16, 63.495, 126.42, 63.2451, 87.595, , , , , 
1/31/2020 12:11:16 PM, 3241.25, 9052.75, 1620, 323.5864, 220.4, 161.11, 316.3501, 170.3626, 239.28, 96.16, 30.16, 63.495, 126.42, 63.2451, 87.595, , , , , 
1/31/2020 12:11:19 PM, 3241.25, 9053.25, 1620.1, 323.6, 220.42, 161.115, 316.4302, 170.38, 239.28, 96.17, 30.16, 63.51, 126.4339, 63.2451, 87.595, , , , , 
1/31/2020 12:11:22 PM, 3241.25, 9053.25, 1620.1, 323.6, 220.4, 161.115, 316.38, 170.38, 239.28, 96.17, 30.16, 63.51, 126.4339, 63.2451, 87.595, , , , , 
1/31/2020 12:11:25 PM, 3241.25, 9052.25, 1620, 323.585, 220.3903, 161.0902, 316.3835, 170.39, 239.26, 96.17, 30.16, 63.515, 126.435, 63.2451, 87.595, , , , , 
1/31/2020 12:11:28 PM, 3241.25, 9052.25, 1620, 323.585, 220.38, 161.0902, 316.36, 170.36, 239.2, 96.17, 30.16, 63.515, 126.435, 63.2451, 87.595, , , , , 
1/31/2020 12:11:31 PM, 3241.25, 9053.75, 1620.1, 323.6, 220.4, 161.09, 316.4099, 170.395, 239.21, 96.17, 30.16, 63.505, 126.415, 63.2451, 87.59, , , , , 
1/31/2020 12:11:34 PM, 3241.25, 9053.75, 1620.1, 323.6, 220.42, 161.09, 316.4399, 170.4, 239.26, 96.17, 30.16, 63.505, 126.415, 63.2451, 87.59, , , , , 
1/31/2020 12:11:37 PM, 3241.5, 9054.75, 1620.2, 323.63, 220.4201, 161.11, 316.49, 170.4, 239.26, 96.19, 30.17, 63.5196, 126.43, 63.2451, 87.59, , , , , 
1/31/2020 12:11:40 PM, 3241.5, 9054.75, 1620.2, 323.63, 220.44, 161.11, 316.48, 170.42, 239.3593, 96.19, 30.17, 63.5196, 126.43, 63.2451, 87.59, , , , , 
1/31/2020 12:11:43 PM, 3241.5, 9054.25, 1620.1, 323.63, 220.45, 161.11, 316.48, 170.42, 239.39, 96.19, 30.17, 63.5067, 126.43, 63.2451, 87.585, , , , , 
1/31/2020 12:11:46 PM, 3241.5, 9054.25, 1620.1, 323.63, 220.44, 161.11, 316.4892, 170.415, 239.36, 96.19, 30.17, 63.5067, 126.43, 63.2451, 87.585, , , , , 
1/31/2020 12:11:49 PM, 3241.75, 9055.25, 1620.1, 323.63, 220.44, 161.1, 316.4535, 170.43, 239.3399, 96.19, 30.1632, 63.5067, 126.445, 63.2451, 87.585, , , , , 
1/31/2020 12:11:52 PM, 3241.75, 9055.25, 1620.1, 323.63, 220.47, 161.1, 316.49, 170.44, 239.35, 96.19, 30.1632, 63.5067, 126.445, 63.2451, 87.585, , , , , 
1/31/2020 12:11:55 PM, 3242.25, 9056, 1620.4, 323.68, 220.48, 161.14, 316.5218, 170.45, 239.34, 96.21, 30.17, 63.515, 126.46, 63.2451, 87.59, , , , , 
1/31/2020 12:11:58 PM, 3242.25, 9056, 1620.4, 323.68, 220.4854, 161.14, 316.5357, 170.46, 239.34, 96.21, 30.17, 63.515, 126.46, 63.2451, 87.59, , , , , 
1/31/2020 12:12:01 PM, 3242, 9055.75, 1620.3, 323.69, 220.4736, 161.13, 316.5477, 170.458, 239.34, 96.21, 30.17, 63.51, 126.45, 63.2451, 87.6, , , , , 
1/31/2020 12:12:04 PM, 3242, 9055.75, 1620.3, 323.69, 220.5, 161.13, 316.55, 170.4616, 239.34, 96.21, 30.17, 63.51, 126.45, 63.2451, 87.6, , , , , 
1/31/2020 12:12:07 PM, 3242.5, 9056.75, 1620.3, 323.7, 220.49, 161.15, 316.54, 170.4726, 239.37, 96.2198, 30.17, 63.51, 126.46, 63.2451, 87.595, , , , , 
1/31/2020 12:12:10 PM, 3242.5, 9056.75, 1620.3, 323.7, 220.49, 161.15, 316.52, 170.47, 239.3978, 96.2198, 30.17, 63.51, 126.46, 63.2451, 87.595, , , , , 
1/31/2020 12:12:13 PM, 3242.5, 9056.5, 1620.5, 323.69, 220.485, 161.14, 316.5, 170.47, 239.3978, 96.22, 30.17, 63.515, 126.4449, 63.2451, 87.595, , , , , 
1/31/2020 12:12:16 PM, 3242.5, 9056.5, 1620.5, 323.69, 220.51, 161.14, 316.565, 170.48, 239.37, 96.22, 30.17, 63.515, 126.4449, 63.2451, 87.595, , , , , 
1/31/2020 12:12:19 PM, 3242.75, 9057.25, 1620.5, 323.72, 220.5071, 161.14, 316.5845, 170.48, 239.37, 96.23, 30.175, 63.52, 126.46, 63.2451, 87.595, , , , , 
1/31/2020 12:12:22 PM, 3242.75, 9057.25, 1620.5, 323.72, 220.5117, 161.14, 316.6133, 170.49, 239.4108, 96.23, 30.175, 63.52, 126.46, 63.2451, 87.595, , , , , 
1/31/2020 12:12:25 PM, 3242.75, 9057.75, 1620.4, 323.7295, 220.52, 161.15, 316.63, 170.485, 239.4108, 96.23, 30.18, 63.52, 126.46, 63.2451, 87.595, , , , , 
1/31/2020 12:12:28 PM, 3242.75, 9057.75, 1620.4, 323.7295, 220.53, 161.15, 316.6393, 170.48, 239.3853, 96.23, 30.18, 63.52, 126.46, 63.2451, 87.595, , , , , 
1/31/2020 12:12:31 PM, 3243, 9059, 1620.7, 323.76, 220.54, 161.16, 316.67, 170.485, 239.3853, 96.2331, 30.18, 63.52, 126.46, 63.2451, 87.595, , , , , 
1/31/2020 12:12:34 PM, 3243, 9059, 1620.7, 323.76, 220.56, 161.16, 316.71, 170.51, 239.41, 96.2331, 30.18, 63.52, 126.46, 63.2451, 87.595, , , , , 
1/31/2020 12:12:37 PM, 3243.25, 9059.5, 1620.8, 323.77, 220.55, 161.18, 316.6985, 170.505, 239.475, 96.25, 30.18, 63.52, 126.48, 63.2451, 87.59, , , , , 
1/31/2020 12:12:40 PM, 3243.25, 9059.5, 1620.8, 323.77, 220.5601, 161.18, 316.6867, 170.5032, 239.42, 96.25, 30.18, 63.52, 126.48, 63.2451, 87.59, , , , , 
1/31/2020 12:12:43 PM, 3243, 9059, 1620.9, 323.76, 220.54, 161.18, 316.6815, 170.51, 239.42, 96.24, 30.18, 63.515, 126.485, 63.2451, 87.595, , , , , 
1/31/2020 12:12:46 PM, 3243, 9059, 1620.9, 323.76, 220.53, 161.18, 316.66, 170.495, 239.4599, 96.24, 30.18, 63.515, 126.485, 63.2451, 87.595, , , , , 
1/31/2020 12:12:49 PM, 3242.5, 9056, 1620.4, 323.6918, 220.495, 161.13, 316.6298, 170.46, 239.3654, 96.23, 30.18, 63.51, 126.46, 63.2451, 87.595, , , , , 
1/31/2020 12:12:52 PM, 3242.5, 9056, 1620.4, 323.6918, 220.4834, 161.13, 316.6549, 170.47, 239.3571, 96.23, 30.18, 63.51, 126.46, 63.2451, 87.595, , , , , 
1/31/2020 12:12:55 PM, 3241.75, 9053, 1620.1, 323.65, 220.4834, 161.11, 316.58, 170.42, 239.25, 96.2, 30.175, 63.5, 126.44, 63.2451, 87.585, , , , , 
1/31/2020 12:12:58 PM, 3241.75, 9053, 1620.1, 323.65, 220.42, 161.11, 316.526, 170.39, 239.2, 96.2, 30.175, 63.5, 126.44, 63.2451, 87.585, , , , , 
1/31/2020 12:13:01 PM, 3241.25, 9051.75, 1619.8, 323.62, 220.42, 161.1, 316.5292, 170.3564, 239.18, 96.19, 30.17, 63.5, 126.43, 63.2451, 87.585, , , , , 
1/31/2020 12:13:04 PM, 3241.25, 9051.75, 1619.8, 323.62, 220.37, 161.1, 316.507, 170.35, 239.15, 96.19, 30.17, 63.5, 126.43, 63.2451, 87.585, , , , , 
1/31/2020 12:13:07 PM, 3241.25, 9051.75, 1619.8, 323.62, 220.4, 161.09, 316.5699, 170.38, 239.15, 96.18, 30.17, 63.5, 126.42, 63.2451, 87.585, , , , , 
1/31/2020 12:13:10 PM, 3241.25, 9051.75, 1619.8, 323.62, 220.41, 161.09, 316.53, 170.37, 239.1596, 96.18, 30.17, 63.5, 126.42, 63.2451, 87.585, , , , , 
1/31/2020 12:13:13 PM, 3241.5, 9053, 1619.9, 323.648, 220.41, 161.0807, 316.5327, 170.37, 239.1596, 96.17, 30.165, 63.505, 126.425, 63.2451, 87.58, , , , , 
1/31/2020 12:13:17 PM, 3241.5, 9053, 1619.9, 323.648, 220.41, 161.0807, 316.52, 170.4004, 239.1596, 96.17, 30.165, 63.505, 126.425, 63.2451, 87.58, , , , , 
1/31/2020 12:13:20 PM, 3242.25, 9054, 1620.2, 323.68, 220.43, 161.115, 316.5977, 170.4218, 239.25, 96.2, 30.175, 63.5, 126.435, 63.2451, 87.585, , , , , 
1/31/2020 12:13:23 PM, 3242, 9053.25, 1620.1, 323.66, 220.42, 161.11, 316.53, 170.4138, 239.18, 96.2, 30.175, 63.5, 126.425, 63.2451, 87.585, , , , , 
1/31/2020 12:13:26 PM, 3241.75, 9053.25, 1620, 323.64, 220.42, 161.1, 316.55, 170.4, 239.1917, 96.2, 30.175, 63.5, 126.425, 63.2451, 87.585, , , , , 
1/31/2020 12:13:29 PM, 3241.75, 9052.5, 1619.9, 323.6301, 220.4, 161.1, 316.545, 170.405, 239.179, 96.2, 30.175, 63.5, 126.42, 63.2451, 87.585, , , , , 
1/31/2020 12:13:32 PM, 3240.75, 9049, 1619.6, 323.56, 220.32, 161.07, 316.45, 170.33, 239.06, 96.15, 30.1729, 63.495, 126.39, 63.2451, 87.585, , , , , 
1/31/2020 12:13:35 PM, 3240.75, 9049.25, 1619.5, 323.56, 220.32, 161.05, 316.46, 170.32, 239.06, 96.14, 30.17, 63.49, 126.39, 63.2451, 87.585, , , , , 
1/31/2020 12:13:38 PM, 3240.5, 9047.75, 1619.3, 323.53, 220.3, 161.03, 316.43, 170.3299, 239.06, 96.14, 30.17, 63.49, 126.38, 63.2451, 87.575, , , , , 
1/31/2020 12:13:41 PM, 3240.5, 9047.5, 1619.4, 323.54, 220.3, 161.03, 316.415, 170.3, 238.98, 96.14, 30.17, 63.495, 126.38, 63.2451, 87.575, , , , , 
1/31/2020 12:13:44 PM, 3240.75, 9048.25, 1619.6, 323.55, 220.29, 161.05, 316.38, 170.32, 239.0248, 96.13, 30.17, 63.495, 126.38, 63.2451, 87.575, , , , , 
1/31/2020 12:13:47 PM, 3240.5, 9048.5, 1619.6, 323.5371, 220.28, 161.0452, 316.43, 170.32, 239.0248, 96.13, 30.17, 63.495, 126.38, 63.2451, 87.575, , , , , 
1/31/2020 12:13:50 PM, 3240.75, 9048.5, 1619.6, 323.5451, 220.29, 161.06, 316.415, 170.34, 239.0111, 96.13, 30.17, 63.495, 126.38, 63.2451, 87.575, , , , , 
1/31/2020 12:13:53 PM, 3240.5, 9047.5, 1619.6, 323.52, 220.28, 161.05, 316.38, 170.33, 239, 96.13, 30.17, 63.495, 126.375, 63.2451, 87.575, , , , , 
1/31/2020 12:13:56 PM, 3240.5, 9048, 1619.4, 323.52, 220.28, 161.05, 316.35, 170.31, 239, 96.13, 30.17, 63.495, 126.375, 63.2451, 87.575, , , , , 
1/31/2020 12:13:59 PM, 3240.5, 9047.5, 1619.4, 323.53, 220.29, 161.05, 316.3475, 170.32, 239, 96.13, 30.17, 63.498, 126.375, 63.2451, 87.575, , , , , 
1/31/2020 12:14:02 PM, 3239.75, 9046, 1619, 323.4458, 220.24, 161, 316.28, 170.29, 238.92, 96.11, 30.16, 63.49, 126.365, 63.2451, 87.575, , , , , 
1/31/2020 12:14:05 PM, 3239.5, 9044.25, 1618.8, 323.42, 220.21, 160.99, 316.2055, 170.27, 238.86, 96.09, 30.16, 63.49, 126.345, 63.2451, 87.57, , , , , 
1/31/2020 12:14:08 PM, 3239.25, 9043, 1618.7, 323.4, 220.16, 160.97, 316.2, 170.2338, 238.8078, 96.08, 30.16, 63.48, 126.32, 63.2451, 87.56, , , , , 
1/31/2020 12:14:11 PM, 3239, 9042.75, 1618.7, 323.38, 220.17, 160.97, 316.1401, 170.22, 238.8, 96.08, 30.16, 63.48, 126.32, 63.2451, 87.56, , , , , 
1/31/2020 12:14:14 PM, 3239.5, 9043.5, 1618.8, 323.38, 220.16, 160.96, 316.0801, 170.2, 238.76, 96.07, 30.15, 63.48, 126.325, 63.2451, 87.565, , , , , 
1/31/2020 12:14:17 PM, 3239.75, 9044.5, 1619, 323.415, 220.19, 160.99, 316.18, 170.2504, 238.8337, 96.09, 30.16, 63.48, 126.34, 63.2451, 87.565, , , , , 
1/31/2020 12:14:20 PM, 3239.5, 9044.5, 1619, 323.42, 220.2, 161.0064, 316.18, 170.25, 238.86, 96.09, 30.16, 63.48, 126.345, 63.2451, 87.565, , , , , 
1/31/2020 12:14:23 PM, 3239, 9042.5, 1618.7, 323.35, 220.15, 160.97, 316.1265, 170.2, 238.81, 96.07, 30.155, 63.47, 126.31, 63.2451, 87.565, , , , , 
1/31/2020 12:14:26 PM, 3239.25, 9043.75, 1618.8, 323.37, 220.17, 160.97, 316.1465, 170.24, 238.7919, 96.07, 30.15, 63.48, 126.32, 63.2451, 87.565, , , , , 
1/31/2020 12:14:29 PM, 3239.75, 9045, 1619.1, 323.44, 220.21, 161.02, 316.22, 170.26, 238.9396, 96.095, 30.16, 63.485, 126.345, 63.2451, 87.56, , , , , 
1/31/2020 12:14:32 PM, 3239.75, 9045.5, 1619.2, 323.46, 220.22, 161.02, 316.28, 170.28, 238.9307, 96.095, 30.16, 63.485, 126.35, 63.2451, 87.56, , , , , 
1/31/2020 12:14:35 PM, 3239.75, 9045.5, 1619.2, 323.39, 220.2, 161.01, 316.16, 170.26, 238.95, 96.0839, 30.16, 63.48, 126.335, 63.2451, 87.56, , , , , 
1/31/2020 12:14:38 PM, 3239, 9042.75, 1618.9, 323.37, 220.16, 161, 316.12, 170.22, 238.95, 96.075, 30.15, 63.475, 126.32, 63.2451, 87.56, , , , , 
1/31/2020 12:14:41 PM, 3239.25, 9044.25, 1619.2, 323.39, 220.18, 161.01, 316.2, 170.23, 238.985, 96.09, 30.15, 63.475, 126.335, 63.2451, 87.565, , , , , 
1/31/2020 12:14:44 PM, 3239.25, 9044.25, 1619.2, 323.4, 220.2, 161.02, 316.22, 170.2214, 238.9801, 96.0801, 30.15, 63.475, 126.335, 63.2451, 87.565, , , , , 
1/31/2020 12:14:47 PM, 3239.25, 9043.25, 1619.2, 323.37, 220.175, 161.01, 316.17, 170.2019, 238.93, 96.08, 30.1579, 63.475, 126.33, 63.2451, 87.565, , , , , 
1/31/2020 12:14:50 PM, 3239.25, 9043.5, 1619, 323.38, 220.18, 161, 316.18, 170.23, 238.98, 96.08, 30.15, 63.475, 126.33, 63.2451, 87.565, , , , , 
1/31/2020 12:14:53 PM, 3239.5, 9044, 1619, 323.39, 220.19, 160.99, 316.1847, 170.24, 238.98, 96.08, 30.16, 63.475, 126.33, 63.2451, 87.565, , , , , 
1/31/2020 12:14:56 PM, 3239, 9044, 1618.9, 323.39, 220.1899, 160.99, 316.1815, 170.25, 238.9832, 96.09, 30.16, 63.475, 126.33, 63.2451, 87.565, , , , , 
1/31/2020 12:14:59 PM, 3239, 9042.5, 1618.7, 323.38, 220.17, 160.99, 316.16, 170.24, 238.96, 96.09, 30.16, 63.475, 126.33, 63.2451, 87.565, , , , , 
1/31/2020 12:15:02 PM, 3239, 9043.75, 1618.7, 323.35, 220.15, 160.96, 316.215, 170.24, 238.89, 96.08, 30.15, 63.475, 126.32, 63.2451, 87.56, , , , , 
1/31/2020 12:15:05 PM, 3238.5, 9042.5, 1618.3, 323.3298, 220.15, 160.93, 316.14, 170.215, 238.9, 96.07, 30.15, 63.47, 126.32, 63.2451, 87.56, , , , , 
1/31/2020 12:15:08 PM, 3239.25, 9044.5, 1618.8, 323.4, 220.2, 160.97, 316.27, 170.25, 238.9, 96.09, 30.15, 63.47, 126.34, 63.2451, 87.56, , , , , 
1/31/2020 12:15:11 PM, 3239.5, 9045.25, 1618.8, 323.38, 220.1822, 160.95, 316.235, 170.23, 238.9, 96.09, 30.15, 63.48, 126.35, 63.2451, 87.56, , , , , 
1/31/2020 12:15:15 PM, 3239.25, 9046, 1618.7, 323.41, 220.23, 160.97, 316.31, 170.2762, 238.9006, 96.1, 30.15, 63.48, 126.36, 63.2451, 87.55, , , , , 
1/31/2020 12:15:18 PM, 3239.75, 9046.75, 1618.7, 323.43, 220.26, 160.97, 316.34, 170.31, 238.9006, 96.105, 30.15, 63.48, 126.36, 63.2451, 87.555, , , , , 
1/31/2020 12:15:21 PM, 3239.5, 9046.75, 1618.6, 323.435, 220.25, 160.9677, 316.3251, 170.2908, 238.8996, 96.11, 30.15, 63.48, 126.36, 63.2451, 87.555, , , , , 
1/31/2020 12:15:24 PM, 3239.5, 9046.25, 1618.6, 323.405, 220.26, 160.96, 316.33, 170.31, 238.87, 96.11, 30.15, 63.48, 126.36, 63.2451, 87.555, , , , , 
1/31/2020 12:15:27 PM, 3239.25, 9045.75, 1618.5, 323.4, 220.24, 160.955, 316.335, 170.305, 238.86, 96.105, 30.155, 63.48, 126.36, 63.2451, 87.555, , , , , 
1/31/2020 12:15:30 PM, 3239.25, 9045, 1618.4, 323.375, 220.21, 160.95, 316.29, 170.28, 238.66, 96.09, 30.15, 63.48, 126.35, 63.2451, 87.555, , , , , 
1/31/2020 12:15:33 PM, 3239.25, 9044, 1618.4, 323.37, 220.21, 160.95, 316.27, 170.275, 238.65, 96.09, 30.15, 63.48, 126.34, 63.2451, 87.555, , , , , 
1/31/2020 12:15:36 PM, 3239, 9044.5, 1618.3, 323.37, 220.19, 160.94, 316.2373, 170.28, 238.675, 96.09, 30.15, 63.475, 126.34, 63.2451, 87.555, , , , , 
1/31/2020 12:15:39 PM, 3238.75, 9043.75, 1618.3, 323.36, 220.1901, 160.95, 316.1914, 170.2795, 238.64, 96.09, 30.15, 63.475, 126.33, 63.2451, 87.555, , , , , 
1/31/2020 12:15:42 PM, 3238.75, 9043.75, 1618.1, 323.34, 220.18, 160.92, 316.18, 170.29, 238.66, 96.0817, 30.15, 63.475, 126.33, 63.2451, 87.555, , , , , 
1/31/2020 12:15:45 PM, 3238.75, 9044.25, 1617.9, 323.34, 220.18, 160.88, 316.21, 170.28, 238.62, 96.08, 30.1401, 63.475, 126.32, 63.2451, 87.555, , , , , 
1/31/2020 12:15:48 PM, 3238.75, 9043, 1617.8, 323.33, 220.175, 160.87, 316.23, 170.27, 238.643, 96.0811, 30.1401, 63.475, 126.32, 63.2451, 87.555, , , , , 
1/31/2020 12:15:51 PM, 3238.5, 9043.75, 1617.8, 323.34, 220.18, 160.8732, 316.23, 170.2685, 238.62, 96.08, 30.1436, 63.475, 126.32, 63.2451, 87.555, , , , , 
1/31/2020 12:15:54 PM, 3238.5, 9042.75, 1617.7, 323.32, 220.15, 160.86, 316.21, 170.26, 238.64, 96.08, 30.14, 63.47, 126.32, 63.2451, 87.555, , , , , 
1/31/2020 12:15:57 PM, 3238.5, 9042.75, 1617.7, 323.32, 220.16, 160.87, 316.2, 170.2587, 238.64, 96.0756, 30.15, 63.475, 126.32, 63.2451, 87.555, , , , , 
1/31/2020 12:16:00 PM, 3238.25, 9042, 1617.7, 323.31, 220.12, 160.86, 316.17, 170.24, 238.51, 96.06, 30.14, 63.475, 126.3, 63.2451, 87.555, , , , , 
1/31/2020 12:16:03 PM, 3238.25, 9040.75, 1617.5, 323.28, 220.145, 160.85, 316.19, 170.2369, 238.59, 96.06, 30.14, 63.475, 126.3, 63.2451, 87.555, , , , , 
1/31/2020 12:16:06 PM, 3238.5, 9042.5, 1617.8, 323.32, 220.15, 160.88, 316.195, 170.26, 238.66, 96.075, 30.14, 63.4746, 126.3, 63.2451, 87.55, , , , , 
1/31/2020 12:16:09 PM, 3238.75, 9043.5, 1617.9, 323.3475, 220.1611, 160.91, 316.2328, 170.2832, 238.7147, 96.08, 30.15, 63.48, 126.32, 63.2451, 87.55, , , , , 
1/31/2020 12:16:12 PM, 3238.75, 9043.25, 1617.9, 323.3475, 220.18, 160.89, 316.235, 170.29, 238.73, 96.085, 30.1401, 63.48, 126.32, 63.2451, 87.55, , , , , 
1/31/2020 12:16:15 PM, 3238.25, 9042.25, 1617.6, 323.31, 220.15, 160.86, 316.1873, 170.27, 238.59, 96.08, 30.1441, 63.475, 126.32, 63.2451, 87.55, , , , , 
1/31/2020 12:16:18 PM, 3238.75, 9042.75, 1617.7, 323.33, 220.16, 160.87, 316.1887, 170.29, 238.565, 96.08, 30.145, 63.475, 126.32, 63.2451, 87.55, , , , , 
1/31/2020 12:16:21 PM, 3238.5, 9042.75, 1617.7, 323.32, 220.16, 160.87, 316.21, 170.29, 238.6, 96.08, 30.145, 63.475, 126.32, 63.2451, 87.55, , , , , 
1/31/2020 12:16:24 PM, 3238.5, 9043, 1617.7, 323.315, 220.16, 160.85, 316.21, 170.2947, 238.635, 96.08, 30.14, 63.475, 126.32, 63.2451, 87.55, , , , , 
1/31/2020 12:16:27 PM, 3239.25, 9044.75, 1617.9, 323.37, 220.2, 160.89, 316.26, 170.33, 238.66, 96.1, 30.14, 63.475, 126.34, 63.2451, 87.55, , , , , 
1/31/2020 12:16:30 PM, 3239.25, 9044.5, 1617.9, 323.37, 220.21, 160.89, 316.3, 170.3299, 238.69, 96.1, 30.15, 63.48, 126.34, 63.2451, 87.555, , , , , 
1/31/2020 12:16:33 PM, 3239, 9043.5, 1617.8, 323.36, 220.19, 160.9, 316.3, 170.3234, 238.65, 96.09, 30.15, 63.48, 126.34, 63.2451, 87.555, , , , , 
1/31/2020 12:16:36 PM, 3239, 9043.5, 1617.9, 323.36, 220.19, 160.87, 316.27, 170.32, 238.58, 96.09, 30.15, 63.49, 126.34, 63.2451, 87.555, , , , , 
1/31/2020 12:16:39 PM, 3239.25, 9044.75, 1617.9, 323.38, 220.21, 160.88, 316.2846, 170.37, 238.56, 96.09, 30.15, 63.49, 126.36, 63.2451, 87.555, , , , , 
1/31/2020 12:16:42 PM, 3239.25, 9044.75, 1617.9, 323.38, 220.21, 160.88, 316.2846, 170.37, 238.56, 96.09, 30.15, 63.49, 126.36, 63.2451, 87.555, , , , , 
1/31/2020 12:16:45 PM, 3238.75, 9042.75, 1617.5, 323.35, 220.17, 160.87, 316.26, 170.33, 238.43, 96.085, 30.15, 63.475, 126.34, 63.2451, 87.555, , , , , 
1/31/2020 12:16:48 PM, 3238.75, 9042.75, 1617.5, 323.35, 220.17, 160.87, 316.26, 170.33, 238.43, 96.085, 30.15, 63.475, 126.34, 63.2451, 87.555, , , , , 
1/31/2020 12:16:51 PM, 3238.5, 9042.25, 1617.6, 323.32, 220.14, 160.86, 316.21, 170.3034, 238.42, 96.0732, 30.15, 63.465, 126.3238, 63.2451, 87.555, , , , , 
1/31/2020 12:16:54 PM, 3238.5, 9042.25, 1617.6, 323.32, 220.14, 160.86, 316.21, 170.3034, 238.42, 96.0732, 30.15, 63.465, 126.3238, 63.2451, 87.555, , , , , 
1/31/2020 12:16:57 PM, 3238.25, 9042, 1617.4, 323.29, 220.1234, 160.85, 316.1609, 170.28, 238.43, 96.06, 30.145, 63.46, 126.31, 63.2451, 87.555, , , , , 
1/31/2020 12:17:00 PM, 3238.25, 9042, 1617.4, 323.29, 220.1234, 160.85, 316.1609, 170.28, 238.43, 96.06, 30.145, 63.46, 126.31, 63.2451, 87.555, , , , , 
1/31/2020 12:17:03 PM, 3238.5, 9042, 1617.5, 323.3, 220.14, 160.85, 316.1938, 170.34, 238.55, 96.08, 30.14, 63.46, 126.31, 63.2451, 87.555, , , , , 
1/31/2020 12:17:06 PM, 3238.5, 9042, 1617.5, 323.3, 220.14, 160.85, 316.1938, 170.34, 238.55, 96.08, 30.14, 63.46, 126.31, 63.2451, 87.555, , , , , 
1/31/2020 12:17:09 PM, 3238.25, 9041.5, 1617.4, 323.275, 220.12, 160.845, 316.12, 170.32, 238.52, 96.07, 30.14, 63.45, 126.29, 63.2451, 87.555, , , , , 
1/31/2020 12:17:12 PM, 3238.25, 9041.5, 1617.4, 323.275, 220.12, 160.845, 316.12, 170.32, 238.52, 96.07, 30.14, 63.45, 126.29, 63.2451, 87.555, , , , , 
1/31/2020 12:17:15 PM, 3238.25, 9041.5, 1617.4, 323.28, 220.11, 160.85, 316.1488, 170.33, 238.52, 96.065, 30.145, 63.45, 126.29, 63.2451, 87.555, , , , , 
1/31/2020 12:17:18 PM, 3238, 9041.25, 1617.5, 323.28, 220.11, 160.85, 316.1488, 170.33, 238.52, 96.065, 30.145, 63.45, 126.29, 63.2451, 87.555, , , , , 
1/31/2020 12:17:21 PM, 3238, 9041, 1617.4, 323.28, 220.13, 160.85, 316.17, 170.32, 238.55, 96.07, 30.145, 63.445, 126.28, 63.2451, 87.555, , , , , 
1/31/2020 12:17:24 PM, 3238.25, 9041.5, 1617.4, 323.28, 220.13, 160.85, 316.17, 170.32, 238.55, 96.07, 30.145, 63.445, 126.28, 63.2451, 87.555, , , , , 
1/31/2020 12:17:27 PM, 3237.75, 9040.75, 1617.4, 323.24, 220.091, 160.84, 316.14, 170.295, 238.49, 96.06, 30.14, 63.43, 126.28, 63.2451, 87.555, , , , , 
1/31/2020 12:17:30 PM, 3237.75, 9040.75, 1617.4, 323.24, 220.091, 160.84, 316.14, 170.295, 238.49, 96.06, 30.14, 63.43, 126.28, 63.2451, 87.555, , , , , 
1/31/2020 12:17:34 PM, 3237.75, 9041, 1617.4, 323.24, 220.11, 160.84, 316.1593, 170.31, 238.63, 96.07, 30.14, 63.43, 126.28, 63.2451, 87.555, , , , , 
1/31/2020 12:17:37 PM, 3237.75, 9041, 1617.4, 323.24, 220.11, 160.84, 316.1593, 170.31, 238.63, 96.07, 30.14, 63.43, 126.28, 63.2451, 87.555, , , , , 
1/31/2020 12:17:40 PM, 3237.75, 9040.5, 1617.3, 323.24, 220.11, 160.8301, 316.1773, 170.31, 238.6428, 96.07, 30.1499, 63.435, 126.28, 63.2451, 87.555, , , , , 
1/31/2020 12:17:43 PM, 3237.75, 9040.5, 1617.3, 323.24, 220.11, 160.8301, 316.1773, 170.31, 238.6428, 96.07, 30.1499, 63.435, 126.28, 63.2451, 87.555, , , , , 
1/31/2020 12:17:46 PM, 3238, 9041, 1617.3, 323.24, 220.12, 160.83, 316.2007, 170.305, 238.61, 96.07, 30.1499, 63.435, 126.28, 63.2451, 87.555, , , , , 
1/31/2020 12:17:49 PM, 3238, 9041, 1617.3, 323.24, 220.12, 160.83, 316.2007, 170.305, 238.61, 96.07, 30.1499, 63.435, 126.28, 63.2451, 87.555, , , , , 
1/31/2020 12:17:52 PM, 3238, 9042.75, 1617.2, 323.27, 220.15, 160.83, 316.27, 170.33, 238.524, 96.08, 30.14, 63.435, 126.29, 63.2451, 87.555, , , , , 
1/31/2020 12:17:55 PM, 3238, 9042.75, 1617.2, 323.27, 220.15, 160.83, 316.27, 170.33, 238.524, 96.08, 30.14, 63.435, 126.29, 63.2451, 87.555, , , , , 
1/31/2020 12:17:58 PM, 3237.75, 9040.75, 1617.1, 323.23, 220.12, 160.81, 316.175, 170.29, 238.49, 96.07, 30.135, 63.43, 126.28, 63.2451, 87.5525, , , , , 
1/31/2020 12:18:01 PM, 3237.75, 9040.75, 1617.1, 323.23, 220.12, 160.81, 316.175, 170.29, 238.49, 96.07, 30.135, 63.43, 126.28, 63.2451, 87.5525, , , , , 
1/31/2020 12:18:04 PM, 3238, 9041, 1617.3, 323.25, 220.13, 160.83, 316.12, 170.31, 238.4699, 96.07, 30.14, 63.435, 126.28, 63.2451, 87.5525, , , , , 
1/31/2020 12:18:07 PM, 3238, 9041, 1617.3, 323.25, 220.13, 160.83, 316.12, 170.31, 238.4699, 96.07, 30.14, 63.435, 126.28, 63.2451, 87.5525, , , , , 
1/31/2020 12:18:10 PM, 3238, 9042, 1617.4, 323.2799, 220.1399, 160.8413, 316.11, 170.31, 238.475, 96.07, 30.14, 63.435, 126.285, 63.2451, 87.5525, , , , , 
1/31/2020 12:18:13 PM, 3238, 9042, 1617.4, 323.2799, 220.1399, 160.8413, 316.11, 170.31, 238.475, 96.07, 30.14, 63.435, 126.285, 63.2451, 87.5525, , , , , 
1/31/2020 12:18:16 PM, 3238.5, 9044, 1617.6, 323.325, 220.17, 160.86, 316.14, 170.3499, 238.63, 96.09, 30.145, 63.44, 126.3, 63.2451, 87.555, , , , , 
1/31/2020 12:18:19 PM, 3238.5, 9044, 1617.6, 323.325, 220.17, 160.86, 316.14, 170.3499, 238.63, 96.09, 30.145, 63.44, 126.3, 63.2451, 87.555, , , , , 
1/31/2020 12:18:22 PM, 3238.25, 9043.25, 1617.3, 323.3, 220.17, 160.83, 316.15, 170.351, 238.52, 96.1, 30.145, 63.44, 126.3, 63.2451, 87.545, , , , , 
1/31/2020 12:18:25 PM, 3238.25, 9043.25, 1617.3, 323.3, 220.17, 160.83, 316.15, 170.351, 238.52, 96.1, 30.145, 63.44, 126.3, 63.2451, 87.545, , , , , 
1/31/2020 12:18:28 PM, 3238.75, 9044.25, 1617.6, 323.34, 220.185, 160.86, 316.18, 170.38, 238.53, 96.11, 30.15, 63.45, 126.3, 63.2451, 87.55, , , , , 
1/31/2020 12:18:31 PM, 3238.75, 9044.25, 1617.6, 323.34, 220.185, 160.86, 316.18, 170.38, 238.53, 96.11, 30.15, 63.45, 126.3, 63.2451, 87.55, , , , , 
1/31/2020 12:18:34 PM, 3239, 9045.75, 1617.9, 323.36, 220.23, 160.91, 316.253, 170.39, 238.765, 96.12, 30.145, 63.445, 126.33, 63.2451, 87.55, , , , , 
1/31/2020 12:18:37 PM, 3239, 9045.75, 1617.9, 323.36, 220.23, 160.91, 316.253, 170.39, 238.765, 96.12, 30.145, 63.445, 126.33, 63.2451, 87.55, , , , , 
1/31/2020 12:18:40 PM, 3239, 9044.75, 1617.9, 323.35, 220.22, 160.89, 316.28, 170.39, 238.72, 96.12, 30.15, 63.455, 126.33, 63.2451, 87.545, , , , , 
1/31/2020 12:18:43 PM, 3239, 9044.75, 1617.9, 323.35, 220.22, 160.89, 316.28, 170.39, 238.72, 96.12, 30.15, 63.455, 126.33, 63.2451, 87.545, , , , , 
1/31/2020 12:18:46 PM, 3239, 9045, 1617.8, 323.3499, 220.2199, 160.88, 316.27, 170.38, 238.81, 96.12, 30.15, 63.45, 126.32, 63.2451, 87.545, , , , , 
1/31/2020 12:18:49 PM, 3239, 9045, 1617.8, 323.3499, 220.2199, 160.88, 316.27, 170.38, 238.81, 96.12, 30.15, 63.45, 126.32, 63.2451, 87.545, , , , , 
1/31/2020 12:18:52 PM, 3239.25, 9045.5, 1617.9, 323.37, 220.2397, 160.9, 316.2995, 170.3955, 238.95, 96.12, 30.15, 63.45, 126.3234, 63.2451, 87.55, , , , , 
1/31/2020 12:18:55 PM, 3239.25, 9045.5, 1617.9, 323.37, 220.2397, 160.9, 316.2995, 170.3955, 238.95, 96.12, 30.15, 63.45, 126.3234, 63.2451, 87.55, , , , , 
1/31/2020 12:18:58 PM, 3239, 9045, 1617.7, 323.35, 220.215, 160.87, 316.2715, 170.39, 238.8554, 96.12, 30.15, 63.45, 126.33, 63.2451, 87.55, , , , , 
1/31/2020 12:19:01 PM, 3239, 9045, 1617.7, 323.35, 220.215, 160.87, 316.2715, 170.39, 238.8554, 96.12, 30.15, 63.45, 126.33, 63.2451, 87.55, , , , , 
1/31/2020 12:19:04 PM, 3239.5, 9046.75, 1617.9, 323.3967, 220.2602, 160.89, 316.3775, 170.4403, 239.01, 96.14, 30.15, 63.465, 126.35, 63.2451, 87.545, , , , , 
1/31/2020 12:19:07 PM, 3239.25, 9046.75, 1617.5, 323.38, 220.25, 160.87, 316.33, 170.4155, 238.98, 96.13, 30.15, 63.465, 126.34, 63.2451, 87.55, , , , , 
1/31/2020 12:19:10 PM, 3239.25, 9046.25, 1617.5, 323.3801, 220.2595, 160.87, 316.3, 170.425, 238.84, 96.13, 30.15, 63.465, 126.34, 63.2451, 87.55, , , , , 
1/31/2020 12:19:13 PM, 3239.25, 9046.25, 1617.7, 323.38, 220.25, 160.87, 316.3092, 170.4201, 238.8794, 96.13, 30.15, 63.465, 126.34, 63.2451, 87.55, , , , , 
1/31/2020 12:19:16 PM, 3239.25, 9046.25, 1617.7, 323.345, 220.23, 160.87, 316.2815, 170.42, 238.83, 96.12, 30.145, 63.4579, 126.3383, 63.2451, 87.55, , , , , 
1/31/2020 12:19:19 PM, 3238.75, 9045, 1617.5, 323.35, 220.24, 160.87, 316.3, 170.42, 238.845, 96.12, 30.15, 63.4579, 126.3383, 63.2451, 87.55, , , , , 
1/31/2020 12:19:22 PM, 3238.25, 9043.25, 1617.3, 323.31, 220.18, 160.84, 316.1944, 170.38, 238.8, 96.09, 30.15, 63.46, 126.32, 63.2451, 87.55, , , , , 
1/31/2020 12:19:25 PM, 3238.5, 9044.25, 1617.4, 323.31, 220.18, 160.85, 316.1944, 170.38, 238.8, 96.1, 30.15, 63.46, 126.32, 63.2451, 87.55, , , , , 
1/31/2020 12:19:28 PM, 3238, 9042.75, 1617.3, 323.27, 220.1664, 160.83, 316.15, 170.3511, 238.69, 96.1, 30.1415, 63.45, 126.3, 63.2451, 87.55, , , , , 
1/31/2020 12:19:31 PM, 3238, 9043.25, 1617.4, 323.28, 220.17, 160.84, 316.17, 170.34, 238.69, 96.095, 30.1415, 63.455, 126.31, 63.2451, 87.55, , , , , 
1/31/2020 12:19:34 PM, 3238, 9043.25, 1617.4, 323.3, 220.18, 160.84, 316.19, 170.37, 238.7296, 96.095, 30.14, 63.455, 126.32, 63.2451, 87.55, , , , , 
1/31/2020 12:19:37 PM, 3238.5, 9044.5, 1617.5, 323.33, 220.2, 160.86, 316.21, 170.38, 238.785, 96.1, 30.14, 63.455, 126.325, 63.2451, 87.54, , , , , 
1/31/2020 12:19:40 PM, 3239, 9045.25, 1617.7, 323.3522, 220.22, 160.88, 316.25, 170.41, 238.8, 96.12, 30.145, 63.46, 126.34, 63.2451, 87.54, , , , , 
1/31/2020 12:19:43 PM, 3238.75, 9045.5, 1617.6, 323.35, 220.22, 160.87, 316.24, 170.425, 238.8362, 96.12, 30.145, 63.46, 126.34, 63.2451, 87.54, , , , , 
1/31/2020 12:19:46 PM, 3239, 9046, 1617.7, 323.36, 220.2246, 160.87, 316.25, 170.43, 238.8, 96.12, 30.1412, 63.46, 126.35, 63.2451, 87.545, , , , , 
1/31/2020 12:19:50 PM, 3239, 9046, 1617.9, 323.3605, 220.238, 160.88, 316.27, 170.4254, 238.795, 96.12, 30.1444, 63.4599, 126.345, 63.2451, 87.555, , , , , 
1/31/2020 12:19:53 PM, 3238.75, 9046.5, 1617.8, 323.3532, 220.245, 160.885, 316.2346, 170.425, 238.795, 96.1249, 30.1444, 63.455, 126.35, 63.2451, 87.55, , , , , 
1/31/2020 12:19:56 PM, 3238.75, 9046.5, 1617.8, 323.355, 220.25, 160.875, 316.2525, 170.4366, 238.73, 96.1249, 30.1444, 63.455, 126.35, 63.2451, 87.55, , , , , 
1/31/2020 12:19:59 PM, 3239, 9046.75, 1617.9, 323.3699, 220.25, 160.89, 316.24, 170.425, 238.69, 96.12, 30.145, 63.455, 126.35, 63.2451, 87.55, , , , , 
1/31/2020 12:20:02 PM, 3239, 9046.75, 1617.9, 323.35, 220.25, 160.89, 316.2588, 170.43, 238.69, 96.12, 30.145, 63.455, 126.355, 63.2451, 87.555, , , , , 
1/31/2020 12:20:05 PM, 3239, 9046.75, 1618.2, 323.37, 220.25, 160.92, 316.25, 170.4362, 238.69, 96.12, 30.145, 63.455, 126.355, 63.2451, 87.56, , , , , 
1/31/2020 12:20:08 PM, 3239.75, 9048.25, 1618.6, 323.42, 220.29, 160.96, 316.3, 170.4677, 238.7775, 96.13, 30.15, 63.465, 126.37, 63.2451, 87.5684, , , , , 
1/31/2020 12:20:11 PM, 3239.5, 9047.5, 1618.6, 323.425, 220.29, 160.95, 316.3, 170.45, 238.8332, 96.135, 30.15, 63.465, 126.38, 63.2451, 87.5699, , , , , 
1/31/2020 12:20:14 PM, 3239.25, 9047.5, 1618.5, 323.415, 220.2601, 160.95, 316.22, 170.441, 238.7953, 96.13, 30.15, 63.465, 126.37, 63.2451, 87.565, , , , , 
1/31/2020 12:20:17 PM, 3239.25, 9047.5, 1618.6, 323.39, 220.28, 160.96, 316.2338, 170.439, 238.92, 96.13, 30.15, 63.465, 126.37, 63.2451, 87.565, , , , , 
1/31/2020 12:20:20 PM, 3239.25, 9047.5, 1618.6, 323.4, 220.28, 160.97, 316.21, 170.445, 238.92, 96.13, 30.15, 63.46, 126.37, 63.2451, 87.5699, , , , , 
1/31/2020 12:20:23 PM, 3239.5, 9047.5, 1618.6, 323.4, 220.28, 160.965, 316.21, 170.44, 238.8664, 96.13, 30.15, 63.46, 126.37, 63.2451, 87.5699, , , , , 
1/31/2020 12:20:26 PM, 3239.5, 9048, 1618.7, 323.405, 220.28, 160.97, 316.22, 170.4429, 238.8664, 96.1399, 30.15, 63.465, 126.37, 63.2451, 87.5699, , , , , 
1/31/2020 12:20:29 PM, 3239.75, 9048.5, 1618.8, 323.42, 220.3, 160.98, 316.21, 170.45, 238.82, 96.1399, 30.15, 63.465, 126.38, 63.2451, 87.5699, , , , , 
1/31/2020 12:20:32 PM, 3240, 9049, 1618.9, 323.45, 220.32, 161, 316.2504, 170.46, 238.85, 96.14, 30.1529, 63.475, 126.39, 63.2451, 87.5699, , , , , 
1/31/2020 12:20:35 PM, 3240, 9049, 1618.9, 323.45, 220.32, 160.98, 316.29, 170.468, 238.805, 96.14, 30.1529, 63.475, 126.39, 63.2451, 87.575, , , , , 
1/31/2020 12:20:38 PM, 3240, 9048.75, 1618.8, 323.47, 220.32, 160.99, 316.2867, 170.48, 238.77, 96.15, 30.16, 63.475, 126.39, 63.2451, 87.575, , , , , 
1/31/2020 12:20:41 PM, 3240, 9049.25, 1618.9, 323.47, 220.32, 160.98, 316.2802, 170.478, 238.76, 96.1421, 30.16, 63.475, 126.39, 63.2451, 87.575, , , , , 
1/31/2020 12:20:44 PM, 3239.75, 9048.5, 1618.8, 323.46, 220.33, 160.98, 316.2989, 170.47, 238.76, 96.1421, 30.1549, 63.47, 126.39, 63.2451, 87.575, , , , , 
1/31/2020 12:20:47 PM, 3239.5, 9047.5, 1618.5, 323.42, 220.29, 160.96, 316.175, 170.46, 238.7, 96.13, 30.15, 63.465, 126.38, 63.2451, 87.57, , , , , 
1/31/2020 12:20:50 PM, 3239.25, 9046.25, 1618.3, 323.39, 220.28, 160.96, 316.1863, 170.43, 238.7, 96.12, 30.15, 63.46, 126.36, 63.2451, 87.57, , , , , 
1/31/2020 12:20:53 PM, 3239.75, 9048.75, 1618.7, 323.42, 220.29, 160.98, 316.21, 170.47, 238.68, 96.13, 30.15, 63.465, 126.36, 63.2451, 87.57, , , , , 
1/31/2020 12:20:56 PM, 3239.75, 9049.25, 1618.7, 323.45, 220.29, 160.9799, 316.2691, 170.4999, 238.7, 96.13, 30.15, 63.465, 126.36, 63.2451, 87.57, , , , , 
1/31/2020 12:20:59 PM, 3239.75, 9049.25, 1618.7, 323.45, 220.31, 160.9713, 316.2345, 170.5, 238.75, 96.13, 30.1466, 63.465, 126.37, 63.2451, 87.57, , , , , 
1/31/2020 12:21:02 PM, 3239.5, 9048, 1618.5, 323.42, 220.3, 160.96, 316.19, 170.47, 238.71, 96.13, 30.15, 63.465, 126.37, 63.2451, 87.57, , , , , 
1/31/2020 12:21:05 PM, 3239.5, 9047, 1618.5, 323.4, 220.28, 160.96, 316.19, 170.4808, 238.71, 96.1301, 30.15, 63.4614, 126.365, 63.2451, 87.56, , , , , 
1/31/2020 12:21:08 PM, 3239.5, 9047.25, 1618.4, 323.41, 220.25, 160.95, 316.15, 170.4648, 238.64, 96.1301, 30.15, 63.4614, 126.365, 63.2451, 87.56, , , , , 
1/31/2020 12:21:11 PM, 3239.25, 9046.25, 1618.4, 323.38, 220.25, 160.95, 316.1399, 170.4648, 238.63, 96.1301, 30.15, 63.4614, 126.365, 63.2451, 87.56, , , , , 
1/31/2020 12:21:14 PM, 3239.5, 9047.75, 1618.6, 323.41, 220.26, 160.94, 316.1399, 170.4648, 238.635, 96.12, 30.15, 63.46, 126.35, 63.2451, 87.56, , , , , 
1/31/2020 12:21:17 PM, 3239.5, 9048.25, 1618.7, 323.4301, 220.3, 160.98, 316.18, 170.4989, 238.67, 96.14, 30.15, 63.46, 126.35, 63.2451, 87.56, , , , , 
1/31/2020 12:21:20 PM, 3239.75, 9048.75, 1618.8, 323.43, 220.3, 160.99, 316.21, 170.4989, 238.7146, 96.14, 30.15, 63.46, 126.37, 63.2451, 87.565, , , , , 
1/31/2020 12:21:23 PM, 3239.75, 9048.75, 1618.8, 323.43, 220.3, 160.99, 316.21, 170.4989, 238.7146, 96.14, 30.15, 63.46, 126.37, 63.2451, 87.565, , , , , 
1/31/2020 12:21:26 PM, 3239.25, 9047.5, 1618.7, 323.4, 220.28, 161, 316.18, 170.4529, 238.77, 96.13, 30.145, 63.46, 126.36, 63.2451, 87.565, , , , , 
1/31/2020 12:21:29 PM, 3238.75, 9046, 1618.5, 323.3402, 220.23, 160.97, 316.15, 170.4146, 238.75, 96.12, 30.145, 63.46, 126.35, 63.2451, 87.56, , , , , 
1/31/2020 12:21:32 PM, 3238.75, 9045.5, 1618.5, 323.36, 220.245, 160.96, 316.1499, 170.44, 238.75, 96.1181, 30.145, 63.46, 126.35, 63.2451, 87.56, , , , , 
1/31/2020 12:21:35 PM, 3239, 9046.5, 1618.6, 323.38, 220.25, 160.97, 316.15, 170.43, 238.73, 96.12, 30.145, 63.45, 126.34, 63.2451, 87.555, , , , , 
1/31/2020 12:21:38 PM, 3239.25, 9047.5, 1618.6, 323.38, 220.26, 160.96, 316.1583, 170.45, 238.73, 96.12, 30.145, 63.455, 126.34, 63.2451, 87.555, , , , , 
1/31/2020 12:21:41 PM, 3239, 9047.25, 1618.6, 323.37, 220.262, 160.97, 316.1757, 170.45, 238.7806, 96.13, 30.145, 63.46, 126.35, 63.2451, 87.56, , , , , 
1/31/2020 12:21:44 PM, 3239.25, 9047.25, 1618.6, 323.4, 220.275, 160.96, 316.1757, 170.46, 238.8509, 96.13, 30.15, 63.46, 126.35, 63.2451, 87.56, , , , , 
1/31/2020 12:21:47 PM, 3239.5, 9048.25, 1618.8, 323.415, 220.315, 160.99, 316.22, 170.4713, 238.98, 96.13, 30.15, 63.46, 126.35, 63.2451, 87.565, , , , , 
1/31/2020 12:21:50 PM, 3239.5, 9048.25, 1618.8, 323.42, 220.315, 160.99, 316.22, 170.4713, 238.98, 96.14, 30.15, 63.46, 126.35, 63.2451, 87.565, , , , , 
1/31/2020 12:21:53 PM, 3239.5, 9048.25, 1618.8, 323.41, 220.29, 160.985, 316.11, 170.479, 238.86, 96.14, 30.15, 63.46, 126.35, 63.2451, 87.565, , , , , 
1/31/2020 12:21:57 PM, 3239.5, 9047.75, 1618.6, 323.4036, 220.29, 160.985, 316.11, 170.479, 238.86, 96.14, 30.15, 63.4599, 126.35, 63.2451, 87.565, , , , , 
1/31/2020 12:22:00 PM, 3239.5, 9048.25, 1618.7, 323.42, 220.28, 160.98, 316.06, 170.45, 238.85, 96.14, 30.15, 63.4599, 126.36, 63.2451, 87.565, , , , , 
1/31/2020 12:22:03 PM, 3239, 9046.25, 1618.5, 323.36, 220.28, 160.96, 316.06, 170.45, 238.85, 96.12, 30.15, 63.455, 126.34, 63.2451, 87.565, , , , , 
1/31/2020 12:22:06 PM, 3238.25, 9044, 1618.2, 323.32, 220.2, 160.93, 315.9568, 170.39, 238.75, 96.09, 30.14, 63.45, 126.34, 63.2451, 87.56, , , , , 
1/31/2020 12:22:09 PM, 3238.25, 9043, 1618.1, 323.3, 220.2, 160.92, 315.9568, 170.39, 238.75, 96.08, 30.1376, 63.45, 126.3, 63.2451, 87.56, , , , , 
1/31/2020 12:22:12 PM, 3237.75, 9041.25, 1618, 323.26, 220.13, 160.92, 315.8308, 170.3463, 238.69, 96.06, 30.13, 63.445, 126.28, 63.2451, 87.555, , , , , 
1/31/2020 12:22:15 PM, 3238, 9041.5, 1618.1, 323.255, 220.13, 160.9, 315.8308, 170.3463, 238.69, 96.06, 30.13, 63.445, 126.28, 63.2451, 87.555, , , , , 
1/31/2020 12:22:18 PM, 3238, 9042.75, 1618.3, 323.288, 220.1536, 160.93, 315.8717, 170.3699, 238.7136, 96.07, 30.133, 63.445, 126.28, 63.2451, 87.555, , , , , 
1/31/2020 12:22:21 PM, 3238, 9042, 1618.2, 323.275, 220.1536, 160.92, 315.8717, 170.3699, 238.7136, 96.07, 30.135, 63.4412, 126.28, 63.2451, 87.555, , , , , 
1/31/2020 12:22:24 PM, 3238.25, 9043.5, 1618.2, 323.28, 220.16, 160.92, 315.915, 170.38, 238.74, 96.07, 30.135, 63.4412, 126.28, 63.2451, 87.555, , , , , 
1/31/2020 12:22:27 PM, 3238.5, 9043.75, 1618.4, 323.33, 220.16, 160.94, 315.915, 170.38, 238.74, 96.07, 30.14, 63.445, 126.28, 63.2451, 87.56, , , , , 
1/31/2020 12:22:30 PM, 3238.75, 9043.75, 1618.5, 323.33, 220.17, 160.95, 315.9, 170.375, 238.58, 96.09, 30.14, 63.445, 126.28, 63.2451, 87.56, , , , , 
1/31/2020 12:22:33 PM, 3238.5, 9044, 1618.3, 323.315, 220.17, 160.93, 315.9, 170.375, 238.58, 96.08, 30.14, 63.45, 126.28, 63.2451, 87.56, , , , , 
1/31/2020 12:22:36 PM, 3238.75, 9044.25, 1618.4, 323.33, 220.185, 160.95, 315.97, 170.36, 238.615, 96.08, 30.14, 63.45, 126.28, 63.2451, 87.56, , , , , 
1/31/2020 12:22:39 PM, 3238.25, 9043.25, 1618.4, 323.31, 220.185, 160.95, 315.97, 170.36, 238.615, 96.09, 30.14, 63.45, 126.3, 63.2451, 87.56, , , , , 
1/31/2020 12:22:42 PM, 3238.25, 9043, 1618.4, 323.3, 220.15, 160.93, 315.9492, 170.3616, 238.455, 96.08, 30.13, 63.445, 126.28, 63.2451, 87.56, , , , , 
1/31/2020 12:22:45 PM, 3238, 9042.5, 1618.3, 323.29, 220.15, 160.94, 315.9492, 170.3616, 238.455, 96.08, 30.13, 63.44, 126.28, 63.2451, 87.56, , , , , 
1/31/2020 12:22:48 PM, 3237.75, 9041, 1618.3, 323.27, 220.11, 160.94, 315.85, 170.31, 238.445, 96.07, 30.13, 63.438, 126.27, 63.2451, 87.56, , , , , 
1/31/2020 12:22:51 PM, 3237.5, 9040.5, 1618.1, 323.2346, 220.11, 160.92, 315.85, 170.31, 238.445, 96.06, 30.13, 63.438, 126.26, 63.2451, 87.555, , , , , 
1/31/2020 12:22:54 PM, 3238, 9041.75, 1618.4, 323.2401, 220.1336, 160.92, 315.85, 170.33, 238.4082, 96.06, 30.13, 63.438, 126.26, 63.2451, 87.555, , , , , 
1/31/2020 12:22:57 PM, 3237.75, 9041.75, 1618.2, 323.2664, 220.1336, 160.93, 315.85, 170.33, 238.4082, 96.07, 30.13, 63.438, 126.26, 63.2451, 87.555, , , , , 
1/31/2020 12:23:00 PM, 3237.75, 9041, 1618.1, 323.23, 220.1118, 160.91, 315.85, 170.32, 238.455, 96.0582, 30.13, 63.435, 126.25, 63.2451, 87.555, , , , , 
1/31/2020 12:23:03 PM, 3237.75, 9042, 1618.2, 323.25, 220.1118, 160.91, 315.85, 170.32, 238.455, 96.0582, 30.13, 63.435, 126.26, 63.2451, 87.555, , , , , 
1/31/2020 12:23:06 PM, 3237.75, 9042, 1618.1, 323.2599, 220.13, 160.91, 315.8498, 170.33, 238.32, 96.0582, 30.13, 63.44, 126.26, 63.2451, 87.555, , , , , 
1/31/2020 12:23:09 PM, 3238, 9042, 1618.1, 323.24, 220.13, 160.92, 315.8498, 170.33, 238.32, 96.06, 30.13, 63.44, 126.26, 63.2451, 87.555, , , , , 
1/31/2020 12:23:12 PM, 3238, 9041.75, 1618.1, 323.25, 220.16, 160.92, 315.85, 170.33, 238.3, 96.06, 30.1316, 63.44, 126.26, 63.2451, 87.555, , , , , 
1/31/2020 12:23:15 PM, 3238.25, 9042.25, 1618.1, 323.26, 220.16, 160.92, 315.85, 170.33, 238.3, 96.07, 30.1316, 63.44, 126.27, 63.2451, 87.555, , , , , 
1/31/2020 12:23:18 PM, 3238.25, 9042.75, 1618.1, 323.2946, 220.15, 160.93, 315.825, 170.36, 238.315, 96.07, 30.13, 63.45, 126.27, 63.2451, 87.56, , , , , 
1/31/2020 12:23:21 PM, 3238, 9042.25, 1618, 323.26, 220.15, 160.91, 315.825, 170.36, 238.315, 96.07, 30.13, 63.45, 126.27, 63.2451, 87.56, , , , , 
1/31/2020 12:23:24 PM, 3237.75, 9041, 1617.8, 323.245, 220.11, 160.9, 315.8, 170.345, 238.23, 96.07, 30.13, 63.45, 126.26, 63.2451, 87.56, , , , , 
1/31/2020 12:23:27 PM, 3237.5, 9040.5, 1617.8, 323.215, 220.11, 160.89, 315.8, 170.345, 238.23, 96.07, 30.13, 63.45, 126.25, 63.2451, 87.55, , , , , 
1/31/2020 12:23:30 PM, 3237.5, 9040.5, 1617.8, 323.23, 220.12, 160.89, 315.8433, 170.355, 238.2711, 96.07, 30.13, 63.45, 126.25, 63.2451, 87.555, , , , , 
1/31/2020 12:23:33 PM, 3237.5, 9041.5, 1617.9, 323.239, 220.12, 160.89, 315.8433, 170.355, 238.2711, 96.07, 30.13, 63.445, 126.25, 63.2451, 87.555, , , , , 
1/31/2020 12:23:36 PM, 3238, 9042, 1618, 323.25, 220.13, 160.91, 315.8299, 170.3701, 238.18, 96.07, 30.13, 63.45, 126.27, 63.2451, 87.56, , , , , 
1/31/2020 12:23:39 PM, 3237.75, 9042, 1617.9, 323.2499, 220.14, 160.92, 315.86, 170.3746, 238.295, 96.07, 30.13, 63.45, 126.27, 63.2451, 87.56, , , , , 
1/31/2020 12:23:42 PM, 3237.75, 9041.5, 1617.8, 323.235, 220.137, 160.92, 315.85, 170.375, 238.34, 96.07, 30.13, 63.45, 126.27, 63.2451, 87.56, , , , , 
1/31/2020 12:23:45 PM, 3237.75, 9042.25, 1617.9, 323.255, 220.137, 160.9, 315.85, 170.375, 238.34, 96.07, 30.13, 63.45, 126.27, 63.2451, 87.56, , , , , 
1/31/2020 12:23:48 PM, 3237.75, 9042.25, 1617.8, 323.23, 220.15, 160.883, 315.88, 170.38, 238.315, 96.0601, 30.13, 63.445, 126.27, 63.2451, 87.56, , , , , 
1/31/2020 12:23:51 PM, 3237.5, 9041.75, 1617.6, 323.23, 220.15, 160.87, 315.88, 170.38, 238.315, 96.07, 30.125, 63.445, 126.27, 63.2451, 87.56, , , , , 
1/31/2020 12:23:54 PM, 3237.25, 9040.75, 1617.5, 323.2075, 220.11, 160.85, 315.8438, 170.36, 238.31, 96.0695, 30.125, 63.435, 126.26, 63.2451, 87.56, , , , , 
1/31/2020 12:23:57 PM, 3237.25, 9041.25, 1617.4, 323.2, 220.11, 160.85, 315.8438, 170.36, 238.31, 96.06, 30.125, 63.435, 126.26, 63.2451, 87.555, , , , , 
1/31/2020 12:24:00 PM, 3237.5, 9042.25, 1617.2, 323.21, 220.19, 160.83, 315.9, 170.4399, 238.45, 96.06, 30.125, 63.435, 126.26, 63.2451, 87.555, , , , , 
1/31/2020 12:24:03 PM, 3238, 9044, 1617.5, 323.25, 220.19, 160.85, 315.9, 170.4399, 238.45, 96.09, 30.125, 63.435, 126.29, 63.2451, 87.555, , , , , 
1/31/2020 12:24:06 PM, 3238, 9044.5, 1617.4, 323.26, 220.19, 160.84, 315.9, 170.43, 238.45, 96.09, 30.13, 63.435, 126.29, 63.2451, 87.555, , , , , 
1/31/2020 12:24:09 PM, 3237.5, 9043, 1617, 323.22, 220.14, 160.79, 315.85, 170.405, 238.5, 96.09, 30.12, 63.435, 126.27, 63.2451, 87.555, , , , , 
1/31/2020 12:24:12 PM, 3237.5, 9043, 1617, 323.22, 220.15, 160.79, 315.8368, 170.4, 238.525, 96.09, 30.12, 63.435, 126.27, 63.2451, 87.555, , , , , 
1/31/2020 12:24:16 PM, 3237.25, 9041.75, 1616.8, 323.21, 220.15, 160.8, 315.91, 170.4003, 238.58, 96.08, 30.12, 63.435, 126.27, 63.2451, 87.555, , , , , 
1/31/2020 12:24:19 PM, 3237.25, 9041.75, 1616.8, 323.21, 220.14, 160.8, 315.87, 170.395, 238.5, 96.08, 30.12, 63.435, 126.27, 63.2451, 87.555, , , , , 
1/31/2020 12:24:22 PM, 3237.25, 9041.5, 1616.7, 323.1939, 220.15, 160.77, 315.88, 170.4, 238.505, 96.08, 30.12, 63.435, 126.26, 63.2451, 87.555, , , , , 
1/31/2020 12:24:25 PM, 3237.25, 9041.5, 1616.7, 323.1939, 220.12, 160.77, 315.87, 170.39, 238.55, 96.08, 30.12, 63.435, 126.26, 63.2451, 87.555, , , , , 
1/31/2020 12:24:28 PM, 3237.5, 9042, 1617.2, 323.22, 220.14, 160.81, 315.87, 170.42, 238.565, 96.08, 30.1201, 63.43, 126.25, 63.2451, 87.555, , , , , 
1/31/2020 12:24:31 PM, 3237.5, 9042, 1617.2, 323.22, 220.12, 160.81, 315.81, 170.37, 238.38, 96.08, 30.1201, 63.43, 126.25, 63.2451, 87.555, , , , , 
1/31/2020 12:24:34 PM, 3237, 9039.75, 1616.9, 323.18, 220.1, 160.79, 315.8109, 170.365, 238.445, 96.06, 30.1234, 63.43, 126.24, 63.2451, 87.555, , , , , 
1/31/2020 12:24:37 PM, 3237, 9039.75, 1616.9, 323.18, 220.11, 160.79, 315.8302, 170.37, 238.445, 96.06, 30.1234, 63.43, 126.24, 63.2451, 87.555, , , , , 
1/31/2020 12:24:40 PM, 3237.5, 9041.75, 1617.1, 323.21, 220.115, 160.83, 315.84, 170.38, 238.445, 96.07, 30.1234, 63.425, 126.24, 63.2451, 87.555, , , , , 
1/31/2020 12:24:43 PM, 3237.5, 9041.75, 1617.1, 323.21, 220.115, 160.83, 315.89, 170.3731, 238.44, 96.07, 30.1234, 63.425, 126.24, 63.2451, 87.555, , , , , 
1/31/2020 12:24:46 PM, 3237.5, 9042, 1617.2, 323.24, 220.1513, 160.86, 315.9, 170.4, 238.49, 96.07, 30.1234, 63.43, 126.25, 63.2451, 87.555, , , , , 
1/31/2020 12:24:49 PM, 3237.75, 9042.5, 1617.6, 323.24, 220.18, 160.86, 315.9428, 170.4, 238.6, 96.07, 30.1234, 63.43, 126.25, 63.2451, 87.555, , , , , 
1/31/2020 12:24:52 PM, 3238, 9043.75, 1617.4, 323.25, 220.17, 160.85, 315.945, 170.395, 238.5764, 96.09, 30.1234, 63.43, 126.26, 63.2451, 87.555, , , , , 
1/31/2020 12:24:55 PM, 3238, 9043.75, 1617.4, 323.25, 220.17, 160.85, 315.96, 170.39, 238.58, 96.09, 30.1234, 63.43, 126.26, 63.2451, 87.555, , , , , 
1/31/2020 12:24:58 PM, 3237.75, 9042.25, 1617.2, 323.23, 220.17, 160.83, 315.92, 170.38, 238.47, 96.08, 30.12, 63.435, 126.26, 63.2451, 87.555, , , , , 
1/31/2020 12:25:01 PM, 3237.75, 9042.25, 1617.2, 323.23, 220.15, 160.83, 315.9013, 170.385, 238.48, 96.08, 30.12, 63.435, 126.26, 63.2451, 87.555, , , , , 
1/31/2020 12:25:04 PM, 3237, 9040.75, 1617.1, 323.16, 220.09, 160.79, 315.8625, 170.335, 238.3, 96.05, 30.11, 63.43, 126.23, 63.2451, 87.555, , , , , 
1/31/2020 12:25:07 PM, 3237, 9040.75, 1617.1, 323.16, 220.095, 160.79, 315.89, 170.34, 238.325, 96.05, 30.11, 63.43, 126.23, 63.2451, 87.555, , , , , 
1/31/2020 12:25:10 PM, 3237, 9039.75, 1617, 323.17, 220.0996, 160.81, 315.815, 170.3301, 238.325, 96.05, 30.1195, 63.425, 126.24, 63.2451, 87.555, , , , , 
1/31/2020 12:25:13 PM, 3237, 9039.75, 1617, 323.17, 220.08, 160.81, 315.77, 170.34, 238.33, 96.05, 30.1195, 63.425, 126.24, 63.2451, 87.555, , , , , 
1/31/2020 12:25:16 PM, 3237.25, 9040.25, 1616.9, 323.19, 220.1, 160.82, 315.79, 170.352, 238.29, 96.05, 30.1195, 63.435, 126.23, 63.2451, 87.555, , , , , 
1/31/2020 12:25:19 PM, 3237.25, 9040.25, 1616.9, 323.19, 220.1, 160.82, 315.77, 170.355, 238.29, 96.05, 30.1195, 63.435, 126.23, 63.2451, 87.555, , , , , 
1/31/2020 12:25:22 PM, 3236.75, 9037.75, 1616.7, 323.15, 220.06, 160.78, 315.6967, 170.33, 238.21, 96.03, 30.1195, 63.435, 126.215, 63.2451, 87.555, , , , , 
1/31/2020 12:25:25 PM, 3236.75, 9037.75, 1616.7, 323.15, 220.04, 160.78, 315.685, 170.32, 238.2, 96.03, 30.1195, 63.435, 126.215, 63.2451, 87.555, , , , , 
1/31/2020 12:25:28 PM, 3236.75, 9038.25, 1616.8, 323.16, 220.06, 160.79, 315.692, 170.32, 238.12, 96.03, 30.112, 63.43, 126.215, 63.2451, 87.555, , , , , 
1/31/2020 12:25:31 PM, 3236.75, 9038.25, 1616.8, 323.16, 220.04, 160.79, 315.65, 170.29, 238.14, 96.03, 30.112, 63.43, 126.215, 63.2451, 87.555, , , , , 
1/31/2020 12:25:34 PM, 3236.75, 9038.25, 1616.7, 323.15, 220.06, 160.79, 315.6727, 170.3, 238.25, 96.015, 30.11, 63.435, 126.215, 63.2451, 87.555, , , , , 
1/31/2020 12:25:37 PM, 3236.75, 9038.25, 1616.7, 323.15, 220.06, 160.79, 315.68, 170.3, 238.29, 96.015, 30.11, 63.435, 126.215, 63.2451, 87.555, , , , , 
1/31/2020 12:25:40 PM, 3237.25, 9041.25, 1617.3, 323.205, 220.12, 160.84, 315.75, 170.34, 238.29, 96.04, 30.12, 63.44, 126.25, 63.2451, 87.555, , , , , 
1/31/2020 12:25:43 PM, 3237.25, 9041.25, 1617.3, 323.205, 220.12, 160.84, 315.75, 170.34, 238.29, 96.04, 30.12, 63.44, 126.25, 63.2451, 87.555, , , , , 
1/31/2020 12:25:46 PM, 3237.75, 9042.5, 1617.7, 323.23, 220.14, 160.86, 315.775, 170.35, 238.39, 96.06, 30.12, 63.435, 126.25, 63.2451, 87.555, , , , , 
1/31/2020 12:25:49 PM, 3237.75, 9042.5, 1617.7, 323.23, 220.14, 160.86, 315.77, 170.3347, 238.4491, 96.06, 30.12, 63.435, 126.25, 63.2451, 87.555, , , , , 
1/31/2020 12:25:52 PM, 3237.5, 9041.5, 1617.5, 323.205, 220.125, 160.85, 315.71, 170.33, 238.385, 96.04, 30.1226, 63.435, 126.26, 63.2451, 87.55, , , , , 
1/31/2020 12:25:55 PM, 3237.5, 9041.5, 1617.5, 323.205, 220.09, 160.85, 315.67, 170.3, 238.34, 96.04, 30.1226, 63.435, 126.26, 63.2451, 87.55, , , , , 
1/31/2020 12:25:58 PM, 3237.5, 9041.5, 1617.7, 323.2, 220.1232, 160.88, 315.7264, 170.33, 238.42, 96.045, 30.12, 63.43, 126.27, 63.2451, 87.555, , , , , 
1/31/2020 12:26:01 PM, 3237.5, 9041.5, 1617.7, 323.2, 220.1, 160.88, 315.69, 170.32, 238.43, 96.045, 30.12, 63.43, 126.27, 63.2451, 87.555, , , , , 
1/31/2020 12:26:04 PM, 3237, 9040.75, 1617.6, 323.18, 220.1, 160.87, 315.6758, 170.3192, 238.43, 96.04, 30.12, 63.43, 126.26, 63.2451, 87.555, , , , , 
1/31/2020 12:26:07 PM, 3237, 9040.75, 1617.6, 323.18, 220.1, 160.87, 315.69, 170.3, 238.42, 96.04, 30.12, 63.43, 126.26, 63.2451, 87.555, , , , , 
1/31/2020 12:26:10 PM, 3237.75, 9042.25, 1618.2, 323.23, 220.13, 160.91, 315.79, 170.33, 238.42, 96.05, 30.12, 63.43, 126.26, 63.2451, 87.555, , , , , 
1/31/2020 12:26:13 PM, 3237.75, 9042.25, 1618.2, 323.23, 220.13, 160.91, 315.7753, 170.3321, 238.42, 96.05, 30.12, 63.43, 126.26, 63.2451, 87.555, , , , , 
1/31/2020 12:26:16 PM, 3238.25, 9044.25, 1618.2, 323.27, 220.178, 160.93, 315.8258, 170.35, 238.58, 96.07, 30.13, 63.435, 126.28, 63.2451, 87.555, , , , , 
1/31/2020 12:26:19 PM, 3238, 9043.5, 1618.1, 323.26, 220.17, 160.91, 315.79, 170.3501, 238.5496, 96.06, 30.1297, 63.435, 126.28, 63.2451, 87.555, , , , , 
1/31/2020 12:26:23 PM, 3238.25, 9045, 1618.2, 323.28, 220.1668, 160.925, 315.83, 170.3835, 238.54, 96.07, 30.13, 63.435, 126.29, 63.2451, 87.555, , , , , 
1/31/2020 12:26:26 PM, 3238.25, 9045.5, 1618.3, 323.305, 220.22, 160.94, 315.905, 170.405, 238.59, 96.085, 30.13, 63.435, 126.3, 63.2451, 87.56, , , , , 
1/31/2020 12:26:29 PM, 3238.5, 9046, 1618.3, 323.3, 220.22, 160.93, 315.98, 170.4, 238.59, 96.09, 30.13, 63.435, 126.3, 63.2451, 87.56, , , , , 
1/31/2020 12:26:32 PM, 3238.5, 9045.75, 1618.3, 323.3, 220.24, 160.94, 315.9712, 170.41, 238.6285, 96.1, 30.13, 63.435, 126.31, 63.2451, 87.56, , , , , 
1/31/2020 12:26:35 PM, 3238.5, 9046.5, 1618.3, 323.31, 220.24, 160.93, 315.97, 170.4, 238.6285, 96.1, 30.1318, 63.435, 126.31, 63.2451, 87.56, , , , , 
1/31/2020 12:26:38 PM, 3238.75, 9046.75, 1618.4, 323.335, 220.26, 160.945, 316, 170.415, 238.6126, 96.11, 30.1399, 63.44, 126.32, 63.2451, 87.56, , , , , 
1/31/2020 12:26:41 PM, 3238.5, 9046.25, 1618.4, 323.305, 220.225, 160.94, 316.01, 170.39, 238.57, 96.09, 30.1399, 63.435, 126.31, 63.2451, 87.56, , , , , 
1/31/2020 12:26:44 PM, 3238.5, 9045.75, 1618.3, 323.3, 220.23, 160.94, 315.9999, 170.38, 238.63, 96.09, 30.13, 63.435, 126.32, 63.2451, 87.56, , , , , 
1/31/2020 12:26:47 PM, 3238.5, 9046, 1618.3, 323.3277, 220.24, 160.93, 316.0087, 170.37, 238.63, 96.1, 30.13, 63.435, 126.32, 63.2451, 87.56, , , , , 
1/31/2020 12:26:50 PM, 3238.5, 9045.25, 1618.2, 323.3, 220.24, 160.92, 316.005, 170.375, 238.615, 96.1, 30.13, 63.435, 126.3114, 63.2451, 87.56, , , , , 
1/31/2020 12:26:53 PM, 3237.75, 9043, 1617.7, 323.23, 220.18, 160.88, 315.9, 170.34, 238.59, 96.07, 30.12, 63.43, 126.28, 63.2451, 87.555, , , , , 
1/31/2020 12:26:56 PM, 3237.5, 9042.75, 1617.7, 323.22, 220.14, 160.875, 315.88, 170.3102, 238.55, 96.06, 30.12, 63.43, 126.28, 63.2451, 87.56, , , , , 
1/31/2020 12:26:59 PM, 3237.5, 9043, 1617.7, 323.22, 220.15, 160.87, 315.9, 170.32, 238.4855, 96.06, 30.12, 63.43, 126.27, 63.2451, 87.555, , , , , 
1/31/2020 12:27:02 PM, 3237.5, 9042.75, 1617.6, 323.23, 220.15, 160.87, 315.9, 170.33, 238.4855, 96.065, 30.1239, 63.43, 126.27, 63.2451, 87.555, , , , , 
1/31/2020 12:27:05 PM, 3237.5, 9041.5, 1617.5, 323.21, 220.1418, 160.867, 315.9, 170.31, 238.44, 96.065, 30.1239, 63.425, 126.27, 63.2451, 87.555, , , , , 
1/31/2020 12:27:08 PM, 3236.75, 9039, 1617.3, 323.15, 220.12, 160.83, 315.79, 170.265, 238.41, 96.04, 30.1134, 63.41, 126.24, 63.2451, 87.555, , , , , 
1/31/2020 12:27:11 PM, 3236.75, 9039.5, 1617.2, 323.1219, 220.0701, 160.83, 315.73, 170.25, 238.41, 96.03, 30.1134, 63.4, 126.24, 63.2451, 87.555, , , , , 
1/31/2020 12:27:14 PM, 3236.75, 9039.25, 1617.3, 323.12, 220.07, 160.83, 315.7342, 170.27, 238.45, 96.03, 30.1134, 63.405, 126.24, 63.2451, 87.555, , , , , 
1/31/2020 12:27:17 PM, 3236.75, 9039.75, 1617.4, 323.16, 220.09, 160.84, 315.7719, 170.27, 238.45, 96.04, 30.1134, 63.405, 126.24, 63.2451, 87.555, , , , , 
1/31/2020 12:27:20 PM, 3236.75, 9039.75, 1617.3, 323.135, 220.1, 160.84, 315.78, 170.2995, 238.52, 96.04, 30.1134, 63.405, 126.23, 63.2451, 87.555, , , , , 
1/31/2020 12:27:23 PM, 3237, 9040.5, 1617.4, 323.16, 220.1, 160.85, 315.78, 170.29, 238.52, 96.05, 30.1134, 63.405, 126.23, 63.2451, 87.555, , , , , 
1/31/2020 12:27:26 PM, 3236.75, 9040.25, 1617.3, 323.1566, 220.09, 160.84, 315.74, 170.29, 238.52, 96.05, 30.1134, 63.405, 126.23, 63.2451, 87.555, , , , , 
1/31/2020 12:27:29 PM, 3237.25, 9042, 1617.8, 323.17, 220.12, 160.85, 315.78, 170.3, 238.4, 96.04, 30.1167, 63.405, 126.23, 63.2451, 87.555, , , , , 
1/31/2020 12:27:32 PM, 3237, 9040, 1617.5, 323.1799, 220.11, 160.88, 315.76, 170.3, 238.4, 96.05, 30.115, 63.4, 126.25, 63.2451, 87.555, , , , , 
1/31/2020 12:27:35 PM, 3237, 9040, 1617.4, 323.17, 220.1, 160.85, 315.73, 170.3, 238.49, 96.04, 30.115, 63.4, 126.24, 63.2451, 87.555, , , , , 
1/31/2020 12:27:38 PM, 3237.5, 9042.5, 1617.8, 323.2, 220.1, 160.89, 315.785, 170.32, 238.38, 96.06, 30.115, 63.4, 126.24, 63.2451, 87.555, , , , , 
1/31/2020 12:27:41 PM, 3237.5, 9042.25, 1617.7, 323.195, 220.15, 160.89, 315.7887, 170.33, 238.4568, 96.06, 30.115, 63.4, 126.24, 63.2451, 87.555, , , , , 
1/31/2020 12:27:44 PM, 3237.25, 9043, 1617.8, 323.205, 220.1501, 160.8836, 315.8099, 170.34, 238.5, 96.06, 30.115, 63.4, 126.26, 63.2451, 87.5552, , , , , 
1/31/2020 12:27:47 PM, 3237.75, 9043, 1618, 323.2303, 220.19, 160.9, 315.8665, 170.3418, 238.545, 96.08, 30.12, 63.405, 126.26, 63.2451, 87.5552, , , , , 
1/31/2020 12:27:50 PM, 3237.5, 9042.25, 1617.7, 323.205, 220.15, 160.87, 315.82, 170.32, 238.5793, 96.065, 30.12, 63.405, 126.26, 63.2451, 87.5552, , , , , 
1/31/2020 12:27:53 PM, 3237.5, 9042, 1617.7, 323.205, 220.149, 160.875, 315.79, 170.32, 238.5793, 96.0621, 30.115, 63.405, 126.26, 63.2451, 87.5552, , , , , 
1/31/2020 12:27:56 PM, 3237.5, 9042.25, 1617.7, 323.205, 220.145, 160.875, 315.78, 170.31, 238.5793, 96.0621, 30.1166, 63.405, 126.26, 63.2451, 87.5552, , , , , 
1/31/2020 12:27:59 PM, 3237.25, 9042.5, 1617.7, 323.19, 220.13, 160.86, 315.76, 170.3, 238.46, 96.06, 30.115, 63.405, 126.26, 63.2451, 87.555, , , , , 
1/31/2020 12:28:02 PM, 3237.5, 9042.5, 1617.9, 323.22, 220.1466, 160.885, 315.82, 170.31, 238.57, 96.065, 30.12, 63.405, 126.26, 63.2451, 87.555, , , , , 
1/31/2020 12:28:05 PM, 3237.5, 9043.25, 1618, 323.23, 220.16, 160.91, 315.84, 170.32, 238.57, 96.08, 30.12, 63.405, 126.28, 63.2451, 87.555, , , , , 
1/31/2020 12:28:08 PM, 3238, 9045, 1618.2, 323.27, 220.19, 160.93, 315.85, 170.3453, 238.5461, 96.09, 30.12, 63.41, 126.29, 63.2451, 87.555, , , , , 
1/31/2020 12:28:11 PM, 3238.25, 9045.5, 1618.3, 323.3, 220.225, 160.94, 315.85, 170.35, 238.5461, 96.09, 30.125, 63.415, 126.3, 63.2451, 87.56, , , , , 
1/31/2020 12:28:14 PM, 3238.5, 9045.75, 1618.3, 323.3, 220.2279, 160.93, 315.8838, 170.36, 238.6561, 96.0967, 30.125, 63.415, 126.3, 63.2451, 87.565, , , , , 
1/31/2020 12:28:17 PM, 3238.25, 9045.25, 1618.2, 323.31, 220.2291, 160.93, 315.88, 170.37, 238.69, 96.1, 30.13, 63.415, 126.3, 63.2451, 87.565, , , , , 
1/31/2020 12:28:20 PM, 3238.5, 9046.5, 1618.1, 323.3, 220.22, 160.915, 315.9057, 170.37, 238.745, 96.1, 30.125, 63.42, 126.3, 63.2451, 87.565, , , , , 
1/31/2020 12:28:23 PM, 3238.5, 9046.75, 1618.3, 323.32, 220.245, 160.94, 315.8801, 170.37, 238.81, 96.11, 30.125, 63.42, 126.31, 63.2451, 87.57, , , , , 
1/31/2020 12:28:26 PM, 3238.5, 9047.5, 1618.2, 323.33, 220.26, 160.93, 315.93, 170.38, 238.81, 96.1134, 30.13, 63.42, 126.31, 63.2451, 87.57, , , , , 
1/31/2020 12:28:29 PM, 3239, 9048.5, 1618.6, 323.38, 220.29, 160.96, 315.96, 170.38, 238.83, 96.1216, 30.13, 63.42, 126.32, 63.2451, 87.57, , , , , 
1/31/2020 12:28:32 PM, 3239, 9048, 1618.5, 323.36, 220.29, 160.96, 315.94, 170.4, 238.83, 96.12, 30.13, 63.43, 126.3399, 63.2451, 87.57, , , , , 
1/31/2020 12:28:35 PM, 3238.75, 9048, 1618.4, 323.38, 220.29, 160.94, 315.9135, 170.42, 238.86, 96.12, 30.13, 63.43, 126.3399, 63.2451, 87.5699, , , , , 
1/31/2020 12:28:38 PM, 3238.75, 9047.25, 1618.2, 323.3625, 220.275, 160.93, 315.8678, 170.41, 238.86, 96.12, 30.13, 63.43, 126.33, 63.2451, 87.5699, , , , , 
1/31/2020 12:28:41 PM, 3238.75, 9048, 1618.4, 323.3346, 220.26, 160.93, 315.8479, 170.41, 238.8347, 96.12, 30.13, 63.429, 126.32, 63.2451, 87.5699, , , , , 
1/31/2020 12:28:44 PM, 3239.25, 9048.5, 1618.5, 323.3764, 220.3, 160.95, 315.9302, 170.45, 238.8347, 96.13, 30.13, 63.429, 126.33, 63.2451, 87.5699, , , , , 
1/31/2020 12:28:47 PM, 3239.25, 9048.75, 1618.6, 323.385, 220.31, 160.96, 315.941, 170.46, 238.7886, 96.14, 30.13, 63.435, 126.34, 63.2451, 87.5699, , , , , 
1/31/2020 12:28:50 PM, 3239, 9049.25, 1618.6, 323.38, 220.3, 160.955, 315.927, 170.46, 238.7886, 96.13, 30.13, 63.435, 126.34, 63.2451, 87.5699, , , , , 
1/31/2020 12:28:53 PM, 3239.25, 9049.75, 1618.6, 323.41, 220.32, 160.97, 315.9136, 170.49, 238.91, 96.14, 30.13, 63.435, 126.35, 63.2451, 87.57, , , , , 
1/31/2020 12:28:57 PM, 3239.25, 9049.25, 1618.6, 323.38, 220.32, 160.955, 315.9136, 170.49, 238.91, 96.14, 30.13, 63.435, 126.35, 63.2451, 87.575, , , , , 
1/31/2020 12:29:00 PM, 3239.5, 9051.75, 1618.7, 323.415, 220.39, 160.97, 316.04, 170.54, 238.9694, 96.14, 30.135, 63.435, 126.36, 63.2451, 87.575, , , , , 
1/31/2020 12:29:03 PM, 3239.75, 9052.75, 1618.8, 323.46, 220.39, 160.985, 316.04, 170.54, 238.9694, 96.17, 30.135, 63.4349, 126.38, 63.2451, 87.585, , , , , 
1/31/2020 12:29:06 PM, 3239.75, 9052.75, 1618.8, 323.44, 220.38, 160.98, 315.936, 170.58, 239.04, 96.16, 30.135, 63.44, 126.38, 63.2451, 87.585, , , , , 
1/31/2020 12:29:09 PM, 3239.5, 9052.75, 1618.7, 323.42, 220.38, 160.97, 315.936, 170.58, 239.04, 96.16, 30.13, 63.44, 126.37, 63.2451, 87.575, , , , , 
1/31/2020 12:29:12 PM, 3239.75, 9052, 1618.5, 323.445, 220.39, 160.97, 316.0076, 170.58, 239.07, 96.16, 30.135, 63.44, 126.37, 63.2451, 87.575, , , , , 
1/31/2020 12:29:15 PM, 3240, 9053.5, 1618.4, 323.4399, 220.39, 160.96, 316.0076, 170.58, 239.07, 96.18, 30.135, 63.44, 126.37, 63.2451, 87.575, , , , , 
1/31/2020 12:29:18 PM, 3239.75, 9052.5, 1618.3, 323.43, 220.38, 160.93, 316.0148, 170.61, 239.0786, 96.18, 30.135, 63.445, 126.37, 63.2451, 87.575, , , , , 
1/31/2020 12:29:21 PM, 3240, 9054, 1618.6, 323.45, 220.38, 160.94, 316.0148, 170.61, 239.0786, 96.17, 30.1369, 63.445, 126.37, 63.2451, 87.575, , , , , 
1/31/2020 12:29:24 PM, 3240.25, 9055, 1618.6, 323.49, 220.45, 160.97, 316.142, 170.65, 239.2, 96.19, 30.135, 63.445, 126.38, 63.2451, 87.575, , , , , 
1/31/2020 12:29:27 PM, 3240.25, 9054.75, 1618.8, 323.51, 220.45, 160.99, 316.142, 170.65, 239.2, 96.195, 30.14, 63.45, 126.4, 63.2451, 87.58, , , , , 
1/31/2020 12:29:30 PM, 3240.5, 9055.75, 1619, 323.53, 220.48, 161.01, 316.228, 170.65, 239.205, 96.21, 30.14, 63.46, 126.39, 63.2451, 87.59, , , , , 
1/31/2020 12:29:33 PM, 3240.5, 9055, 1618.9, 323.5099, 220.47, 160.99, 316.185, 170.64, 239.2, 96.2, 30.14, 63.46, 126.39, 63.2451, 87.585, , , , , 
1/31/2020 12:29:36 PM, 3240.25, 9054.5, 1618.7, 323.5, 220.42, 160.98, 316.13, 170.605, 239.145, 96.2, 30.14, 63.46, 126.38, 63.2451, 87.585, , , , , 
1/31/2020 12:29:39 PM, 3239.5, 9053, 1618.5, 323.45, 220.42, 160.96, 316.13, 170.605, 239.145, 96.19, 30.135, 63.445, 126.36, 63.2451, 87.58, , , , , 
1/31/2020 12:29:42 PM, 3239.5, 9053, 1618.4, 323.445, 220.42, 160.95, 316.18, 170.605, 239.145, 96.1899, 30.13, 63.44, 126.35, 63.2451, 87.585, , , , , 
1/31/2020 12:29:45 PM, 3239.5, 9052.75, 1618.2, 323.41, 220.4073, 160.94, 316.18, 170.5992, 239.145, 96.18, 30.13, 63.435, 126.35, 63.2451, 87.585, , , , , 
1/31/2020 12:29:48 PM, 3239.25, 9052.75, 1618.2, 323.41, 220.4, 160.93, 316.125, 170.6, 239.145, 96.18, 30.13, 63.435, 126.35, 63.2451, 87.585, , , , , 
1/31/2020 12:29:51 PM, 3239.25, 9053, 1618.2, 323.41, 220.4, 160.93, 316.125, 170.6, 239.145, 96.1764, 30.14, 63.43, 126.35, 63.2451, 87.585, , , , , 
1/31/2020 12:29:54 PM, 3239.5, 9053, 1618.2, 323.41, 220.3982, 160.93, 316.1, 170.59, 239.145, 96.1764, 30.14, 63.43, 126.35, 63.2451, 87.585, , , , , 
1/31/2020 12:29:57 PM, 3239.25, 9052.75, 1618.2, 323.41, 220.3982, 160.93, 316.1, 170.59, 239.145, 96.18, 30.14, 63.43, 126.35, 63.2451, 87.585, , , , , 
1/31/2020 12:30:00 PM, 3239.5, 9052.75, 1618.3, 323.43, 220.4, 160.94, 316.13, 170.61, 239.09, 96.18, 30.14, 63.44, 126.35, 63.2451, 87.585, , , , , 
1/31/2020 12:30:03 PM, 3239.25, 9052, 1618.2, 323.41, 220.4, 160.93, 316.13, 170.61, 239.09, 96.17, 30.1339, 63.44, 126.34, 63.2451, 87.585, , , , , 
1/31/2020 12:30:06 PM, 3239, 9050.75, 1618, 323.38, 220.36, 160.91, 316.085, 170.57, 239, 96.16, 30.12, 63.425, 126.32, 63.2451, 87.585, , , , , 
1/31/2020 12:30:09 PM, 3239, 9050, 1618.1, 323.37, 220.36, 160.92, 316.085, 170.57, 239, 96.1529, 30.12, 63.4369, 126.315, 63.2451, 87.585, , , , , 
1/31/2020 12:30:12 PM, 3238.25, 9048.25, 1617.9, 323.34, 220.3, 160.9, 316.03, 170.4977, 239.01, 96.14, 30.12, 63.43, 126.31, 63.2451, 87.585, , , , , 
1/31/2020 12:30:15 PM, 3238.5, 9048.25, 1617.8, 323.305, 220.3, 160.89, 316.03, 170.4977, 239.01, 96.13, 30.12, 63.43, 126.29, 63.2451, 87.585, , , , , 
1/31/2020 12:30:18 PM, 3238, 9047.5, 1617.8, 323.29, 220.25, 160.88, 315.98, 170.4854, 238.995, 96.12, 30.11, 63.43, 126.29, 63.2451, 87.585, , , , , 
1/31/2020 12:30:21 PM, 3238, 9047.25, 1617.7, 323.285, 220.26, 160.9, 315.9498, 170.481, 238.93, 96.11, 30.115, 63.43, 126.28, 63.2451, 87.58, , , , , 
1/31/2020 12:30:24 PM, 3238.25, 9047.75, 1617.9, 323.28, 220.27, 160.9, 315.94, 170.49, 238.9315, 96.12, 30.115, 63.425, 126.28, 63.2451, 87.58, , , , , 
1/31/2020 12:30:27 PM, 3238.25, 9047.25, 1617.9, 323.28, 220.27, 160.9, 315.94, 170.49, 238.9315, 96.12, 30.1166, 63.425, 126.28, 63.2451, 87.575, , , , , 
1/31/2020 12:30:30 PM, 3237.75, 9046.25, 1617.7, 323.26, 220.23, 160.87, 315.92, 170.47, 238.7812, 96.11, 30.11, 63.425, 126.28, 63.2451, 87.575, , , , , 
1/31/2020 12:30:33 PM, 3238, 9046, 1617.8, 323.26, 220.23, 160.89, 315.92, 170.47, 238.7812, 96.11, 30.11, 63.425, 126.28, 63.2451, 87.575, , , , , 
1/31/2020 12:30:36 PM, 3237.75, 9045.5, 1617.6, 323.2499, 220.2103, 160.86, 315.87, 170.445, 238.8241, 96.11, 30.11, 63.425, 126.26, 63.2451, 87.58, , , , , 
1/31/2020 12:30:39 PM, 3237.5, 9044, 1617.5, 323.21, 220.2103, 160.855, 315.87, 170.445, 238.8241, 96.1, 30.11, 63.425, 126.26, 63.2451, 87.575, , , , , 
1/31/2020 12:30:42 PM, 3237.25, 9044.5, 1617.5, 323.212, 220.2, 160.86, 315.85, 170.43, 238.765, 96.09, 30.11, 63.425, 126.25, 63.2451, 87.575, , , , , 
1/31/2020 12:30:45 PM, 3237.5, 9044.5, 1617.6, 323.21, 220.2, 160.87, 315.85, 170.43, 238.765, 96.09, 30.11, 63.425, 126.25, 63.2451, 87.575, , , , , 
1/31/2020 12:30:48 PM, 3237.25, 9044.25, 1617.5, 323.24, 220.1901, 160.865, 315.78, 170.44, 238.75, 96.08, 30.11, 63.42, 126.25, 63.2451, 87.57, , , , , 
1/31/2020 12:30:51 PM, 3237.5, 9044.5, 1617.6, 323.2, 220.1901, 160.87, 315.78, 170.44, 238.75, 96.09, 30.11, 63.42, 126.25, 63.2451, 87.57, , , , , 
1/31/2020 12:30:54 PM, 3237.5, 9044.75, 1617.5, 323.23, 220.19, 160.885, 315.81, 170.41, 238.77, 96.09, 30.11, 63.42, 126.26, 63.2451, 87.565, , , , , 
1/31/2020 12:30:57 PM, 3237.25, 9043.75, 1617.4, 323.1899, 220.19, 160.84, 315.81, 170.41, 238.77, 96.08, 30.11, 63.42, 126.26, 63.2451, 87.565, , , , , 
1/31/2020 12:31:00 PM, 3237, 9042.25, 1617, 323.18, 220.15, 160.81, 315.8, 170.3799, 238.7647, 96.07, 30.11, 63.42, 126.23, 63.2451, 87.565, , , , , 
1/31/2020 12:31:03 PM, 3236.75, 9043, 1617, 323.14, 220.15, 160.79, 315.8, 170.3799, 238.7647, 96.05, 30.11, 63.42, 126.22, 63.2451, 87.5639, , , , , 
1/31/2020 12:31:06 PM, 3236.75, 9043, 1616.9, 323.13, 220.185, 160.79, 315.84, 170.425, 238.7254, 96.06, 30.1064, 63.405, 126.22, 63.2451, 87.565, , , , , 
1/31/2020 12:31:09 PM, 3237, 9043.5, 1617.1, 323.17, 220.185, 160.807, 315.84, 170.425, 238.7254, 96.08, 30.115, 63.405, 126.23, 63.2451, 87.565, , , , , 
1/31/2020 12:31:12 PM, 3237, 9044.25, 1617.2, 323.187, 220.205, 160.83, 315.85, 170.4501, 238.8, 96.089, 30.115, 63.415, 126.23, 63.2451, 87.565, , , , , 
1/31/2020 12:31:15 PM, 3237, 9043.75, 1617.2, 323.16, 220.19, 160.81, 315.8342, 170.4342, 238.7375, 96.08, 30.11, 63.4167, 126.23, 63.2451, 87.57, , , , , 
1/31/2020 12:31:19 PM, 3237, 9043.75, 1617.2, 323.16, 220.17, 160.81, 315.8002, 170.4253, 238.735, 96.08, 30.11, 63.4167, 126.23, 63.2451, 87.57, , , , , 
1/31/2020 12:31:22 PM, 3237.25, 9044.75, 1617.3, 323.2, 220.2001, 160.835, 315.8533, 170.45, 238.735, 96.09, 30.11, 63.41, 126.23, 63.2451, 87.57, , , , , 
1/31/2020 12:31:25 PM, 3237.25, 9044.75, 1617.3, 323.2, 220.2, 160.835, 315.8533, 170.48, 238.83, 96.09, 30.11, 63.41, 126.23, 63.2451, 87.57, , , , , 
1/31/2020 12:31:28 PM, 3237, 9043.5, 1617.1, 323.16, 220.18, 160.83, 315.79, 170.45, 238.78, 96.08, 30.11, 63.41, 126.22, 63.2451, 87.565, , , , , 
1/31/2020 12:31:31 PM, 3237, 9043.5, 1617.1, 323.16, 220.18, 160.83, 315.79, 170.45, 238.78, 96.08, 30.11, 63.41, 126.22, 63.2451, 87.565, , , , , 
1/31/2020 12:31:34 PM, 3237.25, 9045, 1617.2, 323.19, 220.2, 160.83, 315.84, 170.46, 238.78, 96.09, 30.11, 63.41, 126.23, 63.2451, 87.57, , , , , 
1/31/2020 12:31:37 PM, 3237.25, 9045, 1617.2, 323.19, 220.23, 160.83, 315.88, 170.47, 238.78, 96.09, 30.11, 63.41, 126.23, 63.2451, 87.57, , , , , 
1/31/2020 12:31:40 PM, 3237.5, 9046, 1617.4, 323.21, 220.23, 160.86, 315.9111, 170.481, 238.91, 96.1, 30.115, 63.405, 126.25, 63.2451, 87.57, , , , , 
1/31/2020 12:31:43 PM, 3237.5, 9046, 1617.4, 323.21, 220.24, 160.86, 315.91, 170.49, 238.91, 96.1, 30.115, 63.405, 126.25, 63.2451, 87.57, , , , , 
1/31/2020 12:31:46 PM, 3237.75, 9047, 1617.6, 323.23, 220.26, 160.88, 315.9478, 170.4944, 238.98, 96.1, 30.11, 63.405, 126.25, 63.2451, 87.57, , , , , 
1/31/2020 12:31:49 PM, 3237.75, 9047, 1617.6, 323.23, 220.2499, 160.88, 315.8898, 170.4916, 238.98, 96.1, 30.11, 63.405, 126.25, 63.2451, 87.57, , , , , 
1/31/2020 12:31:52 PM, 3237.5, 9046.5, 1617.6, 323.21, 220.26, 160.86, 315.85, 170.4901, 238.9137, 96.11, 30.1116, 63.395, 126.25, 63.2451, 87.57, , , , , 
1/31/2020 12:31:55 PM, 3237.5, 9046.5, 1617.6, 323.21, 220.245, 160.86, 315.85, 170.505, 238.9137, 96.11, 30.1116, 63.395, 126.25, 63.2451, 87.57, , , , , 
1/31/2020 12:31:58 PM, 3237.25, 9045, 1617.3, 323.17, 220.23, 160.84, 315.8, 170.465, 238.9031, 96.0925, 30.11, 63.38, 126.24, 63.2451, 87.56, , , , , 
1/31/2020 12:32:01 PM, 3237.25, 9045, 1617.3, 323.17, 220.22, 160.84, 315.84, 170.465, 238.9031, 96.0925, 30.11, 63.38, 126.24, 63.2451, 87.56, , , , , 
1/31/2020 12:32:04 PM, 3237.25, 9045.5, 1617.4, 323.2, 220.24, 160.84, 315.81, 170.4825, 238.8854, 96.1, 30.11, 63.385, 126.24, 63.2451, 87.56, , , , , 
1/31/2020 12:32:07 PM, 3237.25, 9045.5, 1617.4, 323.21, 220.27, 160.86, 315.86, 170.52, 238.92, 96.09, 30.1107, 63.38, 126.25, 63.2451, 87.56, , , , , 
1/31/2020 12:32:10 PM, 3238, 9046.75, 1617.5, 323.25, 220.27, 160.8618, 315.86, 170.5096, 238.92, 96.11, 30.12, 63.395, 126.26, 63.2451, 87.565, , , , , 
1/31/2020 12:32:13 PM, 3238, 9046.75, 1617.5, 323.25, 220.26, 160.8618, 315.88, 170.505, 239.02, 96.11, 30.12, 63.395, 126.26, 63.2451, 87.565, , , , , 
1/31/2020 12:32:16 PM, 3237.25, 9045.5, 1617.4, 323.21, 220.22, 160.85, 315.87, 170.48, 238.95, 96.09, 30.115, 63.395, 126.24, 63.2451, 87.565, , , , , 
1/31/2020 12:32:19 PM, 3237.25, 9045.5, 1617.4, 323.21, 220.21, 160.85, 315.8369, 170.46, 238.95, 96.09, 30.115, 63.395, 126.24, 63.2451, 87.565, , , , , 
1/31/2020 12:32:22 PM, 3237.5, 9045, 1617.3, 323.195, 220.23, 160.84, 315.8598, 170.46, 238.91, 96.09, 30.11, 63.39, 126.23, 63.2451, 87.5647, , , , , 
1/31/2020 12:32:25 PM, 3237.5, 9045, 1617.3, 323.195, 220.22, 160.84, 315.8598, 170.45, 238.8902, 96.09, 30.11, 63.39, 126.23, 63.2451, 87.5647, , , , , 
1/31/2020 12:32:28 PM, 3237.5, 9045, 1617.3, 323.22, 220.2172, 160.85, 315.87, 170.4577, 238.98, 96.085, 30.11, 63.395, 126.2399, 63.2451, 87.5647, , , , , 
1/31/2020 12:32:31 PM, 3237.5, 9045, 1617.3, 323.22, 220.21, 160.85, 315.8588, 170.4577, 238.92, 96.085, 30.11, 63.395, 126.2399, 63.2451, 87.5647, , , , , 
1/31/2020 12:32:34 PM, 3237.5, 9045, 1617.1, 323.21, 220.21, 160.83, 315.86, 170.4492, 238.94, 96.08, 30.115, 63.3899, 126.235, 63.2451, 87.565, , , , , 
1/31/2020 12:32:37 PM, 3237.5, 9045, 1617.1, 323.21, 220.22, 160.83, 315.86, 170.4492, 239.03, 96.08, 30.115, 63.3899, 126.235, 63.2451, 87.565, , , , , 
1/31/2020 12:32:40 PM, 3237.25, 9044.75, 1617.1, 323.19, 220.1999, 160.82, 315.8311, 170.4538, 239.04, 96.08, 30.115, 63.39, 126.23, 63.2451, 87.565, , , , , 
1/31/2020 12:32:43 PM, 3237.25, 9044.75, 1617.1, 323.19, 220.1999, 160.82, 315.82, 170.45, 238.98, 96.08, 30.115, 63.39, 126.23, 63.2451, 87.565, , , , , 
1/31/2020 12:32:46 PM, 3237.75, 9045.25, 1617.2, 323.22, 220.1999, 160.835, 315.81, 170.46, 238.98, 96.08, 30.115, 63.395, 126.23, 63.2451, 87.565, , , , , 
1/31/2020 12:32:49 PM, 3237.75, 9045.25, 1617.2, 323.22, 220.1999, 160.835, 315.81, 170.43, 239.025, 96.08, 30.115, 63.395, 126.23, 63.2451, 87.565, , , , , 
1/31/2020 12:32:52 PM, 3237.25, 9043.5, 1617, 323.17, 220.16, 160.8, 315.79, 170.43, 238.99, 96.08, 30.11, 63.39, 126.22, 63.2451, 87.565, , , , , 
1/31/2020 12:32:55 PM, 3237.25, 9043.5, 1617, 323.17, 220.15, 160.8, 315.74, 170.41, 238.93, 96.08, 30.11, 63.39, 126.22, 63.2451, 87.565, , , , , 
1/31/2020 12:32:58 PM, 3236.5, 9042, 1616.7, 323.11, 220.15, 160.8, 315.7619, 170.4059, 238.93, 96.07, 30.105, 63.38, 126.21, 63.2451, 87.565, , , , , 
1/31/2020 12:33:01 PM, 3236.5, 9042, 1616.7, 323.11, 220.15, 160.8, 315.76, 170.43, 238.94, 96.07, 30.105, 63.38, 126.21, 63.2451, 87.565, , , , , 
1/31/2020 12:33:04 PM, 3236.25, 9041.25, 1616.6, 323.07, 220.11, 160.76, 315.68, 170.4, 238.9, 96.05, 30.1, 63.38, 126.16, 63.2451, 87.565, , , , , 
1/31/2020 12:33:07 PM, 3236.25, 9041.25, 1616.6, 323.07, 220.11, 160.76, 315.68, 170.4, 238.9, 96.05, 30.1, 63.38, 126.16, 63.2451, 87.565, , , , , 
1/31/2020 12:33:10 PM, 3237, 9044, 1617, 323.16, 220.17, 160.8, 315.79, 170.49, 239.0938, 96.09, 30.11, 63.38, 126.19, 63.2451, 87.565, , , , , 
1/31/2020 12:33:13 PM, 3237, 9044, 1617, 323.16, 220.1846, 160.8, 315.83, 170.495, 239.0938, 96.09, 30.11, 63.38, 126.19, 63.2451, 87.565, , , , , 
1/31/2020 12:33:16 PM, 3237.5, 9045.5, 1617.3, 323.23, 220.21, 160.85, 315.87, 170.5101, 239.07, 96.09, 30.11, 63.4, 126.21, 63.2451, 87.57, , , , , 
1/31/2020 12:33:19 PM, 3237.5, 9045.5, 1617.3, 323.23, 220.21, 160.85, 315.87, 170.5101, 239.07, 96.09, 30.11, 63.4, 126.21, 63.2451, 87.57, , , , , 
1/31/2020 12:33:22 PM, 3237.25, 9044.5, 1617.2, 323.22, 220.2201, 160.84, 315.86, 170.51, 239.1055, 96.11, 30.11, 63.4, 126.21, 63.2451, 87.57, , , , , 
1/31/2020 12:33:25 PM, 3237.25, 9044.5, 1617.2, 323.22, 220.17, 160.84, 315.8, 170.495, 239.1072, 96.11, 30.11, 63.4, 126.21, 63.2451, 87.57, , , , , 
1/31/2020 12:33:28 PM, 3237, 9043, 1617, 323.16, 220.17, 160.8, 315.8002, 170.505, 239.03, 96.0874, 30.11, 63.39, 126.19, 63.2451, 87.565, , , , , 
1/31/2020 12:33:31 PM, 3237, 9043.75, 1617, 323.15, 220.2, 160.82, 315.82, 170.5156, 239.03, 96.09, 30.11, 63.39, 126.19, 63.2451, 87.565, , , , , 
1/31/2020 12:33:35 PM, 3237, 9043.25, 1616.9, 323.15, 220.18, 160.81, 315.8216, 170.52, 239.03, 96.085, 30.11, 63.39, 126.19, 63.2451, 87.565, , , , , 
1/31/2020 12:33:38 PM, 3237, 9044.25, 1617, 323.17, 220.18, 160.81, 315.78, 170.53, 238.98, 96.085, 30.11, 63.3874, 126.19, 63.2451, 87.565, , , , , 
1/31/2020 12:33:41 PM, 3236.75, 9042.5, 1616.7, 323.14, 220.16, 160.785, 315.785, 170.52, 238.945, 96.08, 30.1034, 63.3874, 126.19, 63.2451, 87.5668, , , , , 
1/31/2020 12:33:44 PM, 3236.75, 9042.5, 1616.7, 323.14, 220.16, 160.785, 315.7547, 170.52, 238.9, 96.08, 30.1034, 63.3874, 126.19, 63.2451, 87.5668, , , , , 
1/31/2020 12:33:47 PM, 3236.5, 9042.5, 1616.7, 323.14, 220.15, 160.78, 315.76, 170.515, 238.9, 96.08, 30.1034, 63.3874, 126.19, 63.2451, 87.5668, , , , , 
1/31/2020 12:33:50 PM, 3236.5, 9042.5, 1616.7, 323.11, 220.15, 160.77, 315.7269, 170.49, 238.89, 96.06, 30.1, 63.3874, 126.18, 63.2451, 87.5668, , , , , 
1/31/2020 12:33:53 PM, 3236.5, 9041.25, 1616.6, 323.1125, 220.12, 160.77, 315.7031, 170.45, 238.86, 96.06, 30.1, 63.385, 126.18, 63.2451, 87.565, , , , , 
1/31/2020 12:33:56 PM, 3236.5, 9041.25, 1616.6, 323.09, 220.11, 160.76, 315.68, 170.44, 238.83, 96.06, 30.1, 63.38, 126.18, 63.2451, 87.565, , , , , 
1/31/2020 12:33:59 PM, 3236.5, 9041.5, 1616.4, 323.105, 220.12, 160.76, 315.7, 170.45, 238.83, 96.06, 30.1, 63.38, 126.18, 63.2451, 87.565, , , , , 
1/31/2020 12:34:02 PM, 3236.5, 9041.5, 1616.4, 323.115, 220.14, 160.77, 315.71, 170.46, 238.8485, 96.06, 30.1, 63.38, 126.19, 63.2451, 87.565, , , , , 
1/31/2020 12:34:05 PM, 3236.75, 9042.5, 1616.6, 323.12, 220.1546, 160.77, 315.755, 170.4818, 238.8485, 96.07, 30.1, 63.38, 126.19, 63.2451, 87.565, , , , , 
1/31/2020 12:34:08 PM, 3236.75, 9042.5, 1616.6, 323.125, 220.15, 160.77, 315.72, 170.485, 238.8157, 96.07, 30.1, 63.38, 126.19, 63.2451, 87.565, , , , , 
1/31/2020 12:34:11 PM, 3236.75, 9043.5, 1616.7, 323.15, 220.17, 160.78, 315.75, 170.5032, 238.8157, 96.075, 30.1, 63.39, 126.21, 63.2451, 87.565, , , , , 
1/31/2020 12:34:14 PM, 3236.75, 9043.5, 1616.7, 323.11, 220.14, 160.75, 315.7, 170.48, 238.84, 96.07, 30.105, 63.395, 126.19, 63.2451, 87.565, , , , , 
1/31/2020 12:34:17 PM, 3236.5, 9040.75, 1616.4, 323.101, 220.12, 160.76, 315.7, 170.47, 238.8496, 96.05, 30.105, 63.395, 126.19, 63.2451, 87.565, , , , , 
1/31/2020 12:34:20 PM, 3236.5, 9040.75, 1616.4, 323.08, 220.1, 160.74, 315.56, 170.42, 238.8156, 96.04, 30.105, 63.39, 126.17, 63.2451, 87.565, , , , , 
1/31/2020 12:34:23 PM, 3236, 9039.25, 1616.4, 323.04, 220.06, 160.75, 315.5456, 170.38, 238.8111, 96.03, 30.095, 63.39, 126.15, 63.2451, 87.56, , , , , 
1/31/2020 12:34:26 PM, 3235.75, 9038.5, 1616.3, 323.02, 220.06, 160.7321, 315.5446, 170.37, 238.7983, 96.03, 30.095, 63.38, 126.15, 63.2451, 87.565, , , , , 
1/31/2020 12:34:29 PM, 3235.25, 9037.5, 1616.2, 322.99, 220.04, 160.72, 315.54, 170.34, 238.75, 96.01, 30.095, 63.37, 126.14, 63.2451, 87.565, , , , , 
1/31/2020 12:34:32 PM, 3235.5, 9038.75, 1616.2, 323.02, 220.08, 160.74, 315.595, 170.39, 238.74, 96.02, 30.095, 63.38, 126.15, 63.2451, 87.565, , , , , 
1/31/2020 12:34:35 PM, 3235.5, 9039.25, 1616.2, 323, 220.062, 160.73, 315.5846, 170.37, 238.8118, 96.03, 30.095, 63.38, 126.15, 63.2451, 87.565, , , , , 
1/31/2020 12:34:38 PM, 3235.75, 9039.5, 1616.3, 323.03, 220.08, 160.75, 315.6247, 170.37, 238.83, 96.03, 30.1, 63.38, 126.15, 63.2451, 87.56, , , , , 
1/31/2020 12:34:41 PM, 3235.5, 9038.75, 1616.3, 323.03, 220.075, 160.75, 315.635, 170.375, 238.81, 96.03, 30.1, 63.38, 126.14, 63.2451, 87.565, , , , , 
1/31/2020 12:34:44 PM, 3235, 9037.25, 1616.1, 322.97, 220.05, 160.72, 315.55, 170.36, 238.77, 96.03, 30.09, 63.38, 126.12, 63.2451, 87.565, , , , , 
1/31/2020 12:34:47 PM, 3234.5, 9036, 1615.9, 322.92, 220.01, 160.7, 315.46, 170.31, 238.63, 95.99, 30.085, 63.37, 126.1, 63.2451, 87.56, , , , , 
1/31/2020 12:34:50 PM, 3234.5, 9035.75, 1616, 322.91, 219.99, 160.71, 315.51, 170.3, 238.61, 96, 30.085, 63.375, 126.11, 63.2451, 87.56, , , , , 
1/31/2020 12:34:53 PM, 3234.25, 9035.75, 1615.8, 322.89, 220, 160.7, 315.4835, 170.29, 238.6633, 95.99, 30.08, 63.3763, 126.1, 63.2451, 87.555, , , , , 
1/31/2020 12:34:56 PM, 3233.75, 9033.25, 1615.7, 322.8175, 219.93, 160.66, 315.33, 170.27, 238.53, 95.96, 30.075, 63.37, 126.06, 63.2451, 87.555, , , , , 
1/31/2020 12:34:59 PM, 3233.75, 9032.75, 1615.5, 322.81, 219.93, 160.67, 315.29, 170.25, 238.5445, 95.96, 30.075, 63.36, 126.06, 63.2451, 87.555, , , , , 
1/31/2020 12:35:02 PM, 3233.75, 9034, 1615.6, 322.83, 219.88, 160.64, 315.25, 170.215, 238.59, 95.94, 30.07, 63.355, 126.06, 63.2451, 87.55, , , , , 
1/31/2020 12:35:05 PM, 3233.5, 9031.5, 1615.5, 322.83, 219.9, 160.67, 315.2999, 170.25, 238.6, 95.95, 30.075, 63.355, 126.06, 63.2451, 87.55, , , , , 
1/31/2020 12:35:08 PM, 3232.5, 9028.5, 1615.1, 322.72, 219.82, 160.63, 315.23, 170.17, 238.41, 95.92, 30.065, 63.34, 126.01, 63.2451, 87.545, , , , , 
1/31/2020 12:35:11 PM, 3232, 9029.5, 1614.9, 322.704, 219.8, 160.61, 315.16, 170.16, 238.4, 95.91, 30.065, 63.33, 126.01, 63.2451, 87.54, , , , , 
1/31/2020 12:35:14 PM, 3232.25, 9028.75, 1615, 322.69, 219.8, 160.6, 315.17, 170.15, 238.4119, 95.91, 30.06, 63.335, 126, 63.2451, 87.535, , , , , 
1/31/2020 12:35:17 PM, 3233, 9031, 1615.4, 322.76, 219.84, 160.64, 315.23, 170.19, 238.38, 95.93, 30.06, 63.33, 126.01, 63.2451, 87.535, , , , , 
1/31/2020 12:35:20 PM, 3231.75, 9028, 1614.9, 322.63, 219.79, 160.58, 315.16, 170.13, 238.33, 95.9, 30.055, 63.32, 125.99, 63.2451, 87.535, , , , , 
1/31/2020 12:35:23 PM, 3231.75, 9028, 1614.9, 322.6, 219.75, 160.5701, 315.14, 170.11, 238.325, 95.89, 30.05, 63.31, 125.99, 63.2451, 87.535, , , , , 
1/31/2020 12:35:26 PM, 3230.75, 9025, 1614.4, 322.55, 219.71, 160.55, 315.075, 170.0335, 238.2535, 95.86, 30.05, 63.31, 125.95, 63.2451, 87.53, , , , , 
1/31/2020 12:35:29 PM, 3231.75, 9027.75, 1615, 322.63, 219.78, 160.6, 315.18, 170.13, 238.37, 95.91, 30.06, 63.32, 125.99, 63.2451, 87.54, , , , , 
1/31/2020 12:35:32 PM, 3232.25, 9030.25, 1615.4, 322.67, 219.84, 160.63, 315.25, 170.14, 238.465, 95.92, 30.05, 63.32, 125.99, 63.2451, 87.535, , , , , 
1/31/2020 12:35:35 PM, 3231.75, 9029, 1615.3, 322.65, 219.8301, 160.63, 315.26, 170.16, 238.465, 95.925, 30.055, 63.32, 125.99, 63.2451, 87.535, , , , , 
1/31/2020 12:35:38 PM, 3232, 9029, 1615.2, 322.64, 219.84, 160.63, 315.2784, 170.1653, 238.465, 95.925, 30.06, 63.32, 125.99, 63.2451, 87.535, , , , , 
1/31/2020 12:35:41 PM, 3231, 9026.25, 1614.9, 322.56, 219.78, 160.6, 315.19, 170.12, 238.3943, 95.89, 30.05, 63.31, 125.97, 63.2451, 87.535, , , , , 
1/31/2020 12:35:44 PM, 3230.75, 9025.25, 1614.7, 322.56, 219.76, 160.58, 315.18, 170.095, 238.38, 95.89, 30.05, 63.305, 125.97, 63.2451, 87.535, , , , , 
1/31/2020 12:35:47 PM, 3230.25, 9023, 1614.3, 322.47, 219.72, 160.54, 315.07, 170.06, 238.23, 95.86, 30.045, 63.29, 125.95, 63.2451, 87.535, , , , , 
1/31/2020 12:35:50 PM, 3229, 9019.75, 1613.8, 322.4, 219.63, 160.51, 314.94, 170, 238.0839, 95.82, 30.03, 63.28, 125.9, 63.2451, 87.515, , , , , 
1/31/2020 12:35:54 PM, 3229, 9019, 1613.7, 322.37, 219.6, 160.47, 314.8457, 169.99, 238.09, 95.81, 30.02, 63.27, 125.88, 63.2451, 87.515, , , , , 
1/31/2020 12:35:57 PM, 3228.25, 9017, 1613.5, 322.27, 219.53, 160.44, 314.8201, 169.96, 237.94, 95.77, 30.02, 63.26, 125.86, 63.2451, 87.52, , , , , 
1/31/2020 12:36:00 PM, 3228.75, 9020.25, 1613.8, 322.36, 219.6, 160.5, 314.91, 170, 237.9778, 95.81, 30.025, 63.27, 125.89, 63.2451, 87.52, , , , , 
1/31/2020 12:36:03 PM, 3229, 9020, 1614.1, 322.3679, 219.61, 160.512, 314.98, 170.02, 237.9778, 95.81, 30.03, 63.27, 125.9, 63.2451, 87.52, , , , , 
1/31/2020 12:36:06 PM, 3229.5, 9022, 1614.5, 322.41, 219.655, 160.55, 315.0356, 170.04, 238.1477, 95.82, 30.03, 63.27, 125.92, 63.2451, 87.53, , , , , 
1/31/2020 12:36:09 PM, 3229.25, 9021.5, 1614.4, 322.4, 219.65, 160.55, 314.98, 170.04, 238.19, 95.84, 30.03, 63.265, 125.91, 63.2451, 87.53, , , , , 
1/31/2020 12:36:12 PM, 3230.5, 9026.25, 1615, 322.53, 219.74, 160.61, 315.15, 170.09, 238.36, 95.87, 30.04, 63.28, 125.96, 63.2451, 87.535, , , , , 
1/31/2020 12:36:15 PM, 3230.25, 9026, 1615, 322.497, 219.75, 160.61, 315.28, 170.08, 238.31, 95.88, 30.04, 63.28, 125.95, 63.2451, 87.53, , , , , 
1/31/2020 12:36:18 PM, 3229.25, 9023, 1614.4, 322.38, 219.67, 160.55, 315.03, 170, 238.22, 95.83, 30.02, 63.255, 125.91, 63.2451, 87.52, , , , , 
1/31/2020 12:36:21 PM, 3228.75, 9021, 1614.2, 322.34, 219.6, 160.52, 314.99, 169.95, 238.11, 95.81, 30.015, 63.24, 125.92, 63.2451, 87.51, , , , , 
1/31/2020 12:36:24 PM, 3229.25, 9022.75, 1614.5, 322.39, 219.67, 160.55, 315.08, 170, 238.22, 95.83, 30.02, 63.2434, 125.9, 63.2451, 87.51, , , , , 
1/31/2020 12:36:27 PM, 3228.75, 9022.75, 1614.4, 322.37, 219.68, 160.56, 315.15, 169.99, 238.22, 95.83, 30.02, 63.25, 125.9, 63.2451, 87.51, , , , , 
1/31/2020 12:36:30 PM, 3228.5, 9022.25, 1614.5, 322.32, 219.63, 160.57, 315.07, 169.9399, 238.25, 95.82, 30.015, 63.25, 125.9, 63.2451, 87.51, , , , , 
1/31/2020 12:36:33 PM, 3228.25, 9020.75, 1614.2, 322.32, 219.63, 160.57, 315.07, 169.9399, 238.25, 95.82, 30.015, 63.25, 125.9, 63.2451, 87.51, , , , , 
1/31/2020 12:36:36 PM, 3228, 9019, 1614, 322.34, 219.6207, 160.56, 315.04, 169.93, 238.1321, 95.81, 30.02, 63.25, 125.88, 63.2451, 87.51, , , , , 
1/31/2020 12:36:39 PM, 3228.75, 9021.25, 1614.5, 322.34, 219.6207, 160.56, 315.04, 169.93, 238.1321, 95.81, 30.02, 63.25, 125.88, 63.2451, 87.51, , , , , 
1/31/2020 12:36:42 PM, 3229.25, 9023.5, 1614.9, 322.29, 219.64, 160.54, 315.06, 169.9241, 238.2, 95.82, 30.015, 63.26, 125.89, 63.2451, 87.505, , , , , 
1/31/2020 12:36:45 PM, 3228.25, 9019.75, 1614.3, 322.29, 219.64, 160.54, 315.06, 169.9241, 238.2, 95.82, 30.015, 63.26, 125.89, 63.2451, 87.505, , , , , 
1/31/2020 12:36:48 PM, 3228, 9019, 1614.1, 322.28, 219.6, 160.54, 314.98, 169.8706, 238.2, 95.79, 30.01, 63.25, 125.89, 63.2451, 87.5054, , , , , 
1/31/2020 12:36:51 PM, 3228.25, 9020, 1614.3, 322.28, 219.6, 160.54, 314.98, 169.8706, 238.2, 95.79, 30.01, 63.25, 125.89, 63.2451, 87.5054, , , , , 
1/31/2020 12:36:54 PM, 3229, 9022.75, 1614.9, 322.37, 219.68, 160.6, 315.08, 169.96, 238.1325, 95.82, 30.02, 63.26, 125.92, 63.2451, 87.51, , , , , 
1/31/2020 12:36:57 PM, 3229.25, 9023, 1615.1, 322.37, 219.68, 160.6, 315.08, 169.96, 238.1325, 95.82, 30.02, 63.26, 125.92, 63.2451, 87.51, , , , , 
1/31/2020 12:37:00 PM, 3229, 9022.75, 1615.1, 322.37, 219.67, 160.63, 315.19, 169.91, 238.15, 95.82, 30.015, 63.26, 125.91, 63.2451, 87.505, , , , , 
1/31/2020 12:37:03 PM, 3229.25, 9022.5, 1615.3, 322.37, 219.67, 160.63, 315.19, 169.91, 238.15, 95.82, 30.015, 63.26, 125.91, 63.2451, 87.505, , , , , 
1/31/2020 12:37:06 PM, 3229, 9022.25, 1615.3, 322.31, 219.6, 160.61, 315.05, 169.86, 238.09, 95.8, 30.015, 63.26, 125.9, 63.2451, 87.505, , , , , 
1/31/2020 12:37:09 PM, 3228.5, 9020.5, 1615.1, 322.31, 219.6, 160.61, 315.05, 169.86, 238.09, 95.8, 30.015, 63.26, 125.9, 63.2451, 87.505, , , , , 
1/31/2020 12:37:12 PM, 3228.75, 9020.75, 1614.9, 322.27, 219.55, 160.55, 314.82, 169.825, 237.98, 95.77, 30.01, 63.26, 125.875, 63.2451, 87.5, , , , , 
1/31/2020 12:37:15 PM, 3228.25, 9018.25, 1614.4, 322.27, 219.55, 160.55, 314.82, 169.825, 237.98, 95.77, 30.01, 63.26, 125.875, 63.2451, 87.5, , , , , 
1/31/2020 12:37:18 PM, 3228.25, 9019.5, 1614.6, 322.34, 219.61, 160.57, 314.86, 169.85, 238.05, 95.79, 30.02, 63.26, 125.91, 63.2451, 87.51, , , , , 
1/31/2020 12:37:21 PM, 3228.75, 9021.5, 1614.7, 322.34, 219.61, 160.57, 314.86, 169.85, 238.05, 95.79, 30.02, 63.26, 125.91, 63.2451, 87.51, , , , , 
1/31/2020 12:37:24 PM, 3229.25, 9023.75, 1614.8, 322.39, 219.69, 160.58, 314.93, 169.9, 238.24, 95.83, 30.0205, 63.27, 125.93, 63.2451, 87.51, , , , , 
1/31/2020 12:37:27 PM, 3229.25, 9023.5, 1614.7, 322.39, 219.69, 160.58, 314.93, 169.9, 238.24, 95.83, 30.0205, 63.27, 125.93, 63.2451, 87.51, , , , , 
1/31/2020 12:37:30 PM, 3229.5, 9024, 1614.8, 322.41, 219.7, 160.59, 315.03, 169.908, 238.235, 95.83, 30.0205, 63.27, 125.95, 63.2451, 87.505, , , , , 
1/31/2020 12:37:33 PM, 3229.75, 9024.25, 1614.8, 322.41, 219.7, 160.59, 315.03, 169.908, 238.235, 95.83, 30.0205, 63.27, 125.95, 63.2451, 87.505, , , , , 
1/31/2020 12:37:36 PM, 3230.25, 9025.75, 1615, 322.5, 219.76, 160.605, 315.1197, 169.97, 238.33, 95.87, 30.035, 63.29, 125.98, 63.2451, 87.52, , , , , 
1/31/2020 12:37:39 PM, 3230.25, 9026, 1615, 322.5, 219.76, 160.605, 315.1197, 169.97, 238.33, 95.87, 30.035, 63.29, 125.98, 63.2451, 87.52, , , , , 
1/31/2020 12:37:42 PM, 3230, 9024, 1614.7, 322.45, 219.7, 160.5728, 315.0699, 169.93, 238.1707, 95.84, 30.03, 63.289, 125.97, 63.2451, 87.52, , , , , 
1/31/2020 12:37:45 PM, 3229.75, 9024, 1614.7, 322.45, 219.7, 160.5728, 315.0699, 169.93, 238.1707, 95.84, 30.03, 63.289, 125.97, 63.2451, 87.52, , , , , 
1/31/2020 12:37:48 PM, 3229.5, 9022.5, 1614.3, 322.43, 219.67, 160.54, 314.9735, 169.89, 238.14, 95.8122, 30.03, 63.28, 125.95, 63.2451, 87.52, , , , , 
1/31/2020 12:37:51 PM, 3230, 9024, 1614.4, 322.43, 219.67, 160.54, 314.9735, 169.89, 238.14, 95.8122, 30.03, 63.28, 125.95, 63.2451, 87.52, , , , , 
1/31/2020 12:37:54 PM, 3230, 9024.25, 1614.3, 322.46, 219.7298, 160.55, 315.0242, 169.9118, 238.0975, 95.835, 30.035, 63.28, 125.97, 63.2451, 87.515, , , , , 
1/31/2020 12:37:57 PM, 3229.75, 9025.25, 1614.3, 322.46, 219.7298, 160.55, 315.0242, 169.9118, 238.0975, 95.835, 30.035, 63.28, 125.97, 63.2451, 87.515, , , , , 
1/31/2020 12:38:01 PM, 3230, 9025, 1614.5, 322.4188, 219.7, 160.54, 314.9755, 169.9, 238.115, 95.83, 30.035, 63.28, 125.97, 63.2451, 87.51, , , , , 
1/31/2020 12:38:04 PM, 3229.5, 9023.5, 1614.3, 322.4188, 219.7, 160.54, 314.9755, 169.9, 238.115, 95.83, 30.035, 63.28, 125.97, 63.2451, 87.51, , , , , 
1/31/2020 12:38:07 PM, 3229.25, 9023, 1614.2, 322.4379, 219.695, 160.57, 315.0536, 169.91, 238.07, 95.83, 30.02, 63.275, 125.97, 63.2451, 87.495, , , , , 
1/31/2020 12:38:10 PM, 3229.75, 9025.5, 1614.6, 322.4379, 219.695, 160.57, 315.0536, 169.91, 238.07, 95.83, 30.02, 63.275, 125.97, 63.2451, 87.495, , , , , 
1/31/2020 12:38:13 PM, 3229.75, 9025.25, 1614.5, 322.44, 219.71, 160.55, 315.1367, 169.88, 238.05, 95.84, 30.03, 63.27, 125.96, 63.2451, 87.5, , , , , 
1/31/2020 12:38:16 PM, 3229.75, 9024.75, 1614.4, 322.44, 219.71, 160.55, 315.1367, 169.88, 238.05, 95.84, 30.03, 63.27, 125.96, 63.2451, 87.5, , , , , 
1/31/2020 12:38:19 PM, 3230, 9025.75, 1614.6, 322.49, 219.78, 160.59, 315.2246, 169.935, 238.25, 95.87, 30.03, 63.287, 125.98, 63.2451, 87.5, , , , , 
1/31/2020 12:38:22 PM, 3230.25, 9026, 1614.7, 322.49, 219.78, 160.59, 315.2246, 169.935, 238.25, 95.87, 30.03, 63.287, 125.98, 63.2451, 87.5, , , , , 
1/31/2020 12:38:25 PM, 3230, 9025, 1614.6, 322.4377, 219.72, 160.55, 315.01, 169.93, 238.1, 95.85, 30.03, 63.285, 125.96, 63.2451, 87.5, , , , , 
1/31/2020 12:38:28 PM, 3229.75, 9024, 1614.2, 322.4377, 219.72, 160.55, 315.01, 169.93, 238.1, 95.85, 30.03, 63.285, 125.96, 63.2451, 87.5, , , , , 
1/31/2020 12:38:31 PM, 3230, 9024.75, 1614.3, 322.49, 219.745, 160.57, 315.08, 169.9885, 238.12, 95.86, 30.03, 63.28, 125.96, 63.2451, 87.5, , , , , 
1/31/2020 12:38:34 PM, 3230.25, 9026, 1614.6, 322.49, 219.745, 160.57, 315.08, 169.9885, 238.12, 95.86, 30.03, 63.28, 125.96, 63.2451, 87.5, , , , , 
1/31/2020 12:38:37 PM, 3230.5, 9026.5, 1614.8, 322.52, 219.76, 160.5712, 315.2, 169.97, 238.11, 95.875, 30.03, 63.285, 125.97, 63.2451, 87.505, , , , , 
1/31/2020 12:38:40 PM, 3230.75, 9027, 1614.8, 322.52, 219.76, 160.5712, 315.2, 169.97, 238.11, 95.875, 30.03, 63.285, 125.97, 63.2451, 87.505, , , , , 
1/31/2020 12:38:43 PM, 3230.25, 9025.5, 1614.8, 322.53, 219.7322, 160.58, 315.09, 169.98, 238.19, 95.88, 30.035, 63.285, 125.97, 63.2451, 87.51, , , , , 
1/31/2020 12:38:46 PM, 3230.75, 9026.75, 1614.8, 322.53, 219.7322, 160.58, 315.09, 169.98, 238.19, 95.88, 30.035, 63.285, 125.97, 63.2451, 87.51, , , , , 
1/31/2020 12:38:49 PM, 3230.75, 9026, 1614.8, 322.5, 219.75, 160.57, 315.083, 169.965, 238.14, 95.8636, 30.04, 63.29, 125.97, 63.2451, 87.505, , , , , 
1/31/2020 12:38:52 PM, 3230.25, 9024.75, 1614.7, 322.5, 219.75, 160.57, 315.083, 169.965, 238.14, 95.8636, 30.04, 63.29, 125.97, 63.2451, 87.505, , , , , 
1/31/2020 12:38:55 PM, 3230.5, 9025.5, 1614.6, 322.52, 219.75, 160.59, 315.04, 169.98, 238.2, 95.87, 30.04, 63.29, 125.97, 63.2451, 87.51, , , , , 
1/31/2020 12:38:58 PM, 3230.75, 9026.5, 1614.8, 322.52, 219.75, 160.59, 315.04, 169.98, 238.2, 95.87, 30.04, 63.29, 125.97, 63.2451, 87.51, , , , , 
1/31/2020 12:39:01 PM, 3230.25, 9024.75, 1614.5, 322.39, 219.69, 160.53, 314.9654, 169.9, 238.08, 95.84, 30.02, 63.275, 125.93, 63.2451, 87.51, , , , , 
1/31/2020 12:39:04 PM, 3229.25, 9022.5, 1614.3, 322.39, 219.69, 160.53, 314.9654, 169.9, 238.08, 95.84, 30.02, 63.275, 125.93, 63.2451, 87.51, , , , , 
1/31/2020 12:39:07 PM, 3229.25, 9023.25, 1614.1, 322.375, 219.685, 160.52, 314.96, 169.91, 238.08, 95.83, 30.0261, 63.265, 125.92, 63.2451, 87.5, , , , , 
1/31/2020 12:39:10 PM, 3229.25, 9022.5, 1614.2, 322.38, 219.66, 160.53, 314.9, 169.89, 238.01, 95.82, 30.02, 63.265, 125.92, 63.2451, 87.5, , , , , 
1/31/2020 12:39:13 PM, 3229.25, 9022.5, 1614.2, 322.38, 219.66, 160.52, 314.8546, 169.86, 238.02, 95.82, 30.02, 63.265, 125.91, 63.2451, 87.5, , , , , 
1/31/2020 12:39:16 PM, 3229.5, 9024.5, 1614.5, 322.4, 219.68, 160.55, 314.9194, 169.9, 238.13, 95.825, 30.02, 63.265, 125.91, 63.2451, 87.5, , , , , 
1/31/2020 12:39:19 PM, 3229.5, 9024.5, 1614.5, 322.37, 219.68, 160.53, 314.965, 169.895, 238.11, 95.84, 30.02, 63.26, 125.92, 63.2451, 87.5, , , , , 
1/31/2020 12:39:22 PM, 3229.25, 9022.75, 1614.3, 322.35, 219.6834, 160.52, 314.9651, 169.88, 238.1532, 95.84, 30.02, 63.26, 125.91, 63.2451, 87.5, , , , , 
1/31/2020 12:39:25 PM, 3229.25, 9022.75, 1614.3, 322.37, 219.67, 160.54, 314.95, 169.88, 238.11, 95.83, 30.02, 63.26, 125.91, 63.2451, 87.5, , , , , 
1/31/2020 12:39:28 PM, 3229, 9022.25, 1614.3, 322.37, 219.67, 160.54, 314.95, 169.88, 238.11, 95.83, 30.02, 63.26, 125.91, 63.2451, 87.5, , , , , 
1/31/2020 12:39:31 PM, 3229, 9022.5, 1614.3, 322.38, 219.66, 160.54, 314.9191, 169.89, 238.0977, 95.84, 30.02, 63.26, 125.91, 63.2451, 87.495, , , , , 
1/31/2020 12:39:34 PM, 3229, 9023, 1614.2, 322.38, 219.67, 160.52, 314.97, 169.88, 238.1, 95.8344, 30.02, 63.26, 125.91, 63.2451, 87.495, , , , , 
1/31/2020 12:39:37 PM, 3229, 9023, 1614.2, 322.39, 219.68, 160.53, 314.9999, 169.87, 238.09, 95.8344, 30.02, 63.25, 125.91, 63.2451, 87.495, , , , , 
1/31/2020 12:39:40 PM, 3229.5, 9023.5, 1614.1, 322.43, 219.7108, 160.53, 315.0498, 169.9004, 238.13, 95.85, 30.02, 63.26, 125.92, 63.2451, 87.5, , , , , 
1/31/2020 12:39:43 PM, 3229.5, 9023.5, 1614.1, 322.415, 219.69, 160.51, 315.0498, 169.89, 238.02, 95.85, 30.02, 63.27, 125.92, 63.2451, 87.5, , , , , 
1/31/2020 12:39:46 PM, 3229.75, 9024.75, 1614.3, 322.445, 219.7, 160.54, 315.0414, 169.92, 238.18, 95.868, 30.02, 63.275, 125.92, 63.2451, 87.505, , , , , 
1/31/2020 12:39:49 PM, 3229.75, 9024.75, 1614.3, 322.381, 219.68, 160.53, 315.0101, 169.895, 238.13, 95.85, 30.015, 63.275, 125.91, 63.2451, 87.5, , , , , 
1/31/2020 12:39:52 PM, 3229.25, 9022.5, 1614, 322.38, 219.6608, 160.51, 314.9862, 169.88, 238.13, 95.85, 30.02, 63.275, 125.91, 63.2451, 87.5, , , , , 
1/31/2020 12:39:55 PM, 3229.25, 9022.5, 1614, 322.4, 219.67, 160.52, 314.9743, 169.91, 238.05, 95.86, 30.015, 63.26, 125.91, 63.2451, 87.5, , , , , 
1/31/2020 12:39:58 PM, 3229, 9022.25, 1614.1, 322.38, 219.66, 160.52, 314.9694, 169.8954, 238.0912, 95.8463, 30.02, 63.265, 125.91, 63.2451, 87.5, , , , , 
1/31/2020 12:40:01 PM, 3229, 9022.25, 1614.1, 322.32, 219.64, 160.49, 314.91, 169.88, 238.15, 95.84, 30.01, 63.26, 125.9, 63.2451, 87.49, , , , , 
1/31/2020 12:40:04 PM, 3228, 9019.75, 1613.7, 322.29, 219.63, 160.48, 314.8301, 169.8586, 237.9608, 95.82, 30.005, 63.25, 125.88, 63.2451, 87.49, , , , , 
1/31/2020 12:40:07 PM, 3228, 9019.75, 1613.7, 322.295, 219.63, 160.51, 314.8391, 169.85, 238.07, 95.82, 30.01, 63.25, 125.88, 63.2451, 87.49, , , , , 
1/31/2020 12:40:10 PM, 3228, 9019.75, 1613.7, 322.29, 219.61, 160.5, 314.81, 169.84, 238.1, 95.81, 30.01, 63.25, 125.88, 63.2451, 87.49, , , , , 
1/31/2020 12:40:13 PM, 3228, 9019.75, 1613.7, 322.3, 219.6, 160.49, 314.76, 169.83, 238.1, 95.81, 30.01, 63.25, 125.87, 63.2451, 87.49, , , , , 
1/31/2020 12:40:16 PM, 3228.75, 9021.25, 1614.1, 322.33, 219.63, 160.52, 314.83, 169.86, 238.04, 95.82, 30.01, 63.25, 125.878, 63.2451, 87.49, , , , , 
1/31/2020 12:40:20 PM, 3228.75, 9021.25, 1614.1, 322.32, 219.62, 160.52, 314.79, 169.855, 238.04, 95.82, 30.01, 63.255, 125.87, 63.2451, 87.49, , , , , 
1/31/2020 12:40:23 PM, 3228.5, 9020.25, 1613.9, 322.31, 219.62, 160.4905, 314.77, 169.8601, 238.04, 95.82, 30.015, 63.255, 125.87, 63.2451, 87.49, , , , , 
1/31/2020 12:40:26 PM, 3228.5, 9020.25, 1613.9, 322.27, 219.6, 160.48, 314.7, 169.85, 238.02, 95.81, 30.01, 63.255, 125.86, 63.2451, 87.4999, , , , , 
1/31/2020 12:40:29 PM, 3228.5, 9020, 1613.8, 322.3, 219.59, 160.49, 314.755, 169.85, 238.02, 95.82, 30.01, 63.255, 125.86, 63.2451, 87.4999, , , , , 
1/31/2020 12:40:32 PM, 3228.25, 9019.75, 1613.5, 322.29, 219.5905, 160.48, 314.76, 169.855, 238.02, 95.82, 30.01, 63.255, 125.86, 63.2451, 87.49, , , , , 
1/31/2020 12:40:35 PM, 3228.75, 9021, 1613.7, 322.33, 219.62, 160.5, 314.8, 169.88, 238, 95.82, 30.01, 63.255, 125.85, 63.2451, 87.485, , , , , 
1/31/2020 12:40:38 PM, 3228.75, 9021, 1613.7, 322.325, 219.67, 160.51, 314.83, 169.8934, 238.07, 95.83, 30.02, 63.26, 125.86, 63.2451, 87.5, , , , , 
1/31/2020 12:40:41 PM, 3228.5, 9020.25, 1613.5, 322.31, 219.6096, 160.47, 314.7621, 169.8545, 237.96, 95.82, 30.015, 63.255, 125.85, 63.2451, 87.5, , , , , 
1/31/2020 12:40:44 PM, 3228.5, 9020.25, 1613.5, 322.285, 219.6, 160.45, 314.78, 169.855, 237.915, 95.81, 30.01, 63.255, 125.84, 63.2451, 87.485, , , , , 
1/31/2020 12:40:47 PM, 3227.5, 9018.25, 1613.2, 322.26, 219.59, 160.43, 314.8097, 169.84, 237.915, 95.8, 30.01, 63.25, 125.83, 63.2451, 87.48, , , , , 
1/31/2020 12:40:50 PM, 3227.5, 9018.25, 1613.2, 322.25, 219.59, 160.44, 314.715, 169.8693, 237.92, 95.7921, 30.0025, 63.235, 125.83, 63.2451, 87.48, , , , , 
1/31/2020 12:40:53 PM, 3228.25, 9020.5, 1613.6, 322.265, 219.61, 160.46, 314.74, 169.88, 237.92, 95.8035, 30.0025, 63.235, 125.83, 63.2451, 87.48, , , , , 
1/31/2020 12:40:56 PM, 3228.25, 9020.5, 1613.6, 322.33, 219.655, 160.5, 314.84, 169.9316, 238.01, 95.8035, 30.005, 63.25, 125.86, 63.2451, 87.48, , , , , 
1/31/2020 12:40:59 PM, 3228.25, 9021, 1613, 322.31, 219.64, 160.46, 314.8311, 169.91, 238.02, 95.82, 30.015, 63.25, 125.86, 63.2451, 87.48, , , , , 
1/31/2020 12:41:02 PM, 3228.25, 9021, 1613, 322.28, 219.62, 160.43, 314.79, 169.9, 238.02, 95.81, 30.005, 63.25, 125.85, 63.2451, 87.485, , , , , 
1/31/2020 12:41:05 PM, 3228.25, 9021.25, 1613.4, 322.28, 219.63, 160.44, 314.76, 169.905, 237.965, 95.81, 30.005, 63.25, 125.86, 63.2451, 87.485, , , , , 
1/31/2020 12:41:08 PM, 3228.25, 9021.25, 1613.4, 322.25, 219.615, 160.42, 314.73, 169.8934, 237.91, 95.8, 30.0001, 63.24, 125.85, 63.2451, 87.49, , , , , 
1/31/2020 12:41:11 PM, 3228, 9021.25, 1613.4, 322.265, 219.63, 160.45, 314.74, 169.9, 237.9353, 95.81, 30, 63.24, 125.85, 63.2451, 87.485, , , , , 
1/31/2020 12:41:14 PM, 3228, 9021.5, 1613.3, 322.25, 219.64, 160.44, 314.755, 169.91, 237.9899, 95.81, 30, 63.24, 125.86, 63.2451, 87.485, , , , , 
1/31/2020 12:41:17 PM, 3227.5, 9020.5, 1613.1, 322.23, 219.62, 160.42, 314.76, 169.91, 237.9899, 95.8, 30, 63.24, 125.86, 63.2451, 87.485, , , , , 
1/31/2020 12:41:20 PM, 3227.5, 9020.5, 1613.1, 322.24, 219.61, 160.41, 314.795, 169.91, 237.9193, 95.8, 30, 63.24, 125.85, 63.2451, 87.485, , , , , 
1/31/2020 12:41:23 PM, 3228, 9022, 1613.3, 322.28, 219.64, 160.44, 314.82, 169.91, 237.8758, 95.81, 30, 63.24, 125.86, 63.2451, 87.485, , , , , 
1/31/2020 12:41:26 PM, 3228, 9022, 1613.3, 322.29, 219.65, 160.4211, 314.85, 169.93, 237.95, 95.8136, 30, 63.24, 125.86, 63.2451, 87.485, , , , , 
1/31/2020 12:41:29 PM, 3228.5, 9023.5, 1613.3, 322.32, 219.6887, 160.45, 314.95, 169.9647, 237.955, 95.83, 30.01, 63.245, 125.87, 63.2451, 87.49, , , , , 
1/31/2020 12:41:32 PM, 3228.75, 9024.75, 1613.6, 322.33, 219.71, 160.47, 315.0089, 169.9998, 237.955, 95.85, 30.01, 63.25, 125.87, 63.2451, 87.495, , , , , 
1/31/2020 12:41:35 PM, 3228.75, 9024.5, 1613.5, 322.34, 219.71, 160.47, 314.96, 169.98, 237.955, 95.84, 30.01, 63.255, 125.87, 63.2451, 87.495, , , , , 
1/31/2020 12:41:38 PM, 3228.5, 9024.75, 1613.5, 322.33, 219.7046, 160.46, 314.8905, 169.98, 237.9634, 95.83, 30.005, 63.25, 125.87, 63.2451, 87.495, , , , , 
1/31/2020 12:41:41 PM, 3228.75, 9025, 1613.5, 322.335, 219.7178, 160.47, 314.92, 169.985, 237.9634, 95.83, 30.005, 63.25, 125.8739, 63.2451, 87.495, , , , , 
1/31/2020 12:41:44 PM, 3229, 9025.25, 1613.7, 322.36, 219.73, 160.49, 314.97, 170.02, 238.07, 95.85, 30.01, 63.25, 125.88, 63.2451, 87.5, , , , , 
1/31/2020 12:41:47 PM, 3229.25, 9025.25, 1614, 322.37, 219.73, 160.49, 314.945, 170.01, 238.08, 95.85, 30.0199, 63.26, 125.89, 63.2451, 87.505, , , , , 
1/31/2020 12:41:50 PM, 3229.25, 9025.5, 1614, 322.39, 219.73, 160.5, 314.9349, 170, 238.059, 95.85, 30.0199, 63.26, 125.89, 63.2451, 87.505, , , , , 
1/31/2020 12:41:53 PM, 3229.75, 9027.5, 1614.4, 322.45, 219.77, 160.51, 314.97, 170.03, 238.14, 95.86, 30.02, 63.28, 125.9, 63.2451, 87.505, , , , , 
1/31/2020 12:41:56 PM, 3229.75, 9026.5, 1614.3, 322.43, 219.7702, 160.53, 315.0016, 170.03, 238.1999, 95.86, 30.02, 63.28, 125.89, 63.2451, 87.505, , , , , 
1/31/2020 12:41:59 PM, 3228.75, 9024.5, 1613.9, 322.37, 219.73, 160.5, 314.94, 170.01, 238.11, 95.86, 30.015, 63.27, 125.87, 63.2451, 87.505, , , , , 
1/31/2020 12:42:02 PM, 3228.75, 9024.5, 1613.8, 322.35, 219.72, 160.49, 314.93, 170, 238.12, 95.86, 30.01, 63.2699, 125.855, 63.2451, 87.5, , , , , 
1/31/2020 12:42:05 PM, 3228.25, 9023.75, 1613.8, 322.3099, 219.7, 160.4799, 314.8861, 169.97, 238.03, 95.85, 30.01, 63.26, 125.855, 63.2451, 87.49, , , , , 
1/31/2020 12:42:08 PM, 3228.5, 9023.25, 1613.8, 322.315, 219.68, 160.49, 314.84, 169.95, 238.11, 95.84, 30.01, 63.26, 125.84, 63.2451, 87.49, , , , , 
1/31/2020 12:42:11 PM, 3228.5, 9024, 1613.8, 322.32, 219.69, 160.49, 314.92, 169.97, 238.12, 95.84, 30.01, 63.26, 125.855, 63.2451, 87.495, , , , , 
1/31/2020 12:42:14 PM, 3229, 9025.25, 1614.1, 322.37, 219.72, 160.52, 314.91, 170.01, 238.13, 95.86, 30.01, 63.27, 125.85, 63.2451, 87.5, , , , , 
1/31/2020 12:42:17 PM, 3229.25, 9025.75, 1614.1, 322.39, 219.7399, 160.52, 314.9662, 170.04, 238.1199, 95.86, 30.01, 63.27, 125.87, 63.2451, 87.5, , , , , 
1/31/2020 12:42:20 PM, 3229.5, 9027.25, 1614.2, 322.4036, 219.77, 160.52, 315.03, 170.08, 238.2, 95.89, 30.01, 63.2634, 125.87, 63.2451, 87.5, , , , , 
1/31/2020 12:42:24 PM, 3229.75, 9027.75, 1614.3, 322.44, 219.79, 160.54, 315.05, 170.1, 238.2, 95.89, 30.02, 63.275, 125.88, 63.2451, 87.5, , , , , 
1/31/2020 12:42:27 PM, 3230.5, 9028.75, 1614.5, 322.49, 219.8, 160.57, 315.06, 170.109, 238.29, 95.91, 30.02, 63.28, 125.9, 63.2451, 87.51, , , , , 
1/31/2020 12:42:30 PM, 3231.5, 9032.25, 1614.9, 322.609, 219.88, 160.61, 315.18, 170.18, 238.37, 95.96, 30.035, 63.29, 125.915, 63.2451, 87.52, , , , , 
1/31/2020 12:42:33 PM, 3231.5, 9032.75, 1614.9, 322.61, 219.92, 160.6, 315.22, 170.22, 238.38, 95.9656, 30.035, 63.3, 125.93, 63.2451, 87.52, , , , , 
1/31/2020 12:42:36 PM, 3231.5, 9033, 1615.1, 322.615, 219.89, 160.61, 315.2157, 170.24, 238.33, 95.96, 30.0315, 63.295, 125.92, 63.2451, 87.51, , , , , 
1/31/2020 12:42:39 PM, 3231.5, 9032.5, 1615, 322.61, 219.91, 160.61, 315.22, 170.2131, 238.3794, 95.97, 30.035, 63.295, 125.92, 63.2451, 87.5264, , , , , 
1/31/2020 12:42:42 PM, 3231.75, 9033.75, 1615.2, 322.64, 219.94, 160.63, 315.36, 170.24, 238.41, 95.98, 30.04, 63.3, 125.93, 63.2451, 87.52, , , , , 
1/31/2020 12:42:45 PM, 3231.5, 9033, 1615, 322.62, 219.94, 160.63, 315.3312, 170.23, 238.36, 95.97, 30.03, 63.3, 125.93, 63.2451, 87.52, , , , , 
1/31/2020 12:42:48 PM, 3230.75, 9030.5, 1614.7, 322.57, 219.915, 160.6, 315.3061, 170.19, 238.34, 95.95, 30.03, 63.29, 125.92, 63.2451, 87.515, , , , , 
1/31/2020 12:42:51 PM, 3230.25, 9030, 1614.5, 322.54, 219.85, 160.5564, 315.19, 170.135, 238.34, 95.93, 30.03, 63.29, 125.89, 63.2451, 87.515, , , , , 
1/31/2020 12:42:54 PM, 3230.5, 9030.75, 1614.6, 322.53, 219.85, 160.56, 315.18, 170.145, 238.34, 95.93, 30.02, 63.285, 125.88, 63.2451, 87.515, , , , , 
1/31/2020 12:42:57 PM, 3230.25, 9030.5, 1614.6, 322.53, 219.86, 160.55, 315.23, 170.13, 238.2924, 95.935, 30.025, 63.2892, 125.88, 63.2451, 87.515, , , , , 
1/31/2020 12:43:00 PM, 3230.5, 9030, 1614.5, 322.5, 219.85, 160.58, 315.2453, 170.1646, 238.2768, 95.936, 30.02, 63.285, 125.87, 63.2451, 87.515, , , , , 
1/31/2020 12:43:03 PM, 3230.5, 9030, 1614.4, 322.5, 219.84, 160.58, 315.22, 170.17, 238.2768, 95.925, 30.0261, 63.285, 125.87, 63.2451, 87.515, , , , , 
1/31/2020 12:43:06 PM, 3230, 9028.75, 1614.4, 322.48, 219.83, 160.56, 315.19, 170.15, 238.24, 95.92, 30.02, 63.28, 125.86, 63.2451, 87.51, , , , , 
1/31/2020 12:43:09 PM, 3230, 9028.75, 1614.3, 322.45, 219.7978, 160.52, 315.13, 170.1, 238.195, 95.91, 30.02, 63.27, 125.84, 63.2451, 87.51, , , , , 
1/31/2020 12:43:12 PM, 3229.75, 9027.25, 1614.3, 322.44, 219.8, 160.52, 315.1776, 170.11, 238.235, 95.91, 30.015, 63.27, 125.84, 63.2451, 87.505, , , , , 
1/31/2020 12:43:15 PM, 3229.5, 9027, 1614.1, 322.42, 219.77, 160.52, 315.165, 170.09, 238.25, 95.91, 30.015, 63.27, 125.82, 63.2451, 87.505, , , , , 
1/31/2020 12:43:18 PM, 3229, 9026, 1613.8, 322.39, 219.76, 160.5, 315.0999, 170.0724, 238.25, 95.89, 30.01, 63.27, 125.815, 63.2451, 87.5, , , , , 
1/31/2020 12:43:21 PM, 3229, 9025.75, 1613.8, 322.38, 219.73, 160.48, 315.04, 170.06, 238.15, 95.89, 30.005, 63.265, 125.81, 63.2451, 87.5, , , , , 
1/31/2020 12:43:24 PM, 3229.25, 9025.75, 1613.9, 322.4, 219.74, 160.5, 315.0214, 170.08, 238.15, 95.88, 30.005, 63.265, 125.81, 63.2451, 87.495, , , , , 
1/31/2020 12:43:27 PM, 3229.25, 9026.25, 1613.9, 322.39, 219.76, 160.5, 315.09, 170.0992, 238.1681, 95.89, 30.01, 63.265, 125.81, 63.2451, 87.495, , , , , 
1/31/2020 12:43:30 PM, 3229, 9025.5, 1613.8, 322.36, 219.74, 160.49, 315.04, 170.09, 238.14, 95.89, 30.005, 63.265, 125.8, 63.2451, 87.495, , , , , 
1/31/2020 12:43:33 PM, 3228.75, 9025.75, 1613.9, 322.365, 219.74, 160.48, 315.03, 170.0887, 238.0953, 95.875, 30.01, 63.26, 125.79, 63.2451, 87.495, , , , , 
1/31/2020 12:43:36 PM, 3229.25, 9026, 1613.8, 322.3856, 219.75, 160.5, 315.0558, 170.11, 238.1104, 95.8899, 30.01, 63.26, 125.8, 63.2451, 87.495, , , , , 
1/31/2020 12:43:39 PM, 3229.75, 9027, 1614, 322.44, 219.77, 160.51, 315.165, 170.1475, 238.15, 95.885, 30.015, 63.275, 125.82, 63.2451, 87.495, , , , , 
1/31/2020 12:43:42 PM, 3229.75, 9027.5, 1614, 322.48, 219.79, 160.52, 315.17, 170.16, 238.13, 95.91, 30.015, 63.28, 125.84, 63.2451, 87.5, , , , , 
1/31/2020 12:43:45 PM, 3230, 9028.25, 1614.1, 322.48, 219.79, 160.52, 315.17, 170.16, 238.13, 95.91, 30.015, 63.28, 125.84, 63.2451, 87.5, , , , , 
1/31/2020 12:43:48 PM, 3230.75, 9030, 1614.3, 322.59, 219.87, 160.55, 315.253, 170.2, 238.25, 95.95, 30.025, 63.3, 125.87, 63.2451, 87.51, , , , , 
1/31/2020 12:43:51 PM, 3231.25, 9032, 1614.4, 322.59, 219.87, 160.55, 315.253, 170.2, 238.25, 95.95, 30.025, 63.3, 125.87, 63.2451, 87.51, , , , , 
1/31/2020 12:43:54 PM, 3232, 9034, 1614.6, 322.68, 219.935, 160.58, 315.3991, 170.23, 238.4356, 95.97, 30.04, 63.32, 125.92, 63.2451, 87.52, , , , , 
1/31/2020 12:43:57 PM, 3232, 9034, 1614.6, 322.68, 219.935, 160.58, 315.3991, 170.23, 238.4356, 95.97, 30.04, 63.32, 125.92, 63.2451, 87.52, , , , , 
1/31/2020 12:44:00 PM, 3233.5, 9037.5, 1615.4, 322.76, 220.01, 160.66, 315.3293, 170.3, 238.61, 95.99, 30.05, 63.33, 125.97, 63.2451, 87.53, , , , , 
1/31/2020 12:44:03 PM, 3233.25, 9036.25, 1615.4, 322.76, 220.01, 160.66, 315.3293, 170.3, 238.61, 95.99, 30.05, 63.33, 125.97, 63.2451, 87.53, , , , , 
1/31/2020 12:44:06 PM, 3233.5, 9037.25, 1615.6, 322.84, 220.07, 160.68, 315.45, 170.39, 238.74, 96.02, 30.06, 63.34, 125.99, 63.2451, 87.54, , , , , 
1/31/2020 12:44:09 PM, 3233.75, 9037.75, 1615.5, 322.84, 220.07, 160.68, 315.45, 170.39, 238.74, 96.02, 30.06, 63.34, 125.99, 63.2451, 87.54, , , , , 
1/31/2020 12:44:12 PM, 3233.5, 9037.75, 1615.4, 322.77, 220.04, 160.64, 315.4268, 170.33, 238.6116, 96.01, 30.05, 63.33, 125.99, 63.2451, 87.54, , , , , 
1/31/2020 12:44:15 PM, 3233, 9036.25, 1615.2, 322.77, 220.04, 160.64, 315.4268, 170.33, 238.6116, 96.01, 30.05, 63.33, 125.99, 63.2451, 87.54, , , , , 
1/31/2020 12:44:18 PM, 3234.25, 9042.25, 1616.1, 322.9, 220.08, 160.71, 315.48, 170.38, 238.67, 96.04, 30.05, 63.34, 126.03, 63.2451, 87.54, , , , , 
1/31/2020 12:44:21 PM, 3234.25, 9042.25, 1616.1, 322.9, 220.08, 160.71, 315.48, 170.38, 238.67, 96.04, 30.05, 63.34, 126.03, 63.2451, 87.54, , , , , 
1/31/2020 12:44:24 PM, 3233.75, 9039, 1615.5, 322.82, 220.06, 160.67, 315.4548, 170.36, 238.78, 96.02, 30.05, 63.345, 126, 63.2451, 87.54, , , , , 
1/31/2020 12:44:27 PM, 3233.5, 9038.25, 1615.5, 322.82, 220.06, 160.67, 315.4548, 170.36, 238.78, 96.02, 30.05, 63.345, 126, 63.2451, 87.54, , , , , 
1/31/2020 12:44:30 PM, 3233.75, 9040.25, 1615.7, 322.84, 220.09, 160.675, 315.54, 170.42, 238.6699, 96.03, 30.05, 63.34, 126, 63.2451, 87.54, , , , , 
1/31/2020 12:44:33 PM, 3233.75, 9039.25, 1615.6, 322.84, 220.09, 160.675, 315.54, 170.42, 238.6699, 96.03, 30.05, 63.34, 126, 63.2451, 87.54, , , , , 
1/31/2020 12:44:37 PM, 3234.5, 9043, 1615.9, 322.97, 220.18, 160.72, 315.56, 170.49, 238.78, 96.08, 30.07, 63.35, 126.06, 63.2451, 87.5525, , , , , 
1/31/2020 12:44:40 PM, 3235, 9043.75, 1616.1, 322.97, 220.18, 160.72, 315.56, 170.49, 238.78, 96.08, 30.07, 63.35, 126.06, 63.2451, 87.5525, , , , , 
1/31/2020 12:44:43 PM, 3235, 9043.5, 1616.1, 322.96, 220.14, 160.73, 315.51, 170.4699, 238.695, 96.055, 30.06, 63.35, 126.04, 63.2451, 87.545, , , , , 
1/31/2020 12:44:46 PM, 3235, 9043.5, 1616.3, 322.96, 220.14, 160.73, 315.51, 170.4699, 238.695, 96.055, 30.06, 63.35, 126.04, 63.2451, 87.545, , , , , 
1/31/2020 12:44:49 PM, 3235.75, 9045.75, 1616.5, 323.06, 220.2499, 160.77, 315.73, 170.5381, 238.89, 96.09, 30.075, 63.37, 126.09, 63.2451, 87.56, , , , , 
1/31/2020 12:44:52 PM, 3235.75, 9045.75, 1616.5, 323.06, 220.2499, 160.77, 315.73, 170.5381, 238.89, 96.09, 30.075, 63.37, 126.09, 63.2451, 87.56, , , , , 
1/31/2020 12:44:55 PM, 3236, 9045.5, 1616.5, 322.97, 220.16, 160.75, 315.56, 170.49, 238.83, 96.07, 30.07, 63.37, 126.057, 63.2451, 87.56, , , , , 
1/31/2020 12:44:58 PM, 3235, 9042.5, 1616.1, 322.97, 220.16, 160.75, 315.56, 170.49, 238.83, 96.07, 30.07, 63.37, 126.057, 63.2451, 87.56, , , , , 
1/31/2020 12:45:01 PM, 3236.25, 9045, 1616.3, 323.07, 220.235, 160.75, 315.6105, 170.55, 238.82, 96.0999, 30.08, 63.38, 126.09, 63.2451, 87.56, , , , , 
1/31/2020 12:45:04 PM, 3235.75, 9044.75, 1616.3, 323.07, 220.235, 160.75, 315.6105, 170.55, 238.82, 96.0999, 30.08, 63.38, 126.09, 63.2451, 87.56, , , , , 
1/31/2020 12:45:07 PM, 3235, 9042.25, 1615.8, 322.89, 220.07, 160.64, 315.34, 170.44, 238.63, 96.03, 30.06, 63.355, 126.01, 63.2451, 87.54, , , , , 
1/31/2020 12:45:10 PM, 3234, 9038, 1615.1, 322.89, 220.07, 160.64, 315.34, 170.44, 238.63, 96.03, 30.06, 63.355, 126.01, 63.2451, 87.54, , , , , 
1/31/2020 12:45:13 PM, 3234, 9038.25, 1615.2, 322.9, 220.08, 160.65, 315.45, 170.44, 238.595, 96.04, 30.0663, 63.36, 126.01, 63.2451, 87.5539, , , , , 
1/31/2020 12:45:16 PM, 3234.5, 9040.75, 1615.5, 322.9, 220.08, 160.65, 315.45, 170.44, 238.595, 96.04, 30.0663, 63.36, 126.01, 63.2451, 87.5539, , , , , 
1/31/2020 12:45:19 PM, 3234.5, 9040, 1615.4, 322.86, 220.06, 160.64, 315.43, 170.44, 238.5956, 96.03, 30.06, 63.36, 125.99, 63.2451, 87.55, , , , , 
1/31/2020 12:45:22 PM, 3233.75, 9038.25, 1615.3, 322.86, 220.06, 160.64, 315.43, 170.44, 238.5956, 96.03, 30.06, 63.36, 125.99, 63.2451, 87.55, , , , , 
1/31/2020 12:45:25 PM, 3234.75, 9040.5, 1615.6, 322.91, 220.0489, 160.66, 315.42, 170.41, 238.4518, 96.03, 30.06, 63.36, 125.98, 63.2451, 87.55, , , , , 
1/31/2020 12:45:28 PM, 3234.75, 9040.5, 1615.6, 322.91, 220.0489, 160.66, 315.42, 170.41, 238.4518, 96.03, 30.06, 63.36, 125.98, 63.2451, 87.55, , , , , 
1/31/2020 12:45:31 PM, 3234.5, 9039.75, 1615.8, 323, 220.13, 160.72, 315.56, 170.49, 238.645, 96.06, 30.07, 63.375, 126.04, 63.2451, 87.56, , , , , 
1/31/2020 12:45:34 PM, 3235, 9041.75, 1616.1, 323, 220.13, 160.72, 315.56, 170.49, 238.645, 96.06, 30.07, 63.375, 126.04, 63.2451, 87.56, , , , , 
1/31/2020 12:45:37 PM, 3235, 9041, 1616, 322.9801, 220.14, 160.71, 315.5, 170.51, 238.74, 96.06, 30.07, 63.375, 126.03, 63.2451, 87.56, , , , , 
1/31/2020 12:45:40 PM, 3234.75, 9040.75, 1616, 322.9801, 220.14, 160.71, 315.5, 170.51, 238.74, 96.06, 30.07, 63.375, 126.03, 63.2451, 87.56, , , , , 
1/31/2020 12:45:43 PM, 3234.25, 9038.25, 1616, 322.89, 220.07, 160.7, 315.39, 170.44, 238.59, 96.02, 30.06, 63.37, 126.01, 63.2451, 87.56, , , , , 
1/31/2020 12:45:46 PM, 3234.25, 9038.25, 1616, 322.89, 220.07, 160.7, 315.39, 170.44, 238.59, 96.02, 30.06, 63.37, 126.01, 63.2451, 87.56, , , , , 
1/31/2020 12:45:49 PM, 3234, 9038.5, 1616, 322.88, 220.06, 160.71, 315.37, 170.41, 238.63, 96.01, 30.06, 63.37, 125.99, 63.2451, 87.56, , , , , 
1/31/2020 12:45:52 PM, 3234, 9039, 1616, 322.88, 220.06, 160.71, 315.37, 170.41, 238.63, 96.01, 30.06, 63.37, 125.99, 63.2451, 87.56, , , , , 
1/31/2020 12:45:55 PM, 3234.25, 9038.25, 1616, 322.91, 220.06, 160.73, 315.3647, 170.42, 238.63, 96.02, 30.065, 63.37, 126, 63.2451, 87.56, , , , , 
1/31/2020 12:45:58 PM, 3234.25, 9039.75, 1616.3, 322.91, 220.06, 160.73, 315.3647, 170.42, 238.63, 96.02, 30.065, 63.37, 126, 63.2451, 87.56, , , , , 
1/31/2020 12:46:01 PM, 3234.25, 9038.75, 1616.3, 322.82, 220.02, 160.68, 315.24, 170.41, 238.52, 95.99, 30.06, 63.3761, 125.97, 63.2451, 87.55, , , , , 
1/31/2020 12:46:04 PM, 3233.5, 9036.75, 1615.9, 322.82, 220.02, 160.68, 315.24, 170.41, 238.52, 95.99, 30.06, 63.3761, 125.97, 63.2451, 87.55, , , , , 
1/31/2020 12:46:07 PM, 3233.75, 9037, 1616.1, 322.83, 220.01, 160.7, 315.3407, 170.39, 238.51, 95.995, 30.0548, 63.375, 125.952, 63.2451, 87.54, , , , , 
1/31/2020 12:46:10 PM, 3233.5, 9036.25, 1616, 322.82, 220.01, 160.7, 315.3399, 170.39, 238.525, 95.99, 30.06, 63.375, 125.97, 63.2451, 87.54, , , , , 
1/31/2020 12:46:13 PM, 3233.5, 9036.25, 1616, 322.78, 219.98, 160.7, 315.22, 170.361, 238.48, 95.98, 30.05, 63.38, 125.95, 63.2451, 87.54, , , , , 
1/31/2020 12:46:16 PM, 3232.75, 9033.5, 1615.6, 322.75, 219.93, 160.6602, 315.1583, 170.3395, 238.39, 95.96, 30.05, 63.375, 125.93, 63.2451, 87.54, , , , , 
1/31/2020 12:46:19 PM, 3232.5, 9033.75, 1615.7, 322.73, 219.92, 160.67, 315.21, 170.3546, 238.39, 95.965, 30.05, 63.375, 125.93, 63.2451, 87.54, , , , , 
1/31/2020 12:46:22 PM, 3232, 9032, 1615.3, 322.67, 219.92, 160.63, 315.15, 170.33, 238.3786, 95.95, 30.04, 63.37, 125.91, 63.2451, 87.54, , , , , 
1/31/2020 12:46:25 PM, 3232.25, 9033, 1615.5, 322.68, 219.915, 160.63, 315.16, 170.34, 238.37, 95.96, 30.04, 63.37, 125.91, 63.2451, 87.54, , , , , 
1/31/2020 12:46:28 PM, 3232.25, 9033.25, 1615.5, 322.69, 219.89, 160.64, 315.12, 170.3109, 238.31, 95.95, 30.035, 63.36, 125.91, 63.2451, 87.535, , , , , 
1/31/2020 12:46:31 PM, 3232.25, 9033.25, 1615.5, 322.64, 219.91, 160.6486, 315.12, 170.34, 238.2977, 95.94, 30.035, 63.36, 125.89, 63.2451, 87.535, , , , , 
1/31/2020 12:46:34 PM, 3231, 9029.25, 1614.8, 322.6, 219.8533, 160.61, 315.0263, 170.28, 238.2692, 95.92, 30.03, 63.3554, 125.88, 63.2451, 87.535, , , , , 
1/31/2020 12:46:37 PM, 3231, 9029.25, 1614.8, 322.5923, 219.84, 160.59, 315.0646, 170.26, 238.2692, 95.925, 30.03, 63.35, 125.86, 63.2451, 87.53, , , , , 
1/31/2020 12:46:40 PM, 3231.5, 9030.75, 1615, 322.6, 219.87, 160.59, 315.0892, 170.29, 238.2568, 95.925, 30.03, 63.35, 125.86, 63.2451, 87.53, , , , , 
1/31/2020 12:46:43 PM, 3231.5, 9030.75, 1615, 322.6, 219.86, 160.61, 315.128, 170.29, 238.2274, 95.93, 30.03, 63.35, 125.8664, 63.2451, 87.53, , , , , 
1/31/2020 12:46:46 PM, 3231.5, 9031.75, 1615.1, 322.64, 219.9, 160.61, 315.1899, 170.31, 238.34, 95.94, 30.03, 63.36, 125.87, 63.2451, 87.53, , , , , 
1/31/2020 12:46:50 PM, 3231.5, 9031.75, 1615.1, 322.57, 219.85, 160.61, 315.14, 170.27, 238.25, 95.91, 30.03, 63.36, 125.86, 63.2451, 87.53, , , , , 
1/31/2020 12:46:53 PM, 3231.25, 9030, 1614.8, 322.58, 219.83, 160.59, 315.095, 170.27, 238.25, 95.915, 30.03, 63.355, 125.87, 63.2451, 87.53, , , , , 
1/31/2020 12:46:56 PM, 3231.25, 9030, 1614.8, 322.63, 219.87, 160.61, 315.13, 170.33, 238.2875, 95.92, 30.03, 63.36, 125.88, 63.2451, 87.53, , , , , 
1/31/2020 12:46:59 PM, 3231, 9030.5, 1614.9, 322.585, 219.855, 160.61, 315.14, 170.3, 238.285, 95.92, 30.03, 63.36, 125.88, 63.2451, 87.53, , , , , 
1/31/2020 12:47:02 PM, 3231, 9031, 1614.8, 322.58, 219.86, 160.595, 315.1, 170.3, 238.285, 95.935, 30.03, 63.365, 125.88, 63.2451, 87.53, , , , , 
1/31/2020 12:47:05 PM, 3231.25, 9030.5, 1614.9, 322.58, 219.86, 160.595, 315.1, 170.3, 238.285, 95.93, 30.03, 63.365, 125.88, 63.2451, 87.5367, , , , , 
1/31/2020 12:47:08 PM, 3231, 9030.5, 1614.9, 322.57, 219.85, 160.59, 315.14, 170.29, 238.2627, 95.92, 30.03, 63.36, 125.88, 63.2451, 87.53, , , , , 
1/31/2020 12:47:11 PM, 3231.25, 9031.5, 1614.9, 322.62, 219.8882, 160.6, 315.179, 170.29, 238.24, 95.93, 30.03, 63.36, 125.88, 63.2451, 87.53, , , , , 
1/31/2020 12:47:14 PM, 3231.25, 9031.5, 1614.9, 322.61, 219.885, 160.6, 315.2, 170.2966, 238.31, 95.93, 30.035, 63.36, 125.88, 63.2451, 87.53, , , , , 
1/31/2020 12:47:17 PM, 3231.75, 9032.75, 1615.2, 322.64, 219.88, 160.61, 315.22, 170.3, 238.31, 95.93, 30.03, 63.36, 125.89, 63.2451, 87.53, , , , , 
1/31/2020 12:47:20 PM, 3231.75, 9032.75, 1615.2, 322.65, 219.939, 160.63, 315.28, 170.32, 238.35, 95.9469, 30.035, 63.36, 125.91, 63.2451, 87.53, , , , , 
1/31/2020 12:47:23 PM, 3231.75, 9032.75, 1615.3, 322.65, 219.925, 160.62, 315.24, 170.304, 238.35, 95.9463, 30.035, 63.37, 125.91, 63.2451, 87.53, , , , , 
1/31/2020 12:47:26 PM, 3231.75, 9032.75, 1615.3, 322.68, 219.93, 160.65, 315.28, 170.304, 238.39, 95.95, 30.035, 63.37, 125.91, 63.2451, 87.53, , , , , 
1/31/2020 12:47:29 PM, 3232, 9033.5, 1615.6, 322.68, 219.93, 160.67, 315.28, 170.3149, 238.3685, 95.9517, 30.035, 63.37, 125.91, 63.2451, 87.53, , , , , 
1/31/2020 12:47:32 PM, 3232, 9033.5, 1615.6, 322.655, 219.92, 160.65, 315.2538, 170.31, 238.406, 95.94, 30.035, 63.37, 125.91, 63.2451, 87.53, , , , , 
1/31/2020 12:47:35 PM, 3231.5, 9032, 1615.3, 322.63, 219.915, 160.64, 315.25, 170.305, 238.377, 95.94, 30.03, 63.3637, 125.9, 63.2451, 87.53, , , , , 
1/31/2020 12:47:38 PM, 3231.25, 9031.5, 1615.2, 322.61, 219.8804, 160.64, 315.23, 170.279, 238.4, 95.931, 30.03, 63.365, 125.89, 63.2451, 87.53, , , , , 
1/31/2020 12:47:41 PM, 3231.75, 9033.5, 1615.3, 322.66, 219.89, 160.63, 315.22, 170.28, 238.4, 95.94, 30.03, 63.365, 125.89, 63.2451, 87.53, , , , , 
1/31/2020 12:47:44 PM, 3231.75, 9033.5, 1615.3, 322.66, 219.92, 160.65, 315.33, 170.296, 238.42, 95.94, 30.035, 63.365, 125.89, 63.2451, 87.53, , , , , 
1/31/2020 12:47:47 PM, 3232.25, 9034.25, 1615.6, 322.6999, 219.935, 160.655, 315.29, 170.35, 238.42, 95.96, 30.04, 63.37, 125.89, 63.2451, 87.535, , , , , 
1/31/2020 12:47:50 PM, 3232.25, 9034.25, 1615.6, 322.71, 219.97, 160.66, 315.33, 170.375, 238.42, 95.96, 30.04, 63.375, 125.92, 63.2451, 87.54, , , , , 
1/31/2020 12:47:53 PM, 3232.5, 9036.75, 1615.6, 322.74, 220, 160.66, 315.33, 170.395, 238.45, 95.98, 30.04, 63.385, 125.93, 63.2451, 87.5331, , , , , 
1/31/2020 12:47:56 PM, 3232.75, 9037.25, 1615.6, 322.72, 220, 160.67, 315.36, 170.4, 238.45, 95.9704, 30.04, 63.375, 125.94, 63.2451, 87.54, , , , , 
1/31/2020 12:47:59 PM, 3232.75, 9036.5, 1615.6, 322.76, 220.02, 160.67, 315.34, 170.48, 238.45, 95.99, 30.0334, 63.38, 125.94, 63.2451, 87.54, , , , , 
1/31/2020 12:48:02 PM, 3232.25, 9034.25, 1615.3, 322.67, 219.97, 160.63, 315.23, 170.4, 238.41, 95.95, 30.04, 63.37, 125.91, 63.2451, 87.54, , , , , 
1/31/2020 12:48:05 PM, 3232, 9033.5, 1615.2, 322.66, 219.9379, 160.64, 315.16, 170.39, 238.36, 95.955, 30.04, 63.375, 125.91, 63.2451, 87.545, , , , , 
1/31/2020 12:48:08 PM, 3231.5, 9033, 1615, 322.63, 219.92, 160.6075, 315.15, 170.37, 238.4, 95.94, 30.03, 63.375, 125.91, 63.2451, 87.545, , , , , 
1/31/2020 12:48:11 PM, 3231.5, 9033, 1615.1, 322.64, 219.92, 160.61, 315.07, 170.39, 238.4, 95.94, 30.035, 63.375, 125.9, 63.2451, 87.545, , , , , 
1/31/2020 12:48:14 PM, 3230.75, 9030.25, 1614.6, 322.55, 219.88, 160.56, 315.03, 170.35, 238.25, 95.92, 30.03, 63.37, 125.88, 63.2451, 87.54, , , , , 
1/31/2020 12:48:17 PM, 3231.75, 9033.5, 1615, 322.61, 219.92, 160.6, 315.08, 170.39, 238.23, 95.94, 30.025, 63.36, 125.89, 63.2451, 87.54, , , , , 
1/31/2020 12:48:20 PM, 3231.25, 9032, 1614.8, 322.61, 219.91, 160.61, 315.0561, 170.4, 238.23, 95.94, 30.03, 63.36, 125.89, 63.2451, 87.54, , , , , 
1/31/2020 12:48:23 PM, 3231.5, 9033.25, 1614.8, 322.61, 219.9, 160.61, 315.05, 170.38, 238.28, 95.93, 30.03, 63.36, 125.89, 63.2451, 87.54, , , , , 
1/31/2020 12:48:26 PM, 3231.5, 9032.5, 1614.8, 322.6, 219.9, 160.6, 315.05, 170.4, 238.285, 95.94, 30.03, 63.36, 125.9, 63.2451, 87.545, , , , , 
1/31/2020 12:48:29 PM, 3231.25, 9031.75, 1614.7, 322.59, 219.9, 160.6, 315.0101, 170.3802, 238.3, 95.93, 30.03, 63.36, 125.9, 63.2451, 87.54, , , , , 
1/31/2020 12:48:32 PM, 3231.25, 9032, 1614.4, 322.585, 219.89, 160.6, 315.0094, 170.39, 238.22, 95.92, 30.03, 63.365, 125.9, 63.2451, 87.54, , , , , 
1/31/2020 12:48:35 PM, 3231.25, 9031.5, 1614.7, 322.6, 219.89, 160.57, 315, 170.39, 238.32, 95.925, 30.025, 63.365, 125.9, 63.2451, 87.54, , , , , 
1/31/2020 12:48:38 PM, 3231, 9031.5, 1614.5, 322.59, 219.89, 160.56, 314.97, 170.35, 238.3189, 95.92, 30.025, 63.365, 125.9, 63.2451, 87.54, , , , , 
1/31/2020 12:48:41 PM, 3231.25, 9031.25, 1614.6, 322.62, 219.89, 160.57, 315.0113, 170.37, 238.37, 95.92, 30.025, 63.365, 125.9, 63.2451, 87.535, , , , , 
1/31/2020 12:48:44 PM, 3231, 9031, 1614.6, 322.5832, 219.88, 160.56, 314.96, 170.345, 238.4, 95.92, 30.025, 63.365, 125.87, 63.2451, 87.535, , , , , 
1/31/2020 12:48:47 PM, 3230.5, 9029, 1614.3, 322.5223, 219.825, 160.53, 314.89, 170.32, 238.31, 95.9, 30.022, 63.36, 125.85, 63.2451, 87.535, , , , , 
1/31/2020 12:48:50 PM, 3230.75, 9029.5, 1614.5, 322.53, 219.8137, 160.53, 314.94, 170.2986, 238.29, 95.9, 30.022, 63.36, 125.85, 63.2451, 87.535, , , , , 
1/31/2020 12:48:53 PM, 3230.75, 9030, 1614.5, 322.56, 219.8478, 160.55, 314.92, 170.3399, 238.29, 95.9, 30.022, 63.365, 125.86, 63.2451, 87.535, , , , , 
1/31/2020 12:48:56 PM, 3231.25, 9031.75, 1614.7, 322.59, 219.87, 160.57, 315.03, 170.35, 238.39, 95.925, 30.025, 63.365, 125.86, 63.2451, 87.535, , , , , 
1/31/2020 12:48:59 PM, 3231.25, 9032.25, 1614.8, 322.6003, 219.88, 160.57, 315, 170.365, 238.36, 95.925, 30.025, 63.365, 125.87, 63.2451, 87.535, , , , , 
1/31/2020 12:49:03 PM, 3230.5, 9029.75, 1614.4, 322.53, 219.855, 160.55, 314.89, 170.34, 238.29, 95.91, 30.02, 63.375, 125.86, 63.2451, 87.535, , , , , 
1/31/2020 12:49:06 PM, 3230.5, 9029.25, 1614.5, 322.55, 219.84, 160.55, 314.91, 170.3068, 238.25, 95.9, 30.02, 63.365, 125.86, 63.2451, 87.535, , , , , 
1/31/2020 12:49:09 PM, 3230.5, 9029, 1614.5, 322.54, 219.82, 160.54, 314.87, 170.28, 238.33, 95.89, 30.02, 63.355, 125.855, 63.2451, 87.53, , , , , 
1/31/2020 12:49:12 PM, 3230.75, 9030.25, 1614.7, 322.56, 219.85, 160.56, 314.9005, 170.33, 238.335, 95.9, 30.02, 63.36, 125.855, 63.2451, 87.535, , , , , 
1/31/2020 12:49:15 PM, 3230.75, 9030.75, 1614.7, 322.57, 219.87, 160.59, 314.9277, 170.34, 238.33, 95.91, 30.022, 63.37, 125.87, 63.2451, 87.535, , , , , 
1/31/2020 12:49:18 PM, 3230.25, 9029.25, 1614.6, 322.51, 219.82, 160.59, 314.83, 170.31, 238.43, 95.8953, 30.02, 63.36, 125.875, 63.2451, 87.5377, , , , , 
1/31/2020 12:49:21 PM, 3230.5, 9029.25, 1614.5, 322.49, 219.81, 160.57, 314.8338, 170.29, 238.36, 95.8953, 30.02, 63.36, 125.855, 63.2451, 87.5377, , , , , 
1/31/2020 12:49:24 PM, 3230.5, 9030, 1614.9, 322.5275, 219.84, 160.59, 314.865, 170.32, 238.23, 95.908, 30.02, 63.365, 125.87, 63.2451, 87.5377, , , , , 
1/31/2020 12:49:27 PM, 3230.5, 9029.5, 1614.8, 322.53, 219.84, 160.59, 314.84, 170.31, 238.23, 95.9, 30.02, 63.36, 125.87, 63.2451, 87.5377, , , , , 
1/31/2020 12:49:30 PM, 3230.5, 9029.75, 1614.9, 322.52, 219.83, 160.5908, 314.8499, 170.31, 238.26, 95.9, 30.0199, 63.365, 125.87, 63.2451, 87.5377, , , , , 
1/31/2020 12:49:33 PM, 3230.5, 9029.75, 1614.9, 322.535, 219.83, 160.6, 314.88, 170.31, 238.26, 95.9, 30.015, 63.365, 125.87, 63.2451, 87.53, , , , , 
1/31/2020 12:49:36 PM, 3230.5, 9029.75, 1614.9, 322.53, 219.8481, 160.59, 314.89, 170.315, 238.2919, 95.9, 30.015, 63.36, 125.87, 63.2451, 87.53, , , , , 
1/31/2020 12:49:39 PM, 3230.25, 9028.5, 1614.7, 322.51, 219.84, 160.59, 314.9198, 170.31, 238.23, 95.9, 30.015, 63.36, 125.87, 63.2451, 87.53, , , , , 
1/31/2020 12:49:42 PM, 3231, 9030.75, 1615, 322.57, 219.85, 160.6, 314.94, 170.32, 238.17, 95.9, 30.02, 63.355, 125.87, 63.2451, 87.535, , , , , 
1/31/2020 12:49:45 PM, 3230.75, 9031.25, 1615.1, 322.57, 219.87, 160.6, 314.9101, 170.34, 238.23, 95.9, 30.02, 63.355, 125.87, 63.2451, 87.53, , , , , 
1/31/2020 12:49:48 PM, 3231, 9031, 1615.1, 322.57, 219.87, 160.62, 314.92, 170.34, 238.2523, 95.91, 30.02, 63.36, 125.88, 63.2451, 87.535, , , , , 
1/31/2020 12:49:51 PM, 3231, 9031, 1615.1, 322.57, 219.85, 160.62, 314.9, 170.34, 238.22, 95.91, 30.02, 63.36, 125.88, 63.2451, 87.535, , , , , 
1/31/2020 12:49:54 PM, 3231, 9031, 1615.1, 322.55, 219.85, 160.62, 314.9, 170.34, 238.22, 95.91, 30.02, 63.36, 125.8839, 63.2451, 87.535, , , , , 
1/31/2020 12:49:57 PM, 3230.75, 9031.25, 1615.1, 322.55, 219.85, 160.62, 314.9, 170.34, 238.22, 95.91, 30.02, 63.36, 125.8839, 63.2451, 87.535, , , , , 
1/31/2020 12:50:00 PM, 3230.75, 9031.25, 1615, 322.56, 219.87, 160.615, 314.91, 170.34, 238.28, 95.91, 30.02, 63.355, 125.89, 63.2451, 87.535, , , , , 
1/31/2020 12:50:03 PM, 3230.75, 9030, 1614.7, 322.52, 219.84, 160.58, 314.88, 170.335, 238.28, 95.9, 30.02, 63.355, 125.88, 63.2451, 87.5399, , , , , 
1/31/2020 12:50:06 PM, 3230, 9028.5, 1614.6, 322.48, 219.81, 160.574, 314.88, 170.3161, 238.19, 95.88, 30.01, 63.3501, 125.87, 63.2451, 87.52, , , , , 
1/31/2020 12:50:09 PM, 3229.75, 9028, 1614.4, 322.45, 219.8, 160.55, 314.85, 170.3, 238.13, 95.88, 30.01, 63.35, 125.85, 63.2451, 87.525, , , , , 
1/31/2020 12:50:12 PM, 3229.25, 9026.25, 1614.2, 322.41, 219.77, 160.53, 314.81, 170.27, 238.13, 95.87, 30.01, 63.348, 125.85, 63.2451, 87.52, , , , , 
1/31/2020 12:50:15 PM, 3229.25, 9026, 1614.3, 322.41, 219.75, 160.535, 314.77, 170.2599, 238.01, 95.86, 30.01, 63.335, 125.83, 63.2451, 87.52, , , , , 
1/31/2020 12:50:18 PM, 3228.75, 9024.75, 1614.1, 322.36, 219.75, 160.53, 314.78, 170.24, 238.12, 95.86, 30.01, 63.335, 125.83, 63.2451, 87.52, , , , , 
1/31/2020 12:50:21 PM, 3228.75, 9024.75, 1614, 322.35, 219.73, 160.5, 314.7752, 170.23, 238.12, 95.85, 30, 63.335, 125.83, 63.2451, 87.52, , , , , 
1/31/2020 12:50:24 PM, 3228.75, 9025, 1614.1, 322.35, 219.73, 160.52, 314.73, 170.2305, 238.08, 95.8499, 30, 63.335, 125.83, 63.2451, 87.52, , , , , 
1/31/2020 12:50:27 PM, 3228.25, 9024, 1614, 322.32, 219.72, 160.51, 314.67, 170.205, 237.95, 95.84, 30.0025, 63.33, 125.82, 63.2451, 87.52, , , , , 
1/31/2020 12:50:30 PM, 3228.75, 9024.75, 1614.2, 322.345, 219.73, 160.52, 314.7012, 170.22, 238.05, 95.84, 30.005, 63.33, 125.83, 63.2451, 87.52, , , , , 
1/31/2020 12:50:33 PM, 3229, 9026.5, 1614.4, 322.36, 219.72, 160.52, 314.65, 170.2213, 238.05, 95.84, 30.0025, 63.325, 125.84, 63.2451, 87.52, , , , , 
1/31/2020 12:50:36 PM, 3228.75, 9025, 1614.2, 322.35, 219.75, 160.55, 314.6869, 170.22, 238.08, 95.85, 30, 63.325, 125.85, 63.2451, 87.52, , , , , 
1/31/2020 12:50:39 PM, 3228.25, 9023.25, 1613.9, 322.3, 219.7, 160.5, 314.63, 170.21, 238.08, 95.8333, 30, 63.32, 125.83, 63.2451, 87.52, , , , , 
1/31/2020 12:50:42 PM, 3228.25, 9023.75, 1614.1, 322.31, 219.7, 160.52, 314.61, 170.1701, 238, 95.83, 29.995, 63.3192, 125.82, 63.2451, 87.515, , , , , 
1/31/2020 12:50:45 PM, 3228.25, 9023.75, 1614.1, 322.31, 219.7, 160.52, 314.61, 170.1701, 238, 95.83, 29.995, 63.3192, 125.82, 63.2451, 87.515, , , , , 
1/31/2020 12:50:48 PM, 3228.25, 9023.5, 1614, 322.28, 219.69, 160.52, 314.56, 170.18, 237.9955, 95.82, 29.995, 63.31, 125.82, 63.2451, 87.515, , , , , 
1/31/2020 12:50:51 PM, 3228.25, 9023, 1614, 322.28, 219.69, 160.52, 314.56, 170.18, 237.9955, 95.82, 29.995, 63.31, 125.82, 63.2451, 87.515, , , , , 
1/31/2020 12:50:54 PM, 3228, 9022.75, 1613.9, 322.26, 219.67, 160.49, 314.5634, 170.16, 237.9955, 95.8168, 29.995, 63.31, 125.825, 63.2451, 87.515, , , , , 
1/31/2020 12:50:57 PM, 3228, 9022.75, 1613.9, 322.26, 219.67, 160.49, 314.5634, 170.16, 237.9955, 95.8168, 29.995, 63.31, 125.825, 63.2451, 87.515, , , , , 
1/31/2020 12:51:00 PM, 3227.5, 9020.5, 1613.5, 322.19, 219.61, 160.4601, 314.4696, 170.12, 237.86, 95.785, 29.99, 63.3, 125.78, 63.2451, 87.505, , , , , 
1/31/2020 12:51:03 PM, 3227.5, 9020.5, 1613.5, 322.19, 219.61, 160.4601, 314.4696, 170.12, 237.86, 95.785, 29.99, 63.3, 125.78, 63.2451, 87.505, , , , , 
1/31/2020 12:51:06 PM, 3228.25, 9023.25, 1614, 322.27, 219.68, 160.5, 314.53, 170.17, 237.92, 95.82, 29.995, 63.3, 125.81, 63.2451, 87.51, , , , , 
1/31/2020 12:51:09 PM, 3228.25, 9023.25, 1614, 322.27, 219.68, 160.5, 314.53, 170.17, 237.92, 95.82, 29.995, 63.3, 125.81, 63.2451, 87.51, , , , , 
1/31/2020 12:51:12 PM, 3227, 9020.75, 1613.6, 322.17, 219.6, 160.46, 314.37, 170.1181, 237.79, 95.77, 29.985, 63.29, 125.77, 63.2451, 87.5, , , , , 
1/31/2020 12:51:16 PM, 3227, 9020.75, 1613.6, 322.17, 219.6, 160.46, 314.37, 170.1181, 237.79, 95.77, 29.985, 63.29, 125.77, 63.2451, 87.5, , , , , 
1/31/2020 12:51:19 PM, 3227.25, 9020.75, 1613.6, 322.17, 219.61, 160.47, 314.42, 170.11, 237.8453, 95.77, 29.985, 63.29, 125.78, 63.2451, 87.5, , , , , 
1/31/2020 12:51:22 PM, 3227.25, 9020.75, 1613.6, 322.17, 219.61, 160.47, 314.42, 170.11, 237.8453, 95.77, 29.985, 63.29, 125.78, 63.2451, 87.5, , , , , 
1/31/2020 12:51:25 PM, 3227, 9019.5, 1613.4, 322.155, 219.618, 160.44, 314.39, 170.11, 237.87, 95.78, 29.985, 63.3, 125.77, 63.2451, 87.5, , , , , 
1/31/2020 12:51:28 PM, 3227, 9019.5, 1613.4, 322.155, 219.618, 160.44, 314.39, 170.11, 237.87, 95.78, 29.985, 63.3, 125.77, 63.2451, 87.5, , , , , 
1/31/2020 12:51:31 PM, 3227.5, 9021.25, 1613.7, 322.2, 219.61, 160.46, 314.3503, 170.1, 237.88, 95.78, 29.985, 63.295, 125.79, 63.2451, 87.5, , , , , 
1/31/2020 12:51:34 PM, 3227.5, 9021.25, 1613.7, 322.2, 219.61, 160.46, 314.3503, 170.1, 237.88, 95.78, 29.985, 63.295, 125.79, 63.2451, 87.5, , , , , 
1/31/2020 12:51:37 PM, 3227.5, 9022, 1613.5, 322.22, 219.645, 160.46, 314.44, 170.15, 237.93, 95.79, 29.985, 63.3, 125.8, 63.2451, 87.5056, , , , , 
1/31/2020 12:51:40 PM, 3227.5, 9022, 1613.5, 322.22, 219.645, 160.46, 314.44, 170.15, 237.93, 95.79, 29.985, 63.3, 125.8, 63.2451, 87.5056, , , , , 
1/31/2020 12:51:43 PM, 3227.25, 9021.25, 1613.4, 322.21, 219.63, 160.46, 314.33, 170.15, 237.865, 95.79, 29.98, 63.315, 125.8001, 63.2451, 87.5, , , , , 
1/31/2020 12:51:46 PM, 3227.25, 9021.25, 1613.4, 322.21, 219.63, 160.46, 314.33, 170.15, 237.865, 95.79, 29.98, 63.315, 125.8001, 63.2451, 87.5, , , , , 
1/31/2020 12:51:49 PM, 3227.5, 9022.25, 1613.4, 322.22, 219.64, 160.43, 314.46, 170.1499, 237.85, 95.79, 29.98, 63.315, 125.8, 63.2451, 87.5, , , , , 
1/31/2020 12:51:52 PM, 3227.5, 9022.25, 1613.4, 322.22, 219.64, 160.43, 314.46, 170.1499, 237.85, 95.79, 29.98, 63.315, 125.8, 63.2451, 87.5, , , , , 
1/31/2020 12:51:55 PM, 3227.25, 9020.5, 1613.1, 322.18, 219.625, 160.42, 314.39, 170.1596, 237.82, 95.79, 29.98, 63.31, 125.79, 63.2451, 87.5, , , , , 
1/31/2020 12:51:58 PM, 3227.25, 9020.5, 1613.1, 322.18, 219.625, 160.42, 314.39, 170.1596, 237.82, 95.79, 29.98, 63.31, 125.79, 63.2451, 87.5, , , , , 
1/31/2020 12:52:01 PM, 3227.5, 9022, 1613.3, 322.18, 219.61, 160.4229, 314.43, 170.12, 237.82, 95.77, 29.98, 63.305, 125.79, 63.2451, 87.5, , , , , 
1/31/2020 12:52:04 PM, 3227.5, 9022, 1613.3, 322.18, 219.61, 160.4229, 314.43, 170.12, 237.82, 95.77, 29.98, 63.305, 125.79, 63.2451, 87.5, , , , , 
1/31/2020 12:52:07 PM, 3227.5, 9022.5, 1613.2, 322.25, 219.6754, 160.43, 314.46, 170.16, 237.91, 95.79, 30, 63.32, 125.82, 63.2451, 87.5, , , , , 
1/31/2020 12:52:10 PM, 3227.5, 9022.5, 1613.2, 322.25, 219.6754, 160.43, 314.46, 170.16, 237.91, 95.79, 30, 63.32, 125.82, 63.2451, 87.5, , , , , 
1/31/2020 12:52:13 PM, 3227.25, 9022.25, 1613.3, 322.2, 219.64, 160.44, 314.38, 170.14, 237.8901, 95.785, 29.99, 63.31, 125.8, 63.2451, 87.51, , , , , 
1/31/2020 12:52:16 PM, 3227.25, 9022.25, 1613.3, 322.2, 219.64, 160.44, 314.38, 170.14, 237.8901, 95.785, 29.99, 63.31, 125.8, 63.2451, 87.51, , , , , 
1/31/2020 12:52:19 PM, 3227, 9021.25, 1613.2, 322.19, 219.64, 160.435, 314.3563, 170.16, 237.8901, 95.79, 29.99, 63.305, 125.79, 63.2451, 87.5099, , , , , 
1/31/2020 12:52:22 PM, 3227, 9021.25, 1613.2, 322.19, 219.64, 160.435, 314.3563, 170.16, 237.8901, 95.79, 29.99, 63.305, 125.79, 63.2451, 87.5099, , , , , 
1/31/2020 12:52:25 PM, 3226.75, 9020.75, 1613.2, 322.16, 219.62, 160.4201, 314.36, 170.12, 237.91, 95.77, 29.99, 63.3, 125.78, 63.2451, 87.495, , , , , 
1/31/2020 12:52:28 PM, 3226.75, 9020.75, 1613.2, 322.16, 219.62, 160.4201, 314.36, 170.12, 237.91, 95.77, 29.99, 63.3, 125.78, 63.2451, 87.495, , , , , 
1/31/2020 12:52:31 PM, 3227, 9021.75, 1613.3, 322.16, 219.64, 160.43, 314.43, 170.14, 237.82, 95.79, 29.99, 63.31, 125.8, 63.2451, 87.495, , , , , 
1/31/2020 12:52:34 PM, 3227, 9021.75, 1613.3, 322.16, 219.64, 160.43, 314.43, 170.14, 237.82, 95.79, 29.99, 63.31, 125.8, 63.2451, 87.495, , , , , 
1/31/2020 12:52:37 PM, 3227, 9022.75, 1613.2, 322.18, 219.6562, 160.43, 314.45, 170.145, 237.81, 95.79, 29.99, 63.31, 125.8, 63.2451, 87.495, , , , , 
1/31/2020 12:52:40 PM, 3227, 9022.75, 1613.2, 322.18, 219.6562, 160.43, 314.45, 170.145, 237.81, 95.79, 29.99, 63.31, 125.8, 63.2451, 87.495, , , , , 
1/31/2020 12:52:43 PM, 3227, 9022.75, 1613, 322.19, 219.6847, 160.43, 314.5416, 170.15, 237.8662, 95.8, 29.99, 63.31, 125.8, 63.2451, 87.495, , , , , 
1/31/2020 12:52:46 PM, 3227, 9022.75, 1613, 322.19, 219.6847, 160.43, 314.5416, 170.15, 237.8662, 95.8, 29.99, 63.31, 125.8, 63.2451, 87.495, , , , , 
1/31/2020 12:52:49 PM, 3227, 9023.25, 1613, 322.17, 219.658, 160.405, 314.4484, 170.1568, 237.86, 95.79, 29.985, 63.32, 125.8, 63.2451, 87.495, , , , , 
1/31/2020 12:52:52 PM, 3227, 9023.25, 1613, 322.17, 219.658, 160.405, 314.4484, 170.1568, 237.86, 95.79, 29.985, 63.32, 125.8, 63.2451, 87.495, , , , , 
1/31/2020 12:52:55 PM, 3227, 9023.25, 1613.1, 322.175, 219.67, 160.41, 314.5104, 170.15, 237.8746, 95.79, 29.985, 63.32, 125.81, 63.2451, 87.495, , , , , 
1/31/2020 12:52:58 PM, 3226.75, 9021.75, 1612.9, 322.15, 219.66, 160.41, 314.464, 170.17, 237.8746, 95.79, 29.985, 63.32, 125.795, 63.2451, 87.495, , , , , 
1/31/2020 12:53:01 PM, 3227, 9021.5, 1612.9, 322.14, 219.63, 160.41, 314.3701, 170.15, 237.9, 95.79, 29.985, 63.315, 125.79, 63.2451, 87.495, , , , , 
1/31/2020 12:53:04 PM, 3227, 9022.75, 1613.2, 322.18, 219.65, 160.43, 314.3852, 170.17, 237.92, 95.785, 29.985, 63.315, 125.8, 63.2451, 87.495, , , , , 
1/31/2020 12:53:07 PM, 3227.25, 9023, 1613.2, 322.2, 219.67, 160.43, 314.465, 170.19, 237.92, 95.8, 29.985, 63.315, 125.81, 63.2451, 87.495, , , , , 
1/31/2020 12:53:10 PM, 3227.5, 9022.5, 1613.2, 322.21, 219.67, 160.45, 314.5, 170.2, 237.96, 95.81, 29.985, 63.325, 125.8, 63.2451, 87.49, , , , , 
1/31/2020 12:53:13 PM, 3227.5, 9022.75, 1613.2, 322.2164, 219.67, 160.4209, 314.4419, 170.18, 237.955, 95.795, 29.985, 63.32, 125.8, 63.2451, 87.49, , , , , 
1/31/2020 12:53:16 PM, 3227.5, 9023.5, 1613.3, 322.2292, 219.6911, 160.44, 314.42, 170.22, 237.955, 95.795, 29.99, 63.33, 125.82, 63.2451, 87.49, , , , , 
1/31/2020 12:53:19 PM, 3227.75, 9023.5, 1613.6, 322.24, 219.65, 160.45, 314.37, 170.18, 237.92, 95.795, 29.99, 63.32, 125.81, 63.2451, 87.49, , , , , 
1/31/2020 12:53:22 PM, 3227.75, 9024, 1613.6, 322.26, 219.6981, 160.47, 314.4699, 170.21, 237.9554, 95.8, 29.99, 63.325, 125.81, 63.2451, 87.49, , , , , 
1/31/2020 12:53:26 PM, 3227.75, 9023.25, 1613.5, 322.2366, 219.665, 160.45, 314.4291, 170.2054, 237.9661, 95.8, 30, 63.325, 125.81, 63.2451, 87.49, , , , , 
1/31/2020 12:53:29 PM, 3227.75, 9023.25, 1613.7, 322.24, 219.67, 160.47, 314.4408, 170.2, 237.9577, 95.8, 30, 63.325, 125.81, 63.2451, 87.49, , , , , 
1/31/2020 12:53:32 PM, 3228, 9023, 1613.7, 322.27, 219.68, 160.49, 314.4, 170.2, 238.01, 95.8, 29.99, 63.325, 125.81, 63.2451, 87.49, , , , , 
1/31/2020 12:53:35 PM, 3227.75, 9022, 1613.6, 322.22, 219.6766, 160.46, 314.3, 170.2, 237.98, 95.79, 29.99, 63.33, 125.81, 63.2451, 87.49, , , , , 
1/31/2020 12:53:38 PM, 3227.5, 9021.5, 1613.5, 322.21, 219.64, 160.46, 314.3227, 170.1925, 237.98, 95.79, 29.99, 63.32, 125.81, 63.2451, 87.49, , , , , 
1/31/2020 12:53:41 PM, 3227.25, 9021, 1613.5, 322.21, 219.64, 160.46, 314.22, 170.2062, 237.98, 95.785, 29.985, 63.325, 125.81, 63.2451, 87.49, , , , , 
1/31/2020 12:53:44 PM, 3227.25, 9021, 1613.5, 322.225, 219.63, 160.47, 314.21, 170.19, 237.91, 95.775, 29.99, 63.32, 125.81, 63.2451, 87.49, , , , , 
1/31/2020 12:53:47 PM, 3227.5, 9022, 1613.8, 322.24, 219.65, 160.49, 314.2492, 170.2, 237.9763, 95.78, 29.99, 63.3259, 125.81, 63.2451, 87.49, , , , , 
1/31/2020 12:53:50 PM, 3227.75, 9021.75, 1613.8, 322.2278, 219.6454, 160.495, 314.22, 170.207, 237.9763, 95.78, 29.99, 63.325, 125.81, 63.2451, 87.49, , , , , 
1/31/2020 12:53:53 PM, 3227.75, 9022.5, 1614, 322.25, 219.6454, 160.51, 314.3, 170.19, 237.975, 95.78, 29.9946, 63.325, 125.81, 63.2451, 87.49, , , , , 
1/31/2020 12:53:56 PM, 3228.5, 9024, 1614.1, 322.31, 219.68, 160.52, 314.3137, 170.21, 237.975, 95.8, 30, 63.33, 125.83, 63.2451, 87.5, , , , , 
1/31/2020 12:53:59 PM, 3228, 9022.5, 1614.1, 322.3, 219.71, 160.51, 314.4, 170.23, 238.03, 95.81, 30, 63.33, 125.84, 63.2451, 87.5, , , , , 
1/31/2020 12:54:02 PM, 3228, 9022.5, 1614, 322.2664, 219.66, 160.5, 314.2662, 170.2055, 238, 95.79, 29.9934, 63.32, 125.84, 63.2451, 87.5, , , , , 
1/31/2020 12:54:05 PM, 3227.25, 9020.25, 1613.7, 322.215, 219.63, 160.49, 314.22, 170.19, 238, 95.79, 29.99, 63.32, 125.81, 63.2451, 87.49, , , , , 
1/31/2020 12:54:08 PM, 3227.25, 9020, 1613.6, 322.2, 219.605, 160.47, 314.2146, 170.15, 237.93, 95.77, 29.99, 63.31, 125.81, 63.2451, 87.49, , , , , 
1/31/2020 12:54:11 PM, 3228.5, 9023.5, 1614.2, 322.31, 219.66, 160.52, 314.3, 170.2015, 237.9675, 95.79, 30, 63.32, 125.83, 63.2451, 87.495, , , , , 
1/31/2020 12:54:14 PM, 3229.25, 9026, 1614.4, 322.38, 219.7499, 160.55, 314.4231, 170.27, 238.18, 95.83, 30.01, 63.33, 125.87, 63.2451, 87.505, , , , , 
1/31/2020 12:54:17 PM, 3230.75, 9030.5, 1615.2, 322.52, 219.845, 160.62, 314.5843, 170.35, 238.34, 95.88, 30.03, 63.35, 125.92, 63.2451, 87.52, , , , , 
1/31/2020 12:54:20 PM, 3231.25, 9032.25, 1615.8, 322.61, 219.89, 160.67, 314.57, 170.35, 238.36, 95.905, 30.03, 63.36, 125.95, 63.2451, 87.52, , , , , 
1/31/2020 12:54:23 PM, 3231.75, 9033.75, 1616.1, 322.63, 219.94, 160.7, 314.68, 170.43, 238.47, 95.92, 30.035, 63.365, 125.965, 63.2451, 87.535, , , , , 
1/31/2020 12:54:26 PM, 3232, 9034.5, 1616.4, 322.63, 219.91, 160.7291, 314.78, 170.4, 238.48, 95.92, 30.04, 63.36, 125.96, 63.2451, 87.54, , , , , 
1/31/2020 12:54:29 PM, 3232.25, 9034.75, 1616.3, 322.66, 219.97, 160.74, 314.79, 170.42, 238.46, 95.93, 30.05, 63.36, 125.97, 63.2451, 87.53, , , , , 
1/31/2020 12:54:32 PM, 3232.75, 9037, 1616.5, 322.71, 219.9901, 160.76, 314.8899, 170.44, 238.46, 95.95, 30.06, 63.37, 125.99, 63.2451, 87.53, , , , , 
1/31/2020 12:54:35 PM, 3231.75, 9034.75, 1616.5, 322.66, 219.9499, 160.75, 314.765, 170.39, 238.5, 95.9201, 30.045, 63.37, 125.97, 63.2451, 87.53, , , , , 
1/31/2020 12:54:38 PM, 3232.25, 9035.5, 1616.7, 322.66, 219.94, 160.76, 314.8, 170.39, 238.5, 95.92, 30.045, 63.36, 125.96, 63.2451, 87.53, , , , , 
1/31/2020 12:54:41 PM, 3233, 9037.5, 1616.8, 322.7694, 220.02, 160.79, 314.91, 170.47, 238.6, 95.95, 30.055, 63.37, 125.99, 63.2451, 87.53, , , , , 
1/31/2020 12:54:44 PM, 3233.75, 9039.5, 1617.2, 322.85, 220.09, 160.84, 314.95, 170.51, 238.68, 95.98, 30.065, 63.385, 126.03, 63.2451, 87.55, , , , , 
1/31/2020 12:54:47 PM, 3233.25, 9037.75, 1616.9, 322.78, 220.05, 160.84, 314.935, 170.4647, 238.68, 95.955, 30.06, 63.38, 126.01, 63.2451, 87.55, , , , , 
1/31/2020 12:54:50 PM, 3233, 9037.75, 1617, 322.7599, 220.03, 160.81, 314.86, 170.41, 238.68, 95.94, 30.06, 63.38, 125.99, 63.2451, 87.55, , , , , 
1/31/2020 12:54:53 PM, 3232, 9035.25, 1616.6, 322.67, 219.98, 160.755, 314.835, 170.39, 238.68, 95.93, 30.05, 63.375, 125.97, 63.2451, 87.54, , , , , 
1/31/2020 12:54:56 PM, 3232, 9034.25, 1616.5, 322.6863, 219.96, 160.77, 314.8, 170.35, 238.56, 95.92, 30.05, 63.37, 125.96, 63.2451, 87.54, , , , , 
1/31/2020 12:54:59 PM, 3231.75, 9034.5, 1616.6, 322.64, 219.94, 160.74, 314.75, 170.34, 238.52, 95.91, 30.05, 63.36, 125.95, 63.2451, 87.525, , , , , 
1/31/2020 12:55:02 PM, 3231.5, 9033.25, 1616.4, 322.62, 219.925, 160.75, 314.7189, 170.34, 238.51, 95.91, 30.045, 63.36, 125.95, 63.2451, 87.53, , , , , 
1/31/2020 12:55:05 PM, 3232.25, 9035.75, 1617, 322.7, 219.96, 160.78, 314.715, 170.39, 238.51, 95.92, 30.05, 63.37, 125.98, 63.2451, 87.53, , , , , 
1/31/2020 12:55:08 PM, 3232.75, 9036.5, 1616.9, 322.73, 220, 160.8, 314.71, 170.39, 238.51, 95.94, 30.05, 63.38, 125.99, 63.2451, 87.54, , , , , 
1/31/2020 12:55:11 PM, 3232.75, 9036.75, 1616.8, 322.7, 219.98, 160.7999, 314.72, 170.3813, 238.5785, 95.93, 30.0548, 63.385, 125.98, 62.96, 87.54, , , , , 
1/31/2020 12:55:14 PM, 3233.25, 9037, 1617.1, 322.79, 220.05, 160.82, 314.77, 170.44, 238.6073, 95.95, 30.06, 63.39, 126.01, 62.96, 87.54, , , , , 
1/31/2020 12:55:17 PM, 3233.25, 9037.75, 1617.2, 322.77, 220.01, 160.81, 314.72, 170.395, 238.5943, 95.94, 30.06, 63.385, 126, 62.96, 87.54, , , , , 
1/31/2020 12:55:20 PM, 3233.5, 9038, 1617.2, 322.81, 220.08, 160.84, 314.785, 170.46, 238.6599, 95.96, 30.06, 63.395, 126.02, 62.96, 87.54, , , , , 
1/31/2020 12:55:23 PM, 3232.5, 9036, 1616.6, 322.71, 220, 160.78, 314.71, 170.4, 238.5573, 95.93, 30.05, 63.38, 126, 62.96, 87.54, , , , , 
1/31/2020 12:55:26 PM, 3232.25, 9035.25, 1616.6, 322.7, 219.99, 160.7758, 314.65, 170.3864, 238.5573, 95.93, 30.05, 63.38, 125.995, 62.96, 87.54, , , , , 
1/31/2020 12:55:29 PM, 3232.5, 9036, 1616.7, 322.74, 220.005, 160.78, 314.72, 170.3925, 238.5573, 95.93, 30.05, 63.38, 126, 62.96, 87.54, , , , , 
1/31/2020 12:55:33 PM, 3232.75, 9037.25, 1616.9, 322.74, 220, 160.78, 314.7498, 170.39, 238.5573, 95.93, 30.05, 63.38, 126, 62.96, 87.54, , , , , 
1/31/2020 12:55:36 PM, 3233, 9037.5, 1616.9, 322.77, 220.03, 160.8, 314.785, 170.39, 238.61, 95.93, 30.06, 63.38, 126.01, 62.96, 87.54, , , , , 
1/31/2020 12:55:39 PM, 3233.25, 9038.75, 1617.3, 322.78, 220.04, 160.83, 314.8231, 170.43, 238.6026, 95.93, 30.055, 63.39, 126.0175, 62.96, 87.535, , , , , 
1/31/2020 12:55:42 PM, 3233.25, 9038.25, 1617.4, 322.78, 220.0498, 160.8489, 314.791, 170.42, 238.6026, 95.93, 30.055, 63.395, 126.0175, 62.96, 87.535, , , , , 
1/31/2020 12:55:45 PM, 3233, 9038, 1617.2, 322.79, 220.04, 160.84, 314.8603, 170.43, 238.6026, 95.96, 30.06, 63.395, 126.03, 62.96, 87.54, , , , , 
1/31/2020 12:55:48 PM, 3233.5, 9038.75, 1617.4, 322.81, 220.06, 160.84, 314.9, 170.45, 238.6026, 95.9695, 30.052, 63.39, 126.03, 62.96, 87.545, , , , , 
1/31/2020 12:55:51 PM, 3233.5, 9039.25, 1617.4, 322.83, 220.07, 160.85, 314.9005, 170.4331, 238.6028, 95.97, 30.06, 63.39, 126.04, 62.96, 87.54, , , , , 
1/31/2020 12:55:54 PM, 3233.25, 9038.25, 1617.3, 322.81, 220.07, 160.84, 314.87, 170.44, 238.6028, 95.96, 30.06, 63.39, 126.04, 62.96, 87.54, , , , , 
1/31/2020 12:55:57 PM, 3233.25, 9038.75, 1617.3, 322.83, 220.08, 160.85, 314.89, 170.444, 238.6028, 95.96, 30.06, 63.395, 126.05, 62.96, 87.54, , , , , 
1/31/2020 12:56:00 PM, 3232.75, 9037, 1617.1, 322.7512, 220.025, 160.82, 314.78, 170.4, 238.5244, 95.94, 30.05, 63.39, 126.03, 62.96, 87.54, , , , , 
1/31/2020 12:56:03 PM, 3232.5, 9036.75, 1617, 322.73, 220.01, 160.81, 314.82, 170.3931, 238.52, 95.94, 30.0509, 63.39, 126.035, 62.96, 87.54, , , , , 
1/31/2020 12:56:06 PM, 3232.75, 9036.75, 1616.9, 322.73, 220, 160.79, 314.795, 170.4, 238.5, 95.94, 30.05, 63.385, 126.01, 62.96, 87.53, , , , , 
1/31/2020 12:56:09 PM, 3233, 9037.5, 1617.1, 322.7666, 220.03, 160.82, 314.88, 170.43, 238.6289, 95.9517, 30.055, 63.385, 126.03, 62.96, 87.54, , , , , 
1/31/2020 12:56:12 PM, 3233, 9037.5, 1617, 322.77, 220.04, 160.8, 314.8878, 170.4204, 238.6289, 95.9517, 30.055, 63.385, 126.02, 62.96, 87.54, , , , , 
1/31/2020 12:56:15 PM, 3233.25, 9038, 1617, 322.78, 220.04, 160.8, 314.87, 170.4295, 238.58, 95.9534, 30.055, 63.39, 126.02, 62.96, 87.5379, , , , , 
1/31/2020 12:56:18 PM, 3233, 9037, 1617, 322.78, 220.0372, 160.8, 314.88, 170.425, 238.62, 95.96, 30.06, 63.385, 126.02, 62.96, 87.5379, , , , , 
1/31/2020 12:56:21 PM, 3232.75, 9037, 1617, 322.75, 220.01, 160.81, 314.8325, 170.41, 238.5762, 95.96, 30.05, 63.39, 126.02, 62.96, 87.5379, , , , , 
1/31/2020 12:56:24 PM, 3232.75, 9036.25, 1617, 322.7299, 220.01, 160.81, 314.8599, 170.401, 238.6, 95.94, 30.05, 63.38, 126.02, 62.96, 87.5379, , , , , 
1/31/2020 12:56:27 PM, 3232.25, 9035.25, 1616.9, 322.705, 220, 160.802, 314.747, 170.38, 238.5595, 95.93, 30.05, 63.385, 126.01, 62.96, 87.5379, , , , , 
1/31/2020 12:56:30 PM, 3231.75, 9034, 1616.7, 322.64, 219.945, 160.79, 314.68, 170.35, 238.46, 95.91, 30.04, 63.37, 125.97, 62.96, 87.53, , , , , 
1/31/2020 12:56:33 PM, 3231.5, 9033.25, 1616.4, 322.62, 219.94, 160.76, 314.67, 170.35, 238.46, 95.9, 30.04, 63.37, 125.97, 62.96, 87.53, , , , , 
1/31/2020 12:56:36 PM, 3232, 9034.75, 1616.7, 322.65, 219.96, 160.77, 314.71, 170.35, 238.54, 95.9, 30.04, 63.375, 125.98, 62.96, 87.52, , , , , 
1/31/2020 12:56:39 PM, 3232, 9035.75, 1616.8, 322.69, 220, 160.79, 314.7298, 170.39, 238.54, 95.93, 30.05, 63.375, 126, 62.96, 87.52, , , , , 
1/31/2020 12:56:42 PM, 3232.25, 9036, 1616.8, 322.7, 220, 160.79, 314.7351, 170.39, 238.54, 95.93, 30.05, 63.385, 126, 62.96, 87.52, , , , , 
1/31/2020 12:56:45 PM, 3232, 9035.25, 1616.6, 322.6756, 219.98, 160.78, 314.6886, 170.3606, 238.5, 95.92, 30.05, 63.38, 126, 62.96, 87.52, , , , , 
1/31/2020 12:56:48 PM, 3232.25, 9035, 1616.8, 322.69, 219.9837, 160.78, 314.706, 170.3679, 238.51, 95.92, 30.05, 63.385, 126, 62.96, 87.52, , , , , 
1/31/2020 12:56:51 PM, 3232.5, 9037, 1616.9, 322.725, 220.01, 160.8, 314.7541, 170.4, 238.51, 95.93, 30.05, 63.385, 126.005, 62.96, 87.53, , , , , 
1/31/2020 12:56:54 PM, 3233.25, 9039.25, 1617.3, 322.8, 220.07, 160.84, 314.898, 170.42, 238.6141, 95.95, 30.055, 63.39, 126.03, 62.96, 87.54, , , , , 
1/31/2020 12:56:57 PM, 3233, 9038.75, 1617.3, 322.81, 220.06, 160.845, 314.85, 170.41, 238.6141, 95.96, 30.06, 63.4, 126.04, 62.96, 87.54, , , , , 
1/31/2020 12:57:00 PM, 3233, 9038.25, 1617.3, 322.78, 220.05, 160.82, 314.84, 170.43, 238.6141, 95.95, 30.06, 63.4, 126.02, 62.96, 87.54, , , , , 
1/31/2020 12:57:03 PM, 3233, 9038.25, 1617.3, 322.78, 220.05, 160.82, 314.84, 170.43, 238.6141, 95.95, 30.06, 63.4, 126.02, 62.96, 87.54, , , , , 
1/31/2020 12:57:06 PM, 3233.5, 9039.25, 1617.4, 322.8, 220.07, 160.84, 314.8515, 170.44, 238.61, 95.96, 30.06, 63.4, 126.02, 62.96, 87.54, , , , , 
1/31/2020 12:57:09 PM, 3233.5, 9039.25, 1617.4, 322.8, 220.07, 160.84, 314.8515, 170.44, 238.61, 95.96, 30.06, 63.4, 126.02, 62.96, 87.54, , , , , 
1/31/2020 12:57:12 PM, 3233.25, 9038.5, 1617.4, 322.805, 220.07, 160.84, 314.81, 170.43, 238.6, 95.9566, 30.06, 63.405, 126.03, 62.96, 87.535, , , , , 
1/31/2020 12:57:15 PM, 3233.25, 9038.5, 1617.4, 322.805, 220.07, 160.84, 314.81, 170.43, 238.6, 95.9566, 30.06, 63.405, 126.03, 62.96, 87.535, , , , , 
1/31/2020 12:57:18 PM, 3233.5, 9040, 1617.5, 322.805, 220.065, 160.85, 314.7875, 170.4675, 238.65, 95.9539, 30.055, 63.4, 126.02, 62.96, 87.535, , , , , 
1/31/2020 12:57:21 PM, 3233.5, 9040, 1617.5, 322.805, 220.065, 160.85, 314.7875, 170.4675, 238.65, 95.9539, 30.055, 63.4, 126.02, 62.96, 87.535, , , , , 
1/31/2020 12:57:24 PM, 3233.25, 9038.75, 1617.3, 322.795, 220.06, 160.85, 314.77, 170.4752, 238.65, 95.95, 30.055, 63.4, 126.02, 62.96, 87.535, , , , , 
1/31/2020 12:57:27 PM, 3233.25, 9038.75, 1617.3, 322.795, 220.06, 160.85, 314.77, 170.4752, 238.65, 95.95, 30.055, 63.4, 126.02, 62.96, 87.535, , , , , 
1/31/2020 12:57:30 PM, 3233.25, 9039, 1617.4, 322.81, 220.0669, 160.85, 314.8, 170.461, 238.645, 95.95, 30.055, 63.405, 126.02, 62.96, 87.535, , , , , 
1/31/2020 12:57:33 PM, 3233.25, 9039, 1617.4, 322.81, 220.0669, 160.85, 314.8, 170.461, 238.645, 95.95, 30.055, 63.405, 126.02, 62.96, 87.535, , , , , 
1/31/2020 12:57:36 PM, 3232.5, 9036.75, 1617, 322.74, 220.055, 160.84, 314.77, 170.42, 238.6447, 95.95, 30.05, 63.4, 125.995, 62.96, 87.54, , , , , 
1/31/2020 12:57:40 PM, 3232.5, 9036.75, 1617, 322.74, 220.055, 160.84, 314.77, 170.42, 238.6447, 95.95, 30.05, 63.4, 125.995, 62.96, 87.54, , , , , 
1/31/2020 12:57:43 PM, 3234, 9040.75, 1617.6, 322.88, 220.1, 160.86, 314.8, 170.48, 238.7, 95.97, 30.065, 63.41, 126.04, 62.96, 87.54, , , , , 
1/31/2020 12:57:46 PM, 3234, 9040.75, 1617.6, 322.88, 220.1, 160.86, 314.8, 170.48, 238.7, 95.97, 30.065, 63.41, 126.04, 62.96, 87.54, , , , , 
1/31/2020 12:57:49 PM, 3234.5, 9041.25, 1617.8, 322.92, 220.14, 160.88, 314.89, 170.5, 238.8, 95.99, 30.07, 63.41, 126.06, 62.96, 87.55, , , , , 
1/31/2020 12:57:52 PM, 3234.5, 9041.25, 1617.8, 322.92, 220.14, 160.88, 314.89, 170.5, 238.8, 95.99, 30.07, 63.41, 126.06, 62.96, 87.55, , , , , 
1/31/2020 12:57:55 PM, 3234.25, 9041.25, 1617.7, 322.89, 220.1, 160.86, 314.7694, 170.48, 238.7, 95.9748, 30.07, 63.415, 126.045, 62.96, 87.545, , , , , 
1/31/2020 12:57:58 PM, 3234.25, 9041.25, 1617.7, 322.89, 220.1, 160.86, 314.7694, 170.48, 238.7, 95.9748, 30.07, 63.415, 126.045, 62.96, 87.545, , , , , 
1/31/2020 12:58:01 PM, 3234.5, 9041.25, 1617.7, 322.94, 220.15, 160.88, 314.8, 170.53, 238.81, 95.99, 30.08, 63.42, 126.07, 62.96, 87.545, , , , , 
1/31/2020 12:58:04 PM, 3234.5, 9041.25, 1617.7, 322.94, 220.15, 160.88, 314.8, 170.53, 238.81, 95.99, 30.08, 63.42, 126.07, 62.96, 87.545, , , , , 
1/31/2020 12:58:07 PM, 3234.75, 9041.5, 1617.8, 322.93, 220.13, 160.89, 314.82, 170.505, 238.74, 95.99, 30.08, 63.415, 126.07, 62.96, 87.545, , , , , 
1/31/2020 12:58:10 PM, 3234.75, 9041.5, 1617.8, 322.93, 220.13, 160.89, 314.82, 170.505, 238.74, 95.99, 30.08, 63.415, 126.07, 62.96, 87.545, , , , , 
1/31/2020 12:58:13 PM, 3234, 9040.75, 1617.5, 322.87, 220.11, 160.85, 314.8, 170.48, 238.7999, 95.98, 30.07, 63.405, 126.06, 62.96, 87.54, , , , , 
1/31/2020 12:58:16 PM, 3234, 9040.75, 1617.5, 322.87, 220.11, 160.85, 314.8, 170.48, 238.7999, 95.98, 30.07, 63.405, 126.06, 62.96, 87.54, , , , , 
1/31/2020 12:58:19 PM, 3234, 9040.5, 1617.4, 322.88, 220.1, 160.85, 314.79, 170.475, 238.7999, 95.98, 30.07, 63.41, 126.06, 62.96, 87.54, , , , , 
1/31/2020 12:58:22 PM, 3234, 9040.5, 1617.4, 322.88, 220.1, 160.85, 314.79, 170.475, 238.7999, 95.98, 30.07, 63.41, 126.06, 62.96, 87.54, , , , , 
1/31/2020 12:58:25 PM, 3234, 9040, 1616.9, 322.87, 220.09, 160.81, 314.7667, 170.49, 238.76, 95.97, 30.07, 63.41, 126.06, 62.96, 87.54, , , , , 
1/31/2020 12:58:28 PM, 3234, 9040, 1616.9, 322.87, 220.09, 160.81, 314.7667, 170.49, 238.76, 95.97, 30.07, 63.41, 126.06, 62.96, 87.54, , , , , 
1/31/2020 12:58:31 PM, 3233.5, 9038.75, 1616.8, 322.8399, 220.06, 160.79, 314.71, 170.48, 238.7, 95.9621, 30.065, 63.415, 126.04, 62.96, 87.54, , , , , 
1/31/2020 12:58:34 PM, 3233.5, 9038.75, 1616.8, 322.8399, 220.06, 160.79, 314.71, 170.48, 238.7, 95.9621, 30.065, 63.415, 126.04, 62.96, 87.54, , , , , 
1/31/2020 12:58:37 PM, 3233.25, 9037.5, 1616.6, 322.805, 220.045, 160.76, 314.69, 170.46, 238.7, 95.96, 30.06, 63.41, 126.03, 62.96, 87.54, , , , , 
1/31/2020 12:58:40 PM, 3233.25, 9037.5, 1616.6, 322.805, 220.045, 160.76, 314.69, 170.46, 238.7, 95.96, 30.06, 63.41, 126.03, 62.96, 87.54, , , , , 
1/31/2020 12:58:43 PM, 3232.75, 9035.75, 1616.2, 322.75, 219.99, 160.74, 314.6, 170.41, 238.5284, 95.93, 30.0668, 63.398, 126, 62.96, 87.54, , , , , 
1/31/2020 12:58:46 PM, 3232.75, 9035.75, 1616.2, 322.75, 219.99, 160.74, 314.6, 170.41, 238.5284, 95.93, 30.0668, 63.398, 126, 62.96, 87.54, , , , , 
1/31/2020 12:58:49 PM, 3233.25, 9037.5, 1616.4, 322.82, 220.04, 160.76, 314.69, 170.45, 238.56, 95.95, 30.06, 63.4, 126.01, 62.96, 87.54, , , , , 
1/31/2020 12:58:52 PM, 3233.25, 9037.5, 1616.4, 322.82, 220.04, 160.76, 314.69, 170.45, 238.56, 95.95, 30.06, 63.4, 126.01, 62.96, 87.54, , , , , 
1/31/2020 12:58:55 PM, 3233, 9036.25, 1616.2, 322.7808, 220.04, 160.76, 314.69, 170.44, 238.56, 95.95, 30.06, 63.395, 126.02, 62.96, 87.537, , , , , 
1/31/2020 12:58:58 PM, 3233, 9036.25, 1616.2, 322.7808, 220.04, 160.76, 314.69, 170.44, 238.56, 95.95, 30.06, 63.395, 126.02, 62.96, 87.537, , , , , 
1/31/2020 12:59:01 PM, 3233, 9036.25, 1616.3, 322.75, 220.01, 160.76, 314.7303, 170.41, 238.61, 95.94, 30.06, 63.395, 126.01, 62.96, 87.53, , , , , 
1/31/2020 12:59:04 PM, 3232.5, 9035.75, 1616.1, 322.76, 220, 160.71, 314.724, 170.41, 238.61, 95.94, 30.06, 63.395, 126.01, 62.96, 87.53, , , , , 
1/31/2020 12:59:07 PM, 3232, 9034.5, 1615.7, 322.71, 219.97, 160.71, 314.66, 170.41, 238.5, 95.92, 30.05, 63.38, 125.99, 62.96, 87.52, , , , , 
1/31/2020 12:59:10 PM, 3232, 9034.5, 1615.7, 322.71, 219.96, 160.71, 314.69, 170.43, 238.46, 95.92, 30.05, 63.38, 125.99, 62.96, 87.52, , , , , 
1/31/2020 12:59:13 PM, 3232.25, 9035.5, 1615.8, 322.68, 219.97, 160.6769, 314.701, 170.44, 238.5, 95.92, 30.045, 63.375, 125.99, 62.96, 87.52, , , , , 
1/31/2020 12:59:16 PM, 3232.25, 9035.5, 1615.8, 322.68, 219.96, 160.6769, 314.7233, 170.4541, 238.49, 95.92, 30.045, 63.375, 125.99, 62.96, 87.52, , , , , 
1/31/2020 12:59:19 PM, 3232, 9035, 1615.9, 322.67, 219.97, 160.7027, 314.7072, 170.4469, 238.49, 95.9238, 30.045, 63.375, 125.985, 62.96, 87.52, , , , , 
1/31/2020 12:59:22 PM, 3232, 9035, 1615.9, 322.67, 219.96, 160.7027, 314.696, 170.435, 238.47, 95.9238, 30.045, 63.375, 125.985, 62.96, 87.52, , , , , 
1/31/2020 12:59:25 PM, 3231.75, 9034, 1615.6, 322.66, 219.96, 160.6707, 314.7191, 170.45, 238.44, 95.92, 30.04, 63.375, 125.9806, 62.96, 87.52, , , , , 
1/31/2020 12:59:28 PM, 3231.75, 9034, 1615.6, 322.66, 219.96, 160.6707, 314.72, 170.435, 238.44, 95.92, 30.04, 63.375, 125.9806, 62.96, 87.52, , , , , 
1/31/2020 12:59:31 PM, 3231.5, 9032.75, 1615.4, 322.6, 219.93, 160.65, 314.677, 170.4055, 238.3955, 95.9, 30.03, 63.365, 125.96, 62.96, 87.52, , , , , 
1/31/2020 12:59:34 PM, 3231.5, 9032.75, 1615.4, 322.6, 219.92, 160.65, 314.6901, 170.4, 238.3748, 95.9, 30.03, 63.365, 125.96, 62.96, 87.52, , , , , 
1/31/2020 12:59:37 PM, 3231.5, 9033.25, 1615.3, 322.62, 219.94, 160.66, 314.72, 170.41, 238.37, 95.905, 30.03, 63.365, 125.96, 62.96, 87.52, , , , , 
1/31/2020 12:59:40 PM, 3231.5, 9033.25, 1615.3, 322.62, 219.91, 160.66, 314.695, 170.4, 238.37, 95.905, 30.03, 63.365, 125.96, 62.96, 87.52, , , , , 
1/31/2020 12:59:43 PM, 3232, 9034.25, 1615.6, 322.63, 219.94, 160.66, 314.7, 170.4229, 238.42, 95.915, 30.03, 63.365, 125.98, 62.96, 87.52, , , , , 
1/31/2020 12:59:46 PM, 3232, 9034.25, 1615.6, 322.63, 219.95, 160.66, 314.75, 170.4229, 238.44, 95.915, 30.03, 63.365, 125.98, 62.96, 87.52, , , , , 
1/31/2020 12:59:49 PM, 3231.75, 9033.75, 1615.7, 322.6368, 219.95, 160.67, 314.7924, 170.43, 238.4513, 95.92, 30.0344, 63.37, 125.9747, 62.96, 87.52, , , , , 
1/31/2020 12:59:52 PM, 3232, 9035.25, 1615.8, 322.68, 219.97, 160.69, 314.81, 170.43, 238.4928, 95.93, 30.04, 63.375, 126, 62.96, 87.52, , , , , 
1/31/2020 12:59:55 PM, 3232, 9035.5, 1615.7, 322.6879, 219.97, 160.69, 314.81, 170.43, 238.4928, 95.93, 30.04, 63.37, 126, 62.96, 87.52, , , , , 
1/31/2020 12:59:58 PM, 3232.5, 9036.25, 1615.7, 322.705, 220, 160.675, 314.82, 170.48, 238.53, 95.93, 30.04, 63.37, 126.01, 62.96, 87.52, , , , , 
1/31/2020 1:00:01 PM, 3231.75, 9034.5, 1615.4, 322.665, 220, 160.66, 314.82, 170.48, 238.53, 95.93, 30.045, 63.37, 126, 62.96, 87.5111, , , , , 
1/31/2020 1:00:04 PM, 3232.25, 9036.5, 1615.9, 322.7, 220.01, 160.68, 314.85, 170.49, 238.515, 95.94, 30.045, 63.365, 126, 62.96, 87.52, , , , , 
1/31/2020 1:00:07 PM, 3231.75, 9035.25, 1615.5, 322.71, 220.01, 160.69, 314.85, 170.49, 238.515, 95.95, 30.05, 63.365, 126, 62.96, 87.515, , , , , 
1/31/2020 1:00:10 PM, 3231.5, 9034, 1615.6, 322.63, 219.95, 160.665, 314.77, 170.45, 238.4678, 95.92, 30.04, 63.36, 126, 62.96, 87.515, , , , , 
1/31/2020 1:00:13 PM, 3231.75, 9035.25, 1615.8, 322.665, 219.95, 160.69, 314.77, 170.45, 238.4678, 95.93, 30.04, 63.36, 125.99, 62.96, 87.515, , , , , 
1/31/2020 1:00:17 PM, 3232, 9036, 1615.8, 322.68, 219.98, 160.685, 314.87, 170.4792, 238.56, 95.93, 30.04, 63.36, 125.99, 62.96, 87.515, , , , , 
1/31/2020 1:00:20 PM, 3232.5, 9037.5, 1616.1, 322.72, 219.98, 160.72, 314.87, 170.4792, 238.56, 95.94, 30.045, 63.36, 125.99, 62.96, 87.52, , , , , 
1/31/2020 1:00:23 PM, 3232.5, 9037.75, 1616.1, 322.73, 220.039, 160.73, 314.92, 170.495, 238.56, 95.94, 30.045, 63.37, 126.02, 62.96, 87.53, , , , , 
1/31/2020 1:00:26 PM, 3232.75, 9038, 1616.1, 322.71, 220.039, 160.71, 314.92, 170.495, 238.56, 95.95, 30.045, 63.37, 126.02, 62.96, 87.53, , , , , 
1/31/2020 1:00:29 PM, 3233.25, 9039.25, 1616.4, 322.77, 220.0757, 160.725, 315.06, 170.53, 238.65, 95.97, 30.05, 63.38, 126.03, 62.96, 87.53, , , , , 
1/31/2020 1:00:32 PM, 3233.25, 9040, 1616.5, 322.805, 220.0757, 160.7407, 315.06, 170.53, 238.65, 95.98, 30.05, 63.38, 126.05, 62.96, 87.53, , , , , 
1/31/2020 1:00:35 PM, 3234, 9041, 1616.7, 322.86, 220.11, 160.76, 315.13, 170.56, 238.75, 96, 30.055, 63.385, 126.07, 62.96, 87.54, , , , , 
1/31/2020 1:00:38 PM, 3233.5, 9040.25, 1616.5, 322.82, 220.11, 160.7581, 315.13, 170.56, 238.75, 96, 30.055, 63.39, 126.07, 62.96, 87.54, , , , , 
1/31/2020 1:00:41 PM, 3233.5, 9039.25, 1616.3, 322.809, 220.085, 160.76, 315.12, 170.56, 238.67, 95.99, 30.05, 63.38, 126.05, 62.96, 87.54, , , , , 
1/31/2020 1:00:44 PM, 3233.75, 9040.75, 1616.5, 322.83, 220.085, 160.77, 315.12, 170.56, 238.67, 96, 30.05, 63.385, 126.06, 62.96, 87.54, , , , , 
1/31/2020 1:00:47 PM, 3233.75, 9040, 1616.5, 322.82, 220.09, 160.75, 315.14, 170.57, 238.67, 95.99, 30.055, 63.39, 126.055, 62.96, 87.54, , , , , 
1/31/2020 1:00:50 PM, 3233.75, 9040.75, 1616.5, 322.84, 220.09, 160.77, 315.14, 170.57, 238.67, 96, 30.0532, 63.39, 126.05, 62.96, 87.54, , , , , 
1/31/2020 1:00:53 PM, 3234.25, 9043, 1616.8, 322.9, 220.15, 160.77, 315.1701, 170.61, 238.81, 96.005, 30.06, 63.4, 126.07, 62.96, 87.54, , , , , 
1/31/2020 1:00:56 PM, 3234.5, 9042.5, 1616.8, 322.88, 220.15, 160.79, 315.1701, 170.61, 238.81, 96.015, 30.06, 63.4, 126.08, 62.96, 87.555, , , , , 
1/31/2020 1:00:59 PM, 3234.75, 9043.5, 1617, 322.92, 220.16, 160.795, 315.19, 170.62, 238.85, 96.02, 30.07, 63.4, 126.08, 62.96, 87.55, , , , , 
1/31/2020 1:01:02 PM, 3234.75, 9043.75, 1617.1, 322.93, 220.16, 160.81, 315.19, 170.62, 238.85, 96.02, 30.07, 63.4, 126.09, 62.96, 87.55, , , , , 
1/31/2020 1:01:05 PM, 3235, 9044.75, 1617.2, 323, 220.2, 160.83, 315.2315, 170.65, 238.8522, 96.04, 30.08, 63.415, 126.11, 62.96, 87.55, , , , , 
1/31/2020 1:01:08 PM, 3235.25, 9044.5, 1617.1, 323, 220.2, 160.8236, 315.2315, 170.65, 238.8522, 96.0454, 30.07, 63.415, 126.12, 62.96, 87.55, , , , , 
1/31/2020 1:01:11 PM, 3235, 9044, 1617.2, 322.98, 220.15, 160.83, 315.18, 170.63, 238.81, 96.05, 30.07, 63.415, 126.11, 62.96, 87.55, , , , , 
1/31/2020 1:01:14 PM, 3234.75, 9043, 1616.9, 322.92, 220.15, 160.8, 315.18, 170.63, 238.81, 96.03, 30.07, 63.415, 126.09, 62.96, 87.55, , , , , 
1/31/2020 1:01:17 PM, 3234.75, 9042.25, 1616.8, 322.9246, 220.14, 160.8, 315.17, 170.61, 238.765, 96.03, 30.07, 63.405, 126.09, 62.96, 87.55, , , , , 
1/31/2020 1:01:20 PM, 3235, 9043.5, 1617.1, 322.95, 220.14, 160.82, 315.17, 170.61, 238.765, 96.03, 30.07, 63.4, 126.1, 62.96, 87.55, , , , , 
1/31/2020 1:01:23 PM, 3234.75, 9043, 1617.1, 322.95, 220.17, 160.8207, 315.13, 170.625, 238.83, 96.03, 30.07, 63.4, 126.1, 62.96, 87.55, , , , , 
1/31/2020 1:01:26 PM, 3234.75, 9044, 1617, 322.93, 220.17, 160.8207, 315.13, 170.625, 238.83, 96.025, 30.0722, 63.4, 126.1, 62.96, 87.55, , , , , 
1/31/2020 1:01:29 PM, 3235.25, 9044.25, 1617.1, 322.99, 220.23, 160.83, 315.22, 170.67, 238.88, 96.025, 30.0722, 63.405, 126.1, 62.96, 87.55, , , , , 
1/31/2020 1:01:32 PM, 3235.5, 9045.75, 1617.4, 323.0193, 220.23, 160.845, 315.22, 170.67, 238.88, 96.06, 30.08, 63.41, 126.13, 62.96, 87.55, , , , , 
1/31/2020 1:01:35 PM, 3235.75, 9045.5, 1617.5, 323.04, 220.21, 160.86, 315.21, 170.64, 238.88, 96.0589, 30.08, 63.41, 126.13, 62.96, 87.555, , , , , 
1/31/2020 1:01:38 PM, 3235.75, 9046.25, 1617.6, 323.05, 220.21, 160.86, 315.21, 170.64, 238.88, 96.0589, 30.08, 63.41, 126.15, 62.96, 87.555, , , , , 
1/31/2020 1:01:41 PM, 3236, 9046.25, 1617.6, 323.07, 220.25, 160.86, 315.25, 170.67, 238.95, 96.06, 30.08, 63.415, 126.155, 62.96, 87.555, , , , , 
1/31/2020 1:01:44 PM, 3236, 9047, 1617.8, 323.07, 220.24, 160.88, 315.24, 170.67, 238.915, 96.065, 30.08, 63.41, 126.16, 62.96, 87.555, , , , , 
1/31/2020 1:01:47 PM, 3235.75, 9046.25, 1617.8, 323.06, 220.245, 160.88, 315.21, 170.67, 238.915, 96.06, 30.08, 63.41, 126.16, 62.96, 87.555, , , , , 
1/31/2020 1:01:50 PM, 3236.75, 9048.25, 1617.9, 323.13, 220.28, 160.91, 315.2591, 170.71, 238.96, 96.08, 30.09, 63.42, 126.19, 62.96, 87.56, , , , , 
1/31/2020 1:01:53 PM, 3236.5, 9047.75, 1618, 323.115, 220.285, 160.91, 315.24, 170.7, 239.12, 96.08, 30.09, 63.425, 126.19, 62.96, 87.56, , , , , 
1/31/2020 1:01:56 PM, 3236.25, 9047.75, 1618, 323.13, 220.27, 160.93, 315.225, 170.705, 239.21, 96.08, 30.09, 63.425, 126.19, 62.96, 87.56, , , , , 
1/31/2020 1:01:59 PM, 3236.25, 9047.75, 1617.9, 323.1, 220.2599, 160.91, 315.22, 170.6756, 239.2147, 96.0736, 30.09, 63.42, 126.19, 62.96, 87.56, , , , , 
1/31/2020 1:02:02 PM, 3236, 9047.5, 1617.9, 323.08, 220.28, 160.9, 315.195, 170.7001, 239.2676, 96.075, 30.0831, 63.41, 126.17, 62.96, 87.56, , , , , 
1/31/2020 1:02:05 PM, 3235.75, 9047.25, 1617.8, 323.06, 220.27, 160.89, 315.2101, 170.7, 239.23, 96.075, 30.085, 63.41, 126.16, 62.96, 87.56, , , , , 
1/31/2020 1:02:09 PM, 3236, 9047.25, 1617.9, 323.08, 220.2847, 160.9, 315.26, 170.7, 239.23, 96.075, 30.085, 63.41, 126.17, 62.96, 87.56, , , , , 
1/31/2020 1:02:12 PM, 3235.75, 9047, 1618, 323.06, 220.26, 160.91, 315.26, 170.71, 239.23, 96.08, 30.08, 63.41, 126.16, 62.96, 87.56, , , , , 
1/31/2020 1:02:15 PM, 3235.5, 9046.75, 1617.9, 323.0501, 220.23, 160.9, 315.18, 170.69, 239.06, 96.08, 30.08, 63.41, 126.16, 62.96, 87.56, , , , , 
1/31/2020 1:02:18 PM, 3235, 9045.25, 1617.6, 323, 220.2225, 160.87, 315.1192, 170.69, 239.1302, 96.06, 30.075, 63.4, 126.15, 62.96, 87.56, , , , , 
1/31/2020 1:02:21 PM, 3235.25, 9045, 1617.6, 323, 220.21, 160.87, 315.12, 170.68, 239.12, 96.06, 30.075, 63.4, 126.14, 62.96, 87.56, , , , , 
1/31/2020 1:02:24 PM, 3234.75, 9044.25, 1617.5, 322.97, 220.19, 160.87, 315.1041, 170.66, 239.0502, 96.04, 30.07, 63.4, 126.13, 62.96, 87.56, , , , , 
1/31/2020 1:02:27 PM, 3234.5, 9043.25, 1617.3, 322.94, 220.17, 160.85, 315.12, 170.65, 239.04, 96.04, 30.07, 63.4, 126.12, 62.96, 87.56, , , , , 
1/31/2020 1:02:30 PM, 3234.75, 9044.5, 1617.5, 322.96, 220.2, 160.85, 315.14, 170.655, 239.04, 96.03, 30.07, 63.4, 126.11, 62.96, 87.56, , , , , 
1/31/2020 1:02:33 PM, 3234.75, 9044.5, 1617.5, 322.97, 220.21, 160.86, 315.14, 170.67, 239.01, 96.05, 30.07, 63.395, 126.11, 62.96, 87.55, , , , , 
1/31/2020 1:02:36 PM, 3235.25, 9045.25, 1617.6, 323, 220.21, 160.88, 315.1359, 170.6762, 239.1022, 96.05, 30.07, 63.4, 126.11, 62.96, 87.555, , , , , 
1/31/2020 1:02:39 PM, 3234.75, 9044.75, 1617.4, 322.98, 220.2, 160.8601, 315.1, 170.67, 239.12, 96.05, 30.07, 63.395, 126.11, 62.96, 87.555, , , , , 
1/31/2020 1:02:42 PM, 3234.5, 9044, 1617.2, 322.93, 220.19, 160.8601, 315.05, 170.685, 239.0933, 96.05, 30.07, 63.395, 126.11, 62.96, 87.55, , , , , 
1/31/2020 1:02:45 PM, 3234.75, 9044.5, 1617.3, 322.95, 220.2, 160.82, 315.1, 170.69, 239.13, 96.04, 30.07, 63.395, 126.11, 62.96, 87.55, , , , , 
1/31/2020 1:02:48 PM, 3235, 9044.75, 1617.4, 322.95, 220.2, 160.84, 315.1, 170.7, 239.0901, 96.04, 30.07, 63.395, 126.11, 62.96, 87.5416, , , , , 
1/31/2020 1:02:51 PM, 3234.75, 9045.25, 1617.5, 322.9646, 220.22, 160.85, 315.16, 170.7, 239.0901, 96.04, 30.07, 63.395, 126.11, 62.96, 87.5416, , , , , 
1/31/2020 1:02:54 PM, 3235.25, 9046.75, 1617.8, 323.02, 220.27, 160.89, 315.1601, 170.731, 239.256, 96.06, 30.08, 63.395, 126.13, 62.96, 87.545, , , , , 
1/31/2020 1:02:57 PM, 3236, 9048, 1618, 323.06, 220.27, 160.91, 315.1944, 170.76, 239.28, 96.07, 30.075, 63.4, 126.145, 62.96, 87.55, , , , , 
1/31/2020 1:03:00 PM, 3235.25, 9046.75, 1617.8, 323.0428, 220.25, 160.89, 315.13, 170.755, 239.23, 96.07, 30.08, 63.4, 126.145, 62.96, 87.555, , , , , 
1/31/2020 1:03:03 PM, 3235.25, 9046, 1617.6, 322.99, 220.25, 160.88, 315.1321, 170.76, 239.15, 96.07, 30.07, 63.4, 126.13, 62.96, 87.555, , , , , 
1/31/2020 1:03:06 PM, 3235, 9046.5, 1617.6, 323.01, 220.24, 160.87, 315.12, 170.74, 239.16, 96.07, 30.07, 63.395, 126.13, 62.96, 87.555, , , , , 
1/31/2020 1:03:09 PM, 3235.5, 9047, 1617.7, 323.01, 220.26, 160.87, 315.165, 170.75, 239.16, 96.07, 30.07, 63.39, 126.13, 62.96, 87.555, , , , , 
1/31/2020 1:03:12 PM, 3235.25, 9047, 1617.6, 323.0054, 220.26, 160.865, 315.1635, 170.7526, 239.16, 96.07, 30.07, 63.39, 126.13, 62.96, 87.555, , , , , 
1/31/2020 1:03:15 PM, 3235.5, 9046.5, 1617.6, 323, 220.24, 160.87, 315.165, 170.7433, 239.16, 96.07, 30.075, 63.39, 126.13, 62.96, 87.555, , , , , 
1/31/2020 1:03:18 PM, 3235, 9046, 1617.5, 322.98, 220.23, 160.8642, 315.2, 170.725, 239.16, 96.07, 30.075, 63.395, 126.13, 62.96, 87.555, , , , , 
1/31/2020 1:03:21 PM, 3235.25, 9045.75, 1617.5, 322.98, 220.24, 160.85, 315.1852, 170.72, 239.15, 96.07, 30.07, 63.395, 126.13, 62.96, 87.555, , , , , 
1/31/2020 1:03:24 PM, 3235.25, 9047, 1617.8, 323.03, 220.26, 160.89, 315.2212, 170.74, 239.2, 96.0801, 30.0731, 63.4, 126.14, 62.96, 87.56, , , , , 
1/31/2020 1:03:27 PM, 3235.25, 9046.75, 1617.8, 323.01, 220.26, 160.9, 315.203, 170.735, 239.2, 96.08, 30.075, 63.4, 126.14, 62.96, 87.56, , , , , 
1/31/2020 1:03:30 PM, 3235.25, 9045.25, 1617.7, 322.99, 220.26, 160.9, 315.203, 170.735, 239.2, 96.0601, 30.0736, 63.405, 126.13, 62.96, 87.56, , , , , 
1/31/2020 1:03:33 PM, 3235.25, 9045.75, 1617.6, 322.99, 220.22, 160.87, 315.17, 170.67, 239.19, 96.0601, 30.07, 63.4, 126.13, 62.96, 87.56, , , , , 
1/31/2020 1:03:36 PM, 3234.75, 9044.75, 1617.5, 322.97, 220.2, 160.86, 315.17, 170.615, 239.19, 96.0601, 30.07, 63.4, 126.13, 62.96, 87.56, , , , , 
1/31/2020 1:03:39 PM, 3234.5, 9044.5, 1617.4, 322.94, 220.195, 160.86, 315.16, 170.6353, 239.15, 96.05, 30.07, 63.395, 126.13, 62.96, 87.55, , , , , 
1/31/2020 1:03:42 PM, 3234.75, 9045.5, 1617.4, 322.95, 220.21, 160.85, 315.16, 170.65, 239.15, 96.05, 30.07, 63.395, 126.13, 62.96, 87.55, , , , , 
1/31/2020 1:03:45 PM, 3234.75, 9044.75, 1617.5, 322.9522, 220.1936, 160.85, 315.15, 170.62, 239.1, 96.05, 30.07, 63.395, 126.13, 62.96, 87.55, , , , , 
1/31/2020 1:03:48 PM, 3234.75, 9045.5, 1617.6, 322.96, 220.1936, 160.87, 315.16, 170.63, 239.1, 96.05, 30.0634, 63.395, 126.13, 62.96, 87.55, , , , , 
1/31/2020 1:03:51 PM, 3234.75, 9044.75, 1617.5, 322.95, 220.19, 160.87, 315.151, 170.6, 239.0301, 96.04, 30.0634, 63.395, 126.13, 62.96, 87.55, , , , , 
1/31/2020 1:03:54 PM, 3234.25, 9043.5, 1617.3, 322.92, 220.17, 160.85, 315.145, 170.585, 239.0301, 96.04, 30.0661, 63.395, 126.12, 62.96, 87.55, , , , , 
1/31/2020 1:03:57 PM, 3234.25, 9043.25, 1617.3, 322.92, 220.17, 160.8364, 315.145, 170.5892, 239.0538, 96.03, 30.0601, 63.395, 126.11, 62.96, 87.55, , , , , 
1/31/2020 1:04:00 PM, 3234.5, 9044.25, 1617.4, 322.91, 220.18, 160.84, 315.1451, 170.6, 239.005, 96.0334, 30.0634, 63.3933, 126.11, 62.96, 87.55, , , , , 
1/31/2020 1:04:03 PM, 3234.75, 9045.25, 1617.4, 322.96, 220.2, 160.85, 315.135, 170.61, 239.005, 96.0334, 30.07, 63.395, 126.12, 62.96, 87.55, , , , , 
1/31/2020 1:04:06 PM, 3234.75, 9044.75, 1617.5, 322.95, 220.2042, 160.85, 315.1346, 170.5934, 239.005, 96.0334, 30.07, 63.395, 126.12, 62.96, 87.55, , , , , 
1/31/2020 1:04:09 PM, 3234.5, 9044.25, 1617.4, 322.94, 220.19, 160.85, 315.13, 170.61, 239.005, 96.04, 30.07, 63.395, 126.12, 62.96, 87.55, , , , , 
1/31/2020 1:04:12 PM, 3233.5, 9040.25, 1616.9, 322.82, 220.16, 160.79, 315.04, 170.585, 238.99, 96, 30.06, 63.39, 126.07, 62.96, 87.55, , , , , 
1/31/2020 1:04:15 PM, 3233.5, 9040.25, 1616.9, 322.82, 220.09, 160.79, 314.925, 170.54, 238.89, 96, 30.06, 63.39, 126.07, 62.96, 87.55, , , , , 
1/31/2020 1:04:18 PM, 3232.5, 9037.25, 1616.5, 322.73, 220.07, 160.76, 314.85, 170.5, 238.89, 95.97, 30.05, 63.385, 126.04, 62.96, 87.55, , , , , 
1/31/2020 1:04:21 PM, 3232.5, 9037.25, 1616.5, 322.73, 220.07, 160.76, 314.8956, 170.5, 238.89, 95.97, 30.05, 63.385, 126.04, 62.96, 87.55, , , , , 
1/31/2020 1:04:24 PM, 3233.25, 9039.25, 1616.7, 322.8046, 220.09, 160.79, 314.935, 170.51, 238.8796, 95.99, 30.06, 63.3898, 126.06, 62.96, 87.5486, , , , , 
1/31/2020 1:04:27 PM, 3233.25, 9039.25, 1616.7, 322.8046, 220.07, 160.79, 314.88, 170.5159, 238.85, 95.99, 30.06, 63.3898, 126.06, 62.96, 87.5486, , , , , 
1/31/2020 1:04:30 PM, 3232.75, 9037.75, 1616.5, 322.74, 220.06, 160.76, 314.8563, 170.5, 238.85, 95.97, 30.05, 63.38, 126.06, 62.96, 87.54, , , , , 
1/31/2020 1:04:34 PM, 3232.75, 9037.75, 1616.5, 322.74, 220.02, 160.76, 314.8482, 170.4456, 238.77, 95.97, 30.05, 63.38, 126.06, 62.96, 87.54, , , , , 
1/31/2020 1:04:37 PM, 3232.5, 9038, 1616.5, 322.74, 220.03, 160.76, 314.83, 170.45, 238.84, 95.96, 30.055, 63.375, 126.06, 62.96, 87.53, , , , , 
1/31/2020 1:04:40 PM, 3232.5, 9038, 1616.5, 322.74, 220.0536, 160.76, 314.85, 170.47, 238.84, 95.96, 30.055, 63.375, 126.06, 62.96, 87.53, , , , , 
1/31/2020 1:04:43 PM, 3233.5, 9040, 1617.1, 322.8, 220.05, 160.82, 314.92, 170.49, 238.84, 95.98, 30.055, 63.38, 126.06, 62.96, 87.53, , , , , 
1/31/2020 1:04:46 PM, 3233.5, 9040, 1617.1, 322.8, 220.08, 160.82, 314.94, 170.505, 238.795, 95.98, 30.055, 63.38, 126.06, 62.96, 87.53, , , , , 
1/31/2020 1:04:49 PM, 3233.25, 9038.75, 1617, 322.8, 220.08, 160.81, 314.9277, 170.5, 238.8625, 95.98, 30.055, 63.37, 126.06, 62.96, 87.53, , , , , 
1/31/2020 1:04:52 PM, 3233.25, 9038.75, 1617, 322.8, 220.08, 160.81, 314.8781, 170.5053, 238.8625, 95.98, 30.055, 63.37, 126.06, 62.96, 87.53, , , , , 
1/31/2020 1:04:55 PM, 3232.75, 9038, 1616.7, 322.75, 220.03, 160.78, 314.855, 170.49, 238.83, 95.965, 30.06, 63.37, 126.05, 62.96, 87.53, , , , , 
1/31/2020 1:04:58 PM, 3232.75, 9038, 1616.7, 322.75, 220.04, 160.78, 314.8301, 170.49, 238.83, 95.965, 30.06, 63.37, 126.05, 62.96, 87.53, , , , , 
1/31/2020 1:05:01 PM, 3232.75, 9037.25, 1616.5, 322.73, 220.01, 160.76, 314.76, 170.47, 238.83, 95.965, 30.0534, 63.37, 126.05, 62.96, 87.53, , , , , 
1/31/2020 1:05:04 PM, 3232.75, 9037.25, 1616.5, 322.73, 220.02, 160.76, 314.79, 170.46, 238.8, 95.965, 30.0534, 63.37, 126.05, 62.96, 87.53, , , , , 
1/31/2020 1:05:07 PM, 3232.5, 9037, 1616.5, 322.75, 220.01, 160.76, 314.77, 170.46, 238.78, 95.96, 30.0532, 63.37, 126.05, 62.96, 87.53, , , , , 
1/31/2020 1:05:10 PM, 3232.5, 9037, 1616.5, 322.75, 220.03, 160.76, 314.79, 170.47, 238.78, 95.96, 30.0532, 63.37, 126.05, 62.96, 87.53, , , , , 
1/31/2020 1:05:13 PM, 3232.25, 9035.25, 1616.3, 322.705, 220.0201, 160.76, 314.7501, 170.46, 238.7922, 95.945, 30.055, 63.37, 126.04, 62.96, 87.53, , , , , 
1/31/2020 1:05:16 PM, 3232.25, 9035.25, 1616.3, 322.705, 219.9733, 160.76, 314.66, 170.43, 238.83, 95.945, 30.055, 63.37, 126.04, 62.96, 87.53, , , , , 
1/31/2020 1:05:19 PM, 3232.25, 9036, 1616.6, 322.71, 219.98, 160.77, 314.665, 170.4211, 238.75, 95.94, 30.05, 63.37, 126.04, 62.96, 87.53, , , , , 
1/31/2020 1:05:22 PM, 3232.25, 9036, 1616.6, 322.71, 220.0001, 160.77, 314.705, 170.449, 238.8, 95.94, 30.05, 63.37, 126.04, 62.96, 87.53, , , , , 
1/31/2020 1:05:25 PM, 3232.75, 9038, 1616.9, 322.73, 220.01, 160.8, 314.74, 170.4558, 238.85, 95.95, 30.05, 63.365, 126.035, 62.96, 87.53, , , , , 
1/31/2020 1:05:28 PM, 3232.75, 9038, 1616.9, 322.73, 220.05, 160.8, 314.74, 170.46, 238.84, 95.95, 30.05, 63.365, 126.035, 62.96, 87.53, , , , , 
1/31/2020 1:05:31 PM, 3233.25, 9039.75, 1617.3, 322.8, 220.035, 160.85, 314.77, 170.48, 238.9, 95.985, 30.06, 63.37, 126.08, 62.96, 87.53, , , , , 
1/31/2020 1:05:34 PM, 3233.25, 9039.75, 1617.3, 322.8, 220.08, 160.85, 314.8195, 170.5, 238.9455, 95.985, 30.06, 63.37, 126.08, 62.96, 87.53, , , , , 
1/31/2020 1:05:37 PM, 3233.5, 9039.75, 1617.5, 322.82, 220.08, 160.85, 314.8065, 170.5, 238.9455, 95.98, 30.06, 63.37, 126.09, 62.96, 87.535, , , , , 
1/31/2020 1:05:40 PM, 3233.5, 9039.75, 1617.5, 322.82, 220.0896, 160.85, 314.87, 170.51, 238.945, 95.98, 30.06, 63.37, 126.09, 62.96, 87.535, , , , , 
1/31/2020 1:05:43 PM, 3232.75, 9038.25, 1617.2, 322.76, 220.03, 160.83, 314.7601, 170.45, 238.81, 95.96, 30.055, 63.355, 126.07, 62.96, 87.535, , , , , 
1/31/2020 1:05:46 PM, 3232.75, 9038.25, 1617.2, 322.76, 220.0465, 160.83, 314.8103, 170.48, 238.76, 95.96, 30.055, 63.355, 126.07, 62.96, 87.535, , , , , 
1/31/2020 1:05:49 PM, 3233, 9038.25, 1617.4, 322.78, 220.05, 160.83, 314.8281, 170.475, 238.8289, 95.96, 30.065, 63.36, 126.08, 62.96, 87.535, , , , , 
1/31/2020 1:05:52 PM, 3233, 9038.25, 1617.4, 322.78, 220.032, 160.83, 314.805, 170.4736, 238.8289, 95.96, 30.065, 63.36, 126.08, 62.96, 87.535, , , , , 
1/31/2020 1:05:55 PM, 3232.75, 9037.5, 1617.2, 322.75, 220.04, 160.82, 314.79, 170.4898, 238.837, 95.96, 30.06, 63.35, 126.07, 62.96, 87.535, , , , , 
1/31/2020 1:05:58 PM, 3232.75, 9037.5, 1617.2, 322.75, 220.02, 160.82, 314.77, 170.48, 238.8062, 95.96, 30.06, 63.35, 126.07, 62.96, 87.535, , , , , 
1/31/2020 1:06:01 PM, 3232.5, 9036.5, 1616.9, 322.725, 220.01, 160.8, 314.71, 170.46, 238.83, 95.945, 30.05, 63.35, 126.07, 62.96, 87.53, , , , , 
1/31/2020 1:06:04 PM, 3232.5, 9036.5, 1616.9, 322.725, 220.01, 160.8, 314.6784, 170.46, 238.83, 95.945, 30.05, 63.35, 126.07, 62.96, 87.53, , , , , 
1/31/2020 1:06:07 PM, 3232.5, 9037, 1616.9, 322.73, 220.02, 160.8, 314.74, 170.46, 238.83, 95.94, 30.06, 63.35, 126.07, 62.96, 87.53, , , , , 
1/31/2020 1:06:10 PM, 3232.5, 9037, 1616.9, 322.73, 220.01, 160.8, 314.7, 170.455, 238.77, 95.94, 30.06, 63.35, 126.07, 62.96, 87.53, , , , , 
1/31/2020 1:06:13 PM, 3232.75, 9037, 1617, 322.75, 220.03, 160.81, 314.66, 170.465, 238.83, 95.9401, 30.06, 63.355, 126.07, 62.96, 87.53, , , , , 
1/31/2020 1:06:16 PM, 3232.75, 9037, 1617, 322.75, 220.04, 160.81, 314.73, 170.465, 238.87, 95.9401, 30.06, 63.355, 126.07, 62.96, 87.53, , , , , 
1/31/2020 1:06:19 PM, 3232.5, 9036.5, 1617, 322.7333, 220.0366, 160.81, 314.7699, 170.47, 238.87, 95.9525, 30.06, 63.35, 126.07, 62.96, 87.53, , , , , 
1/31/2020 1:06:22 PM, 3232.5, 9036.5, 1617, 322.7333, 220, 160.81, 314.69, 170.4559, 238.87, 95.9525, 30.06, 63.35, 126.07, 62.96, 87.53, , , , , 
1/31/2020 1:06:25 PM, 3232.75, 9037.75, 1617.1, 322.78, 220.04, 160.83, 314.7, 170.4832, 238.87, 95.9631, 30.06, 63.355, 126.09, 62.96, 87.53, , , , , 
1/31/2020 1:06:28 PM, 3232.75, 9037.75, 1617.1, 322.78, 220.03, 160.83, 314.7009, 170.5, 238.896, 95.9631, 30.06, 63.355, 126.09, 62.96, 87.53, , , , , 
1/31/2020 1:06:31 PM, 3232.75, 9037.5, 1617.1, 322.76, 220.03, 160.83, 314.68, 170.49, 238.84, 95.96, 30.06, 63.36, 126.09, 62.96, 87.53, , , , , 
1/31/2020 1:06:34 PM, 3232.75, 9037.5, 1617.1, 322.76, 220.03, 160.83, 314.67, 170.47, 238.83, 95.96, 30.06, 63.36, 126.09, 62.96, 87.53, , , , , 
1/31/2020 1:06:37 PM, 3232.75, 9037.25, 1617.1, 322.76, 220.015, 160.82, 314.6899, 170.4723, 238.815, 95.95, 30.0669, 63.36, 126.08, 62.96, 87.53, , , , , 
1/31/2020 1:06:40 PM, 3232.75, 9037.25, 1617.1, 322.76, 220.015, 160.82, 314.6925, 170.48, 238.78, 95.95, 30.0669, 63.36, 126.08, 62.96, 87.53, , , , , 
1/31/2020 1:06:43 PM, 3232.25, 9036, 1616.8, 322.7, 220, 160.79, 314.65, 170.475, 238.8015, 95.94, 30.055, 63.35, 126.06, 62.96, 87.53, , , , , 
1/31/2020 1:06:46 PM, 3232.25, 9036, 1616.8, 322.7, 219.99, 160.79, 314.6202, 170.47, 238.76, 95.94, 30.055, 63.35, 126.06, 62.96, 87.53, , , , , 
1/31/2020 1:06:49 PM, 3231.75, 9033.75, 1616.4, 322.6464, 219.95, 160.75, 314.53, 170.44, 238.79, 95.91, 30.05, 63.34, 126.035, 62.96, 87.52, , , , , 
1/31/2020 1:06:52 PM, 3231.75, 9033.75, 1616.4, 322.6464, 219.93, 160.75, 314.535, 170.4099, 238.73, 95.91, 30.05, 63.34, 126.035, 62.96, 87.52, , , , , 
1/31/2020 1:06:55 PM, 3231, 9032.75, 1616.1, 322.58, 219.9104, 160.73, 314.49, 170.3702, 238.55, 95.875, 30.04, 63.335, 126, 62.96, 87.52, , , , , 
1/31/2020 1:06:58 PM, 3231, 9032.75, 1616.1, 322.58, 219.92, 160.73, 314.46, 170.3799, 238.71, 95.875, 30.04, 63.335, 126, 62.96, 87.52, , , , , 
1/31/2020 1:07:01 PM, 3231.25, 9032.5, 1616.1, 322.6, 219.9237, 160.73, 314.4957, 170.39, 238.71, 95.9, 30.05, 63.345, 126.02, 62.96, 87.52, , , , , 
1/31/2020 1:07:04 PM, 3231.25, 9032.5, 1616.1, 322.6, 219.9, 160.73, 314.43, 170.375, 238.6, 95.9, 30.05, 63.345, 126.02, 62.96, 87.52, , , , , 
1/31/2020 1:07:07 PM, 3231.25, 9032.25, 1616.2, 322.58, 219.89, 160.72, 314.47, 170.37, 238.62, 95.89, 30.04, 63.33, 126.01, 62.96, 87.515, , , , , 
1/31/2020 1:07:10 PM, 3231, 9032.25, 1616.2, 322.58, 219.91, 160.73, 314.56, 170.35, 238.6481, 95.89, 30.045, 63.33, 126, 62.96, 87.515, , , , , 
1/31/2020 1:07:13 PM, 3231, 9032.25, 1616.1, 322.56, 219.91, 160.73, 314.56, 170.35, 238.6481, 95.88, 30.04, 63.33, 126, 62.96, 87.515, , , , , 
1/31/2020 1:07:16 PM, 3230.5, 9031, 1615.7, 322.53, 219.89, 160.675, 314.4675, 170.33, 238.6457, 95.88, 30.035, 63.32, 125.99, 62.96, 87.515, , , , , 
1/31/2020 1:07:19 PM, 3230.5, 9031, 1615.6, 322.55, 219.89, 160.67, 314.4675, 170.33, 238.6457, 95.88, 30.035, 63.32, 125.99, 62.96, 87.515, , , , , 
1/31/2020 1:07:22 PM, 3230.25, 9030, 1615.6, 322.52, 219.86, 160.67, 314.428, 170.3255, 238.64, 95.87, 30.04, 63.32, 125.985, 62.96, 87.515, , , , , 
1/31/2020 1:07:26 PM, 3230, 9029, 1615.5, 322.5, 219.86, 160.67, 314.428, 170.3255, 238.64, 95.8701, 30.035, 63.325, 125.98, 62.96, 87.515, , , , , 
1/31/2020 1:07:29 PM, 3229.75, 9028.25, 1615.4, 322.4418, 219.79, 160.64, 314.37, 170.28, 238.51, 95.84, 30.03, 63.31, 125.95, 62.96, 87.51, , , , , 
1/31/2020 1:07:32 PM, 3229.75, 9028.25, 1615.3, 322.45, 219.79, 160.63, 314.37, 170.28, 238.51, 95.84, 30.025, 63.3134, 125.94, 62.96, 87.51, , , , , 
1/31/2020 1:07:35 PM, 3230.5, 9030.25, 1615.7, 322.52, 219.86, 160.69, 314.36, 170.33, 238.5157, 95.87, 30.035, 63.325, 125.97, 62.96, 87.5164, , , , , 
1/31/2020 1:07:38 PM, 3230.5, 9030.25, 1615.7, 322.49, 219.86, 160.68, 314.36, 170.33, 238.5157, 95.87, 30.035, 63.32, 125.97, 62.96, 87.5164, , , , , 
1/31/2020 1:07:41 PM, 3230.25, 9029.75, 1615.9, 322.4757, 219.84, 160.7, 314.3514, 170.325, 238.52, 95.86, 30.035, 63.32, 125.97, 62.96, 87.5164, , , , , 
1/31/2020 1:07:44 PM, 3230.25, 9030.5, 1615.8, 322.47, 219.84, 160.7, 314.3514, 170.325, 238.52, 95.8635, 30.03, 63.32, 125.97, 62.96, 87.5164, , , , , 
1/31/2020 1:07:47 PM, 3230, 9030, 1615.9, 322.49, 219.82, 160.7, 314.31, 170.315, 238.52, 95.8635, 30.03, 63.32, 125.97, 62.96, 87.51, , , , , 
1/31/2020 1:07:50 PM, 3229.75, 9029.25, 1615.8, 322.43, 219.82, 160.7, 314.31, 170.315, 238.52, 95.85, 30.035, 63.31, 125.95, 62.96, 87.51, , , , , 
1/31/2020 1:07:53 PM, 3231, 9032.5, 1616.5, 322.58, 219.915, 160.76, 314.49, 170.37, 238.66, 95.86, 30.04, 63.325, 126.02, 62.96, 87.52, , , , , 
1/31/2020 1:07:56 PM, 3230.75, 9031.25, 1616.2, 322.57, 219.915, 160.74, 314.49, 170.37, 238.66, 95.89, 30.045, 63.33, 126.01, 62.96, 87.52, , , , , 
1/31/2020 1:07:59 PM, 3231, 9032, 1616.4, 322.555, 219.89, 160.74, 314.4722, 170.335, 238.6707, 95.88, 30.04, 63.33, 126.01, 62.96, 87.52, , , , , 
1/31/2020 1:08:02 PM, 3230.75, 9032.25, 1616.4, 322.56, 219.89, 160.74, 314.4722, 170.335, 238.6707, 95.88, 30.045, 63.33, 126.01, 62.96, 87.52, , , , , 
1/31/2020 1:08:05 PM, 3230.5, 9030.75, 1616.3, 322.5399, 219.87, 160.74, 314.39, 170.325, 238.7461, 95.8801, 30.045, 63.33, 126.01, 62.96, 87.52, , , , , 
1/31/2020 1:08:08 PM, 3230.75, 9031.75, 1616.3, 322.55, 219.87, 160.735, 314.39, 170.325, 238.7461, 95.88, 30.0411, 63.33, 126.01, 62.96, 87.52, , , , , 
1/31/2020 1:08:11 PM, 3230.75, 9031.75, 1616.2, 322.54, 219.89, 160.73, 314.422, 170.3402, 238.72, 95.88, 30.0427, 63.33, 126, 62.96, 87.52, , , , , 
1/31/2020 1:08:14 PM, 3231, 9032, 1616.4, 322.555, 219.89, 160.75, 314.422, 170.3402, 238.72, 95.88, 30.045, 63.325, 126, 62.96, 87.52, , , , , 
1/31/2020 1:08:17 PM, 3231, 9032.25, 1616.5, 322.57, 219.9, 160.755, 314.42, 170.35, 238.7461, 95.88, 30.04, 63.325, 126, 62.96, 87.52, , , , , 
1/31/2020 1:08:20 PM, 3231, 9032.5, 1616.5, 322.57, 219.9, 160.755, 314.42, 170.35, 238.7461, 95.89, 30.045, 63.325, 126.01, 62.96, 87.52, , , , , 
1/31/2020 1:08:23 PM, 3231, 9032.75, 1616.7, 322.5899, 219.91, 160.77, 314.46, 170.37, 238.7461, 95.89, 30.04, 63.33, 126.01, 62.96, 87.52, , , , , 
1/31/2020 1:08:26 PM, 3231, 9032, 1616.8, 322.58, 219.91, 160.78, 314.46, 170.37, 238.7461, 95.8981, 30.045, 63.33, 126.01, 62.96, 87.52, , , , , 
1/31/2020 1:08:29 PM, 3231, 9032.75, 1616.8, 322.57, 219.89, 160.78, 314.4459, 170.37, 238.84, 95.89, 30.045, 63.325, 126.01, 62.96, 87.52, , , , , 
1/31/2020 1:08:32 PM, 3231, 9032.75, 1616.8, 322.5877, 219.89, 160.79, 314.4459, 170.37, 238.84, 95.891, 30.04, 63.325, 126.01, 62.96, 87.52, , , , , 
1/31/2020 1:08:35 PM, 3231, 9032, 1616.8, 322.56, 219.9, 160.78, 314.4, 170.3685, 238.8, 95.891, 30.04, 63.325, 126.01, 62.96, 87.52, , , , , 
1/31/2020 1:08:38 PM, 3231.5, 9033.5, 1617.1, 322.62, 219.9, 160.795, 314.4, 170.3685, 238.8, 95.9, 30.045, 63.325, 126.02, 62.96, 87.52, , , , , 
1/31/2020 1:08:41 PM, 3232, 9034.75, 1617.3, 322.66, 219.97, 160.82, 314.49, 170.43, 238.83, 95.91, 30.055, 63.33, 126.05, 62.96, 87.53, , , , , 
1/31/2020 1:08:44 PM, 3232.25, 9036, 1617.7, 322.7, 219.97, 160.84, 314.49, 170.43, 238.83, 95.92, 30.0577, 63.335, 126.06, 62.96, 87.54, , , , , 
1/31/2020 1:08:47 PM, 3232.25, 9036, 1617.6, 322.7, 219.98, 160.86, 314.4855, 170.43, 238.975, 95.94, 30.06, 63.34, 126.08, 62.96, 87.54, , , , , 
1/31/2020 1:08:50 PM, 3232, 9034.75, 1617.4, 322.68, 219.98, 160.85, 314.4855, 170.43, 238.975, 95.92, 30.05, 63.33, 126.06, 62.96, 87.54, , , , , 
1/31/2020 1:08:53 PM, 3231.5, 9034, 1617.3, 322.64, 219.92, 160.835, 314.41, 170.37, 238.77, 95.91, 30.05, 63.32, 126.05, 62.96, 87.54, , , , , 
1/31/2020 1:08:56 PM, 3230.75, 9031.75, 1616.9, 322.58, 219.92, 160.79, 314.41, 170.37, 238.77, 95.8901, 30.04, 63.31, 126.02, 62.96, 87.54, , , , , 
1/31/2020 1:08:59 PM, 3230.75, 9031.5, 1616.8, 322.57, 219.88, 160.79, 314.43, 170.34, 238.77, 95.89, 30.045, 63.31, 126.0164, 62.96, 87.54, , , , , 
1/31/2020 1:09:02 PM, 3230.75, 9031, 1616.6, 322.54, 219.89, 160.79, 314.3523, 170.32, 238.77, 95.88, 30.04, 63.31, 126.0164, 62.96, 87.54, , , , , 
1/31/2020 1:09:05 PM, 3230.5, 9030, 1616.5, 322.53, 219.84, 160.76, 314.3345, 170.3, 238.77, 95.87, 30.04, 63.3, 126, 62.96, 87.53, , , , , 
1/31/2020 1:09:08 PM, 3230.25, 9029.5, 1616.4, 322.5, 219.8399, 160.76, 314.3, 170.32, 238.6179, 95.86, 30.03, 63.3, 126, 62.96, 87.53, , , , , 
1/31/2020 1:09:11 PM, 3230.25, 9029.25, 1616.3, 322.48, 219.83, 160.73, 314.28, 170.2861, 238.6179, 95.86, 30.03, 63.295, 126, 62.96, 87.53, , , , , 
1/31/2020 1:09:15 PM, 3230.25, 9029, 1616.2, 322.4979, 219.83, 160.73, 314.2767, 170.282, 238.6179, 95.86, 30.03, 63.295, 126, 62.96, 87.53, , , , , 
1/31/2020 1:09:18 PM, 3230, 9028.75, 1616.1, 322.475, 219.82, 160.73, 314.24, 170.29, 238.56, 95.85, 30.03, 63.29, 125.99, 62.96, 87.53, , , , , 
1/31/2020 1:09:21 PM, 3230, 9029.25, 1616.1, 322.5, 219.85, 160.72, 314.33, 170.3088, 238.65, 95.85, 30.035, 63.29, 126, 62.96, 87.53, , , , , 
1/31/2020 1:09:24 PM, 3230, 9029.25, 1616.2, 322.48, 219.82, 160.735, 314.34, 170.28, 238.6997, 95.8681, 30.03, 63.29, 126, 62.96, 87.53, , , , , 
1/31/2020 1:09:27 PM, 3229.75, 9029, 1616, 322.475, 219.81, 160.72, 314.273, 170.285, 238.62, 95.86, 30.03, 63.29, 125.99, 62.96, 87.53, , , , , 
1/31/2020 1:09:30 PM, 3229.75, 9028.5, 1615.8, 322.46, 219.81, 160.72, 314.289, 170.28, 238.58, 95.86, 30.03, 63.29, 125.99, 62.96, 87.53, , , , , 
1/31/2020 1:09:33 PM, 3229.75, 9028.5, 1615.8, 322.44, 219.8, 160.72, 314.2752, 170.2586, 238.52, 95.8431, 30.03, 63.29, 125.99, 62.96, 87.53, , , , , 
1/31/2020 1:09:36 PM, 3229.25, 9028, 1615.7, 322.42, 219.79, 160.67, 314.26, 170.25, 238.5214, 95.8415, 30.035, 63.29, 125.99, 63.0083, 87.53, , , , , 
1/31/2020 1:09:39 PM, 3229.5, 9027.75, 1615.8, 322.44, 219.8, 160.685, 314.2649, 170.245, 238.5214, 95.84, 30.025, 63.29, 125.99, 63.0083, 87.53, , , , , 
1/31/2020 1:09:42 PM, 3229.75, 9029, 1615.9, 322.46, 219.815, 160.69, 314.2813, 170.26, 238.62, 95.84, 30.03, 63.2885, 126, 63.0083, 87.53, , , , , 
1/31/2020 1:09:45 PM, 3230, 9028.5, 1615.9, 322.4664, 219.81, 160.7, 314.31, 170.27, 238.52, 95.84, 30.03, 63.295, 126.01, 63.0083, 87.53, , , , , 
1/31/2020 1:09:48 PM, 3229.75, 9027.5, 1615.7, 322.44, 219.7899, 160.68, 314.25, 170.24, 238.52, 95.84, 30.03, 63.29, 126.01, 63.0083, 87.53, , , , , 
1/31/2020 1:09:51 PM, 3229.75, 9028, 1615.8, 322.4504, 219.8, 160.71, 314.25, 170.255, 238.52, 95.84, 30.035, 63.295, 126.01, 63.0083, 87.53, , , , , 
1/31/2020 1:09:54 PM, 3229.75, 9028.25, 1615.8, 322.4499, 219.8, 160.71, 314.2833, 170.27, 238.6002, 95.84, 30.03, 63.295, 125.99, 63.0083, 87.53, , , , , 
1/31/2020 1:09:57 PM, 3229.75, 9028, 1615.8, 322.45, 219.81, 160.69, 314.24, 170.265, 238.6002, 95.85, 30.031, 63.295, 125.99, 63.0083, 87.53, , , , , 
1/31/2020 1:10:00 PM, 3229.5, 9028.25, 1615.7, 322.4375, 219.81, 160.69, 314.25, 170.265, 238.6002, 95.85, 30.031, 63.3, 125.99, 63.0083, 87.53, , , , , 
1/31/2020 1:10:03 PM, 3229.5, 9027.75, 1615.6, 322.43, 219.79, 160.68, 314.2, 170.3, 238.6, 95.84, 30.03, 63.29, 125.99, 63.0083, 87.53, , , , , 
1/31/2020 1:10:06 PM, 3230, 9028.75, 1615.8, 322.47, 219.82, 160.69, 314.28, 170.31, 238.55, 95.85, 30.035, 63.2938, 126, 63.0083, 87.53, , , , , 
1/31/2020 1:10:09 PM, 3230, 9029, 1615.7, 322.4681, 219.81, 160.69, 314.3271, 170.3073, 238.63, 95.85, 30.03, 63.29, 126, 63.0083, 87.53, , , , , 
1/31/2020 1:10:12 PM, 3230, 9029, 1615.7, 322.48, 219.83, 160.68, 314.3, 170.31, 238.63, 95.86, 30.03, 63.29, 126, 63.0083, 87.53, , , , , 
1/31/2020 1:10:15 PM, 3229.75, 9028.25, 1615.6, 322.44, 219.7974, 160.68, 314.29, 170.31, 238.63, 95.86, 30.03, 63.29, 126, 63.0083, 87.53, , , , , 
1/31/2020 1:10:18 PM, 3229.5, 9028.25, 1615.5, 322.44, 219.8, 160.6603, 314.2851, 170.32, 238.65, 95.86, 30.03, 63.29, 126, 63.0083, 87.53, , , , , 
1/31/2020 1:10:21 PM, 3229.75, 9028.25, 1615.6, 322.46, 219.82, 160.68, 314.3184, 170.33, 238.6353, 95.86, 30.03, 63.295, 126, 63.0083, 87.53, , , , , 
1/31/2020 1:10:24 PM, 3229.75, 9028.5, 1615.6, 322.46, 219.8075, 160.66, 314.3, 170.3399, 238.6353, 95.86, 30.0301, 63.29, 125.99, 63.0083, 87.53, , , , , 
1/31/2020 1:10:27 PM, 3230, 9028.5, 1615.6, 322.45, 219.8075, 160.66, 314.303, 170.35, 238.6353, 95.86, 30.0301, 63.295, 125.99, 63.0083, 87.5264, , , , , 
1/31/2020 1:10:30 PM, 3229.75, 9028.5, 1615.6, 322.46, 219.83, 160.66, 314.33, 170.355, 238.6353, 95.86, 30.0344, 63.295, 125.98, 63.0083, 87.5264, , , , , 
1/31/2020 1:10:33 PM, 3230, 9029.25, 1615.6, 322.48, 219.84, 160.68, 314.36, 170.35, 238.68, 95.88, 30.04, 63.29, 125.98, 63.0083, 87.5264, , , , , 
1/31/2020 1:10:36 PM, 3230, 9029.25, 1615.6, 322.4703, 219.8315, 160.67, 314.39, 170.35, 238.68, 95.88, 30.035, 63.295, 125.98, 63.0083, 87.5264, , , , , 
1/31/2020 1:10:39 PM, 3229.75, 9028.25, 1615.3, 322.45, 219.81, 160.65, 314.35, 170.36, 238.59, 95.86, 30.035, 63.285, 125.98, 63.0083, 87.52, , , , , 
1/31/2020 1:10:42 PM, 3229.5, 9028.25, 1615.3, 322.4408, 219.8, 160.64, 314.34, 170.35, 238.62, 95.86, 30.03, 63.27, 125.99, 63.0083, 87.52, , , , , 
1/31/2020 1:10:45 PM, 3229.5, 9027, 1615.1, 322.42, 219.78, 160.63, 314.31, 170.3475, 238.55, 95.86, 30.035, 63.275, 125.99, 63.0083, 87.5246, , , , , 
1/31/2020 1:10:48 PM, 3229.25, 9027.25, 1615, 322.39, 219.78, 160.61, 314.3381, 170.32, 238.5, 95.84, 30.03, 63.275, 125.9766, 63.0083, 87.525, , , , , 
1/31/2020 1:10:51 PM, 3229.25, 9027.75, 1615, 322.42, 219.77, 160.61, 314.31, 170.33, 238.5, 95.85, 30.04, 63.28, 125.9766, 63.0083, 87.531, , , , , 
1/31/2020 1:10:54 PM, 3229.25, 9027.5, 1614.9, 322.41, 219.78, 160.595, 314.3562, 170.35, 238.5, 95.85, 30.035, 63.275, 125.9766, 63.0083, 87.53, , , , , 
1/31/2020 1:10:57 PM, 3229.25, 9027.5, 1614.8, 322.41, 219.78, 160.595, 314.3, 170.32, 238.5, 95.85, 30.035, 63.275, 125.9766, 63.0083, 87.53, , , , , 
1/31/2020 1:11:00 PM, 3229, 9026, 1614.8, 322.38, 219.75, 160.59, 314.2361, 170.3, 238.47, 95.84, 30.03, 63.275, 125.9766, 63.0083, 87.53, , , , , 
1/31/2020 1:11:03 PM, 3229, 9026.25, 1614.7, 322.37, 219.78, 160.59, 314.32, 170.3183, 238.47, 95.84, 30.03, 63.27, 125.97, 63.0083, 87.53, , , , , 
1/31/2020 1:11:06 PM, 3229, 9026.75, 1614.6, 322.4, 219.76, 160.58, 314.32, 170.3201, 238.47, 95.84, 30.03, 63.28, 125.97, 63.0083, 87.53, , , , , 
1/31/2020 1:11:09 PM, 3229.25, 9027, 1614.7, 322.38, 219.76, 160.57, 314.325, 170.316, 238.46, 95.832, 30.03, 63.28, 125.97, 63.0083, 87.53, , , , , 
1/31/2020 1:11:12 PM, 3229.25, 9027.25, 1614.8, 322.4, 219.79, 160.59, 314.33, 170.3124, 238.53, 95.8338, 30.03, 63.275, 125.97, 63.0083, 87.53, , , , , 
1/31/2020 1:11:15 PM, 3229.5, 9028.5, 1615, 322.44, 219.81, 160.61, 314.44, 170.32, 238.5468, 95.87, 30.035, 63.28, 125.99, 63.0083, 87.53, , , , , 
1/31/2020 1:11:18 PM, 3229.75, 9028.75, 1615, 322.44, 219.83, 160.6, 314.4648, 170.35, 238.5468, 95.86, 30.04, 63.285, 125.99, 63.0083, 87.53, , , , , 
1/31/2020 1:11:21 PM, 3229.75, 9028.25, 1615.1, 322.42, 219.8, 160.61, 314.46, 170.34, 238.59, 95.86, 30.035, 63.28, 125.99, 63.0083, 87.53, , , , , 
1/31/2020 1:11:24 PM, 3229.25, 9027.75, 1614.6, 322.405, 219.809, 160.58, 314.43, 170.36, 238.54, 95.85, 30.035, 63.275, 125.98, 63.0083, 87.5327, , , , , 
1/31/2020 1:11:27 PM, 3229.25, 9027.75, 1614.6, 322.405, 219.78, 160.58, 314.31, 170.35, 238.54, 95.85, 30.035, 63.275, 125.98, 63.0083, 87.5327, , , , , 
1/31/2020 1:11:30 PM, 3229, 9027.25, 1614.6, 322.39, 219.78, 160.58, 314.3145, 170.35, 238.44, 95.85, 30.035, 63.2766, 125.97, 63.0083, 87.53, , , , , 
1/31/2020 1:11:33 PM, 3229, 9027.25, 1614.6, 322.39, 219.775, 160.58, 314.32, 170.36, 238.44, 95.85, 30.035, 63.2766, 125.97, 63.0083, 87.53, , , , , 
1/31/2020 1:11:36 PM, 3229.25, 9027.25, 1614.5, 322.395, 219.79, 160.57, 314.3, 170.35, 238.4614, 95.85, 30.025, 63.27, 125.965, 63.0083, 87.53, , , , , 
1/31/2020 1:11:39 PM, 3229.25, 9027.25, 1614.5, 322.395, 219.775, 160.57, 314.3399, 170.3656, 238.4614, 95.85, 30.025, 63.27, 125.965, 63.0083, 87.53, , , , , 
1/31/2020 1:11:43 PM, 3229.5, 9028, 1614.4, 322.42, 219.78, 160.57, 314.356, 170.43, 238.52, 95.85, 30.03, 63.275, 125.97, 63.0083, 87.53, , , , , 
1/31/2020 1:11:46 PM, 3229.5, 9028, 1614.4, 322.42, 219.79, 160.57, 314.37, 170.41, 238.4, 95.85, 30.03, 63.275, 125.97, 63.0083, 87.53, , , , , 
1/31/2020 1:11:49 PM, 3229.5, 9027.75, 1614.5, 322.42, 219.8, 160.56, 314.35, 170.44, 238.4, 95.8601, 30.03, 63.2801, 125.98, 63.0083, 87.53, , , , , 
1/31/2020 1:11:52 PM, 3229.5, 9027.75, 1614.5, 322.42, 219.8, 160.56, 314.36, 170.445, 238.4, 95.8601, 30.03, 63.2801, 125.98, 63.0083, 87.53, , , , , 
1/31/2020 1:11:55 PM, 3229.75, 9028, 1614.6, 322.42, 219.82, 160.57, 314.39, 170.4441, 238.443, 95.8654, 30.035, 63.2801, 125.98, 63.0083, 87.53, , , , , 
1/31/2020 1:11:58 PM, 3229.75, 9028, 1614.6, 322.42, 219.81, 160.57, 314.38, 170.44, 238.4272, 95.8654, 30.035, 63.2801, 125.98, 63.0083, 87.53, , , , , 
1/31/2020 1:12:01 PM, 3229.75, 9028, 1614.5, 322.42, 219.78, 160.56, 314.34, 170.43, 238.4, 95.86, 30.035, 63.285, 125.98, 63.0083, 87.535, , , , , 
1/31/2020 1:12:04 PM, 3229.75, 9028, 1614.5, 322.42, 219.8, 160.56, 314.3578, 170.445, 238.4, 95.86, 30.035, 63.285, 125.98, 63.0083, 87.535, , , , , 
1/31/2020 1:12:07 PM, 3229, 9026.75, 1614.3, 322.39, 219.7746, 160.54, 314.33, 170.41, 238.37, 95.85, 30.035, 63.285, 125.96, 63.0083, 87.54, , , , , 
1/31/2020 1:12:10 PM, 3229, 9026.75, 1614.3, 322.39, 219.77, 160.54, 314.3399, 170.42, 238.37, 95.85, 30.035, 63.285, 125.96, 63.0083, 87.54, , , , , 
1/31/2020 1:12:13 PM, 3229, 9026.25, 1614.2, 322.375, 219.75, 160.5246, 314.3, 170.41, 238.35, 95.85, 30.03, 63.285, 125.955, 63.0083, 87.53, , , , , 
1/31/2020 1:12:16 PM, 3229, 9026.25, 1614.2, 322.375, 219.76, 160.5246, 314.34, 170.42, 238.28, 95.85, 30.03, 63.285, 125.955, 63.0083, 87.53, , , , , 
1/31/2020 1:12:19 PM, 3229.5, 9029.25, 1614.7, 322.43, 219.79, 160.59, 314.37, 170.435, 238.38, 95.86, 30.03, 63.285, 125.98, 63.0083, 87.53, , , , , 
1/31/2020 1:12:22 PM, 3229.5, 9029.25, 1614.7, 322.43, 219.84, 160.59, 314.47, 170.47, 238.48, 95.86, 30.03, 63.285, 125.98, 63.0083, 87.53, , , , , 
1/31/2020 1:12:25 PM, 3230, 9031.75, 1614.9, 322.4766, 219.84, 160.61, 314.51, 170.475, 238.48, 95.89, 30.035, 63.28, 126, 63.0083, 87.53, , , , , 
1/31/2020 1:12:28 PM, 3230, 9031.75, 1614.9, 322.4766, 219.88, 160.61, 314.565, 170.52, 238.5, 95.89, 30.035, 63.28, 126, 63.0083, 87.53, , , , , 
1/31/2020 1:12:31 PM, 3229.75, 9031.25, 1614.7, 322.46, 219.88, 160.58, 314.5799, 170.51, 238.54, 95.89, 30.03, 63.28, 126, 63.0083, 87.53, , , , , 
1/31/2020 1:12:34 PM, 3229.75, 9031.25, 1614.7, 322.46, 219.86, 160.58, 314.54, 170.5, 238.55, 95.89, 30.03, 63.28, 126, 63.0083, 87.53, , , , , 
1/31/2020 1:12:37 PM, 3229.75, 9030, 1614.5, 322.435, 219.87, 160.56, 314.49, 170.48, 238.5251, 95.87, 30.03, 63.28, 126, 63.0083, 87.53, , , , , 
1/31/2020 1:12:40 PM, 3229.75, 9030, 1614.5, 322.435, 219.84, 160.56, 314.5032, 170.48, 238.5251, 95.87, 30.03, 63.28, 126, 63.0083, 87.53, , , , , 
1/31/2020 1:12:43 PM, 3229.25, 9029.25, 1614.5, 322.385, 219.83, 160.57, 314.4462, 170.46, 238.47, 95.86, 30.02, 63.275, 125.99, 63.0083, 87.53, , , , , 
1/31/2020 1:12:46 PM, 3229.25, 9029.25, 1614.5, 322.385, 219.8299, 160.57, 314.42, 170.439, 238.39, 95.86, 30.02, 63.275, 125.99, 63.0083, 87.53, , , , , 
1/31/2020 1:12:49 PM, 3229.5, 9029.5, 1614.6, 322.4, 219.83, 160.57, 314.455, 170.44, 238.39, 95.86, 30.02, 63.275, 125.99, 63.0083, 87.53, , , , , 
1/31/2020 1:12:52 PM, 3229.5, 9029.5, 1614.6, 322.4, 219.84, 160.57, 314.4675, 170.45, 238.3768, 95.86, 30.02, 63.275, 125.99, 63.0083, 87.53, , , , , 
1/31/2020 1:12:55 PM, 3230.25, 9032.5, 1614.9, 322.48, 219.86, 160.59, 314.51, 170.46, 238.48, 95.88, 30.03, 63.28, 126.01, 63.0083, 87.53, , , , , 
1/31/2020 1:12:58 PM, 3230.25, 9032.5, 1614.9, 322.48, 219.88, 160.59, 314.52, 170.49, 238.53, 95.88, 30.03, 63.28, 126.01, 63.0083, 87.53, , , , , 
1/31/2020 1:13:01 PM, 3229.75, 9030.25, 1614.6, 322.46, 219.87, 160.59, 314.509, 170.47, 238.53, 95.88, 30.0399, 63.28, 126.01, 63.0083, 87.53, , , , , 
1/31/2020 1:13:04 PM, 3229.75, 9030.25, 1614.6, 322.46, 219.87, 160.59, 314.47, 170.47, 238.49, 95.88, 30.0399, 63.28, 126.01, 63.0083, 87.53, , , , , 
1/31/2020 1:13:07 PM, 3229.25, 9027.75, 1614.2, 322.4, 219.85, 160.54, 314.47, 170.47, 238.49, 95.87, 30.03, 63.28, 125.965, 63.0083, 87.53, , , , , 
1/31/2020 1:13:10 PM, 3229.25, 9027.75, 1614.2, 322.4, 219.8066, 160.54, 314.44, 170.45, 238.35, 95.87, 30.03, 63.28, 125.965, 63.0083, 87.53, , , , , 
1/31/2020 1:13:13 PM, 3229.25, 9028.75, 1614.3, 322.41, 219.81, 160.54, 314.42, 170.435, 238.35, 95.86, 30.025, 63.275, 125.97, 63.0083, 87.53, , , , , 
1/31/2020 1:13:16 PM, 3229.25, 9028.75, 1614.3, 322.41, 219.82, 160.54, 314.43, 170.441, 238.35, 95.86, 30.025, 63.275, 125.97, 63.0083, 87.53, , , , , 
1/31/2020 1:13:19 PM, 3229.5, 9029.5, 1614.3, 322.42, 219.82, 160.56, 314.42, 170.47, 238.47, 95.87, 30.025, 63.275, 125.97, 63.0083, 87.53, , , , , 
1/31/2020 1:13:22 PM, 3229.5, 9029.5, 1614.3, 322.42, 219.83, 160.56, 314.42, 170.48, 238.4498, 95.87, 30.025, 63.275, 125.97, 63.0083, 87.53, , , , , 
1/31/2020 1:13:25 PM, 3229.5, 9029.25, 1614.3, 322.42, 219.8254, 160.55, 314.425, 170.47, 238.36, 95.865, 30.03, 63.275, 125.97, 63.0083, 87.53, , , , , 
1/31/2020 1:13:28 PM, 3229.5, 9029.25, 1614.3, 322.42, 219.83, 160.55, 314.42, 170.47, 238.36, 95.865, 30.03, 63.275, 125.97, 63.0083, 87.53, , , , , 
1/31/2020 1:13:31 PM, 3229.75, 9029.5, 1614.5, 322.43, 219.83, 160.56, 314.385, 170.47, 238.36, 95.87, 30.03, 63.27, 125.97, 63.0083, 87.53, , , , , 
1/31/2020 1:13:34 PM, 3229.75, 9029.5, 1614.5, 322.43, 219.8357, 160.56, 314.4, 170.47, 238.36, 95.87, 30.03, 63.27, 125.97, 63.0083, 87.53, , , , , 
1/31/2020 1:13:37 PM, 3229.25, 9028.75, 1614.5, 322.4, 219.81, 160.58, 314.365, 170.45, 238.355, 95.855, 30.03, 63.275, 125.97, 63.0083, 87.53, , , , , 
1/31/2020 1:13:40 PM, 3229.25, 9028.75, 1614.5, 322.4, 219.815, 160.58, 314.3934, 170.46, 238.355, 95.855, 30.03, 63.275, 125.97, 63.0083, 87.53, , , , , 
1/31/2020 1:13:43 PM, 3229.5, 9029.5, 1614.5, 322.4246, 219.83, 160.57, 314.39, 170.47, 238.4, 95.87, 30.03, 63.275, 125.97, 63.0083, 87.5302, , , , , 
1/31/2020 1:13:46 PM, 3229.5, 9029.5, 1614.5, 322.4246, 219.84, 160.57, 314.4191, 170.49, 238.32, 95.87, 30.03, 63.275, 125.97, 63.0083, 87.5302, , , , , 
1/31/2020 1:13:49 PM, 3229.5, 9030, 1614.5, 322.44, 219.83, 160.56, 314.42, 170.51, 238.33, 95.8625, 30.035, 63.27, 125.96, 63.0083, 87.53, , , , , 
1/31/2020 1:13:52 PM, 3229.5, 9030, 1614.5, 322.44, 219.8318, 160.56, 314.42, 170.515, 238.33, 95.8625, 30.035, 63.27, 125.96, 63.0083, 87.53, , , , , 
1/31/2020 1:13:55 PM, 3229, 9028.5, 1614.1, 322.3962, 219.83, 160.53, 314.395, 170.51, 238.33, 95.87, 30.03, 63.27, 125.95, 63.0083, 87.53, , , , , 
1/31/2020 1:13:58 PM, 3229, 9028.5, 1614.1, 322.3962, 219.83, 160.53, 314.35, 170.505, 238.29, 95.87, 30.03, 63.27, 125.95, 63.0083, 87.53, , , , , 
1/31/2020 1:14:01 PM, 3229.25, 9028.25, 1614.3, 322.38, 219.81, 160.55, 314.348, 170.505, 238.29, 95.86, 30.025, 63.275, 125.95, 63.0083, 87.53, , , , , 
1/31/2020 1:14:04 PM, 3229.25, 9028.25, 1614.3, 322.38, 219.81, 160.55, 314.34, 170.51, 238.255, 95.86, 30.025, 63.275, 125.95, 63.0083, 87.53, , , , , 
1/31/2020 1:14:07 PM, 3229, 9028.5, 1614.3, 322.39, 219.825, 160.56, 314.38, 170.525, 238.31, 95.86, 30.025, 63.27, 125.96, 63.0083, 87.53, , , , , 
1/31/2020 1:14:10 PM, 3229, 9028.5, 1614.3, 322.39, 219.82, 160.56, 314.365, 170.5141, 238.31, 95.86, 30.025, 63.27, 125.96, 63.0083, 87.53, , , , , 
1/31/2020 1:14:13 PM, 3229, 9028.75, 1614.3, 322.39, 219.82, 160.54, 314.365, 170.51, 238.31, 95.86, 30.025, 63.27, 125.95, 63.0083, 87.53, , , , , 
1/31/2020 1:14:16 PM, 3229, 9028.75, 1614.3, 322.39, 219.82, 160.54, 314.365, 170.51, 238.31, 95.86, 30.025, 63.27, 125.95, 63.0083, 87.53, , , , , 
1/31/2020 1:14:19 PM, 3229, 9028.5, 1614.3, 322.39, 219.8106, 160.53, 314.35, 170.51, 238.285, 95.861, 30.025, 63.275, 125.95, 63.0083, 87.53, , , , , 
1/31/2020 1:14:22 PM, 3229, 9028, 1614.2, 322.3779, 219.8, 160.53, 314.365, 170.49, 238.3, 95.855, 30.025, 63.27, 125.95, 63.0083, 87.53, , , , , 
1/31/2020 1:14:25 PM, 3229, 9028, 1614.2, 322.3779, 219.8, 160.53, 314.365, 170.49, 238.3, 95.855, 30.025, 63.27, 125.95, 63.0083, 87.53, , , , , 
1/31/2020 1:14:28 PM, 3228.75, 9027.5, 1614.2, 322.35, 219.78, 160.525, 314.3535, 170.4801, 238.27, 95.85, 30.03, 63.27, 125.94, 63.0083, 87.53, , , , , 
1/31/2020 1:14:32 PM, 3228.5, 9026.5, 1614.1, 322.32, 219.78, 160.53, 314.3535, 170.4801, 238.27, 95.85, 30.02, 63.265, 125.94, 63.0083, 87.53, , , , , 
1/31/2020 1:14:35 PM, 3228.25, 9025.25, 1614.1, 322.3167, 219.74, 160.52, 314.2606, 170.44, 238.24, 95.84, 30.02, 63.265, 125.92, 63.0083, 87.54, , , , , 
1/31/2020 1:14:38 PM, 3228.5, 9025.75, 1614.1, 322.3, 219.74, 160.52, 314.2606, 170.44, 238.24, 95.83, 30.02, 63.2641, 125.92, 63.0083, 87.54, , , , , 
1/31/2020 1:14:41 PM, 3228.25, 9025.25, 1614, 322.3, 219.74, 160.52, 314.2301, 170.44, 238.14, 95.83, 30.02, 63.26, 125.92, 63.0083, 87.5399, , , , , 
1/31/2020 1:14:44 PM, 3228, 9025, 1613.9, 322.28, 219.74, 160.51, 314.2301, 170.44, 238.14, 95.83, 30.02, 63.26, 125.917, 63.0083, 87.5399, , , , , 
1/31/2020 1:14:47 PM, 3228.25, 9025, 1613.9, 322.295, 219.72, 160.51, 314.236, 170.45, 238.145, 95.84, 30.02, 63.26, 125.917, 63.0083, 87.5321, , , , , 
1/31/2020 1:14:50 PM, 3228.25, 9024.5, 1613.8, 322.28, 219.72, 160.51, 314.236, 170.45, 238.145, 95.83, 30.02, 63.26, 125.917, 63.0083, 87.53, , , , , 
1/31/2020 1:14:53 PM, 3227.75, 9023.75, 1613.7, 322.2636, 219.7, 160.49, 314.12, 170.45, 238.1697, 95.81, 30.02, 63.26, 125.917, 63.0083, 87.53, , , , , 
1/31/2020 1:14:56 PM, 3228, 9024, 1613.8, 322.27, 219.7, 160.5, 314.12, 170.45, 238.1697, 95.82, 30.02, 63.265, 125.9, 62.8849, 87.53, , , , , 
1/31/2020 1:14:59 PM, 3227.5, 9022.25, 1613.5, 322.24, 219.68, 160.47, 313.9484, 170.44, 238.125, 95.81, 30.01, 63.265, 125.9, 62.8849, 87.53, , , , , 
1/31/2020 1:15:02 PM, 3227.75, 9023.5, 1613.6, 322.265, 219.68, 160.479, 313.9484, 170.44, 238.125, 95.81, 30.015, 63.26, 125.89, 62.8849, 87.53, , , , , 
1/31/2020 1:15:05 PM, 3227.75, 9023.5, 1613.7, 322.25, 219.7, 160.48, 314.06, 170.47, 238.125, 95.81, 30.01, 63.26, 125.89, 62.8849, 87.535, , , , , 
1/31/2020 1:15:08 PM, 3228, 9024.25, 1613.9, 322.29, 219.7, 160.5, 314.06, 170.47, 238.125, 95.81, 30.02, 63.265, 125.89, 62.8849, 87.535, , , , , 
1/31/2020 1:15:11 PM, 3228.25, 9024.75, 1613.9, 322.32, 219.7233, 160.5, 314.191, 170.46, 238.2, 95.83, 30.02, 63.265, 125.91, 62.8849, 87.5346, , , , , 
1/31/2020 1:15:14 PM, 3228.25, 9024.25, 1613.8, 322.292, 219.7233, 160.485, 314.191, 170.46, 238.2, 95.83, 30.02, 63.265, 125.91, 62.8849, 87.5346, , , , , 
1/31/2020 1:15:17 PM, 3228, 9023.75, 1613.7, 322.27, 219.69, 160.48, 314.13, 170.43, 238.175, 95.82, 30.02, 63.27, 125.9, 62.8849, 87.5346, , , , , 
1/31/2020 1:15:20 PM, 3227.5, 9022.5, 1613.5, 322.24, 219.69, 160.46, 314.13, 170.43, 238.175, 95.8, 30.02, 63.265, 125.9, 62.8849, 87.5346, , , , , 
1/31/2020 1:15:23 PM, 3227.75, 9023, 1613.6, 322.26, 219.685, 160.47, 314.0658, 170.4, 238.1148, 95.8001, 30.0128, 63.2619, 125.89, 62.8849, 87.535, , , , , 
1/31/2020 1:15:26 PM, 3227.5, 9022.25, 1613.4, 322.23, 219.685, 160.47, 314.0658, 170.4, 238.1148, 95.8, 30.01, 63.26, 125.89, 62.8849, 87.535, , , , , 
1/31/2020 1:15:29 PM, 3228, 9023.75, 1613.6, 322.26, 219.69, 160.47, 314.07, 170.42, 238.11, 95.8, 30.015, 63.265, 125.89, 62.8849, 87.535, , , , , 
1/31/2020 1:15:32 PM, 3228, 9023.25, 1613.6, 322.255, 219.69, 160.48, 314.07, 170.42, 238.11, 95.8, 30.0101, 63.26, 125.9, 62.8849, 87.535, , , , , 
1/31/2020 1:15:35 PM, 3227.5, 9022, 1613.4, 322.205, 219.665, 160.46, 313.96, 170.41, 238.0746, 95.8, 30.01, 63.265, 125.89, 62.8849, 87.535, , , , , 
1/31/2020 1:15:38 PM, 3227.75, 9023.25, 1613.7, 322.24, 219.665, 160.47, 313.96, 170.41, 238.0746, 95.8, 30.015, 63.26, 125.89, 62.8849, 87.545, , , , , 
1/31/2020 1:15:41 PM, 3227.75, 9023.5, 1613.7, 322.26, 219.6832, 160.48, 314, 170.42, 238.0783, 95.81, 30.02, 63.26, 125.89, 62.8849, 87.55, , , , , 
1/31/2020 1:15:44 PM, 3227.75, 9023.75, 1613.7, 322.25, 219.6832, 160.48, 314, 170.42, 238.0783, 95.81, 30.015, 63.26, 125.89, 62.8849, 87.55, , , , , 
1/31/2020 1:15:47 PM, 3227.75, 9022.75, 1613.6, 322.22, 219.6903, 160.48, 313.8313, 170.4, 238.06, 95.795, 30.015, 63.255, 125.89, 62.8849, 87.55, , , , , 
1/31/2020 1:15:50 PM, 3227.75, 9023, 1613.6, 322.24, 219.6903, 160.48, 313.8313, 170.4, 238.06, 95.8, 30.015, 63.25, 125.89, 62.8849, 87.55, , , , , 
1/31/2020 1:15:53 PM, 3227.75, 9023.25, 1613.5, 322.22, 219.68, 160.46, 313.8695, 170.4, 238.09, 95.795, 30.02, 63.255, 125.89, 62.8849, 87.545, , , , , 
1/31/2020 1:15:56 PM, 3227.5, 9023.25, 1613.6, 322.2324, 219.68, 160.47, 313.8695, 170.4, 238.09, 95.79, 30.02, 63.255, 125.89, 62.8849, 87.545, , , , , 
1/31/2020 1:15:59 PM, 3228, 9023.75, 1613.7, 322.25, 219.69, 160.48, 313.92, 170.41, 238.04, 95.8, 30.02, 63.25, 125.89, 62.8849, 87.5492, , , , , 
1/31/2020 1:16:02 PM, 3227.5, 9022.75, 1613.5, 322.23, 219.69, 160.46, 313.92, 170.41, 238.04, 95.8, 30.0199, 63.25, 125.89, 62.8849, 87.5492, , , , , 
1/31/2020 1:16:05 PM, 3227.75, 9023.25, 1613.5, 322.23, 219.68, 160.46, 313.9, 170.39, 238.05, 95.7934, 30.015, 63.258, 125.89, 62.8849, 87.5492, , , , , 
1/31/2020 1:16:08 PM, 3227.5, 9022.75, 1613.3, 322.25, 219.68, 160.46, 313.9, 170.39, 238.05, 95.8, 30.015, 63.26, 125.895, 62.8849, 87.54, , , , , 
1/31/2020 1:16:11 PM, 3227.5, 9022.75, 1613.3, 322.24, 219.67, 160.44, 313.87, 170.39, 238.04, 95.8, 30.02, 63.25, 125.895, 62.8849, 87.54, , , , , 
1/31/2020 1:16:14 PM, 3227.75, 9023.75, 1613.4, 322.23, 219.69, 160.44, 313.905, 170.41, 238.09, 95.8, 30.01, 63.25, 125.895, 62.8849, 87.54, , , , , 
1/31/2020 1:16:17 PM, 3227.75, 9023.5, 1613.4, 322.25, 219.69, 160.45, 313.9049, 170.405, 238.09, 95.8, 30.01, 63.24, 125.91, 62.8849, 87.54, , , , , 
1/31/2020 1:16:20 PM, 3227.75, 9023.5, 1613.3, 322.23, 219.6839, 160.44, 313.86, 170.41, 238.09, 95.8, 30.01, 63.24, 125.91, 62.8849, 87.54, , , , , 
1/31/2020 1:16:23 PM, 3227.5, 9023, 1613.4, 322.2365, 219.68, 160.44, 313.82, 170.41, 238.09, 95.8, 30.01, 63.24, 125.91, 62.8849, 87.54, , , , , 
1/31/2020 1:16:26 PM, 3227.5, 9023.25, 1613.3, 322.2237, 219.68, 160.44, 313.8368, 170.395, 238.09, 95.795, 30.02, 63.245, 125.91, 62.8849, 87.53, , , , , 
1/31/2020 1:16:30 PM, 3227.75, 9023.25, 1613.2, 322.2237, 219.68, 160.43, 313.859, 170.3903, 238.09, 95.7901, 30.01, 63.245, 125.91, 62.8849, 87.53, , , , , 
1/31/2020 1:16:33 PM, 3227.5, 9023.25, 1613.3, 322.23, 219.69, 160.44, 313.8696, 170.395, 238.0776, 95.7901, 30.015, 63.24, 125.91, 62.8849, 87.535, , , , , 
1/31/2020 1:16:36 PM, 3227.5, 9022.5, 1613.2, 322.222, 219.62, 160.44, 313.13, 170.36, 237.98, 95.79, 30.0101, 63.24, 125.91, 62.8849, 87.535, , , , , 
1/31/2020 1:16:39 PM, 3227.25, 9021.25, 1613.2, 322.195, 219.64, 160.43, 313.26, 170.3797, 237.9345, 95.745, 30.01, 63.24, 125.91, 62.8849, 87.525, , , , , 
1/31/2020 1:16:42 PM, 3227.75, 9023, 1613.3, 322.25, 219.68, 160.445, 313.46, 170.425, 237.99, 95.77, 30.0169, 63.24, 125.92, 62.8849, 87.53, , , , , 
1/31/2020 1:16:45 PM, 3227.75, 9023, 1613.3, 322.24, 219.67, 160.44, 313.4123, 170.4, 237.94, 95.775, 30.01, 63.24, 125.92, 62.8849, 87.53, , , , , 
1/31/2020 1:16:48 PM, 3228, 9023.5, 1613.3, 322.2664, 219.69, 160.44, 313.53, 170.43, 238.0401, 95.775, 30.02, 63.245, 125.93, 62.8849, 87.535, , , , , 
1/31/2020 1:16:51 PM, 3228.5, 9025, 1613.7, 322.3, 219.71, 160.48, 313.64, 170.44, 238.11, 95.7901, 30.03, 63.245, 125.94, 62.8849, 87.535, , , , , 
1/31/2020 1:16:54 PM, 3228.25, 9024.25, 1613.5, 322.28, 219.7, 160.46, 313.61, 170.415, 238.11, 95.795, 30.02, 63.25, 125.94, 62.8849, 87.535, , , , , 
1/31/2020 1:16:57 PM, 3227.75, 9023.5, 1613.4, 322.25, 219.6866, 160.46, 313.575, 170.4, 238.03, 95.79, 30.03, 63.24, 125.94, 62.8849, 87.535, , , , , 
1/31/2020 1:17:00 PM, 3228, 9024.25, 1613.5, 322.28, 219.6999, 160.4527, 313.55, 170.3999, 238.04, 95.79, 30.025, 63.245, 125.935, 62.8849, 87.54, , , , , 
1/31/2020 1:17:03 PM, 3228, 9023.25, 1613.4, 322.26, 219.6799, 160.45, 313.5, 170.39, 238.05, 95.78, 30.025, 63.245, 125.935, 62.8849, 87.54, , , , , 
1/31/2020 1:17:06 PM, 3228, 9023.25, 1613.4, 322.25, 219.67, 160.45, 313.431, 170.3794, 238.05, 95.77, 30.025, 63.24, 125.93, 62.8849, 87.54, , , , , 
1/31/2020 1:17:09 PM, 3228.75, 9025.75, 1613.7, 322.33, 219.73, 160.49, 313.5699, 170.43, 238.09, 95.8, 30.03, 63.25, 125.95, 62.8849, 87.54, , , , , 
1/31/2020 1:17:12 PM, 3228, 9023.25, 1613.3, 322.265, 219.73, 160.49, 313.5699, 170.43, 238.09, 95.77, 30.03, 63.25, 125.96, 62.8849, 87.54, , , , , 
1/31/2020 1:17:15 PM, 3227.75, 9022.75, 1613.1, 322.25, 219.665, 160.43, 313.3896, 170.3732, 238.045, 95.77, 30.02, 63.24, 125.93, 62.8849, 87.54, , , , , 
1/31/2020 1:17:18 PM, 3227.75, 9022.5, 1613.2, 322.25, 219.665, 160.43, 313.3896, 170.3732, 238.045, 95.76, 30.015, 63.235, 125.92, 62.8849, 87.535, , , , , 
1/31/2020 1:17:21 PM, 3227.25, 9021.75, 1613.1, 322.22, 219.6495, 160.42, 313.21, 170.325, 238.065, 95.75, 30.015, 63.235, 125.91, 62.8849, 87.54, , , , , 
1/31/2020 1:17:24 PM, 3227.25, 9022.25, 1613, 322.2, 219.64, 160.41, 313.3136, 170.3255, 238.0699, 95.75, 30.01, 63.235, 125.9, 62.8849, 87.5326, , , , , 
1/31/2020 1:17:27 PM, 3227, 9021.5, 1612.8, 322.19, 219.64, 160.4, 313.35, 170.33, 238.0699, 95.75, 30.01, 63.235, 125.9, 62.8849, 87.5326, , , , , 
1/31/2020 1:17:30 PM, 3227.5, 9022.25, 1612.9, 322.2, 219.64, 160.4, 313.35, 170.33, 238.0699, 95.75, 30.01, 63.225, 125.9, 62.8849, 87.5326, , , , , 
1/31/2020 1:17:33 PM, 3227.25, 9022.5, 1612.8, 322.195, 219.6563, 160.4, 313.35, 170.34, 238.045, 95.75, 30.01, 63.225, 125.9, 62.8849, 87.53, , , , , 
1/31/2020 1:17:36 PM, 3227.5, 9023.25, 1613, 322.22, 219.68, 160.41, 313.365, 170.36, 238.08, 95.76, 30.0185, 63.23, 125.9, 62.8849, 87.53, , , , , 
1/31/2020 1:17:39 PM, 3227.5, 9022.75, 1613, 322.22, 219.68, 160.4, 313.4227, 170.36, 238.08, 95.76, 30.01, 63.235, 125.9, 62.8849, 87.53, , , , , 
1/31/2020 1:17:42 PM, 3227.5, 9023, 1612.8, 322.22, 219.68, 160.41, 313.4424, 170.365, 238.1, 95.76, 30.01, 63.23, 125.9, 62.8849, 87.53, , , , , 
1/31/2020 1:17:45 PM, 3227.25, 9022, 1612.7, 322.21, 219.67, 160.39, 313.32, 170.35, 238.02, 95.76, 30.01, 63.225, 125.9, 62.8849, 87.53, , , , , 
1/31/2020 1:17:48 PM, 3227.25, 9022, 1612.8, 322.1899, 219.65, 160.38, 313.365, 170.335, 237.946, 95.75, 30.01, 63.22, 125.895, 62.8849, 87.53, , , , , 
1/31/2020 1:17:51 PM, 3227.5, 9022.75, 1612.9, 322.195, 219.6621, 160.38, 313.39, 170.3301, 237.97, 95.7499, 30.01, 63.215, 125.895, 62.8849, 87.53, , , , , 
1/31/2020 1:17:54 PM, 3227, 9022.25, 1612.8, 322.19, 219.6546, 160.38, 313.47, 170.34, 238.006, 95.75, 30.015, 63.215, 125.9, 62.8849, 87.53, , , , , 
1/31/2020 1:17:57 PM, 3227, 9021.75, 1612.6, 322.175, 219.64, 160.3701, 313.3721, 170.3346, 238.006, 95.75, 30.015, 63.215, 125.9, 62.8849, 87.53, , , , , 
1/31/2020 1:18:00 PM, 3226.75, 9021.5, 1612.6, 322.165, 219.64, 160.37, 313.45, 170.3346, 238.006, 95.745, 30.005, 63.21, 125.895, 62.8849, 87.53, , , , , 
1/31/2020 1:18:03 PM, 3227.25, 9022.75, 1612.8, 322.18, 219.65, 160.38, 313.479, 170.34, 237.95, 95.75, 30.01, 63.21, 125.9, 62.8849, 87.53, , , , , 
1/31/2020 1:18:06 PM, 3227, 9021.75, 1612.8, 322.185, 219.64, 160.39, 313.42, 170.3329, 237.95, 95.75, 30.015, 63.21, 125.905, 62.8849, 87.53, , , , , 
1/31/2020 1:18:09 PM, 3227, 9022, 1612.7, 322.1746, 219.645, 160.39, 313.3962, 170.325, 237.95, 95.75, 30.01, 63.21, 125.9, 62.8849, 87.525, , , , , 
1/31/2020 1:18:12 PM, 3227.25, 9022.5, 1613, 322.19, 219.66, 160.4, 313.4475, 170.32, 237.93, 95.75, 30.01, 63.21, 125.9, 62.8849, 87.525, , , , , 
1/31/2020 1:18:15 PM, 3227.5, 9023.25, 1613.1, 322.2, 219.68, 160.43, 313.4625, 170.33, 237.93, 95.75, 30.01, 63.215, 125.91, 62.8849, 87.525, , , , , 
1/31/2020 1:18:18 PM, 3227, 9021.25, 1612.7, 322.17, 219.64, 160.41, 313.3448, 170.32, 237.9, 95.75, 30.01, 63.21, 125.9, 62.8849, 87.53, , , , , 
1/31/2020 1:18:21 PM, 3227, 9021.5, 1612.8, 322.175, 219.64, 160.38, 313.32, 170.305, 237.9, 95.735, 30.01, 63.21, 125.895, 62.8849, 87.525, , , , , 
1/31/2020 1:18:24 PM, 3227.25, 9022, 1613, 322.2, 219.67, 160.4, 313.44, 170.33, 237.92, 95.75, 30.015, 63.21, 125.9, 62.8849, 87.525, , , , , 
1/31/2020 1:18:27 PM, 3227.5, 9023.75, 1613.1, 322.2125, 219.69, 160.41, 313.56, 170.35, 238, 95.76, 30.015, 63.212, 125.91, 62.8849, 87.525, , , , , 
1/31/2020 1:18:30 PM, 3227.75, 9025, 1613.2, 322.27, 219.72, 160.43, 313.6, 170.38, 238.01, 95.78, 30.015, 63.21, 125.91, 62.8849, 87.525, , , , , 
1/31/2020 1:18:33 PM, 3228, 9025.25, 1613.2, 322.26, 219.73, 160.43, 313.6499, 170.395, 238, 95.785, 30.015, 63.22, 125.93, 62.8849, 87.525, , , , , 
1/31/2020 1:18:36 PM, 3228, 9025.5, 1613.3, 322.28, 219.72, 160.44, 313.6464, 170.39, 238, 95.79, 30.015, 63.22, 125.94, 62.8849, 87.525, , , , , 
1/31/2020 1:18:39 PM, 3228, 9025.5, 1613.3, 322.28, 219.739, 160.44, 313.6799, 170.3918, 238.0125, 95.79, 30.015, 63.22, 125.94, 62.8849, 87.525, , , , , 
1/31/2020 1:18:42 PM, 3228.75, 9027.5, 1613.5, 322.33, 219.74, 160.45, 313.74, 170.4, 238.035, 95.81, 30.0202, 63.22, 125.96, 62.8849, 87.525, , , , , 
1/31/2020 1:18:45 PM, 3228.75, 9027.5, 1613.5, 322.33, 219.7797, 160.45, 313.71, 170.42, 238.1457, 95.81, 30.0202, 63.22, 125.96, 62.8849, 87.525, , , , , 
1/31/2020 1:18:49 PM, 3228.25, 9026.25, 1613.4, 322.31, 219.76, 160.455, 313.7016, 170.42, 238.1457, 95.81, 30.0273, 63.22, 125.96, 62.8849, 87.525, , , , , 
1/31/2020 1:18:52 PM, 3228.25, 9026.25, 1613.4, 322.31, 219.76, 160.455, 313.6374, 170.41, 238.14, 95.81, 30.0273, 63.22, 125.96, 62.8849, 87.525, , , , , 
1/31/2020 1:18:55 PM, 3229.5, 9029.5, 1614, 322.415, 219.8, 160.51, 313.77, 170.47, 238.22, 95.845, 30.035, 63.24, 125.98, 62.8849, 87.54, , , , , 
1/31/2020 1:18:58 PM, 3229.5, 9029.5, 1614, 322.415, 219.84, 160.51, 313.8059, 170.47, 238.2468, 95.845, 30.035, 63.24, 125.98, 62.8849, 87.54, , , , , 
1/31/2020 1:19:01 PM, 3230, 9031, 1614.3, 322.47, 219.8301, 160.54, 313.86, 170.47, 238.29, 95.87, 30.04, 63.24, 126.0099, 62.8849, 87.54, , , , , 
1/31/2020 1:19:04 PM, 3230, 9031, 1614.3, 322.47, 219.835, 160.54, 313.8685, 170.46, 238.3496, 95.87, 30.04, 63.24, 126.0099, 62.8849, 87.54, , , , , 
1/31/2020 1:19:07 PM, 3229.5, 9028.75, 1614.1, 322.4189, 219.821, 160.52, 313.798, 170.46, 238.3496, 95.845, 30.03, 63.23, 125.98, 62.8849, 87.54, , , , , 
1/31/2020 1:19:10 PM, 3229.5, 9028.75, 1614.1, 322.4189, 219.82, 160.52, 313.7636, 170.44, 238.285, 95.845, 30.03, 63.23, 125.98, 62.8849, 87.54, , , , , 
1/31/2020 1:19:13 PM, 3228.75, 9027.75, 1613.8, 322.35, 219.7901, 160.48, 313.7468, 170.42, 238.285, 95.82, 30.025, 63.22, 125.96, 62.8849, 87.54, , , , , 
1/31/2020 1:19:16 PM, 3228.75, 9026.75, 1613.7, 322.35, 219.78, 160.48, 313.72, 170.4175, 238.22, 95.82, 30.025, 63.22, 125.96, 62.8849, 87.54, , , , , 
1/31/2020 1:19:19 PM, 3228.75, 9026.75, 1613.6, 322.33, 219.76, 160.47, 313.6996, 170.405, 238.15, 95.82, 30.02, 63.22, 125.96, 62.8849, 87.54, , , , , 
1/31/2020 1:19:22 PM, 3228.75, 9027.5, 1613.5, 322.33, 219.77, 160.47, 313.69, 170.41, 238.15, 95.82, 30.02, 63.22, 125.96, 62.8849, 87.54, , , , , 
1/31/2020 1:19:25 PM, 3229, 9028.5, 1613.7, 322.365, 219.81, 160.48, 313.76, 170.45, 238.2, 95.84, 30.02, 63.23, 125.97, 62.8849, 87.54, , , , , 
1/31/2020 1:19:28 PM, 3229.25, 9030, 1613.9, 322.365, 219.81, 160.48, 313.7369, 170.45, 238.2, 95.84, 30.02, 63.23, 125.97, 62.8849, 87.54, , , , , 
1/31/2020 1:19:31 PM, 3229.5, 9030.25, 1613.9, 322.41, 219.84, 160.5, 313.84, 170.47, 238.26, 95.84, 30.025, 63.235, 125.98, 62.8849, 87.535, , , , , 
1/31/2020 1:19:34 PM, 3229.25, 9029, 1613.7, 322.41, 219.85, 160.5, 313.8022, 170.46, 238.27, 95.84, 30.025, 63.235, 125.98, 62.8849, 87.535, , , , , 
1/31/2020 1:19:37 PM, 3229, 9029.5, 1613.8, 322.3859, 219.82, 160.48, 313.7795, 170.4413, 238.27, 95.8419, 30.02, 63.235, 125.97, 62.8849, 87.535, , , , , 
1/31/2020 1:19:40 PM, 3228.5, 9027.25, 1613.4, 322.3859, 219.8, 160.48, 313.7582, 170.42, 238.28, 95.8419, 30.02, 63.235, 125.97, 62.8849, 87.535, , , , , 
1/31/2020 1:19:43 PM, 3228.25, 9026.5, 1613.3, 322.28, 219.8, 160.43, 313.73, 170.41, 238.28, 95.81, 30.015, 63.21, 125.95, 62.8849, 87.525, , , , , 
1/31/2020 1:19:46 PM, 3227.75, 9025.75, 1613.1, 322.28, 219.74, 160.43, 313.6601, 170.37, 238.28, 95.81, 30.015, 63.21, 125.95, 62.8849, 87.525, , , , , 
1/31/2020 1:19:49 PM, 3228.25, 9027, 1613.5, 322.3, 219.77, 160.45, 313.7216, 170.4, 238.28, 95.81, 30.02, 63.22, 125.94, 62.8849, 87.525, , , , , 
1/31/2020 1:19:52 PM, 3228.25, 9027.5, 1613.4, 322.3, 219.77, 160.45, 313.7593, 170.4067, 238.1845, 95.81, 30.02, 63.22, 125.94, 62.8849, 87.525, , , , , 
1/31/2020 1:19:55 PM, 3228.25, 9027.5, 1613.4, 322.3, 219.785, 160.45, 313.74, 170.41, 238.1845, 95.81, 30.0179, 63.22, 125.95, 62.8849, 87.525, , , , , 
1/31/2020 1:19:58 PM, 3228.25, 9027.75, 1613.4, 322.3, 219.79, 160.45, 313.74, 170.41, 238.12, 95.81, 30.0179, 63.22, 125.95, 62.8849, 87.525, , , , , 
1/31/2020 1:20:01 PM, 3228, 9026.5, 1613.1, 322.28, 219.78, 160.42, 313.67, 170.405, 238.165, 95.81, 30.02, 63.22, 125.9531, 62.8849, 87.525, , , , , 
1/31/2020 1:20:04 PM, 3227.75, 9025, 1612.9, 322.28, 219.76, 160.42, 313.67, 170.39, 238.0949, 95.81, 30.02, 63.22, 125.9531, 62.8849, 87.525, , , , , 
1/31/2020 1:20:07 PM, 3227.25, 9023.25, 1612.9, 322.2005, 219.72, 160.39, 313.57, 170.365, 238.07, 95.78, 30.01, 63.22, 125.93, 62.8849, 87.53, , , , , 
1/31/2020 1:20:10 PM, 3227.25, 9023.75, 1612.9, 322.2005, 219.6827, 160.39, 313.516, 170.34, 237.9885, 95.78, 30.01, 63.22, 125.93, 62.8849, 87.53, , , , , 
1/31/2020 1:20:13 PM, 3227.25, 9023.5, 1612.8, 322.21, 219.68, 160.4, 313.5426, 170.35, 238.01, 95.78, 30.01, 63.215, 125.91, 62.8849, 87.525, , , , , 
1/31/2020 1:20:16 PM, 3227.75, 9024.25, 1613, 322.21, 219.7, 160.4, 313.57, 170.35, 237.94, 95.78, 30.01, 63.215, 125.91, 62.8849, 87.525, , , , , 
1/31/2020 1:20:19 PM, 3227.75, 9024.5, 1613, 322.26, 219.71, 160.43, 313.63, 170.3594, 237.954, 95.8, 30.015, 63.22, 125.92, 62.8849, 87.53, , , , , 
1/31/2020 1:20:22 PM, 3227.75, 9024.5, 1613, 322.26, 219.71, 160.43, 313.5936, 170.38, 237.954, 95.8, 30.015, 63.22, 125.92, 62.8849, 87.53, , , , , 
1/31/2020 1:20:25 PM, 3227.75, 9024, 1612.9, 322.255, 219.7, 160.42, 313.57, 170.36, 237.95, 95.79, 30.015, 63.22, 125.92, 62.8849, 87.53, , , , , 
1/31/2020 1:20:28 PM, 3227.5, 9023, 1612.8, 322.255, 219.71, 160.42, 313.57, 170.3556, 237.95, 95.79, 30.015, 63.22, 125.92, 62.8849, 87.53, , , , , 
1/31/2020 1:20:31 PM, 3227.25, 9023, 1612.8, 322.2099, 219.69, 160.4, 313.567, 170.35, 237.91, 95.78, 30.01, 63.22, 125.92, 62.8849, 87.53, , , , , 
1/31/2020 1:20:34 PM, 3227.5, 9022.75, 1612.7, 322.2099, 219.6869, 160.4, 313.5741, 170.3429, 237.91, 95.78, 30.01, 63.22, 125.92, 62.8849, 87.53, , , , , 
1/31/2020 1:20:37 PM, 3227, 9021.75, 1612.6, 322.16, 219.68, 160.37, 313.5741, 170.345, 237.91, 95.77, 30.01, 63.215, 125.91, 62.8849, 87.53, , , , , 
1/31/2020 1:20:40 PM, 3226.75, 9021.5, 1612.5, 322.16, 219.6422, 160.37, 313.41, 170.31, 237.9025, 95.77, 30.01, 63.215, 125.91, 62.8849, 87.53, , , , , 
1/31/2020 1:20:43 PM, 3226.25, 9020, 1612.3, 322.115, 219.63, 160.34, 313.38, 170.31, 237.91, 95.74, 30.01, 63.195, 125.88, 62.8849, 87.53, , , , , 
1/31/2020 1:20:46 PM, 3226.25, 9020.25, 1612.3, 322.115, 219.61, 160.34, 313.34, 170.28, 237.86, 95.74, 30.01, 63.195, 125.88, 62.8849, 87.53, , , , , 
1/31/2020 1:20:49 PM, 3226.25, 9019.75, 1612.4, 322.1, 219.6, 160.35, 313.3416, 170.27, 237.85, 95.74, 30.005, 63.19, 125.875, 62.74, 87.53, , , , , 
1/31/2020 1:20:52 PM, 3226.75, 9020.5, 1612.4, 322.1, 219.61, 160.35, 313.33, 170.26, 237.83, 95.74, 30.005, 63.19, 125.875, 62.74, 87.53, , , , , 
1/31/2020 1:20:55 PM, 3226.5, 9020.5, 1612.5, 322.14, 219.62, 160.37, 313.35, 170.28, 237.82, 95.75, 30.005, 63.2, 125.88, 62.75, 87.53, , , , , 
1/31/2020 1:20:58 PM, 3226.5, 9019.75, 1612.5, 322.14, 219.62, 160.37, 313.4, 170.27, 237.84, 95.75, 30.005, 63.2, 125.88, 62.75, 87.53, , , , , 
1/31/2020 1:21:01 PM, 3226.25, 9019.25, 1612.4, 322.12, 219.6, 160.36, 313.3869, 170.27, 237.81, 95.75, 30, 63.205, 125.87, 62.75, 87.53, , , , , 
1/31/2020 1:21:04 PM, 3227.25, 9022, 1612.9, 322.12, 219.62, 160.36, 313.4299, 170.28, 237.86, 95.75, 30, 63.205, 125.87, 62.75, 87.53, , , , , 
1/31/2020 1:21:07 PM, 3227.5, 9024.25, 1613.2, 322.24, 219.67, 160.44, 313.5499, 170.29, 237.9248, 95.79, 30.01, 63.21, 125.91, 62.75, 87.53, , , , , 
1/31/2020 1:21:10 PM, 3227.5, 9023.75, 1613.1, 322.21, 219.69, 160.42, 313.5278, 170.3102, 238.0377, 95.78, 30.01, 63.205, 125.9, 62.75, 87.53, , , , , 
1/31/2020 1:21:13 PM, 3227.25, 9022.25, 1613, 322.17, 219.69, 160.42, 313.5278, 170.3102, 238.0377, 95.77, 30.01, 63.21, 125.9, 62.75, 87.53, , , , , 
1/31/2020 1:21:16 PM, 3227, 9022.5, 1613, 322.18, 219.67, 160.42, 313.55, 170.31, 237.9101, 95.77, 30.01, 63.21, 125.9, 62.75, 87.53, , , , , 
1/31/2020 1:21:20 PM, 3227.25, 9023, 1613.1, 322.23, 219.67, 160.45, 313.55, 170.31, 237.9101, 95.7769, 30.01, 63.21, 125.92, 62.75, 87.53, , , , , 
1/31/2020 1:21:23 PM, 3227.25, 9023.25, 1613.4, 322.2, 219.67, 160.45, 313.6199, 170.3, 238.04, 95.7769, 30.01, 63.215, 125.91, 62.75, 87.53, , , , , 
1/31/2020 1:21:26 PM, 3227, 9023, 1613.2, 322.2, 219.67, 160.45, 313.6199, 170.3, 238.04, 95.7769, 30.01, 63.215, 125.91, 62.75, 87.53, , , , , 
1/31/2020 1:21:29 PM, 3227.25, 9022.5, 1613.2, 322.18, 219.66, 160.45, 313.4876, 170.3, 238.0653, 95.78, 30.01, 63.21, 125.91, 62.75, 87.5201, , , , , 
1/31/2020 1:21:32 PM, 3227.25, 9023, 1613.3, 322.27, 219.66, 160.48, 313.4876, 170.3, 238.0653, 95.8, 30.02, 63.22, 125.94, 62.75, 87.53, , , , , 
1/31/2020 1:21:35 PM, 3228.5, 9026.25, 1613.8, 322.32, 219.8, 160.51, 313.7766, 170.4, 238.0576, 95.82, 30.02, 63.22, 125.94, 62.75, 87.54, , , , , 
1/31/2020 1:21:38 PM, 3228.75, 9027, 1613.8, 322.33, 219.8, 160.4836, 313.7766, 170.4, 238.0576, 95.835, 30.02, 63.235, 125.96, 62.75, 87.54, , , , , 
1/31/2020 1:21:41 PM, 3229, 9028.5, 1613.9, 322.39, 219.85, 160.52, 313.8, 170.45, 238.21, 95.84, 30.03, 63.24, 125.99, 62.75, 87.54, , , , , 
1/31/2020 1:21:44 PM, 3230, 9031, 1614.3, 322.45, 219.85, 160.55, 313.8, 170.45, 238.21, 95.87, 30.03, 63.25, 126.02, 62.75, 87.55, , , , , 
1/31/2020 1:21:47 PM, 3229.5, 9028.75, 1614, 322.41, 219.83, 160.52, 313.7308, 170.45, 238.345, 95.85, 30.0301, 63.235, 126, 62.75, 87.55, , , , , 
1/31/2020 1:21:50 PM, 3229.25, 9028.5, 1614, 322.41, 219.83, 160.52, 313.7308, 170.45, 238.345, 95.8405, 30.03, 63.23, 126, 62.75, 87.55, , , , , 
1/31/2020 1:21:53 PM, 3228.75, 9027.25, 1613.7, 322.355, 219.785, 160.48, 313.68, 170.41, 238.1901, 95.83, 30.025, 63.23, 125.98, 62.75, 87.54, , , , , 
1/31/2020 1:21:56 PM, 3228.75, 9026.25, 1613.6, 322.33, 219.785, 160.46, 313.68, 170.41, 238.1901, 95.83, 30.02, 63.23, 125.97, 62.75, 87.54, , , , , 
1/31/2020 1:21:59 PM, 3228.5, 9025.5, 1613.4, 322.325, 219.77, 160.46, 313.62, 170.42, 238.24, 95.83, 30.0234, 63.23, 125.97, 62.75, 87.54, , , , , 
1/31/2020 1:22:02 PM, 3229, 9027, 1613.5, 322.38, 219.77, 160.45, 313.62, 170.42, 238.24, 95.83, 30.025, 63.23, 125.97, 62.75, 87.54, , , , , 
1/31/2020 1:22:05 PM, 3228.5, 9025, 1613.2, 322.3066, 219.71, 160.43, 313.51, 170.383, 238.17, 95.81, 30.02, 63.23, 125.95, 62.75, 87.54, , , , , 
1/31/2020 1:22:08 PM, 3228.25, 9024.25, 1613.1, 322.3, 219.71, 160.42, 313.51, 170.383, 238.17, 95.8, 30.02, 63.23, 125.94, 62.75, 87.54, , , , , 
1/31/2020 1:22:11 PM, 3228.25, 9024.25, 1613, 322.31, 219.7, 160.41, 313.4804, 170.3741, 238.1415, 95.8, 30.02, 63.23, 125.93, 62.75, 87.54, , , , , 
1/31/2020 1:22:14 PM, 3228, 9023.25, 1612.8, 322.29, 219.7, 160.42, 313.4804, 170.3741, 238.1415, 95.79, 30.02, 63.23, 125.92, 62.75, 87.54, , , , , 
1/31/2020 1:22:17 PM, 3228, 9023.75, 1612.9, 322.27, 219.7, 160.401, 313.48, 170.38, 238.0933, 95.8, 30.02, 63.23, 125.92, 62.75, 87.5347, , , , , 
1/31/2020 1:22:20 PM, 3228, 9023.25, 1612.8, 322.2898, 219.7, 160.41, 313.48, 170.38, 238.0933, 95.8, 30.02, 63.23, 125.92, 62.75, 87.5347, , , , , 
1/31/2020 1:22:23 PM, 3228.5, 9025.25, 1613.1, 322.32, 219.75, 160.43, 313.62, 170.41, 238.19, 95.81, 30.02, 63.23, 125.92, 62.75, 87.54, , , , , 
1/31/2020 1:22:26 PM, 3229, 9026.75, 1613.3, 322.3601, 219.75, 160.45, 313.62, 170.41, 238.19, 95.83, 30.0266, 63.245, 125.95, 62.75, 87.54, , , , , 
1/31/2020 1:22:29 PM, 3228.75, 9025.5, 1613.2, 322.34, 219.75, 160.43, 313.62, 170.38, 238.2, 95.815, 30.025, 63.245, 125.95, 62.75, 87.54, , , , , 
1/31/2020 1:22:32 PM, 3228.75, 9025.75, 1613.2, 322.365, 219.75, 160.44, 313.62, 170.38, 238.2, 95.82, 30.03, 63.24, 125.95, 62.75, 87.54, , , , , 
1/31/2020 1:22:35 PM, 3229, 9026.25, 1613.3, 322.4, 219.74, 160.46, 313.6278, 170.43, 238.25, 95.82, 30.03, 63.25, 125.95, 62.75, 87.54, , , , , 
1/31/2020 1:22:38 PM, 3229, 9026.25, 1613.3, 322.4, 219.74, 160.45, 313.6278, 170.43, 238.25, 95.84, 30.03, 63.255, 125.96, 62.75, 87.54, , , , , 
1/31/2020 1:22:41 PM, 3229.5, 9027, 1613.4, 322.4, 219.7744, 160.45, 313.6855, 170.45, 238.25, 95.84, 30.03, 63.255, 125.965, 62.75, 87.54, , , , , 
1/31/2020 1:22:44 PM, 3229, 9026.75, 1613.3, 322.39, 219.7744, 160.45, 313.6855, 170.45, 238.25, 95.84, 30.035, 63.255, 125.965, 62.75, 87.54, , , , , 
1/31/2020 1:22:47 PM, 3229, 9026.25, 1613.3, 322.3512, 219.73, 160.43, 313.5935, 170.45, 238.1987, 95.83, 30.03, 63.25, 125.95, 62.75, 87.54, , , , , 
1/31/2020 1:22:50 PM, 3229, 9026, 1613.1, 322.3699, 219.73, 160.42, 313.5935, 170.45, 238.1987, 95.83, 30.03, 63.25, 125.95, 62.75, 87.54, , , , , 
1/31/2020 1:22:53 PM, 3229, 9025.75, 1613.1, 322.37, 219.74, 160.43, 313.5836, 170.4546, 238.2293, 95.83, 30.0334, 63.25, 125.95, 62.75, 87.54, , , , , 
1/31/2020 1:22:56 PM, 3229, 9026.25, 1613.3, 322.355, 219.74, 160.43, 313.5836, 170.4546, 238.2293, 95.84, 30.0334, 63.25, 125.95, 62.75, 87.535, , , , , 
1/31/2020 1:22:59 PM, 3229, 9025.5, 1613.2, 322.36, 219.76, 160.45, 313.64, 170.47, 238.285, 95.83, 30.0334, 63.25, 125.95, 62.75, 87.54, , , , , 
1/31/2020 1:23:02 PM, 3229.5, 9027, 1613.4, 322.41, 219.76, 160.46, 313.64, 170.47, 238.285, 95.8421, 30.0323, 63.265, 125.95, 62.75, 87.54, , , , , 
1/31/2020 1:23:05 PM, 3229.25, 9025.75, 1613.3, 322.36, 219.73, 160.44, 313.57, 170.45, 238.285, 95.83, 30.03, 63.265, 125.95, 62.75, 87.54, , , , , 
1/31/2020 1:23:08 PM, 3229, 9025, 1613.2, 322.37, 219.73, 160.44, 313.57, 170.45, 238.285, 95.83, 30.025, 63.265, 125.95, 62.75, 87.54, , , , , 
1/31/2020 1:23:11 PM, 3228.75, 9024.5, 1613.1, 322.3456, 219.7, 160.44, 313.575, 170.465, 238.285, 95.83, 30.025, 63.265, 125.945, 62.75, 87.54, , , , , 
1/31/2020 1:23:14 PM, 3229, 9025.5, 1613.2, 322.4, 219.7322, 160.44, 313.595, 170.4937, 238.285, 95.83, 30.03, 63.26, 125.95, 62.75, 87.54, , , , , 
1/31/2020 1:23:17 PM, 3229, 9025.5, 1613.2, 322.38, 219.7205, 160.4307, 313.61, 170.4969, 238.2457, 95.83, 30.03, 63.26, 125.95, 62.75, 87.54, , , , , 
1/31/2020 1:23:20 PM, 3229, 9025.25, 1613.1, 322.34, 219.7, 160.42, 313.57, 170.48, 238.2457, 95.83, 30.03, 63.255, 125.94, 62.75, 87.54, , , , , 
1/31/2020 1:23:23 PM, 3229, 9025.25, 1613.1, 322.36, 219.71, 160.43, 313.58, 170.495, 238.225, 95.83, 30.03, 63.26, 125.945, 62.75, 87.54, , , , , 
1/31/2020 1:23:26 PM, 3228.5, 9023.75, 1613, 322.32, 219.685, 160.43, 313.56, 170.47, 238.225, 95.82, 30.03, 63.26, 125.94, 62.75, 87.54, , , , , 
1/31/2020 1:23:29 PM, 3228.5, 9023.75, 1613, 322.33, 219.7, 160.43, 313.5594, 170.475, 238.225, 95.82, 30.025, 63.265, 125.94, 62.75, 87.54, , , , , 
1/31/2020 1:23:32 PM, 3228.25, 9022.75, 1612.9, 322.317, 219.67, 160.41, 313.5, 170.455, 238.225, 95.82, 30.0246, 63.26, 125.94, 62.75, 87.54, , , , , 
1/31/2020 1:23:35 PM, 3228.25, 9022.75, 1612.9, 322.3, 219.67, 160.41, 313.4901, 170.465, 238.225, 95.82, 30.0246, 63.26, 125.94, 62.75, 87.53, , , , , 
1/31/2020 1:23:39 PM, 3228.75, 9024, 1613.1, 322.3, 219.7, 160.41, 313.53, 170.47, 238.22, 95.82, 30.0256, 63.26, 125.94, 62.75, 87.53, , , , , 
1/31/2020 1:23:42 PM, 3228.75, 9024, 1613.1, 322.35, 219.709, 160.4192, 313.51, 170.47, 238.22, 95.825, 30.0233, 63.26, 125.94, 62.75, 87.53, , , , , 
1/31/2020 1:23:45 PM, 3228.5, 9023.25, 1612.9, 322.295, 219.67, 160.4, 313.5173, 170.46, 238.11, 95.82, 30.02, 63.255, 125.94, 62.83, 87.53, , , , , 
1/31/2020 1:23:48 PM, 3228.5, 9023.25, 1612.9, 322.31, 219.68, 160.41, 313.51, 170.475, 238.11, 95.82, 30.02, 63.255, 125.94, 62.83, 87.53, , , , , 
1/31/2020 1:23:51 PM, 3229, 9025.75, 1613.4, 322.31, 219.71, 160.41, 313.52, 170.48, 238.12, 95.82, 30.02, 63.255, 125.94, 62.83, 87.53, , , , , 
1/31/2020 1:23:54 PM, 3229, 9025.75, 1613.4, 322.36, 219.73, 160.45, 313.53, 170.51, 238.25, 95.84, 30.03, 63.26, 125.95, 62.83, 87.53, , , , , 
1/31/2020 1:23:57 PM, 3229, 9025.5, 1613.3, 322.39, 219.73, 160.45, 313.52, 170.51, 238.2456, 95.84, 30.03, 63.265, 125.95, 62.83, 87.53, , , , , 
1/31/2020 1:24:00 PM, 3229, 9025.5, 1613.3, 322.36, 219.72, 160.44, 313.57, 170.52, 238.2456, 95.83, 30.03, 63.26, 125.95, 62.83, 87.53, , , , , 
1/31/2020 1:24:03 PM, 3228.75, 9024.5, 1613.3, 322.34, 219.72, 160.43, 313.565, 170.51, 238.1723, 95.83, 30.025, 63.26, 125.95, 62.83, 87.53, , , , , 
1/31/2020 1:24:06 PM, 3229, 9025, 1613.3, 322.37, 219.74, 160.46, 313.7135, 170.5334, 238.26, 95.83, 30.025, 63.26, 125.95, 62.83, 87.53, , , , , 
1/31/2020 1:24:09 PM, 3228.75, 9025, 1613.4, 322.36, 219.74, 160.45, 313.65, 170.5133, 238.26, 95.83, 30.025, 63.26, 125.95, 62.83, 87.54, , , , , 
1/31/2020 1:24:12 PM, 3228.75, 9025, 1613.4, 322.3666, 219.7327, 160.45, 313.695, 170.52, 238.2567, 95.845, 30.03, 63.26, 125.95, 62.83, 87.54, , , , , 
1/31/2020 1:24:15 PM, 3229, 9025, 1613.3, 322.3679, 219.7381, 160.46, 313.682, 170.535, 238.2863, 95.85, 30.025, 63.26, 125.95, 62.83, 87.54, , , , , 
1/31/2020 1:24:18 PM, 3229, 9025, 1613.3, 322.365, 219.7381, 160.46, 313.69, 170.55, 238.245, 95.85, 30.03, 63.255, 125.95, 62.83, 87.5301, , , , , 
1/31/2020 1:24:21 PM, 3229, 9026, 1613.8, 322.3609, 219.74, 160.46, 313.71, 170.54, 238.245, 95.85, 30.03, 63.255, 125.95, 62.83, 87.5301, , , , , 
1/31/2020 1:24:24 PM, 3229, 9026, 1613.8, 322.38, 219.77, 160.47, 313.7798, 170.57, 238.33, 95.85, 30.03, 63.255, 125.96, 62.83, 87.5301, , , , , 
1/31/2020 1:24:27 PM, 3229.75, 9027.25, 1613.9, 322.425, 219.78, 160.48, 313.8, 170.565, 238.35, 95.87, 30.035, 63.255, 125.98, 62.83, 87.55, , , , , 
1/31/2020 1:24:30 PM, 3229.75, 9027.25, 1613.9, 322.437, 219.85, 160.51, 313.9, 170.61, 238.42, 95.87, 30.03, 63.255, 125.98, 62.83, 87.55, , , , , 
1/31/2020 1:24:33 PM, 3230.5, 9029.5, 1614.2, 322.49, 219.83, 160.53, 313.9, 170.6, 238.4766, 95.89, 30.04, 63.275, 126.02, 62.83, 87.55, , , , , 
1/31/2020 1:24:36 PM, 3230.5, 9029.5, 1614.2, 322.51, 219.85, 160.54, 313.9133, 170.6008, 238.5046, 95.89, 30.04, 63.28, 126.02, 62.83, 87.55, , , , , 
1/31/2020 1:24:39 PM, 3230.5, 9030.25, 1614.3, 322.51, 219.84, 160.53, 313.9301, 170.62, 238.5046, 95.89, 30.035, 63.28, 126.01, 62.83, 87.55, , , , , 
1/31/2020 1:24:42 PM, 3230.5, 9030.25, 1614.3, 322.52, 219.85, 160.54, 313.9799, 170.6116, 238.5046, 95.9121, 30.0369, 63.28, 126.007, 62.83, 87.55, , , , , 
1/31/2020 1:24:45 PM, 3230.25, 9030.25, 1614.3, 322.52, 219.85, 160.54, 313.953, 170.62, 238.39, 95.91, 30.035, 63.275, 126, 62.83, 87.55, , , , , 
1/31/2020 1:24:48 PM, 3230.25, 9030.25, 1614.3, 322.51, 219.85, 160.54, 313.87, 170.595, 238.39, 95.91, 30.04, 63.27, 126.01, 62.83, 87.55, , , , , 
1/31/2020 1:24:51 PM, 3230.25, 9029.75, 1614.3, 322.51, 219.85, 160.55, 313.95, 170.61, 238.445, 95.89, 30.04, 63.26, 126.01, 62.83, 87.55, , , , , 
1/31/2020 1:24:54 PM, 3230.75, 9030.75, 1614.5, 322.52, 219.8566, 160.57, 313.95, 170.61, 238.4872, 95.89, 30.0339, 63.27, 126.01, 62.83, 87.545, , , , , 
1/31/2020 1:24:57 PM, 3230.75, 9031.25, 1614.9, 322.525, 219.88, 160.58, 313.955, 170.625, 238.54, 95.89, 30.035, 63.2642, 126.01, 62.83, 87.545, , , , , 
1/31/2020 1:25:00 PM, 3230.75, 9031.25, 1614.9, 322.5607, 219.88, 160.6, 313.965, 170.63, 238.54, 95.92, 30.0408, 63.275, 126.0279, 62.83, 87.545, , , , , 
1/31/2020 1:25:03 PM, 3230.75, 9030.5, 1614.6, 322.5479, 219.87, 160.58, 313.91, 170.63, 238.54, 95.92, 30.04, 63.27, 126.02, 62.83, 87.545, , , , , 
1/31/2020 1:25:06 PM, 3230.75, 9030.5, 1614.6, 322.5361, 219.82, 160.59, 313.92, 170.61, 238.42, 95.91, 30.04, 63.27, 126.02, 62.83, 87.56, , , , , 
1/31/2020 1:25:09 PM, 3229.5, 9026.5, 1614.1, 322.48, 219.75, 160.54, 313.725, 170.54, 238.39, 95.88, 30.035, 63.26, 125.98, 62.83, 87.55, , , , , 
1/31/2020 1:25:12 PM, 3229.5, 9026.5, 1614.1, 322.4618, 219.79, 160.54, 313.88, 170.57, 238.3549, 95.86, 30.035, 63.255, 125.9685, 62.83, 87.55, , , , , 
1/31/2020 1:25:15 PM, 3230, 9027.75, 1614.5, 322.48, 219.7982, 160.56, 313.89, 170.58, 238.3549, 95.86, 30.0386, 63.255, 125.965, 62.83, 87.55, , , , , 
1/31/2020 1:25:18 PM, 3230, 9027.75, 1614.5, 322.48, 219.8065, 160.56, 313.8684, 170.59, 238.3549, 95.88, 30.03, 63.255, 125.96, 62.83, 87.55, , , , , 
1/31/2020 1:25:21 PM, 3230.75, 9030.25, 1614.9, 322.505, 219.84, 160.59, 313.9302, 170.61, 238.44, 95.89, 30.035, 63.255, 125.98, 62.83, 87.55, , , , , 
1/31/2020 1:25:24 PM, 3230.75, 9030.25, 1614.9, 322.525, 219.855, 160.59, 313.93, 170.63, 238.45, 95.9, 30.045, 63.255, 125.99, 62.83, 87.55, , , , , 
1/31/2020 1:25:27 PM, 3230.75, 9030.75, 1614.9, 322.53, 219.85, 160.61, 313.9502, 170.63, 238.4705, 95.905, 30.045, 63.26, 125.99, 62.83, 87.55, , , , , 
1/31/2020 1:25:30 PM, 3230.75, 9030.75, 1614.9, 322.56, 219.88, 160.61, 313.98, 170.63, 238.5, 95.91, 30.045, 63.26, 126, 62.83, 87.55, , , , , 
1/31/2020 1:25:33 PM, 3231.25, 9032.5, 1615.2, 322.59, 219.91, 160.62, 313.96, 170.64, 238.56, 95.92, 30.05, 63.26, 126.02, 62.83, 87.5546, , , , , 
1/31/2020 1:25:36 PM, 3231.5, 9033.5, 1615.3, 322.6279, 219.92, 160.64, 314, 170.67, 238.5354, 95.94, 30.05, 63.26, 126.03, 62.83, 87.56, , , , , 
1/31/2020 1:25:39 PM, 3231.5, 9032.75, 1615.2, 322.6279, 219.925, 160.64, 314.0648, 170.7, 238.5354, 95.94, 30.05, 63.26, 126.03, 62.83, 87.56, , , , , 
1/31/2020 1:25:42 PM, 3231.25, 9032.5, 1615.2, 322.61, 219.92, 160.62, 314.02, 170.7, 238.5354, 95.93, 30.05, 63.275, 126.02, 62.83, 87.56, , , , , 
1/31/2020 1:25:45 PM, 3231.5, 9032.75, 1615.2, 322.61, 219.905, 160.62, 313.99, 170.69, 238.4275, 95.93, 30.05, 63.275, 126.02, 62.83, 87.56, , , , , 
1/31/2020 1:25:49 PM, 3231, 9032, 1615, 322.59, 219.91, 160.61, 314.02, 170.7, 238.4411, 95.925, 30.0453, 63.27, 126.02, 62.83, 87.56, , , , , 
1/31/2020 1:25:52 PM, 3231.25, 9032.5, 1615.2, 322.59, 219.91, 160.61, 314.0517, 170.71, 238.4411, 95.925, 30.0453, 63.27, 126.02, 62.83, 87.56, , , , , 
1/31/2020 1:25:55 PM, 3231.5, 9033.25, 1615.3, 322.61, 219.92, 160.65, 314.06, 170.72, 238.4411, 95.9319, 30.05, 63.275, 126.02, 62.83, 87.56, , , , , 
1/31/2020 1:25:58 PM, 3231.25, 9032, 1615.1, 322.61, 219.9, 160.65, 314.03, 170.69, 238.4411, 95.9319, 30.05, 63.275, 126.02, 62.83, 87.56, , , , , 
1/31/2020 1:26:01 PM, 3230.75, 9031, 1614.7, 322.55, 219.88, 160.61, 314.06, 170.685, 238.41, 95.92, 30.045, 63.26, 126, 62.83, 87.56, , , , , 
1/31/2020 1:26:04 PM, 3230.5, 9030.5, 1614.5, 322.55, 219.8731, 160.61, 314.01, 170.685, 238.41, 95.92, 30.045, 63.26, 126, 62.83, 87.56, , , , , 
1/31/2020 1:26:07 PM, 3230.75, 9031, 1614.6, 322.55, 219.87, 160.5601, 314.005, 170.676, 238.3657, 95.91, 30.045, 63.26, 125.99, 62.83, 87.55, , , , , 
1/31/2020 1:26:10 PM, 3231, 9031, 1614.8, 322.55, 219.86, 160.5601, 314.0499, 170.69, 238.3657, 95.91, 30.045, 63.26, 125.99, 62.83, 87.55, , , , , 
1/31/2020 1:26:13 PM, 3231, 9031.5, 1614.8, 322.56, 219.88, 160.59, 314.08, 170.69, 238.35, 95.9295, 30.045, 63.26, 125.99, 62.83, 87.55, , , , , 
1/31/2020 1:26:16 PM, 3230.75, 9031.25, 1614.8, 322.56, 219.88, 160.59, 314.09, 170.6978, 238.4, 95.9295, 30.045, 63.26, 125.99, 62.83, 87.55, , , , , 
1/31/2020 1:26:19 PM, 3230.5, 9030, 1614.7, 322.51, 219.88, 160.59, 314.05, 170.69, 238.4172, 95.92, 30.04, 63.25, 125.97, 62.83, 87.55, , , , , 
1/31/2020 1:26:22 PM, 3230, 9028.75, 1614.5, 322.51, 219.81, 160.59, 313.98, 170.67, 238.4, 95.92, 30.04, 63.25, 125.97, 62.83, 87.55, , , , , 
1/31/2020 1:26:25 PM, 3230.25, 9029.75, 1614.5, 322.51, 219.82, 160.565, 313.98, 170.675, 238.4, 95.91, 30.04, 63.255, 125.97, 62.83, 87.545, , , , , 
1/31/2020 1:26:28 PM, 3230.25, 9029.75, 1614.5, 322.51, 219.8321, 160.565, 314.0249, 170.7008, 238.38, 95.91, 30.04, 63.255, 125.97, 62.83, 87.545, , , , , 
1/31/2020 1:26:31 PM, 3230.25, 9030, 1614.6, 322.5237, 219.8366, 160.57, 314.0249, 170.72, 238.37, 95.92, 30.04, 63.255, 125.98, 62.83, 87.545, , , , , 
1/31/2020 1:26:34 PM, 3230.25, 9029.25, 1614.5, 322.5237, 219.8401, 160.57, 314.03, 170.715, 238.4296, 95.92, 30.04, 63.255, 125.98, 62.83, 87.545, , , , , 
1/31/2020 1:26:37 PM, 3230.25, 9029.25, 1614.4, 322.51, 219.8481, 160.56, 314.0066, 170.71, 238.33, 95.92, 30.035, 63.255, 125.97, 62.83, 87.545, , , , , 
1/31/2020 1:26:40 PM, 3229.75, 9027.5, 1614.2, 322.51, 219.83, 160.56, 313.93, 170.67, 238.33, 95.92, 30.035, 63.255, 125.97, 62.83, 87.545, , , , , 
1/31/2020 1:26:43 PM, 3229.75, 9026.75, 1614.2, 322.43, 219.8, 160.53, 313.85, 170.6599, 238.26, 95.88, 30.025, 63.25, 125.94, 62.83, 87.54, , , , , 
1/31/2020 1:26:46 PM, 3229.5, 9027, 1614.2, 322.43, 219.79, 160.53, 313.8, 170.6185, 238.235, 95.88, 30.025, 63.25, 125.94, 62.83, 87.54, , , , , 
1/31/2020 1:26:49 PM, 3229.25, 9026.25, 1614.2, 322.41, 219.77, 160.54, 313.7846, 170.64, 238.27, 95.88, 30.025, 63.24, 125.95, 62.83, 87.54, , , , , 
1/31/2020 1:26:52 PM, 3229, 9025.25, 1614, 322.41, 219.73, 160.54, 313.69, 170.6, 238.23, 95.88, 30.025, 63.24, 125.95, 62.83, 87.54, , , , , 
1/31/2020 1:26:55 PM, 3229.25, 9026.25, 1614.2, 322.38, 219.72, 160.54, 313.75, 170.59, 238.2022, 95.86, 30.03, 63.235, 125.93, 62.83, 87.535, , , , , 
1/31/2020 1:26:58 PM, 3229.25, 9026, 1614.1, 322.38, 219.73, 160.54, 313.74, 170.6, 238.2022, 95.86, 30.03, 63.235, 125.93, 62.83, 87.535, , , , , 
1/31/2020 1:27:01 PM, 3229.5, 9027, 1614.3, 322.4312, 219.78, 160.53, 313.77, 170.63, 238.1972, 95.88, 30.03, 63.235, 125.94, 62.83, 87.535, , , , , 
1/31/2020 1:27:04 PM, 3229.5, 9026.75, 1614.2, 322.4312, 219.77, 160.53, 313.713, 170.63, 238.1972, 95.88, 30.03, 63.235, 125.94, 62.83, 87.535, , , , , 
1/31/2020 1:27:07 PM, 3229.75, 9027.25, 1614.3, 322.43, 219.7703, 160.53, 313.7167, 170.63, 238.1972, 95.87, 30.03, 63.235, 125.95, 62.83, 87.535, , , , , 
1/31/2020 1:27:10 PM, 3229.25, 9026, 1614.1, 322.43, 219.76, 160.53, 313.64, 170.625, 238.1972, 95.87, 30.03, 63.235, 125.95, 62.83, 87.535, , , , , 
1/31/2020 1:27:13 PM, 3229.25, 9025.25, 1614, 322.4, 219.75, 160.52, 313.61, 170.57, 238.2043, 95.86, 30.03, 63.235, 125.94, 62.83, 87.535, , , , , 
1/31/2020 1:27:16 PM, 3228.75, 9024.5, 1613.9, 322.4, 219.71, 160.52, 313.57, 170.54, 238.12, 95.86, 30.03, 63.235, 125.94, 62.83, 87.535, , , , , 
1/31/2020 1:27:19 PM, 3228.75, 9024.75, 1614, 322.3501, 219.7299, 160.51, 313.61, 170.54, 238.0701, 95.845, 30.025, 63.23, 125.92, 62.83, 87.535, , , , , 
1/31/2020 1:27:22 PM, 3229, 9025.75, 1614.1, 322.3501, 219.75, 160.51, 313.62, 170.56, 238.17, 95.845, 30.025, 63.23, 125.92, 62.83, 87.535, , , , , 
1/31/2020 1:27:25 PM, 3229.25, 9025.5, 1614, 322.38, 219.735, 160.51, 313.65, 170.5655, 238.2099, 95.85, 30.0238, 63.235, 125.93, 62.83, 87.535, , , , , 
1/31/2020 1:27:28 PM, 3229.25, 9025.5, 1614, 322.38, 219.74, 160.51, 313.65, 170.567, 238.1955, 95.85, 30.0238, 63.235, 125.93, 62.83, 87.535, , , , , 
1/31/2020 1:27:31 PM, 3229.25, 9026.25, 1614, 322.39, 219.7385, 160.53, 313.6, 170.57, 238.21, 95.86, 30.02, 63.235, 125.94, 62.83, 87.535, , , , , 
1/31/2020 1:27:34 PM, 3229, 9026, 1614, 322.39, 219.74, 160.53, 313.63, 170.565, 238.21, 95.86, 30.02, 63.235, 125.94, 62.83, 87.535, , , , , 
1/31/2020 1:27:37 PM, 3229, 9026, 1614, 322.38, 219.75, 160.51, 313.6296, 170.565, 238.215, 95.86, 30.025, 63.23, 125.94, 62.83, 87.535, , , , , 
1/31/2020 1:27:40 PM, 3228.75, 9024.5, 1613.9, 322.38, 219.74, 160.51, 313.6296, 170.565, 238.215, 95.86, 30.025, 63.23, 125.94, 62.83, 87.535, , , , , 
1/31/2020 1:27:43 PM, 3229, 9025.75, 1614, 322.37, 219.715, 160.51, 313.62, 170.525, 238.22, 95.85, 30.025, 63.22, 125.93, 62.83, 87.535, , , , , 
1/31/2020 1:27:46 PM, 3229, 9025.25, 1614, 322.37, 219.73, 160.51, 313.626, 170.53, 238.19, 95.85, 30.025, 63.22, 125.93, 62.83, 87.535, , , , , 
1/31/2020 1:27:49 PM, 3228.75, 9025.25, 1614, 322.37, 219.73, 160.51, 313.6151, 170.53, 238.19, 95.85, 30.025, 63.225, 125.93, 62.83, 87.535, , , , , 
1/31/2020 1:27:52 PM, 3228.75, 9025, 1614, 322.37, 219.73, 160.51, 313.6, 170.54, 238.19, 95.85, 30.025, 63.225, 125.93, 62.83, 87.535, , , , , 
1/31/2020 1:27:55 PM, 3229, 9025.75, 1614, 322.37, 219.74, 160.51, 313.61, 170.56, 238.19, 95.85, 30.025, 63.22, 125.94, 62.83, 87.535, , , , , 
1/31/2020 1:27:58 PM, 3229, 9025.25, 1614, 322.37, 219.7569, 160.51, 313.6058, 170.56, 238.19, 95.85, 30.025, 63.22, 125.94, 62.83, 87.535, , , , , 
1/31/2020 1:28:01 PM, 3228.75, 9024.75, 1613.9, 322.36, 219.7569, 160.51, 313.615, 170.575, 238.19, 95.855, 30.0239, 63.22, 125.94, 62.83, 87.535, , , , , 
1/31/2020 1:28:04 PM, 3229, 9024.75, 1613.9, 322.36, 219.7238, 160.51, 313.55, 170.55, 238.25, 95.855, 30.0239, 63.22, 125.94, 62.83, 87.535, , , , , 
1/31/2020 1:28:07 PM, 3228.5, 9023.5, 1613.7, 322.32, 219.7, 160.48, 313.4569, 170.51, 238.19, 95.83, 30.02, 63.22, 125.91, 62.83, 87.53, , , , , 
1/31/2020 1:28:10 PM, 3228.5, 9023.75, 1613.7, 322.31, 219.665, 160.48, 313.4821, 170.5, 238.135, 95.83, 30.025, 63.22, 125.91, 62.83, 87.525, , , , , 
1/31/2020 1:28:13 PM, 3228, 9022.75, 1613.4, 322.27, 219.665, 160.46, 313.4821, 170.5, 238.135, 95.83, 30.015, 63.2195, 125.91, 62.83, 87.525, , , , , 
1/31/2020 1:28:16 PM, 3228, 9021.5, 1613.3, 322.23, 219.65, 160.46, 313.4278, 170.48, 238.12, 95.82, 30.015, 63.21, 125.89, 62.83, 87.525, , , , , 
1/31/2020 1:28:19 PM, 3228, 9022.5, 1613.3, 322.28, 219.65, 160.45, 313.4278, 170.48, 238.12, 95.82, 30.02, 63.21, 125.9, 62.83, 87.52, , , , , 
1/31/2020 1:28:22 PM, 3228.25, 9023.5, 1613.4, 322.305, 219.72, 160.47, 313.58, 170.525, 238.16, 95.84, 30.02, 63.215, 125.9, 62.83, 87.52, , , , , 
1/31/2020 1:28:26 PM, 3228.75, 9024.25, 1613.6, 322.295, 219.72, 160.48, 313.58, 170.525, 238.16, 95.84, 30.025, 63.22, 125.91, 62.83, 87.525, , , , , 
1/31/2020 1:28:29 PM, 3228.25, 9023.25, 1613.5, 322.3, 219.72, 160.47, 313.49, 170.5067, 238.2303, 95.84, 30.025, 63.22, 125.91, 62.83, 87.525, , , , , 
1/31/2020 1:28:32 PM, 3228.25, 9024, 1613.5, 322.3, 219.72, 160.47, 313.49, 170.5067, 238.2303, 95.84, 30.025, 63.22, 125.91, 62.83, 87.525, , , , , 
1/31/2020 1:28:35 PM, 3228, 9022.25, 1613.3, 322.25, 219.6646, 160.4417, 313.403, 170.49, 238.2, 95.82, 30.02, 63.2168, 125.89, 62.83, 87.525, , , , , 
1/31/2020 1:28:38 PM, 3228, 9023, 1613.3, 322.27, 219.6646, 160.4417, 313.403, 170.49, 238.2, 95.825, 30.025, 63.2168, 125.9, 62.83, 87.525, , , , , 
1/31/2020 1:28:41 PM, 3228, 9023, 1613.4, 322.275, 219.652, 160.44, 313.4877, 170.5099, 238.13, 95.825, 30.025, 63.215, 125.9, 62.83, 87.52, , , , , 
1/31/2020 1:28:44 PM, 3228, 9023, 1613.3, 322.25, 219.652, 160.45, 313.4877, 170.5099, 238.13, 95.82, 30.015, 63.215, 125.89, 62.83, 87.52, , , , , 
1/31/2020 1:28:47 PM, 3227.75, 9022.25, 1613.3, 322.2475, 219.652, 160.45, 313.47, 170.5, 238.14, 95.82, 30.015, 63.21, 125.89, 62.83, 87.52, , , , , 
1/31/2020 1:28:50 PM, 3228, 9022.75, 1613.4, 322.2699, 219.652, 160.46, 313.47, 170.5, 238.14, 95.825, 30.02, 63.215, 125.9, 62.83, 87.52, , , , , 
1/31/2020 1:28:53 PM, 3228, 9022.5, 1613.4, 322.2523, 219.68, 160.46, 313.4401, 170.52, 238.16, 95.825, 30.015, 63.215, 125.9, 62.83, 87.52, , , , , 
1/31/2020 1:28:56 PM, 3228.25, 9023.5, 1613.5, 322.27, 219.68, 160.48, 313.4401, 170.52, 238.16, 95.83, 30.02, 63.215, 125.9, 62.83, 87.52, , , , , 
1/31/2020 1:28:59 PM, 3227.75, 9022, 1613.4, 322.2337, 219.65, 160.47, 313.3779, 170.48, 238.11, 95.82, 30.02, 63.215, 125.89, 62.83, 87.52, , , , , 
1/31/2020 1:29:02 PM, 3227.5, 9021.75, 1613.3, 322.2379, 219.65, 160.47, 313.3779, 170.48, 238.11, 95.82, 30.02, 63.215, 125.89, 62.83, 87.52, , , , , 
1/31/2020 1:29:05 PM, 3227.75, 9021.5, 1613.5, 322.26, 219.62, 160.47, 313.21, 170.4854, 237.9201, 95.81, 30.0125, 63.215, 125.89, 62.83, 87.52, , , , , 
1/31/2020 1:29:08 PM, 3227.75, 9020.75, 1613.3, 322.22, 219.62, 160.45, 313.21, 170.4854, 237.9201, 95.79, 30.0125, 63.215, 125.89, 62.83, 87.52, , , , , 
1/31/2020 1:29:11 PM, 3227.5, 9021, 1613.3, 322.22, 219.63, 160.44, 313.226, 170.49, 237.9229, 95.7905, 30.0125, 63.21, 125.89, 62.83, 87.52, , , , , 
1/31/2020 1:29:14 PM, 3227.75, 9021, 1613.3, 322.23, 219.63, 160.44, 313.22, 170.491, 237.9229, 95.79, 30.015, 63.2192, 125.89, 62.83, 87.52, , , , , 
1/31/2020 1:29:17 PM, 3227.5, 9020.75, 1613.4, 322.22, 219.61, 160.45, 313.15, 170.4865, 237.9229, 95.79, 30.015, 63.215, 125.89, 62.83, 87.52, , , , , 
1/31/2020 1:29:20 PM, 3228, 9022, 1613.6, 322.27, 219.61, 160.49, 313.15, 170.4865, 237.9229, 95.79, 30.0147, 63.22, 125.9047, 62.83, 87.52, , , , , 
1/31/2020 1:29:23 PM, 3228.25, 9022.5, 1613.8, 322.28, 219.67, 160.5, 313.24, 170.52, 238.025, 95.81, 30.02, 63.225, 125.91, 62.83, 87.52, , , , , 
1/31/2020 1:29:26 PM, 3228.25, 9023.25, 1613.8, 322.3, 219.67, 160.49, 313.24, 170.52, 238.025, 95.8199, 30.025, 63.225, 125.92, 62.83, 87.525, , , , , 
1/31/2020 1:29:29 PM, 3228.25, 9022.5, 1613.7, 322.28, 219.6666, 160.47, 313.25, 170.525, 238, 95.81, 30.02, 63.225, 125.92, 62.83, 87.525, , , , , 
1/31/2020 1:29:32 PM, 3228.25, 9023, 1613.7, 322.285, 219.6666, 160.4867, 313.25, 170.525, 238, 95.81, 30.015, 63.225, 125.92, 62.83, 87.525, , , , , 
1/31/2020 1:29:35 PM, 3228.25, 9023.5, 1613.9, 322.32, 219.695, 160.51, 313.3099, 170.56, 238.08, 95.81, 30.02, 63.235, 125.92, 62.83, 87.525, , , , , 
1/31/2020 1:29:38 PM, 3228.75, 9024.5, 1614.2, 322.35, 219.695, 160.53, 313.3099, 170.56, 238.08, 95.84, 30.025, 63.235, 125.93, 62.83, 87.525, , , , , 
1/31/2020 1:29:41 PM, 3229, 9025.25, 1614.2, 322.36, 219.759, 160.53, 313.33, 170.595, 238.1395, 95.835, 30.03, 63.235, 125.93, 62.83, 87.525, , , , , 
1/31/2020 1:29:44 PM, 3229.75, 9027.5, 1614.4, 322.42, 219.759, 160.55, 313.33, 170.595, 238.1395, 95.86, 30.03, 63.24, 125.97, 62.83, 87.53, , , , , 
1/31/2020 1:29:47 PM, 3229.5, 9027, 1614.4, 322.42, 219.765, 160.55, 313.4, 170.61, 238.16, 95.856, 30.03, 63.24, 125.97, 62.83, 87.53, , , , , 
1/31/2020 1:29:50 PM, 3229.5, 9027.25, 1614.4, 322.46, 219.765, 160.57, 313.4, 170.61, 238.16, 95.87, 30.035, 63.25, 125.97, 62.83, 87.54, , , , , 
1/31/2020 1:29:53 PM, 3229.5, 9027.75, 1614.4, 322.43, 219.775, 160.56, 313.3238, 170.6264, 238.22, 95.87, 30.0304, 63.245, 125.97, 62.83, 87.54, , , , , 
1/31/2020 1:29:56 PM, 3229.5, 9026.25, 1614.2, 322.42, 219.775, 160.56, 313.3238, 170.6264, 238.22, 95.85, 30.035, 63.245, 125.96, 62.83, 87.535, , , , , 
1/31/2020 1:29:59 PM, 3229.5, 9026.75, 1614.2, 322.43, 219.755, 160.56, 313.29, 170.61, 238.22, 95.85, 30.035, 63.245, 125.96, 62.83, 87.54, , , , , 
1/31/2020 1:30:02 PM, 3229, 9025.5, 1614.1, 322.405, 219.755, 160.53, 313.29, 170.61, 238.22, 95.85, 30.025, 63.235, 125.95, 62.83, 87.54, , , , , 
1/31/2020 1:30:05 PM, 3229, 9025, 1613.9, 322.37, 219.705, 160.51, 313.09, 170.56, 238.1267, 95.85, 30.025, 63.23, 125.94, 62.83, 87.54, , , , , 
1/31/2020 1:30:08 PM, 3229, 9025.25, 1613.9, 322.361, 219.705, 160.5, 313.09, 170.56, 238.1267, 95.835, 30.025, 63.23, 125.93, 62.83, 87.54, , , , , 
1/31/2020 1:30:11 PM, 3228.5, 9024, 1613.7, 322.337, 219.68, 160.49, 313.09, 170.55, 238.075, 95.83, 30.02, 63.225, 125.93, 62.83, 87.5225, , , , , 
1/31/2020 1:30:14 PM, 3228.25, 9023, 1613.7, 322.295, 219.68, 160.48, 313.09, 170.55, 238.075, 95.81, 30.015, 63.225, 125.905, 62.83, 87.525, , , , , 
1/31/2020 1:30:17 PM, 3228.25, 9023, 1613.7, 322.305, 219.69, 160.48, 313.1217, 170.56, 238.0879, 95.81, 30.02, 63.22, 125.91, 62.83, 87.525, , , , , 
1/31/2020 1:30:20 PM, 3228, 9021.75, 1613.6, 322.31, 219.675, 160.49, 313.09, 170.537, 238.09, 95.8166, 30.02, 63.225, 125.91, 62.83, 87.525, , , , , 
1/31/2020 1:30:23 PM, 3228, 9021.75, 1613.6, 322.27, 219.65, 160.49, 313.0391, 170.51, 238.0413, 95.8, 30.02, 63.22, 125.905, 62.83, 87.52, , , , , 
1/31/2020 1:30:26 PM, 3227.5, 9020.25, 1613.5, 322.26, 219.63, 160.49, 313.02, 170.5, 238.06, 95.8, 30.02, 63.22, 125.89, 62.83, 87.52, , , , , 
1/31/2020 1:30:29 PM, 3227.5, 9020.25, 1613.5, 322.245, 219.61, 160.49, 312.9476, 170.5, 238.05, 95.785, 30.0127, 63.225, 125.89, 62.83, 87.52, , , , , 
1/31/2020 1:30:32 PM, 3228.25, 9022.25, 1613.9, 322.25, 219.6225, 160.46, 312.98, 170.49, 238.05, 95.79, 30.02, 63.225, 125.89, 62.83, 87.52, , , , , 
1/31/2020 1:30:35 PM, 3228.25, 9022.25, 1613.9, 322.305, 219.651, 160.5, 312.96, 170.51, 238.09, 95.8, 30.02, 63.23, 125.88, 62.83, 87.525, , , , , 
1/31/2020 1:30:39 PM, 3228.25, 9020.75, 1613.9, 322.28, 219.625, 160.49, 312.9301, 170.5164, 238.06, 95.785, 30.025, 63.2301, 125.88, 62.83, 87.52, , , , , 
1/31/2020 1:30:42 PM, 3228.25, 9020.75, 1613.9, 322.28, 219.61, 160.49, 312.9, 170.5, 238.0823, 95.7836, 30.025, 63.2301, 125.88, 62.83, 87.52, , , , , 
1/31/2020 1:30:45 PM, 3228, 9020.75, 1613.7, 322.25, 219.6102, 160.48, 312.8716, 170.51, 238.01, 95.7836, 30.0256, 63.23, 125.88, 62.83, 87.52, , , , , 
1/31/2020 1:30:48 PM, 3228, 9020.75, 1613.7, 322.27, 219.6201, 160.48, 312.9498, 170.52, 238.01, 95.7836, 30.0256, 63.23, 125.88, 62.83, 87.525, , , , , 
1/31/2020 1:30:51 PM, 3228, 9021, 1613.9, 322.26, 219.61, 160.48, 312.86, 170.5035, 238.01, 95.7836, 30.0256, 63.2267, 125.88, 62.83, 87.52, , , , , 
1/31/2020 1:30:54 PM, 3228, 9021, 1613.9, 322.27, 219.635, 160.51, 312.9099, 170.52, 238.01, 95.7836, 30.0256, 63.23, 125.88, 62.83, 87.52, , , , , 
1/31/2020 1:30:57 PM, 3228, 9020, 1613.9, 322.29, 219.62, 160.51, 312.9, 170.5175, 238.01, 95.785, 30.025, 63.24, 125.88, 62.83, 87.525, , , , , 
1/31/2020 1:31:00 PM, 3228, 9020, 1613.9, 322.26, 219.61, 160.51, 312.8575, 170.5077, 238.01, 95.785, 30.025, 63.24, 125.86, 62.83, 87.525, , , , , 
1/31/2020 1:31:03 PM, 3228.25, 9020.75, 1614.2, 322.28, 219.62, 160.51, 312.88, 170.5, 238.01, 95.78, 30.025, 63.24, 125.87, 62.83, 87.525, , , , , 
1/31/2020 1:31:06 PM, 3228.25, 9020.75, 1614.2, 322.295, 219.61, 160.51, 312.89, 170.47, 238, 95.79, 30.025, 63.24, 125.87, 62.83, 87.525, , , , , 
1/31/2020 1:31:09 PM, 3228, 9019, 1614, 322.26, 219.6, 160.51, 312.86, 170.465, 237.96, 95.765, 30.025, 63.245, 125.86, 62.83, 87.525, , , , , 
1/31/2020 1:31:12 PM, 3228, 9019, 1614, 322.27, 219.58, 160.51, 312.875, 170.475, 237.9995, 95.765, 30.025, 63.24, 125.86, 62.83, 87.52, , , , , 
1/31/2020 1:31:15 PM, 3227.75, 9018, 1613.8, 322.265, 219.5502, 160.51, 312.79, 170.45, 237.9995, 95.765, 30.02, 63.24, 125.86, 62.83, 87.52, , , , , 
1/31/2020 1:31:18 PM, 3227.75, 9018, 1613.8, 322.21, 219.52, 160.4914, 312.61, 170.44, 237.9, 95.75, 30.02, 63.235, 125.85, 62.83, 87.52, , , , , 
1/31/2020 1:31:21 PM, 3227, 9016.5, 1613.5, 322.175, 219.49, 160.48, 312.55, 170.42, 237.84, 95.7368, 30.015, 63.225, 125.835, 62.83, 87.52, , , , , 
1/31/2020 1:31:24 PM, 3227, 9016.5, 1613.5, 322.17, 219.52, 160.48, 312.68, 170.42, 237.84, 95.7355, 30.015, 63.23, 125.83, 62.83, 87.52, , , , , 
1/31/2020 1:31:27 PM, 3226.75, 9015.5, 1613.4, 322.145, 219.5, 160.48, 312.625, 170.39, 237.8818, 95.73, 30.015, 63.225, 125.82, 62.83, 87.52, , , , , 
1/31/2020 1:31:30 PM, 3226.75, 9015.5, 1613.4, 322.1309, 219.5, 160.45, 312.57, 170.38, 237.85, 95.73, 30.01, 63.225, 125.82, 62.83, 87.52, , , , , 
1/31/2020 1:31:33 PM, 3226.75, 9016.5, 1613.5, 322.155, 219.52, 160.46, 312.7, 170.415, 237.9, 95.73, 30.01, 63.22, 125.82, 62.83, 87.52, , , , , 
1/31/2020 1:31:36 PM, 3226.75, 9016.5, 1613.5, 322.15, 219.51, 160.46, 312.68, 170.42, 237.9, 95.73, 30.01, 63.22, 125.84, 62.83, 87.52, , , , , 
1/31/2020 1:31:39 PM, 3227.25, 9017.25, 1613.6, 322.17, 219.5201, 160.47, 312.73, 170.42, 237.9096, 95.74, 30.01, 63.22, 125.84, 62.83, 87.52, , , , , 
1/31/2020 1:31:42 PM, 3227.25, 9017.25, 1613.6, 322.17, 219.55, 160.47, 312.6798, 170.43, 237.95, 95.75, 30.015, 63.22, 125.85, 62.83, 87.52, , , , , 
1/31/2020 1:31:45 PM, 3227.5, 9017.75, 1613.8, 322.17, 219.54, 160.45, 312.71, 170.43, 237.83, 95.74, 30.015, 63.22, 125.85, 62.83, 87.52, , , , , 
1/31/2020 1:31:48 PM, 3227.5, 9017.75, 1613.8, 322.21, 219.54, 160.5, 312.75, 170.4359, 237.88, 95.751, 30.015, 63.22, 125.85, 62.83, 87.52, , , , , 
1/31/2020 1:31:51 PM, 3227, 9016.25, 1613.6, 322.16, 219.53, 160.48, 312.71, 170.415, 237.88, 95.74, 30.01, 63.22, 125.84, 62.83, 87.52, , , , , 
1/31/2020 1:31:54 PM, 3227, 9016.25, 1613.6, 322.175, 219.53, 160.47, 312.6764, 170.4246, 237.88, 95.74, 30.01, 63.22, 125.84, 62.83, 87.52, , , , , 
1/31/2020 1:31:57 PM, 3226.5, 9015.5, 1613.5, 322.1551, 219.5, 160.48, 312.6209, 170.4, 237.88, 95.73, 30.01, 63.22, 125.84, 62.83, 87.52, , , , , 
1/31/2020 1:32:00 PM, 3226.5, 9015.5, 1613.5, 322.13, 219.51, 160.46, 312.63, 170.3842, 237.85, 95.73, 30.01, 63.22, 125.82, 62.83, 87.52, , , , , 
1/31/2020 1:32:03 PM, 3225.5, 9011, 1612.8, 322.135, 219.47, 160.45, 312.62, 170.34, 237.79, 95.73, 30.01, 63.22, 125.82, 62.83, 87.52, , , , , 
1/31/2020 1:32:06 PM, 3225.5, 9011, 1612.8, 322.0221, 219.45, 160.385, 312.52, 170.31, 237.73, 95.67, 29.995, 63.2, 125.775, 62.83, 87.52, , , , , 
1/31/2020 1:32:09 PM, 3226.25, 9014.25, 1613.2, 322.045, 219.46, 160.4, 312.57, 170.32, 237.73, 95.68, 30.005, 63.205, 125.8, 62.83, 87.51, , , , , 
1/31/2020 1:32:12 PM, 3226.25, 9014.25, 1613.2, 322.04, 219.44, 160.43, 312.58, 170.33, 237.73, 95.69, 30.005, 63.2, 125.81, 62.83, 87.5, , , , , 
1/31/2020 1:32:15 PM, 3225.75, 9013, 1612.9, 322.04, 219.43, 160.41, 312.5833, 170.3299, 237.73, 95.69, 30, 63.2, 125.79, 62.83, 87.495, , , , , 
1/31/2020 1:32:18 PM, 3225.75, 9013, 1612.9, 322.05, 219.43, 160.41, 312.58, 170.32, 237.73, 95.69, 30, 63.2, 125.795, 62.83, 87.49, , , , , 
1/31/2020 1:32:21 PM, 3225, 9011, 1612.6, 322, 219.37, 160.38, 312.3877, 170.27, 237.69, 95.665, 30, 63.2, 125.78, 62.83, 87.5, , , , , 
1/31/2020 1:32:24 PM, 3225, 9011, 1612.6, 321.96, 219.38, 160.365, 312.4416, 170.23, 237.69, 95.66, 29.99, 63.19, 125.775, 62.83, 87.5, , , , , 
1/31/2020 1:32:27 PM, 3224.75, 9009.25, 1612.4, 321.9191, 219.34, 160.35, 312.4099, 170.2, 237.6276, 95.64, 29.99, 63.19, 125.77, 62.83, 87.49, , , , , 
1/31/2020 1:32:30 PM, 3224.75, 9009.25, 1612.4, 321.9259, 219.35, 160.36, 312.39, 170.21, 237.627, 95.64, 29.99, 63.19, 125.77, 62.83, 87.49, , , , , 
1/31/2020 1:32:33 PM, 3224.75, 9009.5, 1612.3, 321.92, 219.365, 160.35, 312.47, 170.215, 237.68, 95.64, 29.99, 63.185, 125.77, 62.83, 87.49, , , , , 
1/31/2020 1:32:36 PM, 3224.25, 9007.5, 1612.3, 321.88, 219.3, 160.35, 312.3534, 170.21, 237.61, 95.63, 29.995, 63.18, 125.72, 62.83, 87.49, , , , , 
1/31/2020 1:32:39 PM, 3224.25, 9007, 1612.2, 321.88, 219.31, 160.35, 312.3561, 170.21, 237.61, 95.63, 29.995, 63.18, 125.72, 62.83, 87.49, , , , , 
1/31/2020 1:32:42 PM, 3224, 9006.75, 1612.2, 321.85, 219.2899, 160.32, 312.233, 170.2, 237.61, 95.62, 29.99, 63.18, 125.7, 62.83, 87.48, , , , , 
1/31/2020 1:32:45 PM, 3224, 9006.75, 1612.1, 321.85, 219.29, 160.32, 312.2763, 170.2, 237.51, 95.62, 29.99, 63.18, 125.7, 62.83, 87.48, , , , , 
1/31/2020 1:32:48 PM, 3224.25, 9007.25, 1612.2, 321.87, 219.28, 160.34, 312.28, 170.2109, 237.52, 95.63, 29.99, 63.18, 125.71, 62.83, 87.48, , , , , 
1/31/2020 1:32:52 PM, 3224.75, 9008.5, 1612.6, 321.87, 219.34, 160.34, 312.3496, 170.25, 237.5, 95.63, 29.99, 63.18, 125.71, 62.83, 87.48, , , , , 
1/31/2020 1:32:55 PM, 3224.75, 9008.75, 1612.6, 321.9318, 219.31, 160.38, 312.3305, 170.2548, 237.41, 95.65, 29.99, 63.185, 125.74, 62.83, 87.485, , , , , 
1/31/2020 1:32:58 PM, 3224.5, 9008.25, 1612.7, 321.9318, 219.35, 160.38, 312.39, 170.26, 237.455, 95.65, 29.99, 63.185, 125.74, 62.83, 87.485, , , , , 
1/31/2020 1:33:01 PM, 3224.5, 9008.25, 1612.4, 321.9, 219.315, 160.36, 312.3508, 170.2501, 237.42, 95.65, 29.99, 63.18, 125.74, 62.83, 87.48, , , , , 
1/31/2020 1:33:04 PM, 3224.5, 9008.75, 1612.7, 321.9, 219.33, 160.36, 312.37, 170.26, 237.405, 95.65, 29.99, 63.18, 125.74, 62.83, 87.48, , , , , 
1/31/2020 1:33:07 PM, 3224.75, 9010.5, 1612.8, 321.93, 219.36, 160.39, 312.4, 170.26, 237.4078, 95.65, 29.99, 63.1967, 125.74, 62.83, 87.49, , , , , 
1/31/2020 1:33:10 PM, 3224.75, 9009.5, 1612.8, 321.93, 219.36, 160.39, 312.4219, 170.26, 237.45, 95.65, 29.99, 63.1967, 125.74, 62.83, 87.49, , , , , 
1/31/2020 1:33:13 PM, 3225, 9010.75, 1613, 321.9699, 219.36, 160.41, 312.4456, 170.27, 237.4502, 95.67, 29.99, 63.195, 125.74, 62.83, 87.49, , , , , 
1/31/2020 1:33:16 PM, 3224.75, 9009.25, 1612.8, 321.9699, 219.37, 160.41, 312.515, 170.28, 237.4, 95.67, 29.99, 63.195, 125.74, 62.83, 87.49, , , , , 
1/31/2020 1:33:19 PM, 3224.75, 9010.25, 1612.8, 321.955, 219.36, 160.4, 312.5134, 170.283, 237.43, 95.67, 29.99, 63.19, 125.74, 62.83, 87.48, , , , , 
1/31/2020 1:33:22 PM, 3225, 9010.25, 1612.9, 321.955, 219.37, 160.4, 312.55, 170.305, 237.4, 95.67, 29.99, 63.19, 125.74, 62.83, 87.48, , , , , 
1/31/2020 1:33:25 PM, 3225, 9010.5, 1612.9, 321.95, 219.37, 160.4, 312.53, 170.3, 237.4, 95.67, 29.995, 63.19, 125.76, 62.83, 87.48, , , , , 
1/31/2020 1:33:28 PM, 3225, 9010.75, 1612.9, 321.95, 219.39, 160.4, 312.5271, 170.31, 237.535, 95.67, 29.995, 63.19, 125.76, 62.83, 87.48, , , , , 
1/31/2020 1:33:31 PM, 3225, 9011.25, 1613, 321.99, 219.38, 160.42, 312.49, 170.3, 237.57, 95.68, 29.995, 63.2, 125.75, 62.83, 87.49, , , , , 
1/31/2020 1:33:34 PM, 3225.5, 9012, 1613.2, 321.99, 219.41, 160.42, 312.56, 170.31, 237.585, 95.68, 29.995, 63.2, 125.75, 62.83, 87.49, , , , , 
1/31/2020 1:33:37 PM, 3225.75, 9012.5, 1613.3, 322.025, 219.4189, 160.44, 312.5788, 170.3101, 237.5818, 95.7, 30, 63.21, 125.77, 62.83, 87.485, , , , , 
1/31/2020 1:33:40 PM, 3225.25, 9011, 1613.1, 322.025, 219.42, 160.44, 312.63, 170.32, 237.5818, 95.7, 30, 63.21, 125.77, 62.83, 87.485, , , , , 
1/31/2020 1:33:43 PM, 3225.25, 9011.75, 1613.1, 322, 219.4, 160.43, 312.63, 170.32, 237.555, 95.69, 30, 63.2, 125.77, 62.83, 87.48, , , , , 
1/31/2020 1:33:46 PM, 3226, 9013, 1613.5, 322, 219.43, 160.43, 312.64, 170.3269, 237.645, 95.69, 30, 63.2, 125.77, 62.83, 87.48, , , , , 
1/31/2020 1:33:49 PM, 3226.25, 9014, 1613.7, 322.08, 219.465, 160.47, 312.66, 170.3671, 237.72, 95.71, 30, 63.205, 125.8, 62.83, 87.485, , , , , 
1/31/2020 1:33:52 PM, 3226.25, 9014.25, 1613.6, 322.08, 219.46, 160.47, 312.666, 170.36, 237.705, 95.71, 30, 63.205, 125.8, 62.83, 87.485, , , , , 
1/31/2020 1:33:55 PM, 3226.5, 9015, 1613.7, 322.11, 219.4733, 160.48, 312.7241, 170.38, 237.705, 95.72, 30.005, 63.205, 125.8, 62.83, 87.49, , , , , 
1/31/2020 1:33:58 PM, 3226.25, 9014, 1613.5, 322.11, 219.48, 160.48, 312.7571, 170.3601, 237.671, 95.72, 30.005, 63.205, 125.8, 62.83, 87.49, , , , , 
1/31/2020 1:34:01 PM, 3226, 9014, 1613.5, 322.1, 219.4595, 160.47, 312.7328, 170.37, 237.671, 95.71, 30.005, 63.205, 125.79, 62.83, 87.49, , , , , 
1/31/2020 1:34:04 PM, 3226.5, 9014.75, 1613.7, 322.1, 219.49, 160.47, 312.7798, 170.37, 237.72, 95.71, 30.005, 63.205, 125.79, 62.83, 87.49, , , , , 
1/31/2020 1:34:07 PM, 3226.5, 9015.25, 1613.7, 322.13, 219.485, 160.48, 312.7623, 170.371, 237.72, 95.725, 30, 63.205, 125.8, 62.83, 87.48, , , , , 
1/31/2020 1:34:10 PM, 3226.75, 9015.5, 1613.6, 322.13, 219.49, 160.48, 312.8, 170.36, 237.63, 95.725, 30, 63.205, 125.8, 62.83, 87.48, , , , , 
1/31/2020 1:34:13 PM, 3226.25, 9013.25, 1613.6, 322.09, 219.48, 160.46, 312.7929, 170.36, 237.645, 95.705, 30, 63.205, 125.78, 62.83, 87.48, , , , , 
1/31/2020 1:34:16 PM, 3226.25, 9013, 1613.5, 322.09, 219.43, 160.46, 312.73, 170.32, 237.645, 95.705, 30, 63.205, 125.78, 62.83, 87.48, , , , , 
1/31/2020 1:34:19 PM, 3226.25, 9013, 1613.5, 322.1, 219.45, 160.46, 312.77, 170.32, 237.645, 95.71, 30, 63.205, 125.7799, 62.83, 87.48, , , , , 
1/31/2020 1:34:22 PM, 3226.5, 9013.75, 1613.6, 322.1, 219.4563, 160.46, 312.8, 170.32, 237.64, 95.71, 30, 63.205, 125.7799, 62.83, 87.48, , , , , 
1/31/2020 1:34:25 PM, 3226.75, 9014.5, 1613.6, 322.13, 219.49, 160.47, 312.87, 170.33, 237.71, 95.72, 30.005, 63.21, 125.7864, 62.83, 87.485, , , , , 
1/31/2020 1:34:28 PM, 3226.75, 9014, 1613.6, 322.13, 219.47, 160.47, 312.8199, 170.3399, 237.735, 95.72, 30.005, 63.21, 125.7864, 62.83, 87.485, , , , , 
1/31/2020 1:34:31 PM, 3227.25, 9015.5, 1613.9, 322.16, 219.49, 160.49, 312.76, 170.34, 237.735, 95.715, 30.01, 63.22, 125.8, 62.83, 87.48, , , , , 
1/31/2020 1:34:34 PM, 3227, 9016.25, 1613.9, 322.16, 219.49, 160.49, 312.7953, 170.33, 237.735, 95.715, 30.01, 63.22, 125.8, 62.83, 87.48, , , , , 
1/31/2020 1:34:37 PM, 3227, 9015.5, 1613.8, 322.1664, 219.51, 160.49, 312.82, 170.34, 237.735, 95.7229, 30.01, 63.215, 125.82, 62.83, 87.485, , , , , 
1/31/2020 1:34:40 PM, 3227, 9015.75, 1613.8, 322.1664, 219.5, 160.49, 312.8999, 170.34, 237.735, 95.7229, 30.01, 63.215, 125.82, 62.83, 87.485, , , , , 
1/31/2020 1:34:43 PM, 3227, 9015.75, 1613.9, 322.19, 219.4932, 160.51, 312.877, 170.34, 237.735, 95.735, 30.01, 63.215, 125.82, 62.83, 87.485, , , , , 
1/31/2020 1:34:46 PM, 3227.25, 9016.5, 1614.1, 322.235, 219.55, 160.535, 312.88, 170.37, 237.8, 95.75, 30.015, 63.215, 125.84, 62.83, 87.49, , , , , 
1/31/2020 1:34:49 PM, 3227.5, 9016.5, 1614, 322.215, 219.55, 160.54, 312.88, 170.37, 237.8, 95.75, 30.01, 63.215, 125.84, 62.83, 87.49, , , , , 
1/31/2020 1:34:52 PM, 3227.5, 9017, 1614, 322.235, 219.54, 160.53, 312.836, 170.3804, 237.79, 95.74, 30.01, 63.215, 125.85, 62.83, 87.49, , , , , 
1/31/2020 1:34:56 PM, 3227.5, 9017.75, 1614.3, 322.2361, 219.54, 160.54, 312.836, 170.3804, 237.79, 95.74, 30.01, 63.215, 125.86, 62.83, 87.49, , , , , 
1/31/2020 1:34:59 PM, 3227.75, 9017, 1614.2, 322.25, 219.56, 160.54, 312.8731, 170.38, 237.79, 95.7567, 30.0161, 63.215, 125.84, 62.83, 87.49, , , , , 
1/31/2020 1:35:02 PM, 3227.75, 9018, 1614.3, 322.2599, 219.56, 160.55, 312.8731, 170.38, 237.79, 95.7567, 30.012, 63.215, 125.8368, 62.83, 87.49, , , , , 
1/31/2020 1:35:05 PM, 3227.75, 9017.5, 1614.3, 322.2332, 219.55, 160.54, 312.9013, 170.3799, 237.81, 95.7567, 30.012, 63.22, 125.84, 62.83, 87.48, , , , , 
1/31/2020 1:35:08 PM, 3228, 9018.25, 1614.2, 322.265, 219.55, 160.545, 312.9013, 170.3799, 237.81, 95.7567, 30.012, 63.225, 125.84, 62.83, 87.48, , , , , 
1/31/2020 1:35:11 PM, 3228.25, 9020.25, 1614.8, 322.27, 219.58, 160.5801, 312.98, 170.404, 237.9599, 95.77, 30.02, 63.23, 125.86, 62.83, 87.485, , , , , 
1/31/2020 1:35:14 PM, 3228, 9019, 1614.5, 322.26, 219.58, 160.5801, 312.98, 170.404, 237.9599, 95.7604, 30.02, 63.215, 125.85, 62.83, 87.485, , , , , 
1/31/2020 1:35:17 PM, 3227.25, 9017.25, 1614.2, 322.17, 219.49, 160.52, 312.83, 170.34, 237.9599, 95.74, 30.01, 63.205, 125.81, 62.83, 87.475, , , , , 
1/31/2020 1:35:20 PM, 3226.5, 9014.5, 1614, 322.11, 219.49, 160.5, 312.83, 170.34, 237.9599, 95.74, 30.01, 63.2, 125.79, 62.83, 87.47, , , , , 
1/31/2020 1:35:23 PM, 3227, 9015.25, 1613.9, 322.17, 219.4834, 160.53, 312.8327, 170.35, 237.7275, 95.735, 30.01, 63.205, 125.79, 62.83, 87.47, , , , , 
1/31/2020 1:35:26 PM, 3226.75, 9014.5, 1614, 322.135, 219.4834, 160.52, 312.8327, 170.35, 237.7275, 95.735, 30.01, 63.205, 125.79, 62.83, 87.47, , , , , 
1/31/2020 1:35:29 PM, 3226.25, 9013.25, 1613.8, 322.09, 219.42, 160.52, 312.66, 170.3, 237.6205, 95.71, 30.0031, 63.203, 125.77, 62.83, 87.47, , , , , 
1/31/2020 1:35:32 PM, 3225.75, 9011.5, 1613.5, 322.08, 219.42, 160.47, 312.66, 170.3, 237.6205, 95.7, 30, 63.195, 125.76, 62.83, 87.47, , , , , 
1/31/2020 1:35:35 PM, 3226, 9011.75, 1613.5, 322.06, 219.39, 160.47, 312.66, 170.245, 237.59, 95.695, 30, 63.195, 125.76, 62.83, 87.47, , , , , 
1/31/2020 1:35:38 PM, 3225.5, 9011, 1613.5, 322.04, 219.39, 160.46, 312.66, 170.245, 237.59, 95.68, 29.995, 63.19, 125.73, 62.83, 87.47, , , , , 
1/31/2020 1:35:41 PM, 3225.5, 9010.5, 1613.4, 322.02, 219.36, 160.46, 312.625, 170.24, 237.6, 95.68, 29.99, 63.185, 125.73, 62.83, 87.47, , , , , 
1/31/2020 1:35:44 PM, 3225.25, 9010.75, 1613.2, 322.015, 219.36, 160.44, 312.625, 170.24, 237.6, 95.68, 29.9967, 63.18, 125.72, 62.83, 87.46, , , , , 
1/31/2020 1:35:47 PM, 3225.5, 9010.75, 1613.3, 322.0212, 219.39, 160.45, 312.6969, 170.255, 237.55, 95.68, 29.9967, 63.185, 125.72, 62.83, 87.46, , , , , 
1/31/2020 1:35:50 PM, 3225.75, 9011.25, 1613.4, 322.04, 219.39, 160.46, 312.6969, 170.255, 237.55, 95.69, 30, 63.185, 125.74, 62.83, 87.46, , , , , 
1/31/2020 1:35:53 PM, 3225.5, 9011.5, 1613.4, 322.05, 219.4164, 160.45, 312.7302, 170.29, 237.55, 95.6915, 30, 63.185, 125.74, 62.83, 87.46, , , , , 
1/31/2020 1:35:56 PM, 3225.75, 9011.5, 1613.4, 322.06, 219.4164, 160.4554, 312.7302, 170.29, 237.55, 95.6915, 29.995, 63.185, 125.74, 62.83, 87.46, , , , , 
1/31/2020 1:35:59 PM, 3225.75, 9012, 1613.4, 322.04, 219.4023, 160.46, 312.72, 170.28, 237.6, 95.6915, 29.995, 63.185, 125.745, 62.83, 87.46, , , , , 
1/31/2020 1:36:02 PM, 3225.5, 9010.75, 1613.3, 322.03, 219.4023, 160.45, 312.72, 170.28, 237.6, 95.69, 30, 63.185, 125.74, 62.83, 87.46, , , , , 
1/31/2020 1:36:05 PM, 3225.5, 9011.5, 1613.4, 322.05, 219.4, 160.44, 312.685, 170.3, 237.58, 95.69, 30, 63.19, 125.75, 62.83, 87.46, , , , , 
1/31/2020 1:36:08 PM, 3225.5, 9011.25, 1613.4, 322.045, 219.4, 160.44, 312.685, 170.3, 237.58, 95.69, 29.995, 63.19, 125.75, 62.83, 87.46, , , , , 
1/31/2020 1:36:11 PM, 3225.5, 9010.5, 1613.3, 322.0254, 219.375, 160.44, 312.69, 170.26, 237.59, 95.69, 29.995, 63.18, 125.73, 62.83, 87.46, , , , , 
1/31/2020 1:36:14 PM, 3225.5, 9010, 1613.2, 322, 219.375, 160.44, 312.69, 170.26, 237.59, 95.68, 29.995, 63.18, 125.72, 62.83, 87.46, , , , , 
1/31/2020 1:36:17 PM, 3225, 9009, 1613.1, 321.975, 219.3401, 160.42, 312.6, 170.24, 237.51, 95.67, 29.995, 63.18, 125.71, 62.83, 87.46, , , , , 
1/31/2020 1:36:20 PM, 3225.25, 9009, 1613.1, 321.989, 219.3401, 160.43, 312.6, 170.24, 237.51, 95.67, 29.995, 63.18, 125.71, 62.83, 87.46, , , , , 
1/31/2020 1:36:23 PM, 3225, 9009.25, 1613.1, 321.9927, 219.321, 160.42, 312.6405, 170.26, 237.5, 95.6737, 29.99, 63.18, 125.71, 62.83, 87.46, , , , , 
1/31/2020 1:36:26 PM, 3225.25, 9009.5, 1613.1, 321.97, 219.321, 160.41, 312.6405, 170.26, 237.5, 95.67, 29.99, 63.17, 125.71, 62.83, 87.46, , , , , 
1/31/2020 1:36:29 PM, 3225, 9009, 1613, 321.99, 219.34, 160.42, 312.63, 170.25, 237.5428, 95.67, 29.99, 63.17, 125.71, 62.83, 87.46, , , , , 
1/31/2020 1:36:32 PM, 3225, 9009.5, 1613, 321.99, 219.3499, 160.42, 312.63, 170.26, 237.5428, 95.67, 29.99, 63.17, 125.71, 62.83, 87.46, , , , , 
1/31/2020 1:36:35 PM, 3225.25, 9010, 1613.2, 322.02, 219.36, 160.43, 312.66, 170.27, 237.6, 95.675, 29.99, 63.18, 125.705, 62.83, 87.46, , , , , 
1/31/2020 1:36:38 PM, 3225.5, 9010.25, 1613.2, 322.0026, 219.36, 160.44, 312.66, 170.265, 237.5905, 95.685, 29.99, 63.18, 125.705, 62.83, 87.46, , , , , 
1/31/2020 1:36:41 PM, 3225.5, 9010.25, 1613.2, 322.01, 219.3646, 160.44, 312.65, 170.27, 237.5905, 95.685, 29.99, 63.18, 125.705, 62.83, 87.46, , , , , 
1/31/2020 1:36:44 PM, 3225, 9009, 1613, 322.01, 219.36, 160.44, 312.6683, 170.285, 237.56, 95.69, 29.99, 63.18, 125.705, 62.83, 87.46, , , , , 
1/31/2020 1:36:47 PM, 3225, 9009, 1613, 321.97, 219.33, 160.41, 312.5501, 170.2785, 237.54, 95.68, 29.99, 63.175, 125.705, 62.83, 87.46, , , , , 
1/31/2020 1:36:50 PM, 3224.75, 9008.75, 1612.9, 321.96, 219.332, 160.41, 312.5673, 170.2626, 237.54, 95.68, 29.99, 63.17, 125.705, 62.83, 87.46, , , , , 
1/31/2020 1:36:53 PM, 3224.75, 9008.75, 1612.9, 321.965, 219.34, 160.41, 312.5802, 170.27, 237.5245, 95.68, 29.995, 63.17, 125.705, 62.83, 87.46, , , , , 
1/31/2020 1:36:56 PM, 3225, 9008.75, 1612.9, 321.95, 219.3205, 160.4, 312.5239, 170.26, 237.5245, 95.67, 29.985, 63.17, 125.69, 62.83, 87.46, , , , , 
1/31/2020 1:36:59 PM, 3225, 9008.75, 1612.9, 321.97, 219.325, 160.4, 312.51, 170.2737, 237.5331, 95.67, 29.985, 63.17, 125.68, 62.83, 87.46, , , , , 
1/31/2020 1:37:02 PM, 3224.75, 9009.25, 1612.7, 321.95, 219.32, 160.4, 312.49, 170.28, 237.565, 95.675, 29.99, 63.165, 125.69, 62.83, 87.46, , , , , 
1/31/2020 1:37:06 PM, 3224.75, 9009.25, 1612.7, 321.96, 219.332, 160.39, 312.4742, 170.28, 237.5514, 95.6644, 29.985, 63.165, 125.69, 62.83, 87.46, , , , , 
1/31/2020 1:37:09 PM, 3224.5, 9008.5, 1612.7, 321.935, 219.33, 160.39, 312.4673, 170.27, 237.54, 95.6644, 29.985, 63.165, 125.69, 62.83, 87.45, , , , , 
1/31/2020 1:37:12 PM, 3224.5, 9008.5, 1612.7, 321.939, 219.31, 160.39, 312.4477, 170.28, 237.54, 95.6644, 29.985, 63.165, 125.69, 62.83, 87.45, , , , , 
1/31/2020 1:37:15 PM, 3224.5, 9008.25, 1612.6, 321.93, 219.31, 160.375, 312.45, 170.2634, 237.4904, 95.66, 29.985, 63.165, 125.69, 62.83, 87.45, , , , , 
1/31/2020 1:37:18 PM, 3224.5, 9008.25, 1612.6, 321.94, 219.32, 160.38, 312.4001, 170.27, 237.5, 95.66, 29.985, 63.165, 125.67, 62.83, 87.45, , , , , 
1/31/2020 1:37:21 PM, 3225.25, 9009.25, 1612.9, 321.97, 219.34, 160.41, 312.41, 170.295, 237.5, 95.67, 29.99, 63.18, 125.68, 62.83, 87.45, , , , , 
1/31/2020 1:37:24 PM, 3225.25, 9009.25, 1612.9, 321.98, 219.34, 160.41, 312.425, 170.32, 237.505, 95.67, 29.99, 63.18, 125.68, 62.83, 87.45, , , , , 
1/31/2020 1:37:27 PM, 3225.75, 9011.75, 1613.3, 322.02, 219.3702, 160.43, 312.4102, 170.34, 237.5609, 95.68, 29.99, 63.18, 125.7, 62.83, 87.45, , , , , 
1/31/2020 1:37:30 PM, 3225.75, 9011.75, 1613.3, 322.06, 219.41, 160.44, 312.505, 170.36, 237.6561, 95.69, 30, 63.19, 125.69, 62.83, 87.455, , , , , 
1/31/2020 1:37:33 PM, 3226.5, 9012.5, 1613.4, 322.08, 219.42, 160.44, 312.49, 170.365, 237.71, 95.71, 30, 63.19, 125.71, 62.83, 87.455, , , , , 
1/31/2020 1:37:36 PM, 3226.5, 9012.5, 1613.4, 322.12, 219.4336, 160.47, 312.53, 170.36, 237.7988, 95.71, 30.005, 63.2, 125.73, 62.83, 87.46, , , , , 
1/31/2020 1:37:39 PM, 3226, 9011.75, 1613.2, 322.09, 219.4081, 160.46, 312.44, 170.3263, 237.71, 95.7, 30.005, 63.2, 125.72, 62.83, 87.46, , , , , 
1/31/2020 1:37:42 PM, 3226, 9011.75, 1613.2, 322.07, 219.405, 160.42, 312.46, 170.325, 237.71, 95.7, 30.005, 63.2, 125.72, 62.83, 87.46, , , , , 
1/31/2020 1:37:45 PM, 3226.25, 9012, 1613.3, 322.07, 219.4, 160.42, 312.46, 170.32, 237.675, 95.7, 30.005, 63.195, 125.7069, 62.83, 87.46, , , , , 
1/31/2020 1:37:48 PM, 3226.25, 9012, 1613.3, 322.09, 219.42, 160.46, 312.5075, 170.3561, 237.7293, 95.7, 30, 63.19, 125.71, 62.83, 87.46, , , , , 
1/31/2020 1:37:51 PM, 3226.5, 9013.25, 1613.7, 322.15, 219.46, 160.49, 312.52, 170.37, 237.7395, 95.715, 30.005, 63.2, 125.73, 62.83, 87.46, , , , , 
1/31/2020 1:37:54 PM, 3226.5, 9013.25, 1613.7, 322.12, 219.44, 160.5, 312.5299, 170.35, 237.74, 95.72, 30.005, 63.2, 125.74, 62.83, 87.46, , , , , 
1/31/2020 1:37:57 PM, 3226.25, 9011.75, 1613.6, 322.09, 219.42, 160.47, 312.5199, 170.3638, 237.74, 95.7, 30.005, 63.19, 125.73, 62.83, 87.46, , , , , 
1/31/2020 1:38:00 PM, 3226.25, 9011.75, 1613.6, 322.07, 219.41, 160.47, 312.4562, 170.36, 237.74, 95.7, 30, 63.19, 125.73, 62.83, 87.46, , , , , 
1/31/2020 1:38:03 PM, 3226.25, 9011.5, 1613.5, 322.1, 219.42, 160.47, 312.46, 170.36, 237.61, 95.7, 30, 63.195, 125.73, 62.83, 87.46, , , , , 
1/31/2020 1:38:06 PM, 3226.25, 9011.5, 1613.5, 322.06, 219.37, 160.45, 312.2801, 170.3204, 237.61, 95.69, 30, 63.19, 125.73, 62.83, 87.46, , , , , 
1/31/2020 1:38:09 PM, 3225.25, 9008.75, 1613.1, 321.99, 219.33, 160.42, 312.3035, 170.3, 237.5437, 95.66, 29.99, 63.18, 125.69, 62.83, 87.45, , , , , 
1/31/2020 1:38:12 PM, 3225.25, 9008.75, 1613.1, 321.98, 219.3, 160.42, 312.14, 170.28, 237.48, 95.655, 29.99, 63.18, 125.69, 62.83, 87.45, , , , , 
1/31/2020 1:38:15 PM, 3225, 9008.5, 1613, 321.9579, 219.29, 160.4, 312.0602, 170.2681, 237.497, 95.65, 29.99, 63.18, 125.685, 62.83, 87.4464, , , , , 
1/31/2020 1:38:18 PM, 3225, 9008.5, 1613, 321.97, 219.33, 160.415, 312.14, 170.31, 237.497, 95.64, 29.99, 63.17, 125.68, 62.83, 87.45, , , , , 
1/31/2020 1:38:21 PM, 3225, 9007.25, 1612.8, 321.965, 219.31, 160.42, 312.085, 170.3, 237.497, 95.65, 29.99, 63.17, 125.68, 62.83, 87.445, , , , , 
1/31/2020 1:38:24 PM, 3225, 9007.25, 1612.8, 321.945, 219.29, 160.41, 311.8896, 170.3, 237.497, 95.64, 29.99, 63.17, 125.68, 62.83, 87.445, , , , , 
1/31/2020 1:38:27 PM, 3224.75, 9006.75, 1612.8, 321.95, 219.27, 160.4, 311.8417, 170.3, 237.42, 95.64, 29.98, 63.175, 125.68, 62.83, 87.445, , , , , 
1/31/2020 1:38:30 PM, 3224.75, 9006.75, 1612.8, 321.9306, 219.27, 160.4, 311.82, 170.3, 237.405, 95.63, 29.9848, 63.175, 125.66, 62.83, 87.445, , , , , 
1/31/2020 1:38:33 PM, 3224.75, 9007.5, 1612.9, 321.94, 219.28, 160.4, 311.863, 170.295, 237.405, 95.63, 29.99, 63.17, 125.66, 62.83, 87.445, , , , , 
1/31/2020 1:38:36 PM, 3224.75, 9007.5, 1612.9, 321.93, 219.31, 160.4, 311.86, 170.32, 237.4588, 95.64, 29.9837, 63.17, 125.6636, 62.83, 87.445, , , , , 
1/31/2020 1:38:39 PM, 3225, 9008.25, 1613, 321.96, 219.29, 160.41, 311.9049, 170.31, 237.425, 95.64, 29.995, 63.17, 125.68, 62.83, 87.445, , , , , 
1/31/2020 1:38:42 PM, 3225, 9008.25, 1613, 321.92, 219.28, 160.4, 311.67, 170.31, 237.5499, 95.63, 29.995, 63.17, 125.68, 62.83, 87.445, , , , , 
1/31/2020 1:38:45 PM, 3224.25, 9005.5, 1612.6, 321.9299, 219.25, 160.37, 311.545, 170.29, 237.46, 95.62, 29.9905, 63.17, 125.67, 62.83, 87.445, , , , , 
1/31/2020 1:38:48 PM, 3224.25, 9005.5, 1612.6, 321.9, 219.2615, 160.36, 311.555, 170.285, 237.4742, 95.61, 29.99, 63.165, 125.665, 62.83, 87.445, , , , , 
1/31/2020 1:38:51 PM, 3224.25, 9006, 1612.7, 321.91, 219.265, 160.38, 311.44, 170.29, 237.49, 95.61, 29.99, 63.17, 125.67, 62.83, 87.4474, , , , , 
1/31/2020 1:38:54 PM, 3224.25, 9005.5, 1612.7, 321.885, 219.27, 160.38, 311.335, 170.31, 237.4855, 95.59, 29.99, 63.17, 125.68, 62.83, 87.4474, , , , , 
1/31/2020 1:38:57 PM, 3224.25, 9006, 1612.9, 321.89, 219.26, 160.38, 311.36, 170.31, 237.466, 95.6, 29.99, 63.175, 125.68, 62.83, 87.4474, , , , , 
1/31/2020 1:39:12 PM, 3224, 9005.5, 1612.9, 321.895, 219.24, 160.4004, 311.19, 170.315, 237.46, 95.59, 29.9816, 63.175, 125.67, 62.83, 87.4474, , , , , 
1/31/2020 1:39:15 PM, 3223.75, 9004.5, 1612.8, 321.86, 219.23, 160.4004, 310.88, 170.3113, 237.46, 95.57, 29.9816, 63.175, 125.66, 62.83, 87.4474, , , , , 
1/31/2020 1:39:18 PM, 3223.75, 9004.5, 1612.8, 321.83, 219.22, 160.4004, 310.9628, 170.3137, 237.46, 95.57, 29.9816, 63.17, 125.66, 62.83, 87.4474, , , , , 
1/31/2020 1:39:21 PM, 3223.5, 9003.75, 1612.6, 321.86, 219.211, 160.375, 310.9709, 170.3199, 237.42, 95.57, 29.9816, 63.16, 125.66, 62.83, 87.4474, , , , , 
1/31/2020 1:39:24 PM, 3223.5, 9003.75, 1612.6, 321.83, 219.17, 160.38, 310.835, 170.285, 237.38, 95.57, 29.985, 63.165, 125.66, 62.83, 87.44, , , , , 
1/31/2020 1:39:27 PM, 3224.25, 9004.75, 1613, 321.86, 219.2236, 160.39, 310.99, 170.314, 237.39, 95.57, 29.9869, 63.17, 125.66, 62.83, 87.435, , , , , 
1/31/2020 1:39:30 PM, 3224.25, 9004.75, 1613, 321.88, 219.24, 160.41, 310.99, 170.33, 237.39, 95.5769, 29.985, 63.175, 125.66, 62.83, 87.435, , , , , 
1/31/2020 1:39:33 PM, 3224.75, 9007, 1613.2, 321.875, 219.25, 160.4125, 310.83, 170.36, 237.45, 95.5769, 29.99, 63.18, 125.68, 62.83, 87.435, , , , , 
1/31/2020 1:39:36 PM, 3224.75, 9007, 1613.2, 321.92, 219.29, 160.43, 310.91, 170.39, 237.46, 95.58, 29.9918, 63.18, 125.7, 62.83, 87.44, , , , , 
1/31/2020 1:39:39 PM, 3224.5, 9006.25, 1613.3, 321.92, 219.27, 160.46, 310.8904, 170.37, 237.46, 95.5962, 29.995, 63.18, 125.7, 62.83, 87.43, , , , , 
1/31/2020 1:39:42 PM, 3224.5, 9006.25, 1613.3, 321.91, 219.28, 160.46, 310.945, 170.36, 237.46, 95.5962, 29.9999, 63.1788, 125.7, 62.83, 87.43, , , , , 
1/31/2020 1:39:45 PM, 3225, 9007, 1613.4, 321.94, 219.29, 160.46, 311.01, 170.36, 237.5, 95.59, 29.9999, 63.1788, 125.7, 62.83, 87.44, , , , , 
1/31/2020 1:39:48 PM, 3225, 9007, 1613.4, 321.93, 219.28, 160.46, 310.985, 170.35, 237.505, 95.59, 30, 63.17, 125.71, 62.83, 87.44, , , , , 
1/31/2020 1:39:51 PM, 3224.25, 9006.25, 1613.2, 321.9, 219.27, 160.46, 310.9969, 170.32, 237.49, 95.58, 30, 63.17, 125.7, 62.83, 87.44, , , , , 
1/31/2020 1:39:54 PM, 3224.25, 9006.25, 1613.2, 321.9, 219.2779, 160.43, 311.14, 170.3351, 237.56, 95.585, 29.99, 63.16, 125.7, 62.83, 87.44, , , , , 
1/31/2020 1:39:57 PM, 3224.75, 9007.25, 1613.3, 321.91, 219.29, 160.43, 311.19, 170.33, 237.56, 95.59, 29.99, 63.16, 125.7, 62.83, 87.44, , , , , 
1/31/2020 1:40:00 PM, 3224.75, 9007.25, 1613.3, 321.9154, 219.3, 160.43, 311.28, 170.3271, 237.56, 95.59, 29.9998, 63.16, 125.7, 62.83, 87.44, , , , , 
1/31/2020 1:40:03 PM, 3224.75, 9008, 1613.3, 321.92, 219.3054, 160.43, 311.3452, 170.34, 237.528, 95.6, 29.9998, 63.16, 125.7, 62.83, 87.44, , , , , 
1/31/2020 1:40:06 PM, 3224.75, 9008, 1613.3, 321.9212, 219.28, 160.43, 311.285, 170.33, 237.52, 95.6, 29.9998, 63.16, 125.7, 62.83, 87.44, , , , , 
1/31/2020 1:40:09 PM, 3225.5, 9010.25, 1613.7, 321.99, 219.36, 160.46, 311.37, 170.37, 237.5972, 95.62, 30, 63.1701, 125.71, 62.83, 87.44, , , , , 
1/31/2020 1:40:12 PM, 3225.5, 9010.25, 1613.7, 322.01, 219.36, 160.47, 311.4546, 170.3779, 237.6128, 95.63, 30.01, 63.185, 125.73, 62.83, 87.46, , , , , 
1/31/2020 1:40:15 PM, 3226, 9011, 1614.1, 322.06, 219.4, 160.47, 311.47, 170.41, 237.6907, 95.645, 30.01, 63.185, 125.75, 62.83, 87.44, , , , , 
1/31/2020 1:40:18 PM, 3226, 9011, 1614, 322.04, 219.3972, 160.51, 311.4373, 170.4, 237.6907, 95.64, 30.01, 63.185, 125.75, 62.83, 87.45, , , , , 
1/31/2020 1:40:21 PM, 3226, 9011.5, 1614, 322.04, 219.375, 160.51, 311.3786, 170.405, 237.6604, 95.64, 30.01, 63.185, 125.75, 62.83, 87.45, , , , , 
1/31/2020 1:40:24 PM, 3225.5, 9010.75, 1614, 322.06, 219.385, 160.51, 311.43, 170.41, 237.665, 95.64, 30.0075, 63.19, 125.74, 62.83, 87.44, , , , , 
1/31/2020 1:40:27 PM, 3226, 9011.5, 1614, 322.06, 219.385, 160.51, 311.435, 170.4, 237.68, 95.64, 30.0075, 63.19, 125.74, 62.83, 87.44, , , , , 
1/31/2020 1:40:30 PM, 3226.25, 9012.5, 1614.3, 322.0932, 219.4, 160.54, 311.5199, 170.4, 237.7, 95.655, 30.0064, 63.185, 125.75, 62.83, 87.44, , , , , 
1/31/2020 1:40:33 PM, 3226.25, 9012.5, 1614.2, 322.0932, 219.42, 160.54, 311.5482, 170.41, 237.722, 95.655, 30.0064, 63.185, 125.75, 62.83, 87.44, , , , , 
1/31/2020 1:40:37 PM, 3226, 9012.25, 1614.1, 322.08, 219.41, 160.5201, 311.55, 170.4, 237.6951, 95.655, 30.0085, 63.185, 125.75, 62.83, 87.44, , , , , 
1/31/2020 1:40:40 PM, 3226, 9012.75, 1614.1, 322.08, 219.41, 160.5201, 311.67, 170.4, 237.72, 95.655, 30.0085, 63.185, 125.75, 62.83, 87.44, , , , , 
1/31/2020 1:40:43 PM, 3226, 9013, 1614.1, 322.08, 219.4244, 160.53, 311.71, 170.3854, 237.7312, 95.66, 30.005, 63.185, 125.75, 62.83, 87.44, , , , , 
1/31/2020 1:40:46 PM, 3225.75, 9011, 1613.8, 322.08, 219.425, 160.53, 311.6326, 170.3929, 237.66, 95.66, 30.005, 63.185, 125.75, 62.83, 87.44, , , , , 
1/31/2020 1:40:49 PM, 3226, 9011.5, 1613.8, 322.06, 219.3977, 160.5, 311.68, 170.36, 237.6469, 95.64, 30.005, 63.185, 125.74, 62.83, 87.44, , , , , 
1/31/2020 1:40:52 PM, 3226, 9012.5, 1613.9, 322.06, 219.41, 160.5, 311.5925, 170.3741, 237.67, 95.64, 30.005, 63.185, 125.74, 62.83, 87.44, , , , , 
1/31/2020 1:40:55 PM, 3226.25, 9012.5, 1613.8, 322.07, 219.4199, 160.5, 311.6, 170.3971, 237.67, 95.65, 30.005, 63.19, 125.75, 62.83, 87.445, , , , , 
1/31/2020 1:40:58 PM, 3226, 9012.5, 1613.9, 322.07, 219.41, 160.5, 311.5528, 170.4, 237.67, 95.65, 30.005, 63.19, 125.75, 62.83, 87.445, , , , , 
1/31/2020 1:41:01 PM, 3226.75, 9014.75, 1614.3, 322.1698, 219.435, 160.53, 311.6153, 170.4337, 237.67, 95.69, 30.0126, 63.2, 125.8, 62.9, 87.45, , , , , 
1/31/2020 1:41:04 PM, 3226.75, 9014, 1614.2, 322.1698, 219.48, 160.53, 311.7079, 170.47, 237.765, 95.69, 30.0126, 63.2, 125.8, 62.9, 87.45, , , , , 
1/31/2020 1:41:07 PM, 3226.75, 9014, 1614.1, 322.1218, 219.46, 160.52, 311.6738, 170.47, 237.79, 95.675, 30.01, 63.19, 125.79, 62.89, 87.45, , , , , 
1/31/2020 1:41:10 PM, 3226.75, 9014, 1614.1, 322.1218, 219.46, 160.52, 311.6, 170.47, 237.7471, 95.675, 30.01, 63.19, 125.79, 62.89, 87.45, , , , , 
1/31/2020 1:41:13 PM, 3226, 9010.75, 1613.7, 322.04, 219.42, 160.49, 311.52, 170.4399, 237.72, 95.64, 30.01, 63.19, 125.74, 62.89, 87.44, , , , , 
1/31/2020 1:41:16 PM, 3226, 9011.5, 1613.8, 322.04, 219.375, 160.49, 311.32, 170.41, 237.635, 95.64, 30.01, 63.19, 125.74, 62.89, 87.44, , , , , 
1/31/2020 1:41:19 PM, 3225.75, 9011, 1613.8, 322.03, 219.39, 160.49, 311.41, 170.42, 237.635, 95.64, 30, 63.19, 125.735, 62.89, 87.44, , , , , 
1/31/2020 1:41:22 PM, 3225, 9008.25, 1613.2, 322.03, 219.35, 160.49, 311.38, 170.4, 237.6187, 95.64, 30, 63.19, 125.735, 62.89, 87.44, , , , , 
1/31/2020 1:41:25 PM, 3224.5, 9006.75, 1613.1, 321.91, 219.28, 160.415, 311.24, 170.33, 237.48, 95.59, 29.99, 63.17, 125.67, 62.89, 87.43, , , , , 
1/31/2020 1:41:28 PM, 3224.75, 9007.75, 1613.3, 321.91, 219.28, 160.415, 311.253, 170.34, 237.53, 95.59, 29.99, 63.17, 125.67, 62.89, 87.43, , , , , 
1/31/2020 1:41:31 PM, 3225, 9008.25, 1613.5, 321.955, 219.3, 160.46, 311.35, 170.3434, 237.5244, 95.615, 30, 63.175, 125.7, 62.89, 87.43, , , , , 
1/31/2020 1:41:34 PM, 3225.25, 9008.75, 1613.5, 321.955, 219.33, 160.46, 311.4051, 170.36, 237.5499, 95.615, 30, 63.175, 125.7, 62.89, 87.43, , , , , 
1/31/2020 1:41:37 PM, 3225.5, 9010.25, 1613.7, 322.01, 219.34, 160.47, 311.46, 170.375, 237.55, 95.63, 30.005, 63.18, 125.72, 62.89, 87.43, , , , , 
1/31/2020 1:41:40 PM, 3225.25, 9010, 1613.7, 322.01, 219.37, 160.47, 311.47, 170.3947, 237.6, 95.63, 30.005, 63.18, 125.72, 62.89, 87.43, , , , , 
1/31/2020 1:41:43 PM, 3225.5, 9011, 1613.8, 322.09, 219.37, 160.52, 311.5, 170.41, 237.6, 95.65, 30.01, 63.18, 125.76, 62.89, 87.44, , , , , 
1/31/2020 1:41:46 PM, 3226, 9012, 1613.9, 322.09, 219.41, 160.52, 311.61, 170.45, 237.665, 95.65, 30.01, 63.18, 125.76, 62.89, 87.44, , , , , 
1/31/2020 1:41:49 PM, 3225.75, 9011.75, 1613.7, 322.0502, 219.4, 160.4898, 311.6259, 170.42, 237.62, 95.65, 30.005, 63.18, 125.74, 62.89, 87.44, , , , , 
1/31/2020 1:41:52 PM, 3225.75, 9011.25, 1613.5, 322.0502, 219.4, 160.4898, 311.6461, 170.43, 237.6, 95.65, 30.005, 63.18, 125.74, 62.89, 87.44, , , , , 
1/31/2020 1:41:55 PM, 3226, 9012.25, 1613.8, 322.07, 219.42, 160.49, 311.71, 170.4145, 237.6, 95.66, 30.005, 63.18, 125.74, 62.89, 87.44, , , , , 
1/31/2020 1:41:58 PM, 3226, 9011.75, 1613.7, 322.07, 219.42, 160.49, 311.6744, 170.4301, 237.56, 95.66, 30.005, 63.18, 125.74, 62.89, 87.44, , , , , 
1/31/2020 1:42:01 PM, 3225.75, 9011.75, 1613.5, 322.01, 219.39, 160.47, 311.54, 170.415, 237.61, 95.65, 30.005, 63.18, 125.74, 62.89, 87.445, , , , , 
1/31/2020 1:42:04 PM, 3225.5, 9011.5, 1613.6, 322.01, 219.4, 160.47, 311.5604, 170.4266, 237.61, 95.65, 30.005, 63.18, 125.74, 62.89, 87.445, , , , , 
1/31/2020 1:42:07 PM, 3226, 9012.5, 1613.6, 322.05, 219.4, 160.46, 311.68, 170.43, 237.61, 95.65, 30.005, 63.18, 125.74, 62.89, 87.445, , , , , 
1/31/2020 1:42:10 PM, 3225.75, 9011.75, 1613.5, 322.05, 219.42, 160.46, 311.695, 170.4269, 237.571, 95.65, 30.005, 63.18, 125.74, 62.89, 87.445, , , , , 
1/31/2020 1:42:13 PM, 3225.75, 9011.5, 1613.5, 322.04, 219.41, 160.45, 311.665, 170.425, 237.6, 95.65, 30.005, 63.18, 125.74, 62.89, 87.445, , , , , 
1/31/2020 1:42:16 PM, 3225.75, 9011.5, 1613.4, 322.04, 219.405, 160.45, 311.7042, 170.415, 237.4929, 95.65, 30.005, 63.18, 125.74, 62.89, 87.445, , , , , 
1/31/2020 1:42:19 PM, 3225.25, 9010, 1613.1, 321.97, 219.37, 160.41, 311.665, 170.38, 237.5054, 95.63, 30, 63.18, 125.72, 62.89, 87.44, , , , , 
1/31/2020 1:42:22 PM, 3224.5, 9008, 1612.8, 321.97, 219.3401, 160.41, 311.69, 170.3665, 237.5, 95.63, 30, 63.18, 125.72, 62.89, 87.44, , , , , 
1/31/2020 1:42:25 PM, 3224.75, 9008.5, 1612.9, 321.94, 219.32, 160.41, 311.64, 170.35, 237.45, 95.6101, 29.9901, 63.165, 125.7, 62.89, 87.44, , , , , 
1/31/2020 1:42:28 PM, 3224.5, 9007.75, 1612.8, 321.94, 219.32, 160.41, 311.68, 170.36, 237.45, 95.6101, 29.9901, 63.165, 125.7, 62.89, 87.44, , , , , 
1/31/2020 1:42:31 PM, 3224.5, 9008, 1612.8, 321.92, 219.3, 160.38, 311.61, 170.3459, 237.45, 95.6133, 29.99, 63.165, 125.7, 62.8995, 87.44, , , , , 
1/31/2020 1:42:34 PM, 3224.25, 9007.75, 1612.8, 321.92, 219.3, 160.38, 311.605, 170.35, 237.42, 95.6133, 29.99, 63.165, 125.7, 62.8995, 87.44, , , , , 
1/31/2020 1:42:37 PM, 3224.75, 9008.25, 1612.9, 321.95, 219.31, 160.42, 311.59, 170.345, 237.42, 95.62, 29.99, 63.165, 125.71, 62.8995, 87.44, , , , , 
1/31/2020 1:42:40 PM, 3224.5, 9008, 1612.9, 321.95, 219.31, 160.42, 311.65, 170.35, 237.4475, 95.62, 29.99, 63.165, 125.71, 62.8995, 87.44, , , , , 
1/31/2020 1:42:43 PM, 3224.25, 9006.75, 1612.8, 321.8801, 219.29, 160.385, 311.6484, 170.33, 237.43, 95.61, 29.985, 63.165, 125.69, 62.8995, 87.44, , , , , 
1/31/2020 1:42:46 PM, 3224.25, 9006.75, 1612.7, 321.8801, 219.28, 160.385, 311.5753, 170.33, 237.4, 95.61, 29.985, 63.165, 125.69, 62.8995, 87.44, , , , , 
1/31/2020 1:42:49 PM, 3224.25, 9006.25, 1612.8, 321.8787, 219.27, 160.41, 311.57, 170.31, 237.38, 95.6, 29.985, 63.165, 125.69, 62.8995, 87.44, , , , , 
1/31/2020 1:42:52 PM, 3223.75, 9005.5, 1612.7, 321.8787, 219.26, 160.41, 311.504, 170.3046, 237.45, 95.6, 29.985, 63.165, 125.69, 62.8995, 87.44, , , , , 
1/31/2020 1:42:55 PM, 3223.75, 9006, 1612.6, 321.87, 219.2404, 160.4, 311.41, 170.28, 237.36, 95.6, 29.99, 63.17, 125.68, 62.8995, 87.43, , , , , 
1/31/2020 1:42:58 PM, 3224.25, 9007.25, 1612.9, 321.9, 219.31, 160.42, 311.58, 170.33, 237.4, 95.61, 29.99, 63.17, 125.7, 62.8995, 87.43, , , , , 
1/31/2020 1:43:01 PM, 3224.5, 9007.75, 1613.1, 321.895, 219.31, 160.41, 311.58, 170.33, 237.4, 95.6165, 29.99, 63.17, 125.7, 62.8995, 87.43, , , , , 
1/31/2020 1:43:04 PM, 3224, 9006, 1612.7, 321.86, 219.26, 160.39, 311.4266, 170.315, 237.3882, 95.6165, 29.98, 63.17, 125.68, 62.8995, 87.43, , , , , 
1/31/2020 1:43:07 PM, 3223.75, 9005.75, 1612.7, 321.8337, 219.26, 160.35, 311.4266, 170.315, 237.3882, 95.585, 29.985, 63.165, 125.67, 62.8995, 87.43, , , , , 
1/31/2020 1:43:10 PM, 3223.75, 9004.5, 1612.5, 321.83, 219.22, 160.37, 311.34, 170.29, 237.34, 95.58, 29.985, 63.165, 125.67, 62.8995, 87.42, , , , , 
1/31/2020 1:43:14 PM, 3223.75, 9005.25, 1612.5, 321.85, 219.22, 160.37, 311.34, 170.29, 237.34, 95.58, 29.99, 63.165, 125.67, 62.8995, 87.42, , , , , 
1/31/2020 1:43:17 PM, 3223.75, 9004.75, 1612.5, 321.8464, 219.23, 160.37, 311.333, 170.29, 237.34, 95.58, 29.99, 63.165, 125.67, 62.8995, 87.42, , , , , 
1/31/2020 1:43:20 PM, 3223.75, 9003.25, 1612.4, 321.8277, 219.23, 160.36, 311.333, 170.29, 237.34, 95.57, 29.99, 63.165, 125.67, 62.8995, 87.42, , , , , 
1/31/2020 1:43:23 PM, 3223.5, 9003.5, 1612.5, 321.81, 219.19, 160.36, 311.26, 170.24, 237.389, 95.57, 29.9894, 63.165, 125.67, 62.8995, 87.42, , , , , 
1/31/2020 1:43:26 PM, 3223.5, 9002.75, 1612.3, 321.84, 219.19, 160.36, 311.26, 170.24, 237.389, 95.57, 29.99, 63.17, 125.66, 62.8995, 87.42, , , , , 
1/31/2020 1:43:29 PM, 3223.75, 9003, 1612.4, 321.83, 219.2183, 160.36, 311.27, 170.26, 237.45, 95.57, 29.99, 63.165, 125.66, 62.8995, 87.42, , , , , 
1/31/2020 1:43:32 PM, 3223.75, 9003.25, 1612.4, 321.835, 219.2183, 160.35, 311.27, 170.26, 237.45, 95.565, 29.99, 63.17, 125.66, 62.8995, 87.42, , , , , 
1/31/2020 1:43:35 PM, 3223.75, 9004.25, 1612.4, 321.86, 219.22, 160.35, 311.1799, 170.27, 237.45, 95.57, 29.9838, 63.17, 125.66, 62.8995, 87.42, , , , , 
1/31/2020 1:43:38 PM, 3223.75, 9003.25, 1612.4, 321.8327, 219.22, 160.35, 311.1799, 170.27, 237.45, 95.57, 29.9838, 63.17, 125.66, 62.8995, 87.42, , , , , 
1/31/2020 1:43:41 PM, 3223.75, 9003.5, 1612.4, 321.84, 219.2, 160.35, 311.13, 170.27, 237.445, 95.56, 29.99, 63.17, 125.66, 62.8995, 87.42, , , , , 
1/31/2020 1:43:44 PM, 3223.75, 9003, 1612.4, 321.83, 219.2, 160.35, 311.13, 170.27, 237.445, 95.56, 29.99, 63.17, 125.66, 62.8995, 87.42, , , , , 
1/31/2020 1:43:47 PM, 3223.25, 9001.5, 1612.1, 321.8, 219.16, 160.32, 311.06, 170.2325, 237.41, 95.545, 29.98, 63.1682, 125.65, 62.8995, 87.42, , , , , 
1/31/2020 1:43:50 PM, 3223.25, 9001.5, 1612.2, 321.79, 219.16, 160.33, 311.06, 170.2325, 237.41, 95.5419, 29.98, 63.1682, 125.65, 62.8995, 87.42, , , , , 
1/31/2020 1:43:53 PM, 3223.25, 9000.25, 1612.1, 321.78, 219.115, 160.33, 310.9, 170.21, 237.28, 95.53, 29.98, 63.16, 125.64, 62.8995, 87.42, , , , , 
1/31/2020 1:43:56 PM, 3223.25, 9001.5, 1612.2, 321.8, 219.115, 160.33, 310.9, 170.21, 237.28, 95.54, 29.98, 63.165, 125.66, 62.8995, 87.42, , , , , 
1/31/2020 1:43:59 PM, 3223.5, 9001.5, 1612.4, 321.8, 219.14, 160.34, 310.83, 170.2058, 237.33, 95.54, 29.99, 63.18, 125.66, 62.8995, 87.42, , , , , 
1/31/2020 1:44:02 PM, 3223.25, 9000.75, 1612.3, 321.79, 219.14, 160.3311, 310.83, 170.2058, 237.33, 95.53, 29.98, 63.17, 125.65, 62.8995, 87.42, , , , , 
1/31/2020 1:44:05 PM, 3223, 9000, 1612.2, 321.77, 219.11, 160.32, 310.72, 170.1634, 237.25, 95.52, 29.9883, 63.17, 125.65, 62.8995, 87.42, , , , , 
1/31/2020 1:44:08 PM, 3223, 9000, 1612.2, 321.77, 219.11, 160.33, 310.72, 170.1634, 237.25, 95.52, 29.9883, 63.175, 125.655, 62.8995, 87.42, , , , , 
1/31/2020 1:44:11 PM, 3223, 9000.25, 1612.2, 321.77, 219.12, 160.3317, 310.77, 170.16, 237.34, 95.52, 29.9864, 63.175, 125.65, 62.8995, 87.42, , , , , 
1/31/2020 1:44:14 PM, 3223.5, 9000.5, 1612.2, 321.79, 219.12, 160.34, 310.77, 170.16, 237.34, 95.52, 29.985, 63.175, 125.67, 62.8995, 87.42, , , , , 
1/31/2020 1:44:17 PM, 3223.5, 9000.5, 1612.3, 321.795, 219.12, 160.34, 310.63, 170.1738, 237.36, 95.528, 29.985, 63.175, 125.67, 62.8995, 87.42, , , , , 
1/31/2020 1:44:20 PM, 3223.25, 9000, 1612.3, 321.79, 219.12, 160.34, 310.63, 170.1738, 237.36, 95.52, 29.98, 63.18, 125.66, 62.8995, 87.42, , , , , 
1/31/2020 1:44:23 PM, 3223.25, 8999.75, 1612.2, 321.78, 219.1, 160.32, 310.6025, 170.1775, 237.1829, 95.51, 29.98, 63.175, 125.66, 62.8995, 87.43, , , , , 
1/31/2020 1:44:26 PM, 3223.25, 8999, 1612.1, 321.78, 219.1, 160.33, 310.6025, 170.1775, 237.1829, 95.51, 29.98, 63.175, 125.66, 62.8995, 87.43, , , , , 
1/31/2020 1:44:29 PM, 3223, 8999, 1612.1, 321.78, 219.09, 160.33, 310.584, 170.16, 237.2, 95.505, 29.98, 63.185, 125.665, 62.8995, 87.43, , , , , 
1/31/2020 1:44:32 PM, 3223.25, 8998.75, 1612.1, 321.78, 219.09, 160.325, 310.584, 170.16, 237.2, 95.5, 29.98, 63.185, 125.665, 62.8995, 87.43, , , , , 
1/31/2020 1:44:35 PM, 3222.75, 8997.75, 1612, 321.74, 219.08, 160.31, 310.45, 170.1546, 237.21, 95.5, 29.98, 63.18, 125.665, 62.8995, 87.425, , , , , 
1/31/2020 1:44:38 PM, 3223.25, 8998.25, 1612.1, 321.75, 219.08, 160.32, 310.45, 170.1546, 237.21, 95.4915, 29.98, 63.18, 125.66, 62.8995, 87.425, , , , , 
1/31/2020 1:44:41 PM, 3222.75, 8997.75, 1612, 321.75, 219.06, 160.32, 310.3, 170.16, 237.1601, 95.48, 29.98, 63.18, 125.655, 62.8995, 87.425, , , , , 
1/31/2020 1:44:44 PM, 3222.75, 8998.25, 1612.2, 321.75, 219.06, 160.34, 310.3, 170.16, 237.1601, 95.48, 29.98, 63.18, 125.655, 62.8995, 87.425, , , , , 
1/31/2020 1:44:47 PM, 3223, 8998, 1612.2, 321.75, 219.06, 160.34, 310.23, 170.1998, 237.04, 95.49, 29.98, 63.175, 125.655, 62.8995, 87.425, , , , , 
1/31/2020 1:44:50 PM, 3223, 8998, 1612.2, 321.76, 219.06, 160.34, 310.23, 170.1998, 237.04, 95.49, 29.98, 63.175, 125.66, 62.8995, 87.425, , , , , 
1/31/2020 1:44:53 PM, 3222.75, 8997.75, 1612.2, 321.75, 219.085, 160.34, 310.21, 170.23, 237.0501, 95.48, 29.98, 63.175, 125.66, 62.8995, 87.425, , , , , 
1/31/2020 1:44:56 PM, 3223.25, 8999, 1612.3, 321.76, 219.085, 160.335, 310.21, 170.23, 237.0501, 95.49, 29.98, 63.175, 125.675, 62.8995, 87.425, , , , , 
1/31/2020 1:44:59 PM, 3223, 8998.25, 1612.2, 321.75, 219.074, 160.335, 310.1185, 170.2002, 237.13, 95.48, 29.98, 63.175, 125.67, 62.8995, 87.42, , , , , 
1/31/2020 1:45:02 PM, 3223, 8998.25, 1612.2, 321.76, 219.074, 160.32, 310.1185, 170.2002, 237.13, 95.48, 29.98, 63.18, 125.68, 62.8995, 87.4, , , , , 
1/31/2020 1:45:05 PM, 3223, 8998.5, 1612.2, 321.74, 219.06, 160.33, 310.1245, 170.22, 237.17, 95.485, 29.98, 63.18, 125.68, 62.8995, 87.3916, , , , , 
1/31/2020 1:45:08 PM, 3223, 8998.75, 1612.2, 321.72, 219.07, 160.32, 310.1, 170.21, 237.1552, 95.4756, 29.98, 63.17, 125.67, 62.8995, 87.3916, , , , , 
1/31/2020 1:45:11 PM, 3223, 8998.75, 1612.2, 321.7499, 219.1099, 160.33, 310.15, 170.2462, 237.24, 95.48, 29.98, 63.17, 125.67, 62.8995, 87.3916, , , , , 
1/31/2020 1:45:14 PM, 3223.25, 8999.75, 1612.6, 321.795, 219.115, 160.38, 310.27, 170.25, 237.28, 95.5, 29.99, 63.17, 125.69, 62.8995, 87.4, , , , , 
1/31/2020 1:45:17 PM, 3223.25, 8999.75, 1612.6, 321.78, 219.12, 160.36, 310.515, 170.26, 237.3, 95.51, 29.985, 63.175, 125.69, 62.8995, 87.4, , , , , 
1/31/2020 1:45:20 PM, 3224.5, 9003.5, 1613.1, 321.8377, 219.19, 160.38, 310.63, 170.3, 237.39, 95.53, 29.985, 63.18, 125.7, 62.8995, 87.4, , , , , 
1/31/2020 1:45:23 PM, 3224.5, 9003.5, 1613.1, 321.919, 219.1897, 160.43, 310.629, 170.275, 237.44, 95.56, 29.995, 63.19, 125.73, 62.8995, 87.4, , , , , 
1/31/2020 1:45:27 PM, 3224, 9002, 1612.6, 321.84, 219.17, 160.39, 310.69, 170.2663, 237.4599, 95.55, 29.995, 63.18, 125.71, 62.8995, 87.395, , , , , 
1/31/2020 1:45:30 PM, 3224, 9002, 1612.6, 321.845, 219.17, 160.37, 310.63, 170.265, 237.4543, 95.55, 29.99, 63.18, 125.7, 62.905, 87.395, , , , , 
1/31/2020 1:45:33 PM, 3223.5, 9001, 1612.5, 321.845, 219.16, 160.37, 310.6499, 170.26, 237.4166, 95.5446, 29.995, 63.18, 125.7, 62.905, 87.395, , , , , 
1/31/2020 1:45:36 PM, 3223.5, 9001, 1612.5, 321.8, 219.135, 160.36, 310.52, 170.235, 237.35, 95.54, 29.99, 63.18, 125.69, 62.905, 87.395, , , , , 
1/31/2020 1:45:39 PM, 3223.75, 9002.5, 1612.8, 321.82, 219.17, 160.38, 310.635, 170.235, 237.324, 95.53, 29.99, 63.185, 125.69, 62.905, 87.395, , , , , 
1/31/2020 1:45:42 PM, 3223.75, 9002.5, 1612.8, 321.84, 219.19, 160.39, 310.6861, 170.26, 237.3873, 95.5495, 29.99, 63.185, 125.69, 62.905, 87.395, , , , , 
1/31/2020 1:45:45 PM, 3223.5, 9002, 1612.5, 321.83, 219.171, 160.38, 310.6862, 170.25, 237.3055, 95.54, 29.985, 63.175, 125.69, 62.905, 87.395, , , , , 
1/31/2020 1:45:48 PM, 3223.5, 9002, 1612.5, 321.81, 219.15, 160.3621, 310.62, 170.24, 237.32, 95.54, 29.985, 63.175, 125.69, 62.905, 87.395, , , , , 
1/31/2020 1:45:51 PM, 3223.25, 9001.5, 1612.6, 321.81, 219.15, 160.3621, 310.69, 170.25, 237.27, 95.535, 29.985, 63.17, 125.68, 62.905, 87.395, , , , , 
1/31/2020 1:45:54 PM, 3223.25, 9001.5, 1612.6, 321.815, 219.1677, 160.375, 310.69, 170.2445, 237.3, 95.54, 29.9803, 63.175, 125.68, 62.905, 87.395, , , , , 
1/31/2020 1:45:57 PM, 3223.75, 9002, 1612.7, 321.83, 219.16, 160.375, 310.7191, 170.2432, 237.34, 95.54, 29.9803, 63.175, 125.68, 62.905, 87.395, , , , , 
1/31/2020 1:46:00 PM, 3223.75, 9002, 1612.7, 321.82, 219.15, 160.38, 310.6591, 170.245, 237.3561, 95.55, 29.9803, 63.175, 125.68, 62.905, 87.395, , , , , 
1/31/2020 1:46:03 PM, 3223.5, 9001, 1612.6, 321.8179, 219.14, 160.37, 310.69, 170.23, 237.29, 95.548, 29.9803, 63.175, 125.68, 62.905, 87.39, , , , , 
1/31/2020 1:46:06 PM, 3223.5, 9001, 1612.6, 321.8, 219.13, 160.37, 310.63, 170.22, 237.26, 95.54, 29.9803, 63.175, 125.68, 62.905, 87.39, , , , , 
1/31/2020 1:46:09 PM, 3223.25, 9001, 1612.4, 321.78, 219.15, 160.36, 310.7237, 170.2156, 237.295, 95.53, 29.98, 63.17, 125.67, 62.905, 87.39, , , , , 
1/31/2020 1:46:12 PM, 3223.25, 9001, 1612.4, 321.78, 219.17, 160.36, 310.85, 170.225, 237.31, 95.54, 29.98, 63.1755, 125.67, 62.905, 87.39, , , , , 
1/31/2020 1:46:15 PM, 3223.5, 9002.75, 1612.7, 321.8, 219.1728, 160.36, 310.85, 170.23, 237.31, 95.55, 29.985, 63.1755, 125.67, 62.905, 87.395, , , , , 
1/31/2020 1:46:18 PM, 3223.5, 9002.75, 1612.7, 321.81, 219.18, 160.37, 310.88, 170.24, 237.38, 95.55, 29.985, 63.1755, 125.67, 62.905, 87.395, , , , , 
1/31/2020 1:46:21 PM, 3223.75, 9003.75, 1612.8, 321.83, 219.2, 160.4, 310.9565, 170.25, 237.38, 95.55, 29.985, 63.18, 125.68, 62.905, 87.4, , , , , 
1/31/2020 1:46:24 PM, 3223.75, 9003.75, 1612.8, 321.8499, 219.2, 160.4, 310.9701, 170.25, 237.38, 95.57, 29.99, 63.18, 125.68, 62.905, 87.405, , , , , 
1/31/2020 1:46:27 PM, 3224, 9004.75, 1613.1, 321.8599, 219.19, 160.39, 311.08, 170.232, 237.309, 95.57, 29.99, 63.18, 125.68, 62.905, 87.4, , , , , 
1/31/2020 1:46:30 PM, 3224, 9004.75, 1613.1, 321.88, 219.24, 160.4, 311.1058, 170.2725, 237.44, 95.58, 29.985, 63.18, 125.69, 62.905, 87.41, , , , , 
1/31/2020 1:46:33 PM, 3224.25, 9004.25, 1613.1, 321.9, 219.239, 160.42, 311.093, 170.2769, 237.44, 95.59, 29.99, 63.185, 125.69, 62.905, 87.41, , , , , 
1/31/2020 1:46:36 PM, 3224.25, 9004.25, 1613.1, 321.88, 219.25, 160.42, 311.15, 170.2705, 237.405, 95.585, 29.985, 63.185, 125.7, 62.905, 87.415, , , , , 
1/31/2020 1:46:39 PM, 3225.25, 9007.5, 1613.5, 321.945, 219.29, 160.44, 311.13, 170.3108, 237.4799, 95.59, 29.99, 63.195, 125.72, 62.905, 87.415, , , , , 
1/31/2020 1:46:42 PM, 3225.25, 9007.5, 1613.5, 321.99, 219.29, 160.46, 311.1725, 170.32, 237.502, 95.61, 29.995, 63.2, 125.7345, 62.905, 87.42, , , , , 
1/31/2020 1:46:45 PM, 3225.25, 9007, 1613.5, 321.98, 219.29, 160.46, 311.18, 170.3086, 237.505, 95.61, 29.995, 63.2, 125.74, 62.905, 87.42, , , , , 
1/31/2020 1:46:48 PM, 3225, 9006, 1613.3, 321.95, 219.25, 160.44, 311.04, 170.29, 237.42, 95.59, 29.99, 63.2, 125.7279, 62.905, 87.42, , , , , 
1/31/2020 1:46:51 PM, 3225, 9005.75, 1613.5, 321.945, 219.24, 160.45, 311.0479, 170.29, 237.42, 95.5769, 29.9932, 63.2, 125.73, 62.905, 87.42, , , , , 
1/31/2020 1:46:54 PM, 3225, 9005.75, 1613.5, 321.9488, 219.246, 160.46, 311.1281, 170.275, 237.42, 95.58, 29.9932, 63.1936, 125.73, 62.905, 87.42, , , , , 
1/31/2020 1:46:57 PM, 3224.5, 9005, 1613.3, 321.93, 219.25, 160.46, 311.07, 170.26, 237.37, 95.58, 29.9938, 63.1936, 125.74, 62.905, 87.42, , , , , 
1/31/2020 1:47:00 PM, 3224.5, 9005, 1613.3, 321.92, 219.2378, 160.43, 311.0869, 170.2458, 237.37, 95.5765, 29.99, 63.185, 125.72, 62.905, 87.42, , , , , 
1/31/2020 1:47:03 PM, 3224, 9003.5, 1613, 321.915, 219.24, 160.43, 311.08, 170.235, 237.35, 95.57, 29.99, 63.1869, 125.72, 62.905, 87.415, , , , , 
1/31/2020 1:47:06 PM, 3224, 9003.5, 1613, 321.88, 219.21, 160.42, 311.0787, 170.2279, 237.35, 95.555, 29.99, 63.1869, 125.71, 62.905, 87.415, , , , , 
1/31/2020 1:47:09 PM, 3223.75, 9003, 1612.9, 321.86, 219.215, 160.42, 311.15, 170.22, 237.35, 95.56, 29.98, 63.182, 125.7, 62.905, 87.415, , , , , 
1/31/2020 1:47:12 PM, 3223.75, 9003, 1612.9, 321.86, 219.215, 160.4, 311.15, 170.22, 237.35, 95.56, 29.98, 63.185, 125.7, 62.905, 87.415, , , , , 
1/31/2020 1:47:15 PM, 3224, 9004.25, 1613.1, 321.86, 219.21, 160.41, 311.165, 170.215, 237.36, 95.56, 29.98, 63.18, 125.7, 62.905, 87.415, , , , , 
1/31/2020 1:47:18 PM, 3224, 9004.25, 1613.1, 321.885, 219.23, 160.43, 311.27, 170.22, 237.41, 95.56, 29.98, 63.18, 125.7, 62.905, 87.415, , , , , 
1/31/2020 1:47:21 PM, 3224.5, 9005.25, 1613.3, 321.88, 219.26, 160.42, 311.315, 170.2254, 237.44, 95.57, 29.98, 63.18, 125.7, 62.905, 87.415, , , , , 
1/31/2020 1:47:24 PM, 3224.75, 9005, 1613.3, 321.93, 219.25, 160.44, 311.3001, 170.2246, 237.45, 95.575, 29.985, 63.19, 125.72, 62.905, 87.415, , , , , 
1/31/2020 1:47:27 PM, 3224.75, 9005, 1613.2, 321.93, 219.255, 160.44, 311.33, 170.25, 237.45, 95.575, 29.985, 63.19, 125.72, 62.905, 87.415, , , , , 
1/31/2020 1:47:30 PM, 3224.25, 9004, 1613.1, 321.89, 219.23, 160.42, 311.2632, 170.24, 237.43, 95.57, 29.98, 63.19, 125.71, 62.905, 87.415, , , , , 
1/31/2020 1:47:33 PM, 3224.25, 9003.5, 1613.1, 321.89, 219.225, 160.42, 311.185, 170.2598, 237.42, 95.57, 29.98, 63.19, 125.71, 62.905, 87.415, , , , , 
1/31/2020 1:47:37 PM, 3224, 9004, 1613.1, 321.875, 219.22, 160.43, 311.165, 170.24, 237.37, 95.56, 29.9832, 63.185, 125.71, 62.905, 87.415, , , , , 
1/31/2020 1:47:40 PM, 3223.5, 9002.25, 1612.9, 321.875, 219.22, 160.43, 311.18, 170.21, 237.33, 95.56, 29.9832, 63.185, 125.71, 62.905, 87.415, , , , , 
1/31/2020 1:47:43 PM, 3223, 9001.25, 1612.7, 321.77, 219.17, 160.375, 311.21, 170.2, 237.3, 95.53, 29.97, 63.16, 125.65, 62.905, 87.405, , , , , 
1/31/2020 1:47:46 PM, 3223, 8999.75, 1612.4, 321.77, 219.12, 160.375, 311.16, 170.16, 237.2, 95.53, 29.97, 63.16, 125.65, 62.905, 87.405, , , , , 
1/31/2020 1:47:49 PM, 3222.75, 9000.25, 1612.6, 321.76, 219.13, 160.38, 311.17, 170.1699, 237.26, 95.53, 29.97, 63.16, 125.66, 62.905, 87.405, , , , , 
1/31/2020 1:47:52 PM, 3222.75, 8999.75, 1612.6, 321.76, 219.125, 160.38, 311.1296, 170.16, 237.22, 95.53, 29.97, 63.16, 125.66, 62.905, 87.405, , , , , 
1/31/2020 1:47:55 PM, 3222.75, 8999.75, 1612.5, 321.73, 219.1166, 160.38, 311.116, 170.15, 237.22, 95.52, 29.975, 63.165, 125.66, 62.9175, 87.405, , , , , 
1/31/2020 1:47:58 PM, 3222, 8997.25, 1612.2, 321.73, 219.09, 160.38, 311.09, 170.13, 237.23, 95.52, 29.975, 63.165, 125.66, 62.9175, 87.405, , , , , 
1/31/2020 1:48:01 PM, 3222.5, 8999.5, 1612.3, 321.725, 219.0699, 160.37, 311.14, 170.1371, 237.1525, 95.525, 29.965, 63.155, 125.64, 62.9175, 87.4, , , , , 
1/31/2020 1:48:04 PM, 3222.5, 8998.75, 1612.4, 321.725, 219.11, 160.37, 311.28, 170.1593, 237.2, 95.525, 29.965, 63.155, 125.64, 62.9175, 87.4, , , , , 
1/31/2020 1:48:07 PM, 3222.25, 8999, 1612.5, 321.7, 219.1, 160.37, 311.14, 170.15, 237.22, 95.52, 29.97, 63.155, 125.64, 62.9175, 87.405, , , , , 
1/31/2020 1:48:10 PM, 3222.5, 8999, 1612.4, 321.69, 219.1, 160.37, 311.218, 170.1361, 237.2143, 95.52, 29.96, 63.155, 125.64, 62.9175, 87.405, , , , , 
1/31/2020 1:48:13 PM, 3222.5, 8999.75, 1612.5, 321.72, 219.11, 160.36, 311.19, 170.145, 237.2143, 95.52, 29.965, 63.16, 125.65, 62.9175, 87.405, , , , , 
1/31/2020 1:48:16 PM, 3222.75, 9000.5, 1612.5, 321.72, 219.1266, 160.36, 311.24, 170.16, 237.27, 95.52, 29.965, 63.16, 125.65, 62.9175, 87.405, , , , , 
1/31/2020 1:48:19 PM, 3222.75, 9001.75, 1612.6, 321.745, 219.14, 160.38, 311.34, 170.16, 237.28, 95.53, 29.9685, 63.1563, 125.66, 62.9175, 87.405, , , , , 
1/31/2020 1:48:22 PM, 3223, 9002.5, 1612.8, 321.745, 219.16, 160.38, 311.34, 170.16, 237.305, 95.53, 29.9685, 63.1563, 125.66, 62.9175, 87.405, , , , , 
1/31/2020 1:48:25 PM, 3223.25, 9003, 1613, 321.8132, 219.19, 160.41, 311.4202, 170.17, 237.27, 95.56, 29.97, 63.16, 125.68, 62.9175, 87.415, , , , , 
1/31/2020 1:48:28 PM, 3223.25, 9002.5, 1613.1, 321.8132, 219.1836, 160.41, 311.38, 170.1516, 237.355, 95.56, 29.97, 63.16, 125.68, 62.9175, 87.415, , , , , 
1/31/2020 1:48:31 PM, 3224, 9004.5, 1613.4, 321.86, 219.22, 160.45, 311.3678, 170.175, 237.41, 95.5581, 29.975, 63.16, 125.69, 62.9175, 87.42, , , , , 
1/31/2020 1:48:34 PM, 3224.5, 9005.5, 1613.5, 321.86, 219.25, 160.45, 311.4824, 170.21, 237.48, 95.5581, 29.975, 63.16, 125.69, 62.9175, 87.42, , , , , 
1/31/2020 1:48:37 PM, 3224.75, 9006.5, 1613.7, 321.92, 219.275, 160.48, 311.4631, 170.225, 237.5792, 95.6, 29.9861, 63.17, 125.72, 62.9271, 87.43, , , , , 
1/31/2020 1:48:40 PM, 3224.25, 9005, 1613.3, 321.92, 219.24, 160.48, 311.35, 170.22, 237.5, 95.6, 29.9861, 63.17, 125.72, 62.9271, 87.43, , , , , 
1/31/2020 1:48:43 PM, 3224.25, 9006, 1613.4, 321.9, 219.26, 160.45, 311.372, 170.24, 237.5, 95.58, 29.9834, 63.175, 125.71, 62.9271, 87.43, , , , , 
1/31/2020 1:48:46 PM, 3224.5, 9005.75, 1613.5, 321.9, 219.2632, 160.45, 311.3752, 170.245, 237.515, 95.58, 29.9834, 63.175, 125.71, 62.9271, 87.43, , , , , 
1/31/2020 1:48:49 PM, 3224.5, 9005.75, 1613.5, 321.9, 219.2501, 160.46, 311.4, 170.2425, 237.52, 95.58, 29.98, 63.18, 125.7, 62.9271, 87.43, , , , , 
1/31/2020 1:48:52 PM, 3225, 9008.5, 1613.9, 321.9, 219.28, 160.46, 311.4, 170.22, 237.5699, 95.58, 29.98, 63.18, 125.7, 62.9271, 87.43, , , , , 
1/31/2020 1:48:55 PM, 3225, 9007.5, 1613.8, 321.96, 219.3, 160.49, 311.3744, 170.245, 237.63, 95.5936, 29.9875, 63.1837, 125.72, 62.9271, 87.43, , , , , 
1/31/2020 1:48:58 PM, 3224.75, 9006.75, 1613.9, 321.96, 219.3001, 160.49, 311.3444, 170.23, 237.615, 95.5936, 29.9875, 63.1837, 125.72, 62.9271, 87.43, , , , , 
1/31/2020 1:49:01 PM, 3224.75, 9006.5, 1613.8, 321.95, 219.285, 160.495, 311.38, 170.215, 237.65, 95.6, 29.985, 63.18, 125.71, 62.9271, 87.4385, , , , , 
1/31/2020 1:49:04 PM, 3224.75, 9006.25, 1613.7, 321.95, 219.28, 160.495, 311.4516, 170.2055, 237.6448, 95.6, 29.985, 63.18, 125.71, 62.9271, 87.4385, , , , , 
1/31/2020 1:49:07 PM, 3224.25, 9006, 1613.6, 321.91, 219.26, 160.47, 311.44, 170.17, 237.57, 95.58, 29.98, 63.18, 125.7, 62.9271, 87.4385, , , , , 
1/31/2020 1:49:10 PM, 3224.5, 9006, 1613.6, 321.91, 219.27, 160.47, 311.4863, 170.175, 237.57, 95.58, 29.98, 63.18, 125.7, 62.9271, 87.4385, , , , , 
1/31/2020 1:49:13 PM, 3224.5, 9006.25, 1613.7, 321.9, 219.27, 160.47, 311.4999, 170.1318, 237.65, 95.58, 29.98, 63.175, 125.7, 62.9271, 87.435, , , , , 
1/31/2020 1:49:16 PM, 3224.5, 9006.5, 1613.6, 321.9, 219.27, 160.47, 311.5786, 170.1363, 237.65, 95.58, 29.98, 63.175, 125.7, 62.9271, 87.435, , , , , 
1/31/2020 1:49:19 PM, 3224.75, 9008, 1613.7, 321.95, 219.2901, 160.49, 311.59, 170.16, 237.675, 95.61, 29.98, 63.17, 125.72, 62.9303, 87.43, , , , , 
1/31/2020 1:49:22 PM, 3225.75, 9010.25, 1614.2, 321.95, 219.36, 160.49, 311.6885, 170.23, 237.8, 95.61, 29.98, 63.17, 125.72, 62.9303, 87.43, , , , , 
1/31/2020 1:49:25 PM, 3225.5, 9009.5, 1614.2, 322, 219.36, 160.52, 311.664, 170.22, 237.8, 95.62, 29.9899, 63.18, 125.7526, 62.9303, 87.44, , , , , 
1/31/2020 1:49:28 PM, 3225.25, 9010, 1614.2, 322, 219.355, 160.52, 311.7009, 170.21, 237.745, 95.62, 29.9899, 63.18, 125.7526, 62.9303, 87.44, , , , , 
1/31/2020 1:49:31 PM, 3225.75, 9010.75, 1614.5, 322.06, 219.3599, 160.56, 311.6983, 170.21, 237.745, 95.62, 29.99, 63.18, 125.77, 62.9303, 87.44, , , , , 
1/31/2020 1:49:34 PM, 3226.25, 9011.25, 1614.7, 322.06, 219.38, 160.57, 311.76, 170.215, 237.8, 95.631, 29.9932, 63.18, 125.79, 62.9303, 87.44, , , , , 
1/31/2020 1:49:37 PM, 3226.25, 9011, 1614.7, 322.09, 219.38, 160.57, 311.76, 170.215, 237.8, 95.64, 29.995, 63.18, 125.79, 62.9303, 87.44, , , , , 
1/31/2020 1:49:40 PM, 3226.5, 9012, 1614.9, 322.1132, 219.4264, 160.5995, 311.8, 170.24, 237.76, 95.64, 29.9934, 63.19, 125.79, 62.9303, 87.44, , , , , 
1/31/2020 1:49:43 PM, 3226.25, 9011.5, 1614.8, 322.085, 219.4264, 160.58, 311.8, 170.24, 237.76, 95.6541, 29.995, 63.195, 125.78, 62.9303, 87.44, , , , , 
1/31/2020 1:49:46 PM, 3226, 9012, 1614.6, 322.085, 219.41, 160.575, 311.8215, 170.255, 237.84, 95.655, 29.9932, 63.1832, 125.78, 62.9303, 87.44, , , , , 
1/31/2020 1:49:50 PM, 3226.25, 9012, 1614.7, 322.09, 219.41, 160.58, 311.8215, 170.255, 237.84, 95.655, 29.995, 63.1832, 125.79, 62.9303, 87.44, , , , , 
1/31/2020 1:49:53 PM, 3226.25, 9012.5, 1614.7, 322.08, 219.41, 160.58, 311.75, 170.2692, 237.88, 95.6513, 29.995, 63.195, 125.79, 62.9303, 87.445, , , , , 
1/31/2020 1:49:56 PM, 3226.25, 9012.25, 1614.8, 322.098, 219.41, 160.5898, 311.75, 170.2692, 237.88, 95.65, 29.995, 63.2, 125.79, 62.9303, 87.445, , , , , 
1/31/2020 1:49:59 PM, 3226.5, 9012.25, 1614.8, 322.1, 219.4199, 160.5898, 311.7887, 170.27, 237.91, 95.65, 29.995, 63.2, 125.79, 62.9303, 87.445, , , , , 
1/31/2020 1:50:02 PM, 3226.25, 9012, 1614.7, 322.08, 219.4199, 160.575, 311.7887, 170.27, 237.91, 95.6556, 29.995, 63.2, 125.78, 62.9303, 87.445, , , , , 
1/31/2020 1:50:05 PM, 3226, 9011.75, 1614.7, 322.07, 219.39, 160.56, 311.7499, 170.27, 237.95, 95.64, 29.99, 63.2, 125.77, 62.9303, 87.445, , , , , 
1/31/2020 1:50:08 PM, 3226.75, 9012.5, 1614.8, 322.125, 219.39, 160.59, 311.7499, 170.27, 237.95, 95.65, 29.995, 63.2, 125.78, 62.9303, 87.445, , , , , 
1/31/2020 1:50:11 PM, 3226.25, 9012, 1614.7, 322.09, 219.37, 160.59, 311.7778, 170.2552, 237.97, 95.66, 29.995, 63.195, 125.77, 62.9975, 87.445, , , , , 
1/31/2020 1:50:14 PM, 3225.75, 9010.25, 1614.4, 322.025, 219.37, 160.56, 311.7778, 170.2552, 237.97, 95.63, 29.99, 63.195, 125.74, 62.9975, 87.445, , , , , 
1/31/2020 1:50:17 PM, 3226, 9010.75, 1614.5, 322.03, 219.3606, 160.55, 311.6, 170.235, 237.8878, 95.63, 29.985, 63.195, 125.74, 62.9975, 87.45, , , , , 
1/31/2020 1:50:20 PM, 3225.5, 9008.75, 1614.3, 322, 219.3606, 160.54, 311.6, 170.235, 237.8878, 95.62, 29.98, 63.19, 125.735, 62.9975, 87.45, , , , , 
1/31/2020 1:50:23 PM, 3225.5, 9009, 1614.3, 322.01, 219.34, 160.54, 311.58, 170.22, 237.89, 95.61, 29.98, 63.19, 125.73, 62.9975, 87.45, , , , , 
1/31/2020 1:50:26 PM, 3225.25, 9007.75, 1614.4, 321.98, 219.34, 160.54, 311.58, 170.22, 237.89, 95.6, 29.98, 63.19, 125.71, 62.9975, 87.45, , , , , 
1/31/2020 1:50:29 PM, 3225, 9007.25, 1614.2, 321.95, 219.3, 160.52, 311.5562, 170.19, 237.8045, 95.6, 29.98, 63.19, 125.71, 62.9975, 87.4475, , , , , 
1/31/2020 1:50:32 PM, 3224.75, 9007.25, 1614.2, 321.96, 219.3, 160.52, 311.5562, 170.19, 237.8045, 95.59, 29.98, 63.185, 125.71, 62.9975, 87.445, , , , , 
1/31/2020 1:50:35 PM, 3224.75, 9006, 1614.1, 321.93, 219.25, 160.52, 311.41, 170.15, 237.77, 95.582, 29.97, 63.18, 125.7, 62.9975, 87.45, , , , , 
1/31/2020 1:50:38 PM, 3224.25, 9005.5, 1613.9, 321.91, 219.25, 160.5, 311.41, 170.15, 237.77, 95.58, 29.9712, 63.18, 125.7, 62.9975, 87.45, , , , , 
1/31/2020 1:50:41 PM, 3224.5, 9006, 1613.9, 321.88, 219.25, 160.5, 311.41, 170.15, 237.75, 95.58, 29.97, 63.18, 125.69, 62.9975, 87.45, , , , , 
1/31/2020 1:50:44 PM, 3224.25, 9005.75, 1614, 321.9, 219.25, 160.5, 311.41, 170.15, 237.75, 95.58, 29.97, 63.17, 125.69, 62.9975, 87.45, , , , , 
1/31/2020 1:50:47 PM, 3224, 9004.5, 1613.7, 321.84, 219.23, 160.483, 311.3701, 170.17, 237.71, 95.57, 29.97, 63.17, 125.68, 62.9975, 87.45, , , , , 
1/31/2020 1:50:50 PM, 3223.5, 9004, 1613.7, 321.84, 219.23, 160.473, 311.3701, 170.17, 237.71, 95.57, 29.97, 63.17, 125.68, 62.9975, 87.45, , , , , 
1/31/2020 1:50:53 PM, 3223.5, 9003.75, 1613.6, 321.855, 219.24, 160.48, 311.44, 170.14, 237.6907, 95.56, 29.97, 63.17, 125.67, 62.9975, 87.45, , , , , 
1/31/2020 1:50:56 PM, 3224.5, 9006.25, 1614.1, 321.899, 219.24, 160.51, 311.44, 170.14, 237.6907, 95.58, 29.97, 63.17, 125.69, 62.9975, 87.45, , , , , 
1/31/2020 1:50:59 PM, 3224.25, 9005.5, 1613.8, 321.87, 219.2579, 160.51, 311.4202, 170.1661, 237.75, 95.58, 29.97, 63.17, 125.68, 62.9975, 87.45, , , , , 
1/31/2020 1:51:02 PM, 3223.75, 9005, 1613.6, 321.86, 219.2579, 160.51, 311.4202, 170.1661, 237.75, 95.58, 29.97, 63.175, 125.68, 62.9711, 87.45, , , , , 
1/31/2020 1:51:05 PM, 3224, 9005.25, 1613.7, 321.86, 219.28, 160.4763, 311.462, 170.1551, 237.82, 95.58, 29.97, 63.165, 125.69, 62.9711, 87.4475, , , , , 
1/31/2020 1:51:08 PM, 3224.5, 9006.75, 1614.1, 321.92, 219.28, 160.515, 311.462, 170.1551, 237.82, 95.585, 29.975, 63.1666, 125.7, 62.9711, 87.45, , , , , 
1/31/2020 1:51:11 PM, 3224.5, 9007, 1614, 321.91, 219.29, 160.52, 311.4648, 170.1982, 237.9099, 95.585, 29.9734, 63.165, 125.7, 62.9711, 87.45, , , , , 
1/31/2020 1:51:14 PM, 3224.25, 9006.5, 1614, 321.9, 219.29, 160.51, 311.4648, 170.1982, 237.9099, 95.59, 29.975, 63.165, 125.7, 62.9711, 87.45, , , , , 
1/31/2020 1:51:17 PM, 3224.5, 9006.75, 1614, 321.9125, 219.3, 160.51, 311.5589, 170.2, 237.8414, 95.59, 29.9735, 63.165, 125.7, 62.9711, 87.45, , , , , 
1/31/2020 1:51:20 PM, 3224.5, 9006.75, 1613.9, 321.91, 219.3, 160.5, 311.5589, 170.2, 237.8414, 95.6, 29.9735, 63.165, 125.7, 62.9711, 87.45, , , , , 
1/31/2020 1:51:23 PM, 3224.5, 9007.25, 1614, 321.91, 219.3, 160.51, 311.5852, 170.21, 237.83, 95.6, 29.97, 63.165, 125.71, 62.9711, 87.45, , , , , 
1/31/2020 1:51:26 PM, 3224.5, 9007, 1614, 321.9001, 219.3, 160.51, 311.5852, 170.21, 237.83, 95.59, 29.97, 63.165, 125.71, 62.9711, 87.45, , , , , 
1/31/2020 1:51:29 PM, 3224.75, 9008, 1614.1, 321.95, 219.32, 160.52, 311.695, 170.21, 237.83, 95.6, 29.9748, 63.16, 125.71, 62.9711, 87.445, , , , , 
1/31/2020 1:51:32 PM, 3224.75, 9008.5, 1614.2, 321.939, 219.32, 160.5127, 311.695, 170.21, 237.83, 95.61, 29.975, 63.16, 125.72, 62.9711, 87.45, , , , , 
1/31/2020 1:51:35 PM, 3224.75, 9008.25, 1614.2, 321.97, 219.33, 160.5127, 311.72, 170.2116, 237.8188, 95.61, 29.975, 63.165, 125.72, 62.9711, 87.45, , , , , 
1/31/2020 1:51:38 PM, 3225.25, 9009.75, 1614.1, 321.985, 219.33, 160.53, 311.72, 170.2116, 237.8188, 95.63, 29.975, 63.165, 125.73, 62.9711, 87.45, , , , , 
1/31/2020 1:51:41 PM, 3224.75, 9008.5, 1613.9, 321.95, 219.32, 160.5, 311.7788, 170.21, 237.89, 95.63, 29.98, 63.165, 125.73, 62.9711, 87.45, , , , , 
1/31/2020 1:51:44 PM, 3225, 9008.75, 1614.1, 321.9471, 219.3127, 160.5, 311.6928, 170.21, 237.785, 95.62, 29.9734, 63.165, 125.7, 62.9775, 87.445, , , , , 
1/31/2020 1:51:47 PM, 3225, 9008.75, 1614.1, 321.97, 219.33, 160.515, 311.69, 170.21, 237.84, 95.61, 29.98, 63.165, 125.7, 62.9775, 87.445, , , , , 
1/31/2020 1:51:50 PM, 3225, 9007, 1614.1, 321.955, 219.31, 160.51, 311.67, 170.22, 237.84, 95.61, 29.9771, 63.165, 125.71, 62.9775, 87.45, , , , , 
1/31/2020 1:51:53 PM, 3225, 9007, 1614.1, 321.95, 219.298, 160.52, 311.66, 170.22, 237.79, 95.61, 29.98, 63.165, 125.7, 62.9775, 87.45, , , , , 
1/31/2020 1:51:56 PM, 3225.5, 9008.5, 1614.3, 321.96, 219.35, 160.54, 311.7, 170.24, 237.86, 95.61, 29.975, 63.165, 125.7, 62.9775, 87.45, , , , , 
1/31/2020 1:51:59 PM, 3225.5, 9008.5, 1614.3, 322.02, 219.34, 160.56, 311.6879, 170.2489, 237.86, 95.62, 29.985, 63.18, 125.73, 62.9775, 87.45, , , , , 
1/31/2020 1:52:02 PM, 3225, 9007.75, 1614.2, 322.01, 219.33, 160.56, 311.68, 170.235, 237.875, 95.63, 29.99, 63.18, 125.74, 62.9775, 87.445, , , , , 
1/31/2020 1:52:05 PM, 3225, 9007.75, 1614.2, 321.98, 219.3, 160.53, 311.65, 170.22, 237.875, 95.62, 29.98, 63.18, 125.72, 62.9775, 87.45, , , , , 
1/31/2020 1:52:09 PM, 3225.25, 9007.5, 1614.1, 321.97, 219.3, 160.53, 311.6461, 170.22, 237.8913, 95.6101, 29.98, 63.18, 125.71, 62.9775, 87.45, , , , , 
1/31/2020 1:52:12 PM, 3225.25, 9007.5, 1614.1, 321.97, 219.3, 160.53, 311.6448, 170.21, 237.8496, 95.6182, 29.98, 63.18, 125.7, 62.9775, 87.45, , , , , 
1/31/2020 1:52:15 PM, 3225, 9007.75, 1614.1, 321.98, 219.305, 160.51, 311.626, 170.21, 237.8496, 95.6182, 29.985, 63.18, 125.705, 62.9775, 87.45, , , , , 
1/31/2020 1:52:18 PM, 3225, 9007.75, 1614.1, 321.97, 219.31, 160.52, 311.6277, 170.22, 237.8496, 95.6182, 29.985, 63.18, 125.705, 62.9775, 87.445, , , , , 
1/31/2020 1:52:21 PM, 3225, 9007.5, 1614.1, 321.98, 219.33, 160.52, 311.6215, 170.23, 237.8496, 95.62, 29.985, 63.18, 125.72, 62.9775, 87.45, , , , , 
1/31/2020 1:52:24 PM, 3225, 9007.5, 1614.1, 321.982, 219.31, 160.52, 311.621, 170.22, 237.828, 95.62, 29.9809, 63.18, 125.72, 62.9775, 87.45, , , , , 
1/31/2020 1:52:27 PM, 3224.75, 9006.75, 1613.7, 321.935, 219.28, 160.49, 311.5992, 170.2, 237.82, 95.61, 29.98, 63.175, 125.71, 62.9775, 87.45, , , , , 
1/31/2020 1:52:30 PM, 3224.75, 9006.75, 1613.7, 321.95, 219.28, 160.48, 311.555, 170.22, 237.82, 95.61, 29.9754, 63.175, 125.7, 62.9839, 87.45, , , , , 
1/31/2020 1:52:33 PM, 3224, 9004.25, 1613.2, 321.91, 219.2598, 160.46, 311.575, 170.21, 237.7907, 95.6, 29.9754, 63.175, 125.69, 62.9839, 87.4475, , , , , 
1/31/2020 1:52:36 PM, 3224, 9004.25, 1613.2, 321.87, 219.2, 160.43, 311.361, 170.2, 237.75, 95.6, 29.9754, 63.175, 125.68, 62.9839, 87.4475, , , , , 
1/31/2020 1:52:39 PM, 3224, 9003.75, 1613.4, 321.88, 219.22, 160.43, 311.37, 170.18, 237.7101, 95.58, 29.965, 63.175, 125.66, 62.9839, 87.445, , , , , 
1/31/2020 1:52:42 PM, 3224, 9003.75, 1613.4, 321.88, 219.22, 160.47, 311.3743, 170.1675, 237.7, 95.58, 29.97, 63.175, 125.66, 62.9839, 87.45, , , , , 
1/31/2020 1:52:45 PM, 3224.5, 9005.5, 1613.7, 321.88, 219.24, 160.47, 311.52, 170.15, 237.685, 95.58, 29.97, 63.175, 125.68, 62.9839, 87.45, , , , , 
1/31/2020 1:52:48 PM, 3224.5, 9005.5, 1613.7, 321.94, 219.26, 160.51, 311.57, 170.1399, 237.75, 95.59, 29.975, 63.17, 125.7, 62.9839, 87.45, , , , , 
1/31/2020 1:52:51 PM, 3224.75, 9006.5, 1614.1, 321.94, 219.2699, 160.49, 311.6, 170.1354, 237.78, 95.59, 29.975, 63.17, 125.7, 62.9839, 87.45, , , , , 
1/31/2020 1:52:54 PM, 3224.75, 9006.5, 1614.1, 321.945, 219.265, 160.53, 311.5934, 170.15, 237.8265, 95.59, 29.98, 63.18, 125.7, 62.9839, 87.45, , , , , 
1/31/2020 1:52:57 PM, 3225, 9006.25, 1614.1, 321.9195, 219.28, 160.53, 311.595, 170.1546, 237.75, 95.59, 29.9756, 63.18, 125.69, 62.9839, 87.45, , , , , 
1/31/2020 1:53:00 PM, 3225, 9006.25, 1614.1, 321.94, 219.28, 160.52, 311.595, 170.1454, 237.83, 95.605, 29.975, 63.175, 125.7062, 62.9839, 87.45, , , , , 
1/31/2020 1:53:03 PM, 3225.25, 9007.5, 1614.2, 321.9737, 219.29, 160.53, 311.625, 170.15, 237.83, 95.6, 29.975, 63.175, 125.7062, 62.9839, 87.455, , , , , 
1/31/2020 1:53:06 PM, 3225.25, 9007.5, 1614.2, 321.97, 219.2678, 160.53, 311.6, 170.155, 237.8, 95.61, 29.975, 63.175, 125.7062, 62.9839, 87.455, , , , , 
1/31/2020 1:53:09 PM, 3225.25, 9007.25, 1614.3, 321.95, 219.27, 160.53, 311.6012, 170.155, 237.82, 95.61, 29.975, 63.175, 125.7062, 62.9839, 87.455, , , , , 
1/31/2020 1:53:12 PM, 3225.25, 9007.25, 1614.3, 321.98, 219.297, 160.52, 311.5558, 170.16, 237.87, 95.61, 29.98, 63.19, 125.73, 62.9839, 87.45, , , , , 
1/31/2020 1:53:15 PM, 3224.75, 9005.75, 1614, 321.94, 219.26, 160.51, 311.468, 170.15, 237.79, 95.6, 29.985, 63.18, 125.71, 62.9839, 87.45, , , , , 
1/31/2020 1:53:18 PM, 3224.75, 9005.75, 1614, 321.905, 219.25, 160.51, 311.4, 170.14, 237.76, 95.59, 29.98, 63.18, 125.7, 62.9839, 87.445, , , , , 
1/31/2020 1:53:21 PM, 3224.75, 9005, 1614.1, 321.94, 219.2599, 160.52, 311.4552, 170.14, 237.76, 95.59, 29.98, 63.18, 125.7, 62.9839, 87.4499, , , , , 
1/31/2020 1:53:24 PM, 3224.75, 9005, 1614.1, 321.93, 219.25, 160.52, 311.44, 170.135, 237.8, 95.59, 29.98, 63.18, 125.7, 62.9839, 87.44, , , , , 
1/31/2020 1:53:27 PM, 3225.25, 9006.75, 1614.3, 321.92, 219.28, 160.52, 311.485, 170.155, 237.8, 95.59, 29.98, 63.18, 125.69, 62.9839, 87.43, , , , , 
1/31/2020 1:53:30 PM, 3225.25, 9006.75, 1614.3, 321.98, 219.28, 160.53, 311.5406, 170.16, 237.8, 95.61, 29.9844, 63.19, 125.71, 62.9839, 87.435, , , , , 
1/31/2020 1:53:33 PM, 3226.5, 9011, 1614.8, 322.065, 219.34, 160.58, 311.685, 170.21, 237.97, 95.64, 29.99, 63.205, 125.75, 62.9839, 87.44, , , , , 
1/31/2020 1:53:36 PM, 3226.5, 9011, 1614.8, 322.13, 219.43, 160.59, 311.9, 170.3, 238.1092, 95.65, 30, 63.21, 125.77, 62.9839, 87.44, , , , , 
1/31/2020 1:53:39 PM, 3227.5, 9014.75, 1615.1, 322.15, 219.43, 160.6, 311.92, 170.275, 238.09, 95.685, 30, 63.21, 125.78, 62.9839, 87.455, , , , , 
1/31/2020 1:53:42 PM, 3227.5, 9014.75, 1615.1, 322.19, 219.45, 160.62, 311.95, 170.3, 238.15, 95.7, 30, 63.22, 125.81, 62.9839, 87.455, , , , , 
1/31/2020 1:53:45 PM, 3227.25, 9014.25, 1615.3, 322.18, 219.44, 160.61, 311.9501, 170.2867, 238.105, 95.7, 30.005, 63.22, 125.81, 62.9839, 87.455, , , , , 
1/31/2020 1:53:48 PM, 3227.25, 9014.25, 1615.3, 322.18, 219.45, 160.64, 311.96, 170.29, 238.0601, 95.7, 30.005, 63.22, 125.81, 62.9839, 87.455, , , , , 
1/31/2020 1:53:51 PM, 3227.5, 9015, 1615.4, 322.175, 219.45, 160.625, 311.96, 170.34, 238.14, 95.69, 30.005, 63.22, 125.79, 62.9839, 87.455, , , , , 
1/31/2020 1:53:54 PM, 3227.5, 9015, 1615.4, 322.21, 219.48, 160.635, 311.9551, 170.3541, 238.14, 95.7, 30.005, 63.22, 125.79, 62.9839, 87.455, , , , , 
1/31/2020 1:53:57 PM, 3227.5, 9014.75, 1615.4, 322.24, 219.47, 160.65, 311.91, 170.3443, 238.1225, 95.7101, 30.005, 63.225, 125.81, 62.9839, 87.46, , , , , 
1/31/2020 1:54:00 PM, 3227.5, 9014.75, 1615.4, 322.22, 219.4864, 160.65, 311.97, 170.3413, 238.1225, 95.7, 30.005, 63.22, 125.81, 62.9839, 87.46, , , , , 
1/31/2020 1:54:03 PM, 3227.75, 9015.25, 1615.7, 322.21, 219.5, 160.66, 311.9998, 170.3671, 238.1264, 95.715, 30.0068, 63.22, 125.81, 62.9839, 87.46, , , , , 
1/31/2020 1:54:06 PM, 3228, 9015.5, 1615.7, 322.245, 219.5001, 160.68, 312, 170.36, 238.1778, 95.72, 30.005, 63.22, 125.81, 63.045, 87.46, , , , , 
1/31/2020 1:54:09 PM, 3227.5, 9014.25, 1615.5, 322.245, 219.4946, 160.68, 312, 170.33, 238.16, 95.72, 30.005, 63.22, 125.81, 63.045, 87.46, , , , , 
1/31/2020 1:54:12 PM, 3227.25, 9014, 1615.4, 322.19, 219.46, 160.6519, 311.91, 170.3025, 238.08, 95.69, 30, 63.22, 125.8, 63.0575, 87.46, , , , , 
1/31/2020 1:54:15 PM, 3226.75, 9013, 1615.2, 322.19, 219.46, 160.6519, 311.82, 170.281, 238.0587, 95.69, 30, 63.22, 125.8, 63.0575, 87.46, , , , , 
1/31/2020 1:54:18 PM, 3226.5, 9011.25, 1614.9, 322.12, 219.44, 160.62, 311.84, 170.3, 238.0587, 95.66, 29.99, 63.215, 125.76, 63.0575, 87.455, , , , , 
1/31/2020 1:54:22 PM, 3226.75, 9012.25, 1615.1, 322.12, 219.4033, 160.62, 311.77, 170.3, 237.94, 95.66, 29.99, 63.215, 125.76, 63.0575, 87.455, , , , , 
1/31/2020 1:54:25 PM, 3227, 9012.25, 1615.2, 322.1501, 219.425, 160.63, 311.82, 170.31, 238, 95.68, 30, 63.22, 125.78, 63.0575, 87.455, , , , , 
1/31/2020 1:54:28 PM, 3227, 9012, 1615.3, 322.1501, 219.43, 160.63, 311.808, 170.3, 237.96, 95.68, 30, 63.22, 125.78, 63.0575, 87.455, , , , , 
1/31/2020 1:54:31 PM, 3227.5, 9013.5, 1615.5, 322.21, 219.45, 160.66, 311.8, 170.32, 238, 95.69, 30.01, 63.22, 125.81, 63.0575, 87.46, , , , , 
1/31/2020 1:54:34 PM, 3227.5, 9014.25, 1615.7, 322.21, 219.47, 160.66, 311.79, 170.33, 238.09, 95.69, 30.01, 63.22, 125.81, 63.0575, 87.46, , , , , 
1/31/2020 1:54:37 PM, 3227.5, 9013.25, 1615.6, 322.21, 219.46, 160.66, 311.7584, 170.31, 238.0583, 95.68, 30.005, 63.22, 125.82, 63.0575, 87.46, , , , , 
1/31/2020 1:54:40 PM, 3227.5, 9013.5, 1615.6, 322.21, 219.45, 160.66, 311.75, 170.31, 238.09, 95.68, 30.005, 63.22, 125.82, 63.0575, 87.46, , , , , 
1/31/2020 1:54:43 PM, 3227.5, 9013, 1615.5, 322.21, 219.44, 160.665, 311.7492, 170.31, 238.065, 95.6862, 30.0027, 63.22, 125.82, 63.0575, 87.46, , , , , 
1/31/2020 1:54:46 PM, 3227.25, 9013.25, 1615.6, 322.21, 219.44, 160.665, 311.74, 170.28, 238.025, 95.6862, 30.0027, 63.22, 125.82, 63.0575, 87.46, , , , , 
1/31/2020 1:54:49 PM, 3227, 9012, 1615.5, 322.19, 219.425, 160.65, 311.7431, 170.28, 238.0126, 95.6771, 30.005, 63.225, 125.81, 63.0575, 87.455, , , , , 
1/31/2020 1:54:52 PM, 3227.25, 9012.5, 1615.5, 322.19, 219.43, 160.65, 311.7494, 170.28, 238.0101, 95.6771, 30.005, 63.225, 125.81, 63.0575, 87.455, , , , , 
1/31/2020 1:54:55 PM, 3227.25, 9012.5, 1615.5, 322.17, 219.42, 160.65, 311.78, 170.2746, 238.0305, 95.68, 30.005, 63.22, 125.7836, 63.0575, 87.455, , , , , 
1/31/2020 1:54:58 PM, 3227.25, 9012.75, 1615.4, 322.17, 219.42, 160.65, 311.77, 170.26, 238.0305, 95.68, 30.005, 63.22, 125.7836, 63.0575, 87.455, , , , , 
1/31/2020 1:55:01 PM, 3227.25, 9013, 1615.4, 322.18, 219.4332, 160.65, 311.7876, 170.2601, 238.0238, 95.69, 30.005, 63.225, 125.79, 63.0607, 87.455, , , , , 
1/31/2020 1:55:04 PM, 3227.5, 9014, 1615.4, 322.18, 219.445, 160.65, 311.85, 170.265, 238.0547, 95.69, 30.005, 63.225, 125.79, 63.0607, 87.455, , , , , 
1/31/2020 1:55:07 PM, 3228, 9015.25, 1615.6, 322.2789, 219.48, 160.665, 311.8559, 170.29, 238.11, 95.72, 30.01, 63.235, 125.81, 63.0607, 87.46, , , , , 
1/31/2020 1:55:10 PM, 3228.25, 9017, 1615.8, 322.2789, 219.5, 160.665, 311.963, 170.33, 238.12, 95.72, 30.01, 63.235, 125.81, 63.0607, 87.46, , , , , 
1/31/2020 1:55:13 PM, 3228.25, 9016, 1615.8, 322.29, 219.535, 160.675, 312.11, 170.3455, 238.16, 95.73, 30.02, 63.24, 125.83, 63.0607, 87.455, , , , , 
1/31/2020 1:55:16 PM, 3228.5, 9017.75, 1616, 322.29, 219.53, 160.675, 312.0726, 170.35, 238.16, 95.73, 30.02, 63.24, 125.83, 63.0607, 87.455, , , , , 
1/31/2020 1:55:19 PM, 3228.75, 9018.5, 1615.9, 322.34, 219.58, 160.68, 312.19, 170.33, 238.2, 95.74, 30.02, 63.24, 125.85, 63.0607, 87.46, , , , , 
1/31/2020 1:55:22 PM, 3229, 9020.25, 1616.1, 322.34, 219.561, 160.68, 312.1501, 170.3162, 238.27, 95.74, 30.02, 63.24, 125.85, 63.0607, 87.46, , , , , 
1/31/2020 1:55:25 PM, 3228.75, 9020.25, 1616.3, 322.36, 219.59, 160.73, 312.23, 170.35, 238.27, 95.75, 30.02, 63.25, 125.87, 63.0607, 87.46, , , , , 
1/31/2020 1:55:28 PM, 3229, 9021, 1616.4, 322.36, 219.61, 160.73, 312.1901, 170.35, 238.26, 95.75, 30.02, 63.25, 125.87, 63.0607, 87.46, , , , , 
1/31/2020 1:55:31 PM, 3228.5, 9019.25, 1615.9, 322.3301, 219.5799, 160.7, 312.15, 170.3116, 238.2366, 95.74, 30.02, 63.2494, 125.86, 63.0607, 87.47, , , , , 
1/31/2020 1:55:34 PM, 3228.5, 9019, 1615.8, 322.3301, 219.58, 160.7, 312.1447, 170.3286, 238.22, 95.74, 30.02, 63.2494, 125.86, 63.0607, 87.47, , , , , 
1/31/2020 1:55:37 PM, 3228.75, 9019, 1615.8, 322.32, 219.58, 160.7, 312.15, 170.34, 238.22, 95.74, 30.02, 63.24, 125.86, 63.0607, 87.465, , , , , 
1/31/2020 1:55:40 PM, 3228.25, 9018, 1615.6, 322.32, 219.57, 160.7, 312.18, 170.32, 238.1992, 95.74, 30.02, 63.24, 125.86, 63.0607, 87.465, , , , , 
1/31/2020 1:55:43 PM, 3228.25, 9017.75, 1615.6, 322.29, 219.56, 160.67, 312.13, 170.33, 238.175, 95.73, 30.01, 63.24, 125.85, 63.0607, 87.465, , , , , 
1/31/2020 1:55:46 PM, 3228, 9018, 1615.7, 322.29, 219.55, 160.67, 312.08, 170.32, 238.2112, 95.73, 30.01, 63.24, 125.85, 63.0607, 87.465, , , , , 
1/31/2020 1:55:49 PM, 3228.25, 9018, 1615.7, 322.29, 219.54, 160.66, 312.07, 170.3022, 238.145, 95.7299, 30.01, 63.24, 125.84, 63.0703, 87.465, , , , , 
1/31/2020 1:55:52 PM, 3228.25, 9018, 1615.7, 322.29, 219.5421, 160.66, 312.11, 170.33, 238.145, 95.7299, 30.01, 63.24, 125.84, 63.0703, 87.465, , , , , 
1/31/2020 1:55:55 PM, 3228, 9018, 1615.7, 322.27, 219.5421, 160.67, 312.0718, 170.33, 238.145, 95.7299, 30.005, 63.24, 125.84, 63.0703, 87.455, , , , , 
1/31/2020 1:55:58 PM, 3228.25, 9018.25, 1615.7, 322.27, 219.56, 160.67, 312.04, 170.345, 238.19, 95.7299, 30.005, 63.24, 125.84, 63.0703, 87.455, , , , , 
1/31/2020 1:56:01 PM, 3227.75, 9017, 1615.4, 322.28, 219.55, 160.65, 312.102, 170.345, 238.15, 95.73, 30.01, 63.24, 125.825, 63.0703, 87.455, , , , , 
1/31/2020 1:56:04 PM, 3228, 9018, 1615.5, 322.28, 219.55, 160.65, 312.08, 170.3362, 238.1, 95.73, 30.01, 63.24, 125.825, 63.0703, 87.455, , , , , 
1/31/2020 1:56:07 PM, 3228, 9016.75, 1615.5, 322.24, 219.54, 160.65, 312.07, 170.34, 238.11, 95.72, 30.0087, 63.235, 125.81, 63.0703, 87.455, , , , , 
1/31/2020 1:56:10 PM, 3227.25, 9014.5, 1615.2, 322.24, 219.51, 160.65, 312, 170.32, 238.0803, 95.72, 30.0087, 63.235, 125.81, 63.0703, 87.455, , , , , 
1/31/2020 1:56:13 PM, 3227.25, 9014.75, 1615.3, 322.22, 219.48, 160.64, 311.9375, 170.3077, 238.0199, 95.7066, 30, 63.235, 125.8, 63.0703, 87.455, , , , , 
1/31/2020 1:56:16 PM, 3227.25, 9014.75, 1615.2, 322.2, 219.49, 160.64, 311.9101, 170.33, 238.06, 95.7, 30, 63.23, 125.8, 63.0703, 87.455, , , , , 
1/31/2020 1:56:19 PM, 3227.75, 9015.5, 1615.3, 322.23, 219.49, 160.65, 311.9101, 170.33, 238.06, 95.7133, 30, 63.24, 125.81, 63.0703, 87.45, , , , , 
1/31/2020 1:56:22 PM, 3227.5, 9015.5, 1615.4, 322.21, 219.51, 160.65, 311.95, 170.32, 238.035, 95.71, 30, 63.24, 125.81, 63.0703, 87.45, , , , , 
1/31/2020 1:56:26 PM, 3227.75, 9015.75, 1615.5, 322.23, 219.51, 160.66, 311.95, 170.32, 238.035, 95.71, 30, 63.235, 125.81, 63.0703, 87.45, , , , , 
1/31/2020 1:56:29 PM, 3227.5, 9015.25, 1615.5, 322.22, 219.46, 160.66, 311.9201, 170.32, 238.035, 95.71, 30.005, 63.235, 125.8, 63.0703, 87.45, , , , , 
1/31/2020 1:56:32 PM, 3227.25, 9014, 1615.5, 322.2, 219.46, 160.64, 311.9201, 170.32, 238.035, 95.705, 30.0041, 63.235, 125.8, 63.0703, 87.45, , , , , 
1/31/2020 1:56:35 PM, 3227.25, 9014.5, 1615.2, 322.2, 219.46, 160.64, 311.8023, 170.32, 238.055, 95.705, 30.005, 63.235, 125.8, 63.0703, 87.45, , , , , 
1/31/2020 1:56:38 PM, 3227.25, 9014.25, 1615.4, 322.195, 219.46, 160.6402, 311.8023, 170.32, 238.055, 95.7046, 30.005, 63.23, 125.79, 63.0607, 87.45, , , , , 
1/31/2020 1:56:41 PM, 3227.5, 9015, 1615.4, 322.21, 219.47, 160.66, 311.88, 170.33, 238.065, 95.71, 30.005, 63.23, 125.79, 63.0607, 87.45, , , , , 
1/31/2020 1:56:44 PM, 3227.5, 9014.5, 1615.5, 322.21, 219.47, 160.66, 311.88, 170.33, 238.065, 95.71, 30.005, 63.235, 125.79, 63.0607, 87.455, , , , , 
1/31/2020 1:56:47 PM, 3227, 9013.5, 1615.2, 322.18, 219.46, 160.66, 311.8, 170.3222, 238.01, 95.695, 30.005, 63.235, 125.79, 63.0607, 87.455, , , , , 
1/31/2020 1:56:50 PM, 3227.25, 9014.25, 1615.2, 322.19, 219.46, 160.66, 311.8, 170.3222, 238.01, 95.7, 30, 63.235, 125.79, 63.0607, 87.455, , , , , 
1/31/2020 1:56:53 PM, 3227.25, 9014.75, 1615.2, 322.21, 219.46, 160.625, 311.845, 170.3458, 238.105, 95.71, 30, 63.235, 125.79, 63.0607, 87.455, , , , , 
1/31/2020 1:56:56 PM, 3227.5, 9015.25, 1615.2, 322.205, 219.46, 160.63, 311.845, 170.3458, 238.105, 95.71, 30, 63.235, 125.79, 63.0607, 87.455, , , , , 
1/31/2020 1:56:59 PM, 3227.5, 9015, 1615.2, 322.21, 219.48, 160.63, 311.8, 170.3417, 238.08, 95.71, 30.005, 63.235, 125.8, 63.0607, 87.45, , , , , 
1/31/2020 1:57:02 PM, 3227, 9014.25, 1614.9, 322.19, 219.48, 160.615, 311.8, 170.3417, 238.08, 95.7, 30, 63.225, 125.79, 63.0607, 87.45, , , , , 
1/31/2020 1:57:05 PM, 3227.5, 9016, 1615.5, 322.21, 219.49, 160.66, 311.8999, 170.355, 238.15, 95.72, 30.005, 63.225, 125.79, 63.0607, 87.45, , , , , 
1/31/2020 1:57:08 PM, 3227.5, 9015, 1615.4, 322.215, 219.49, 160.652, 311.8999, 170.355, 238.15, 95.72, 30.005, 63.23, 125.79, 63.0607, 87.46, , , , , 
1/31/2020 1:57:11 PM, 3227.5, 9016.25, 1615.5, 322.23, 219.51, 160.67, 311.9899, 170.39, 238.23, 95.73, 30.01, 63.22, 125.81, 63.0607, 87.47, , , , , 
1/31/2020 1:57:14 PM, 3227.5, 9016, 1615.6, 322.23, 219.51, 160.67, 311.9899, 170.39, 238.23, 95.73, 30.01, 63.22, 125.81, 63.0607, 87.47, , , , , 
1/31/2020 1:57:17 PM, 3227.75, 9016.75, 1615.7, 322.25, 219.52, 160.68, 311.9462, 170.38, 238.2668, 95.74, 30.01, 63.22, 125.82, 63.0607, 87.48, , , , , 
1/31/2020 1:57:20 PM, 3227.75, 9017, 1615.7, 322.26, 219.52, 160.685, 311.9462, 170.38, 238.2668, 95.74, 30.01, 63.22, 125.82, 63.0607, 87.48, , , , , 
1/31/2020 1:57:23 PM, 3227.75, 9015.75, 1615.7, 322.22, 219.51, 160.68, 311.97, 170.4, 238.2, 95.73, 30.015, 63.22, 125.81, 63.0607, 87.48, , , , , 
1/31/2020 1:57:26 PM, 3227.75, 9015.75, 1615.6, 322.25, 219.51, 160.68, 311.97, 170.4, 238.2, 95.73, 30.01, 63.23, 125.81, 63.0607, 87.47, , , , , 
1/31/2020 1:57:29 PM, 3228.5, 9018.5, 1616, 322.33, 219.6, 160.73, 312.06, 170.44, 238.3699, 95.76, 30.02, 63.25, 125.835, 63.0607, 87.48, , , , , 
1/31/2020 1:57:32 PM, 3228.75, 9019, 1616.1, 322.32, 219.6, 160.72, 312.06, 170.44, 238.3699, 95.7604, 30.0112, 63.2412, 125.83, 63.0671, 87.48, , , , , 
1/31/2020 1:57:35 PM, 3228.5, 9019, 1615.9, 322.315, 219.58, 160.72, 312.12, 170.4211, 238.335, 95.7664, 30.0112, 63.24, 125.84, 63.0671, 87.4864, , , , , 
1/31/2020 1:57:38 PM, 3228.5, 9018.5, 1615.9, 322.3001, 219.58, 160.72, 312.12, 170.4211, 238.335, 95.76, 30.015, 63.24, 125.84, 63.0671, 87.48, , , , , 
1/31/2020 1:57:41 PM, 3228.75, 9019, 1615.9, 322.31, 219.58, 160.7001, 312.12, 170.43, 238.305, 95.76, 30.015, 63.245, 125.84, 63.0671, 87.48, , , , , 
1/31/2020 1:57:44 PM, 3228.5, 9018.75, 1615.9, 322.32, 219.58, 160.7, 312.12, 170.43, 238.305, 95.76, 30.015, 63.24, 125.84, 63.0671, 87.48, , , , , 
1/31/2020 1:57:47 PM, 3228.75, 9019.5, 1616.1, 322.35, 219.59, 160.71, 312.12, 170.4532, 238.305, 95.77, 30.025, 63.24, 125.84, 63.0671, 87.48, , , , , 
1/31/2020 1:57:50 PM, 3228.75, 9018.5, 1615.9, 322.34, 219.59, 160.7124, 312.12, 170.4532, 238.305, 95.76, 30.02, 63.24, 125.84, 63.0671, 87.48, , , , , 
1/31/2020 1:57:53 PM, 3229.5, 9021.5, 1616.3, 322.42, 219.64, 160.74, 312.3095, 170.48, 238.39, 95.8, 30.03, 63.24, 125.85, 63.0671, 87.48, , , , , 
1/31/2020 1:57:56 PM, 3229.75, 9022, 1616.3, 322.43, 219.64, 160.74, 312.3095, 170.48, 238.39, 95.8, 30.03, 63.25, 125.87, 63.0671, 87.48, , , , , 
1/31/2020 1:57:59 PM, 3230, 9022.25, 1616.3, 322.43, 219.634, 160.74, 312.31, 170.5, 238.39, 95.8, 30.0317, 63.25, 125.87, 63.0671, 87.48, , , , , 
1/31/2020 1:58:02 PM, 3229.5, 9021.5, 1616.1, 322.395, 219.634, 160.72, 312.31, 170.5, 238.39, 95.7954, 30.03, 63.25, 125.85, 63.0671, 87.48, , , , , 
1/31/2020 1:58:05 PM, 3229.5, 9021.25, 1616.1, 322.41, 219.6353, 160.72, 312.33, 170.4899, 238.3888, 95.8, 30.03, 63.25, 125.85, 63.0671, 87.48, , , , , 
1/31/2020 1:58:08 PM, 3229, 9019.25, 1615.8, 322.36, 219.6353, 160.7, 312.33, 170.4899, 238.3888, 95.78, 30.03, 63.245, 125.85, 63.0671, 87.4799, , , , , 
1/31/2020 1:58:11 PM, 3228.75, 9018, 1615.5, 322.33, 219.58, 160.67, 312.2348, 170.45, 238.308, 95.7639, 30.03, 63.24, 125.81, 63.0671, 87.47, , , , , 
1/31/2020 1:58:14 PM, 3229, 9019, 1615.5, 322.3502, 219.565, 160.67, 312.21, 170.4667, 238.308, 95.77, 30.025, 63.235, 125.8245, 63.0671, 87.47, , , , , 
1/31/2020 1:58:17 PM, 3229, 9019, 1615.5, 322.35, 219.58, 160.67, 312.24, 170.465, 238.36, 95.77, 30.02, 63.235, 125.82, 63.0671, 87.47, , , , , 
1/31/2020 1:58:20 PM, 3229.75, 9021, 1615.9, 322.39, 219.62, 160.68, 312.325, 170.49, 238.37, 95.78, 30.02, 63.235, 125.83, 63.0671, 87.47, , , , , 
1/31/2020 1:58:23 PM, 3229.75, 9021, 1615.9, 322.4221, 219.63, 160.7, 312.28, 170.51, 238.38, 95.79, 30.03, 63.25, 125.84, 63.0671, 87.47, , , , , 
1/31/2020 1:58:26 PM, 3229.25, 9019.75, 1615.9, 322.42, 219.6, 160.7, 312.3, 170.49, 238.38, 95.8, 30.03, 63.25, 125.84, 63.0671, 87.47, , , , , 
1/31/2020 1:58:29 PM, 3229.25, 9019.75, 1615.9, 322.39, 219.6, 160.7, 312.327, 170.51, 238.32, 95.79, 30.025, 63.2486, 125.84, 63.0671, 87.47, , , , , 
1/31/2020 1:58:33 PM, 3229.5, 9020.25, 1615.9, 322.41, 219.625, 160.7, 312.4, 170.5187, 238.32, 95.79, 30.025, 63.2486, 125.84, 63.0671, 87.47, , , , , 
1/31/2020 1:58:36 PM, 3229.5, 9020.25, 1615.9, 322.41, 219.62, 160.71, 312.34, 170.52, 238.3, 95.8, 30.025, 63.245, 125.8479, 63.0671, 87.47, , , , , 
1/31/2020 1:58:39 PM, 3229.75, 9021, 1616.1, 322.43, 219.63, 160.73, 312.375, 170.5254, 238.31, 95.8, 30.03, 63.245, 125.85, 63.0671, 87.47, , , , , 
1/31/2020 1:58:42 PM, 3229.75, 9021, 1616.1, 322.425, 219.64, 160.73, 312.3891, 170.5244, 238.31, 95.8, 30.03, 63.25, 125.85, 63.0671, 87.47, , , , , 
1/31/2020 1:58:45 PM, 3229.5, 9020.5, 1616, 322.41, 219.62, 160.71, 312.39, 170.515, 238.26, 95.8, 30.035, 63.25, 125.845, 63.0671, 87.47, , , , , 
1/31/2020 1:58:48 PM, 3229.5, 9020.5, 1616, 322.43, 219.63, 160.71, 312.4676, 170.52, 238.23, 95.8, 30.022, 63.25, 125.8446, 63.0671, 87.47, , , , , 
1/31/2020 1:58:51 PM, 3229.5, 9021.5, 1616, 322.4346, 219.635, 160.71, 312.471, 170.53, 238.23, 95.8, 30.03, 63.25, 125.8446, 63.0671, 87.47, , , , , 
1/31/2020 1:58:54 PM, 3229.5, 9021.5, 1616, 322.435, 219.64, 160.71, 312.4501, 170.525, 238.23, 95.8021, 30.0268, 63.25, 125.8446, 63.0671, 87.47, , , , , 
1/31/2020 1:58:57 PM, 3229.75, 9021.25, 1616.1, 322.43, 219.65, 160.71, 312.3901, 170.53, 238.23, 95.8021, 30.03, 63.25, 125.855, 63.0671, 87.47, , , , , 
1/31/2020 1:59:00 PM, 3229.75, 9021.25, 1616.1, 322.45, 219.6421, 160.72, 312.42, 170.5283, 238.3, 95.81, 30.03, 63.26, 125.86, 63.0671, 87.47, , , , , 
1/31/2020 1:59:03 PM, 3230, 9021.75, 1616, 322.4577, 219.648, 160.72, 312.455, 170.5283, 238.3, 95.81, 30.03, 63.26, 125.86, 63.0671, 87.47, , , , , 
1/31/2020 1:59:06 PM, 3230, 9021.75, 1616, 322.45, 219.64, 160.72, 312.46, 170.53, 238.3, 95.81, 30.0301, 63.26, 125.85, 63.0671, 87.47, , , , , 
1/31/2020 1:59:09 PM, 3229.75, 9021.5, 1616.1, 322.46, 219.64, 160.72, 312.464, 170.5301, 238.3, 95.81, 30.035, 63.255, 125.85, 63.0671, 87.47, , , , , 
1/31/2020 1:59:12 PM, 3229.75, 9021.5, 1616.1, 322.45, 219.64, 160.71, 312.4732, 170.5354, 238.33, 95.8073, 30.035, 63.255, 125.85, 63.0671, 87.47, , , , , 
1/31/2020 1:59:15 PM, 3230, 9022.25, 1616.2, 322.45, 219.657, 160.725, 312.42, 170.5399, 238.33, 95.81, 30.035, 63.26, 125.87, 63.0671, 87.47, , , , , 
1/31/2020 1:59:18 PM, 3230, 9021.5, 1616.1, 322.46, 219.65, 160.71, 312.4238, 170.5334, 238.292, 95.81, 30.035, 63.255, 125.87, 63.0671, 87.47, , , , , 
1/31/2020 1:59:21 PM, 3229.75, 9021.25, 1616.1, 322.43, 219.63, 160.71, 312.415, 170.52, 238.292, 95.7933, 30.03, 63.255, 125.85, 63.1375, 87.47, , , , , 
1/31/2020 1:59:24 PM, 3229.75, 9021.25, 1616.1, 322.46, 219.64, 160.725, 312.3942, 170.54, 238.2672, 95.8, 30.035, 63.255, 125.85, 63.1375, 87.48, , , , , 
1/31/2020 1:59:27 PM, 3230, 9021, 1616.1, 322.45, 219.64, 160.72, 312.41, 170.54, 238.2881, 95.8, 30.035, 63.26, 125.85, 63.1375, 87.48, , , , , 
1/31/2020 1:59:30 PM, 3230, 9021, 1616, 322.4518, 219.64, 160.72, 312.3863, 170.55, 238.2881, 95.7999, 30.035, 63.26, 125.86, 63.1375, 87.48, , , , , 
1/31/2020 1:59:33 PM, 3229.75, 9020.25, 1615.9, 322.44, 219.61, 160.71, 312.3229, 170.55, 238.257, 95.8, 30.03, 63.26, 125.86, 63.1375, 87.48, , , , , 
1/31/2020 1:59:36 PM, 3229.5, 9020.25, 1615.9, 322.42, 219.61, 160.71, 312.31, 170.5283, 238.255, 95.79, 30.0332, 63.26, 125.86, 63.1375, 87.48, , , , , 
1/31/2020 1:59:39 PM, 3230.25, 9022, 1616.2, 322.47, 219.6636, 160.73, 312.42, 170.56, 238.33, 95.8, 30.035, 63.26, 125.87, 63.1375, 87.48, , , , , 
1/31/2020 1:59:42 PM, 3230, 9021.75, 1616.1, 322.46, 219.6636, 160.72, 312.45, 170.56, 238.33, 95.805, 30.035, 63.26, 125.87, 63.1375, 87.48, , , , , 
1/31/2020 1:59:45 PM, 3229.75, 9020.75, 1616, 322.455, 219.6636, 160.7123, 312.3947, 170.548, 238.33, 95.81, 30.0339, 63.26, 125.87, 63.1375, 87.48, , , , , 
1/31/2020 1:59:48 PM, 3229.5, 9019.5, 1615.9, 322.4, 219.6, 160.7, 312.3224, 170.52, 238.25, 95.79, 30.03, 63.255, 125.85, 63.1375, 87.48, , , , , 
1/31/2020 1:59:51 PM, 3229.75, 9020.75, 1615.9, 322.427, 219.63, 160.705, 312.4699, 170.53, 238.25, 95.79, 30.03, 63.255, 125.8533, 63.1375, 87.48, , , , , 
1/31/2020 1:59:54 PM, 3229.75, 9021.25, 1616, 322.44, 219.64, 160.71, 312.49, 170.55, 238.33, 95.81, 30.03, 63.255, 125.86, 63.1375, 87.48, , , , , 
1/31/2020 1:59:57 PM, 3229.75, 9022, 1616, 322.4411, 219.65, 160.71, 312.51, 170.59, 238.32, 95.81, 30.03, 63.255, 125.87, 63.1375, 87.48, , , , , 
1/31/2020 2:00:00 PM, 3230, 9022.25, 1616.2, 322.47, 219.66, 160.72, 312.5467, 170.59, 238.34, 95.81, 30.0332, 63.26, 125.87, 63.1375, 87.48, , , , , 
1/31/2020 2:00:03 PM, 3230, 9022.5, 1616.3, 322.48, 219.675, 160.73, 312.5783, 170.6, 238.36, 95.825, 30.035, 63.26, 125.88, 63.1375, 87.48, , , , , 
1/31/2020 2:00:06 PM, 3230.5, 9023.75, 1616.3, 322.49, 219.7, 160.735, 312.63, 170.61, 238.395, 95.83, 30.035, 63.265, 125.89, 63.1375, 87.48, , , , , 
1/31/2020 2:00:09 PM, 3230.25, 9024, 1616.2, 322.5, 219.695, 160.74, 312.65, 170.61, 238.43, 95.83, 30.04, 63.265, 125.885, 63.1375, 87.48, , , , , 
1/31/2020 2:00:12 PM, 3230.5, 9024.75, 1616.2, 322.52, 219.7, 160.74, 312.657, 170.6, 238.39, 95.84, 30.035, 63.265, 125.885, 63.1375, 87.48, , , , , 
1/31/2020 2:00:15 PM, 3231, 9026.25, 1616.5, 322.55, 219.77, 160.75, 312.67, 170.62, 238.4996, 95.84, 30.04, 63.27, 125.91, 63.1375, 87.48, , , , , 
1/31/2020 2:00:18 PM, 3231.5, 9027.25, 1616.5, 322.6, 219.78, 160.78, 312.765, 170.6301, 238.55, 95.87, 30.04, 63.27, 125.93, 63.1375, 87.49, , , , , 
1/31/2020 2:00:21 PM, 3231.75, 9027.5, 1616.5, 322.61, 219.79, 160.76, 312.74, 170.65, 238.4853, 95.86, 30.04, 63.28, 125.92, 63.1375, 87.4911, , , , , 
1/31/2020 2:00:24 PM, 3231.75, 9027, 1616.4, 322.58, 219.79, 160.74, 312.75, 170.64, 238.5585, 95.86, 30.04, 63.26, 125.91, 63.1375, 87.49, , , , , 
1/31/2020 2:00:27 PM, 3231.5, 9026.75, 1616.2, 322.58, 219.78, 160.74, 312.78, 170.665, 238.53, 95.86, 30.04, 63.26, 125.91, 63.1375, 87.49, , , , , 
1/31/2020 2:00:30 PM, 3231.25, 9026.25, 1616.2, 322.57, 219.76, 160.73, 312.75, 170.68, 238.45, 95.86, 30.045, 63.265, 125.9, 63.1375, 87.49, , , , , 
1/31/2020 2:00:33 PM, 3231, 9026, 1616.2, 322.57, 219.75, 160.73, 312.7596, 170.6746, 238.44, 95.86, 30.045, 63.265, 125.9, 63.1375, 87.49, , , , , 
1/31/2020 2:00:36 PM, 3231, 9025.75, 1616.1, 322.61, 219.76, 160.74, 312.79, 170.68, 238.44, 95.8795, 30.05, 63.27, 125.89, 63.1375, 87.49, , , , , 
1/31/2020 2:00:40 PM, 3231.5, 9027.25, 1616.2, 322.61, 219.78, 160.74, 312.79, 170.7, 238.4275, 95.8795, 30.05, 63.27, 125.89, 63.1375, 87.49, , , , , 
1/31/2020 2:00:43 PM, 3232, 9028, 1616.5, 322.65, 219.81, 160.76, 312.75, 170.72, 238.57, 95.88, 30.05, 63.28, 125.91, 63.1375, 87.495, , , , , 
1/31/2020 2:00:46 PM, 3232, 9026.75, 1616.4, 322.65, 219.77, 160.76, 312.78, 170.69, 238.54, 95.88, 30.05, 63.28, 125.91, 63.1375, 87.495, , , , , 
1/31/2020 2:00:49 PM, 3232, 9026.75, 1616.3, 322.62, 219.77, 160.74, 312.745, 170.68, 238.54, 95.87, 30.05, 63.28, 125.89, 63.1375, 87.49, , , , , 
1/31/2020 2:00:52 PM, 3231.5, 9025.5, 1616.1, 322.62, 219.75, 160.74, 312.7102, 170.6546, 238.4745, 95.87, 30.05, 63.28, 125.89, 63.1375, 87.49, , , , , 
1/31/2020 2:00:55 PM, 3231.75, 9026.5, 1616.2, 322.64, 219.76, 160.74, 312.77, 170.67, 238.4745, 95.87, 30.05, 63.28, 125.9, 63.1375, 87.485, , , , , 
1/31/2020 2:00:58 PM, 3232, 9027, 1616.3, 322.64, 219.785, 160.74, 312.8196, 170.71, 238.4321, 95.87, 30.05, 63.28, 125.9, 63.1375, 87.485, , , , , 
1/31/2020 2:01:01 PM, 3232, 9027.5, 1616.2, 322.6535, 219.79, 160.74, 312.78, 170.72, 238.4321, 95.89, 30.055, 63.28, 125.905, 63.1375, 87.49, , , , , 
1/31/2020 2:01:04 PM, 3232, 9027.5, 1616.2, 322.6535, 219.79, 160.74, 312.79, 170.7101, 238.4321, 95.89, 30.055, 63.28, 125.905, 63.1375, 87.49, , , , , 
1/31/2020 2:01:07 PM, 3232.25, 9028, 1616.4, 322.7, 219.81, 160.76, 312.82, 170.75, 238.5125, 95.9, 30.06, 63.29, 125.91, 63.1375, 87.49, , , , , 
1/31/2020 2:01:10 PM, 3232.25, 9028.5, 1616.5, 322.69, 219.81, 160.76, 312.76, 170.74, 238.5125, 95.9, 30.06, 63.29, 125.92, 63.1375, 87.49, , , , , 
1/31/2020 2:01:13 PM, 3232.25, 9027.25, 1616.3, 322.67, 219.795, 160.75, 312.77, 170.715, 238.5192, 95.8862, 30.055, 63.29, 125.91, 63.1375, 87.49, , , , , 
1/31/2020 2:01:16 PM, 3232.25, 9027.5, 1616.3, 322.67, 219.8, 160.75, 312.72, 170.72, 238.485, 95.8862, 30.055, 63.29, 125.91, 63.1375, 87.49, , , , , 
1/31/2020 2:01:19 PM, 3232.25, 9029, 1616.4, 322.7, 219.81, 160.78, 312.68, 170.76, 238.485, 95.91, 30.06, 63.29, 125.93, 63.1375, 87.5, , , , , 
1/31/2020 2:01:22 PM, 3233, 9030.25, 1616.7, 322.7, 219.84, 160.78, 312.8, 170.77, 238.55, 95.91, 30.06, 63.29, 125.93, 63.1375, 87.5, , , , , 
1/31/2020 2:01:25 PM, 3233, 9029.75, 1616.7, 322.7612, 219.85, 160.79, 312.8, 170.76, 238.51, 95.91, 30.065, 63.29, 125.95, 63.1375, 87.495, , , , , 
1/31/2020 2:01:28 PM, 3233, 9030.5, 1617, 322.7612, 219.87, 160.79, 312.8062, 170.7663, 238.57, 95.91, 30.065, 63.29, 125.95, 63.1375, 87.495, , , , , 
1/31/2020 2:01:31 PM, 3233, 9031, 1617, 322.76, 219.8701, 160.82, 312.837, 170.78, 238.58, 95.92, 30.065, 63.295, 125.95, 63.1375, 87.495, , , , , 
1/31/2020 2:01:34 PM, 3233.25, 9031.25, 1617.1, 322.76, 219.89, 160.82, 312.829, 170.77, 238.64, 95.92, 30.065, 63.295, 125.95, 63.1375, 87.495, , , , , 
1/31/2020 2:01:37 PM, 3232.75, 9029.5, 1617, 322.74, 219.85, 160.81, 312.79, 170.75, 238.64, 95.91, 30.065, 63.29, 125.94, 63.1375, 87.5, , , , , 
1/31/2020 2:01:40 PM, 3232.75, 9030.75, 1617, 322.74, 219.85, 160.81, 312.8202, 170.79, 238.5794, 95.91, 30.065, 63.29, 125.94, 63.1375, 87.5, , , , , 
1/31/2020 2:01:43 PM, 3232.75, 9030.5, 1617, 322.76, 219.87, 160.82, 312.8334, 170.795, 238.5791, 95.92, 30.06, 63.285, 125.94, 63.1375, 87.5, , , , , 
1/31/2020 2:01:46 PM, 3233, 9030.75, 1617.2, 322.76, 219.86, 160.82, 312.8707, 170.797, 238.52, 95.92, 30.06, 63.285, 125.94, 63.1375, 87.5, , , , , 
1/31/2020 2:01:49 PM, 3233.25, 9031.25, 1617.3, 322.78, 219.88, 160.84, 312.89, 170.8, 238.49, 95.93, 30.065, 63.285, 125.95, 63.1375, 87.5, , , , , 
1/31/2020 2:01:52 PM, 3233.25, 9030.75, 1617.2, 322.78, 219.8777, 160.84, 312.84, 170.79, 238.49, 95.93, 30.065, 63.285, 125.95, 63.1375, 87.5, , , , , 
1/31/2020 2:01:55 PM, 3232.75, 9029.5, 1617, 322.76, 219.84, 160.82, 312.805, 170.77, 238.4975, 95.92, 30.065, 63.29, 125.95, 63.1375, 87.51, , , , , 
1/31/2020 2:01:58 PM, 3233, 9030.5, 1617.1, 322.76, 219.87, 160.82, 312.8, 170.7954, 238.4975, 95.92, 30.065, 63.29, 125.95, 63.1375, 87.51, , , , , 
1/31/2020 2:02:01 PM, 3232.75, 9030, 1617, 322.73, 219.855, 160.82, 312.77, 170.77, 238.5039, 95.91, 30.065, 63.285, 125.94, 63.1375, 87.505, , , , , 
1/31/2020 2:02:04 PM, 3232.75, 9029.25, 1616.9, 322.73, 219.84, 160.82, 312.701, 170.75, 238.46, 95.91, 30.065, 63.285, 125.94, 63.1375, 87.505, , , , , 
1/31/2020 2:02:07 PM, 3232.5, 9028.75, 1616.7, 322.73, 219.83, 160.81, 312.7862, 170.75, 238.46, 95.91, 30.06, 63.285, 125.93, 63.1375, 87.5, , , , , 
1/31/2020 2:02:10 PM, 3232.75, 9029.5, 1617.1, 322.73, 219.8404, 160.81, 312.765, 170.755, 238.4148, 95.91, 30.06, 63.285, 125.93, 63.1375, 87.5, , , , , 
1/31/2020 2:02:13 PM, 3233, 9030.25, 1617, 322.75, 219.86, 160.82, 312.795, 170.79, 238.4091, 95.91, 30.0679, 63.3, 125.93, 63.1375, 87.495, , , , , 
1/31/2020 2:02:16 PM, 3232.75, 9029, 1616.8, 322.75, 219.84, 160.82, 312.7301, 170.77, 238.4641, 95.91, 30.0679, 63.3, 125.93, 63.1375, 87.495, , , , , 
1/31/2020 2:02:19 PM, 3233, 9030, 1617, 322.7362, 219.85, 160.79, 312.8, 170.78, 238.41, 95.91, 30.07, 63.29, 125.93, 63.1375, 87.495, , , , , 
1/31/2020 2:02:22 PM, 3232.75, 9029, 1616.7, 322.7362, 219.82, 160.79, 312.7799, 170.76, 238.41, 95.91, 30.07, 63.29, 125.93, 63.1375, 87.495, , , , , 
1/31/2020 2:02:25 PM, 3232.25, 9027.5, 1616.5, 322.68, 219.8, 160.77, 312.7, 170.74, 238.41, 95.89, 30.07, 63.285, 125.91, 63.1375, 87.495, , , , , 
1/31/2020 2:02:28 PM, 3232.25, 9027.5, 1616.5, 322.68, 219.79, 160.77, 312.76, 170.73, 238.3295, 95.89, 30.07, 63.285, 125.91, 63.1375, 87.495, , , , , 
1/31/2020 2:02:31 PM, 3232, 9026.25, 1616.2, 322.64, 219.77, 160.735, 312.6952, 170.71, 238.2501, 95.88, 30.0605, 63.28, 125.9, 63.1375, 87.495, , , , , 
1/31/2020 2:02:34 PM, 3232, 9026, 1616.2, 322.64, 219.78, 160.735, 312.69, 170.72, 238.2502, 95.88, 30.0605, 63.28, 125.9, 63.1375, 87.495, , , , , 
1/31/2020 2:02:37 PM, 3232.25, 9028.25, 1616.2, 322.68, 219.79, 160.74, 312.69, 170.74, 238.31, 95.89, 30.065, 63.29, 125.91, 63.1375, 87.49, , , , , 
1/31/2020 2:02:40 PM, 3232.25, 9028.25, 1616.3, 322.68, 219.8, 160.74, 312.824, 170.74, 238.3169, 95.89, 30.065, 63.29, 125.91, 63.1375, 87.49, , , , , 
1/31/2020 2:02:43 PM, 3232.25, 9027.75, 1616.2, 322.65, 219.8, 160.71, 312.74, 170.74, 238.3169, 95.88, 30.06, 63.28, 125.91, 63.1375, 87.495, , , , , 
1/31/2020 2:02:46 PM, 3231.75, 9026, 1616, 322.65, 219.76, 160.71, 312.6717, 170.7, 238.29, 95.88, 30.06, 63.28, 125.91, 63.1375, 87.495, , , , , 
1/31/2020 2:02:49 PM, 3231.75, 9025.5, 1616, 322.63, 219.74, 160.7, 312.652, 170.69, 238.1522, 95.86, 30.06, 63.28, 125.9, 63.1375, 87.49, , , , , 
1/31/2020 2:02:52 PM, 3231.75, 9026.25, 1616.1, 322.63, 219.75, 160.7, 312.6838, 170.72, 238.18, 95.86, 30.06, 63.28, 125.9, 63.1375, 87.49, , , , , 
1/31/2020 2:02:55 PM, 3232, 9026.75, 1616.4, 322.6799, 219.78, 160.75, 312.74, 170.7182, 238.1501, 95.865, 30.06, 63.28, 125.91, 63.1375, 87.49, , , , , 
1/31/2020 2:02:58 PM, 3232.75, 9028.75, 1616.7, 322.72, 219.83, 160.78, 312.755, 170.75, 238.29, 95.89, 30.07, 63.28, 125.93, 63.1375, 87.495, , , , , 
1/31/2020 2:03:01 PM, 3232.75, 9028.75, 1616.7, 322.73, 219.83, 160.79, 312.755, 170.75, 238.29, 95.9, 30.07, 63.295, 125.93, 63.1375, 87.495, , , , , 
1/31/2020 2:03:04 PM, 3233, 9029.75, 1616.8, 322.7423, 219.86, 160.8, 312.78, 170.7722, 238.23, 95.9, 30.07, 63.295, 125.95, 63.1375, 87.495, , , , , 
1/31/2020 2:03:07 PM, 3233, 9029.75, 1616.8, 322.7879, 219.86, 160.82, 312.78, 170.7722, 238.23, 95.91, 30.075, 63.295, 125.97, 63.1375, 87.5, , , , , 
1/31/2020 2:03:10 PM, 3233.5, 9031.75, 1617.1, 322.81, 219.8854, 160.83, 312.96, 170.8229, 238.46, 95.93, 30.08, 63.295, 125.99, 63.1, 87.505, , , , , 
1/31/2020 2:03:13 PM, 3233.5, 9031.75, 1617.1, 322.8334, 219.8854, 160.84, 312.96, 170.8229, 238.46, 95.93, 30.0769, 63.3, 125.99, 63.1, 87.51, , , , , 
1/31/2020 2:03:16 PM, 3234, 9034.75, 1617.4, 322.82, 219.98, 160.84, 313.1199, 170.87, 238.53, 95.94, 30.075, 63.295, 125.99, 63.1, 87.515, , , , , 
1/31/2020 2:03:19 PM, 3234, 9034.75, 1617.4, 322.82, 219.98, 160.83, 313.1199, 170.87, 238.53, 95.94, 30.08, 63.3, 125.99, 63.1, 87.52, , , , , 
1/31/2020 2:03:23 PM, 3234, 9034.25, 1617.2, 322.83, 219.96, 160.84, 313.06, 170.86, 238.53, 95.945, 30.08, 63.3, 125.99, 63.1, 87.52, , , , , 
1/31/2020 2:03:26 PM, 3234, 9034.25, 1617.2, 322.85, 219.96, 160.85, 313.06, 170.86, 238.53, 95.96, 30.075, 63.3, 126, 63.1, 87.52, , , , , 
1/31/2020 2:03:29 PM, 3234, 9034.25, 1617.3, 322.84, 219.965, 160.85, 313.155, 170.86, 238.565, 95.96, 30.075, 63.295, 126, 63.1, 87.52, , , , , 
1/31/2020 2:03:32 PM, 3234, 9034.25, 1617.3, 322.82, 219.965, 160.83, 313.155, 170.86, 238.565, 95.95, 30.075, 63.295, 125.98, 63.1, 87.515, , , , , 
1/31/2020 2:03:35 PM, 3233.25, 9032.5, 1616.9, 322.8, 219.917, 160.8, 313.08, 170.841, 238.5, 95.94, 30.07, 63.285, 125.97, 63.1, 87.515, , , , , 
1/31/2020 2:03:38 PM, 3233.25, 9032.5, 1616.9, 322.82, 219.917, 160.8168, 313.08, 170.841, 238.5, 95.94, 30.075, 63.295, 125.98, 63.1, 87.515, , , , , 
1/31/2020 2:03:41 PM, 3233.75, 9032.75, 1617, 322.82, 219.9322, 160.8168, 313.088, 170.84, 238.54, 95.9421, 30.075, 63.295, 125.98, 63.1, 87.515, , , , , 
1/31/2020 2:03:44 PM, 3233.75, 9032.75, 1617, 322.79, 219.9322, 160.8168, 313.088, 170.84, 238.54, 95.94, 30.075, 63.29, 125.97, 63.1, 87.51, , , , , 
1/31/2020 2:03:47 PM, 3233.5, 9033.25, 1616.9, 322.8, 219.92, 160.82, 313.1176, 170.835, 238.4746, 95.94, 30.075, 63.28, 125.97, 63.1, 87.51, , , , , 
1/31/2020 2:03:50 PM, 3233.5, 9033.25, 1616.9, 322.8058, 219.92, 160.81, 313.1176, 170.835, 238.4746, 95.94, 30.075, 63.28, 125.97, 63.1, 87.51, , , , , 
1/31/2020 2:03:53 PM, 3233.75, 9033.75, 1616.9, 322.7975, 219.94, 160.81, 313.3452, 170.85, 238.47, 95.947, 30.075, 63.28, 125.97, 63.1, 87.51, , , , , 
1/31/2020 2:03:56 PM, 3233.75, 9033.75, 1616.9, 322.82, 219.94, 160.815, 313.3452, 170.85, 238.47, 95.947, 30.075, 63.28, 125.97, 63.1, 87.51, , , , , 
1/31/2020 2:03:59 PM, 3234, 9035.75, 1617.1, 322.83, 220.03, 160.82, 313.4151, 170.87, 238.53, 95.959, 30.07, 63.275, 125.98, 63.1, 87.51, , , , , 
1/31/2020 2:04:02 PM, 3234, 9035.75, 1617.1, 322.88, 220.03, 160.85, 313.4151, 170.87, 238.53, 95.97, 30.075, 63.285, 125.99, 63.1, 87.52, , , , , 
1/31/2020 2:04:05 PM, 3234, 9036.25, 1617.2, 322.88, 220.01, 160.84, 313.4251, 170.85, 238.61, 95.97, 30.075, 63.285, 125.99, 63.1, 87.52, , , , , 
1/31/2020 2:04:08 PM, 3234, 9036.25, 1617.2, 322.86, 220.01, 160.84, 313.4251, 170.85, 238.61, 95.97, 30.075, 63.285, 125.99, 63.1, 87.52, , , , , 
1/31/2020 2:04:11 PM, 3234.25, 9035.75, 1617.2, 322.87, 220, 160.83, 313.3555, 170.84, 238.58, 95.97, 30.07, 63.285, 125.995, 63.1, 87.52, , , , , 
1/31/2020 2:04:14 PM, 3234.25, 9035.75, 1617.2, 322.86, 220, 160.83, 313.3555, 170.84, 238.58, 95.96, 30.075, 63.29, 125.99, 63.1, 87.52, , , , , 
1/31/2020 2:04:17 PM, 3233.75, 9034.75, 1617, 322.84, 219.98, 160.83, 313.245, 170.85, 238.515, 95.96, 30.079, 63.29, 125.99, 63.1, 87.525, , , , , 
1/31/2020 2:04:20 PM, 3233.75, 9034.75, 1617, 322.84, 219.98, 160.82, 313.245, 170.85, 238.515, 95.96, 30.07, 63.29, 125.99, 63.1, 87.525, , , , , 
1/31/2020 2:04:23 PM, 3233.75, 9035, 1617.1, 322.85, 219.99, 160.82, 313.15, 170.87, 238.5195, 95.95, 30.065, 63.29, 125.99, 63.1, 87.52, , , , , 
1/31/2020 2:04:26 PM, 3233.75, 9035, 1617.1, 322.87, 219.99, 160.82, 313.15, 170.87, 238.5195, 95.95, 30.07, 63.29, 125.99, 63.1, 87.52, , , , , 
1/31/2020 2:04:29 PM, 3234.5, 9036.5, 1617.4, 322.9, 220.01, 160.85, 313.22, 170.89, 238.585, 95.96, 30.075, 63.309, 126, 63.1, 87.515, , , , , 
1/31/2020 2:04:32 PM, 3234.5, 9036.5, 1617.4, 322.9, 220.01, 160.86, 313.22, 170.89, 238.585, 95.96, 30.075, 63.305, 126.01, 63.1, 87.518, , , , , 
1/31/2020 2:04:35 PM, 3234.75, 9037.25, 1617.6, 322.94, 220.035, 160.87, 313.28, 170.93, 238.63, 95.97, 30.08, 63.305, 126.01, 63.1, 87.518, , , , , 
1/31/2020 2:04:38 PM, 3234.75, 9037.25, 1617.6, 322.95, 220.035, 160.89, 313.28, 170.93, 238.63, 95.97, 30.075, 63.305, 126.02, 63.1, 87.515, , , , , 
1/31/2020 2:04:41 PM, 3235, 9037.75, 1617.9, 322.96, 220.05, 160.89, 313.3, 170.95, 238.65, 95.965, 30.075, 63.3088, 126.03, 63.1, 87.53, , , , , 
1/31/2020 2:04:44 PM, 3235, 9037.75, 1617.9, 322.95, 220.05, 160.88, 313.3, 170.95, 238.65, 95.98, 30.08, 63.31, 126.03, 63.1, 87.525, , , , , 
1/31/2020 2:04:47 PM, 3235.25, 9038, 1617.7, 322.965, 220.0514, 160.89, 313.2729, 170.95, 238.58, 95.97, 30.085, 63.3, 126.03, 63.1, 87.5399, , , , , 
1/31/2020 2:04:50 PM, 3235.25, 9038, 1617.7, 322.97, 220.0514, 160.89, 313.2729, 170.95, 238.58, 95.97, 30.08, 63.31, 126.025, 63.1, 87.5399, , , , , 
1/31/2020 2:04:53 PM, 3234.75, 9037.25, 1617.6, 322.94, 220.04, 160.8725, 313.3, 170.94, 238.61, 95.97, 30.08, 63.3056, 126.03, 63.1, 87.535, , , , , 
1/31/2020 2:04:56 PM, 3234.75, 9037.25, 1617.6, 322.93, 220.04, 160.88, 313.3, 170.94, 238.61, 95.97, 30.075, 63.3, 126.02, 63.1, 87.53, , , , , 
1/31/2020 2:04:59 PM, 3234.75, 9036.75, 1617.6, 322.93, 220.02, 160.875, 313.35, 170.94, 238.599, 95.97, 30.0754, 63.305, 126.01, 63.1, 87.53, , , , , 
1/31/2020 2:05:02 PM, 3234.75, 9036.75, 1617.6, 322.923, 220.02, 160.875, 313.35, 170.94, 238.599, 95.97, 30.075, 63.305, 126.01, 63.1, 87.5262, , , , , 
1/31/2020 2:05:05 PM, 3234, 9035.75, 1617.3, 322.87, 219.98, 160.84, 313.2, 170.8992, 238.5, 95.96, 30.07, 63.29, 125.99, 63.1, 87.5262, , , , , 
1/31/2020 2:05:08 PM, 3234, 9035.75, 1617.3, 322.86, 219.98, 160.82, 313.2, 170.8992, 238.5, 95.945, 30.065, 63.295, 125.98, 63.1, 87.52, , , , , 
1/31/2020 2:05:11 PM, 3233.75, 9035, 1617.1, 322.86, 219.98, 160.82, 313.1709, 170.9, 238.5, 95.95, 30.065, 63.295, 125.98, 63.1, 87.525, , , , , 
1/31/2020 2:05:14 PM, 3233.75, 9035, 1617.1, 322.85, 219.98, 160.82, 313.1709, 170.9, 238.5, 95.95, 30.065, 63.295, 125.98, 63.1, 87.52, , , , , 
1/31/2020 2:05:17 PM, 3234.25, 9036.75, 1617.3, 322.91, 220.03, 160.84, 313.2218, 170.94, 238.525, 95.96, 30.075, 63.3, 126.01, 63.1, 87.52, , , , , 
1/31/2020 2:05:20 PM, 3234.25, 9036.75, 1617.3, 322.87, 220.03, 160.84, 313.2218, 170.94, 238.525, 95.96, 30.07, 63.3, 126.01, 63.1, 87.52, , , , , 
1/31/2020 2:05:23 PM, 3233.75, 9035.25, 1617.1, 322.8506, 219.98, 160.82, 313.21, 170.91, 238.45, 95.9501, 30.07, 63.305, 126.01, 63.1, 87.52, , , , , 
1/31/2020 2:05:26 PM, 3234, 9036.5, 1617.2, 322.84, 220, 160.82, 313.26, 170.91, 238.44, 95.9562, 30.06, 63.3, 125.985, 63.1, 87.52, , , , , 
1/31/2020 2:05:29 PM, 3234.25, 9036.75, 1617.3, 322.89, 220.02, 160.845, 313.2788, 170.94, 238.4954, 95.97, 30.07, 63.3, 126, 63.1, 87.52, , , , , 
1/31/2020 2:05:32 PM, 3234.5, 9036.75, 1617.2, 322.91, 220.03, 160.84, 313.31, 170.935, 238.495, 95.975, 30.07, 63.305, 126, 63.1, 87.52, , , , , 
1/31/2020 2:05:35 PM, 3234.25, 9036.75, 1617.3, 322.9, 220.03, 160.84, 313.29, 170.94, 238.495, 95.97, 30.07, 63.3, 126, 63.1, 87.52, , , , , 
1/31/2020 2:05:39 PM, 3234.25, 9036.75, 1617.2, 322.89, 220, 160.84, 313.29, 170.93, 238.495, 95.97, 30.075, 63.3, 126, 63.1, 87.52, , , , , 
1/31/2020 2:05:42 PM, 3234.25, 9036.75, 1617.2, 322.87, 220, 160.83, 313.29, 170.93, 238.495, 95.96, 30.075, 63.305, 125.99, 63.1, 87.52, , , , , 
1/31/2020 2:05:45 PM, 3233.75, 9034.75, 1617, 322.8599, 219.9732, 160.82, 313.198, 170.9193, 238.35, 95.96, 30.07, 63.305, 125.99, 63.1, 87.52, , , , , 
1/31/2020 2:05:48 PM, 3233.75, 9034.5, 1617, 322.823, 219.95, 160.8064, 313.18, 170.8992, 238.355, 95.95, 30.07, 63.3, 125.97, 63.1, 87.52, , , , , 
1/31/2020 2:05:51 PM, 3233.5, 9034.25, 1616.9, 322.835, 219.96, 160.81, 313.24, 170.89, 238.355, 95.95, 30.07, 63.29, 125.97, 63.1, 87.52, , , , , 
1/31/2020 2:05:54 PM, 3233.5, 9034.75, 1616.9, 322.83, 219.97, 160.81, 313.285, 170.9, 238.37, 95.95, 30.07, 63.29, 125.97, 63.1, 87.52, , , , , 
1/31/2020 2:05:57 PM, 3233.75, 9035, 1617, 322.84, 219.97, 160.81, 313.35, 170.9, 238.3854, 95.95, 30.07, 63.29, 125.96, 63.1, 87.52, , , , , 
1/31/2020 2:06:00 PM, 3233.5, 9034.5, 1616.9, 322.833, 219.97, 160.81, 313.315, 170.89, 238.3854, 95.952, 30.07, 63.29, 125.96, 63.1, 87.52, , , , , 
1/31/2020 2:06:03 PM, 3233.5, 9035, 1617, 322.825, 219.96, 160.81, 313.37, 170.895, 238.3854, 95.952, 30.07, 63.29, 125.96, 63.1, 87.525, , , , , 
1/31/2020 2:06:06 PM, 3233.5, 9035, 1616.9, 322.86, 219.97, 160.81, 313.37, 170.88, 238.43, 95.96, 30.07, 63.29, 125.97, 63.1, 87.525, , , , , 
1/31/2020 2:06:09 PM, 3233.25, 9033.25, 1616.7, 322.8, 219.94, 160.79, 313.28, 170.87, 238.35, 95.94, 30.07, 63.29, 125.96, 63.1, 87.525, , , , , 
1/31/2020 2:06:12 PM, 3233, 9032, 1616.6, 322.76, 219.9, 160.77, 313.18, 170.83, 238.27, 95.92, 30.065, 63.28, 125.93, 63.165, 87.52, , , , , 
1/31/2020 2:06:15 PM, 3233, 9032, 1616.5, 322.77, 219.905, 160.77, 313.23, 170.8326, 238.27, 95.92, 30.065, 63.27, 125.93, 63.165, 87.5246, , , , , 
1/31/2020 2:06:18 PM, 3233, 9031.75, 1616.5, 322.746, 219.91, 160.77, 313.2436, 170.83, 238.27, 95.92, 30.06, 63.28, 125.93, 63.165, 87.52, , , , , 
1/31/2020 2:06:21 PM, 3232.75, 9031, 1616.5, 322.76, 219.88, 160.78, 313.18, 170.8288, 238.27, 95.92, 30.06, 63.275, 125.93, 63.165, 87.52, , , , , 
1/31/2020 2:06:24 PM, 3232.75, 9032, 1616.8, 322.7501, 219.9068, 160.78, 313.18, 170.8308, 238.27, 95.91, 30.06, 63.27, 125.92, 63.165, 87.52, , , , , 
1/31/2020 2:06:27 PM, 3232.5, 9031.75, 1616.7, 322.729, 219.89, 160.79, 313.195, 170.8292, 238.27, 95.91, 30.06, 63.275, 125.92, 63.165, 87.52, , , , , 
1/31/2020 2:06:30 PM, 3232.5, 9030.75, 1616.6, 322.74, 219.89, 160.79, 313.2, 170.82, 238.2443, 95.91, 30.06, 63.27, 125.91, 63.165, 87.52, , , , , 
1/31/2020 2:06:33 PM, 3232.75, 9031.5, 1616.6, 322.73, 219.88, 160.77, 313.1018, 170.8154, 238.201, 95.91, 30.06, 63.275, 125.91, 63.165, 87.52, , , , , 
1/31/2020 2:06:36 PM, 3232.5, 9030.25, 1616.5, 322.72, 219.865, 160.77, 313.07, 170.805, 238.201, 95.9021, 30.06, 63.275, 125.91, 63.165, 87.52, , , , , 
1/31/2020 2:06:39 PM, 3232.5, 9030.25, 1616.4, 322.72, 219.86, 160.77, 313.05, 170.79, 238.19, 95.9, 30.065, 63.275, 125.91, 63.165, 87.525, , , , , 
1/31/2020 2:06:42 PM, 3232.5, 9030.75, 1616.5, 322.72, 219.87, 160.77, 313.0599, 170.78, 238.2305, 95.9, 30.06, 63.27, 125.9, 63.165, 87.525, , , , , 
1/31/2020 2:06:45 PM, 3232.5, 9030.75, 1616.7, 322.73, 219.875, 160.78, 313.0201, 170.79, 238.25, 95.9, 30.06, 63.27, 125.91, 63.165, 87.52, , , , , 
1/31/2020 2:06:48 PM, 3232.5, 9030.75, 1616.7, 322.73, 219.87, 160.79, 312.9801, 170.7801, 238.2211, 95.895, 30.06, 63.27, 125.91, 63.165, 87.52, , , , , 
1/31/2020 2:06:51 PM, 3232.25, 9029.75, 1616.6, 322.71, 219.85, 160.765, 312.9928, 170.78, 238.21, 95.88, 30.06, 63.27, 125.892, 63.165, 87.52, , , , , 
1/31/2020 2:06:54 PM, 3232.25, 9029.75, 1616.5, 322.71, 219.86, 160.775, 312.94, 170.78, 238.17, 95.88, 30.06, 63.27, 125.892, 63.165, 87.52, , , , , 
1/31/2020 2:06:57 PM, 3232.25, 9030, 1616.5, 322.695, 219.85, 160.77, 312.9628, 170.7807, 238.21, 95.88, 30.06, 63.27, 125.892, 63.165, 87.52, , , , , 
1/31/2020 2:07:00 PM, 3232.75, 9031, 1616.6, 322.7, 219.89, 160.765, 313.05, 170.82, 238.19, 95.88, 30.06, 63.27, 125.892, 63.165, 87.52, , , , , 
1/31/2020 2:07:03 PM, 3232.75, 9031.75, 1616.8, 322.75, 219.89, 160.79, 313.025, 170.835, 238.25, 95.9062, 30.06, 63.27, 125.91, 63.165, 87.525, , , , , 
1/31/2020 2:07:06 PM, 3232.75, 9031.75, 1616.7, 322.74, 219.9, 160.79, 313.02, 170.835, 238.21, 95.9, 30.06, 63.275, 125.91, 63.165, 87.52, , , , , 
1/31/2020 2:07:09 PM, 3233, 9032.75, 1617, 322.75, 219.92, 160.79, 313.085, 170.85, 238.3, 95.9, 30.065, 63.275, 125.91, 63.165, 87.52, , , , , 
1/31/2020 2:07:12 PM, 3233, 9033.75, 1617, 322.79, 219.935, 160.81, 313.158, 170.84, 238.3, 95.92, 30.07, 63.28, 125.93, 63.165, 87.52, , , , , 
1/31/2020 2:07:15 PM, 3232.75, 9032.75, 1616.9, 322.79, 219.92, 160.81, 313.2162, 170.84, 238.3154, 95.92, 30.07, 63.28, 125.93, 63.165, 87.52, , , , , 
1/31/2020 2:07:18 PM, 3233.25, 9033.75, 1617, 322.78, 219.94, 160.82, 313.25, 170.855, 238.33, 95.92, 30.065, 63.275, 125.93, 63.165, 87.52, , , , , 
1/31/2020 2:07:21 PM, 3232.75, 9032, 1616.7, 322.78, 219.93, 160.82, 313.1638, 170.84, 238.33, 95.92, 30.065, 63.275, 125.93, 63.165, 87.52, , , , , 
1/31/2020 2:07:24 PM, 3232.5, 9032, 1616.6, 322.71, 219.9, 160.7746, 313.2, 170.8424, 238.3303, 95.91, 30.06, 63.26, 125.9, 63.165, 87.52, , , , , 
1/31/2020 2:07:28 PM, 3232.25, 9031, 1616.4, 322.71, 219.88, 160.7746, 313.1175, 170.845, 238.3, 95.91, 30.06, 63.26, 125.9, 63.165, 87.52, , , , , 
1/31/2020 2:07:31 PM, 3232.25, 9031, 1616.4, 322.695, 219.885, 160.77, 313.1623, 170.845, 238.305, 95.91, 30.06, 63.255, 125.875, 63.165, 87.52, , , , , 
1/31/2020 2:07:34 PM, 3232.25, 9031.25, 1616.5, 322.695, 219.89, 160.77, 313.156, 170.852, 238.29, 95.91, 30.06, 63.255, 125.875, 63.165, 87.52, , , , , 
1/31/2020 2:07:37 PM, 3232.25, 9031.5, 1616.6, 322.7, 219.88, 160.77, 313.1469, 170.8596, 238.25, 95.905, 30.065, 63.255, 125.88, 63.165, 87.52, , , , , 
1/31/2020 2:07:40 PM, 3232.5, 9032, 1616.6, 322.7, 219.91, 160.77, 313.15, 170.87, 238.28, 95.905, 30.065, 63.255, 125.88, 63.165, 87.52, , , , , 
1/31/2020 2:07:43 PM, 3232.75, 9032.5, 1616.6, 322.76, 219.91, 160.775, 313.175, 170.875, 238.37, 95.93, 30.07, 63.275, 125.91, 63.165, 87.52, , , , , 
1/31/2020 2:07:46 PM, 3233, 9033.25, 1616.6, 322.76, 219.935, 160.775, 313.2187, 170.885, 238.38, 95.93, 30.07, 63.275, 125.91, 63.165, 87.52, , , , , 
1/31/2020 2:07:49 PM, 3233, 9033.25, 1616.7, 322.74, 219.94, 160.78, 313.195, 170.885, 238.38, 95.92, 30.07, 63.27, 125.92, 63.165, 87.52, , , , , 
1/31/2020 2:07:52 PM, 3233.25, 9034.75, 1616.9, 322.74, 219.96, 160.78, 313.2, 170.91, 238.38, 95.92, 30.07, 63.27, 125.92, 63.165, 87.52, , , , , 
1/31/2020 2:07:55 PM, 3233.25, 9034, 1616.8, 322.7999, 219.95, 160.8, 313.17, 170.895, 238.4416, 95.9363, 30.075, 63.28, 125.92, 63.165, 87.525, , , , , 
1/31/2020 2:07:58 PM, 3233, 9033.5, 1616.7, 322.7999, 219.97, 160.8, 313.17, 170.91, 238.44, 95.9363, 30.075, 63.28, 125.92, 63.165, 87.525, , , , , 
1/31/2020 2:08:01 PM, 3233.25, 9033.5, 1616.6, 322.77, 219.94, 160.7715, 313.1687, 170.8901, 238.44, 95.93, 30.07, 63.28, 125.91, 63.165, 87.5283, , , , , 
1/31/2020 2:08:04 PM, 3234, 9035.5, 1617, 322.77, 220, 160.7715, 313.29, 170.94, 238.51, 95.93, 30.07, 63.28, 125.91, 63.165, 87.5283, , , , , 
1/31/2020 2:08:07 PM, 3234, 9036, 1616.9, 322.8792, 219.99, 160.81, 313.28, 170.9142, 238.52, 95.9431, 30.08, 63.29, 125.93, 63.165, 87.53, , , , , 
1/31/2020 2:08:10 PM, 3234, 9036.75, 1617.1, 322.8792, 220, 160.81, 313.35, 170.9084, 238.59, 95.9431, 30.08, 63.29, 125.93, 63.165, 87.53, , , , , 
1/31/2020 2:08:13 PM, 3234.25, 9036.75, 1617.2, 322.86, 220.02, 160.82, 313.325, 170.92, 238.59, 95.95, 30.075, 63.285, 125.93, 63.165, 87.525, , , , , 
1/31/2020 2:08:16 PM, 3233.75, 9034.75, 1616.8, 322.86, 219.98, 160.82, 313.2, 170.89, 238.59, 95.95, 30.075, 63.285, 125.93, 63.165, 87.525, , , , , 
1/31/2020 2:08:19 PM, 3233.25, 9033.25, 1616.7, 322.7975, 219.93, 160.8, 313.16, 170.88, 238.51, 95.93, 30.075, 63.28, 125.9, 63.165, 87.525, , , , , 
1/31/2020 2:08:22 PM, 3233.25, 9033.5, 1616.7, 322.7975, 219.93, 160.8, 313.1576, 170.88, 238.5308, 95.93, 30.075, 63.28, 125.9, 63.165, 87.525, , , , , 
1/31/2020 2:08:25 PM, 3233.5, 9034.5, 1616.8, 322.84, 219.9513, 160.81, 313.16, 170.8962, 238.5308, 95.945, 30.08, 63.29, 125.92, 63.165, 87.53, , , , , 
1/31/2020 2:08:28 PM, 3234, 9035.25, 1617, 322.84, 219.9513, 160.81, 313.187, 170.905, 238.52, 95.945, 30.08, 63.29, 125.92, 63.165, 87.53, , , , , 
1/31/2020 2:08:31 PM, 3234.25, 9035.75, 1617.2, 322.85, 219.99, 160.82, 313.23, 170.91, 238.52, 95.96, 30.08, 63.29, 125.93, 63.165, 87.53, , , , , 
1/31/2020 2:08:34 PM, 3234, 9034.75, 1617, 322.85, 219.97, 160.82, 313.17, 170.89, 238.64, 95.96, 30.08, 63.29, 125.93, 63.165, 87.53, , , , , 
1/31/2020 2:08:37 PM, 3233.5, 9034.5, 1616.9, 322.85, 219.96, 160.81, 313.155, 170.8899, 238.64, 95.94, 30.08, 63.285, 125.92, 63.165, 87.53, , , , , 
1/31/2020 2:08:40 PM, 3233.75, 9034.25, 1617, 322.85, 219.9611, 160.81, 313.1822, 170.89, 238.53, 95.94, 30.08, 63.285, 125.92, 63.165, 87.53, , , , , 
1/31/2020 2:08:43 PM, 3233.5, 9033.25, 1616.8, 322.81, 219.93, 160.7867, 313.095, 170.885, 238.51, 95.94, 30.08, 63.285, 125.91, 63.165, 87.525, , , , , 
1/31/2020 2:08:46 PM, 3233.5, 9033.5, 1616.7, 322.81, 219.9381, 160.7867, 313.1048, 170.88, 238.53, 95.94, 30.08, 63.285, 125.91, 63.165, 87.525, , , , , 
1/31/2020 2:08:49 PM, 3233.25, 9033, 1616.6, 322.81, 219.9267, 160.79, 313.1102, 170.89, 238.53, 95.94, 30.08, 63.285, 125.91, 63.165, 87.525, , , , , 
1/31/2020 2:08:52 PM, 3233.75, 9034.25, 1616.7, 322.81, 219.9521, 160.79, 313.1102, 170.905, 238.53, 95.94, 30.08, 63.285, 125.91, 63.165, 87.525, , , , , 
1/31/2020 2:08:55 PM, 3233.5, 9033.75, 1616.8, 322.8, 219.9521, 160.78, 313.05, 170.9, 238.53, 95.93, 30.08, 63.285, 125.91, 63.165, 87.525, , , , , 
1/31/2020 2:08:58 PM, 3233.25, 9032.75, 1616.7, 322.8, 219.94, 160.78, 313.02, 170.89, 238.53, 95.93, 30.08, 63.285, 125.91, 63.165, 87.525, , , , , 
1/31/2020 2:09:01 PM, 3233.25, 9033.5, 1616.7, 322.8036, 219.94, 160.79, 313.04, 170.885, 238.53, 95.93, 30.08, 63.28, 125.9, 63.165, 87.525, , , , , 
1/31/2020 2:09:04 PM, 3233.25, 9033.25, 1616.7, 322.8036, 219.93, 160.79, 313.025, 170.885, 238.53, 95.93, 30.08, 63.28, 125.9, 63.165, 87.525, , , , , 
1/31/2020 2:09:07 PM, 3233.5, 9033.25, 1616.8, 322.8, 219.94, 160.79, 312.923, 170.89, 238.505, 95.93, 30.08, 63.28, 125.9, 63.165, 87.53, , , , , 
1/31/2020 2:09:10 PM, 3233.5, 9033.75, 1616.8, 322.8, 219.9464, 160.79, 312.94, 170.89, 238.505, 95.93, 30.08, 63.28, 125.9, 63.165, 87.53, , , , , 
1/31/2020 2:09:13 PM, 3233.5, 9034, 1617.1, 322.8399, 219.94, 160.84, 312.9394, 170.91, 238.55, 95.9332, 30.075, 63.2889, 125.9086, 63.165, 87.53, , , , , 
1/31/2020 2:09:16 PM, 3233.75, 9035, 1617.2, 322.8399, 219.97, 160.84, 312.96, 170.915, 238.57, 95.9332, 30.075, 63.2889, 125.9086, 63.165, 87.53, , , , , 
1/31/2020 2:09:19 PM, 3233.75, 9035, 1617.3, 322.84, 219.988, 160.84, 312.98, 170.9299, 238.6499, 95.9471, 30.085, 63.29, 125.9086, 63.165, 87.535, , , , , 
1/31/2020 2:09:22 PM, 3233.75, 9034, 1617.1, 322.84, 219.9511, 160.84, 312.9199, 170.91, 238.56, 95.9471, 30.085, 63.29, 125.9086, 63.165, 87.535, , , , , 
1/31/2020 2:09:25 PM, 3233.75, 9034.5, 1617.2, 322.84, 219.98, 160.83, 312.93, 170.915, 238.56, 95.94, 30.085, 63.285, 125.9086, 63.165, 87.535, , , , , 
1/31/2020 2:09:28 PM, 3233.5, 9033.75, 1617.1, 322.84, 219.96, 160.83, 312.91, 170.91, 238.56, 95.94, 30.085, 63.285, 125.9086, 63.165, 87.535, , , , , 
1/31/2020 2:09:31 PM, 3233.25, 9033.5, 1617, 322.8173, 219.945, 160.82, 312.8707, 170.9101, 238.617, 95.93, 30.08, 63.27, 125.9, 63.165, 87.53, , , , , 
1/31/2020 2:09:34 PM, 3233.25, 9032.75, 1616.9, 322.82, 219.93, 160.82, 312.8725, 170.905, 238.49, 95.9393, 30.085, 63.27, 125.9, 63.165, 87.53, , , , , 
1/31/2020 2:09:37 PM, 3233.25, 9032.75, 1616.9, 322.76, 219.93, 160.8, 312.8725, 170.905, 238.49, 95.91, 30.075, 63.265, 125.89, 63.165, 87.525, , , , , 
1/31/2020 2:09:40 PM, 3233, 9032.25, 1616.7, 322.765, 219.91, 160.79, 312.87, 170.895, 238.51, 95.91, 30.075, 63.265, 125.89, 63.165, 87.525, , , , , 
1/31/2020 2:09:43 PM, 3233, 9032.25, 1616.7, 322.755, 219.91, 160.78, 312.87, 170.895, 238.51, 95.91, 30.075, 63.265, 125.89, 63.165, 87.525, , , , , 
1/31/2020 2:09:46 PM, 3232.75, 9030.25, 1616.4, 322.74, 219.87, 160.77, 312.83, 170.884, 238.5, 95.91, 30.07, 63.26, 125.88, 63.165, 87.525, , , , , 
1/31/2020 2:09:49 PM, 3232.75, 9030.25, 1616.4, 322.74, 219.87, 160.775, 312.83, 170.884, 238.5, 95.9, 30.07, 63.25, 125.87, 63.165, 87.525, , , , , 
1/31/2020 2:09:53 PM, 3233, 9030.5, 1616.7, 322.78, 219.8901, 160.79, 312.76, 170.8944, 238.5, 95.92, 30.075, 63.27, 125.88, 63.165, 87.525, , , , , 
1/31/2020 2:09:56 PM, 3233, 9030.5, 1616.7, 322.75, 219.8901, 160.7884, 312.76, 170.8944, 238.5, 95.91, 30.075, 63.27, 125.88, 63.165, 87.5279, , , , , 
1/31/2020 2:09:59 PM, 3232.5, 9030, 1616.6, 322.73, 219.86, 160.7884, 312.723, 170.9, 238.5, 95.9, 30.0742, 63.27, 125.87, 63.165, 87.525, , , , , 
1/31/2020 2:10:02 PM, 3232.5, 9030, 1616.6, 322.74, 219.86, 160.77, 312.723, 170.9, 238.5, 95.9, 30.0742, 63.27, 125.87, 63.165, 87.525, , , , , 
1/31/2020 2:10:05 PM, 3233, 9030.5, 1616.7, 322.75, 219.88, 160.78, 312.75, 170.9083, 238.43, 95.9, 30.08, 63.26, 125.88, 63.165, 87.525, , , , , 
1/31/2020 2:10:08 PM, 3233, 9030.5, 1616.7, 322.73, 219.88, 160.78, 312.75, 170.9083, 238.43, 95.9056, 30.08, 63.26, 125.88, 63.165, 87.525, , , , , 
1/31/2020 2:10:11 PM, 3233, 9031.25, 1616.7, 322.77, 219.9, 160.8, 312.822, 170.93, 238.47, 95.92, 30.075, 63.265, 125.8854, 63.165, 87.525, , , , , 
1/31/2020 2:10:14 PM, 3233, 9031.25, 1616.7, 322.73, 219.9, 160.79, 312.822, 170.93, 238.47, 95.9181, 30.08, 63.255, 125.88, 63.165, 87.525, , , , , 
1/31/2020 2:10:17 PM, 3233, 9031.75, 1616.8, 322.7403, 219.9, 160.795, 312.8601, 170.925, 238.42, 95.9181, 30.08, 63.255, 125.875, 63.165, 87.525, , , , , 
1/31/2020 2:10:20 PM, 3233, 9031.75, 1616.8, 322.78, 219.9, 160.8, 312.8601, 170.925, 238.42, 95.9181, 30.075, 63.255, 125.875, 63.165, 87.525, , , , , 
1/31/2020 2:10:23 PM, 3233.25, 9032.75, 1616.8, 322.77, 219.91, 160.7839, 312.89, 170.95, 238.5, 95.92, 30.08, 63.26, 125.875, 63.165, 87.525, , , , , 
1/31/2020 2:10:26 PM, 3233.25, 9032.75, 1616.8, 322.78, 219.91, 160.79, 312.89, 170.95, 238.5, 95.93, 30.085, 63.26, 125.875, 63.165, 87.525, , , , , 
1/31/2020 2:10:29 PM, 3233.5, 9034.25, 1616.8, 322.79, 219.94, 160.79, 312.93, 170.97, 238.5, 95.9319, 30.0864, 63.27, 125.9, 63.165, 87.53, , , , , 
1/31/2020 2:10:32 PM, 3233.5, 9034.25, 1616.8, 322.845, 219.94, 160.8, 312.93, 170.97, 238.5, 95.94, 30.09, 63.27, 125.91, 63.165, 87.53, , , , , 
1/31/2020 2:10:35 PM, 3234.25, 9035.75, 1617, 322.84, 219.9975, 160.81, 313.151, 170.9699, 238.5, 95.95, 30.09, 63.275, 125.92, 63.165, 87.53, , , , , 
1/31/2020 2:10:38 PM, 3234.25, 9035.75, 1617, 322.8408, 219.9975, 160.81, 313.151, 170.9699, 238.5, 95.95, 30.0874, 63.275, 125.93, 63.165, 87.53, , , , , 
1/31/2020 2:10:41 PM, 3234, 9035.25, 1617, 322.845, 219.98, 160.81, 313.2, 170.96, 238.5, 95.96, 30.09, 63.27, 125.93, 63.165, 87.54, , , , , 
1/31/2020 2:10:44 PM, 3234, 9035.25, 1617, 322.82, 219.98, 160.8, 313.2, 170.96, 238.5, 95.95, 30.0841, 63.27, 125.9209, 63.165, 87.54, , , , , 
1/31/2020 2:10:47 PM, 3233.25, 9033.25, 1616.7, 322.8, 219.94, 160.78, 313.09, 170.945, 238.37, 95.945, 30.08, 63.26, 125.91, 63.165, 87.54, , , , , 
1/31/2020 2:10:50 PM, 3233.25, 9033.25, 1616.7, 322.8, 219.94, 160.79, 313.09, 170.945, 238.37, 95.94, 30.08, 63.26, 125.92, 63.165, 87.55, , , , , 
1/31/2020 2:10:53 PM, 3233.5, 9033.5, 1616.7, 322.8, 219.94, 160.78, 313.0701, 170.955, 238.395, 95.94, 30.08, 63.26, 125.92, 63.165, 87.55, , , , , 
1/31/2020 2:10:56 PM, 3233.5, 9033.5, 1616.7, 322.81, 219.94, 160.78, 313.0701, 170.955, 238.395, 95.94, 30.08, 63.26, 125.92, 63.165, 87.55, , , , , 
1/31/2020 2:10:59 PM, 3234, 9035.25, 1616.8, 322.84, 219.982, 160.79, 313.25, 170.955, 238.4, 95.94, 30.08, 63.27, 125.92, 63.165, 87.55, , , , , 
1/31/2020 2:11:02 PM, 3234, 9035.25, 1616.8, 322.86, 219.982, 160.8, 313.25, 170.955, 238.4, 95.95, 30.08, 63.265, 125.94, 63.165, 87.55, , , , , 
1/31/2020 2:11:05 PM, 3234.25, 9036, 1616.9, 322.845, 220.01, 160.795, 313.35, 170.97, 238.403, 95.9545, 30.0833, 63.265, 125.94, 63.165, 87.55, , , , , 
1/31/2020 2:11:08 PM, 3234.25, 9036, 1616.9, 322.899, 220.01, 160.82, 313.35, 170.97, 238.403, 95.98, 30.09, 63.275, 125.93, 63.165, 87.55, , , , , 
1/31/2020 2:11:11 PM, 3234.5, 9037, 1617, 322.9, 220.03, 160.8101, 313.4, 170.99, 238.55, 95.98, 30.0885, 63.275, 125.93, 63.165, 87.545, , , , , 
1/31/2020 2:11:14 PM, 3234.5, 9037, 1617, 322.91, 220.03, 160.81, 313.4, 170.99, 238.55, 95.98, 30.09, 63.28, 125.95, 63.165, 87.55, , , , , 
1/31/2020 2:11:17 PM, 3234, 9034.25, 1616.8, 322.8466, 219.96, 160.79, 313.31, 170.9455, 238.55, 95.96, 30.09, 63.27, 125.93, 63.165, 87.55, , , , , 
1/31/2020 2:11:20 PM, 3234, 9034.25, 1616.8, 322.86, 219.96, 160.795, 313.31, 170.9455, 238.55, 95.95, 30.09, 63.28, 125.93, 63.165, 87.545, , , , , 
1/31/2020 2:11:23 PM, 3234, 9035, 1617, 322.875, 219.99, 160.81, 313.3493, 170.94, 238.52, 95.96, 30.09, 63.275, 125.93, 63.165, 87.55, , , , , 
1/31/2020 2:11:26 PM, 3234, 9035, 1617, 322.875, 219.99, 160.82, 313.3493, 170.94, 238.52, 95.96, 30.085, 63.275, 125.94, 63.165, 87.545, , , , , 
1/31/2020 2:11:29 PM, 3234.25, 9036, 1617.1, 322.885, 220, 160.81, 313.44, 170.96, 238.56, 95.9617, 30.085, 63.275, 125.94, 63.165, 87.545, , , , , 
1/31/2020 2:11:32 PM, 3234.25, 9036, 1617.1, 322.89, 220, 160.82, 313.44, 170.96, 238.56, 95.96, 30.085, 63.27, 125.94, 63.165, 87.545, , , , , 
1/31/2020 2:11:35 PM, 3234, 9036.25, 1617.1, 322.89, 220.02, 160.83, 313.5609, 170.99, 238.565, 95.96, 30.0836, 63.27, 125.94, 63.165, 87.545, , , , , 
1/31/2020 2:11:38 PM, 3234, 9036.25, 1617.1, 322.89, 220.02, 160.82, 313.5609, 170.99, 238.565, 95.98, 30.0836, 63.2675, 125.94, 63.165, 87.545, , , , , 
1/31/2020 2:11:41 PM, 3234, 9036.25, 1617, 322.885, 220.0121, 160.82, 313.5657, 170.985, 238.64, 95.98, 30.0836, 63.2675, 125.94, 63.165, 87.545, , , , , 
1/31/2020 2:11:44 PM, 3234, 9036.25, 1617, 322.88, 220.0121, 160.81, 313.5657, 170.985, 238.64, 95.98, 30.0836, 63.2675, 125.94, 63.165, 87.545, , , , , 
1/31/2020 2:11:47 PM, 3234.25, 9037, 1617.1, 322.91, 220.03, 160.83, 313.56, 171.04, 238.57, 95.98, 30.0836, 63.2675, 125.95, 63.165, 87.545, , , , , 
1/31/2020 2:11:50 PM, 3234.25, 9038.5, 1617.1, 322.9, 220.0654, 160.82, 313.7, 171.06, 238.565, 96, 30.08, 63.26, 125.94, 63.165, 87.545, , , , , 
1/31/2020 2:11:53 PM, 3234.5, 9037.75, 1617.1, 322.91, 220.04, 160.82, 313.665, 171.045, 238.57, 96, 30.08, 63.26, 125.96, 63.165, 87.545, , , , , 
1/31/2020 2:11:56 PM, 3234.5, 9037.5, 1617.1, 322.92, 220.04, 160.825, 313.6, 171.04, 238.56, 96, 30.08, 63.26, 125.96, 63.165, 87.545, , , , , 
1/31/2020 2:11:59 PM, 3234.75, 9038.25, 1617.3, 322.92, 220.06, 160.84, 313.6752, 171.07, 238.6, 95.99, 30.08, 63.26, 125.96, 63.165, 87.545, , , , , 
1/31/2020 2:12:02 PM, 3235, 9038.75, 1617.4, 322.97, 220.08, 160.845, 313.63, 171.05, 238.6, 96.01, 30.085, 63.26, 125.96, 63.165, 87.55, , , , , 
1/31/2020 2:12:05 PM, 3235, 9039.25, 1617.2, 322.95, 220.08, 160.85, 313.61, 171.06, 238.6, 96, 30.085, 63.27, 125.97, 63.165, 87.55, , , , , 
1/31/2020 2:12:09 PM, 3235, 9039.25, 1617.3, 322.96, 220.07, 160.835, 313.6348, 171.08, 238.6, 96, 30.0856, 63.2734, 125.97, 63.165, 87.545, , , , , 
1/31/2020 2:12:12 PM, 3234.75, 9038.5, 1617.2, 322.95, 220.065, 160.85, 313.665, 171.085, 238.61, 96.01, 30.0856, 63.2799, 125.979, 63.165, 87.55, , , , , 
1/31/2020 2:12:15 PM, 3234.75, 9039, 1617.2, 322.9, 220.0601, 160.83, 313.67, 171.09, 238.61, 96.01, 30.08, 63.27, 125.96, 63.165, 87.54, , , , , 
1/31/2020 2:12:18 PM, 3234.25, 9038.5, 1617.1, 322.94, 220.06, 160.84, 313.6899, 171.09, 238.61, 96.01, 30.08, 63.27, 125.96, 63.165, 87.54, , , , , 
1/31/2020 2:12:21 PM, 3234.5, 9039, 1617.2, 322.92, 220.0699, 160.83, 313.6867, 171.1, 238.59, 96.01, 30.08, 63.275, 125.95, 63.165, 87.54, , , , , 
1/31/2020 2:12:24 PM, 3234.25, 9037.5, 1617, 322.92, 220.04, 160.83, 313.66, 171.1032, 238.5603, 96.01, 30.08, 63.27, 125.95, 63.165, 87.545, , , , , 
1/31/2020 2:12:27 PM, 3234.25, 9038.25, 1617.1, 322.84, 220.05, 160.8, 313.64, 171.09, 238.59, 95.99, 30.075, 63.26, 125.94, 63.165, 87.53, , , , , 
1/31/2020 2:12:30 PM, 3234.5, 9037.75, 1617, 322.89, 220.05, 160.82, 313.6299, 171.09, 238.59, 96.0054, 30.08, 63.26, 125.95, 63.165, 87.53, , , , , 
1/31/2020 2:12:33 PM, 3234.25, 9037.75, 1617.1, 322.89, 220.05, 160.82, 313.6315, 171.09, 238.59, 96, 30.08, 63.26, 125.95, 63.165, 87.54, , , , , 
1/31/2020 2:12:36 PM, 3234, 9037.25, 1616.9, 322.88, 220.0333, 160.8085, 313.5994, 171.09, 238.59, 96, 30.08, 63.265, 125.95, 63.165, 87.54, , , , , 
1/31/2020 2:12:39 PM, 3234, 9037, 1617, 322.86, 220.03, 160.81, 313.54, 171.0916, 238.59, 96, 30.08, 63.255, 125.93, 63.165, 87.54, , , , , 
1/31/2020 2:12:42 PM, 3234, 9036.25, 1616.9, 322.85, 220.01, 160.81, 313.5741, 171.095, 238.59, 96, 30.08, 63.255, 125.93, 63.165, 87.54, , , , , 
1/31/2020 2:12:45 PM, 3234, 9036, 1616.9, 322.84, 220.02, 160.805, 313.5675, 171.09, 238.5, 96, 30.08, 63.255, 125.93, 63.165, 87.54, , , , , 
1/31/2020 2:12:48 PM, 3233.5, 9035, 1616.8, 322.8187, 219.97, 160.8, 313.5217, 171.06, 238.5025, 95.98, 30.08, 63.255, 125.92, 63.165, 87.54, , , , , 
1/31/2020 2:12:51 PM, 3233.25, 9034.5, 1616.8, 322.81, 219.97, 160.81, 313.44, 171.05, 238.5, 95.98, 30.075, 63.255, 125.92, 63.165, 87.54, , , , , 
1/31/2020 2:12:54 PM, 3233, 9033, 1616.6, 322.765, 219.93, 160.775, 313.34, 171.0201, 238.5, 95.965, 30.075, 63.24, 125.9, 63.165, 87.53, , , , , 
1/31/2020 2:12:57 PM, 3232.75, 9032.5, 1616.5, 322.73, 219.92, 160.7785, 313.26, 171.01, 238.435, 95.945, 30.07, 63.24, 125.88, 63.165, 87.53, , , , , 
1/31/2020 2:13:00 PM, 3232.75, 9033, 1616.5, 322.73, 219.9256, 160.77, 313.3142, 171.0166, 238.4266, 95.95, 30.07, 63.24, 125.88, 63.165, 87.525, , , , , 
1/31/2020 2:13:03 PM, 3232.75, 9032, 1616.6, 322.74, 219.91, 160.775, 313.235, 171.0116, 238.43, 95.95, 30.065, 63.24, 125.88, 63.165, 87.525, , , , , 
1/31/2020 2:13:06 PM, 3232.75, 9032.5, 1616.6, 322.73, 219.92, 160.77, 313.2814, 171.035, 238.37, 95.94, 30.065, 63.24, 125.87, 63.165, 87.525, , , , , 
1/31/2020 2:13:09 PM, 3233.5, 9034.25, 1616.9, 322.8, 219.95, 160.8, 313.2985, 171.08, 238.4145, 95.96, 30.07, 63.24, 125.9, 63.165, 87.525, , , , , 
1/31/2020 2:13:12 PM, 3233, 9033.5, 1616.7, 322.78, 219.94, 160.8, 313.2816, 171.07, 238.4145, 95.96, 30.07, 63.245, 125.91, 63.165, 87.525, , , , , 
1/31/2020 2:13:15 PM, 3233, 9033.25, 1616.7, 322.779, 219.94, 160.79, 313.27, 171.0473, 238.45, 95.96, 30.072, 63.24, 125.9, 63.165, 87.525, , , , , 
1/31/2020 2:13:18 PM, 3233.25, 9032.75, 1616.8, 322.79, 219.925, 160.8, 313.24, 171.04, 238.3962, 95.96, 30.072, 63.24, 125.9, 63.165, 87.525, , , , , 
1/31/2020 2:13:21 PM, 3233, 9032.25, 1616.7, 322.7599, 219.91, 160.79, 313.13, 171.045, 238.32, 95.95, 30.07, 63.24, 125.9, 63.165, 87.525, , , , , 
1/31/2020 2:13:24 PM, 3232.75, 9032.25, 1616.7, 322.73, 219.89, 160.78, 313.22, 171.03, 238.3271, 95.94, 30.07, 63.235, 125.885, 63.165, 87.52, , , , , 
1/31/2020 2:13:27 PM, 3233.25, 9032.75, 1616.9, 322.77, 219.93, 160.8, 313.2281, 171.04, 238.4, 95.94, 30.07, 63.235, 125.89, 63.165, 87.525, , , , , 
1/31/2020 2:13:30 PM, 3233.25, 9034.25, 1617.2, 322.79, 219.96, 160.81, 313.2724, 171.0408, 238.42, 95.96, 30.075, 63.24, 125.9, 63.165, 87.525, , , , , 
1/31/2020 2:13:33 PM, 3233.25, 9033.25, 1617.1, 322.76, 219.94, 160.82, 313.2128, 171.0485, 238.42, 95.96, 30.075, 63.24, 125.9, 63.165, 87.525, , , , , 
1/31/2020 2:13:36 PM, 3233, 9032.5, 1617, 322.76, 219.925, 160.83, 313.1889, 171.05, 238.445, 95.96, 30.075, 63.235, 125.9, 63.165, 87.525, , , , , 
1/31/2020 2:13:39 PM, 3233, 9033, 1617.1, 322.7667, 219.93, 160.82, 313.205, 171.0454, 238.41, 95.96, 30.075, 63.235, 125.9, 63.165, 87.52, , , , , 
1/31/2020 2:13:42 PM, 3232.75, 9031.5, 1617, 322.75, 219.9, 160.82, 313.08, 171.035, 238.4, 95.96, 30.075, 63.235, 125.9, 63.165, 87.52, , , , , 
1/31/2020 2:13:45 PM, 3232.75, 9032.5, 1617, 322.73, 219.91, 160.82, 313.1499, 171.0272, 238.4, 95.94, 30.07, 63.235, 125.9, 63.165, 87.51, , , , , 
1/31/2020 2:13:48 PM, 3233, 9032.75, 1617.1, 322.76, 219.93, 160.8233, 313.1996, 171.03, 238.4, 95.9401, 30.0718, 63.235, 125.9, 63.165, 87.51, , , , , 
1/31/2020 2:13:51 PM, 3232.75, 9031.75, 1617, 322.765, 219.905, 160.82, 313.16, 171.03, 238.4, 95.94, 30.07, 63.235, 125.9, 63.165, 87.51, , , , , 
1/31/2020 2:13:54 PM, 3232.5, 9031.25, 1616.8, 322.7344, 219.9, 160.795, 313.0837, 171, 238.395, 95.94, 30.07, 63.235, 125.88, 63.165, 87.51, , , , , 
1/31/2020 2:13:57 PM, 3232.25, 9029.75, 1616.6, 322.7, 219.85, 160.79, 312.9514, 170.97, 238.32, 95.92, 30.07, 63.235, 125.86, 63.165, 87.51, , , , , 
1/31/2020 2:14:00 PM, 3232.5, 9029.75, 1616.7, 322.69, 219.86, 160.78, 312.9538, 170.99, 238.3453, 95.92, 30.065, 63.235, 125.86, 63.165, 87.51, , , , , 
1/31/2020 2:14:03 PM, 3232, 9029.25, 1616.6, 322.67, 219.85, 160.77, 312.965, 170.99, 238.3453, 95.91, 30.065, 63.23, 125.86, 63.165, 87.51, , , , , 
1/31/2020 2:14:06 PM, 3232, 9030, 1616.5, 322.665, 219.8564, 160.77, 312.9585, 170.99, 238.3532, 95.91, 30.06, 63.225, 125.85, 63.165, 87.51, , , , , 
1/31/2020 2:14:09 PM, 3232.25, 9030, 1616.6, 322.68, 219.87, 160.765, 313.02, 171.0032, 238.3532, 95.92, 30.06, 63.23, 125.85, 63.165, 87.51, , , , , 
1/31/2020 2:14:12 PM, 3232.5, 9031, 1616.6, 322.69, 219.88, 160.77, 313, 171.01, 238.41, 95.92, 30.06, 63.235, 125.86, 63.165, 87.515, , , , , 
1/31/2020 2:14:15 PM, 3232.25, 9030.5, 1616.5, 322.69, 219.8701, 160.77, 312.98, 171.04, 238.34, 95.92, 30.06, 63.235, 125.86, 63.165, 87.515, , , , , 
1/31/2020 2:14:18 PM, 3232, 9030, 1616.3, 322.65, 219.8503, 160.75, 312.91, 171.028, 238.25, 95.91, 30.06, 63.225, 125.85, 63.165, 87.51, , , , , 
1/31/2020 2:14:21 PM, 3231.75, 9029.5, 1616.3, 322.65, 219.85, 160.75, 312.88, 171.032, 238.25, 95.91, 30.06, 63.225, 125.85, 63.165, 87.51, , , , , 
1/31/2020 2:14:25 PM, 3232, 9029.75, 1616.2, 322.642, 219.85, 160.74, 312.885, 171.04, 238.2436, 95.91, 30.06, 63.225, 125.85, 63.165, 87.51, , , , , 
1/31/2020 2:14:28 PM, 3231.75, 9030, 1616.3, 322.642, 219.87, 160.74, 312.94, 171.0358, 238.305, 95.91, 30.06, 63.225, 125.85, 63.165, 87.51, , , , , 
1/31/2020 2:14:31 PM, 3232.25, 9031.5, 1616.5, 322.71, 219.89, 160.78, 312.94, 171.045, 238.3941, 95.93, 30.065, 63.23, 125.88, 63.165, 87.515, , , , , 
1/31/2020 2:14:34 PM, 3232.5, 9031.25, 1616.6, 322.71, 219.87, 160.78, 312.95, 171.025, 238.3941, 95.93, 30.065, 63.23, 125.88, 63.165, 87.515, , , , , 
1/31/2020 2:14:37 PM, 3232.25, 9030.75, 1616.5, 322.7, 219.87, 160.765, 312.98, 171.02, 238.3664, 95.92, 30.065, 63.23, 125.86, 63.165, 87.515, , , , , 
1/31/2020 2:14:40 PM, 3232.25, 9031, 1616.5, 322.7, 219.88, 160.765, 312.97, 171.03, 238.4, 95.92, 30.065, 63.23, 125.86, 63.165, 87.515, , , , , 
1/31/2020 2:14:43 PM, 3232.25, 9030.25, 1616.4, 322.68, 219.86, 160.76, 312.97, 171.02, 238.36, 95.92, 30.06, 63.23, 125.87, 63.165, 87.515, , , , , 
1/31/2020 2:14:46 PM, 3232.5, 9030.75, 1616.5, 322.68, 219.8612, 160.76, 312.9814, 171.02, 238.305, 95.92, 30.06, 63.23, 125.87, 63.165, 87.515, , , , , 
1/31/2020 2:14:49 PM, 3232, 9029, 1616.3, 322.64, 219.84, 160.76, 312.899, 170.995, 238.3, 95.91, 30.06, 63.225, 125.86, 63.165, 87.515, , , , , 
1/31/2020 2:14:52 PM, 3231.75, 9028.75, 1616.2, 322.64, 219.8313, 160.76, 312.8909, 170.995, 238.3, 95.91, 30.06, 63.225, 125.86, 63.165, 87.515, , , , , 
1/31/2020 2:14:55 PM, 3232, 9029.75, 1616.3, 322.65, 219.85, 160.71, 312.9307, 170.995, 238.3, 95.91, 30.06, 63.2236, 125.8566, 63.165, 87.515, , , , , 
1/31/2020 2:14:58 PM, 3231.75, 9029.75, 1616, 322.65, 219.85, 160.71, 312.9757, 171.0045, 238.2995, 95.91, 30.06, 63.2236, 125.8566, 63.165, 87.515, , , , , 
1/31/2020 2:15:01 PM, 3231.75, 9030, 1616.1, 322.65, 219.86, 160.72, 312.96, 171.01, 238.2995, 95.91, 30.065, 63.225, 125.8566, 63.165, 87.515, , , , , 
1/31/2020 2:15:04 PM, 3231.75, 9030, 1616.1, 322.65, 219.86, 160.72, 312.9812, 171.005, 238.2995, 95.91, 30.065, 63.225, 125.8566, 63.165, 87.515, , , , , 
1/31/2020 2:15:07 PM, 3232.5, 9032.25, 1616.5, 322.77, 219.92, 160.78, 313.07, 171.05, 238.35, 95.945, 30.07, 63.245, 125.91, 63.165, 87.515, , , , , 
1/31/2020 2:15:10 PM, 3233.25, 9034, 1616.8, 322.77, 219.95, 160.78, 313.1344, 171.07, 238.35, 95.945, 30.07, 63.245, 125.91, 63.165, 87.515, , , , , 
1/31/2020 2:15:13 PM, 3233.5, 9034.75, 1616.8, 322.81, 219.96, 160.79, 313.1601, 171.06, 238.45, 95.9533, 30.075, 63.255, 125.92, 63.165, 87.515, , , , , 
1/31/2020 2:15:16 PM, 3233.75, 9036.75, 1616.9, 322.81, 220, 160.79, 313.18, 171.09, 238.45, 95.9533, 30.075, 63.255, 125.92, 63.165, 87.515, , , , , 
1/31/2020 2:15:19 PM, 3233.75, 9035.25, 1616.7, 322.79, 219.98, 160.77, 313.1242, 171.0872, 238.45, 95.95, 30.075, 63.245, 125.93, 63.165, 87.5264, , , , , 
1/31/2020 2:15:22 PM, 3233, 9034, 1616.5, 322.79, 219.955, 160.77, 313.0657, 171.07, 238.48, 95.95, 30.075, 63.245, 125.93, 63.165, 87.5264, , , , , 
1/31/2020 2:15:25 PM, 3232.25, 9031.25, 1616.1, 322.69, 219.885, 160.735, 312.91, 171.01, 238.48, 95.91, 30.06, 63.24, 125.9, 63.165, 87.515, , , , , 
1/31/2020 2:15:28 PM, 3232.25, 9031, 1616.1, 322.69, 219.88, 160.735, 312.945, 171.0136, 238.39, 95.91, 30.06, 63.24, 125.9, 63.165, 87.515, , , , , 
1/31/2020 2:15:31 PM, 3232.25, 9032, 1616.1, 322.699, 219.9, 160.725, 312.96, 171.005, 238.39, 95.92, 30.06, 63.235, 125.9, 63.165, 87.515, , , , , 
1/31/2020 2:15:34 PM, 3231.75, 9030.25, 1615.7, 322.699, 219.87, 160.725, 312.8699, 170.995, 238.28, 95.92, 30.06, 63.235, 125.9, 63.165, 87.515, , , , , 
1/31/2020 2:15:37 PM, 3231.75, 9029.5, 1615.8, 322.6534, 219.855, 160.705, 312.7152, 170.99, 238.2, 95.89, 30.055, 63.235, 125.88, 63.165, 87.515, , , , , 
1/31/2020 2:15:40 PM, 3231.75, 9028.75, 1615.8, 322.6534, 219.84, 160.705, 312.7238, 170.97, 238.2, 95.89, 30.055, 63.235, 125.88, 63.165, 87.515, , , , , 
1/31/2020 2:15:43 PM, 3232, 9028.75, 1615.7, 322.64, 219.83, 160.695, 312.6232, 170.96, 238.25, 95.88, 30.055, 63.235, 125.88, 63.165, 87.52, , , , , 
1/31/2020 2:15:46 PM, 3231.75, 9028.5, 1615.7, 322.64, 219.82, 160.695, 312.5755, 170.965, 238.19, 95.88, 30.055, 63.235, 125.88, 63.165, 87.52, , , , , 
1/31/2020 2:15:49 PM, 3231.25, 9027.5, 1615.5, 322.59, 219.8, 160.68, 312.51, 170.94, 238.19, 95.869, 30.05, 63.2303, 125.86, 63.165, 87.52, , , , , 
1/31/2020 2:15:52 PM, 3231.25, 9026.75, 1615.5, 322.59, 219.775, 160.68, 312.46, 170.93, 238.19, 95.869, 30.05, 63.2303, 125.86, 63.165, 87.52, , , , , 
1/31/2020 2:15:55 PM, 3231.25, 9026.5, 1615.5, 322.56, 219.77, 160.66, 312.56, 170.9, 238.1475, 95.85, 30.05, 63.235, 125.85, 63.165, 87.52, , , , , 
1/31/2020 2:15:58 PM, 3230.75, 9025.5, 1615.5, 322.56, 219.745, 160.66, 312.5, 170.87, 238.1475, 95.85, 30.05, 63.235, 125.85, 63.165, 87.52, , , , , 
1/31/2020 2:16:01 PM, 3231.5, 9027.75, 1615.9, 322.62, 219.8, 160.695, 312.65, 170.93, 238.1475, 95.87, 30.06, 63.235, 125.87, 63.165, 87.53, , , , , 
1/31/2020 2:16:04 PM, 3231.75, 9028.25, 1615.9, 322.62, 219.81, 160.695, 312.705, 170.93, 238.2, 95.87, 30.06, 63.235, 125.87, 63.165, 87.53, , , , , 
1/31/2020 2:16:07 PM, 3232, 9028.5, 1616.1, 322.655, 219.83, 160.73, 312.7502, 170.94, 238.2, 95.88, 30.06, 63.235, 125.87, 63.165, 87.53, , , , , 
1/31/2020 2:16:10 PM, 3232.25, 9029.75, 1616.3, 322.655, 219.84, 160.73, 312.775, 170.97, 238.2, 95.88, 30.06, 63.235, 125.87, 63.165, 87.53, , , , , 
1/31/2020 2:16:13 PM, 3232.25, 9029, 1616.2, 322.685, 219.83, 160.74, 312.6839, 170.945, 238.2, 95.89, 30.065, 63.24, 125.89, 63.165, 87.535, , , , , 
1/31/2020 2:16:16 PM, 3232, 9028.5, 1616.1, 322.685, 219.825, 160.74, 312.685, 170.94, 238.2, 95.89, 30.065, 63.24, 125.89, 63.165, 87.535, , , , , 
1/31/2020 2:16:19 PM, 3231.5, 9027, 1616, 322.61, 219.78, 160.715, 312.66, 170.9023, 238.17, 95.86, 30.055, 63.235, 125.86, 63.165, 87.525, , , , , 
1/31/2020 2:16:22 PM, 3231.25, 9027.25, 1616, 322.61, 219.78, 160.715, 312.5841, 170.91, 238.14, 95.86, 30.055, 63.235, 125.86, 63.165, 87.525, , , , , 
1/31/2020 2:16:25 PM, 3231.5, 9027.5, 1616.2, 322.62, 219.8, 160.73, 312.645, 170.9, 238.22, 95.87, 30.06, 63.23, 125.87, 63.165, 87.525, , , , , 
1/31/2020 2:16:28 PM, 3231.5, 9028, 1616.2, 322.62, 219.8, 160.73, 312.68, 170.925, 238.23, 95.87, 30.06, 63.23, 125.87, 63.165, 87.525, , , , , 
1/31/2020 2:16:31 PM, 3231.75, 9028.5, 1616.2, 322.64, 219.815, 160.74, 312.71, 170.94, 238.23, 95.88, 30.06, 63.23, 125.88, 63.165, 87.525, , , , , 
1/31/2020 2:16:34 PM, 3231.5, 9028.25, 1616.2, 322.64, 219.815, 160.74, 312.66, 170.92, 238.2216, 95.88, 30.06, 63.23, 125.88, 63.165, 87.525, , , , , 
1/31/2020 2:16:37 PM, 3231.5, 9028, 1616.1, 322.66, 219.81, 160.74, 312.64, 170.9, 238.22, 95.87, 30.055, 63.23, 125.88, 63.165, 87.52, , , , , 
1/31/2020 2:16:40 PM, 3231.5, 9027.75, 1616.2, 322.66, 219.82, 160.74, 312.6371, 170.92, 238.22, 95.87, 30.055, 63.23, 125.88, 63.165, 87.52, , , , , 
1/31/2020 2:16:43 PM, 3232.25, 9030, 1616.5, 322.6863, 219.839, 160.76, 312.6377, 170.9426, 238.19, 95.88, 30.065, 63.23, 125.9, 63.165, 87.53, , , , , 
1/31/2020 2:16:46 PM, 3231.75, 9029, 1616.4, 322.67, 219.85, 160.755, 312.6363, 170.935, 238.15, 95.88, 30.065, 63.235, 125.9, 63.165, 87.53, , , , , 
1/31/2020 2:16:49 PM, 3231.75, 9029, 1616.4, 322.6554, 219.85, 160.75, 312.6363, 170.935, 238.15, 95.88, 30.065, 63.225, 125.9, 63.165, 87.53, , , , , 
1/31/2020 2:16:52 PM, 3232, 9029.25, 1616.4, 322.67, 219.84, 160.76, 312.6718, 170.91, 238.23, 95.88, 30.065, 63.23, 125.9, 63.165, 87.5399, , , , , 
1/31/2020 2:16:55 PM, 3232, 9029.25, 1616.4, 322.641, 219.84, 160.75, 312.6718, 170.91, 238.23, 95.87, 30.065, 63.225, 125.89, 63.165, 87.5399, , , , , 
1/31/2020 2:16:58 PM, 3231.75, 9029.5, 1616.4, 322.66, 219.84, 160.76, 312.6401, 170.9269, 238.221, 95.88, 30.065, 63.225, 125.89, 63.165, 87.5399, , , , , 
1/31/2020 2:17:02 PM, 3231.75, 9029.5, 1616.4, 322.66, 219.84, 160.76, 312.6401, 170.9269, 238.221, 95.875, 30.06, 63.225, 125.895, 63.165, 87.5399, , , , , 
1/31/2020 2:17:05 PM, 3231.75, 9028.75, 1616.3, 322.66, 219.825, 160.75, 312.56, 170.92, 238.19, 95.8701, 30.06, 63.225, 125.895, 63.165, 87.5399, , , , , 
1/31/2020 2:17:08 PM, 3231.75, 9028.75, 1616.3, 322.67, 219.825, 160.78, 312.56, 170.92, 238.19, 95.88, 30.06, 63.225, 125.9, 63.165, 87.5399, , , , , 
1/31/2020 2:17:11 PM, 3232.5, 9032, 1616.9, 322.71, 219.8835, 160.8, 312.7609, 170.96, 238.33, 95.895, 30.065, 63.235, 125.92, 63.165, 87.5399, , , , , 
1/31/2020 2:17:14 PM, 3232.5, 9032, 1616.9, 322.72, 219.8835, 160.8, 312.7609, 170.96, 238.33, 95.895, 30.065, 63.235, 125.93, 63.165, 87.54, , , , , 
1/31/2020 2:17:17 PM, 3232.75, 9032.25, 1616.8, 322.72, 219.92, 160.795, 312.76, 170.96, 238.41, 95.8946, 30.065, 63.24, 125.9232, 63.165, 87.54, , , , , 
1/31/2020 2:17:20 PM, 3232.75, 9032.25, 1616.8, 322.72, 219.92, 160.8, 312.76, 170.96, 238.41, 95.905, 30.065, 63.24, 125.9232, 63.165, 87.5356, , , , , 
1/31/2020 2:17:23 PM, 3232.25, 9030.75, 1616.6, 322.725, 219.89, 160.8, 312.65, 170.925, 238.3721, 95.905, 30.06, 63.245, 125.9232, 63.165, 87.5356, , , , , 
1/31/2020 2:17:26 PM, 3232.25, 9030.75, 1616.6, 322.69, 219.89, 160.775, 312.65, 170.925, 238.3721, 95.89, 30.06, 63.24, 125.92, 63.165, 87.54, , , , , 
1/31/2020 2:17:29 PM, 3232.5, 9032, 1616.8, 322.71, 219.9, 160.775, 312.71, 170.95, 238.3721, 95.89, 30.065, 63.2404, 125.92, 63.165, 87.54, , , , , 
1/31/2020 2:17:32 PM, 3232.5, 9032, 1616.8, 322.68, 219.9, 160.8, 312.71, 170.95, 238.3721, 95.89, 30.065, 63.2404, 125.92, 63.165, 87.54, , , , , 
1/31/2020 2:17:35 PM, 3232.5, 9031.25, 1616.7, 322.71, 219.885, 160.78, 312.665, 170.9263, 238.3721, 95.89, 30.06, 63.245, 125.92, 63.165, 87.54, , , , , 
1/31/2020 2:17:38 PM, 3232.5, 9031.25, 1616.7, 322.71, 219.885, 160.78, 312.665, 170.9263, 238.3721, 95.89, 30.065, 63.245, 125.9233, 63.165, 87.54, , , , , 
1/31/2020 2:17:41 PM, 3232, 9029.75, 1616.5, 322.633, 219.82, 160.765, 312.5752, 170.895, 238.3, 95.87, 30.06, 63.245, 125.91, 63.165, 87.53, , , , , 
1/31/2020 2:17:44 PM, 3232, 9029.75, 1616.5, 322.66, 219.82, 160.765, 312.5752, 170.895, 238.3, 95.87, 30.06, 63.24, 125.91, 63.165, 87.53, , , , , 
1/31/2020 2:17:47 PM, 3232.25, 9031, 1616.8, 322.6579, 219.87, 160.78, 312.5948, 170.91, 238.2, 95.88, 30.06, 63.248, 125.91, 63.165, 87.53, , , , , 
1/31/2020 2:17:50 PM, 3232.25, 9031, 1616.8, 322.705, 219.87, 160.79, 312.5948, 170.91, 238.2, 95.885, 30.06, 63.255, 125.92, 63.165, 87.53, , , , , 
1/31/2020 2:17:53 PM, 3232.5, 9031, 1616.9, 322.73, 219.88, 160.8, 312.6826, 170.87, 238.26, 95.885, 30.06, 63.255, 125.92, 63.165, 87.53, , , , , 
1/31/2020 2:17:56 PM, 3232.5, 9031, 1616.9, 322.72, 219.88, 160.8, 312.6826, 170.87, 238.26, 95.885, 30.06, 63.255, 125.92, 63.165, 87.53, , , , , 
1/31/2020 2:17:59 PM, 3233, 9032.5, 1617, 322.7464, 219.91, 160.8, 312.69, 170.91, 238.3185, 95.89, 30.065, 63.26, 125.93, 63.165, 87.53, , , , , 
1/31/2020 2:18:02 PM, 3233, 9032.5, 1617, 322.76, 219.91, 160.8, 312.69, 170.91, 238.3185, 95.89, 30.065, 63.26, 125.94, 63.165, 87.53, , , , , 
1/31/2020 2:18:05 PM, 3232.25, 9030.5, 1616.6, 322.72, 219.87, 160.775, 312.55, 170.9, 238.32, 95.89, 30.065, 63.265, 125.94, 63.165, 87.535, , , , , 
1/31/2020 2:18:08 PM, 3232.25, 9030.5, 1616.6, 322.6801, 219.87, 160.765, 312.55, 170.9, 238.32, 95.89, 30.06, 63.255, 125.93, 63.165, 87.535, , , , , 
1/31/2020 2:18:11 PM, 3232, 9029, 1616.5, 322.64, 219.82, 160.74, 312.425, 170.87, 238.2, 95.85, 30.06, 63.25, 125.91, 63.165, 87.53, , , , , 
1/31/2020 2:18:14 PM, 3232, 9029, 1616.5, 322.66, 219.82, 160.765, 312.425, 170.87, 238.2, 95.8533, 30.06, 63.255, 125.91, 63.165, 87.53, , , , , 
1/31/2020 2:18:17 PM, 3232, 9029, 1616.4, 322.64, 219.82, 160.765, 312.41, 170.8671, 238.1282, 95.85, 30.06, 63.255, 125.91, 63.165, 87.525, , , , , 
1/31/2020 2:18:20 PM, 3232, 9029, 1616.4, 322.65, 219.82, 160.765, 312.41, 170.8671, 238.1282, 95.85, 30.055, 63.25, 125.91, 63.165, 87.525, , , , , 
1/31/2020 2:18:23 PM, 3232, 9029.5, 1616.6, 322.6824, 219.85, 160.78, 312.4, 170.9095, 238.21, 95.86, 30.055, 63.255, 125.91, 63.165, 87.525, , , , , 
1/31/2020 2:18:26 PM, 3232, 9029.5, 1616.6, 322.69, 219.85, 160.7873, 312.4, 170.9095, 238.21, 95.85, 30.06, 63.255, 125.91, 63.165, 87.525, , , , , 
1/31/2020 2:18:29 PM, 3232.5, 9030.5, 1616.7, 322.7, 219.86, 160.78, 312.445, 170.9251, 238.21, 95.8685, 30.06, 63.255, 125.91, 63.165, 87.525, , , , , 
1/31/2020 2:18:32 PM, 3232.5, 9030.5, 1616.7, 322.6945, 219.86, 160.8, 312.445, 170.9251, 238.21, 95.87, 30.06, 63.255, 125.92, 63.165, 87.5213, , , , , 
1/31/2020 2:18:35 PM, 3232.75, 9032.25, 1617.2, 322.74, 219.9, 160.83, 312.522, 170.97, 238.21, 95.88, 30.065, 63.255, 125.93, 63.165, 87.5213, , , , , 
1/31/2020 2:18:38 PM, 3232.75, 9032.25, 1617.2, 322.74, 219.9, 160.83, 312.522, 170.97, 238.21, 95.88, 30.06, 63.255, 125.93, 63.165, 87.53, , , , , 
1/31/2020 2:18:41 PM, 3233, 9031.5, 1617.1, 322.74, 219.9058, 160.82, 312.4716, 170.9699, 238.21, 95.88, 30.065, 63.255, 125.93, 63.165, 87.53, , , , , 
1/31/2020 2:18:44 PM, 3233, 9031.5, 1617.1, 322.76, 219.9058, 160.83, 312.4716, 170.9699, 238.21, 95.89, 30.0619, 63.26, 125.935, 63.165, 87.53, , , , , 
1/31/2020 2:18:47 PM, 3233.25, 9032.75, 1617.2, 322.7766, 219.91, 160.8369, 312.4938, 170.98, 238.22, 95.89, 30.0619, 63.255, 125.94, 63.165, 87.54, , , , , 
1/31/2020 2:18:50 PM, 3233.5, 9033.5, 1617.3, 322.78, 219.94, 160.83, 312.5198, 170.995, 238.22, 95.89, 30.07, 63.27, 125.94, 63.165, 87.54, , , , , 
1/31/2020 2:18:53 PM, 3233.25, 9032.75, 1617.1, 322.79, 219.9199, 160.83, 312.49, 171, 238.22, 95.9, 30.07, 63.27, 125.94, 63.165, 87.54, , , , , 
1/31/2020 2:18:56 PM, 3233.25, 9033, 1617.1, 322.785, 219.92, 160.825, 312.53, 170.9964, 238.22, 95.89, 30.07, 63.27, 125.94, 63.165, 87.535, , , , , 
1/31/2020 2:18:59 PM, 3233.25, 9033.5, 1617.1, 322.775, 219.93, 160.825, 312.5636, 171.01, 238.22, 95.9, 30.065, 63.27, 125.94, 63.165, 87.535, , , , , 
1/31/2020 2:19:03 PM, 3233.25, 9033.5, 1617.2, 322.78, 219.94, 160.83, 312.6, 171.02, 238.22, 95.9, 30.065, 63.27, 125.94, 63.165, 87.535, , , , , 
1/31/2020 2:19:06 PM, 3233.5, 9034, 1617.3, 322.79, 219.95, 160.83, 312.6161, 171.02, 238.22, 95.9, 30.065, 63.27, 125.95, 63.165, 87.535, , , , , 
1/31/2020 2:19:09 PM, 3233.75, 9034.75, 1617.4, 322.795, 219.98, 160.84, 312.65, 171.05, 238.3, 95.9, 30.065, 63.27, 125.95, 63.165, 87.535, , , , , 
1/31/2020 2:19:12 PM, 3234, 9036.25, 1617.7, 322.8264, 220, 160.86, 312.736, 171.09, 238.32, 95.915, 30.065, 63.27, 125.96, 63.165, 87.54, , , , , 
1/31/2020 2:19:15 PM, 3234.25, 9037.5, 1617.8, 322.87, 220.02, 160.88, 312.726, 171.1, 238.375, 95.95, 30.07, 63.275, 125.98, 63.165, 87.545, , , , , 
1/31/2020 2:19:18 PM, 3234, 9036.5, 1617.7, 322.88, 220.0199, 160.88, 312.684, 171.08, 238.36, 95.94, 30.075, 63.28, 125.98, 63.165, 87.545, , , , , 
1/31/2020 2:19:21 PM, 3234.25, 9037.25, 1617.7, 322.9, 220.02, 160.89, 312.76, 171.09, 238.4, 95.94, 30.075, 63.29, 125.977, 63.165, 87.545, , , , , 
1/31/2020 2:19:24 PM, 3234.5, 9037.5, 1617.8, 322.88, 220.02, 160.87, 312.75, 171.0783, 238.4, 95.935, 30.075, 63.28, 125.977, 63.165, 87.55, , , , , 
1/31/2020 2:19:27 PM, 3234.25, 9036.75, 1617.8, 322.9, 220.01, 160.8868, 312.6832, 171.08, 238.4, 95.94, 30.075, 63.285, 125.977, 63.165, 87.545, , , , , 
1/31/2020 2:19:30 PM, 3234.25, 9035.75, 1617.8, 322.89, 220, 160.8885, 312.64, 171.085, 238.4, 95.94, 30.075, 63.29, 125.97, 63.165, 87.545, , , , , 
1/31/2020 2:19:33 PM, 3234, 9035.5, 1617.7, 322.8862, 219.9978, 160.89, 312.61, 171.0784, 238.4, 95.93, 30.075, 63.29, 125.97, 63.165, 87.545, , , , , 
1/31/2020 2:19:36 PM, 3234, 9035.75, 1617.7, 322.86, 219.99, 160.89, 312.595, 171.075, 238.3452, 95.93, 30.075, 63.29, 125.97, 63.165, 87.545, , , , , 
1/31/2020 2:19:39 PM, 3234, 9035.5, 1617.7, 322.875, 219.98, 160.885, 312.636, 171.06, 238.325, 95.93, 30.075, 63.29, 125.97, 63.165, 87.545, , , , , 
1/31/2020 2:19:42 PM, 3234, 9035.75, 1617.8, 322.87, 219.99, 160.89, 312.59, 171.09, 238.325, 95.93, 30.075, 63.29, 125.97, 63.165, 87.55, , , , , 
1/31/2020 2:19:45 PM, 3234, 9035.75, 1617.8, 322.87, 219.9853, 160.89, 312.5749, 171.0899, 238.325, 95.9268, 30.075, 63.29, 125.98, 63.165, 87.545, , , , , 
1/31/2020 2:19:48 PM, 3234, 9035.5, 1617.9, 322.89, 219.98, 160.9, 312.5743, 171.088, 238.265, 95.9268, 30.07, 63.29, 125.98, 63.165, 87.5401, , , , , 
1/31/2020 2:19:51 PM, 3234.5, 9036, 1617.8, 322.88, 219.98, 160.88, 312.56, 171.088, 238.34, 95.91, 30.075, 63.3, 125.98, 63.165, 87.545, , , , , 
1/31/2020 2:19:54 PM, 3234.25, 9035, 1617.6, 322.88, 219.9766, 160.8882, 312.52, 171.08, 238.2667, 95.92, 30.075, 63.3, 125.98, 63.165, 87.545, , , , , 
1/31/2020 2:19:57 PM, 3234.25, 9036, 1617.7, 322.87, 219.99, 160.87, 312.53, 171.08, 238.29, 95.92, 30.07, 63.295, 125.97, 63.165, 87.545, , , , , 
1/31/2020 2:20:00 PM, 3234.25, 9035, 1617.6, 322.88, 219.99, 160.88, 312.45, 171.09, 238.29, 95.92, 30.07, 63.295, 125.97, 63.165, 87.545, , , , , 
1/31/2020 2:20:03 PM, 3234, 9034.75, 1617.6, 322.8699, 219.96, 160.87, 312.3972, 171.0891, 238.28, 95.91, 30.07, 63.295, 125.97, 63.165, 87.545, , , , , 
1/31/2020 2:20:06 PM, 3234, 9034.5, 1617.7, 322.89, 219.96, 160.88, 312.4, 171.09, 238.27, 95.905, 30.075, 63.3, 125.97, 63.165, 87.545, , , , , 
1/31/2020 2:20:09 PM, 3234, 9035.25, 1617.6, 322.8799, 219.9798, 160.89, 312.4, 171.09, 238.27, 95.905, 30.07, 63.3, 125.97, 63.165, 87.545, , , , , 
1/31/2020 2:20:12 PM, 3234.25, 9034.75, 1617.7, 322.9, 219.9637, 160.89, 312.4205, 171.09, 238.27, 95.905, 30.07, 63.29, 125.97, 63.165, 87.54, , , , , 
1/31/2020 2:20:15 PM, 3234, 9034.25, 1617.8, 322.88, 219.95, 160.88, 312.44, 171.065, 238.27, 95.905, 30.07, 63.295, 125.97, 63.165, 87.54, , , , , 
1/31/2020 2:20:18 PM, 3233.75, 9034, 1617.6, 322.865, 219.9599, 160.875, 312.4797, 171.06, 238.27, 95.91, 30.07, 63.295, 125.97, 63.165, 87.54, , , , , 
1/31/2020 2:20:21 PM, 3233.5, 9032, 1617.4, 322.84, 219.91, 160.86, 312.4096, 171.02, 238.27, 95.89, 30.07, 63.2883, 125.95, 63.165, 87.535, , , , , 
1/31/2020 2:20:24 PM, 3233, 9031.25, 1617.2, 322.78, 219.88, 160.835, 312.355, 170.9869, 238.1872, 95.87, 30.065, 63.28, 125.92, 63.165, 87.535, , , , , 
1/31/2020 2:20:27 PM, 3233, 9031, 1617.2, 322.7732, 219.89, 160.833, 312.37, 170.99, 238.1872, 95.865, 30.065, 63.28, 125.93, 63.165, 87.53, , , , , 
1/31/2020 2:20:30 PM, 3232.5, 9029, 1616.9, 322.71, 219.82, 160.81, 312.21, 170.94, 238.0902, 95.84, 30.06, 63.28, 125.92, 63.165, 87.53, , , , , 
1/31/2020 2:20:33 PM, 3232.75, 9030.75, 1617.1, 322.74, 219.86, 160.81, 312.27, 170.98, 238.14, 95.85, 30.065, 63.28, 125.92, 63.165, 87.53, , , , , 
1/31/2020 2:20:36 PM, 3232.75, 9031, 1617.1, 322.75, 219.86, 160.82, 312.33, 170.9999, 238.1327, 95.86, 30.065, 63.28, 125.92, 63.165, 87.53, , , , , 
1/31/2020 2:20:39 PM, 3232.25, 9029.5, 1617, 322.73, 219.85, 160.81, 312.14, 170.9622, 238.1327, 95.85, 30.065, 63.28, 125.92, 63.165, 87.53, , , , , 
1/31/2020 2:20:42 PM, 3232.25, 9028.75, 1616.9, 322.705, 219.85, 160.81, 312.19, 170.97, 238.12, 95.85, 30.0656, 63.275, 125.92, 63.165, 87.53, , , , , 
1/31/2020 2:20:45 PM, 3232.25, 9028.5, 1616.8, 322.68, 219.82, 160.8, 312.1559, 170.95, 238.11, 95.83, 30.06, 63.27, 125.91, 63.165, 87.53, , , , , 
1/31/2020 2:20:48 PM, 3232.25, 9029, 1616.9, 322.71, 219.83, 160.8, 312.19, 170.97, 238.1, 95.84, 30.06, 63.2715, 125.91, 63.165, 87.53, , , , , 
1/31/2020 2:20:51 PM, 3232.5, 9029.5, 1617, 322.69, 219.84, 160.79, 312.15, 170.97, 238.16, 95.84, 30.06, 63.275, 125.91, 63.165, 87.525, , , , , 
1/31/2020 2:20:54 PM, 3232.75, 9029.75, 1616.9, 322.74, 219.8547, 160.8, 312.15, 170.97, 238.139, 95.84, 30.065, 63.2815, 125.92, 63.165, 87.5279, , , , , 
1/31/2020 2:20:57 PM, 3233, 9030, 1616.9, 322.74, 219.8547, 160.8, 312.1581, 171.01, 238.15, 95.84, 30.065, 63.2815, 125.92, 63.165, 87.5279, , , , , 
1/31/2020 2:21:00 PM, 3233, 9030.5, 1616.9, 322.74, 219.8547, 160.8, 312.14, 171.02, 238.15, 95.85, 30.065, 63.275, 125.9336, 63.165, 87.535, , , , , 
1/31/2020 2:21:03 PM, 3232.75, 9029.75, 1617, 322.74, 219.85, 160.8, 312.12, 171.02, 238.2, 95.85, 30.065, 63.275, 125.9336, 63.165, 87.535, , , , , 
1/31/2020 2:21:07 PM, 3232.75, 9030, 1617, 322.77, 219.855, 160.82, 312.1257, 171.03, 238.2, 95.86, 30.07, 63.285, 125.94, 63.165, 87.535, , , , , 
1/31/2020 2:21:10 PM, 3233.25, 9031, 1617.1, 322.77, 219.87, 160.82, 312.17, 171.1, 238.1917, 95.86, 30.07, 63.285, 125.94, 63.165, 87.535, , , , , 
1/31/2020 2:21:13 PM, 3233, 9030.75, 1617.1, 322.76, 219.86, 160.81, 312.1063, 171.0557, 238.23, 95.86, 30.06, 63.28, 125.9515, 63.165, 87.535, , , , , 
1/31/2020 2:21:16 PM, 3233, 9030.75, 1616.9, 322.76, 219.8746, 160.81, 312.1601, 171.067, 238.23, 95.86, 30.06, 63.28, 125.9515, 63.165, 87.535, , , , , 
1/31/2020 2:21:19 PM, 3232.75, 9029.75, 1616.9, 322.7, 219.83, 160.785, 312.0891, 171.04, 238.19, 95.84, 30.065, 63.27, 125.92, 63.165, 87.535, , , , , 
1/31/2020 2:21:22 PM, 3232.25, 9029.25, 1616.8, 322.7, 219.83, 160.785, 312.1109, 171.03, 238.19, 95.84, 30.065, 63.27, 125.92, 63.165, 87.535, , , , , 
1/31/2020 2:21:25 PM, 3232.25, 9027.75, 1616.8, 322.6568, 219.8, 160.78, 312.0406, 170.995, 238.19, 95.83, 30.055, 63.26, 125.91, 63.165, 87.53, , , , , 
1/31/2020 2:21:28 PM, 3232, 9027.25, 1616.7, 322.6568, 219.7881, 160.78, 312.0184, 170.98, 238.19, 95.83, 30.055, 63.26, 125.91, 63.165, 87.53, , , , , 
1/31/2020 2:21:31 PM, 3231.75, 9027.5, 1616.6, 322.63, 219.79, 160.76, 312.06, 170.98, 238.19, 95.82, 30.055, 63.255, 125.89, 63.165, 87.53, , , , , 
1/31/2020 2:21:34 PM, 3231.75, 9027.25, 1616.6, 322.63, 219.7804, 160.76, 312.035, 170.96, 238.06, 95.82, 30.055, 63.255, 125.89, 63.165, 87.53, , , , , 
1/31/2020 2:21:37 PM, 3231.25, 9025.75, 1616.3, 322.6, 219.75, 160.74, 311.91, 170.94, 238.07, 95.81, 30.05, 63.255, 125.88, 63.165, 87.525, , , , , 
1/31/2020 2:21:40 PM, 3231.5, 9026.5, 1616.3, 322.6, 219.77, 160.74, 311.93, 170.96, 238.0358, 95.81, 30.05, 63.255, 125.88, 63.165, 87.525, , , , , 
1/31/2020 2:21:43 PM, 3231.75, 9027, 1616.4, 322.6, 219.78, 160.74, 311.93, 170.97, 238.0358, 95.8, 30.05, 63.25, 125.88, 63.165, 87.525, , , , , 
1/31/2020 2:21:46 PM, 3228.5, 9016.75, 1615.2, 322.6, 219.61, 160.74, 311.59, 170.73, 237.67, 95.8, 30.05, 63.25, 125.88, 63.165, 87.525, , , , , 
1/31/2020 2:21:49 PM, 3229.75, 9021, 1615.6, 322.41, 219.5999, 160.69, 311.7, 170.75, 237.64, 95.73, 30.02, 63.23, 125.81, 63.165, 87.53, , , , , 
1/31/2020 2:21:52 PM, 3230, 9021.25, 1615.8, 322.41, 219.67, 160.69, 311.841, 170.83, 237.83, 95.73, 30.02, 63.23, 125.81, 63.165, 87.53, , , , , 
1/31/2020 2:21:55 PM, 3229.75, 9020.75, 1615.8, 322.47, 219.63, 160.7, 311.796, 170.77, 237.86, 95.75, 30.03, 63.245, 125.84, 63.165, 87.52, , , , , 
1/31/2020 2:21:58 PM, 3230.25, 9023.25, 1616.2, 322.47, 219.69, 160.7, 311.9588, 170.84, 237.88, 95.75, 30.03, 63.245, 125.84, 63.165, 87.52, , , , , 
1/31/2020 2:22:01 PM, 3230, 9022.25, 1615.8, 322.45, 219.67, 160.7, 311.87, 170.81, 237.9056, 95.74, 30.03, 63.24, 125.84, 63.165, 87.52, , , , , 
1/31/2020 2:22:04 PM, 3229.5, 9020.75, 1615.7, 322.45, 219.63, 160.7, 311.88, 170.78, 237.85, 95.74, 30.03, 63.24, 125.84, 63.165, 87.52, , , , , 
1/31/2020 2:22:07 PM, 3229.75, 9021.25, 1615.9, 322.49, 219.63, 160.73, 311.8347, 170.805, 237.82, 95.76, 30.04, 63.24, 125.84, 63.165, 87.52, , , , , 
1/31/2020 2:22:10 PM, 3230.25, 9022.5, 1616.2, 322.49, 219.66, 160.73, 311.9299, 170.84, 237.955, 95.76, 30.04, 63.24, 125.84, 63.165, 87.52, , , , , 
1/31/2020 2:22:13 PM, 3230.5, 9022.75, 1616.4, 322.52, 219.68, 160.75, 311.9331, 170.8362, 237.9, 95.77, 30.04, 63.24, 125.85, 63.165, 87.53, , , , , 
1/31/2020 2:22:16 PM, 3230.25, 9022.75, 1616.4, 322.52, 219.68, 160.75, 311.9138, 170.85, 237.95, 95.77, 30.04, 63.24, 125.85, 63.165, 87.53, , , , , 
1/31/2020 2:22:19 PM, 3230.75, 9024.5, 1616.6, 322.54, 219.71, 160.76, 311.98, 170.86, 237.95, 95.78, 30.04, 63.25, 125.869, 63.165, 87.53, , , , , 
1/31/2020 2:22:22 PM, 3230.5, 9023.75, 1616.5, 322.54, 219.71, 160.76, 311.9908, 170.85, 238.0138, 95.78, 30.04, 63.25, 125.869, 63.165, 87.53, , , , , 
1/31/2020 2:22:25 PM, 3230.5, 9023.5, 1616.5, 322.5201, 219.7, 160.76, 312.0123, 170.8348, 238.02, 95.78, 30.04, 63.24, 125.87, 63.165, 87.53, , , , , 
1/31/2020 2:22:28 PM, 3230.75, 9023.75, 1616.5, 322.5201, 219.71, 160.76, 311.96, 170.84, 238.0269, 95.78, 30.04, 63.24, 125.87, 63.165, 87.53, , , , , 
1/31/2020 2:22:31 PM, 3230.25, 9022.75, 1616.4, 322.535, 219.6602, 160.77, 311.89, 170.8154, 238.01, 95.76, 30.04, 63.245, 125.85, 63.165, 87.53, , , , , 
1/31/2020 2:22:34 PM, 3230.75, 9023.25, 1616.6, 322.535, 219.6847, 160.77, 311.9058, 170.83, 238.01, 95.76, 30.04, 63.245, 125.85, 63.165, 87.53, , , , , 
1/31/2020 2:22:37 PM, 3230, 9021.75, 1616.2, 322.46, 219.65, 160.74, 311.8833, 170.8, 238.01, 95.76, 30.0456, 63.23, 125.85, 63.165, 87.525, , , , , 
1/31/2020 2:22:40 PM, 3230, 9022.25, 1616.3, 322.46, 219.65, 160.74, 311.87, 170.805, 238.01, 95.76, 30.0456, 63.23, 125.85, 63.165, 87.525, , , , , 
1/31/2020 2:22:43 PM, 3230.5, 9023, 1616.6, 322.52, 219.69, 160.77, 311.93, 170.8404, 238.02, 95.765, 30.0456, 63.24, 125.85, 63.165, 87.53, , , , , 
1/31/2020 2:22:46 PM, 3230.75, 9023, 1616.5, 322.52, 219.68, 160.77, 311.9232, 170.8389, 237.985, 95.765, 30.0456, 63.24, 125.85, 63.165, 87.53, , , , , 
1/31/2020 2:22:49 PM, 3230.25, 9022.75, 1616.8, 322.51, 219.67, 160.8, 311.9078, 170.83, 237.985, 95.76, 30.04, 63.245, 125.85, 63.165, 87.53, , , , , 
1/31/2020 2:22:52 PM, 3229.75, 9020.5, 1616.6, 322.51, 219.6294, 160.8, 311.85, 170.79, 237.93, 95.76, 30.04, 63.245, 125.85, 63.165, 87.53, , , , , 
1/31/2020 2:22:55 PM, 3229.5, 9020.25, 1616.4, 322.39, 219.6171, 160.74, 311.8101, 170.7539, 237.905, 95.72, 30.025, 63.22, 125.8, 63.165, 87.52, , , , , 
1/31/2020 2:22:58 PM, 3229, 9019, 1616.2, 322.39, 219.59, 160.74, 311.809, 170.745, 237.8, 95.72, 30.025, 63.22, 125.8, 63.165, 87.52, , , , , 
1/31/2020 2:23:01 PM, 3229.5, 9020.25, 1616.6, 322.449, 219.6, 160.79, 311.8099, 170.77, 237.8, 95.74, 30.03, 63.22, 125.82, 63.165, 87.52, , , , , 
1/31/2020 2:23:04 PM, 3229.75, 9021, 1616.8, 322.449, 219.62, 160.79, 311.79, 170.78, 237.8, 95.74, 30.03, 63.22, 125.82, 63.165, 87.52, , , , , 
1/31/2020 2:23:07 PM, 3229.5, 9020, 1616.7, 322.41, 219.59, 160.78, 311.85, 170.77, 237.8, 95.73, 30.035, 63.219, 125.82, 63.165, 87.52, , , , , 
1/31/2020 2:23:10 PM, 3229, 9018, 1616.3, 322.41, 219.555, 160.78, 311.74, 170.721, 237.81, 95.73, 30.035, 63.219, 125.82, 63.165, 87.52, , , , , 
1/31/2020 2:23:13 PM, 3228.75, 9017.5, 1616.2, 322.32, 219.55, 160.71, 311.7326, 170.71, 237.81, 95.71, 30.025, 63.215, 125.77, 63.165, 87.52, , , , , 
1/31/2020 2:23:16 PM, 3228.5, 9016.75, 1615.9, 322.32, 219.53, 160.71, 311.69, 170.675, 237.75, 95.71, 30.025, 63.215, 125.77, 63.165, 87.52, , , , , 
1/31/2020 2:23:19 PM, 3228.5, 9017, 1615.9, 322.34, 219.54, 160.7, 311.6638, 170.678, 237.75, 95.7, 30.02, 63.22, 125.77, 63.165, 87.52, , , , , 
1/31/2020 2:23:22 PM, 3228.75, 9018, 1616, 322.34, 219.56, 160.7, 311.74, 170.685, 237.7784, 95.7, 30.02, 63.22, 125.77, 63.165, 87.52, , , , , 
1/31/2020 2:23:25 PM, 3228.5, 9017.75, 1615.9, 322.29, 219.55, 160.68, 311.7448, 170.655, 237.7897, 95.71, 30.02, 63.22, 125.78, 63.165, 87.52, , , , , 
1/31/2020 2:23:28 PM, 3228, 9015.75, 1615.4, 322.29, 219.51, 160.68, 311.65, 170.6399, 237.6801, 95.71, 30.02, 63.22, 125.78, 63.165, 87.52, , , , , 
1/31/2020 2:23:31 PM, 3227.5, 9014.75, 1615.3, 322.23, 219.47, 160.64, 311.61, 170.59, 237.6801, 95.67, 30.02, 63.21, 125.75, 63.165, 87.51, , , , , 
1/31/2020 2:23:34 PM, 3227.5, 9013.5, 1615.2, 322.2, 219.46, 160.63, 311.57, 170.6, 237.5521, 95.66, 30.01, 63.21, 125.74, 63.165, 87.5, , , , , 
1/31/2020 2:23:37 PM, 3227.5, 9013.5, 1615.2, 322.21, 219.46, 160.6275, 311.57, 170.6, 237.5521, 95.6621, 30.015, 63.205, 125.74, 63.165, 87.5, , , , , 
1/31/2020 2:23:40 PM, 3227.5, 9014.25, 1615, 322.22, 219.46, 160.6146, 311.6101, 170.57, 237.65, 95.66, 30.02, 63.205, 125.74, 63.165, 87.5, , , , , 
1/31/2020 2:23:43 PM, 3227.5, 9014.25, 1615, 322.23, 219.46, 160.6146, 311.6101, 170.57, 237.65, 95.67, 30.02, 63.2, 125.74, 63.165, 87.5, , , , , 
1/31/2020 2:23:46 PM, 3227.75, 9014.25, 1615, 322.24, 219.475, 160.62, 311.58, 170.5701, 237.66, 95.67, 30.0164, 63.2, 125.74, 63.165, 87.5, , , , , 
1/31/2020 2:23:49 PM, 3227.75, 9014.25, 1615, 322.24, 219.475, 160.625, 311.58, 170.5701, 237.66, 95.67, 30.01, 63.21, 125.74, 63.165, 87.5, , , , , 
1/31/2020 2:23:53 PM, 3227.5, 9014, 1615, 322.26, 219.49, 160.64, 311.6799, 170.56, 237.6829, 95.67, 30.02, 63.21, 125.76, 63.165, 87.5, , , , , 
1/31/2020 2:23:56 PM, 3227.5, 9014, 1615, 322.24, 219.49, 160.62, 311.6799, 170.56, 237.6829, 95.68, 30.015, 63.2, 125.76, 63.165, 87.5, , , , , 
1/31/2020 2:23:59 PM, 3228, 9015, 1615.3, 322.27, 219.475, 160.63, 311.63, 170.555, 237.63, 95.68, 30.015, 63.21, 125.76, 63.165, 87.5, , , , , 
1/31/2020 2:24:02 PM, 3228, 9015, 1615.3, 322.2377, 219.475, 160.63, 311.63, 170.555, 237.63, 95.67, 30.015, 63.21, 125.76, 63.165, 87.495, , , , , 
1/31/2020 2:24:05 PM, 3228, 9014.5, 1615.5, 322.255, 219.465, 160.65, 311.695, 170.5478, 237.64, 95.67, 30.015, 63.215, 125.76, 63.165, 87.5, , , , , 
1/31/2020 2:24:08 PM, 3228, 9014.5, 1615.5, 322.25, 219.465, 160.65, 311.695, 170.5478, 237.64, 95.67, 30.015, 63.215, 125.76, 63.165, 87.5, , , , , 
1/31/2020 2:24:11 PM, 3227.75, 9013.75, 1615.4, 322.25, 219.45, 160.66, 311.645, 170.545, 237.64, 95.665, 30.015, 63.2199, 125.75, 63.165, 87.5, , , , , 
1/31/2020 2:24:14 PM, 3227.75, 9013.75, 1615.4, 322.24, 219.45, 160.65, 311.645, 170.545, 237.64, 95.66, 30.02, 63.2199, 125.75, 63.165, 87.5, , , , , 
1/31/2020 2:24:17 PM, 3227.5, 9013.5, 1615.3, 322.23, 219.4395, 160.65, 311.5938, 170.54, 237.61, 95.655, 30.0199, 63.2164, 125.73, 63.165, 87.5, , , , , 
1/31/2020 2:24:20 PM, 3227.5, 9013.5, 1615.3, 322.238, 219.4395, 160.65, 311.5938, 170.54, 237.61, 95.66, 30.01, 63.215, 125.73, 63.165, 87.5, , , , , 
1/31/2020 2:24:23 PM, 3227.75, 9014, 1615.4, 322.26, 219.45, 160.66, 311.6, 170.54, 237.65, 95.655, 30.015, 63.215, 125.74, 63.165, 87.495, , , , , 
1/31/2020 2:24:26 PM, 3227.75, 9014, 1615.4, 322.25, 219.45, 160.66, 311.6, 170.54, 237.65, 95.655, 30.015, 63.215, 125.74, 63.165, 87.495, , , , , 
1/31/2020 2:24:29 PM, 3228.25, 9014.75, 1615.7, 322.28, 219.48, 160.68, 311.65, 170.55, 237.72, 95.67, 30.02, 63.215, 125.75, 63.165, 87.495, , , , , 
1/31/2020 2:24:32 PM, 3228.25, 9014.75, 1615.7, 322.31, 219.48, 160.7, 311.65, 170.55, 237.72, 95.685, 30.025, 63.215, 125.76, 63.165, 87.495, , , , , 
1/31/2020 2:24:35 PM, 3228.75, 9016.5, 1616, 322.34, 219.51, 160.72, 311.72, 170.6155, 237.7628, 95.69, 30.025, 63.215, 125.77, 63.165, 87.505, , , , , 
1/31/2020 2:24:38 PM, 3228.75, 9016.5, 1616, 322.3, 219.51, 160.71, 311.72, 170.6155, 237.7628, 95.68, 30.025, 63.215, 125.76, 63.165, 87.505, , , , , 
1/31/2020 2:24:41 PM, 3228, 9014.25, 1615.7, 322.29, 219.46, 160.71, 311.6283, 170.59, 237.765, 95.68, 30.02, 63.215, 125.76, 63.165, 87.505, , , , , 
1/31/2020 2:24:44 PM, 3228, 9014.25, 1615.7, 322.24, 219.46, 160.67, 311.6283, 170.59, 237.765, 95.66, 30.02, 63.21, 125.736, 63.165, 87.5, , , , , 
1/31/2020 2:24:47 PM, 3227.5, 9012, 1615.5, 322.2225, 219.42, 160.67, 311.441, 170.5319, 237.6372, 95.66, 30.02, 63.2, 125.736, 63.165, 87.51, , , , , 
1/31/2020 2:24:50 PM, 3227.5, 9012, 1615.5, 322.2299, 219.42, 160.67, 311.441, 170.5319, 237.6372, 95.65, 30.01, 63.205, 125.736, 63.165, 87.5, , , , , 
1/31/2020 2:24:53 PM, 3227.5, 9013, 1615.7, 322.2299, 219.43, 160.69, 311.565, 170.545, 237.58, 95.65, 30.015, 63.205, 125.73, 63.165, 87.5, , , , , 
1/31/2020 2:24:56 PM, 3227.5, 9013, 1615.7, 322.25, 219.43, 160.69, 311.565, 170.545, 237.58, 95.66, 30.015, 63.2, 125.74, 63.165, 87.5, , , , , 
1/31/2020 2:24:59 PM, 3227.5, 9013.25, 1615.8, 322.24, 219.4354, 160.71, 311.5586, 170.565, 237.62, 95.66, 30.015, 63.205, 125.74, 63.165, 87.5, , , , , 
1/31/2020 2:25:02 PM, 3227.5, 9013.25, 1615.8, 322.25, 219.4354, 160.7, 311.5586, 170.565, 237.62, 95.66, 30.015, 63.21, 125.75, 63.165, 87.5, , , , , 
1/31/2020 2:25:05 PM, 3228.25, 9015.25, 1616.3, 322.27, 219.51, 160.74, 311.6049, 170.5912, 237.7, 95.67, 30.02, 63.21, 125.77, 63.165, 87.5, , , , , 
1/31/2020 2:25:08 PM, 3228.25, 9015.25, 1616.3, 322.3213, 219.51, 160.75, 311.6049, 170.5912, 237.7, 95.69, 30.02, 63.21, 125.78, 63.165, 87.51, , , , , 
1/31/2020 2:25:11 PM, 3228.25, 9015.75, 1616.2, 322.29, 219.5, 160.75, 311.66, 170.6042, 237.7457, 95.69, 30.025, 63.215, 125.77, 63.165, 87.515, , , , , 
1/31/2020 2:25:14 PM, 3228.25, 9015.75, 1616.2, 322.29, 219.5, 160.75, 311.66, 170.6042, 237.7457, 95.685, 30.0225, 63.215, 125.77, 63.165, 87.515, , , , , 
1/31/2020 2:25:17 PM, 3228.5, 9016.25, 1616.2, 322.3, 219.5059, 160.74, 311.6549, 170.63, 237.7457, 95.69, 30.0225, 63.2101, 125.77, 63.165, 87.51, , , , , 
1/31/2020 2:25:20 PM, 3228.5, 9016.25, 1616.2, 322.3, 219.5059, 160.75, 311.6549, 170.63, 237.7457, 95.69, 30.025, 63.215, 125.77, 63.165, 87.51, , , , , 
1/31/2020 2:25:23 PM, 3227.5, 9013.25, 1615.8, 322.2034, 219.47, 160.7, 311.52, 170.58, 237.69, 95.66, 30.0127, 63.2, 125.74, 63.165, 87.51, , , , , 
1/31/2020 2:25:26 PM, 3227.5, 9013.25, 1615.8, 322.21, 219.47, 160.69, 311.52, 170.58, 237.69, 95.66, 30.015, 63.2, 125.7386, 63.165, 87.51, , , , , 
1/31/2020 2:25:29 PM, 3227.75, 9014, 1615.9, 322.24, 219.47, 160.72, 311.6, 170.57, 237.6024, 95.66, 30.015, 63.2, 125.75, 63.165, 87.5, , , , , 
1/31/2020 2:25:32 PM, 3227.75, 9014, 1615.9, 322.19, 219.47, 160.7, 311.6, 170.57, 237.6024, 95.65, 30.01, 63.19, 125.755, 63.165, 87.5, , , , , 
1/31/2020 2:25:35 PM, 3227.5, 9013, 1615.8, 322.2, 219.44, 160.7, 311.55, 170.5498, 237.59, 95.65, 30.01, 63.195, 125.75, 63.165, 87.5, , , , , 
1/31/2020 2:25:38 PM, 3227.5, 9014, 1616, 322.2343, 219.46, 160.695, 311.6098, 170.56, 237.695, 95.6667, 30.015, 63.195, 125.75, 63.165, 87.5, , , , , 
1/31/2020 2:25:41 PM, 3227.5, 9014.25, 1616, 322.24, 219.4662, 160.71, 311.59, 170.57, 237.695, 95.6667, 30.015, 63.195, 125.75, 63.165, 87.5, , , , , 
1/31/2020 2:25:44 PM, 3227.75, 9014.5, 1615.8, 322.2421, 219.4636, 160.7, 311.6004, 170.5646, 237.695, 95.6667, 30.02, 63.195, 125.77, 63.165, 87.5, , , , , 
1/31/2020 2:25:47 PM, 3228, 9014.5, 1615.8, 322.26, 219.475, 160.7, 311.664, 170.595, 237.66, 95.67, 30.0246, 63.195, 125.78, 63.165, 87.4946, , , , , 
1/31/2020 2:25:50 PM, 3228, 9014.5, 1615.9, 322.27, 219.5, 160.7, 311.67, 170.595, 237.64, 95.6777, 30.025, 63.205, 125.78, 63.165, 87.5, , , , , 
1/31/2020 2:25:54 PM, 3227.5, 9013.5, 1615.7, 322.24, 219.45, 160.69, 311.57, 170.58, 237.67, 95.66, 30.02, 63.2, 125.77, 63.165, 87.505, , , , , 
1/31/2020 2:25:57 PM, 3227.75, 9014.25, 1615.8, 322.23, 219.4679, 160.68, 311.56, 170.6, 237.67, 95.665, 30.02, 63.2, 125.77, 63.165, 87.505, , , , , 
1/31/2020 2:26:00 PM, 3227.5, 9013.75, 1615.7, 322.2301, 219.4698, 160.69, 311.605, 170.6, 237.67, 95.67, 30.02, 63.195, 125.77, 63.165, 87.505, , , , , 
1/31/2020 2:26:03 PM, 3227.5, 9013.5, 1615.7, 322.23, 219.4698, 160.68, 311.59, 170.58, 237.6558, 95.67, 30.02, 63.1968, 125.77, 63.165, 87.505, , , , , 
1/31/2020 2:26:06 PM, 3227.25, 9012.75, 1615.6, 322.21, 219.44, 160.68, 311.56, 170.56, 237.63, 95.67, 30.02, 63.1968, 125.77, 63.165, 87.5, , , , , 
1/31/2020 2:26:09 PM, 3227.75, 9014.5, 1615.7, 322.21, 219.47, 160.68, 311.6333, 170.59, 237.7, 95.66, 30.0164, 63.19, 125.76, 63.165, 87.5, , , , , 
1/31/2020 2:26:12 PM, 3227.75, 9014.25, 1615.7, 322.23, 219.46, 160.69, 311.65, 170.58, 237.73, 95.66, 30.02, 63.19, 125.77, 63.165, 87.5, , , , , 
1/31/2020 2:26:15 PM, 3227.25, 9013.5, 1615.7, 322.245, 219.46, 160.69, 311.6074, 170.58, 237.68, 95.66, 30.0166, 63.195, 125.77, 63.165, 87.5, , , , , 
1/31/2020 2:26:18 PM, 3227.25, 9013.25, 1615.6, 322.19, 219.44, 160.675, 311.6, 170.5525, 237.68, 95.65, 30.01, 63.185, 125.76, 63.165, 87.5, , , , , 
1/31/2020 2:26:21 PM, 3227.25, 9013.75, 1615.7, 322.19, 219.45, 160.675, 311.62, 170.57, 237.6526, 95.65, 30.01, 63.19, 125.76, 63.165, 87.5, , , , , 
1/31/2020 2:26:24 PM, 3227.5, 9014.25, 1615.8, 322.2099, 219.45, 160.6801, 311.65, 170.5782, 237.6526, 95.65, 30.015, 63.185, 125.76, 63.165, 87.5, , , , , 
1/31/2020 2:26:27 PM, 3227.75, 9015.25, 1615.9, 322.24, 219.49, 160.69, 311.7, 170.645, 237.75, 95.67, 30.02, 63.19, 125.77, 63.165, 87.5, , , , , 
1/31/2020 2:26:30 PM, 3228.25, 9016, 1616.1, 322.29, 219.51, 160.73, 311.7299, 170.685, 237.7778, 95.68, 30.02, 63.2, 125.78, 63.165, 87.5, , , , , 
1/31/2020 2:26:33 PM, 3228, 9015.25, 1616, 322.31, 219.4999, 160.735, 311.7299, 170.66, 237.6801, 95.7, 30.02, 63.2, 125.79, 63.165, 87.51, , , , , 
1/31/2020 2:26:36 PM, 3227.75, 9014, 1615.9, 322.22, 219.4601, 160.71, 311.68, 170.63, 237.64, 95.68, 30.02, 63.2, 125.77, 63.165, 87.51, , , , , 
1/31/2020 2:26:39 PM, 3227.75, 9014.75, 1615.9, 322.225, 219.48, 160.71, 311.7151, 170.6207, 237.65, 95.67, 30.02, 63.2, 125.77, 63.165, 87.51, , , , , 
1/31/2020 2:26:42 PM, 3227.5, 9014.5, 1615.9, 322.24, 219.4903, 160.71, 311.7421, 170.64, 237.65, 95.67, 30.02, 63.2, 125.77, 63.165, 87.51, , , , , 
1/31/2020 2:26:45 PM, 3227.75, 9014.5, 1615.8, 322.24, 219.47, 160.7, 311.7209, 170.65, 237.65, 95.67, 30.02, 63.195, 125.77, 63.165, 87.51, , , , , 
1/31/2020 2:26:48 PM, 3228, 9015.25, 1615.7, 322.25, 219.485, 160.695, 311.77, 170.654, 237.65, 95.67, 30.015, 63.195, 125.775, 63.165, 87.51, , , , , 
1/31/2020 2:26:51 PM, 3228.5, 9016.25, 1616, 322.25, 219.5221, 160.69, 311.7752, 170.6746, 237.67, 95.67, 30.015, 63.195, 125.775, 63.165, 87.51, , , , , 
1/31/2020 2:26:54 PM, 3228.5, 9017.5, 1616.2, 322.315, 219.55, 160.73, 311.78, 170.7, 237.77, 95.7, 30.02, 63.2, 125.81, 63.165, 87.505, , , , , 
1/31/2020 2:26:57 PM, 3229, 9018.5, 1616.3, 322.33, 219.57, 160.73, 311.88, 170.72, 237.755, 95.71, 30.02, 63.2, 125.81, 63.165, 87.505, , , , , 
1/31/2020 2:27:00 PM, 3228.75, 9019.25, 1616.2, 322.35, 219.58, 160.74, 311.924, 170.745, 237.755, 95.73, 30.025, 63.21, 125.82, 63.165, 87.505, , , , , 
1/31/2020 2:27:03 PM, 3228.75, 9019, 1616.1, 322.355, 219.57, 160.72, 311.96, 170.75, 237.7867, 95.73, 30.02, 63.21, 125.83, 63.165, 87.505, , , , , 
1/31/2020 2:27:06 PM, 3228.75, 9018.75, 1616.1, 322.33, 219.58, 160.73, 311.96, 170.74, 237.7741, 95.73, 30.02, 63.205, 125.83, 63.165, 87.505, , , , , 
1/31/2020 2:27:09 PM, 3228.75, 9019, 1616.1, 322.33, 219.5773, 160.73, 311.9575, 170.74, 237.7741, 95.73, 30.025, 63.205, 125.83, 63.165, 87.505, , , , , 
1/31/2020 2:27:12 PM, 3228.5, 9018.25, 1616.1, 322.3, 219.56, 160.72, 311.902, 170.74, 237.79, 95.72, 30.02, 63.19, 125.81, 63.165, 87.505, , , , , 
1/31/2020 2:27:15 PM, 3228.25, 9017.75, 1616, 322.3, 219.56, 160.72, 311.85, 170.725, 237.79, 95.72, 30.025, 63.19, 125.82, 63.165, 87.51, , , , , 
1/31/2020 2:27:18 PM, 3228.75, 9018.75, 1616.1, 322.31, 219.58, 160.73, 311.91, 170.7389, 237.79, 95.71, 30.03, 63.195, 125.82, 63.165, 87.505, , , , , 
1/31/2020 2:27:21 PM, 3228.75, 9019, 1616.1, 322.3575, 219.59, 160.73, 311.9516, 170.75, 237.82, 95.73, 30.02, 63.205, 125.83, 63.165, 87.505, , , , , 
1/31/2020 2:27:24 PM, 3229.25, 9020, 1616.4, 322.36, 219.61, 160.72, 312.0399, 170.75, 237.8191, 95.73, 30.02, 63.205, 125.84, 63.165, 87.505, , , , , 
1/31/2020 2:27:27 PM, 3229.25, 9020, 1616.2, 322.39, 219.6, 160.74, 312.05, 170.76, 237.7901, 95.75, 30.03, 63.21, 125.85, 63.165, 87.515, , , , , 
1/31/2020 2:27:30 PM, 3229.25, 9020.5, 1616.4, 322.4114, 219.62, 160.75, 312.027, 170.76, 237.83, 95.75, 30.025, 63.21, 125.855, 63.165, 87.515, , , , , 
1/31/2020 2:27:33 PM, 3229.5, 9020.5, 1616.4, 322.4199, 219.61, 160.75, 312.001, 170.75, 237.85, 95.75, 30.025, 63.21, 125.85, 63.165, 87.515, , , , , 
1/31/2020 2:27:36 PM, 3229.25, 9020, 1616.3, 322.41, 219.61, 160.75, 311.9924, 170.75, 237.85, 95.75, 30.025, 63.21, 125.86, 63.165, 87.52, , , , , 
1/31/2020 2:27:39 PM, 3229.75, 9021, 1616.5, 322.4233, 219.6268, 160.75, 312.01, 170.7896, 237.8865, 95.75, 30.025, 63.215, 125.86, 63.165, 87.52, , , , , 
1/31/2020 2:27:42 PM, 3229.5, 9020, 1616.4, 322.42, 219.62, 160.76, 312.0037, 170.77, 237.87, 95.75, 30.025, 63.215, 125.86, 63.165, 87.515, , , , , 
1/31/2020 2:27:45 PM, 3229.25, 9019.5, 1616.3, 322.41, 219.6, 160.75, 311.99, 170.76, 237.87, 95.75, 30.025, 63.215, 125.86, 63.165, 87.515, , , , , 
1/31/2020 2:27:48 PM, 3229.5, 9020.25, 1616.3, 322.39, 219.6, 160.74, 311.9511, 170.82, 237.7969, 95.74, 30.025, 63.21, 125.85, 63.165, 87.51, , , , , 
1/31/2020 2:27:51 PM, 3229, 9018.75, 1616.1, 322.4, 219.58, 160.74, 311.9401, 170.77, 237.79, 95.74, 30.02, 63.215, 125.86, 63.165, 87.51, , , , , 
1/31/2020 2:27:54 PM, 3229, 9019.25, 1616.1, 322.3599, 219.58, 160.72, 311.97, 170.79, 237.79, 95.74, 30.02, 63.215, 125.84, 63.165, 87.505, , , , , 
1/31/2020 2:27:57 PM, 3229, 9019.25, 1616, 322.3599, 219.59, 160.72, 311.9499, 170.7818, 237.79, 95.74, 30.02, 63.215, 125.84, 63.165, 87.505, , , , , 
1/31/2020 2:28:00 PM, 3229.25, 9020.75, 1616.2, 322.44, 219.615, 160.75, 312.0496, 170.8197, 237.845, 95.76, 30.03, 63.215, 125.87, 63.165, 87.505, , , , , 
1/31/2020 2:28:03 PM, 3229.75, 9021.75, 1616.3, 322.44, 219.65, 160.75, 312.078, 170.855, 237.91, 95.76, 30.03, 63.215, 125.87, 63.165, 87.505, , , , , 
1/31/2020 2:28:07 PM, 3229, 9020.25, 1616.1, 322.34, 219.61, 160.71, 311.99, 170.82, 237.82, 95.74, 30.02, 63.205, 125.85, 63.165, 87.51, , , , , 
1/31/2020 2:28:10 PM, 3228.5, 9018, 1615.8, 322.34, 219.55, 160.71, 311.83, 170.77, 237.75, 95.74, 30.02, 63.205, 125.85, 63.165, 87.51, , , , , 
1/31/2020 2:28:13 PM, 3228.5, 9018.75, 1615.8, 322.35, 219.56, 160.71, 311.87, 170.78, 237.7904, 95.73, 30.02, 63.2, 125.85, 63.165, 87.5, , , , , 
1/31/2020 2:28:16 PM, 3228.75, 9018.5, 1616, 322.35, 219.57, 160.71, 311.9045, 170.8, 237.7904, 95.73, 30.02, 63.2, 125.85, 63.165, 87.5, , , , , 
1/31/2020 2:28:19 PM, 3228.75, 9018.75, 1616, 322.33, 219.58, 160.71, 311.9555, 170.8132, 237.7904, 95.73, 30.015, 63.21, 125.85, 63.165, 87.5, , , , , 
1/31/2020 2:28:22 PM, 3229, 9019.75, 1616.1, 322.33, 219.59, 160.71, 311.94, 170.8, 237.7904, 95.73, 30.015, 63.21, 125.85, 63.165, 87.5, , , , , 
1/31/2020 2:28:25 PM, 3229.5, 9020.5, 1616.3, 322.41, 219.59, 160.73, 311.9001, 170.86, 237.7904, 95.75, 30.02, 63.21, 125.865, 63.165, 87.5, , , , , 
1/31/2020 2:28:28 PM, 3229.25, 9020, 1616, 322.41, 219.61, 160.73, 311.83, 170.8485, 237.7904, 95.75, 30.02, 63.21, 125.865, 63.165, 87.5, , , , , 
1/31/2020 2:28:31 PM, 3229.5, 9020.5, 1616.1, 322.44, 219.61, 160.72, 311.87, 170.82, 237.7904, 95.75, 30.025, 63.22, 125.865, 63.165, 87.5, , , , , 
1/31/2020 2:28:34 PM, 3229.5, 9020, 1616.1, 322.44, 219.61, 160.72, 311.9, 170.8232, 237.7869, 95.75, 30.025, 63.22, 125.865, 63.165, 87.5, , , , , 
1/31/2020 2:28:37 PM, 3229.5, 9019.25, 1615.9, 322.41, 219.6, 160.71, 311.9, 170.8, 237.78, 95.74, 30.0244, 63.225, 125.87, 63.165, 87.5, , , , , 
1/31/2020 2:28:40 PM, 3228.75, 9018.5, 1615.8, 322.41, 219.58, 160.71, 311.8, 170.77, 237.75, 95.74, 30.0244, 63.225, 125.87, 63.165, 87.5, , , , , 
1/31/2020 2:28:43 PM, 3228.75, 9017, 1615.6, 322.34, 219.56, 160.69, 311.6601, 170.765, 237.7274, 95.71, 30.02, 63.22, 125.84, 63.165, 87.5, , , , , 
1/31/2020 2:28:46 PM, 3228.75, 9017.5, 1615.7, 322.34, 219.55, 160.69, 311.7, 170.77, 237.69, 95.71, 30.02, 63.22, 125.84, 63.165, 87.5, , , , , 
1/31/2020 2:28:49 PM, 3228.75, 9017.25, 1615.7, 322.35, 219.5401, 160.67, 311.68, 170.78, 237.68, 95.71, 30.02, 63.22, 125.84, 63.165, 87.5, , , , , 
1/31/2020 2:28:52 PM, 3228.5, 9016.25, 1615.5, 322.35, 219.52, 160.67, 311.68, 170.75, 237.65, 95.71, 30.02, 63.22, 125.84, 63.165, 87.5, , , , , 
1/31/2020 2:28:55 PM, 3228, 9014.25, 1615.5, 322.2703, 219.5, 160.66, 311.65, 170.7059, 237.6338, 95.69, 30.02, 63.215, 125.8, 63.165, 87.5, , , , , 
1/31/2020 2:28:58 PM, 3228, 9014.25, 1615.5, 322.2703, 219.46, 160.66, 311.5406, 170.699, 237.6652, 95.69, 30.02, 63.215, 125.8, 63.165, 87.5, , , , , 
1/31/2020 2:29:01 PM, 3228, 9014.25, 1615.5, 322.27, 219.45, 160.67, 311.49, 170.69, 237.58, 95.67, 30.02, 63.215, 125.8, 63.165, 87.5, , , , , 
1/31/2020 2:29:04 PM, 3228, 9013.25, 1615.4, 322.27, 219.467, 160.67, 311.48, 170.6899, 237.6, 95.67, 30.02, 63.215, 125.8, 63.165, 87.5, , , , , 
1/31/2020 2:29:07 PM, 3227.75, 9013.5, 1615.5, 322.2219, 219.44, 160.65, 311.46, 170.6807, 237.65, 95.67, 30.02, 63.215, 125.8, 63.165, 87.5, , , , , 
1/31/2020 2:29:10 PM, 3227.75, 9012.75, 1615.3, 322.2219, 219.42, 160.65, 311.44, 170.66, 237.59, 95.67, 30.02, 63.215, 125.8, 63.165, 87.5, , , , , 
1/31/2020 2:29:13 PM, 3227.75, 9014, 1615.5, 322.245, 219.46, 160.65, 311.5051, 170.695, 237.57, 95.665, 30.0131, 63.215, 125.8, 63.165, 87.505, , , , , 
1/31/2020 2:29:16 PM, 3227.5, 9012.75, 1615.3, 322.245, 219.42, 160.65, 311.41, 170.675, 237.6, 95.665, 30.0131, 63.215, 125.8, 63.165, 87.505, , , , , 
1/31/2020 2:29:19 PM, 3227.5, 9013, 1615.3, 322.255, 219.43, 160.64, 311.4, 170.6879, 237.6, 95.67, 30.015, 63.215, 125.8, 63.165, 87.5, , , , , 
1/31/2020 2:29:22 PM, 3228, 9014, 1615.6, 322.255, 219.46, 160.64, 311.455, 170.7037, 237.58, 95.67, 30.015, 63.215, 125.8, 63.165, 87.5, , , , , 
1/31/2020 2:29:25 PM, 3228.5, 9015, 1615.8, 322.302, 219.49, 160.69, 311.46, 170.7399, 237.659, 95.68, 30.02, 63.22, 125.81, 63.165, 87.5, , , , , 
1/31/2020 2:29:28 PM, 3228.5, 9015.75, 1615.8, 322.302, 219.5, 160.69, 311.4817, 170.74, 237.62, 95.68, 30.02, 63.22, 125.81, 63.165, 87.5, , , , , 
1/31/2020 2:29:31 PM, 3228.25, 9014.75, 1615.7, 322.3312, 219.49, 160.704, 311.5298, 170.75, 237.64, 95.69, 30.0256, 63.23, 125.82, 63.165, 87.5, , , , , 
1/31/2020 2:29:34 PM, 3228.5, 9015, 1615.8, 322.3312, 219.485, 160.704, 311.53, 170.75, 237.69, 95.69, 30.0256, 63.23, 125.82, 63.165, 87.5, , , , , 
1/31/2020 2:29:37 PM, 3228.5, 9015.5, 1615.8, 322.3788, 219.49, 160.73, 311.56, 170.76, 237.69, 95.7, 30.03, 63.24, 125.83, 63.165, 87.5, , , , , 
1/31/2020 2:29:40 PM, 3229.25, 9017.75, 1616.1, 322.3788, 219.54, 160.73, 311.58, 170.8, 237.69, 95.7, 30.03, 63.24, 125.83, 63.165, 87.5, , , , , 
1/31/2020 2:29:43 PM, 3229.25, 9018.5, 1616.2, 322.4, 219.55, 160.73, 311.6407, 170.81, 237.69, 95.71, 30.035, 63.245, 125.84, 63.165, 87.5, , , , , 
1/31/2020 2:29:46 PM, 3229.25, 9018.25, 1616.1, 322.4, 219.56, 160.73, 311.5998, 170.84, 237.68, 95.71, 30.035, 63.245, 125.84, 63.165, 87.5, , , , , 
1/31/2020 2:29:49 PM, 3229.5, 9018.5, 1616.1, 322.41, 219.58, 160.74, 311.56, 170.84, 237.6726, 95.715, 30.035, 63.24, 125.85, 63.165, 87.505, , , , , 
1/31/2020 2:29:52 PM, 3229.5, 9018.5, 1616.1, 322.41, 219.56, 160.74, 311.56, 170.83, 237.71, 95.715, 30.035, 63.24, 125.85, 63.165, 87.505, , , , , 
1/31/2020 2:29:55 PM, 3229.25, 9017.75, 1616, 322.38, 219.5558, 160.725, 311.6, 170.8256, 237.71, 95.71, 30.0361, 63.24, 125.85, 63.165, 87.505, , , , , 
1/31/2020 2:29:58 PM, 3229, 9017.75, 1616.2, 322.38, 219.53, 160.725, 311.5999, 170.81, 237.73, 95.71, 30.0361, 63.24, 125.85, 63.165, 87.505, , , , , 
1/31/2020 2:30:01 PM, 3228.75, 9017.25, 1616.1, 322.32, 219.53, 160.71, 311.5525, 170.81, 237.72, 95.69, 30.03, 63.235, 125.82, 63.165, 87.5, , , , , 
1/31/2020 2:30:04 PM, 3227.75, 9013.75, 1615.5, 322.32, 219.45, 160.71, 311.4, 170.715, 237.5944, 95.69, 30.03, 63.235, 125.82, 63.165, 87.5, , , , , 
1/31/2020 2:30:07 PM, 3228.5, 9015.75, 1615.9, 322.3708, 219.5007, 160.74, 311.55, 170.77, 237.65, 95.7, 30.025, 63.24, 125.83, 63.165, 87.5, , , , , 
1/31/2020 2:30:10 PM, 3229.25, 9018.25, 1616.4, 322.3708, 219.55, 160.74, 311.5605, 170.8, 237.7552, 95.7, 30.025, 63.24, 125.83, 63.165, 87.5, , , , , 
1/31/2020 2:30:13 PM, 3229.25, 9018, 1616.3, 322.42, 219.56, 160.78, 311.63, 170.833, 237.7552, 95.73, 30.035, 63.25, 125.85, 63.165, 87.5, , , , , 
1/31/2020 2:30:16 PM, 3229.75, 9019.75, 1616.7, 322.42, 219.6, 160.78, 311.6462, 170.865, 237.8604, 95.73, 30.035, 63.25, 125.85, 63.165, 87.5, , , , , 
1/31/2020 2:30:19 PM, 3229.75, 9020, 1616.7, 322.44, 219.6, 160.796, 311.7312, 170.8515, 237.83, 95.74, 30.04, 63.25, 125.85, 63.165, 87.5, , , , , 
1/31/2020 2:30:22 PM, 3229.75, 9020, 1616.7, 322.44, 219.6, 160.796, 311.7312, 170.8515, 237.83, 95.74, 30.04, 63.25, 125.85, 63.165, 87.5, , , , , 
1/31/2020 2:30:25 PM, 3229.25, 9019, 1616.5, 322.41, 219.585, 160.77, 311.7899, 170.82, 237.8729, 95.73, 30.03, 63.245, 125.85, 63.165, 87.5, , , , , 
1/31/2020 2:30:28 PM, 3229, 9018.25, 1616.4, 322.39, 219.57, 160.75, 311.6808, 170.8, 237.86, 95.73, 30.035, 63.23, 125.83, 63.165, 87.5, , , , , 
1/31/2020 2:30:31 PM, 3228.75, 9017.5, 1616.4, 322.37, 219.54, 160.76, 311.645, 170.79, 237.86, 95.72, 30.025, 63.23, 125.82, 63.165, 87.5, , , , , 
1/31/2020 2:30:34 PM, 3229, 9018.25, 1616.5, 322.38, 219.555, 160.76, 311.69, 170.8039, 237.86, 95.72, 30.03, 63.23, 125.82, 63.165, 87.5, , , , , 
1/31/2020 2:30:38 PM, 3229, 9018.5, 1616.5, 322.39, 219.568, 160.76, 311.7189, 170.8039, 237.835, 95.72, 30.0321, 63.23, 125.82, 63.165, 87.5, , , , , 
1/31/2020 2:30:41 PM, 3229, 9018.75, 1616.5, 322.39, 219.568, 160.76, 311.7197, 170.81, 237.88, 95.72, 30.035, 63.23, 125.83, 63.165, 87.5, , , , , 
1/31/2020 2:30:44 PM, 3229.25, 9019.25, 1616.4, 322.4, 219.58, 160.76, 311.76, 170.81, 237.88, 95.72, 30.035, 63.23, 125.83, 63.165, 87.495, , , , , 
1/31/2020 2:30:47 PM, 3229, 9018.5, 1616.3, 322.38, 219.57, 160.75, 311.7776, 170.8, 237.86, 95.7254, 30.035, 63.23, 125.83, 63.165, 87.495, , , , , 
1/31/2020 2:30:50 PM, 3229.5, 9020, 1616.5, 322.4, 219.62, 160.76, 311.863, 170.82, 237.89, 95.74, 30.035, 63.24, 125.845, 63.165, 87.5, , , , , 
1/31/2020 2:30:53 PM, 3229.5, 9020.25, 1616.5, 322.4, 219.6, 160.76, 311.79, 170.81, 237.885, 95.74, 30.0301, 63.24, 125.845, 63.165, 87.5, , , , , 
1/31/2020 2:30:56 PM, 3229.5, 9020, 1616.5, 322.4, 219.61, 160.76, 311.76, 170.81, 237.885, 95.7361, 30.03, 63.24, 125.845, 63.165, 87.5, , , , , 
1/31/2020 2:30:59 PM, 3229.25, 9019.75, 1616.5, 322.38, 219.59, 160.76, 311.7384, 170.805, 237.885, 95.73, 30.03, 63.24, 125.84, 63.165, 87.5, , , , , 
1/31/2020 2:31:02 PM, 3229.75, 9022, 1616.8, 322.45, 219.65, 160.8, 311.89, 170.87, 237.94, 95.75, 30.035, 63.24, 125.86, 63.165, 87.5, , , , , 
1/31/2020 2:31:05 PM, 3229.75, 9022.5, 1616.8, 322.45, 219.65, 160.795, 311.9576, 170.86, 237.97, 95.755, 30.035, 63.245, 125.87, 63.165, 87.5, , , , , 
1/31/2020 2:31:08 PM, 3230, 9022.25, 1617, 322.45, 219.665, 160.795, 311.935, 170.885, 237.97, 95.76, 30.035, 63.245, 125.87, 63.165, 87.5, , , , , 
1/31/2020 2:31:11 PM, 3229.75, 9021.5, 1616.8, 322.4, 219.63, 160.79, 311.91, 170.8667, 238.0139, 95.76, 30.04, 63.245, 125.87, 63.165, 87.5, , , , , 
1/31/2020 2:31:14 PM, 3229.75, 9021.75, 1616.9, 322.44, 219.65, 160.797, 311.88, 170.88, 238.0399, 95.76, 30.035, 63.245, 125.86, 63.165, 87.5, , , , , 
1/31/2020 2:31:17 PM, 3230, 9022, 1616.8, 322.44, 219.6498, 160.795, 311.89, 170.87, 238.0001, 95.7501, 30.035, 63.245, 125.86, 63.165, 87.5, , , , , 
1/31/2020 2:31:20 PM, 3230.5, 9023.75, 1617, 322.51, 219.68, 160.81, 311.98, 170.9017, 238.09, 95.78, 30.045, 63.255, 125.89, 63.165, 87.5, , , , , 
1/31/2020 2:31:23 PM, 3230.5, 9024.5, 1617.2, 322.54, 219.71, 160.83, 312.07, 170.945, 238.0812, 95.79, 30.045, 63.26, 125.9, 63.165, 87.5, , , , , 
1/31/2020 2:31:26 PM, 3230.75, 9024.5, 1617.2, 322.5375, 219.72, 160.83, 312.0292, 170.9362, 238.02, 95.79, 30.045, 63.26, 125.9, 63.165, 87.51, , , , , 
1/31/2020 2:31:29 PM, 3230.75, 9024, 1617, 322.53, 219.695, 160.83, 311.975, 170.93, 238.0404, 95.79, 30.045, 63.26, 125.89, 63.165, 87.51, , , , , 
1/31/2020 2:31:32 PM, 3230.5, 9023.25, 1617.2, 322.51, 219.6834, 160.82, 312, 170.92, 238.0404, 95.78, 30.045, 63.25, 125.89, 63.165, 87.51, , , , , 
1/31/2020 2:31:35 PM, 3230.5, 9023.75, 1617.1, 322.54, 219.69, 160.82, 312.02, 170.92, 238.04, 95.78, 30.045, 63.255, 125.89, 63.165, 87.51, , , , , 
1/31/2020 2:31:38 PM, 3230.5, 9023.5, 1617, 322.52, 219.69, 160.81, 311.9877, 170.92, 238.04, 95.78, 30.045, 63.255, 125.89, 63.165, 87.51, , , , , 
1/31/2020 2:31:41 PM, 3230.75, 9025, 1617.2, 322.55, 219.73, 160.83, 312.0101, 170.955, 238.04, 95.79, 30.045, 63.26, 125.9, 63.165, 87.51, , , , , 
1/31/2020 2:31:44 PM, 3231.25, 9026, 1617.4, 322.58, 219.75, 160.85, 312.067, 170.97, 238.2, 95.81, 30.05, 63.265, 125.91, 62.98, 87.51, , , , , 
1/31/2020 2:31:47 PM, 3231, 9025.75, 1617.3, 322.56, 219.75, 160.84, 312.06, 170.97, 238.15, 95.8, 30.05, 63.26, 125.9, 62.98, 87.51, , , , , 
1/31/2020 2:31:50 PM, 3231, 9025.25, 1617.3, 322.5569, 219.74, 160.84, 312.0492, 170.9562, 238.1249, 95.8, 30.05, 63.255, 125.9, 62.98, 87.51, , , , , 
1/31/2020 2:31:53 PM, 3231, 9026, 1617.3, 322.59, 219.75, 160.85, 312.08, 170.9762, 238.119, 95.8, 30.055, 63.255, 125.9, 62.98, 87.51, , , , , 
1/31/2020 2:31:56 PM, 3231.5, 9026.25, 1617.4, 322.6085, 219.76, 160.85, 312.0616, 170.97, 238.18, 95.81, 30.0575, 63.255, 125.91, 62.98, 87.51, , , , , 
1/31/2020 2:31:59 PM, 3232, 9028.5, 1617.6, 322.67, 219.8, 160.87, 312.142, 171, 238.22, 95.83, 30.06, 63.265, 125.935, 62.98, 87.52, , , , , 
1/31/2020 2:32:02 PM, 3232.25, 9029, 1617.9, 322.685, 219.83, 160.89, 312.19, 171.01, 238.25, 95.835, 30.06, 63.27, 125.94, 62.98, 87.52, , , , , 
1/31/2020 2:32:05 PM, 3232.75, 9030.25, 1618.1, 322.7129, 219.85, 160.93, 312.26, 171.03, 238.3152, 95.85, 30.0656, 63.2799, 125.96, 62.98, 87.53, , , , , 
1/31/2020 2:32:08 PM, 3232.5, 9029.5, 1617.9, 322.71, 219.84, 160.9, 312.2863, 171.0208, 238.2934, 95.84, 30.06, 63.2799, 125.95, 62.98, 87.53, , , , , 
1/31/2020 2:32:11 PM, 3232.5, 9029.25, 1617.7, 322.705, 219.82, 160.89, 312.3524, 170.9846, 238.2934, 95.84, 30.055, 63.275, 125.94, 62.98, 87.53, , , , , 
1/31/2020 2:32:14 PM, 3232.5, 9030, 1617.7, 322.74, 219.85, 160.9, 312.44, 171.02, 238.3873, 95.85, 30.06, 63.275, 125.96, 62.98, 87.53, , , , , 
1/31/2020 2:32:17 PM, 3232.75, 9030.75, 1617.9, 322.7499, 219.87, 160.9, 312.4617, 171.025, 238.3873, 95.86, 30.06, 63.29, 125.96, 62.98, 87.53, , , , , 
1/31/2020 2:32:20 PM, 3232.5, 9029.75, 1617.9, 322.72, 219.85, 160.91, 312.3299, 171.005, 238.33, 95.85, 30.06, 63.28, 125.96, 62.98, 87.53, , , , , 
1/31/2020 2:32:23 PM, 3233, 9031.25, 1618.3, 322.75, 219.88, 160.94, 312.3583, 171.03, 238.3217, 95.86, 30.0632, 63.275, 125.97, 62.98, 87.53, , , , , 
1/31/2020 2:32:26 PM, 3233, 9032, 1618.2, 322.76, 219.89, 160.93, 312.41, 171.0566, 238.3217, 95.86, 30.0632, 63.29, 125.98, 62.98, 87.53, , , , , 
1/31/2020 2:32:29 PM, 3233.5, 9032.25, 1618.3, 322.79, 219.9099, 160.94, 312.48, 171.0738, 238.3603, 95.88, 30.065, 63.295, 125.99, 62.98, 87.53, , , , , 
1/31/2020 2:32:32 PM, 3233.5, 9033, 1618.2, 322.79, 219.92, 160.935, 312.49, 171.07, 238.43, 95.89, 30.07, 63.295, 125.99, 62.98, 87.53, , , , , 
1/31/2020 2:32:35 PM, 3233, 9032.75, 1618.1, 322.7737, 219.92, 160.93, 312.4701, 171.07, 238.3751, 95.89, 30.07, 63.295, 125.99, 62.98, 87.53, , , , , 
1/31/2020 2:32:38 PM, 3233.25, 9033.75, 1618.3, 322.79, 219.93, 160.93, 312.4962, 171.06, 238.3751, 95.88, 30.065, 63.295, 125.99, 62.98, 87.53, , , , , 
1/31/2020 2:32:41 PM, 3233.75, 9034.5, 1618.5, 322.82, 219.96, 160.96, 312.5598, 171.075, 238.38, 95.9, 30.07, 63.3, 126, 62.98, 87.53, , , , , 
1/31/2020 2:32:44 PM, 3233.75, 9035, 1618.4, 322.82, 219.97, 160.96, 312.52, 171.07, 238.38, 95.9, 30.07, 63.3, 126, 62.98, 87.53, , , , , 
1/31/2020 2:32:47 PM, 3233.75, 9034.75, 1618.7, 322.83, 219.97, 160.99, 312.55, 171.075, 238.37, 95.8954, 30.07, 63.29, 126.01, 62.98, 87.53, , , , , 
1/31/2020 2:32:50 PM, 3233.75, 9035.75, 1618.8, 322.85, 219.9854, 161, 312.575, 171.1, 238.4913, 95.91, 30.07, 63.29, 126.02, 62.98, 87.53, , , , , 
1/31/2020 2:32:54 PM, 3234, 9035.75, 1618.9, 322.86, 219.9899, 161, 312.5404, 171.09, 238.436, 95.91, 30.07, 63.29, 126.02, 62.98, 87.53, , , , , 
1/31/2020 2:32:57 PM, 3235, 9038.5, 1619.1, 322.94, 220.05, 161.03, 312.68, 171.135, 238.495, 95.93, 30.08, 63.31, 126.05, 62.98, 87.54, , , , , 
1/31/2020 2:33:00 PM, 3234.75, 9038.5, 1619.1, 322.9399, 220.05, 161.03, 312.713, 171.15, 238.54, 95.94, 30.08, 63.31, 126.05, 62.98, 87.54, , , , , 
1/31/2020 2:33:03 PM, 3234.25, 9037.25, 1619, 322.89, 220.02, 161, 312.64, 171.1254, 238.48, 95.92, 30.075, 63.3, 126.04, 62.98, 87.545, , , , , 
1/31/2020 2:33:06 PM, 3235, 9039, 1619.3, 322.95, 220.07, 161.03, 312.71, 171.1695, 238.55, 95.95, 30.0812, 63.31, 126.05, 62.98, 87.54, , , , , 
1/31/2020 2:33:09 PM, 3234.75, 9037.5, 1619.3, 322.94, 220.0334, 161.05, 312.63, 171.14, 238.55, 95.93, 30.08, 63.305, 126.04, 62.98, 87.54, , , , , 
1/31/2020 2:33:12 PM, 3234.75, 9037.75, 1619.4, 322.96, 220.04, 161.06, 312.69, 171.14, 238.59, 95.935, 30.085, 63.305, 126.05, 62.98, 87.54, , , , , 
1/31/2020 2:33:15 PM, 3235.75, 9040.25, 1619.7, 323.02, 220.1089, 161.09, 312.83, 171.19, 238.63, 95.96, 30.085, 63.32, 126.06, 63.1274, 87.54, , , , , 
1/31/2020 2:33:18 PM, 3236.5, 9042.75, 1619.8, 323.09, 220.16, 161.11, 312.9182, 171.23, 238.7093, 95.99, 30.095, 63.33, 126.1, 63.1274, 87.565, , , , , 
1/31/2020 2:33:21 PM, 3236.75, 9044.75, 1620, 323.15, 220.1934, 161.12, 312.9077, 171.26, 238.7403, 96, 30.1, 63.34, 126.11, 63.1274, 87.565, , , , , 
1/31/2020 2:33:24 PM, 3237.25, 9045.5, 1620.1, 323.17, 220.21, 161.13, 312.95, 171.28, 238.79, 96.02, 30.1, 63.345, 126.12, 63.1274, 87.565, , , , , 
1/31/2020 2:33:27 PM, 3236.75, 9044, 1619.9, 323.14, 220.175, 161.11, 312.9482, 171.24, 238.796, 96, 30.09, 63.34, 126.11, 63.1274, 87.575, , , , , 
1/31/2020 2:33:30 PM, 3237, 9044.25, 1619.9, 323.15, 220.2, 161.11, 312.9361, 171.25, 238.7552, 96.01, 30.1, 63.34, 126.11, 63.1274, 87.57, , , , , 
1/31/2020 2:33:33 PM, 3236.5, 9043, 1619.7, 323.105, 220.165, 161.08, 312.91, 171.22, 238.72, 95.99, 30.1, 63.34, 126.09, 63.1274, 87.565, , , , , 
1/31/2020 2:33:36 PM, 3236, 9041.75, 1619.3, 323.06, 220.13, 161.07, 312.8566, 171.2023, 238.59, 95.98, 30.09, 63.34, 126.07, 63.1274, 87.565, , , , , 
1/31/2020 2:33:39 PM, 3236.75, 9044, 1619.7, 323.16, 220.18, 161.09, 312.92, 171.245, 238.65, 96.01, 30.09, 63.35, 126.1, 63.1274, 87.565, , , , , 
1/31/2020 2:33:42 PM, 3237.25, 9045.25, 1619.9, 323.19, 220.2, 161.1044, 313.007, 171.26, 238.65, 96.02, 30.11, 63.35, 126.1, 63.1274, 87.565, , , , , 
1/31/2020 2:33:45 PM, 3237, 9044.5, 1619.8, 323.16, 220.19, 161.1, 312.95, 171.25, 238.7707, 96.01, 30.105, 63.35, 126.1, 63.1274, 87.565, , , , , 
1/31/2020 2:33:48 PM, 3237.25, 9044.25, 1619.7, 323.18, 220.185, 161.08, 312.9033, 171.27, 238.7003, 96.01, 30.105, 63.35, 126.1, 63.1274, 87.565, , , , , 
1/31/2020 2:33:51 PM, 3237.5, 9045, 1619.9, 323.22, 220.22, 161.11, 312.967, 171.3, 238.7003, 96.03, 30.11, 63.36, 126.12, 63.1274, 87.565, , , , , 
1/31/2020 2:33:54 PM, 3237.25, 9044.75, 1619.7, 323.17, 220.2, 161.09, 312.9538, 171.27, 238.74, 96.02, 30.1, 63.355, 126.11, 63.1274, 87.57, , , , , 
1/31/2020 2:33:57 PM, 3237.25, 9045, 1619.7, 323.18, 220.19, 161.08, 312.9485, 171.31, 238.73, 96.01, 30.1, 63.3564, 126.11, 63.1274, 87.575, , , , , 
1/31/2020 2:34:00 PM, 3236.75, 9043.5, 1619.5, 323.15, 220.17, 161.07, 312.84, 171.28, 238.73, 96, 30.1, 63.35, 126.1, 63.1274, 87.575, , , , , 
1/31/2020 2:34:03 PM, 3236.75, 9043, 1619.5, 323.14, 220.15, 161.05, 312.8258, 171.255, 238.6933, 96, 30.1, 63.35, 126.1, 63.1274, 87.57, , , , , 
1/31/2020 2:34:06 PM, 3236, 9041.25, 1619.1, 323.0827, 220.11, 161.03, 312.7331, 171.25, 238.73, 95.98, 30.09, 63.34, 126.075, 63.1274, 87.57, , , , , 
1/31/2020 2:34:09 PM, 3236.5, 9042.25, 1619.4, 323.1123, 220.14, 161.05, 312.76, 171.27, 238.6094, 95.98, 30.09, 63.345, 126.1, 63.1274, 87.57, , , , , 
1/31/2020 2:34:12 PM, 3236.5, 9042, 1619.3, 323.11, 220.14, 161.05, 312.7375, 171.27, 238.65, 95.9871, 30.09, 63.345, 126.1, 63.1274, 87.565, , , , , 
1/31/2020 2:34:15 PM, 3236, 9041.25, 1619.2, 323.06, 220.12, 161.03, 312.7301, 171.25, 238.6, 95.97, 30.09, 63.34, 126.08, 63.1274, 87.57, , , , , 
1/31/2020 2:34:18 PM, 3236, 9040.75, 1619.2, 323.0461, 220.12, 161.03, 312.7028, 171.25, 238.6038, 95.97, 30.085, 63.34, 126.08, 63.1274, 87.57, , , , , 
1/31/2020 2:34:21 PM, 3236, 9041, 1619.2, 323.05, 220.12, 161.039, 312.69, 171.235, 238.5529, 95.97, 30.085, 63.34, 126.08, 63.1274, 87.57, , , , , 
1/31/2020 2:34:24 PM, 3235.75, 9039.75, 1619, 323.02, 220.09, 161.02, 312.6401, 171.22, 238.88, 95.97, 30.085, 63.335, 126.07, 63.1274, 87.56, , , , , 
1/31/2020 2:34:27 PM, 3235.25, 9039.75, 1618.8, 322.99, 220.09, 161, 312.6198, 171.193, 238.72, 95.95, 30.08, 63.335, 126.06, 63.1274, 87.56, , , , , 
1/31/2020 2:34:30 PM, 3235.25, 9039.25, 1618.8, 322.98, 220.0721, 161, 312.56, 171.1982, 238.7591, 95.95, 30.08, 63.33, 126.05, 63.1274, 87.56, , , , , 
1/31/2020 2:34:33 PM, 3235.25, 9039.25, 1618.7, 322.96, 220.09, 160.99, 312.5781, 171.22, 238.7203, 95.955, 30.08, 63.33, 126.05, 63.1274, 87.56, , , , , 
1/31/2020 2:34:36 PM, 3235.25, 9040.25, 1618.9, 323, 220.09, 161, 312.63, 171.235, 238.7203, 95.96, 30.08, 63.325, 126.06, 63.1274, 87.56, , , , , 
1/31/2020 2:34:39 PM, 3235.25, 9040, 1618.9, 322.99, 220.09, 161.02, 312.6365, 171.235, 238.735, 95.98, 30.08, 63.33, 126.07, 63.1274, 87.565, , , , , 
1/31/2020 2:34:42 PM, 3235.25, 9040, 1618.8, 323, 220.09, 160.99, 312.645, 171.25, 238.7316, 95.98, 30.08, 63.33, 126.07, 63.1274, 87.56, , , , , 
1/31/2020 2:34:45 PM, 3235.5, 9040.25, 1619, 322.99, 220.1, 161.01, 312.65, 171.2697, 238.7, 95.98, 30.08, 63.33, 126.08, 63.1274, 87.56, , , , , 
1/31/2020 2:34:48 PM, 3235, 9039.5, 1618.8, 322.97, 220.0701, 161.01, 312.6299, 171.24, 238.67, 95.96, 30.08, 63.325, 126.08, 63.1274, 87.56, , , , , 
1/31/2020 2:34:51 PM, 3234.75, 9038.75, 1618.7, 322.94, 220.07, 161.01, 312.57, 171.23, 238.62, 95.96, 30.08, 63.325, 126.08, 63.1274, 87.56, , , , , 
1/31/2020 2:34:54 PM, 3235, 9038.75, 1618.8, 322.95, 220.06, 160.99, 312.5684, 171.2, 238.6288, 95.95, 30.075, 63.3201, 126.05, 63.1274, 87.56, , , , , 
1/31/2020 2:34:57 PM, 3235, 9038.75, 1618.8, 322.95, 220.06, 160.99, 312.5684, 171.2, 238.6288, 95.95, 30.075, 63.3201, 126.05, 63.1274, 87.56, , , , , 
1/31/2020 2:35:00 PM, 3235.25, 9039.5, 1618.9, 322.9601, 220.09, 161, 312.6449, 171.23, 238.6601, 95.96, 30.075, 63.325, 126.06, 63.1274, 87.56, , , , , 
1/31/2020 2:35:03 PM, 3235.25, 9039.5, 1618.9, 322.9601, 220.09, 161, 312.6449, 171.23, 238.6601, 95.96, 30.075, 63.325, 126.06, 63.1274, 87.56, , , , , 
1/31/2020 2:35:06 PM, 3235.75, 9041.75, 1619.3, 323.035, 220.129, 161.04, 312.78, 171.24, 238.69, 95.96, 30.09, 63.338, 126.09, 63.1274, 87.56, , , , , 
1/31/2020 2:35:10 PM, 3235.75, 9041.75, 1619.3, 323.035, 220.129, 161.04, 312.78, 171.24, 238.69, 95.96, 30.09, 63.338, 126.09, 63.1274, 87.56, , , , , 
1/31/2020 2:35:13 PM, 3235.25, 9039, 1619, 322.98, 220.08, 161.01, 312.7176, 171.22, 238.6163, 95.97, 30.08, 63.33, 126.07, 63.1274, 87.56, , , , , 
1/31/2020 2:35:16 PM, 3235.25, 9039, 1619, 322.98, 220.08, 161.01, 312.7176, 171.22, 238.6163, 95.97, 30.08, 63.33, 126.07, 63.1274, 87.56, , , , , 
1/31/2020 2:35:19 PM, 3235, 9039, 1618.8, 322.96, 220.06, 161, 312.7075, 171.21, 238.6163, 95.96, 30.08, 63.33, 126.07, 63.1274, 87.56, , , , , 
1/31/2020 2:35:22 PM, 3235, 9039, 1618.8, 322.96, 220.06, 161, 312.7075, 171.21, 238.6163, 95.96, 30.08, 63.33, 126.07, 63.1274, 87.56, , , , , 
1/31/2020 2:35:25 PM, 3234.5, 9038.25, 1618.6, 322.925, 220.0464, 160.97, 312.64, 171.195, 238.5, 95.96, 30.075, 63.33, 126.06, 63.1274, 87.54, , , , , 
1/31/2020 2:35:28 PM, 3234.5, 9038.25, 1618.6, 322.925, 220.0464, 160.97, 312.64, 171.195, 238.5, 95.96, 30.075, 63.33, 126.06, 63.1274, 87.54, , , , , 
1/31/2020 2:35:31 PM, 3235, 9039.5, 1618.8, 323, 220.09, 161, 312.67, 171.215, 238.5574, 95.9546, 30.08, 63.3346, 126.07, 63.0979, 87.545, , , , , 
1/31/2020 2:35:34 PM, 3235, 9039.5, 1618.8, 323, 220.09, 161, 312.67, 171.215, 238.5574, 95.9546, 30.08, 63.3346, 126.07, 63.0979, 87.545, , , , , 
1/31/2020 2:35:37 PM, 3235, 9038.75, 1618.5, 322.95, 220.07, 160.965, 312.74, 171.195, 238.58, 95.97, 30.08, 63.335, 126.07, 63.0979, 87.545, , , , , 
1/31/2020 2:35:40 PM, 3235, 9038.75, 1618.5, 322.95, 220.07, 160.965, 312.74, 171.195, 238.58, 95.97, 30.08, 63.335, 126.07, 63.0979, 87.545, , , , , 
1/31/2020 2:35:43 PM, 3235.25, 9039.5, 1618.6, 322.97, 220.08, 160.98, 312.8211, 171.2, 238.58, 95.97, 30.08, 63.33, 126.07, 63.0979, 87.54, , , , , 
1/31/2020 2:35:46 PM, 3235.25, 9039.5, 1618.6, 322.97, 220.08, 160.98, 312.8211, 171.2, 238.58, 95.97, 30.08, 63.33, 126.07, 63.0979, 87.54, , , , , 
1/31/2020 2:35:49 PM, 3235, 9039, 1618.6, 322.9692, 220.07, 160.97, 312.72, 171.2, 238.4713, 95.96, 30.08, 63.325, 126.07, 63.0979, 87.54, , , , , 
1/31/2020 2:35:52 PM, 3235, 9039, 1618.6, 322.9692, 220.07, 160.97, 312.72, 171.2, 238.4713, 95.96, 30.08, 63.325, 126.07, 63.0979, 87.54, , , , , 
1/31/2020 2:35:55 PM, 3234.75, 9037.5, 1618.5, 322.93, 220.0421, 160.955, 312.6636, 171.16, 238.4, 95.95, 30.075, 63.325, 126.07, 63.03, 87.55, , , , , 
1/31/2020 2:35:58 PM, 3234.75, 9037.5, 1618.5, 322.93, 220.0421, 160.955, 312.6636, 171.16, 238.4, 95.95, 30.075, 63.325, 126.07, 63.03, 87.55, , , , , 
1/31/2020 2:36:01 PM, 3234, 9035.75, 1618.2, 322.86, 219.99, 160.93, 312.5623, 171.1354, 238.34, 95.93, 30.0788, 63.32, 126.05, 63.03, 87.54, , , , , 
1/31/2020 2:36:04 PM, 3234, 9035.75, 1618.2, 322.86, 219.99, 160.93, 312.5623, 171.1354, 238.34, 95.93, 30.0788, 63.32, 126.05, 63.03, 87.54, , , , , 
1/31/2020 2:36:07 PM, 3233.75, 9034.75, 1618.3, 322.85, 219.9703, 160.94, 312.4643, 171.1, 238.42, 95.92, 30.07, 63.32, 126.03, 63.03, 87.5366, , , , , 
1/31/2020 2:36:10 PM, 3233.75, 9034.75, 1618.3, 322.85, 219.9703, 160.94, 312.4643, 171.1, 238.42, 95.92, 30.07, 63.32, 126.03, 63.03, 87.5366, , , , , 
1/31/2020 2:36:13 PM, 3234, 9036.5, 1618.6, 322.87, 220, 160.97, 312.62, 171.14, 238.425, 95.94, 30.06, 63.31, 126.04, 63.03, 87.535, , , , , 
1/31/2020 2:36:16 PM, 3234, 9036.5, 1618.6, 322.87, 220, 160.97, 312.62, 171.14, 238.425, 95.94, 30.06, 63.31, 126.04, 63.03, 87.535, , , , , 
1/31/2020 2:36:19 PM, 3234, 9036.25, 1618.6, 322.87, 220, 160.965, 312.59, 171.1346, 238.3786, 95.9371, 30.0634, 63.31, 126.04, 63.03, 87.54, , , , , 
1/31/2020 2:36:22 PM, 3234, 9036.25, 1618.6, 322.87, 220, 160.965, 312.59, 171.1346, 238.3786, 95.9371, 30.0634, 63.31, 126.04, 63.03, 87.54, , , , , 
1/31/2020 2:36:25 PM, 3234, 9036.5, 1618.6, 322.86, 219.99, 160.97, 312.59, 171.15, 238.3786, 95.94, 30.0699, 63.315, 126.04, 63.03, 87.54, , , , , 
1/31/2020 2:36:28 PM, 3234, 9036.5, 1618.6, 322.86, 219.99, 160.97, 312.59, 171.15, 238.3786, 95.94, 30.0699, 63.315, 126.04, 63.03, 87.54, , , , , 
1/31/2020 2:36:31 PM, 3234.25, 9038.25, 1618.7, 322.905, 220.02, 160.98, 312.5701, 171.2, 238.415, 95.95, 30.07, 63.315, 126.05, 63.03, 87.535, , , , , 
1/31/2020 2:36:34 PM, 3234.25, 9038.25, 1618.7, 322.905, 220.02, 160.98, 312.5701, 171.2, 238.415, 95.95, 30.07, 63.315, 126.05, 63.03, 87.535, , , , , 
1/31/2020 2:36:37 PM, 3234.5, 9038.75, 1618.6, 322.9, 220.04, 160.97, 312.6653, 171.2, 238.47, 95.95, 30.07, 63.315, 126.06, 63.03, 87.535, , , , , 
1/31/2020 2:36:40 PM, 3234.5, 9038.75, 1618.6, 322.9, 220.04, 160.97, 312.6653, 171.2, 238.47, 95.95, 30.07, 63.315, 126.06, 63.03, 87.535, , , , , 
1/31/2020 2:36:43 PM, 3235, 9040, 1618.9, 322.95, 220.085, 161, 312.7862, 171.2, 238.5216, 95.965, 30.07, 63.3276, 126.07, 63.03, 87.54, , , , , 
1/31/2020 2:36:46 PM, 3235, 9040, 1618.9, 322.95, 220.085, 161, 312.7862, 171.2, 238.5216, 95.965, 30.07, 63.3276, 126.07, 63.03, 87.54, , , , , 
1/31/2020 2:36:49 PM, 3235.5, 9041.25, 1619.2, 323.01, 220.11, 161.03, 312.8718, 171.2, 238.5208, 95.98, 30.08, 63.335, 126.08, 63.03, 87.54, , , , , 
1/31/2020 2:36:52 PM, 3235.5, 9041.25, 1619.2, 323.01, 220.11, 161.03, 312.8718, 171.2, 238.5208, 95.98, 30.08, 63.335, 126.08, 63.03, 87.54, , , , , 
1/31/2020 2:36:55 PM, 3234.75, 9038.5, 1618.8, 322.93, 220.05, 160.98, 312.77, 171.16, 238.56, 95.95, 30.07, 63.32, 126.05, 63.03, 87.55, , , , , 
1/31/2020 2:36:58 PM, 3234.75, 9038.5, 1618.8, 322.93, 220.05, 160.98, 312.77, 171.16, 238.56, 95.95, 30.07, 63.32, 126.05, 63.03, 87.55, , , , , 
1/31/2020 2:37:01 PM, 3235, 9040, 1618.6, 322.9601, 220.08, 160.98, 312.805, 171.175, 238.56, 95.96, 30.07, 63.33, 126.06, 63.03, 87.55, , , , , 
1/31/2020 2:37:04 PM, 3235, 9040, 1618.6, 322.9601, 220.08, 160.98, 312.805, 171.175, 238.56, 95.96, 30.07, 63.33, 126.06, 63.03, 87.55, , , , , 
1/31/2020 2:37:07 PM, 3235.5, 9041.25, 1619, 323.01, 220.1111, 161.0195, 312.96, 171.18, 238.68, 95.99, 30.075, 63.345, 126.08, 63.03, 87.55, , , , , 
1/31/2020 2:37:10 PM, 3235.5, 9041.25, 1619, 323.01, 220.1111, 161.0195, 312.96, 171.18, 238.68, 95.99, 30.075, 63.345, 126.08, 63.03, 87.55, , , , , 
1/31/2020 2:37:13 PM, 3235.25, 9041, 1618.9, 323.01, 220.11, 161, 312.8899, 171.18, 238.6, 95.98, 30.075, 63.34, 126.07, 63.03, 87.55, , , , , 
1/31/2020 2:37:16 PM, 3235.25, 9041, 1618.9, 323.01, 220.11, 161, 312.8899, 171.18, 238.6, 95.98, 30.075, 63.34, 126.07, 63.03, 87.55, , , , , 
1/31/2020 2:37:19 PM, 3236.25, 9043.25, 1619.4, 323.08, 220.17, 161.05, 312.9298, 171.2217, 238.72, 96.0069, 30.085, 63.35, 126.09, 63.03, 87.55, , , , , 
1/31/2020 2:37:22 PM, 3236.25, 9043.25, 1619.4, 323.08, 220.17, 161.05, 312.9298, 171.2217, 238.72, 96.0069, 30.085, 63.35, 126.09, 63.03, 87.55, , , , , 
1/31/2020 2:37:25 PM, 3236.25, 9043.75, 1619.3, 323.09, 220.17, 161.04, 312.9399, 171.22, 238.72, 96.01, 30.085, 63.35, 126.1, 63.0931, 87.549, , , , , 
1/31/2020 2:37:28 PM, 3236.25, 9043.75, 1619.3, 323.09, 220.17, 161.04, 312.9399, 171.22, 238.72, 96.01, 30.085, 63.35, 126.1, 63.0931, 87.549, , , , , 
1/31/2020 2:37:31 PM, 3236, 9042.25, 1619.2, 323.06, 220.15, 161.03, 312.8501, 171.2211, 238.74, 96.01, 30.085, 63.355, 126.09, 63.0931, 87.549, , , , , 
1/31/2020 2:37:34 PM, 3236.25, 9042.5, 1619.3, 323.075, 220.16, 161.04, 312.89, 171.215, 238.74, 96, 30.085, 63.355, 126.1, 63.0931, 87.55, , , , , 
1/31/2020 2:37:37 PM, 3236.25, 9042.75, 1619.3, 323.0612, 220.16, 161.03, 312.96, 171.2367, 238.74, 96.01, 30.0802, 63.355, 126.1, 63.0931, 87.55, , , , , 
1/31/2020 2:37:40 PM, 3236, 9042.25, 1619.1, 323.0577, 220.1432, 161.03, 312.9, 171.22, 238.7166, 96.01, 30.09, 63.35, 126.1, 63.0931, 87.55, , , , , 
1/31/2020 2:37:44 PM, 3236, 9042, 1619.1, 323.0588, 220.14, 161.02, 312.9, 171.21, 238.725, 96, 30.09, 63.35, 126.1, 63.0931, 87.55, , , , , 
1/31/2020 2:37:47 PM, 3235.5, 9041.25, 1619.1, 323.0325, 220.12, 161, 312.75, 171.1741, 238.68, 96, 30.085, 63.35, 126.1, 63.0931, 87.55, , , , , 
1/31/2020 2:37:50 PM, 3235.75, 9041.75, 1619, 323.05, 220.13, 161.01, 312.8466, 171.19, 238.7217, 95.99, 30.08, 63.355, 126.1, 63.0931, 87.5446, , , , , 
1/31/2020 2:37:53 PM, 3235.75, 9041.5, 1619, 323.04, 220.13, 161.015, 312.8132, 171.1701, 238.705, 95.99, 30.08, 63.35, 126.1, 63.0931, 87.5446, , , , , 
1/31/2020 2:37:56 PM, 3235.25, 9040.75, 1618.9, 323.03, 220.115, 161, 312.79, 171.185, 238.75, 95.99, 30.08, 63.35, 126.08, 63.0931, 87.5446, , , , , 
1/31/2020 2:37:59 PM, 3235.25, 9040.25, 1618.8, 323, 220.11, 160.99, 312.81, 171.18, 238.6973, 95.975, 30.075, 63.345, 126.08, 63.0931, 87.54, , , , , 
1/31/2020 2:38:02 PM, 3235.5, 9042, 1619, 323.03, 220.14, 161.01, 312.8566, 171.2, 238.76, 95.99, 30.08, 63.345, 126.08, 63.0931, 87.54, , , , , 
1/31/2020 2:38:05 PM, 3235.75, 9042.75, 1619.3, 323.0521, 220.15, 161.04, 312.872, 171.22, 238.7777, 96, 30.085, 63.35, 126.08, 63.0931, 87.55, , , , , 
1/31/2020 2:38:08 PM, 3236, 9043, 1619.4, 323.0779, 220.16, 161.05, 312.9, 171.23, 238.7777, 96.01, 30.085, 63.355, 126.08, 63.0931, 87.55, , , , , 
1/31/2020 2:38:11 PM, 3236.25, 9043.5, 1619.4, 323.0799, 220.165, 161.04, 312.92, 171.23, 238.7777, 96.01, 30.085, 63.355, 126.08, 63.0931, 87.55, , , , , 
1/31/2020 2:38:14 PM, 3236.25, 9043.25, 1619.3, 323.075, 220.16, 161.04, 312.95, 171.23, 238.7991, 96.01, 30.085, 63.355, 126.1, 63.0931, 87.5483, , , , , 
1/31/2020 2:38:17 PM, 3236, 9042.25, 1619.3, 323.06, 220.1568, 161.03, 312.8669, 171.23, 238.78, 96.01, 30.0825, 63.35, 126.1, 63.0931, 87.5483, , , , , 
1/31/2020 2:38:20 PM, 3236, 9042.25, 1619.2, 323.07, 220.16, 161.0401, 312.835, 171.225, 238.78, 96.01, 30.085, 63.35, 126.1, 63.0931, 87.5483, , , , , 
1/31/2020 2:38:23 PM, 3236, 9042.5, 1619.3, 323.07, 220.15, 161.0401, 312.8595, 171.23, 238.78, 96, 30.0829, 63.35, 126.1, 63.0931, 87.5483, , , , , 
1/31/2020 2:38:26 PM, 3235.75, 9041.5, 1619.1, 323.03, 220.12, 161.03, 312.875, 171.21, 238.785, 95.99, 30.08, 63.34, 126.09, 63.0931, 87.5483, , , , , 
1/31/2020 2:38:29 PM, 3235.75, 9040.75, 1619, 323.04, 220.1154, 161.01, 312.855, 171.2, 238.67, 95.99, 30.085, 63.345, 126.09, 63.0931, 87.55, , , , , 
1/31/2020 2:38:32 PM, 3235.75, 9040.75, 1619, 323.02, 220.11, 161.02, 312.855, 171.1902, 238.67, 95.985, 30.085, 63.345, 126.09, 63.0931, 87.55, , , , , 
1/31/2020 2:38:35 PM, 3235.25, 9040, 1618.9, 323, 220.1, 161, 312.82, 171.16, 238.6825, 95.98, 30.085, 63.345, 126.09, 63.0931, 87.55, , , , , 
1/31/2020 2:38:38 PM, 3235.25, 9040, 1618.8, 323, 220.09, 161, 312.7943, 171.145, 238.62, 95.98, 30.085, 63.335, 126.07, 63.0931, 87.5471, , , , , 
1/31/2020 2:38:41 PM, 3235.25, 9040, 1618.9, 322.99, 220.085, 161, 312.7899, 171.13, 238.62, 95.97, 30.085, 63.34, 126.07, 63.0931, 87.5471, , , , , 
1/31/2020 2:38:44 PM, 3235, 9039.25, 1618.8, 322.98, 220.08, 161, 312.75, 171.12, 238.6539, 95.96, 30.08, 63.34, 126.07, 63.0931, 87.5471, , , , , 
1/31/2020 2:38:47 PM, 3235, 9039.25, 1618.8, 322.97, 220.0711, 160.99, 312.7399, 171.1374, 238.55, 95.96, 30.08, 63.34, 126.07, 63.0931, 87.5471, , , , , 
1/31/2020 2:38:50 PM, 3235, 9038.5, 1618.6, 322.95, 220.07, 160.98, 312.72, 171.13, 238.53, 95.9564, 30.08, 63.33, 126.06, 63.0931, 87.54, , , , , 
1/31/2020 2:38:53 PM, 3234.75, 9038.75, 1618.6, 322.95, 220.07, 160.97, 312.71, 171.12, 238.5094, 95.9564, 30.08, 63.335, 126.06, 63.0931, 87.54, , , , , 
1/31/2020 2:38:56 PM, 3235, 9039, 1618.6, 322.95, 220.07, 160.97, 312.74, 171.14, 238.5094, 95.9564, 30.075, 63.335, 126.06, 63.0931, 87.54, , , , , 
1/31/2020 2:38:59 PM, 3235, 9039.25, 1618.7, 322.97, 220.08, 160.98, 312.7745, 171.1358, 238.5094, 95.97, 30.0767, 63.335, 126.06, 63.0931, 87.54, , , , , 
1/31/2020 2:39:02 PM, 3234.75, 9039, 1618.6, 322.955, 220.07, 160.98, 312.76, 171.1335, 238.5094, 95.96, 30.08, 63.335, 126.06, 63.0931, 87.535, , , , , 
1/31/2020 2:39:05 PM, 3234.5, 9038, 1618.5, 322.94, 220.05, 160.98, 312.74, 171.125, 238.52, 95.96, 30.0762, 63.335, 126.06, 63.0931, 87.54, , , , , 
1/31/2020 2:39:08 PM, 3234.25, 9037, 1618.4, 322.92, 220.01, 160.96, 312.68, 171.09, 238.43, 95.94, 30.075, 63.33, 126.04, 63.0931, 87.54, , , , , 
1/31/2020 2:39:11 PM, 3234.25, 9036.75, 1618.4, 322.89, 220, 160.95, 312.6378, 171.1062, 238.43, 95.93, 30.075, 63.325, 126.03, 63.0931, 87.53, , , , , 
1/31/2020 2:39:14 PM, 3234.5, 9037.75, 1618.6, 322.925, 220.04, 160.965, 312.7224, 171.125, 238.4455, 95.94, 30.08, 63.33, 126.05, 63.0931, 87.53, , , , , 
1/31/2020 2:39:17 PM, 3234.5, 9038.25, 1618.6, 322.93, 220.03, 160.97, 312.73, 171.125, 238.44, 95.945, 30.08, 63.335, 126.05, 63.0931, 87.53, , , , , 
1/31/2020 2:39:20 PM, 3234, 9036.25, 1618.2, 322.865, 219.99, 160.94, 312.6001, 171.08, 238.44, 95.92, 30.07, 63.33, 126.035, 63.0931, 87.53, , , , , 
1/31/2020 2:39:34 PM, 3233.75, 9035.25, 1618.2, 322.84, 219.99, 160.93, 312.5723, 171.06, 238.4123, 95.91, 30.07, 63.325, 126.03, 63.0931, 87.53, , , , , 
1/31/2020 2:39:37 PM, 3233.75, 9035, 1618.3, 322.83, 219.9723, 160.9201, 312.471, 171.06, 238.3228, 95.91, 30.065, 63.32, 126.03, 63.0931, 87.53, , , , , 
1/31/2020 2:39:40 PM, 3233.75, 9035, 1618.3, 322.83, 219.9723, 160.9201, 312.471, 171.06, 238.3228, 95.91, 30.065, 63.32, 126.03, 63.0931, 87.53, , , , , 
1/31/2020 2:39:43 PM, 3233.75, 9034.75, 1618.3, 322.84, 219.95, 160.94, 312.365, 171.05, 238.33, 95.9, 30.07, 63.32, 126.01, 63.0931, 87.535, , , , , 
1/31/2020 2:39:46 PM, 3233.75, 9034.75, 1618.3, 322.84, 219.95, 160.94, 312.365, 171.05, 238.33, 95.9, 30.07, 63.32, 126.01, 63.0931, 87.535, , , , , 
1/31/2020 2:39:49 PM, 3234, 9035.75, 1618.4, 322.88, 219.99, 160.96, 312.4075, 171.09, 238.29, 95.9, 30.07, 63.325, 126.02, 63.0931, 87.535, , , , , 
1/31/2020 2:39:52 PM, 3234, 9035.75, 1618.4, 322.88, 219.99, 160.96, 312.4075, 171.09, 238.29, 95.9, 30.07, 63.325, 126.02, 63.0931, 87.535, , , , , 
1/31/2020 2:39:55 PM, 3234.25, 9036.25, 1618.5, 322.9, 220, 160.9615, 312.4452, 171.1, 238.345, 95.92, 30.07, 63.33, 126.04, 63.0931, 87.535, , , , , 
1/31/2020 2:39:58 PM, 3234.25, 9036.25, 1618.5, 322.9, 220, 160.9615, 312.4452, 171.1, 238.345, 95.92, 30.07, 63.33, 126.04, 63.0931, 87.535, , , , , 
1/31/2020 2:40:01 PM, 3234.25, 9035.75, 1618.3, 322.9, 219.998, 160.96, 312.445, 171.11, 238.3652, 95.93, 30.071, 63.33, 126.05, 63.0931, 87.535, , , , , 
1/31/2020 2:40:04 PM, 3234.25, 9035.75, 1618.3, 322.9, 219.998, 160.96, 312.445, 171.11, 238.3652, 95.93, 30.071, 63.33, 126.05, 63.0931, 87.535, , , , , 
1/31/2020 2:40:07 PM, 3235.5, 9039.25, 1618.9, 322.99, 220.05, 160.99, 312.5427, 171.16, 238.41, 95.95, 30.08, 63.34, 126.07, 63.0931, 87.55, , , , , 
1/31/2020 2:40:10 PM, 3235.5, 9039.25, 1618.9, 322.99, 220.05, 160.99, 312.5427, 171.16, 238.41, 95.95, 30.08, 63.34, 126.07, 63.0931, 87.55, , , , , 
1/31/2020 2:40:13 PM, 3235.5, 9038.75, 1618.9, 323.01, 220.055, 161, 312.5411, 171.15, 238.5, 95.95, 30.08, 63.35, 126.08, 63.0931, 87.55, , , , , 
1/31/2020 2:40:16 PM, 3235.5, 9038.75, 1618.9, 323.01, 220.055, 161, 312.5411, 171.15, 238.5, 95.95, 30.08, 63.35, 126.08, 63.0931, 87.55, , , , , 
1/31/2020 2:40:19 PM, 3235, 9037.25, 1618.6, 322.96, 220.03, 160.97, 312.41, 171.11, 238.5, 95.94, 30.08, 63.35, 126.07, 63.0931, 87.55, , , , , 
1/31/2020 2:40:22 PM, 3235, 9037.25, 1618.6, 322.96, 220.03, 160.97, 312.41, 171.11, 238.5, 95.94, 30.08, 63.35, 126.07, 63.0931, 87.55, , , , , 
1/31/2020 2:40:25 PM, 3235, 9037.25, 1618.6, 322.97, 220.04, 160.97, 312.5267, 171.1296, 238.4502, 95.94, 30.0766, 63.345, 126.06, 63.0931, 87.545, , , , , 
1/31/2020 2:40:28 PM, 3235, 9037.25, 1618.6, 322.97, 220.04, 160.97, 312.5267, 171.1296, 238.4502, 95.94, 30.0766, 63.345, 126.06, 63.0931, 87.545, , , , , 
1/31/2020 2:40:31 PM, 3234.25, 9035.75, 1618.3, 322.91, 219.9873, 160.95, 312.41, 171.1, 238.43, 95.92, 30.07, 63.34, 126.04, 63.0931, 87.54, , , , , 
1/31/2020 2:40:34 PM, 3234.25, 9035, 1618.2, 322.8849, 219.96, 160.93, 312.355, 171.0702, 238.43, 95.91, 30.07, 63.34, 126.03, 63.0931, 87.54, , , , , 
1/31/2020 2:40:37 PM, 3234.25, 9035.5, 1618.2, 322.89, 219.98, 160.93, 312.3899, 171.0818, 238.39, 95.91, 30.08, 63.34, 126.02, 63.0931, 87.531, , , , , 
1/31/2020 2:40:40 PM, 3234.25, 9036.25, 1618.2, 322.9, 219.999, 160.95, 312.4116, 171.0984, 238.44, 95.91, 30.08, 63.34, 126.04, 63.0931, 87.53, , , , , 
1/31/2020 2:40:43 PM, 3234.25, 9035.75, 1618.3, 322.905, 219.995, 160.94, 312.435, 171.1076, 238.4198, 95.91, 30.08, 63.345, 126.04, 63.0931, 87.53, , , , , 
1/31/2020 2:40:46 PM, 3233.75, 9034.75, 1618.1, 322.885, 219.97, 160.92, 312.396, 171.08, 238.26, 95.91, 30.07, 63.33, 126.04, 63.0931, 87.53, , , , , 
1/31/2020 2:40:49 PM, 3233.75, 9035, 1618.2, 322.87, 219.967, 160.93, 312.41, 171.0899, 238.26, 95.91, 30.065, 63.33, 126.04, 63.0931, 87.53, , , , , 
1/31/2020 2:40:53 PM, 3233.5, 9033.75, 1618.1, 322.84, 219.95, 160.92, 312.36, 171.07, 238.2364, 95.89, 30.0664, 63.335, 126.01, 63.0931, 87.53, , , , , 
1/31/2020 2:40:56 PM, 3233.75, 9033.5, 1618.1, 322.84, 219.93, 160.91, 312.28, 171.05, 238.245, 95.89, 30.0664, 63.335, 126.01, 63.0931, 87.53, , , , , 
1/31/2020 2:40:59 PM, 3233.75, 9033.5, 1618.1, 322.85, 219.945, 160.91, 312.2716, 171.05, 238.24, 95.89, 30.07, 63.335, 126.0199, 63.0931, 87.5377, , , , , 
1/31/2020 2:41:02 PM, 3233.5, 9031.75, 1617.7, 322.81, 219.91, 160.89, 312.2066, 171.02, 238.2, 95.86, 30.06, 63.325, 126.01, 63.0931, 87.53, , , , , 
1/31/2020 2:41:05 PM, 3233.25, 9032, 1617.8, 322.8, 219.91, 160.89, 312.1951, 171.01, 238.195, 95.86, 30.06, 63.33, 126, 63.0931, 87.53, , , , , 
1/31/2020 2:41:08 PM, 3233.5, 9033.25, 1617.8, 322.83, 219.93, 160.885, 312.27, 171.045, 238.26, 95.88, 30.065, 63.33, 126.02, 63.0931, 87.53, , , , , 
1/31/2020 2:41:11 PM, 3233.25, 9032.5, 1617.6, 322.81, 219.91, 160.88, 312.23, 171.04, 238.2899, 95.88, 30.065, 63.33, 126.01, 63.0931, 87.54, , , , , 
1/31/2020 2:41:14 PM, 3233.25, 9031.75, 1617.4, 322.77, 219.89, 160.86, 312.21, 171.02, 238.2899, 95.86, 30.06, 63.32, 126.01, 63.0931, 87.53, , , , , 
1/31/2020 2:41:17 PM, 3232.75, 9031.25, 1617.4, 322.76, 219.88, 160.85, 312.135, 171.01, 238.2899, 95.86, 30.06, 63.32, 126, 63.0931, 87.53, , , , , 
1/31/2020 2:41:20 PM, 3232.75, 9031.75, 1617.3, 322.745, 219.9, 160.85, 312.1549, 171.0146, 238.1645, 95.86, 30.055, 63.32, 126, 63.0931, 87.53, , , , , 
1/31/2020 2:41:23 PM, 3233, 9032.25, 1617.5, 322.7727, 219.9, 160.87, 312.195, 171.01, 238.19, 95.8561, 30.055, 63.325, 126.01, 63.0931, 87.53, , , , , 
1/31/2020 2:41:26 PM, 3232.75, 9031.75, 1617.3, 322.75, 219.88, 160.84, 312.16, 171, 238.19, 95.85, 30.06, 63.32, 126.01, 63.0931, 87.53, , , , , 
1/31/2020 2:41:29 PM, 3233, 9032.25, 1617.4, 322.755, 219.91, 160.86, 312.1908, 171.01, 238.19, 95.855, 30.06, 63.32, 126, 63.0931, 87.53, , , , , 
1/31/2020 2:41:32 PM, 3232.5, 9031.75, 1617.4, 322.735, 219.89, 160.86, 312.1865, 171.02, 238.16, 95.86, 30.055, 63.32, 126, 63.0931, 87.535, , , , , 
1/31/2020 2:41:35 PM, 3232.5, 9031.25, 1617.2, 322.74, 219.8859, 160.84, 312.13, 171.01, 238.1604, 95.86, 30.055, 63.32, 125.99, 63.0931, 87.53, , , , , 
1/31/2020 2:41:38 PM, 3232, 9029.75, 1617, 322.69, 219.85, 160.82, 312.1, 170.975, 238.11, 95.83, 30.0548, 63.315, 125.96, 63.0931, 87.53, , , , , 
1/31/2020 2:41:41 PM, 3232.25, 9030, 1617.1, 322.6854, 219.86, 160.82, 312.12, 171.0011, 238.0708, 95.84, 30.0525, 63.31, 125.96, 63.0931, 87.525, , , , , 
1/31/2020 2:41:44 PM, 3232.25, 9030.75, 1617.2, 322.65, 219.86, 160.82, 312.13, 170.99, 238.0301, 95.84, 30.05, 63.31, 125.98, 63.0931, 87.525, , , , , 
1/31/2020 2:41:47 PM, 3232, 9030, 1617.1, 322.68, 219.84, 160.82, 312.14, 170.9745, 238.055, 95.83, 30.045, 63.3, 125.97, 63.0931, 87.525, , , , , 
1/31/2020 2:41:50 PM, 3231.75, 9028.5, 1616.9, 322.6299, 219.81, 160.8, 312.11, 170.94, 238, 95.82, 30.045, 63.3, 125.96, 63.0931, 87.52, , , , , 
1/31/2020 2:41:53 PM, 3231.75, 9029.5, 1616.9, 322.655, 219.8301, 160.81, 312.16, 170.955, 238.05, 95.82, 30.045, 63.3, 125.969, 63.0931, 87.52, , , , , 
1/31/2020 2:41:56 PM, 3232, 9030.25, 1617, 322.655, 219.84, 160.81, 312.15, 170.96, 238.05, 95.82, 30.045, 63.3, 125.969, 63.0931, 87.52, , , , , 
1/31/2020 2:41:59 PM, 3231.75, 9028.5, 1616.9, 322.63, 219.82, 160.8, 312.1092, 170.96, 238.05, 95.82, 30.045, 63.3, 125.955, 63.0931, 87.52, , , , , 
1/31/2020 2:42:02 PM, 3231.75, 9028.5, 1616.8, 322.62, 219.81, 160.8, 312.12, 170.9479, 238.05, 95.815, 30.05, 63.3, 125.95, 63.0931, 87.52, , , , , 
1/31/2020 2:42:05 PM, 3231.5, 9029, 1616.8, 322.6334, 219.82, 160.8, 312.16, 170.94, 238.11, 95.83, 30.05, 63.29, 125.95, 63.0931, 87.52, , , , , 
1/31/2020 2:42:08 PM, 3231.75, 9028.75, 1616.8, 322.635, 219.81, 160.8, 312.143, 170.94, 238.11, 95.83, 30.045, 63.295, 125.95, 63.0931, 87.52, , , , , 
1/31/2020 2:42:11 PM, 3231.25, 9027.75, 1616.6, 322.6067, 219.791, 160.79, 312.0996, 170.92, 238.04, 95.82, 30.041, 63.29, 125.94, 63.0931, 87.52, , , , , 
1/31/2020 2:42:14 PM, 3231, 9026.5, 1616.7, 322.58, 219.76, 160.78, 312.0501, 170.88, 238.03, 95.79, 30.045, 63.29, 125.93, 63.0931, 87.515, , , , , 
1/31/2020 2:42:17 PM, 3231.75, 9029, 1617, 322.655, 219.79, 160.82, 312.2086, 170.92, 238.11, 95.83, 30.0535, 63.305, 125.95, 63.0931, 87.515, , , , , 
1/31/2020 2:42:20 PM, 3232, 9028.5, 1617, 322.65, 219.82, 160.82, 312.1609, 170.94, 238.11, 95.83, 30.0535, 63.305, 125.95, 63.0931, 87.52, , , , , 
1/31/2020 2:42:23 PM, 3231.75, 9028.5, 1616.9, 322.63, 219.81, 160.805, 312.17, 170.92, 238.14, 95.82, 30.0535, 63.3, 125.95, 63.0931, 87.52, , , , , 
1/31/2020 2:42:26 PM, 3232, 9029, 1617.1, 322.66, 219.83, 160.82, 312.1887, 170.9499, 238.13, 95.83, 30.055, 63.3, 125.96, 63.0931, 87.52, , , , , 
1/31/2020 2:42:29 PM, 3232.5, 9030.5, 1617.3, 322.7, 219.86, 160.84, 312.26, 170.97, 238.2, 95.85, 30.055, 63.31, 125.98, 63.0931, 87.52, , , , , 
1/31/2020 2:42:32 PM, 3232, 9029, 1617.1, 322.67, 219.83, 160.82, 312.2, 170.94, 238.232, 95.84, 30.0525, 63.3, 125.98, 63.0931, 87.525, , , , , 
1/31/2020 2:42:35 PM, 3232.25, 9029.25, 1617.2, 322.7, 219.85, 160.84, 312.21, 170.945, 238.232, 95.84, 30.05, 63.305, 125.97, 63.0931, 87.525, , , , , 
1/31/2020 2:42:38 PM, 3232.25, 9029.25, 1617.1, 322.69, 219.84, 160.82, 312.2122, 170.9502, 238.232, 95.835, 30.05, 63.305, 125.97, 63.0931, 87.525, , , , , 
1/31/2020 2:42:41 PM, 3231.75, 9028, 1616.9, 322.63, 219.81, 160.81, 312.2, 170.9308, 238.1685, 95.83, 30.05, 63.3, 125.96, 63.0931, 87.525, , , , , 
1/31/2020 2:42:44 PM, 3231.75, 9028.75, 1617, 322.66, 219.81, 160.82, 312.21, 170.94, 238.1685, 95.83, 30.05, 63.3, 125.95, 63.0931, 87.525, , , , , 
1/31/2020 2:42:47 PM, 3232.25, 9030.25, 1617, 322.7, 219.85, 160.84, 312.2926, 170.9602, 238.24, 95.84, 30.055, 63.305, 125.96, 63.0931, 87.525, , , , , 
1/31/2020 2:42:50 PM, 3232.25, 9029.5, 1617.1, 322.69, 219.84, 160.83, 312.275, 170.96, 238.24, 95.84, 30.055, 63.305, 125.96, 63.0931, 87.525, , , , , 
1/31/2020 2:42:53 PM, 3232.25, 9029.75, 1617.1, 322.69, 219.84, 160.82, 312.261, 170.98, 238.24, 95.8446, 30.055, 63.305, 125.96, 63.0931, 87.525, , , , , 
1/31/2020 2:42:56 PM, 3232.25, 9029.75, 1617.1, 322.69, 219.84, 160.82, 312.2648, 170.975, 238.178, 95.85, 30.055, 63.305, 125.96, 63.0931, 87.525, , , , , 
1/31/2020 2:42:59 PM, 3232.25, 9030, 1617, 322.69, 219.84, 160.83, 312.31, 170.975, 238.178, 95.85, 30.05, 63.305, 125.96, 63.0931, 87.525, , , , , 
1/31/2020 2:43:02 PM, 3231.75, 9027.75, 1616.8, 322.64, 219.8184, 160.8, 312.21, 170.94, 238.17, 95.83, 30.045, 63.3, 125.955, 63.0931, 87.525, , , , , 
1/31/2020 2:43:05 PM, 3231.75, 9028.25, 1616.7, 322.625, 219.7933, 160.78, 312.2037, 170.92, 238.11, 95.82, 30.045, 63.295, 125.955, 63.0931, 87.5287, , , , , 
1/31/2020 2:43:08 PM, 3232, 9028.75, 1616.7, 322.68, 219.82, 160.8, 312.245, 170.96, 238.11, 95.83, 30.045, 63.295, 125.95, 63.0931, 87.5287, , , , , 
1/31/2020 2:43:11 PM, 3231.5, 9028, 1616.6, 322.6256, 219.8, 160.79, 312.17, 170.92, 238.11, 95.82, 30.04, 63.295, 125.95, 63.0931, 87.5287, , , , , 
1/31/2020 2:43:14 PM, 3232, 9029, 1616.7, 322.6646, 219.8201, 160.81, 312.2664, 170.94, 238.11, 95.83, 30.045, 63.3, 125.955, 63.0931, 87.5287, , , , , 
1/31/2020 2:43:18 PM, 3232, 9029.25, 1616.8, 322.6722, 219.8201, 160.8, 312.2664, 170.94, 238.1321, 95.83, 30.045, 63.3, 125.965, 63.0931, 87.5287, , , , , 
1/31/2020 2:43:21 PM, 3231.75, 9028.5, 1616.7, 322.64, 219.8075, 160.79, 312.2038, 170.95, 238.12, 95.825, 30.04, 63.3, 125.95, 63.0931, 87.5287, , , , , 
1/31/2020 2:43:24 PM, 3231.75, 9028.5, 1616.6, 322.65, 219.8, 160.79, 312.18, 170.93, 238.0981, 95.82, 30.05, 63.3, 125.94, 63.0931, 87.515, , , , , 
1/31/2020 2:43:27 PM, 3231.25, 9027.5, 1616.7, 322.61, 219.79, 160.7866, 312.1737, 170.93, 238.05, 95.81, 30.045, 63.29, 125.93, 63.0931, 87.515, , , , , 
1/31/2020 2:43:30 PM, 3231.25, 9026.5, 1616.6, 322.59, 219.78, 160.77, 312.1517, 170.92, 238.09, 95.809, 30.04, 63.29, 125.92, 63.0931, 87.515, , , , , 
1/31/2020 2:43:33 PM, 3231.25, 9027, 1616.7, 322.6001, 219.78, 160.78, 312.13, 170.92, 238.09, 95.8, 30.04, 63.29, 125.92, 63.0931, 87.515, , , , , 
1/31/2020 2:43:36 PM, 3231.25, 9027.25, 1616.8, 322.61, 219.79, 160.79, 312.15, 170.93, 238.1, 95.81, 30.04, 63.29, 125.92, 63.0931, 87.515, , , , , 
1/31/2020 2:43:39 PM, 3231.25, 9027.25, 1616.8, 322.61, 219.7796, 160.79, 312.1599, 170.92, 238.15, 95.81, 30.04, 63.295, 125.92, 63.0931, 87.515, , , , , 
1/31/2020 2:43:42 PM, 3231.25, 9027.25, 1616.7, 322.6, 219.78, 160.79, 312.15, 170.92, 238.15, 95.81, 30.0431, 63.295, 125.92, 63.0931, 87.515, , , , , 
1/31/2020 2:43:45 PM, 3231.25, 9027, 1616.7, 322.61, 219.78, 160.79, 312.15, 170.9201, 238.15, 95.81, 30.0431, 63.295, 125.92, 63.0931, 87.515, , , , , 
1/31/2020 2:43:48 PM, 3230.75, 9026, 1616.6, 322.56, 219.748, 160.77, 312.125, 170.89, 238.08, 95.8, 30.04, 63.275, 125.91, 63.0931, 87.515, , , , , 
1/31/2020 2:43:51 PM, 3230.75, 9025.75, 1616.6, 322.55, 219.75, 160.77, 312.1542, 170.88, 238.08, 95.79, 30.04, 63.275, 125.91, 63.0931, 87.515, , , , , 
1/31/2020 2:43:54 PM, 3230.5, 9025.5, 1616.6, 322.5356, 219.74, 160.77, 312.1025, 170.86, 238.03, 95.79, 30.04, 63.275, 125.9, 63.0931, 87.515, , , , , 
1/31/2020 2:43:57 PM, 3230.5, 9026, 1616.6, 322.53, 219.74, 160.77, 312.1, 170.86, 238.03, 95.78, 30.0344, 63.27, 125.9, 63.0931, 87.51, , , , , 
1/31/2020 2:44:00 PM, 3230.5, 9025.75, 1616.6, 322.53, 219.74, 160.78, 312.11, 170.86, 238.04, 95.79, 30.04, 63.268, 125.9, 63.0931, 87.51, , , , , 
1/31/2020 2:44:03 PM, 3230.75, 9027.25, 1616.7, 322.55, 219.77, 160.78, 312.19, 170.8834, 238.09, 95.8, 30.035, 63.27, 125.91, 63.0931, 87.51, , , , , 
1/31/2020 2:44:06 PM, 3230.5, 9026.25, 1616.6, 322.52, 219.7534, 160.78, 312.15, 170.875, 238.09, 95.79, 30.04, 63.27, 125.91, 63.0931, 87.51, , , , , 
1/31/2020 2:44:09 PM, 3230.5, 9026.5, 1616.5, 322.53, 219.7501, 160.78, 312.144, 170.8646, 238.09, 95.79, 30.0345, 63.265, 125.9, 63.0931, 87.505, , , , , 
1/31/2020 2:44:12 PM, 3230.5, 9026.75, 1616.5, 322.53, 219.77, 160.7654, 312.18, 170.86, 238.11, 95.8, 30.035, 63.265, 125.91, 63.0931, 87.51, , , , , 
1/31/2020 2:44:15 PM, 3230.5, 9026.25, 1616.5, 322.51, 219.75, 160.7636, 312.1, 170.86, 238.11, 95.79, 30.035, 63.265, 125.9, 63.0931, 87.51, , , , , 
1/31/2020 2:44:18 PM, 3230.5, 9026.75, 1616.6, 322.53, 219.77, 160.7636, 312.1, 170.865, 238.0838, 95.79, 30.035, 63.27, 125.91, 63.0931, 87.51, , , , , 
1/31/2020 2:44:21 PM, 3230.5, 9026.25, 1616.6, 322.5223, 219.76, 160.7636, 312.1074, 170.87, 238.045, 95.8, 30.0364, 63.27, 125.92, 63.0931, 87.51, , , , , 
1/31/2020 2:44:24 PM, 3230.5, 9026, 1616.5, 322.51, 219.75, 160.76, 312.1, 170.8601, 238.045, 95.79, 30.0364, 63.265, 125.92, 63.0931, 87.51, , , , , 
1/31/2020 2:44:27 PM, 3230, 9024.5, 1616.5, 322.475, 219.72, 160.76, 312.05, 170.83, 237.98, 95.7701, 30.035, 63.2654, 125.89, 63.0931, 87.505, , , , , 
1/31/2020 2:44:30 PM, 3229.75, 9025, 1616.5, 322.46, 219.72, 160.76, 311.99, 170.83, 237.9652, 95.77, 30.035, 63.2654, 125.89, 63.0931, 87.505, , , , , 
1/31/2020 2:44:33 PM, 3230, 9025.5, 1616.5, 322.475, 219.73, 160.76, 311.9938, 170.8499, 237.92, 95.78, 30.03, 63.265, 125.9, 63.0931, 87.505, , , , , 
1/31/2020 2:44:36 PM, 3230.5, 9026, 1616.6, 322.49, 219.75, 160.77, 312.0863, 170.86, 237.92, 95.79, 30.03, 63.27, 125.91, 63.0931, 87.5, , , , , 
1/31/2020 2:44:39 PM, 3230.5, 9026.25, 1616.6, 322.5002, 219.75, 160.77, 312.075, 170.857, 238.0141, 95.79, 30.03, 63.265, 125.91, 63.0931, 87.5, , , , , 
1/31/2020 2:44:42 PM, 3230.5, 9026.5, 1616.6, 322.52, 219.76, 160.76, 312.1, 170.8794, 238.0141, 95.8, 30.03, 63.275, 125.91, 63.0931, 87.5, , , , , 
1/31/2020 2:44:45 PM, 3230.5, 9026.5, 1616.7, 322.51, 219.76, 160.77, 312.085, 170.8777, 238.0141, 95.79, 30.03, 63.275, 125.91, 63.0931, 87.5, , , , , 
1/31/2020 2:44:48 PM, 3230.25, 9026.25, 1616.6, 322.515, 219.7536, 160.77, 312.07, 170.87, 237.94, 95.79, 30.03, 63.275, 125.91, 63.0931, 87.5, , , , , 
1/31/2020 2:44:51 PM, 3230.75, 9027.25, 1616.8, 322.547, 219.7536, 160.79, 312.08, 170.87, 238, 95.79, 30.03, 63.275, 125.91, 63.0931, 87.5, , , , , 
1/31/2020 2:44:54 PM, 3230.5, 9026.75, 1616.7, 322.53, 219.77, 160.77, 312.08, 170.8746, 237.9875, 95.7919, 30.0331, 63.275, 125.91, 63.0931, 87.5, , , , , 
1/31/2020 2:44:57 PM, 3230.5, 9026.25, 1616.6, 322.51, 219.75, 160.765, 312.0516, 170.86, 237.96, 95.79, 30.0314, 63.27, 125.91, 63.0931, 87.5, , , , , 
1/31/2020 2:45:00 PM, 3230.25, 9026, 1616.6, 322.515, 219.75, 160.77, 312.04, 170.855, 237.96, 95.79, 30.035, 63.27, 125.91, 63.0931, 87.5, , , , , 
1/31/2020 2:45:03 PM, 3230.5, 9026.25, 1616.6, 322.52, 219.74, 160.77, 312.0567, 170.855, 237.9545, 95.79, 30.035, 63.27, 125.91, 63.0931, 87.5, , , , , 
1/31/2020 2:45:06 PM, 3230.25, 9026.25, 1616.6, 322.52, 219.76, 160.77, 312.11, 170.86, 237.9545, 95.79, 30.035, 63.26, 125.91, 63.0931, 87.5, , , , , 
1/31/2020 2:45:09 PM, 3230.5, 9026.75, 1616.6, 322.53, 219.75, 160.77, 312.159, 170.8659, 237.9856, 95.79, 30.04, 63.26, 125.91, 63.0931, 87.5, , , , , 
1/31/2020 2:45:12 PM, 3230, 9025.5, 1616.4, 322.49, 219.73, 160.75, 312.03, 170.85, 238, 95.78, 30.035, 63.25, 125.89, 63.0931, 87.5, , , , , 
1/31/2020 2:45:15 PM, 3230, 9025, 1616.4, 322.48, 219.7271, 160.75, 312.0474, 170.84, 237.8807, 95.77, 30.035, 63.25, 125.89, 63.0931, 87.5, , , , , 
1/31/2020 2:45:18 PM, 3230.25, 9025.5, 1616.4, 322.495, 219.735, 160.75, 312.08, 170.8553, 237.8807, 95.78, 30.035, 63.26, 125.89, 63.0931, 87.5, , , , , 
1/31/2020 2:45:21 PM, 3230.25, 9026.25, 1616.4, 322.5199, 219.75, 160.75, 312.1667, 170.85, 237.95, 95.79, 30.04, 63.265, 125.89, 63.0931, 87.5, , , , , 
1/31/2020 2:45:24 PM, 3230.75, 9026.5, 1616.4, 322.53, 219.772, 160.75, 312.2, 170.8693, 237.9955, 95.79, 30.04, 63.255, 125.9, 63.0931, 87.51, , , , , 
1/31/2020 2:45:27 PM, 3230.75, 9026.5, 1616.4, 322.53, 219.772, 160.75, 312.2, 170.8693, 237.9955, 95.79, 30.04, 63.255, 125.9, 63.0931, 87.51, , , , , 
1/31/2020 2:45:30 PM, 3230.25, 9026, 1616.3, 322.525, 219.75, 160.74, 312.1823, 170.8546, 237.9675, 95.7881, 30.04, 63.255, 125.89, 63.0931, 87.51, , , , , 
1/31/2020 2:45:33 PM, 3230.25, 9026, 1616.3, 322.525, 219.75, 160.74, 312.1823, 170.8546, 237.9675, 95.7881, 30.04, 63.255, 125.89, 63.0931, 87.51, , , , , 
1/31/2020 2:45:37 PM, 3230.75, 9026.75, 1616.4, 322.55, 219.7699, 160.75, 312.2154, 170.89, 237.9878, 95.7981, 30.035, 63.26, 125.9, 63.0931, 87.5154, , , , , 
1/31/2020 2:45:40 PM, 3230.75, 9026.75, 1616.4, 322.55, 219.7699, 160.75, 312.2154, 170.89, 237.9878, 95.7981, 30.035, 63.26, 125.9, 63.0931, 87.5154, , , , , 
1/31/2020 2:45:43 PM, 3231, 9027.25, 1616.4, 322.56, 219.78, 160.76, 312.155, 170.874, 237.965, 95.79, 30.045, 63.26, 125.91, 63.0931, 87.515, , , , , 
1/31/2020 2:45:46 PM, 3231, 9027.25, 1616.4, 322.56, 219.78, 160.76, 312.155, 170.874, 237.965, 95.79, 30.045, 63.26, 125.91, 63.0931, 87.515, , , , , 
1/31/2020 2:45:49 PM, 3231, 9027.75, 1616.4, 322.56, 219.7863, 160.75, 312.17, 170.883, 237.976, 95.8, 30.0429, 63.26, 125.925, 63.0931, 87.515, , , , , 
1/31/2020 2:45:52 PM, 3231, 9027.75, 1616.4, 322.56, 219.7863, 160.75, 312.17, 170.883, 237.976, 95.8, 30.0429, 63.26, 125.925, 63.0931, 87.515, , , , , 
1/31/2020 2:45:55 PM, 3231.5, 9029.75, 1616.6, 322.6112, 219.84, 160.77, 312.38, 170.9199, 238.02, 95.82, 30.05, 63.265, 125.93, 63.0931, 87.515, , , , , 
1/31/2020 2:45:58 PM, 3231.5, 9029.75, 1616.6, 322.6112, 219.84, 160.77, 312.38, 170.9199, 238.02, 95.82, 30.05, 63.265, 125.93, 63.0931, 87.515, , , , , 
1/31/2020 2:46:01 PM, 3232.25, 9032.5, 1617, 322.68, 219.89, 160.82, 312.4773, 170.97, 238.12, 95.8477, 30.0523, 63.28, 125.95, 63.0931, 87.52, , , , , 
1/31/2020 2:46:04 PM, 3232.25, 9032.5, 1617, 322.68, 219.89, 160.82, 312.4773, 170.97, 238.12, 95.8477, 30.0523, 63.28, 125.95, 63.0931, 87.52, , , , , 
1/31/2020 2:46:07 PM, 3232, 9031.75, 1617, 322.68, 219.89, 160.82, 312.4431, 170.955, 238.1, 95.8501, 30.055, 63.285, 125.96, 63.0931, 87.5201, , , , , 
1/31/2020 2:46:10 PM, 3232, 9031.75, 1617, 322.68, 219.89, 160.82, 312.4431, 170.955, 238.1, 95.8501, 30.055, 63.285, 125.96, 63.0931, 87.5201, , , , , 
1/31/2020 2:46:13 PM, 3231.75, 9030.25, 1616.7, 322.6399, 219.85, 160.78, 312.3461, 170.92, 238.03, 95.8299, 30.05, 63.275, 125.94, 63.0931, 87.52, , , , , 
1/31/2020 2:46:16 PM, 3231.75, 9030.25, 1616.7, 322.6399, 219.85, 160.78, 312.3461, 170.92, 238.03, 95.8299, 30.05, 63.275, 125.94, 63.0931, 87.52, , , , , 
1/31/2020 2:46:19 PM, 3231.5, 9030.5, 1616.6, 322.62, 219.84, 160.78, 312.3891, 170.925, 238.05, 95.82, 30.055, 63.275, 125.93, 63.0931, 87.52, , , , , 
1/31/2020 2:46:22 PM, 3231.5, 9030.5, 1616.6, 322.62, 219.84, 160.78, 312.3891, 170.925, 238.05, 95.82, 30.055, 63.275, 125.93, 63.0931, 87.52, , , , , 
1/31/2020 2:46:25 PM, 3231.25, 9029, 1616.4, 322.59, 219.82, 160.75, 312.37, 170.91, 238, 95.81, 30.0404, 63.27, 125.93, 63.0931, 87.515, , , , , 
1/31/2020 2:46:28 PM, 3231.25, 9029, 1616.4, 322.59, 219.82, 160.75, 312.37, 170.91, 238, 95.81, 30.0404, 63.27, 125.93, 63.0931, 87.515, , , , , 
1/31/2020 2:46:31 PM, 3231, 9027.75, 1616.2, 322.57, 219.8, 160.74, 312.315, 170.9, 238, 95.81, 30.04, 63.265, 125.915, 63.0931, 87.515, , , , , 
1/31/2020 2:46:34 PM, 3231, 9027.75, 1616.2, 322.57, 219.8, 160.74, 312.315, 170.9, 238, 95.81, 30.04, 63.265, 125.915, 63.0931, 87.515, , , , , 
1/31/2020 2:46:37 PM, 3230.75, 9027.5, 1616.2, 322.55, 219.79, 160.73, 312.315, 170.88, 237.97, 95.8, 30.04, 63.265, 125.91, 63.0931, 87.515, , , , , 
1/31/2020 2:46:40 PM, 3230.75, 9027.5, 1616.2, 322.55, 219.79, 160.73, 312.315, 170.88, 237.97, 95.8, 30.04, 63.265, 125.91, 63.0931, 87.515, , , , , 
1/31/2020 2:46:43 PM, 3230.5, 9026.5, 1616, 322.52, 219.765, 160.71, 312.3, 170.86, 237.9, 95.79, 30.04, 63.26, 125.9, 63.0931, 87.51, , , , , 
1/31/2020 2:46:46 PM, 3230.5, 9026.5, 1616, 322.52, 219.765, 160.71, 312.3, 170.86, 237.9, 95.79, 30.04, 63.26, 125.9, 63.0931, 87.51, , , , , 
1/31/2020 2:46:49 PM, 3230.25, 9025.75, 1615.6, 322.4977, 219.76, 160.68, 312.26, 170.87, 237.925, 95.78, 30.035, 63.26, 125.89, 63.0931, 87.51, , , , , 
1/31/2020 2:46:52 PM, 3230.25, 9025.75, 1615.6, 322.4977, 219.76, 160.68, 312.26, 170.87, 237.925, 95.78, 30.035, 63.26, 125.89, 63.0931, 87.51, , , , , 
1/31/2020 2:46:55 PM, 3230.5, 9027.75, 1616, 322.54, 219.79, 160.72, 312.34, 170.88, 237.96, 95.78, 30.04, 63.2639, 125.89, 63.0931, 87.51, , , , , 
1/31/2020 2:46:58 PM, 3230.5, 9027.75, 1616, 322.54, 219.79, 160.72, 312.34, 170.88, 237.96, 95.78, 30.04, 63.2639, 125.89, 63.0931, 87.51, , , , , 
1/31/2020 2:47:01 PM, 3230.25, 9025.5, 1615.6, 322.4878, 219.74, 160.6701, 312.2, 170.84, 237.88, 95.779, 30.04, 63.25, 125.895, 63.0931, 87.51, , , , , 
1/31/2020 2:47:04 PM, 3230.25, 9025.5, 1615.6, 322.4878, 219.74, 160.6701, 312.2, 170.84, 237.88, 95.779, 30.04, 63.25, 125.895, 63.0931, 87.51, , , , , 
1/31/2020 2:47:07 PM, 3229.25, 9023.75, 1615.4, 322.41, 219.72, 160.66, 312.11, 170.795, 237.8899, 95.75, 30.03, 63.235, 125.86, 63.0931, 87.51, , , , , 
1/31/2020 2:47:10 PM, 3229.25, 9023.75, 1615.4, 322.41, 219.72, 160.66, 312.11, 170.795, 237.8899, 95.75, 30.03, 63.235, 125.86, 63.0931, 87.51, , , , , 
1/31/2020 2:47:13 PM, 3229.25, 9023.75, 1615.4, 322.41, 219.6903, 160.655, 312.0738, 170.81, 237.83, 95.74, 30.0303, 63.24, 125.86, 63.0931, 87.51, , , , , 
1/31/2020 2:47:16 PM, 3229.25, 9023.75, 1615.4, 322.41, 219.6903, 160.655, 312.0738, 170.81, 237.83, 95.74, 30.0303, 63.24, 125.86, 63.0931, 87.51, , , , , 
1/31/2020 2:47:19 PM, 3229.25, 9023.75, 1615.5, 322.41, 219.69, 160.66, 312.1233, 170.79, 237.8, 95.75, 30.03, 63.24, 125.8409, 63.0931, 87.51, , , , , 
1/31/2020 2:47:22 PM, 3229.25, 9023.75, 1615.5, 322.41, 219.69, 160.66, 312.1233, 170.79, 237.8, 95.75, 30.03, 63.24, 125.8409, 63.0931, 87.51, , , , , 
1/31/2020 2:47:25 PM, 3229.5, 9024.5, 1615.6, 322.4366, 219.72, 160.68, 312.17, 170.8144, 237.8377, 95.7595, 30.04, 63.255, 125.855, 63.0931, 87.515, , , , , 
1/31/2020 2:47:28 PM, 3229.5, 9024.5, 1615.6, 322.4366, 219.72, 160.68, 312.17, 170.8144, 237.8377, 95.7595, 30.04, 63.255, 125.855, 63.0931, 87.515, , , , , 
1/31/2020 2:47:31 PM, 3229.25, 9024, 1615.5, 322.4101, 219.7, 160.65, 312.125, 170.825, 237.8046, 95.7561, 30.0399, 63.245, 125.85, 63.0931, 87.5179, , , , , 
1/31/2020 2:47:34 PM, 3229.25, 9024, 1615.5, 322.4101, 219.7, 160.65, 312.125, 170.825, 237.8046, 95.7561, 30.0399, 63.245, 125.85, 63.0931, 87.5179, , , , , 
1/31/2020 2:47:37 PM, 3229.5, 9023.5, 1615.5, 322.41, 219.6836, 160.66, 312.1375, 170.8242, 237.8323, 95.7599, 30.0399, 63.245, 125.8439, 63.0931, 87.5131, , , , , 
1/31/2020 2:47:40 PM, 3229.5, 9024.25, 1615.6, 322.42, 219.72, 160.67, 312.16, 170.84, 237.9, 95.76, 30.035, 63.245, 125.85, 63.0931, 87.51, , , , , 
1/31/2020 2:47:43 PM, 3229.75, 9024.75, 1615.8, 322.44, 219.72, 160.7, 312.2, 170.8414, 237.935, 95.77, 30.045, 63.245, 125.86, 63.0931, 87.51, , , , , 
1/31/2020 2:47:46 PM, 3229.75, 9024.75, 1615.9, 322.4392, 219.7164, 160.7, 312.2017, 170.83, 237.935, 95.77, 30.04, 63.245, 125.86, 63.0931, 87.51, , , , , 
1/31/2020 2:47:49 PM, 3230, 9026.25, 1616.1, 322.48, 219.76, 160.725, 312.253, 170.84, 238.02, 95.78, 30.04, 63.245, 125.86, 63.0931, 87.515, , , , , 
1/31/2020 2:47:52 PM, 3230, 9026.75, 1616, 322.49, 219.76, 160.72, 312.296, 170.855, 238.02, 95.78, 30.04, 63.245, 125.87, 63.0931, 87.515, , , , , 
1/31/2020 2:47:55 PM, 3230, 9025.5, 1615.9, 322.46, 219.75, 160.7, 312.25, 170.85, 238.01, 95.78, 30.0427, 63.245, 125.87, 63.0931, 87.515, , , , , 
1/31/2020 2:47:59 PM, 3230.25, 9026.5, 1615.9, 322.5, 219.75, 160.71, 312.2706, 170.85, 238.01, 95.79, 30.0427, 63.25, 125.87, 63.0931, 87.515, , , , , 
1/31/2020 2:48:02 PM, 3230, 9025.75, 1615.9, 322.48, 219.75, 160.72, 312.2706, 170.86, 238.03, 95.78, 30.045, 63.255, 125.86, 63.0931, 87.515, , , , , 
1/31/2020 2:48:05 PM, 3230.25, 9027, 1616.1, 322.4946, 219.77, 160.72, 312.2976, 170.865, 238.03, 95.79, 30.045, 63.255, 125.87, 63.0931, 87.51, , , , , 
1/31/2020 2:48:08 PM, 3230.25, 9027.5, 1616, 322.52, 219.7654, 160.72, 312.31, 170.865, 238.01, 95.79, 30.045, 63.255, 125.87, 63.0931, 87.51, , , , , 
1/31/2020 2:48:11 PM, 3230.25, 9026.75, 1616.1, 322.49, 219.77, 160.72, 312.33, 170.85, 238.03, 95.79, 30.05, 63.25, 125.87, 63.0931, 87.51, , , , , 
1/31/2020 2:48:14 PM, 3230.25, 9027, 1616.1, 322.49, 219.77, 160.72, 312.32, 170.855, 238.0418, 95.79, 30.05, 63.25, 125.87, 63.0931, 87.51, , , , , 
1/31/2020 2:48:17 PM, 3230.5, 9028.25, 1616.3, 322.5, 219.8, 160.73, 312.3899, 170.865, 238.09, 95.8, 30.05, 63.255, 125.88, 63.0931, 87.51, , , , , 
1/31/2020 2:48:20 PM, 3230.5, 9029, 1616.3, 322.5466, 219.8, 160.74, 312.5, 170.87, 238.09, 95.81, 30.05, 63.255, 125.88, 63.0931, 87.51, , , , , 
1/31/2020 2:48:23 PM, 3230.5, 9028, 1616.3, 322.54, 219.8054, 160.74, 312.46, 170.87, 238.1173, 95.81, 30.045, 63.255, 125.88, 63.0931, 87.51, , , , , 
1/31/2020 2:48:26 PM, 3230.75, 9028.25, 1616.3, 322.54, 219.8, 160.74, 312.47, 170.87, 238.1173, 95.81, 30.045, 63.255, 125.88, 63.0931, 87.51, , , , , 
1/31/2020 2:48:29 PM, 3231, 9030, 1616.6, 322.59, 219.8432, 160.77, 312.5, 170.9, 238.13, 95.83, 30.0525, 63.26, 125.9, 63.0931, 87.515, , , , , 
1/31/2020 2:48:32 PM, 3231, 9030.25, 1616.7, 322.6, 219.85, 160.78, 312.5647, 170.92, 238.1833, 95.83, 30.0525, 63.265, 125.91, 63.0931, 87.515, , , , , 
1/31/2020 2:48:35 PM, 3231, 9029.25, 1616.5, 322.57, 219.82, 160.77, 312.51, 170.91, 238.14, 95.82, 30.055, 63.265, 125.9, 63.0931, 87.515, , , , , 
1/31/2020 2:48:38 PM, 3231, 9029, 1616.5, 322.5659, 219.81, 160.76, 312.49, 170.89, 238.14, 95.82, 30.05, 63.265, 125.89, 63.0931, 87.515, , , , , 
1/31/2020 2:48:41 PM, 3230.25, 9027, 1616.2, 322.5, 219.78, 160.72, 312.37, 170.855, 238.14, 95.8, 30.045, 63.255, 125.87, 63.0931, 87.515, , , , , 
1/31/2020 2:48:44 PM, 3230.25, 9027, 1616.1, 322.48, 219.7666, 160.72, 312.31, 170.85, 238.0291, 95.79, 30.04, 63.25, 125.86, 63.0931, 87.515, , , , , 
1/31/2020 2:48:47 PM, 3230.25, 9026.75, 1616.1, 322.52, 219.77, 160.72, 312.38, 170.8516, 238.03, 95.79, 30.04, 63.245, 125.87, 63.0931, 87.505, , , , , 
1/31/2020 2:48:50 PM, 3230.25, 9026.75, 1616.2, 322.49, 219.7799, 160.73, 312.4, 170.86, 238.03, 95.81, 30.05, 63.255, 125.87, 63.0931, 87.51, , , , , 
1/31/2020 2:48:53 PM, 3230.25, 9027, 1616.1, 322.51, 219.77, 160.72, 312.3624, 170.86, 238.03, 95.81, 30.04, 63.25, 125.86, 63.0931, 87.51, , , , , 
1/31/2020 2:48:56 PM, 3230.25, 9027.5, 1616.1, 322.52, 219.775, 160.72, 312.39, 170.86, 238.03, 95.81, 30.04, 63.255, 125.86, 63.0931, 87.51, , , , , 
1/31/2020 2:48:59 PM, 3230.5, 9027, 1616.1, 322.52, 219.78, 160.72, 312.35, 170.86, 238.03, 95.81, 30.04, 63.255, 125.86, 63.0931, 87.51, , , , , 
1/31/2020 2:49:02 PM, 3230.75, 9027.5, 1616.1, 322.53, 219.78, 160.74, 312.37, 170.875, 238.03, 95.81, 30.045, 63.26, 125.87, 63.0931, 87.52, , , , , 
1/31/2020 2:49:05 PM, 3230.75, 9028.25, 1616.3, 322.55, 219.8, 160.74, 312.42, 170.9, 238.03, 95.8104, 30.04, 63.265, 125.87, 63.0931, 87.52, , , , , 
1/31/2020 2:49:08 PM, 3230.75, 9028, 1616.3, 322.55, 219.8, 160.74, 312.4113, 170.905, 238.03, 95.8154, 30.04, 63.26, 125.87, 63.0931, 87.52, , , , , 
1/31/2020 2:49:11 PM, 3230.75, 9028.25, 1616.2, 322.53, 219.79, 160.73, 312.38, 170.91, 238.03, 95.8199, 30.05, 63.26, 125.87, 63.0931, 87.52, , , , , 
1/31/2020 2:49:14 PM, 3230.75, 9028, 1616.1, 322.522, 219.79, 160.73, 312.4018, 170.91, 238.03, 95.81, 30.045, 63.2564, 125.87, 63.0931, 87.52, , , , , 
1/31/2020 2:49:17 PM, 3230.75, 9028.5, 1616.2, 322.56, 219.8, 160.73, 312.415, 170.91, 238.03, 95.81, 30.045, 63.25, 125.88, 63.0931, 87.52, , , , , 
1/31/2020 2:49:20 PM, 3230.75, 9028.25, 1616.2, 322.5634, 219.8, 160.73, 312.455, 170.9166, 238.03, 95.81, 30.04, 63.25, 125.88, 63.0931, 87.53, , , , , 
1/31/2020 2:49:23 PM, 3230.75, 9028.5, 1616.1, 322.54, 219.8, 160.73, 312.4775, 170.9166, 238.03, 95.81, 30.04, 63.25, 125.88, 63.0931, 87.53, , , , , 
1/31/2020 2:49:26 PM, 3230.75, 9028.5, 1616.1, 322.52, 219.81, 160.72, 312.49, 170.915, 238.05, 95.81, 30.05, 63.24, 125.88, 63.0931, 87.53, , , , , 
1/31/2020 2:49:29 PM, 3230.25, 9027.5, 1615.9, 322.5, 219.78, 160.7001, 312.4599, 170.89, 238.02, 95.81, 30.05, 63.245, 125.86, 63.0931, 87.53, , , , , 
1/31/2020 2:49:32 PM, 3230, 9026, 1615.7, 322.46, 219.75, 160.69, 312.39, 170.865, 238, 95.79, 30.04, 63.24, 125.84, 63.0931, 87.53, , , , , 
1/31/2020 2:49:35 PM, 3230, 9026, 1615.7, 322.47, 219.73, 160.69, 312.3617, 170.855, 238, 95.79, 30.04, 63.24, 125.83, 63.0931, 87.52, , , , , 
1/31/2020 2:49:38 PM, 3230, 9026, 1615.7, 322.4735, 219.75, 160.6867, 312.35, 170.87, 238, 95.7954, 30.04, 63.24, 125.83, 63.0931, 87.52, , , , , 
1/31/2020 2:49:41 PM, 3230.25, 9027, 1615.8, 322.5, 219.77, 160.7, 312.3993, 170.9, 238.03, 95.8, 30.04, 63.245, 125.83, 63.0931, 87.52, , , , , 
1/31/2020 2:49:44 PM, 3230, 9026.75, 1615.8, 322.5, 219.77, 160.7, 312.41, 170.88, 238.03, 95.7969, 30.04, 63.24, 125.83, 63.0931, 87.52, , , , , 
1/31/2020 2:49:47 PM, 3229.75, 9025.75, 1615.8, 322.47, 219.73, 160.69, 312.3534, 170.85, 237.96, 95.78, 30.04, 63.235, 125.82, 63.0931, 87.52, , , , , 
1/31/2020 2:49:50 PM, 3229.75, 9024.75, 1615.7, 322.4305, 219.7119, 160.67, 312.3574, 170.84, 238.04, 95.78, 30.0468, 63.235, 125.82, 63.0931, 87.52, , , , , 
1/31/2020 2:49:53 PM, 3229.75, 9024.75, 1615.7, 322.4305, 219.7119, 160.67, 312.3574, 170.84, 238.04, 95.78, 30.0468, 63.235, 125.82, 63.0931, 87.52, , , , , 
1/31/2020 2:49:56 PM, 3229.5, 9024.75, 1615.7, 322.439, 219.73, 160.68, 312.31, 170.84, 238.02, 95.78, 30.0468, 63.235, 125.8133, 63.0931, 87.52, , , , , 
1/31/2020 2:49:59 PM, 3229.25, 9024, 1615.5, 322.4, 219.6999, 160.67, 312.25, 170.8062, 237.9122, 95.76, 30.035, 63.225, 125.81, 63.0931, 87.52, , , , , 
1/31/2020 2:50:02 PM, 3229.5, 9024.75, 1615.5, 322.43, 219.71, 160.68, 312.28, 170.8062, 237.86, 95.77, 30.0346, 63.225, 125.81, 63.0931, 87.52, , , , , 
1/31/2020 2:50:05 PM, 3229.75, 9025.5, 1615.9, 322.44, 219.75, 160.71, 312.3296, 170.86, 237.95, 95.78, 30.04, 63.23, 125.82, 63.0931, 87.52, , , , , 
1/31/2020 2:50:08 PM, 3229.25, 9024.75, 1615.5, 322.41, 219.71, 160.68, 312.28, 170.84, 237.9314, 95.77, 30.04, 63.225, 125.82, 63.0931, 87.52, , , , , 
1/31/2020 2:50:12 PM, 3229, 9023.75, 1615.2, 322.3691, 219.69, 160.65, 312.25, 170.82, 237.83, 95.7525, 30.03, 63.22, 125.8, 63.0931, 87.52, , , , , 
1/31/2020 2:50:15 PM, 3229.25, 9024.75, 1615.4, 322.41, 219.71, 160.66, 312.27, 170.83, 237.94, 95.77, 30.035, 63.22, 125.8, 63.0931, 87.52, , , , , 
1/31/2020 2:50:18 PM, 3229.75, 9026.25, 1615.7, 322.46, 219.7434, 160.71, 312.3708, 170.8402, 237.96, 95.79, 30.04, 63.22, 125.82, 63.0931, 87.52, , , , , 
1/31/2020 2:50:21 PM, 3230, 9027.5, 1615.9, 322.4699, 219.78, 160.7, 312.42, 170.86, 237.96, 95.79, 30.045, 63.22, 125.83, 63.0931, 87.52, , , , , 
1/31/2020 2:50:24 PM, 3230.25, 9028.25, 1616, 322.5, 219.7883, 160.72, 312.4574, 170.87, 238.02, 95.8021, 30.04, 63.225, 125.85, 63.0931, 87.53, , , , , 
1/31/2020 2:50:27 PM, 3230.5, 9029, 1616, 322.515, 219.81, 160.72, 312.4482, 170.9, 238.02, 95.81, 30.04, 63.23, 125.85, 63.0931, 87.53, , , , , 
1/31/2020 2:50:30 PM, 3230.25, 9029, 1616, 322.5004, 219.83, 160.73, 312.4999, 170.892, 238.09, 95.82, 30.0488, 63.23, 125.86, 63.0931, 87.53, , , , , 
1/31/2020 2:50:33 PM, 3230, 9027.25, 1615.7, 322.45, 219.79, 160.71, 312.4532, 170.86, 238.09, 95.81, 30.035, 63.225, 125.85, 63.0931, 87.53, , , , , 
1/31/2020 2:50:36 PM, 3229.75, 9027.25, 1615.8, 322.47, 219.77, 160.69, 312.42, 170.86, 238.082, 95.81, 30.0399, 63.225, 125.84, 63.0931, 87.53, , , , , 
1/31/2020 2:50:39 PM, 3230, 9028, 1615.9, 322.47, 219.79, 160.71, 312.427, 170.87, 238.084, 95.801, 30.03, 63.22, 125.84, 63.0931, 87.54, , , , , 
1/31/2020 2:50:42 PM, 3230, 9027.75, 1615.9, 322.48, 219.78, 160.71, 312.43, 170.8643, 238.084, 95.7964, 30.03, 63.22, 125.84, 63.0931, 87.54, , , , , 
1/31/2020 2:50:45 PM, 3229.75, 9026, 1615.7, 322.43, 219.75, 160.68, 312.3899, 170.84, 238.0699, 95.79, 30.03, 63.22, 125.83, 63.0931, 87.54, , , , , 
1/31/2020 2:50:48 PM, 3229.75, 9026.5, 1615.7, 322.44, 219.76, 160.68, 312.3978, 170.8322, 237.98, 95.796, 30.0368, 63.225, 125.83, 63.0931, 87.54, , , , , 
1/31/2020 2:50:51 PM, 3229.75, 9026.25, 1615.7, 322.43, 219.75, 160.69, 312.3753, 170.8396, 237.89, 95.79, 30.0368, 63.225, 125.83, 63.0931, 87.54, , , , , 
1/31/2020 2:50:54 PM, 3230, 9027, 1615.9, 322.47, 219.775, 160.71, 312.4075, 170.8401, 237.97, 95.795, 30.035, 63.23, 125.83, 63.0931, 87.54, , , , , 
1/31/2020 2:50:57 PM, 3229.75, 9026.75, 1615.8, 322.46, 219.76, 160.7, 312.42, 170.8439, 237.97, 95.79, 30.035, 63.23, 125.83, 63.0931, 87.54, , , , , 
1/31/2020 2:51:00 PM, 3230, 9028, 1616, 322.49, 219.79, 160.71, 312.455, 170.87, 237.97, 95.81, 30.035, 63.235, 125.85, 63.0931, 87.54, , , , , 
1/31/2020 2:51:03 PM, 3230, 9027.5, 1615.9, 322.48, 219.775, 160.7, 312.39, 170.86, 237.97, 95.81, 30.035, 63.225, 125.85, 63.0931, 87.54, , , , , 
1/31/2020 2:51:06 PM, 3230, 9027.5, 1615.9, 322.4879, 219.77, 160.71, 312.39, 170.855, 237.97, 95.8, 30.0396, 63.235, 125.84, 63.0931, 87.54, , , , , 
1/31/2020 2:51:09 PM, 3230.25, 9027.25, 1615.9, 322.4812, 219.775, 160.71, 312.31, 170.86, 237.97, 95.8, 30.039, 63.235, 125.84, 63.0931, 87.54, , , , , 
1/31/2020 2:51:12 PM, 3230.5, 9028.25, 1616, 322.5, 219.78, 160.71, 312.39, 170.87, 237.97, 95.8, 30.04, 63.235, 125.84, 63.0931, 87.54, , , , , 
1/31/2020 2:51:15 PM, 3230.25, 9027.75, 1615.9, 322.5, 219.78, 160.71, 312.39, 170.87, 237.9985, 95.805, 30.045, 63.235, 125.84, 63.0931, 87.54, , , , , 
1/31/2020 2:51:18 PM, 3230.5, 9028.75, 1616, 322.54, 219.82, 160.72, 312.4, 170.89, 237.9985, 95.81, 30.05, 63.235, 125.85, 63.0931, 87.535, , , , , 
1/31/2020 2:51:21 PM, 3231, 9029.5, 1616.2, 322.56, 219.83, 160.73, 312.46, 170.89, 238.03, 95.81, 30.045, 63.245, 125.86, 63.0931, 87.535, , , , , 
1/31/2020 2:51:24 PM, 3230.75, 9028.75, 1616.2, 322.55, 219.82, 160.72, 312.415, 170.88, 238.03, 95.81, 30.045, 63.245, 125.86, 63.0931, 87.535, , , , , 
1/31/2020 2:51:27 PM, 3230.5, 9028, 1615.9, 322.53, 219.82, 160.71, 312.3796, 170.88, 238.0632, 95.8, 30.045, 63.245, 125.85, 63.0931, 87.535, , , , , 
1/31/2020 2:51:30 PM, 3230.25, 9027, 1615.8, 322.5, 219.76, 160.7, 312.33, 170.8466, 238.01, 95.8, 30.04, 63.24, 125.83, 63.0931, 87.535, , , , , 
1/31/2020 2:51:33 PM, 3229.75, 9025.75, 1615.6, 322.4696, 219.74, 160.68, 312.29, 170.825, 237.9999, 95.795, 30.035, 63.24, 125.82, 63.0931, 87.535, , , , , 
1/31/2020 2:51:36 PM, 3229.75, 9025, 1615.5, 322.44, 219.72, 160.66, 312.28, 170.8239, 237.9308, 95.77, 30.035, 63.235, 125.81, 63.0931, 87.53, , , , , 
1/31/2020 2:51:39 PM, 3229.5, 9023.75, 1615.3, 322.4112, 219.7, 160.65, 312.2175, 170.785, 237.89, 95.76, 30.0305, 63.23, 125.79, 63.0931, 87.525, , , , , 
1/31/2020 2:51:42 PM, 3229.25, 9023, 1615.3, 322.39, 219.67, 160.65, 312.155, 170.78, 237.81, 95.75, 30.03, 63.235, 125.78, 63.0931, 87.525, , , , , 
1/31/2020 2:51:45 PM, 3229.25, 9022.75, 1615.4, 322.3923, 219.66, 160.65, 312.13, 170.77, 237.88, 95.75, 30.03, 63.235, 125.78, 63.0931, 87.52, , , , , 
1/31/2020 2:51:48 PM, 3229.25, 9022.5, 1615.4, 322.4, 219.6991, 160.65, 312.18, 170.7658, 237.84, 95.75, 30.03, 63.23, 125.78, 63.0931, 87.52, , , , , 
1/31/2020 2:51:51 PM, 3229, 9022.75, 1615.3, 322.4, 219.66, 160.635, 312.1002, 170.7469, 237.82, 95.74, 30.03, 63.23, 125.78, 63.0931, 87.52, , , , , 
1/31/2020 2:51:54 PM, 3229.25, 9022.75, 1615.3, 322.4, 219.68, 160.64, 312.14, 170.75, 237.84, 95.74, 30.03, 63.2299, 125.78, 63.0931, 87.52, , , , , 
1/31/2020 2:51:57 PM, 3229.25, 9023.25, 1615.3, 322.4, 219.69, 160.65, 312.1616, 170.7599, 237.84, 95.75, 30.03, 63.23, 125.78, 63.0931, 87.52, , , , , 
1/31/2020 2:52:00 PM, 3229.5, 9023.5, 1615.2, 322.41, 219.69, 160.65, 312.189, 170.78, 237.8, 95.75, 30.03, 63.23, 125.79, 63.0931, 87.52, , , , , 
1/31/2020 2:52:03 PM, 3229.5, 9024.5, 1615.2, 322.435, 219.705, 160.64, 312.18, 170.81, 237.8096, 95.76, 30.0332, 63.23, 125.8, 63.0931, 87.52, , , , , 
1/31/2020 2:52:06 PM, 3229.5, 9023.25, 1615.2, 322.41, 219.68, 160.625, 312.14, 170.79, 237.81, 95.75, 30.03, 63.23, 125.79, 63.0931, 87.525, , , , , 
1/31/2020 2:52:09 PM, 3229, 9022.75, 1615, 322.3868, 219.6768, 160.62, 312.07, 170.7775, 237.79, 95.74, 30.03, 63.225, 125.78, 63.0931, 87.5246, , , , , 
1/31/2020 2:52:12 PM, 3229, 9022, 1615, 322.36, 219.6768, 160.62, 312.06, 170.78, 237.7963, 95.7401, 30.03, 63.225, 125.7799, 63.0931, 87.52, , , , , 
1/31/2020 2:52:15 PM, 3229, 9022.5, 1615.2, 322.38, 219.65, 160.63, 312.01, 170.765, 237.8, 95.7401, 30.03, 63.2295, 125.7799, 63.0931, 87.5259, , , , , 
1/31/2020 2:52:18 PM, 3229, 9022.25, 1615.4, 322.39, 219.661, 160.65, 312.0146, 170.77, 237.82, 95.74, 30.035, 63.225, 125.7799, 63.0931, 87.5251, , , , , 
1/31/2020 2:52:21 PM, 3229, 9022.25, 1615.4, 322.39, 219.661, 160.65, 312.0146, 170.77, 237.82, 95.74, 30.035, 63.225, 125.7799, 63.0931, 87.5251, , , , , 
1/31/2020 2:52:24 PM, 3230, 9024.75, 1615.9, 322.46, 219.725, 160.7, 312.1304, 170.81, 237.94, 95.77, 30.045, 63.235, 125.82, 63.0931, 87.527, , , , , 
1/31/2020 2:52:27 PM, 3230, 9024.75, 1615.9, 322.46, 219.725, 160.7, 312.1304, 170.81, 237.94, 95.77, 30.045, 63.235, 125.82, 63.0931, 87.527, , , , , 
1/31/2020 2:52:30 PM, 3230, 9025.75, 1616, 322.466, 219.73, 160.71, 312.16, 170.83, 237.96, 95.77, 30.045, 63.235, 125.82, 63.0931, 87.53, , , , , 
1/31/2020 2:52:33 PM, 3230, 9025.75, 1616, 322.466, 219.73, 160.71, 312.16, 170.83, 237.96, 95.77, 30.045, 63.235, 125.82, 63.0931, 87.53, , , , , 
1/31/2020 2:52:36 PM, 3229.5, 9024.5, 1615.9, 322.43, 219.72, 160.7, 312.11, 170.8, 237.9, 95.76, 30.04, 63.235, 125.82, 63.0931, 87.53, , , , , 
1/31/2020 2:52:39 PM, 3229.5, 9024.5, 1615.9, 322.43, 219.72, 160.7, 312.11, 170.8, 237.9, 95.76, 30.04, 63.235, 125.82, 63.0931, 87.53, , , , , 
1/31/2020 2:52:43 PM, 3229.75, 9024.5, 1616, 322.4268, 219.7, 160.72, 312.13, 170.8, 237.94, 95.76, 30.04, 63.235, 125.81, 63.0931, 87.53, , , , , 
1/31/2020 2:52:46 PM, 3229.75, 9024.5, 1616, 322.4268, 219.7, 160.72, 312.13, 170.8, 237.94, 95.76, 30.04, 63.235, 125.81, 63.0931, 87.53, , , , , 
1/31/2020 2:52:49 PM, 3229.5, 9023.5, 1615.8, 322.4, 219.6887, 160.72, 312.1382, 170.76, 237.9063, 95.76, 30.035, 63.2235, 125.8, 63.0931, 87.525, , , , , 
1/31/2020 2:52:52 PM, 3229.5, 9023.5, 1615.8, 322.41, 219.6887, 160.7, 312.1382, 170.76, 237.9063, 95.7564, 30.03, 63.2254, 125.8, 63.0931, 87.525, , , , , 
1/31/2020 2:52:55 PM, 3229, 9022.5, 1615.6, 322.38, 219.66, 160.68, 312.11, 170.76, 237.84, 95.74, 30.03, 63.22, 125.8, 63.0931, 87.525, , , , , 
1/31/2020 2:52:58 PM, 3229, 9022.5, 1615.6, 322.38, 219.66, 160.68, 312.11, 170.76, 237.84, 95.74, 30.03, 63.22, 125.8, 63.0931, 87.525, , , , , 
1/31/2020 2:53:01 PM, 3229.5, 9023.75, 1615.7, 322.41, 219.67, 160.69, 312.15, 170.78, 237.865, 95.74, 30.035, 63.22, 125.79, 63.0931, 87.525, , , , , 
1/31/2020 2:53:04 PM, 3229.5, 9023.75, 1615.7, 322.41, 219.67, 160.69, 312.15, 170.78, 237.865, 95.74, 30.035, 63.22, 125.79, 63.0931, 87.525, , , , , 
1/31/2020 2:53:07 PM, 3229.5, 9024.25, 1615.9, 322.43, 219.69, 160.7, 312.2, 170.785, 237.94, 95.74, 30.04, 63.225, 125.8, 63.0931, 87.525, , , , , 
1/31/2020 2:53:10 PM, 3229.5, 9024.25, 1615.9, 322.43, 219.69, 160.7, 312.2, 170.785, 237.94, 95.74, 30.04, 63.225, 125.8, 63.0931, 87.525, , , , , 
1/31/2020 2:53:13 PM, 3229.75, 9024.5, 1616, 322.44, 219.71, 160.72, 312.27, 170.78, 237.95, 95.7699, 30.0401, 63.225, 125.82, 63.0931, 87.525, , , , , 
1/31/2020 2:53:16 PM, 3229.75, 9024.5, 1616, 322.44, 219.71, 160.72, 312.27, 170.78, 237.95, 95.7699, 30.0401, 63.225, 125.82, 63.0931, 87.525, , , , , 
1/31/2020 2:53:19 PM, 3229.75, 9023.75, 1615.9, 322.44, 219.7, 160.71, 312.1824, 170.79, 237.95, 95.76, 30.04, 63.23, 125.81, 63.0931, 87.525, , , , , 
1/31/2020 2:53:22 PM, 3229.75, 9023.75, 1615.9, 322.44, 219.7, 160.71, 312.1824, 170.79, 237.95, 95.76, 30.04, 63.23, 125.81, 63.0931, 87.525, , , , , 
1/31/2020 2:53:25 PM, 3229.25, 9022.75, 1615.6, 322.39, 219.67, 160.68, 312.13, 170.76, 237.8801, 95.75, 30.0384, 63.225, 125.81, 63.0931, 87.525, , , , , 
1/31/2020 2:53:28 PM, 3229.25, 9022.75, 1615.6, 322.39, 219.67, 160.68, 312.13, 170.76, 237.8801, 95.75, 30.0384, 63.225, 125.81, 63.0931, 87.525, , , , , 
1/31/2020 2:53:31 PM, 3229, 9021.5, 1615.5, 322.35, 219.64, 160.67, 312.05, 170.73, 237.84, 95.74, 30.03, 63.215, 125.8, 63.0931, 87.525, , , , , 
1/31/2020 2:53:34 PM, 3229, 9021.5, 1615.5, 322.35, 219.64, 160.67, 312.05, 170.73, 237.84, 95.74, 30.03, 63.215, 125.8, 63.0931, 87.525, , , , , 
1/31/2020 2:53:37 PM, 3229.25, 9022.5, 1615.6, 322.38, 219.67, 160.69, 312.1, 170.755, 237.88, 95.74, 30.03, 63.22, 125.81, 63.0931, 87.525, , , , , 
1/31/2020 2:53:40 PM, 3229.25, 9022.5, 1615.6, 322.38, 219.67, 160.69, 312.1, 170.755, 237.88, 95.74, 30.03, 63.22, 125.81, 63.0931, 87.525, , , , , 
1/31/2020 2:53:43 PM, 3229.25, 9023.25, 1615.8, 322.39, 219.68, 160.7, 312.125, 170.775, 237.88, 95.745, 30.03, 63.225, 125.805, 63.0931, 87.525, , , , , 
1/31/2020 2:53:46 PM, 3229.25, 9023.25, 1615.8, 322.39, 219.68, 160.7, 312.125, 170.775, 237.88, 95.745, 30.03, 63.225, 125.805, 63.0931, 87.525, , , , , 
1/31/2020 2:53:49 PM, 3229.5, 9024, 1616, 322.42, 219.7, 160.712, 312.08, 170.8, 237.88, 95.75, 30.035, 63.23, 125.82, 63.0931, 87.525, , , , , 
1/31/2020 2:53:52 PM, 3229.5, 9024, 1616, 322.42, 219.7, 160.712, 312.08, 170.8, 237.88, 95.75, 30.035, 63.23, 125.82, 63.0931, 87.525, , , , , 
1/31/2020 2:53:55 PM, 3229.25, 9023, 1616, 322.4069, 219.6915, 160.7, 312.08, 170.8, 237.91, 95.75, 30.04, 63.225, 125.81, 63.0931, 87.525, , , , , 
1/31/2020 2:53:58 PM, 3229.25, 9023, 1616, 322.4069, 219.6915, 160.7, 312.08, 170.8, 237.91, 95.75, 30.04, 63.225, 125.81, 63.0931, 87.525, , , , , 
1/31/2020 2:54:01 PM, 3229.25, 9023.25, 1615.8, 322.4, 219.67, 160.7, 312.16, 170.7715, 237.84, 95.75, 30.0312, 63.225, 125.81, 63.0931, 87.525, , , , , 
1/31/2020 2:54:04 PM, 3229.25, 9023.25, 1615.8, 322.4, 219.67, 160.7, 312.16, 170.7715, 237.84, 95.75, 30.0312, 63.225, 125.81, 63.0931, 87.525, , , , , 
1/31/2020 2:54:07 PM, 3229, 9021.75, 1615.6, 322.38, 219.64, 160.68, 312.12, 170.73, 237.82, 95.731, 30.03, 63.225, 125.79, 63.0931, 87.525, , , , , 
1/31/2020 2:54:10 PM, 3229, 9021.75, 1615.6, 322.38, 219.64, 160.68, 312.12, 170.73, 237.82, 95.731, 30.03, 63.225, 125.79, 63.0931, 87.525, , , , , 
1/31/2020 2:54:13 PM, 3229.25, 9023, 1615.8, 322.4, 219.66, 160.7, 312.13, 170.765, 237.82, 95.75, 30.035, 63.2299, 125.8, 63.0931, 87.525, , , , , 
1/31/2020 2:54:16 PM, 3229.25, 9023, 1615.8, 322.4, 219.66, 160.7, 312.13, 170.765, 237.82, 95.75, 30.035, 63.2299, 125.8, 63.0931, 87.525, , , , , 
1/31/2020 2:54:19 PM, 3230, 9025.25, 1616.1, 322.4986, 219.7201, 160.74, 312.2398, 170.765, 238.02, 95.78, 30.04, 63.24, 125.83, 63.0931, 87.525, , , , , 
1/31/2020 2:54:22 PM, 3230, 9025.25, 1616.1, 322.4986, 219.7201, 160.74, 312.2398, 170.765, 238.02, 95.78, 30.04, 63.24, 125.83, 63.0931, 87.525, , , , , 
1/31/2020 2:54:25 PM, 3230.5, 9026.5, 1616.4, 322.51, 219.7636, 160.75, 312.28, 170.84, 238.08, 95.7848, 30.04, 63.24, 125.855, 63.0931, 87.525, , , , , 
1/31/2020 2:54:28 PM, 3230.5, 9026.5, 1616.4, 322.51, 219.7636, 160.75, 312.28, 170.84, 238.08, 95.7848, 30.04, 63.24, 125.855, 63.0931, 87.525, , , , , 
1/31/2020 2:54:31 PM, 3230.75, 9027.5, 1616.4, 322.5363, 219.7764, 160.76, 312.31, 170.8671, 238.03, 95.795, 30.045, 63.24, 125.86, 63.0931, 87.525, , , , , 
1/31/2020 2:54:34 PM, 3230.75, 9027.5, 1616.4, 322.5363, 219.7764, 160.76, 312.31, 170.8671, 238.03, 95.795, 30.045, 63.24, 125.86, 63.0931, 87.525, , , , , 
1/31/2020 2:54:37 PM, 3231, 9029, 1616.6, 322.58, 219.82, 160.78, 312.37, 170.8892, 238.1, 95.811, 30.045, 63.24, 125.86, 63.0931, 87.525, , , , , 
1/31/2020 2:54:40 PM, 3230.5, 9027.5, 1616.4, 322.537, 219.79, 160.75, 312.34, 170.895, 238.06, 95.81, 30.04, 63.245, 125.85, 63.0931, 87.525, , , , , 
1/31/2020 2:54:43 PM, 3230, 9026, 1616.3, 322.48, 219.7446, 160.7373, 312.3087, 170.85, 238.06, 95.79, 30.04, 63.24, 125.82, 63.0931, 87.525, , , , , 
1/31/2020 2:54:46 PM, 3229.75, 9024.5, 1616, 322.435, 219.7089, 160.715, 312.22, 170.82, 237.86, 95.77, 30.035, 63.2371, 125.81, 63.0931, 87.525, , , , , 
1/31/2020 2:54:49 PM, 3229.5, 9023.25, 1616, 322.4325, 219.71, 160.71, 312.25, 170.8, 237.82, 95.77, 30.03, 63.23, 125.8, 63.0931, 87.525, , , , , 
1/31/2020 2:54:52 PM, 3229.5, 9023.5, 1616, 322.42, 219.7, 160.72, 312.2194, 170.79, 237.82, 95.76, 30.03, 63.23, 125.8, 63.0931, 87.52, , , , , 
1/31/2020 2:54:56 PM, 3229.25, 9023, 1616, 322.41, 219.67, 160.71, 312.135, 170.76, 237.741, 95.74, 30.0382, 63.23, 125.79, 63.0931, 87.52, , , , , 
1/31/2020 2:54:59 PM, 3229, 9022.5, 1615.9, 322.4, 219.68, 160.7, 312.1726, 170.75, 237.741, 95.7401, 30.035, 63.23, 125.79, 63.0931, 87.515, , , , , 
1/31/2020 2:55:02 PM, 3229, 9022.25, 1615.9, 322.38, 219.65, 160.7, 312.13, 170.7393, 237.741, 95.7346, 30.021, 63.225, 125.785, 63.0931, 87.515, , , , , 
1/31/2020 2:55:05 PM, 3229, 9022.25, 1615.8, 322.39, 219.64, 160.7, 312.1264, 170.74, 237.7699, 95.74, 30.0282, 63.225, 125.785, 63.0931, 87.51, , , , , 
1/31/2020 2:55:08 PM, 3229, 9022, 1615.8, 322.37, 219.63, 160.69, 312.17, 170.74, 237.7401, 95.74, 30.025, 63.22, 125.785, 63.0931, 87.51, , , , , 
1/31/2020 2:55:11 PM, 3229.5, 9023.25, 1615.9, 322.4, 219.67, 160.71, 312.19, 170.785, 237.7401, 95.745, 30.03, 63.225, 125.79, 63.0931, 87.51, , , , , 
1/31/2020 2:55:14 PM, 3229.5, 9024, 1616, 322.43, 219.69, 160.72, 312.26, 170.78, 237.81, 95.76, 30.03, 63.23, 125.8, 63.0931, 87.51, , , , , 
1/31/2020 2:55:17 PM, 3229.5, 9023, 1615.8, 322.42, 219.69, 160.71, 312.2141, 170.77, 237.84, 95.755, 30.03, 63.23, 125.8, 63.0931, 87.51, , , , , 
1/31/2020 2:55:20 PM, 3229.75, 9024.5, 1615.9, 322.47, 219.7, 160.72, 312.24, 170.765, 237.83, 95.76, 30.03, 63.23, 125.8, 63.0931, 87.51, , , , , 
1/31/2020 2:55:23 PM, 3230.25, 9026, 1616.1, 322.49, 219.74, 160.715, 312.3, 170.81, 237.83, 95.78, 30.04, 63.24, 125.8, 63.0931, 87.515, , , , , 
1/31/2020 2:55:26 PM, 3230.25, 9025.75, 1616.2, 322.51, 219.72, 160.725, 312.31, 170.81, 237.83, 95.78, 30.04, 63.245, 125.82, 63.0931, 87.515, , , , , 
1/31/2020 2:55:29 PM, 3230.5, 9026.75, 1616.3, 322.53, 219.75, 160.77, 312.31, 170.81, 237.83, 95.78, 30.04, 63.245, 125.83, 63.0931, 87.5138, , , , , 
1/31/2020 2:55:32 PM, 3230.25, 9025.5, 1616.4, 322.5, 219.75, 160.75, 312.281, 170.79, 237.84, 95.77, 30.04, 63.25, 125.83, 63.0931, 87.515, , , , , 
1/31/2020 2:55:35 PM, 3230.5, 9025.5, 1616.4, 322.51, 219.73, 160.75, 312.2306, 170.7734, 237.85, 95.76, 30.045, 63.25, 125.83, 63.0931, 87.515, , , , , 
1/31/2020 2:55:38 PM, 3230.75, 9026.75, 1616.6, 322.55, 219.76, 160.78, 312.3034, 170.795, 237.85, 95.78, 30.05, 63.25, 125.84, 63.0931, 87.515, , , , , 
1/31/2020 2:55:41 PM, 3230.5, 9026, 1616.8, 322.54, 219.74, 160.79, 312.28, 170.78, 237.85, 95.77, 30.04, 63.25, 125.84, 63.0931, 87.515, , , , , 
1/31/2020 2:55:44 PM, 3231, 9027.25, 1616.9, 322.57, 219.77, 160.8, 312.3377, 170.8046, 237.8567, 95.78, 30.045, 63.25, 125.84, 63.0931, 87.515, , , , , 
1/31/2020 2:55:47 PM, 3231, 9026.75, 1616.9, 322.57, 219.77, 160.81, 312.35, 170.8, 237.91, 95.79, 30.045, 63.25, 125.85, 63.0931, 87.515, , , , , 
1/31/2020 2:55:50 PM, 3231, 9026.5, 1616.8, 322.56, 219.77, 160.81, 312.34, 170.8, 237.91, 95.785, 30.045, 63.25, 125.85, 63.0931, 87.515, , , , , 
1/31/2020 2:55:53 PM, 3231.25, 9027.75, 1617, 322.6, 219.8, 160.83, 312.4, 170.8158, 237.94, 95.79, 30.05, 63.255, 125.86, 63.0931, 87.515, , , , , 
1/31/2020 2:55:56 PM, 3231.75, 9029, 1617.2, 322.64, 219.82, 160.85, 312.43, 170.815, 237.91, 95.81, 30.06, 63.26, 125.86, 63.0931, 87.52, , , , , 
1/31/2020 2:55:59 PM, 3232, 9029.25, 1617.4, 322.65, 219.825, 160.85, 312.56, 170.84, 237.9736, 95.81, 30.05, 63.27, 125.88, 63.0931, 87.52, , , , , 
1/31/2020 2:56:02 PM, 3232, 9029.75, 1617.4, 322.68, 219.84, 160.86, 312.52, 170.84, 238, 95.82, 30.06, 63.27, 125.88, 63.0931, 87.52, , , , , 
1/31/2020 2:56:05 PM, 3232.5, 9031.5, 1617.7, 322.72, 219.88, 160.889, 312.65, 170.8792, 238.075, 95.84, 30.06, 63.27, 125.91, 63.0931, 87.535, , , , , 
1/31/2020 2:56:08 PM, 3232, 9030.75, 1617.5, 322.69, 219.86, 160.879, 312.6145, 170.86, 238.1, 95.84, 30.05, 63.28, 125.89, 63.0931, 87.535, , , , , 
1/31/2020 2:56:11 PM, 3232, 9030.75, 1617.4, 322.69, 219.86, 160.87, 312.665, 170.85, 238.0455, 95.83, 30.05, 63.28, 125.89, 63.0931, 87.535, , , , , 
1/31/2020 2:56:14 PM, 3232, 9030.25, 1617.4, 322.68, 219.85, 160.86, 312.6649, 170.83, 238.07, 95.84, 30.05, 63.28, 125.9, 63.0931, 87.54, , , , , 
1/31/2020 2:56:17 PM, 3232.5, 9032.5, 1617.6, 322.73, 219.9, 160.875, 312.66, 170.85, 238.0637, 95.85, 30.06, 63.285, 125.91, 63.0931, 87.535, , , , , 
1/31/2020 2:56:20 PM, 3233, 9033.5, 1617.7, 322.76, 219.9269, 160.895, 312.6724, 170.87, 238.09, 95.85, 30.055, 63.285, 125.92, 63.0931, 87.535, , , , , 
1/31/2020 2:56:23 PM, 3232.75, 9033, 1617.7, 322.74, 219.91, 160.885, 312.66, 170.86, 238.1369, 95.85, 30.06, 63.28, 125.91, 63.0931, 87.535, , , , , 
1/31/2020 2:56:26 PM, 3232.75, 9034, 1617.8, 322.755, 219.94, 160.895, 312.76, 170.87, 238.18, 95.86, 30.055, 63.28, 125.92, 63.0931, 87.535, , , , , 
1/31/2020 2:56:29 PM, 3232.75, 9033.75, 1617.8, 322.75, 219.93, 160.895, 312.76, 170.86, 238.1599, 95.855, 30.055, 63.275, 125.92, 63.0931, 87.535, , , , , 
1/31/2020 2:56:32 PM, 3233, 9033.75, 1617.8, 322.76, 219.94, 160.9, 312.8, 170.86, 238.1599, 95.855, 30.06, 63.275, 125.92, 63.0931, 87.535, , , , , 
1/31/2020 2:56:35 PM, 3232.75, 9034, 1617.7, 322.745, 219.93, 160.885, 312.8, 170.8732, 238.2, 95.86, 30.06, 63.27, 125.92, 63.0931, 87.535, , , , , 
1/31/2020 2:56:38 PM, 3232.25, 9032.25, 1617.5, 322.71, 219.9, 160.88, 312.6949, 170.83, 238.145, 95.84, 30.055, 63.265, 125.9, 63.0931, 87.54, , , , , 
1/31/2020 2:56:41 PM, 3232.25, 9033, 1617.6, 322.705, 219.91, 160.87, 312.7033, 170.845, 238.18, 95.84, 30.05, 63.265, 125.9, 63.0931, 87.55, , , , , 
1/31/2020 2:56:44 PM, 3232.25, 9032.25, 1617.5, 322.675, 219.89, 160.865, 312.71, 170.84, 238.155, 95.84, 30.05, 63.26, 125.9, 63.0931, 87.55, , , , , 
1/31/2020 2:56:47 PM, 3232, 9032.25, 1617.4, 322.69, 219.9, 160.86, 312.7011, 170.83, 238.1, 95.84, 30.05, 63.26, 125.9, 63.0931, 87.5479, , , , , 
1/31/2020 2:56:50 PM, 3232.25, 9032.5, 1617.5, 322.7, 219.91, 160.87, 312.74, 170.845, 238.1967, 95.85, 30.05, 63.265, 125.9, 63.0931, 87.5479, , , , , 
1/31/2020 2:56:53 PM, 3232, 9031.5, 1617.3, 322.67, 219.88, 160.85, 312.6702, 170.82, 238.15, 95.84, 30.05, 63.265, 125.895, 63.0931, 87.5479, , , , , 
1/31/2020 2:56:56 PM, 3232, 9031.5, 1617.2, 322.71, 219.88, 160.85, 312.74, 170.83, 238.11, 95.84, 30.05, 63.26, 125.89, 63.0931, 87.535, , , , , 
1/31/2020 2:56:59 PM, 3232, 9032, 1617.3, 322.69, 219.89, 160.85, 312.82, 170.82, 238.0801, 95.84, 30.05, 63.265, 125.89, 63.0931, 87.535, , , , , 
1/31/2020 2:57:02 PM, 3231.75, 9030.5, 1617.1, 322.655, 219.8566, 160.85, 312.715, 170.8, 238.0801, 95.83, 30.05, 63.2534, 125.89, 63.0931, 87.535, , , , , 
1/31/2020 2:57:05 PM, 3231.75, 9030.5, 1617.3, 322.645, 219.865, 160.85, 312.8, 170.8, 238.0801, 95.83, 30.055, 63.26, 125.88, 63.0931, 87.535, , , , , 
1/31/2020 2:57:08 PM, 3231.25, 9028.75, 1617.1, 322.6, 219.82, 160.82, 312.68, 170.765, 238, 95.81, 30.05, 63.26, 125.87, 63.0931, 87.535, , , , , 
1/31/2020 2:57:11 PM, 3231, 9028.5, 1617, 322.58, 219.79, 160.82, 312.6422, 170.75, 238, 95.805, 30.045, 63.25, 125.855, 63.0931, 87.53, , , , , 
1/31/2020 2:57:14 PM, 3231, 9028.25, 1617, 322.58, 219.805, 160.82, 312.7, 170.75, 237.925, 95.8, 30.045, 63.2554, 125.855, 63.0931, 87.53, , , , , 
1/31/2020 2:57:17 PM, 3231, 9028.75, 1617.1, 322.5928, 219.81, 160.825, 312.69, 170.7624, 237.925, 95.8, 30.045, 63.2554, 125.855, 63.0931, 87.53, , , , , 
1/31/2020 2:57:20 PM, 3231.75, 9030.5, 1617.5, 322.62, 219.85, 160.87, 312.87, 170.7734, 238.06, 95.82, 30.05, 63.26, 125.88, 63.0931, 87.53, , , , , 
1/31/2020 2:57:24 PM, 3231.25, 9028.75, 1617.4, 322.58, 219.82, 160.85, 312.7394, 170.74, 237.9706, 95.8, 30.05, 63.255, 125.88, 63.0931, 87.53, , , , , 
1/31/2020 2:57:27 PM, 3231, 9028.25, 1617.3, 322.58, 219.81, 160.86, 312.86, 170.74, 237.9706, 95.8, 30.05, 63.25, 125.86, 63.0931, 87.53, , , , , 
1/31/2020 2:57:30 PM, 3230.75, 9027, 1617.3, 322.55, 219.77, 160.85, 312.7096, 170.71, 237.9706, 95.79, 30.045, 63.24, 125.83, 63.0931, 87.53, , , , , 
1/31/2020 2:57:33 PM, 3230.5, 9026.75, 1617.2, 322.5319, 219.7602, 160.845, 312.67, 170.71, 237.9706, 95.79, 30.05, 63.245, 125.83, 63.0931, 87.53, , , , , 
1/31/2020 2:57:36 PM, 3231, 9028, 1617.4, 322.57, 219.8, 160.855, 312.7406, 170.75, 237.9706, 95.795, 30.05, 63.25, 125.83, 63.0931, 87.53, , , , , 
1/31/2020 2:57:39 PM, 3231.25, 9029.25, 1617.5, 322.595, 219.82, 160.87, 312.7836, 170.76, 237.9706, 95.81, 30.05, 63.26, 125.83, 63.0931, 87.53, , , , , 
1/31/2020 2:57:42 PM, 3231.25, 9028.25, 1617.5, 322.59, 219.82, 160.86, 312.74, 170.75, 237.9714, 95.805, 30.05, 63.26, 125.84, 63.0931, 87.53, , , , , 
1/31/2020 2:57:45 PM, 3231, 9027.5, 1617.3, 322.56, 219.82, 160.85, 312.685, 170.74, 237.9553, 95.7935, 30.05, 63.255, 125.84, 63.0931, 87.53, , , , , 
1/31/2020 2:57:48 PM, 3230.5, 9026.25, 1617.2, 322.53, 219.75, 160.83, 312.5838, 170.71, 237.91, 95.78, 30.05, 63.25, 125.83, 63.0931, 87.53, , , , , 
1/31/2020 2:57:51 PM, 3230.5, 9026, 1617.1, 322.5225, 219.75, 160.84, 312.555, 170.71, 237.87, 95.77, 30.05, 63.25, 125.83, 63.0931, 87.53, , , , , 
1/31/2020 2:57:54 PM, 3230.5, 9026.25, 1617.2, 322.54, 219.75, 160.84, 312.57, 170.71, 237.8438, 95.77, 30.05, 63.25, 125.83, 63.0931, 87.53, , , , , 
1/31/2020 2:57:57 PM, 3230.5, 9025.5, 1617.2, 322.53, 219.74, 160.84, 312.58, 170.7101, 237.8438, 95.78, 30.045, 63.25, 125.825, 63.0931, 87.53, , , , , 
1/31/2020 2:58:00 PM, 3230.5, 9026.5, 1617.2, 322.54, 219.76, 160.83, 312.5807, 170.7294, 237.76, 95.78, 30.045, 63.255, 125.83, 63.0931, 87.53, , , , , 
1/31/2020 2:58:03 PM, 3232, 9029.75, 1617.8, 322.67, 219.84, 160.9, 312.7784, 170.795, 237.975, 95.8234, 30.06, 63.27, 125.87, 63.0931, 87.535, , , , , 
1/31/2020 2:58:06 PM, 3231.25, 9029, 1617.6, 322.63, 219.81, 160.88, 312.74, 170.77, 237.95, 95.81, 30.06, 63.26, 125.86, 63.0931, 87.535, , , , , 
1/31/2020 2:58:09 PM, 3231.5, 9030.25, 1617.7, 322.64, 219.845, 160.89, 312.77, 170.78, 237.95, 95.82, 30.0566, 63.26, 125.86, 63.0931, 87.535, , , , , 
1/31/2020 2:58:12 PM, 3231.5, 9030, 1617.8, 322.64, 219.84, 160.9, 312.7645, 170.78, 238.0029, 95.82, 30.055, 63.26, 125.86, 63.0931, 87.535, , , , , 
1/31/2020 2:58:15 PM, 3232, 9030.5, 1617.9, 322.655, 219.845, 160.9, 312.74, 170.8, 237.9851, 95.83, 30.055, 63.265, 125.87, 63.0931, 87.535, , , , , 
1/31/2020 2:58:18 PM, 3231.75, 9030.25, 1617.9, 322.655, 219.85, 160.91, 312.7322, 170.78, 237.9851, 95.83, 30.055, 63.265, 125.87, 63.0931, 87.535, , , , , 
1/31/2020 2:58:21 PM, 3231.75, 9030.25, 1617.9, 322.66, 219.85, 160.91, 312.735, 170.79, 237.975, 95.83, 30.06, 63.27, 125.87, 63.0931, 87.54, , , , , 
1/31/2020 2:58:24 PM, 3232.5, 9031.25, 1618.2, 322.7, 219.87, 160.93, 312.75, 170.8, 238, 95.83, 30.06, 63.27, 125.88, 63.0931, 87.5387, , , , , 
1/31/2020 2:58:27 PM, 3232.75, 9032.5, 1618.4, 322.73, 219.9, 160.96, 312.8, 170.81, 238.02, 95.85, 30.07, 63.27, 125.895, 63.0931, 87.54, , , , , 
1/31/2020 2:58:30 PM, 3232.75, 9032.75, 1618.4, 322.75, 219.9, 160.96, 312.7408, 170.8209, 238, 95.84, 30.07, 63.27, 125.9046, 63.0931, 87.54, , , , , 
1/31/2020 2:58:33 PM, 3233, 9033, 1618.6, 322.76, 219.91, 160.975, 312.7381, 170.84, 238.1, 95.84, 30.07, 63.27, 125.91, 63.0931, 87.54, , , , , 
1/31/2020 2:58:36 PM, 3233, 9032.75, 1618.6, 322.7419, 219.91, 160.97, 312.73, 170.84, 238.1, 95.8482, 30.065, 63.27, 125.9, 63.0931, 87.54, , , , , 
1/31/2020 2:58:39 PM, 3232.75, 9032.5, 1618.5, 322.73, 219.9, 160.98, 312.6796, 170.835, 237.97, 95.8482, 30.07, 63.27, 125.91, 63.0931, 87.54, , , , , 
1/31/2020 2:58:42 PM, 3232, 9030.5, 1618.2, 322.67, 219.84, 160.93, 312.6, 170.81, 237.97, 95.82, 30.06, 63.27, 125.88, 63.0931, 87.54, , , , , 
1/31/2020 2:58:45 PM, 3232.25, 9030.75, 1618.2, 322.695, 219.8587, 160.95, 312.636, 170.78, 237.9249, 95.82, 30.06, 63.27, 125.88, 63.0931, 87.54, , , , , 
1/31/2020 2:58:48 PM, 3231.5, 9028.75, 1618.1, 322.62, 219.81, 160.92, 312.44, 170.75, 237.835, 95.8, 30.055, 63.265, 125.86, 63.0931, 87.54, , , , , 
1/31/2020 2:58:51 PM, 3231.5, 9027.25, 1617.9, 322.62, 219.79, 160.91, 312.45, 170.74, 237.77, 95.79, 30.055, 63.2634, 125.85, 63.0931, 87.54, , , , , 
1/31/2020 2:58:54 PM, 3231, 9026.5, 1617.8, 322.59, 219.77, 160.9, 312.39, 170.725, 237.77, 95.77, 30.055, 63.265, 125.85, 63.0931, 87.54, , , , , 
1/31/2020 2:58:57 PM, 3230.75, 9025.75, 1617.7, 322.56, 219.74, 160.89, 312.37, 170.71, 237.73, 95.76, 30.05, 63.26, 125.84, 63.0931, 87.54, , , , , 
1/31/2020 2:59:00 PM, 3231, 9025.25, 1617.6, 322.555, 219.75, 160.88, 312.39, 170.7, 237.7, 95.77, 30.05, 63.265, 125.84, 63.0931, 87.54, , , , , 
1/31/2020 2:59:03 PM, 3230.5, 9024.75, 1617.4, 322.55, 219.71, 160.86, 312.32, 170.7, 237.6303, 95.76, 30.05, 63.26, 125.83, 63.0931, 87.54, , , , , 
1/31/2020 2:59:06 PM, 3231, 9025.25, 1617.4, 322.55, 219.73, 160.85, 312.32, 170.72, 237.63, 95.76, 30.05, 63.255, 125.83, 63.0931, 87.52, , , , , 
1/31/2020 2:59:09 PM, 3231, 9026.25, 1617.4, 322.58, 219.75, 160.86, 312.37, 170.775, 237.6676, 95.77, 30.05, 63.255, 125.83, 63.0931, 87.52, , , , , 
1/31/2020 2:59:12 PM, 3231.25, 9027, 1617.4, 322.6, 219.7731, 160.85, 312.3623, 170.785, 237.7, 95.78, 30.0559, 63.255, 125.84, 63.0931, 87.515, , , , , 
1/31/2020 2:59:15 PM, 3231.5, 9027.5, 1617.6, 322.62, 219.8, 160.88, 312.4, 170.7901, 237.7333, 95.79, 30.06, 63.26, 125.85, 63.0931, 87.52, , , , , 
1/31/2020 2:59:18 PM, 3231.5, 9028.75, 1617.7, 322.63, 219.8, 160.89, 312.41, 170.7901, 237.7673, 95.79, 30.06, 63.26, 125.86, 63.0931, 87.52, , , , , 
1/31/2020 2:59:21 PM, 3231.5, 9028.75, 1617.7, 322.63, 219.82, 160.89, 312.45, 170.81, 237.7673, 95.8, 30.06, 63.26, 125.87, 63.0931, 87.525, , , , , 
1/31/2020 2:59:24 PM, 3232.5, 9031, 1618, 322.72, 219.87, 160.915, 312.545, 170.83, 237.83, 95.81, 30.065, 63.27, 125.91, 63.0931, 87.52, , , , , 
1/31/2020 2:59:27 PM, 3232.5, 9031, 1618, 322.72, 219.87, 160.915, 312.545, 170.83, 237.83, 95.81, 30.065, 63.27, 125.91, 63.0931, 87.52, , , , , 
1/31/2020 2:59:30 PM, 3232.75, 9031.75, 1618.1, 322.73, 219.88, 160.93, 312.566, 170.8376, 237.89, 95.8267, 30.07, 63.28, 125.93, 63.0931, 87.53, , , , , 
1/31/2020 2:59:33 PM, 3232.75, 9031.75, 1618.1, 322.73, 219.88, 160.93, 312.566, 170.8376, 237.89, 95.8267, 30.07, 63.28, 125.93, 63.0931, 87.53, , , , , 
1/31/2020 2:59:36 PM, 3232.5, 9031.5, 1618.1, 322.72, 219.875, 160.92, 312.5, 170.83, 237.8866, 95.8267, 30.07, 63.285, 125.93, 63.0931, 87.53, , , , , 
1/31/2020 2:59:40 PM, 3232.5, 9031.5, 1618.1, 322.72, 219.875, 160.92, 312.5, 170.83, 237.8866, 95.8267, 30.07, 63.285, 125.93, 63.0931, 87.53, , , , , 
1/31/2020 2:59:43 PM, 3231.5, 9027.5, 1617.6, 322.63, 219.81, 160.875, 312.4063, 170.76, 237.775, 95.78, 30.05, 63.275, 125.87, 63.0931, 87.53, , , , , 
1/31/2020 2:59:46 PM, 3231.5, 9027.5, 1617.6, 322.63, 219.81, 160.875, 312.4063, 170.76, 237.775, 95.78, 30.05, 63.275, 125.87, 63.0931, 87.53, , , , , 
1/31/2020 2:59:49 PM, 3230.75, 9026, 1617.2, 322.5538, 219.7562, 160.84, 312.32, 170.7346, 237.6601, 95.7563, 30.05, 63.265, 125.85, 63.0931, 87.522, , , , , 
1/31/2020 2:59:52 PM, 3230.75, 9026, 1617.2, 322.5538, 219.7562, 160.84, 312.32, 170.7346, 237.6601, 95.7563, 30.05, 63.265, 125.85, 63.0931, 87.522, , , , , 
1/31/2020 2:59:55 PM, 3230.5, 9024.75, 1617.1, 322.51, 219.7165, 160.83, 312.315, 170.7, 237.61, 95.74, 30.045, 63.265, 125.84, 63.0931, 87.5202, , , , , 
1/31/2020 2:59:58 PM, 3230.5, 9024.75, 1617.1, 322.51, 219.7165, 160.83, 312.315, 170.7, 237.61, 95.74, 30.045, 63.265, 125.84, 63.0931, 87.5202, , , , , 
1/31/2020 3:00:01 PM, 3230.5, 9024, 1616.9, 322.5, 219.72, 160.82, 312.24, 170.7, 237.6, 95.74, 30.04, 63.265, 125.83, 63.0931, 87.52, , , , , 
1/31/2020 3:00:04 PM, 3230.5, 9024, 1616.9, 322.5, 219.72, 160.82, 312.24, 170.7, 237.6, 95.74, 30.04, 63.265, 125.83, 63.0931, 87.52, , , , , 
1/31/2020 3:00:07 PM, 3231.25, 9027.5, 1617.3, 322.58, 219.78, 160.84, 312.23, 170.775, 237.61, 95.76, 30.045, 63.27, 125.85, 63.0931, 87.52, , , , , 
1/31/2020 3:00:10 PM, 3231.25, 9027.5, 1617.3, 322.58, 219.78, 160.84, 312.23, 170.775, 237.61, 95.76, 30.045, 63.27, 125.85, 63.0931, 87.52, , , , , 
1/31/2020 3:00:13 PM, 3231.75, 9030, 1617.5, 322.65, 219.84, 160.88, 312.37, 170.8117, 237.72, 95.79, 30.05, 63.29, 125.87, 63.0931, 87.53, , , , , 
1/31/2020 3:00:16 PM, 3231.75, 9030, 1617.5, 322.65, 219.84, 160.88, 312.37, 170.8117, 237.72, 95.79, 30.05, 63.29, 125.87, 63.0931, 87.53, , , , , 
1/31/2020 3:00:19 PM, 3232.25, 9031.25, 1617.8, 322.7, 219.87, 160.9, 312.48, 170.84, 237.84, 95.82, 30.06, 63.295, 125.89, 63.0931, 87.53, , , , , 
1/31/2020 3:00:22 PM, 3232.25, 9031.25, 1617.8, 322.7, 219.87, 160.9, 312.48, 170.84, 237.84, 95.82, 30.06, 63.295, 125.89, 63.0931, 87.53, , , , , 
1/31/2020 3:00:25 PM, 3232.25, 9030.5, 1617.7, 322.67, 219.86, 160.89, 312.45, 170.81, 237.82, 95.8, 30.05, 63.3, 125.88, 63.0931, 87.535, , , , , 
1/31/2020 3:00:28 PM, 3232.25, 9030.5, 1617.7, 322.67, 219.86, 160.89, 312.45, 170.81, 237.82, 95.8, 30.05, 63.3, 125.88, 63.0931, 87.535, , , , , 
1/31/2020 3:00:31 PM, 3232.75, 9032.75, 1618, 322.74, 219.89, 160.92, 312.5562, 170.85, 237.9951, 95.83, 30.055, 63.3, 125.9, 63.0931, 87.53, , , , , 
1/31/2020 3:00:34 PM, 3232.75, 9032.75, 1618, 322.74, 219.89, 160.92, 312.5562, 170.85, 237.9951, 95.83, 30.055, 63.3, 125.9, 63.0931, 87.53, , , , , 
1/31/2020 3:00:37 PM, 3231.75, 9029, 1617.6, 322.64, 219.82, 160.87, 312.4243, 170.775, 237.83, 95.79, 30.05, 63.3, 125.87, 63.0931, 87.525, , , , , 
1/31/2020 3:00:40 PM, 3231.75, 9029, 1617.6, 322.64, 219.82, 160.87, 312.4243, 170.775, 237.83, 95.79, 30.05, 63.3, 125.87, 63.0931, 87.525, , , , , 
1/31/2020 3:00:43 PM, 3232, 9030.25, 1617.9, 322.68, 219.865, 160.9, 312.42, 170.79, 237.8054, 95.81, 30.05, 63.31, 125.87, 63.0931, 87.525, , , , , 
1/31/2020 3:00:46 PM, 3232, 9030.25, 1617.9, 322.68, 219.865, 160.9, 312.42, 170.79, 237.8054, 95.81, 30.05, 63.31, 125.87, 63.0931, 87.525, , , , , 
1/31/2020 3:00:49 PM, 3231.5, 9028.25, 1617.6, 322.62, 219.8, 160.87, 312.35, 170.76, 237.68, 95.78, 30.06, 63.31, 125.84, 63.0931, 87.52, , , , , 
1/31/2020 3:00:52 PM, 3231.5, 9028.25, 1617.6, 322.62, 219.8, 160.87, 312.35, 170.76, 237.68, 95.78, 30.06, 63.31, 125.84, 63.0931, 87.52, , , , , 
1/31/2020 3:00:55 PM, 3231.5, 9028.25, 1617.8, 322.63, 219.8, 160.89, 312.34, 170.78, 237.69, 95.785, 30.045, 63.305, 125.85, 63.0931, 87.51, , , , , 
1/31/2020 3:00:58 PM, 3231.5, 9028.25, 1617.8, 322.63, 219.8, 160.89, 312.34, 170.78, 237.69, 95.785, 30.045, 63.305, 125.85, 63.0931, 87.51, , , , , 
1/31/2020 3:01:01 PM, 3231.25, 9027.5, 1617.8, 322.61, 219.77, 160.9, 312.3223, 170.758, 237.7085, 95.77, 30.045, 63.305, 125.84, 63.0931, 87.505, , , , , 
1/31/2020 3:01:04 PM, 3231.25, 9027.5, 1617.8, 322.61, 219.77, 160.9, 312.3223, 170.758, 237.7085, 95.77, 30.045, 63.305, 125.84, 63.0931, 87.505, , , , , 
1/31/2020 3:01:07 PM, 3232, 9029.25, 1618.1, 322.66, 219.83, 160.92, 312.39, 170.785, 237.88, 95.8, 30.055, 63.31, 125.865, 63.0931, 87.51, , , , , 
1/31/2020 3:01:10 PM, 3232, 9029.25, 1618.1, 322.66, 219.83, 160.92, 312.39, 170.785, 237.88, 95.8, 30.055, 63.31, 125.865, 63.0931, 87.51, , , , , 
1/31/2020 3:01:13 PM, 3231.5, 9028.75, 1618.1, 322.64, 219.79, 160.91, 312.37, 170.775, 237.821, 95.79, 30.05, 63.3, 125.85, 63.0931, 87.51, , , , , 
1/31/2020 3:01:16 PM, 3231.5, 9028.75, 1618.1, 322.64, 219.79, 160.91, 312.37, 170.775, 237.821, 95.79, 30.05, 63.3, 125.85, 63.0931, 87.51, , , , , 
1/31/2020 3:01:19 PM, 3231.25, 9027.25, 1617.9, 322.6, 219.77, 160.895, 312.29, 170.76, 237.724, 95.77, 30.055, 63.3, 125.85, 63.0931, 87.5012, , , , , 
1/31/2020 3:01:22 PM, 3231.25, 9027.25, 1617.9, 322.6, 219.77, 160.895, 312.29, 170.76, 237.724, 95.77, 30.055, 63.3, 125.85, 63.0931, 87.5012, , , , , 
1/31/2020 3:01:25 PM, 3231.25, 9027, 1618, 322.6, 219.78, 160.9, 312.2802, 170.76, 237.8, 95.77, 30.05, 63.3, 125.85, 63.0931, 87.5012, , , , , 
1/31/2020 3:01:28 PM, 3231.25, 9027, 1618, 322.6, 219.78, 160.9, 312.2802, 170.76, 237.8, 95.77, 30.05, 63.3, 125.85, 63.0931, 87.5012, , , , , 
1/31/2020 3:01:31 PM, 3230.25, 9025, 1617.6, 322.51, 219.72, 160.86, 312.18, 170.72, 237.69, 95.75, 30.04, 63.28, 125.815, 63.0931, 87.505, , , , , 
1/31/2020 3:01:34 PM, 3230.25, 9025, 1617.6, 322.51, 219.72, 160.86, 312.18, 170.72, 237.69, 95.75, 30.04, 63.28, 125.815, 63.0931, 87.505, , , , , 
1/31/2020 3:01:37 PM, 3231, 9026.5, 1617.9, 322.55, 219.75, 160.9, 312.205, 170.76, 237.72, 95.77, 30.05, 63.3, 125.84, 63.0931, 87.5, , , , , 
1/31/2020 3:01:40 PM, 3231, 9026.5, 1617.9, 322.55, 219.75, 160.9, 312.205, 170.76, 237.72, 95.77, 30.05, 63.3, 125.84, 63.0931, 87.5, , , , , 
1/31/2020 3:01:43 PM, 3230.5, 9025, 1617.7, 322.51, 219.72, 160.88, 312.1448, 170.73, 237.69, 95.75, 30.04, 63.295, 125.82, 63.0931, 87.5, , , , , 
1/31/2020 3:01:46 PM, 3230.5, 9025, 1617.7, 322.51, 219.72, 160.88, 312.1448, 170.73, 237.69, 95.75, 30.04, 63.295, 125.82, 63.0931, 87.5, , , , , 
1/31/2020 3:01:49 PM, 3230.5, 9025, 1617.8, 322.52, 219.72, 160.88, 312.19, 170.72, 237.59, 95.745, 30.045, 63.29, 125.825, 63.0931, 87.505, , , , , 
1/31/2020 3:01:52 PM, 3230.25, 9023.5, 1617.6, 322.47, 219.69, 160.885, 312.03, 170.71, 237.58, 95.73, 30.04, 63.29, 125.82, 63.0931, 87.5, , , , , 
1/31/2020 3:01:55 PM, 3230.25, 9024.5, 1617.7, 322.49, 219.7, 160.87, 312.1151, 170.7, 237.61, 95.75, 30.04, 63.285, 125.81, 63.0931, 87.5, , , , , 
1/31/2020 3:01:58 PM, 3230.5, 9025, 1617.8, 322.53, 219.72, 160.87, 312.0901, 170.72, 237.615, 95.75, 30.045, 63.3, 125.825, 63.0931, 87.5, , , , , 
1/31/2020 3:02:01 PM, 3230.75, 9025.5, 1617.9, 322.54, 219.7201, 160.89, 312.16, 170.75, 237.69, 95.75, 30.045, 63.31, 125.83, 63.0931, 87.505, , , , , 
1/31/2020 3:02:05 PM, 3230.75, 9025.25, 1617.9, 322.52, 219.72, 160.89, 312.14, 170.72, 237.61, 95.74, 30.05, 63.3, 125.83, 63.0931, 87.505, , , , , 
1/31/2020 3:02:08 PM, 3230.5, 9025, 1617.9, 322.52, 219.7, 160.9, 312.0824, 170.71, 237.5939, 95.74, 30.045, 63.29, 125.82, 63.0931, 87.505, , , , , 
1/31/2020 3:02:11 PM, 3231, 9026.75, 1618.1, 322.58, 219.76, 160.92, 312.18, 170.76, 237.7, 95.76, 30.045, 63.31, 125.84, 63.0931, 87.51, , , , , 
1/31/2020 3:02:14 PM, 3231, 9025.5, 1618, 322.56, 219.73, 160.9, 312.12, 170.74, 237.61, 95.76, 30.045, 63.3, 125.83, 63.0931, 87.51, , , , , 
1/31/2020 3:02:17 PM, 3230.75, 9024.25, 1617.8, 322.52, 219.7, 160.91, 312.0963, 170.73, 237.57, 95.75, 30.045, 63.3, 125.83, 63.0931, 87.505, , , , , 
1/31/2020 3:02:20 PM, 3230.5, 9024, 1617.8, 322.51, 219.7, 160.89, 312.0101, 170.71, 237.57, 95.74, 30.04, 63.2975, 125.82, 63.0931, 87.505, , , , , 
1/31/2020 3:02:23 PM, 3230, 9022.25, 1617.6, 322.47, 219.66, 160.85, 311.99, 170.69, 237.57, 95.72, 30.0385, 63.29, 125.81, 63.0931, 87.505, , , , , 
1/31/2020 3:02:26 PM, 3228.75, 9020, 1617.2, 322.37, 219.59, 160.82, 311.83, 170.63, 237.5, 95.69, 30.03, 63.27, 125.77, 63.0931, 87.49, , , , , 
1/31/2020 3:02:29 PM, 3228.75, 9018.25, 1616.9, 322.32, 219.56, 160.81, 311.8151, 170.6076, 237.4011, 95.67, 30.03, 63.27, 125.75, 63.0931, 87.4828, , , , , 
1/31/2020 3:02:32 PM, 3228.75, 9018.5, 1617, 322.35, 219.56, 160.82, 311.77, 170.63, 237.37, 95.6746, 30.02, 63.28, 125.75, 63.0931, 87.485, , , , , 
1/31/2020 3:02:35 PM, 3228.5, 9017.75, 1616.9, 322.3, 219.54, 160.82, 311.64, 170.62, 237.36, 95.67, 30.0299, 63.266, 125.75, 63.0931, 87.485, , , , , 
1/31/2020 3:02:38 PM, 3228.5, 9018, 1617.1, 322.34, 219.55, 160.82, 311.6989, 170.615, 237.3, 95.66, 30.0299, 63.266, 125.75, 63.0931, 87.475, , , , , 
1/31/2020 3:02:41 PM, 3228.25, 9016.75, 1617, 322.31, 219.55, 160.8, 311.6621, 170.61, 237.25, 95.67, 30.025, 63.27, 125.74, 63.0931, 87.48, , , , , 
1/31/2020 3:02:44 PM, 3228.25, 9016.5, 1616.9, 322.3, 219.51, 160.79, 311.6118, 170.5912, 237.26, 95.66, 30.02, 63.26, 125.73, 63.0931, 87.475, , , , , 
1/31/2020 3:02:47 PM, 3228.25, 9016.75, 1617, 322.3, 219.5111, 160.79, 311.6, 170.61, 237.26, 95.65, 30.02, 63.27, 125.73, 63.0931, 87.48, , , , , 
1/31/2020 3:02:50 PM, 3228.5, 9016.75, 1616.9, 322.3, 219.529, 160.79, 311.6225, 170.61, 237.35, 95.6623, 30.02, 63.265, 125.74, 63.0931, 87.48, , , , , 
1/31/2020 3:02:53 PM, 3228.5, 9017, 1616.9, 322.3, 219.525, 160.79, 311.58, 170.605, 237.36, 95.67, 30.0264, 63.27, 125.7301, 63.0931, 87.48, , , , , 
1/31/2020 3:02:56 PM, 3228.25, 9016.5, 1616.8, 322.29, 219.5167, 160.78, 311.65, 170.61, 237.3213, 95.66, 30.02, 63.265, 125.73, 63.0931, 87.475, , , , , 
1/31/2020 3:02:59 PM, 3228, 9016, 1616.7, 322.28, 219.505, 160.79, 311.59, 170.59, 237.27, 95.66, 30.025, 63.265, 125.73, 63.0931, 87.48, , , , , 
1/31/2020 3:03:02 PM, 3228.25, 9016.75, 1616.8, 322.2995, 219.52, 160.79, 311.6214, 170.59, 237.27, 95.6601, 30.02, 63.265, 125.73, 63.0931, 87.475, , , , , 
1/31/2020 3:03:05 PM, 3229, 9018.5, 1617.3, 322.37, 219.565, 160.84, 311.7125, 170.615, 237.305, 95.685, 30.03, 63.28, 125.752, 63.0931, 87.49, , , , , 
1/31/2020 3:03:08 PM, 3229.25, 9019.25, 1617.4, 322.3897, 219.5767, 160.8387, 311.6973, 170.615, 237.34, 95.68, 30.03, 63.275, 125.76, 63.0931, 87.49, , , , , 
1/31/2020 3:03:11 PM, 3228.75, 9018.5, 1617.4, 322.375, 219.56, 160.83, 311.675, 170.605, 237.34, 95.67, 30.025, 63.27, 125.76, 63.0931, 87.49, , , , , 
1/31/2020 3:03:14 PM, 3229.5, 9019.75, 1617.7, 322.4, 219.59, 160.88, 311.74, 170.62, 237.37, 95.67, 30.03, 63.28, 125.76, 63.0931, 87.5, , , , , 
1/31/2020 3:03:17 PM, 3229, 9018.75, 1617.5, 322.35, 219.5475, 160.85, 311.65, 170.59, 237.293, 95.67, 30.03, 63.27, 125.76, 63.0931, 87.49, , , , , 
1/31/2020 3:03:20 PM, 3229, 9018.5, 1617.6, 322.37, 219.56, 160.87, 311.64, 170.61, 237.33, 95.66, 30.03, 63.27, 125.76, 63.0931, 87.49, , , , , 
1/31/2020 3:03:23 PM, 3229, 9019.25, 1617.7, 322.37, 219.58, 160.87, 311.71, 170.625, 237.37, 95.66, 30.03, 63.275, 125.76, 63.0931, 87.49, , , , , 
1/31/2020 3:03:26 PM, 3229.25, 9019.5, 1617.8, 322.38, 219.57, 160.88, 311.7257, 170.6268, 237.3949, 95.68, 30.0212, 63.275, 125.77, 63.0931, 87.49, , , , , 
1/31/2020 3:03:29 PM, 3229, 9019.75, 1617.8, 322.39, 219.59, 160.88, 311.735, 170.625, 237.3809, 95.68, 30.025, 63.275, 125.77, 63.0931, 87.49, , , , , 
1/31/2020 3:03:32 PM, 3229, 9019.25, 1617.8, 322.38, 219.59, 160.89, 311.79, 170.615, 237.3906, 95.69, 30.03, 63.27, 125.77, 63.0931, 87.49, , , , , 
1/31/2020 3:03:35 PM, 3229, 9019, 1617.9, 322.37, 219.56, 160.89, 311.72, 170.605, 237.35, 95.67, 30.02, 63.27, 125.76, 63.0931, 87.49, , , , , 
1/31/2020 3:03:38 PM, 3229, 9018.75, 1617.8, 322.35, 219.55, 160.88, 311.72, 170.605, 237.3351, 95.67, 30.03, 63.27, 125.76, 63.0931, 87.49, , , , , 
1/31/2020 3:03:41 PM, 3229, 9019, 1617.9, 322.38, 219.58, 160.9, 311.7158, 170.605, 237.355, 95.67, 30.03, 63.27, 125.76, 63.0931, 87.49, , , , , 
1/31/2020 3:03:44 PM, 3229.25, 9019.25, 1617.9, 322.375, 219.57, 160.89, 311.6701, 170.605, 237.355, 95.67, 30.03, 63.27, 125.76, 63.0931, 87.4904, , , , , 
1/31/2020 3:03:47 PM, 3229.25, 9019.5, 1617.8, 322.4, 219.58, 160.91, 311.68, 170.6, 237.44, 95.68, 30.03, 63.27, 125.7608, 63.0931, 87.4904, , , , , 
1/31/2020 3:03:50 PM, 3229.25, 9019.25, 1618.1, 322.42, 219.58, 160.91, 311.6969, 170.615, 237.3995, 95.68, 30.035, 63.28, 125.77, 63.0931, 87.5, , , , , 
1/31/2020 3:03:53 PM, 3230, 9021, 1618.2, 322.46, 219.63, 160.925, 311.72, 170.645, 237.41, 95.7, 30.035, 63.29, 125.78, 63.0931, 87.495, , , , , 
1/31/2020 3:03:56 PM, 3229.75, 9020.75, 1618.2, 322.45, 219.62, 160.92, 311.715, 170.63, 237.3801, 95.7, 30.04, 63.29, 125.78, 63.0931, 87.5, , , , , 
1/31/2020 3:03:59 PM, 3230.5, 9022.25, 1618.3, 322.51, 219.63, 160.93, 311.7476, 170.665, 237.4774, 95.7, 30.035, 63.29, 125.78, 63.0931, 87.51, , , , , 
1/31/2020 3:04:02 PM, 3230.75, 9024, 1618.4, 322.54, 219.69, 160.94, 311.82, 170.68, 237.54, 95.711, 30.04, 63.3, 125.81, 63.0931, 87.51, , , , , 
1/31/2020 3:04:05 PM, 3231, 9025.5, 1618.5, 322.59, 219.72, 160.96, 311.9018, 170.7, 237.61, 95.74, 30.05, 63.31, 125.835, 63.0931, 87.52, , , , , 
1/31/2020 3:04:08 PM, 3230.75, 9024.75, 1618.4, 322.55, 219.7, 160.95, 311.8947, 170.69, 237.61, 95.74, 30.04, 63.31, 125.83, 63.0931, 87.51, , , , , 
1/31/2020 3:04:11 PM, 3230.75, 9024, 1618.2, 322.505, 219.71, 160.93, 311.93, 170.68, 237.61, 95.73, 30.04, 63.3, 125.82, 63.0931, 87.51, , , , , 
1/31/2020 3:04:14 PM, 3230.5, 9024.25, 1618.3, 322.53, 219.6999, 160.935, 311.9069, 170.66, 237.5894, 95.73, 30.04, 63.295, 125.82, 63.0931, 87.505, , , , , 
1/31/2020 3:04:17 PM, 3229.75, 9021.75, 1618, 322.46, 219.6611, 160.9, 311.8248, 170.6246, 237.475, 95.7, 30.04, 63.29, 125.79, 63.0931, 87.505, , , , , 
1/31/2020 3:04:21 PM, 3230, 9022, 1618.1, 322.48, 219.64, 160.91, 311.827, 170.64, 237.52, 95.71, 30.035, 63.29, 125.81, 63.0931, 87.505, , , , , 
1/31/2020 3:04:24 PM, 3229.75, 9021.25, 1617.8, 322.45, 219.62, 160.89, 311.79, 170.61, 237.52, 95.7, 30.035, 63.285, 125.79, 63.0931, 87.505, , , , , 
1/31/2020 3:04:27 PM, 3229.5, 9020.5, 1617.7, 322.43, 219.605, 160.88, 311.78, 170.61, 237.52, 95.7, 30.035, 63.285, 125.79, 63.0931, 87.505, , , , , 
1/31/2020 3:04:30 PM, 3229.5, 9019.25, 1617.5, 322.4164, 219.585, 160.86, 311.7235, 170.6133, 237.52, 95.68, 30.03, 63.29, 125.78, 63.0931, 87.505, , , , , 
1/31/2020 3:04:33 PM, 3229, 9018.25, 1617.1, 322.37, 219.56, 160.83, 311.65, 170.585, 237.34, 95.6746, 30.02, 63.285, 125.76, 63.0931, 87.505, , , , , 
1/31/2020 3:04:36 PM, 3229, 9018.25, 1617.1, 322.36, 219.553, 160.83, 311.69, 170.57, 237.2913, 95.67, 30.025, 63.285, 125.76, 63.0931, 87.5, , , , , 
1/31/2020 3:04:39 PM, 3228.75, 9018.25, 1616.9, 322.355, 219.5599, 160.81, 311.6578, 170.56, 237.2913, 95.67, 30.025, 63.28, 125.76, 63.0931, 87.5, , , , , 
1/31/2020 3:04:42 PM, 3229.25, 9019.5, 1617.1, 322.4, 219.58, 160.82, 311.74, 170.5705, 237.35, 95.68, 30.025, 63.29, 125.77, 63.0931, 87.5, , , , , 
1/31/2020 3:04:45 PM, 3229.25, 9019.5, 1617.1, 322.41, 219.58, 160.82, 311.7255, 170.5883, 237.35, 95.6849, 30.03, 63.29, 125.77, 63.0931, 87.5, , , , , 
1/31/2020 3:04:48 PM, 3229.25, 9019.75, 1617.1, 322.39, 219.58, 160.83, 311.7, 170.58, 237.39, 95.68, 30.025, 63.285, 125.77, 63.0931, 87.5, , , , , 
1/31/2020 3:04:51 PM, 3229, 9018.5, 1617, 322.363, 219.56, 160.82, 311.66, 170.5599, 237.25, 95.67, 30.025, 63.28, 125.76, 63.0931, 87.5, , , , , 
1/31/2020 3:04:54 PM, 3229, 9019.5, 1617, 322.39, 219.56, 160.82, 311.6972, 170.56, 237.3, 95.67, 30.025, 63.28, 125.76, 63.0931, 87.5, , , , , 
1/31/2020 3:04:57 PM, 3229.25, 9019.25, 1617, 322.38, 219.56, 160.82, 311.7178, 170.57, 237.3, 95.68, 30.0232, 63.28, 125.76, 63.0931, 87.5, , , , , 
1/31/2020 3:05:00 PM, 3229, 9018.75, 1616.9, 322.38, 219.57, 160.8, 311.7, 170.57, 237.3, 95.67, 30.03, 63.28, 125.76, 63.0931, 87.5, , , , , 
1/31/2020 3:05:03 PM, 3228.5, 9017, 1616.6, 322.34, 219.53, 160.79, 311.57, 170.54, 237.3, 95.66, 30.03, 63.28, 125.76, 63.0931, 87.49, , , , , 
1/31/2020 3:05:06 PM, 3229.25, 9018.5, 1617, 322.39, 219.5638, 160.82, 311.6039, 170.56, 237.23, 95.665, 30.0285, 63.29, 125.76, 63.0931, 87.49, , , , , 
1/31/2020 3:05:09 PM, 3229.25, 9018.75, 1617, 322.39, 219.5638, 160.82, 311.6039, 170.5499, 237.275, 95.66, 30.03, 63.29, 125.75, 63.0931, 87.495, , , , , 
1/31/2020 3:05:12 PM, 3228.75, 9017.25, 1616.8, 322.345, 219.56, 160.8, 311.5699, 170.51, 237.25, 95.65, 30.03, 63.28, 125.74, 63.0931, 87.475, , , , , 
1/31/2020 3:05:15 PM, 3229.25, 9018.25, 1617, 322.39, 219.5601, 160.83, 311.5909, 170.54, 237.32, 95.66, 30.0334, 63.29, 125.75, 63.0931, 87.48, , , , , 
1/31/2020 3:05:18 PM, 3229, 9017.25, 1616.8, 322.34, 219.52, 160.79, 311.52, 170.5158, 237.2877, 95.65, 30.03, 63.2738, 125.7346, 63.0931, 87.475, , , , , 
1/31/2020 3:05:21 PM, 3228.75, 9017.25, 1616.8, 322.35, 219.53, 160.8, 311.46, 170.51, 237.2877, 95.6432, 30.02, 63.275, 125.74, 63.0931, 87.475, , , , , 
1/31/2020 3:05:24 PM, 3228.75, 9016.75, 1616.7, 322.34, 219.52, 160.78, 311.46, 170.505, 237.2951, 95.635, 30.02, 63.275, 125.74, 63.0931, 87.48, , , , , 
1/31/2020 3:05:27 PM, 3228.75, 9016.75, 1616.7, 322.34, 219.52, 160.78, 311.46, 170.495, 237.2895, 95.64, 30.025, 63.275, 125.74, 63.0931, 87.475, , , , , 
1/31/2020 3:05:30 PM, 3228.75, 9017.25, 1616.8, 322.35, 219.5338, 160.79, 311.5099, 170.5195, 237.2895, 95.64, 30.03, 63.28, 125.74, 63.0931, 87.48, , , , , 
1/31/2020 3:05:33 PM, 3228, 9014.75, 1616.4, 322.28, 219.48, 160.76, 311.3843, 170.45, 237.2, 95.62, 30.02, 63.27, 125.72, 63.0931, 87.47, , , , , 
1/31/2020 3:05:36 PM, 3228.25, 9016, 1616.5, 322.31, 219.49, 160.78, 311.331, 170.48, 237.2, 95.62, 30.0215, 63.28, 125.72, 63.0931, 87.47, , , , , 
1/31/2020 3:05:39 PM, 3228.5, 9016.5, 1616.8, 322.33, 219.51, 160.81, 311.38, 170.46, 237.2, 95.62, 30.0215, 63.28, 125.73, 63.0931, 87.47, , , , , 
1/31/2020 3:05:42 PM, 3228.75, 9017.5, 1617, 322.35, 219.54, 160.825, 311.39, 170.48, 237.255, 95.625, 30.0215, 63.28, 125.76, 63.0931, 87.48, , , , , 
1/31/2020 3:05:45 PM, 3229, 9018, 1617.2, 322.36, 219.54, 160.84, 311.385, 170.485, 237.32, 95.625, 30.025, 63.28, 125.76, 63.0931, 87.48, , , , , 
1/31/2020 3:05:48 PM, 3228.75, 9017.75, 1617.3, 322.36, 219.52, 160.83, 311.3468, 170.485, 237.28, 95.64, 30.03, 63.28, 125.76, 63.0931, 87.475, , , , , 
1/31/2020 3:05:51 PM, 3228.5, 9016.5, 1617, 322.3279, 219.51, 160.82, 311.31, 170.4747, 237.27, 95.62, 30.025, 63.27, 125.76, 63.0931, 87.48, , , , , 
1/31/2020 3:05:54 PM, 3228.5, 9016.5, 1616.9, 322.335, 219.51, 160.81, 311.3016, 170.475, 237.27, 95.621, 30.025, 63.27, 125.75, 63.0931, 87.48, , , , , 
1/31/2020 3:05:57 PM, 3228.25, 9015.75, 1616.9, 322.32, 219.5, 160.8, 311.22, 170.47, 237.3, 95.61, 30.025, 63.27, 125.75, 63.0931, 87.475, , , , , 
1/31/2020 3:06:00 PM, 3228.25, 9015.75, 1616.8, 322.302, 219.49, 160.8, 311.1979, 170.46, 237.29, 95.6083, 30.025, 63.26, 125.74, 63.0931, 87.48, , , , , 
1/31/2020 3:06:03 PM, 3228.5, 9015.25, 1616.9, 322.31, 219.49, 160.82, 311.2047, 170.48, 237.2494, 95.61, 30.025, 63.26, 125.745, 63.0931, 87.475, , , , , 
1/31/2020 3:06:06 PM, 3228.25, 9015.75, 1617, 322.31, 219.4954, 160.83, 311.1874, 170.485, 237.292, 95.61, 30.03, 63.26, 125.74, 63.0931, 87.48, , , , , 
1/31/2020 3:06:09 PM, 3228, 9015, 1617, 322.3087, 219.49, 160.82, 311.17, 170.47, 237.25, 95.614, 30.02, 63.26, 125.74, 63.0931, 87.475, , , , , 
1/31/2020 3:06:12 PM, 3228, 9015, 1617, 322.282, 219.4899, 160.82, 311.1686, 170.469, 237.25, 95.614, 30.025, 63.26, 125.74, 63.0931, 87.4766, , , , , 
1/31/2020 3:06:15 PM, 3228.25, 9016.5, 1616.9, 322.32, 219.5013, 160.81, 311.23, 170.47, 237.21, 95.62, 30.02, 63.2623, 125.74, 63.0931, 87.48, , , , , 
1/31/2020 3:06:18 PM, 3228.5, 9015.75, 1616.9, 322.305, 219.49, 160.8, 311.2001, 170.48, 237.2152, 95.62, 30.02, 63.265, 125.75, 63.0931, 87.48, , , , , 
1/31/2020 3:06:21 PM, 3228.25, 9016.25, 1616.9, 322.285, 219.49, 160.8, 311.2, 170.49, 237.215, 95.61, 30.02, 63.265, 125.75, 63.0931, 87.48, , , , , 
1/31/2020 3:06:24 PM, 3228.25, 9016.25, 1616.9, 322.285, 219.49, 160.8, 311.2, 170.49, 237.215, 95.61, 30.02, 63.265, 125.75, 63.0931, 87.48, , , , , 
1/31/2020 3:06:27 PM, 3228.25, 9015.25, 1616.9, 322.29, 219.49, 160.8, 311.19, 170.48, 237.16, 95.6016, 30.02, 63.26, 125.74, 63.0931, 87.475, , , , , 
1/31/2020 3:06:30 PM, 3228, 9015.5, 1616.8, 322.29, 219.4801, 160.8, 311.1525, 170.4723, 237.1701, 95.6, 30.02, 63.26, 125.74, 63.0931, 87.475, , , , , 
1/31/2020 3:06:33 PM, 3228, 9015.5, 1616.8, 322.29, 219.4801, 160.8, 311.1525, 170.4723, 237.1701, 95.6, 30.02, 63.26, 125.74, 63.0931, 87.475, , , , , 
1/31/2020 3:06:37 PM, 3228.25, 9015.75, 1616.9, 322.31, 219.5, 160.8, 311.175, 170.47, 237.13, 95.605, 30.02, 63.26, 125.75, 63.0931, 87.48, , , , , 
1/31/2020 3:06:40 PM, 3228.25, 9015.75, 1616.9, 322.31, 219.5, 160.8, 311.175, 170.47, 237.13, 95.605, 30.02, 63.26, 125.75, 63.0931, 87.48, , , , , 
1/31/2020 3:06:43 PM, 3228.25, 9016, 1616.8, 322.29, 219.49, 160.79, 311.22, 170.46, 237.145, 95.61, 30.02, 63.26, 125.75, 63.0931, 87.475, , , , , 
1/31/2020 3:06:46 PM, 3228.25, 9016, 1616.8, 322.29, 219.49, 160.79, 311.22, 170.46, 237.145, 95.61, 30.02, 63.26, 125.75, 63.0931, 87.475, , , , , 
1/31/2020 3:06:49 PM, 3228.25, 9015.75, 1616.7, 322.3, 219.49, 160.78, 311.22, 170.43, 237.1, 95.6, 30.02, 63.26, 125.75, 63.0931, 87.475, , , , , 
1/31/2020 3:06:52 PM, 3228.25, 9015.75, 1616.7, 322.3, 219.49, 160.78, 311.22, 170.43, 237.1, 95.6, 30.02, 63.26, 125.75, 63.0931, 87.475, , , , , 
1/31/2020 3:06:55 PM, 3227.5, 9014, 1616.4, 322.23, 219.45, 160.76, 311.23, 170.4, 237.01, 95.58, 30.0103, 63.24, 125.73, 63.0931, 87.47, , , , , 
1/31/2020 3:06:58 PM, 3227.5, 9014, 1616.4, 322.23, 219.45, 160.76, 311.23, 170.4, 237.01, 95.58, 30.0103, 63.24, 125.73, 63.0931, 87.47, , , , , 
1/31/2020 3:07:01 PM, 3228.25, 9016, 1616.9, 322.3199, 219.505, 160.8, 311.23, 170.43, 237.2, 95.6, 30.02, 63.25, 125.76, 63.0931, 87.475, , , , , 
1/31/2020 3:07:04 PM, 3228.25, 9016, 1616.9, 322.3199, 219.505, 160.8, 311.23, 170.43, 237.2, 95.6, 30.02, 63.25, 125.76, 63.0931, 87.475, , , , , 
1/31/2020 3:07:07 PM, 3228.75, 9017.25, 1616.9, 322.34, 219.53, 160.82, 311.22, 170.46, 237.3, 95.6146, 30.02, 63.255, 125.77, 63.0931, 87.475, , , , , 
1/31/2020 3:07:10 PM, 3228.75, 9017.25, 1616.9, 322.34, 219.53, 160.82, 311.22, 170.46, 237.3, 95.6146, 30.02, 63.255, 125.77, 63.0931, 87.475, , , , , 
1/31/2020 3:07:13 PM, 3229.25, 9019.75, 1617.2, 322.41, 219.58, 160.85, 311.345, 170.48, 237.44, 95.64, 30.0301, 63.265, 125.8, 63.0931, 87.48, , , , , 
1/31/2020 3:07:16 PM, 3229.25, 9019.75, 1617.2, 322.41, 219.58, 160.85, 311.345, 170.48, 237.44, 95.64, 30.0301, 63.265, 125.8, 63.0931, 87.48, , , , , 
1/31/2020 3:07:19 PM, 3228.75, 9017.5, 1617, 322.34, 219.54, 160.81, 311.37, 170.4678, 237.3356, 95.62, 30.035, 63.265, 125.78, 63.0931, 87.49, , , , , 
1/31/2020 3:07:22 PM, 3228.75, 9017.5, 1617, 322.34, 219.54, 160.81, 311.37, 170.4678, 237.3356, 95.62, 30.035, 63.265, 125.78, 63.0931, 87.49, , , , , 
1/31/2020 3:07:25 PM, 3227.5, 9014.75, 1616.4, 322.26, 219.495, 160.75, 311.2532, 170.43, 237.22, 95.6, 30.02, 63.26, 125.75, 63.0931, 87.48, , , , , 
1/31/2020 3:07:28 PM, 3227.5, 9014.75, 1616.4, 322.26, 219.495, 160.75, 311.2532, 170.43, 237.22, 95.6, 30.02, 63.26, 125.75, 63.0931, 87.48, , , , , 
1/31/2020 3:07:31 PM, 3226.75, 9010.75, 1616.1, 322.15, 219.365, 160.72, 311.1065, 170.3, 237.11, 95.55, 30.01, 63.24, 125.71, 63.0931, 87.48, , , , , 
1/31/2020 3:07:34 PM, 3226.75, 9010.75, 1616.1, 322.15, 219.365, 160.72, 311.1065, 170.3, 237.11, 95.55, 30.01, 63.24, 125.71, 63.0931, 87.48, , , , , 
1/31/2020 3:07:37 PM, 3226.5, 9010.25, 1615.9, 322.1299, 219.36, 160.7, 311.07, 170.31, 237.15, 95.5405, 30.01, 63.23, 125.71, 63.0931, 87.47, , , , , 
1/31/2020 3:07:40 PM, 3226.5, 9010.25, 1615.9, 322.1299, 219.36, 160.7, 311.07, 170.31, 237.15, 95.5405, 30.01, 63.23, 125.71, 63.0931, 87.47, , , , , 
1/31/2020 3:07:43 PM, 3226.25, 9010.75, 1615.7, 322.12, 219.375, 160.69, 311.06, 170.31, 237.13, 95.542, 30.0061, 63.235, 125.7, 63.0931, 87.47, , , , , 
1/31/2020 3:07:46 PM, 3226.25, 9010.75, 1615.7, 322.12, 219.375, 160.69, 311.06, 170.31, 237.13, 95.542, 30.0061, 63.235, 125.7, 63.0931, 87.47, , , , , 
1/31/2020 3:07:49 PM, 3225.5, 9007.75, 1615.6, 322.04, 219.3, 160.68, 311.01, 170.25, 237.09, 95.53, 30.005, 63.22, 125.67, 63.0931, 87.47, , , , , 
1/31/2020 3:07:52 PM, 3225.25, 9008, 1615.4, 322.03, 219.31, 160.66, 311.0041, 170.26, 237.03, 95.53, 30, 63.22, 125.665, 63.0931, 87.47, , , , , 
1/31/2020 3:07:55 PM, 3225.25, 9006.5, 1615, 321.975, 219.28, 160.62, 310.9492, 170.26, 237.01, 95.5136, 29.99, 63.21, 125.65, 63.0931, 87.46, , , , , 
1/31/2020 3:07:58 PM, 3225.25, 9006.5, 1615, 321.975, 219.28, 160.62, 310.9492, 170.26, 237.01, 95.5136, 29.99, 63.21, 125.65, 63.0931, 87.46, , , , , 
1/31/2020 3:08:01 PM, 3225, 9006.25, 1615.2, 321.96, 219.27, 160.635, 310.95, 170.24, 237.1, 95.51, 29.99, 63.21, 125.65, 63.0931, 87.46, , , , , 
1/31/2020 3:08:04 PM, 3225, 9006.25, 1615.2, 321.96, 219.27, 160.635, 310.95, 170.24, 237.1, 95.51, 29.99, 63.21, 125.65, 63.0931, 87.46, , , , , 
1/31/2020 3:08:07 PM, 3225.5, 9009, 1615.2, 322.03, 219.34, 160.65, 310.93, 170.3, 237.13, 95.53, 29.985, 63.22, 125.67, 63.0931, 87.46, , , , , 
1/31/2020 3:08:10 PM, 3225.5, 9009, 1615.2, 322.03, 219.34, 160.65, 310.93, 170.3, 237.13, 95.53, 29.985, 63.22, 125.67, 63.0931, 87.46, , , , , 
1/31/2020 3:08:13 PM, 3225.5, 9007.25, 1615.4, 322, 219.29, 160.63, 310.92, 170.29, 236.65, 95.52, 29.991, 63.225, 125.65, 63.0931, 87.465, , , , , 
1/31/2020 3:08:16 PM, 3225.5, 9007.25, 1615.4, 322, 219.29, 160.63, 310.92, 170.29, 236.65, 95.52, 29.991, 63.225, 125.65, 63.0931, 87.465, , , , , 
1/31/2020 3:08:19 PM, 3225.75, 9007.75, 1615.2, 322.0313, 219.31, 160.64, 310.965, 170.2983, 236.89, 95.53, 29.995, 63.23, 125.66, 63.0931, 87.465, , , , , 
1/31/2020 3:08:22 PM, 3225.75, 9007.75, 1615.2, 322.0313, 219.31, 160.64, 310.965, 170.2983, 236.89, 95.53, 29.995, 63.23, 125.66, 63.0931, 87.465, , , , , 
1/31/2020 3:08:25 PM, 3226.5, 9010.25, 1615.7, 322.1, 219.37, 160.67, 311.052, 170.325, 237.0111, 95.54, 30, 63.235, 125.69, 63.0931, 87.47, , , , , 
1/31/2020 3:08:28 PM, 3226.5, 9010.25, 1615.7, 322.1, 219.37, 160.67, 311.052, 170.325, 237.0111, 95.54, 30, 63.235, 125.69, 63.0931, 87.47, , , , , 
1/31/2020 3:08:31 PM, 3226.5, 9010.75, 1615.9, 322.13, 219.37, 160.69, 311.0469, 170.3292, 237.04, 95.55, 30, 63.23, 125.7, 63.0931, 87.48, , , , , 
1/31/2020 3:08:34 PM, 3226.5, 9011.25, 1615.8, 322.15, 219.38, 160.7, 311.0699, 170.34, 237.0645, 95.55, 30, 63.23, 125.7, 63.0931, 87.48, , , , , 
1/31/2020 3:08:37 PM, 3227, 9011.25, 1615.9, 322.15, 219.39, 160.7, 311.065, 170.32, 237.0645, 95.55, 30, 63.24, 125.705, 63.0931, 87.48, , , , , 
1/31/2020 3:08:40 PM, 3226.5, 9010.25, 1615.6, 322.1, 219.35, 160.67, 311.07, 170.28, 237, 95.5399, 30, 63.23, 125.6999, 63.0931, 87.48, , , , , 
1/31/2020 3:08:43 PM, 3226, 9009.25, 1615.4, 322.08, 219.34, 160.66, 311.05, 170.2689, 236.9601, 95.53, 29.995, 63.225, 125.67, 63.0931, 87.4768, , , , , 
1/31/2020 3:08:47 PM, 3225.5, 9008.25, 1615.1, 322.0344, 219.315, 160.63, 310.99, 170.25, 236.91, 95.52, 29.995, 63.22, 125.66, 63.0931, 87.47, , , , , 
1/31/2020 3:08:50 PM, 3225.75, 9009, 1615.2, 322.07, 219.35, 160.65, 311.05, 170.25, 236.9, 95.52, 29.995, 63.22, 125.66, 63.0931, 87.47, , , , , 
1/31/2020 3:08:53 PM, 3225.75, 9009.25, 1615.3, 322.07, 219.33, 160.65, 311.0449, 170.25, 236.9648, 95.52, 29.995, 63.22, 125.66, 63.0931, 87.47, , , , , 
1/31/2020 3:08:56 PM, 3225.75, 9009.5, 1615.4, 322.07, 219.34, 160.66, 311.026, 170.2523, 236.93, 95.53, 30, 63.22, 125.665, 63.0931, 87.47, , , , , 
1/31/2020 3:08:59 PM, 3226.25, 9011.25, 1615.5, 322.115, 219.38, 160.67, 311.1, 170.3, 236.925, 95.54, 29.995, 63.225, 125.68, 63.0931, 87.47, , , , , 
1/31/2020 3:09:02 PM, 3226.25, 9010, 1615.5, 322.1, 219.37, 160.66, 311.075, 170.29, 236.925, 95.54, 29.995, 63.229, 125.685, 63.0931, 87.47, , , , , 
1/31/2020 3:09:05 PM, 3225.75, 9009.25, 1615.3, 322.07, 219.335, 160.65, 311.08, 170.28, 236.915, 95.52, 30, 63.22, 125.67, 63.0931, 87.47, , , , , 
1/31/2020 3:09:08 PM, 3226, 9010, 1615.4, 322.08, 219.355, 160.65, 311.075, 170.29, 236.915, 95.53, 29.995, 63.22, 125.67, 63.0931, 87.47, , , , , 
1/31/2020 3:09:11 PM, 3225.75, 9009.25, 1615.2, 322.06, 219.35, 160.635, 311.08, 170.31, 236.915, 95.53, 29.995, 63.22, 125.67, 63.0931, 87.47, , , , , 
1/31/2020 3:09:14 PM, 3226, 9009, 1615.2, 322.07, 219.34, 160.64, 311.005, 170.315, 236.95, 95.54, 29.995, 63.22, 125.67, 63.0931, 87.47, , , , , 
1/31/2020 3:09:17 PM, 3226, 9010, 1615.3, 322.095, 219.35, 160.67, 311, 170.33, 236.95, 95.53, 30, 63.23, 125.67, 63.0931, 87.47, , , , , 
1/31/2020 3:09:20 PM, 3225.75, 9008, 1615.2, 322.065, 219.31, 160.64, 310.81, 170.31, 236.94, 95.52, 30, 63.22, 125.66, 63.0931, 87.47, , , , , 
1/31/2020 3:09:23 PM, 3225.75, 9007.5, 1615.1, 322.05, 219.3, 160.63, 310.7215, 170.315, 236.83, 95.52, 29.995, 63.225, 125.65, 63.0931, 87.47, , , , , 
1/31/2020 3:09:26 PM, 3225.75, 9007.5, 1615.1, 322.05, 219.3, 160.63, 310.7215, 170.315, 236.83, 95.52, 29.995, 63.225, 125.65, 63.0931, 87.47, , , , , 
1/31/2020 3:09:29 PM, 3225.75, 9008, 1615.1, 322.06, 219.31, 160.62, 310.78, 170.295, 236.8102, 95.51, 30, 63.22, 125.66, 63.0931, 87.47, , , , , 
1/31/2020 3:09:32 PM, 3225.5, 9007.25, 1615, 322.02, 219.29, 160.62, 310.8355, 170.29, 236.7386, 95.51, 29.9971, 63.22, 125.64, 63.0931, 87.46, , , , , 
1/31/2020 3:09:35 PM, 3225.5, 9007, 1614.9, 322.02, 219.275, 160.63, 310.9007, 170.31, 236.8, 95.51, 30, 63.22, 125.65, 63.0931, 87.46, , , , , 
1/31/2020 3:09:38 PM, 3225.75, 9007, 1615, 322.04, 219.2954, 160.62, 310.895, 170.31, 236.805, 95.5157, 29.9938, 63.215, 125.65, 63.0931, 87.46, , , , , 
1/31/2020 3:09:41 PM, 3225.5, 9006.5, 1614.9, 322.035, 219.27, 160.61, 310.89, 170.3134, 236.805, 95.5157, 30, 63.22, 125.64, 63.0931, 87.46, , , , , 
1/31/2020 3:09:44 PM, 3225.5, 9006.25, 1615, 322.03, 219.27, 160.62, 310.8745, 170.3099, 236.755, 95.51, 30, 63.21, 125.64, 63.0931, 87.46, , , , , 
1/31/2020 3:09:47 PM, 3225.25, 9006.75, 1615, 322.02, 219.27, 160.61, 310.88, 170.29, 236.75, 95.51, 29.9959, 63.21, 125.64, 63.0931, 87.46, , , , , 
1/31/2020 3:09:50 PM, 3225.75, 9007.75, 1615.3, 322.07, 219.3, 160.64, 310.94, 170.305, 236.75, 95.52, 30, 63.22, 125.65, 63.0931, 87.46, , , , , 
1/31/2020 3:09:53 PM, 3225.5, 9007.5, 1615.2, 322.05, 219.2961, 160.64, 310.9477, 170.3, 236.75, 95.52, 30, 63.215, 125.645, 63.0931, 87.46, , , , , 
1/31/2020 3:09:56 PM, 3225.75, 9007.5, 1615.1, 322.035, 219.29, 160.63, 310.92, 170.325, 236.72, 95.52, 30, 63.215, 125.64, 63.0931, 87.46, , , , , 
1/31/2020 3:09:59 PM, 3226, 9009.5, 1615.4, 322.08, 219.33, 160.66, 310.99, 170.355, 236.72, 95.52, 30.005, 63.215, 125.64, 63.0931, 87.46, , , , , 
1/31/2020 3:10:02 PM, 3225.75, 9007.5, 1615.1, 322.04, 219.2894, 160.62, 310.97, 170.34, 236.7587, 95.52, 30, 63.22, 125.64, 63.0931, 87.46, , , , , 
1/31/2020 3:10:05 PM, 3225.75, 9008.25, 1615, 322.055, 219.31, 160.62, 311.0025, 170.3658, 236.825, 95.53, 30, 63.22, 125.645, 63.0931, 87.46, , , , , 
1/31/2020 3:10:08 PM, 3226.25, 9009, 1615.3, 322.085, 219.34, 160.66, 311.01, 170.39, 236.86, 95.54, 30.005, 63.22, 125.65, 63.0931, 87.46, , , , , 
1/31/2020 3:10:11 PM, 3226.5, 9010.75, 1615.4, 322.11, 219.365, 160.66, 311.08, 170.4293, 236.9098, 95.56, 30.01, 63.2215, 125.67, 63.0931, 87.46, , , , , 
1/31/2020 3:10:14 PM, 3226.5, 9010, 1615.3, 322.1, 219.34, 160.64, 311.0932, 170.42, 236.9098, 95.56, 30.01, 63.2215, 125.66, 63.0931, 87.46, , , , , 
1/31/2020 3:10:17 PM, 3226.25, 9010.5, 1615.4, 322.11, 219.36, 160.65, 311.16, 170.405, 236.91, 95.56, 30.0001, 63.23, 125.66, 63.0931, 87.46, , , , , 
1/31/2020 3:10:20 PM, 3225.5, 9007.5, 1614.9, 322.03, 219.31, 160.61, 311.09, 170.35, 236.9, 95.56, 29.99, 63.21, 125.64, 63.0931, 87.46, , , , , 
1/31/2020 3:10:23 PM, 3225.25, 9007, 1614.8, 322, 219.29, 160.6, 311.04, 170.32, 236.9033, 95.52, 29.995, 63.21, 125.63, 63.0931, 87.45, , , , , 
1/31/2020 3:10:26 PM, 3224.75, 9006, 1614.7, 321.96, 219.26, 160.59, 310.9335, 170.305, 236.85, 95.5, 29.99, 63.205, 125.61, 63.0931, 87.4575, , , , , 
1/31/2020 3:10:29 PM, 3224.75, 9005.5, 1614.7, 321.95, 219.255, 160.59, 310.91, 170.295, 236.85, 95.495, 29.985, 63.205, 125.61, 63.0931, 87.455, , , , , 
1/31/2020 3:10:32 PM, 3225.25, 9006.75, 1614.8, 321.985, 219.27, 160.59, 311, 170.3359, 236.86, 95.52, 29.985, 63.21, 125.61, 63.0931, 87.455, , , , , 
1/31/2020 3:10:35 PM, 3225.25, 9007, 1614.8, 321.99, 219.29, 160.59, 310.98, 170.34, 236.94, 95.52, 29.995, 63.205, 125.615, 63.0931, 87.455, , , , , 
1/31/2020 3:10:38 PM, 3225, 9006.25, 1614.7, 321.965, 219.255, 160.58, 310.9505, 170.34, 236.94, 95.51, 29.99, 63.205, 125.615, 63.0931, 87.455, , , , , 
1/31/2020 3:10:41 PM, 3224.75, 9005.75, 1614.5, 321.9417, 219.2401, 160.57, 310.9576, 170.32, 236.8101, 95.5025, 29.985, 63.2, 125.59, 63.0931, 87.455, , , , , 
1/31/2020 3:10:44 PM, 3224.5, 9005.75, 1614.5, 321.945, 219.25, 160.57, 310.94, 170.31, 236.8469, 95.505, 29.985, 63.2, 125.59, 63.0931, 87.455, , , , , 
1/31/2020 3:10:47 PM, 3225, 9007, 1614.5, 321.97, 219.28, 160.57, 311.0272, 170.33, 236.855, 95.53, 29.985, 63.21, 125.6, 63.0931, 87.455, , , , , 
1/31/2020 3:10:50 PM, 3225, 9006.25, 1614.5, 321.97, 219.28, 160.56, 311.035, 170.31, 236.82, 95.52, 29.985, 63.21, 125.6, 63.0931, 87.46, , , , , 
1/31/2020 3:10:53 PM, 3224.5, 9004.75, 1614.2, 321.92, 219.24, 160.54, 310.98, 170.3, 236.79, 95.51, 29.985, 63.205, 125.59, 63.0931, 87.46, , , , , 
1/31/2020 3:10:56 PM, 3224.25, 9004.75, 1614.2, 321.91, 219.226, 160.5301, 310.99, 170.29, 236.62, 95.5, 29.98, 63.195, 125.58, 63.0931, 87.46, , , , , 
1/31/2020 3:11:00 PM, 3224.25, 9004.5, 1614.1, 321.91, 219.22, 160.54, 311.0053, 170.28, 236.642, 95.5, 29.98, 63.2, 125.575, 63.0931, 87.46, , , , , 
1/31/2020 3:11:03 PM, 3224, 9003.25, 1614, 321.88, 219.1956, 160.52, 310.96, 170.25, 236.65, 95.48, 29.98, 63.19, 125.57, 63.0931, 87.46, , , , , 
1/31/2020 3:11:06 PM, 3223.5, 9002, 1613.9, 321.83, 219.16, 160.51, 310.88, 170.22, 236.64, 95.47, 29.975, 63.19, 125.55, 63.0931, 87.455, , , , , 
1/31/2020 3:11:09 PM, 3223.5, 9002.25, 1614, 321.83, 219.17, 160.52, 310.9364, 170.235, 236.66, 95.47, 29.98, 63.19, 125.55, 63.0931, 87.45, , , , , 
1/31/2020 3:11:12 PM, 3223.5, 9002.5, 1614, 321.83, 219.165, 160.51, 310.9, 170.2362, 236.6299, 95.47, 29.975, 63.185, 125.55, 63.0931, 87.45, , , , , 
1/31/2020 3:11:15 PM, 3224, 9002.75, 1614, 321.86, 219.17, 160.52, 310.9, 170.23, 236.6861, 95.47, 29.9849, 63.19, 125.56, 63.0931, 87.445, , , , , 
1/31/2020 3:11:18 PM, 3224.25, 9004.5, 1614.4, 321.89, 219.215, 160.55, 310.8949, 170.265, 236.6861, 95.48, 29.985, 63.2, 125.57, 63.0931, 87.445, , , , , 
1/31/2020 3:11:21 PM, 3223.75, 9001.5, 1614.2, 321.85, 219.16, 160.53, 310.7652, 170.24, 236.64, 95.47, 29.98, 63.19, 125.55, 63.0931, 87.445, , , , , 
1/31/2020 3:11:24 PM, 3223.5, 9000.75, 1614.1, 321.82, 219.14, 160.52, 310.66, 170.2, 236.66, 95.45, 29.98, 63.19, 125.55, 63.0931, 87.445, , , , , 
1/31/2020 3:11:27 PM, 3223.25, 9001.25, 1614, 321.8, 219.14, 160.5, 310.675, 170.22, 236.66, 95.44, 29.98, 63.185, 125.53, 63.0931, 87.44, , , , , 
1/31/2020 3:11:30 PM, 3223.5, 9001, 1613.9, 321.81, 219.14, 160.51, 310.66, 170.1812, 236.65, 95.44, 29.98, 63.185, 125.53, 63.0931, 87.44, , , , , 
1/31/2020 3:11:33 PM, 3223.25, 9000, 1613.9, 321.8, 219.12, 160.5, 310.6, 170.19, 236.68, 95.44, 29.9701, 63.185, 125.53, 63.0931, 87.44, , , , , 
1/31/2020 3:11:36 PM, 3223.25, 9000, 1613.9, 321.8, 219.11, 160.5, 310.6135, 170.17, 236.68, 95.435, 29.975, 63.185, 125.52, 63.0931, 87.435, , , , , 
1/31/2020 3:11:39 PM, 3223.25, 9000.25, 1613.9, 321.805, 219.1, 160.5, 310.66, 170.16, 236.67, 95.44, 29.975, 63.185, 125.52, 63.0931, 87.4375, , , , , 
1/31/2020 3:11:42 PM, 3223.5, 9000, 1614, 321.81, 219.11, 160.51, 310.58, 170.1707, 236.65, 95.44, 29.975, 63.19, 125.52, 63.0931, 87.435, , , , , 
1/31/2020 3:11:45 PM, 3224, 9002, 1614.3, 321.87, 219.165, 160.55, 310.6395, 170.22, 236.7, 95.46, 29.985, 63.2, 125.545, 63.0931, 87.435, , , , , 
1/31/2020 3:11:48 PM, 3224, 9002.5, 1614.4, 321.87, 219.16, 160.55, 310.6285, 170.215, 236.76, 95.45, 29.9844, 63.19, 125.55, 63.0931, 87.435, , , , , 
1/31/2020 3:11:51 PM, 3223.75, 9001, 1614.3, 321.85, 219.14, 160.5364, 310.5871, 170.1908, 236.56, 95.45, 29.9844, 63.19, 125.55, 63.0931, 87.435, , , , , 
1/31/2020 3:11:54 PM, 3223.5, 9001.5, 1614.3, 321.8458, 219.148, 160.54, 310.58, 170.19, 236.583, 95.45, 29.9844, 63.19, 125.55, 63.0931, 87.4375, , , , , 
1/31/2020 3:11:57 PM, 3223.75, 9000.75, 1614.2, 321.85, 219.13, 160.53, 310.525, 170.185, 236.555, 95.45, 29.985, 63.19, 125.55, 63.0931, 87.435, , , , , 
1/31/2020 3:12:00 PM, 3224.25, 9003.25, 1614.6, 321.91, 219.175, 160.56, 310.64, 170.21, 236.62, 95.4554, 29.99, 63.19, 125.57, 63.0931, 87.435, , , , , 
1/31/2020 3:12:03 PM, 3224.75, 9003.25, 1614.5, 321.93, 219.19, 160.565, 310.6544, 170.235, 236.69, 95.47, 29.995, 63.2, 125.58, 63.0931, 87.435, , , , , 
1/31/2020 3:12:06 PM, 3224.25, 9002.75, 1614.4, 321.9, 219.18, 160.55, 310.63, 170.22, 236.69, 95.455, 29.99, 63.2, 125.57, 63.0931, 87.435, , , , , 
1/31/2020 3:12:09 PM, 3224.25, 9003, 1614.4, 321.9, 219.18, 160.55, 310.63, 170.2287, 236.625, 95.45, 29.995, 63.2, 125.58, 63.0931, 87.4375, , , , , 
1/31/2020 3:12:12 PM, 3224.75, 9005.25, 1614.6, 321.96, 219.22, 160.58, 310.85, 170.26, 236.76, 95.48, 29.995, 63.2, 125.58, 63.0931, 87.435, , , , , 
1/31/2020 3:12:15 PM, 3224.75, 9005.25, 1614.7, 321.96, 219.23, 160.58, 310.78, 170.255, 236.72, 95.48, 29.995, 63.2, 125.59, 63.0931, 87.44, , , , , 
1/31/2020 3:12:18 PM, 3224.75, 9005.75, 1614.6, 321.97, 219.24, 160.58, 310.82, 170.27, 236.7914, 95.485, 29.995, 63.21, 125.6, 63.0931, 87.435, , , , , 
1/31/2020 3:12:21 PM, 3224.5, 9004.5, 1614.4, 321.912, 219.22, 160.55, 310.8181, 170.2346, 236.68, 95.475, 29.985, 63.21, 125.6, 63.0931, 87.435, , , , , 
1/31/2020 3:12:24 PM, 3224.5, 9004.5, 1614.4, 321.912, 219.22, 160.55, 310.8181, 170.2346, 236.68, 95.475, 29.985, 63.21, 125.6, 63.0931, 87.435, , , , , 
1/31/2020 3:12:27 PM, 3224.5, 9004.75, 1614.3, 321.92, 219.24, 160.54, 310.8261, 170.26, 236.7388, 95.48, 29.99, 63.21, 125.605, 63.0931, 87.435, , , , , 
1/31/2020 3:12:30 PM, 3224.5, 9004.75, 1614.3, 321.92, 219.2246, 160.535, 310.8235, 170.25, 236.7358, 95.48, 29.99, 63.2, 125.6, 63.0931, 87.435, , , , , 
1/31/2020 3:12:33 PM, 3224.75, 9004.75, 1614.5, 321.94, 219.23, 160.56, 310.82, 170.28, 236.72, 95.4802, 29.99, 63.2, 125.61, 63.0931, 87.44, , , , , 
1/31/2020 3:12:36 PM, 3224.75, 9004.75, 1614.5, 321.94, 219.23, 160.56, 310.82, 170.28, 236.72, 95.4802, 29.99, 63.2, 125.61, 63.0931, 87.44, , , , , 
1/31/2020 3:12:39 PM, 3224.25, 9004.25, 1614.2, 321.91, 219.215, 160.53, 310.8, 170.27, 236.66, 95.47, 29.99, 63.2, 125.59, 63.0931, 87.435, , , , , 
1/31/2020 3:12:42 PM, 3224.25, 9004.25, 1614.2, 321.91, 219.215, 160.53, 310.8, 170.27, 236.66, 95.47, 29.99, 63.2, 125.59, 63.0931, 87.435, , , , , 
1/31/2020 3:12:45 PM, 3224.5, 9004.25, 1614.2, 321.92, 219.24, 160.52, 310.777, 170.295, 236.7238, 95.48, 29.99, 63.205, 125.6, 63.0931, 87.44, , , , , 
1/31/2020 3:12:48 PM, 3224.5, 9004.25, 1614.2, 321.92, 219.24, 160.52, 310.777, 170.295, 236.7238, 95.48, 29.99, 63.205, 125.6, 63.0931, 87.44, , , , , 
1/31/2020 3:12:51 PM, 3224.5, 9003.25, 1614.1, 321.92, 219.2, 160.52, 310.7316, 170.3, 236.66, 95.471, 29.99, 63.205, 125.5901, 63.0931, 87.435, , , , , 
1/31/2020 3:12:54 PM, 3224.5, 9003.25, 1614.1, 321.92, 219.2, 160.52, 310.7316, 170.3, 236.66, 95.471, 29.99, 63.205, 125.5901, 63.0931, 87.435, , , , , 
1/31/2020 3:12:57 PM, 3224.5, 9004, 1614, 321.94, 219.21, 160.51, 310.7587, 170.26, 236.65, 95.47, 29.99, 63.205, 125.6, 63.0931, 87.435, , , , , 
1/31/2020 3:13:00 PM, 3224.5, 9004, 1614, 321.94, 219.21, 160.51, 310.7587, 170.26, 236.65, 95.47, 29.99, 63.205, 125.6, 63.0931, 87.435, , , , , 
1/31/2020 3:13:03 PM, 3224.75, 9003.5, 1614, 321.93, 219.21, 160.5, 310.7501, 170.2401, 236.65, 95.465, 29.99, 63.205, 125.6, 63.0931, 87.435, , , , , 
1/31/2020 3:13:06 PM, 3224.75, 9003.5, 1614, 321.93, 219.21, 160.5, 310.7501, 170.2401, 236.65, 95.465, 29.99, 63.205, 125.6, 63.0931, 87.435, , , , , 
1/31/2020 3:13:09 PM, 3224.25, 9003, 1614, 321.9, 219.19, 160.5, 310.78, 170.24, 236.6523, 95.47, 29.99, 63.2, 125.6, 63.0931, 87.44, , , , , 
1/31/2020 3:13:12 PM, 3224.25, 9003, 1614, 321.9, 219.19, 160.5, 310.78, 170.24, 236.6523, 95.47, 29.99, 63.2, 125.6, 63.0931, 87.44, , , , , 
1/31/2020 3:13:15 PM, 3223.75, 9000.5, 1613.7, 321.87, 219.15, 160.48, 310.65, 170.22, 236.59, 95.45, 29.985, 63.19, 125.58, 63.0931, 87.44, , , , , 
1/31/2020 3:13:18 PM, 3223.75, 9000.5, 1613.7, 321.87, 219.15, 160.48, 310.65, 170.22, 236.59, 95.45, 29.985, 63.19, 125.58, 63.0931, 87.44, , , , , 
1/31/2020 3:13:21 PM, 3223.75, 9001.5, 1613.8, 321.87, 219.16, 160.48, 310.634, 170.255, 236.65, 95.45, 29.99, 63.19, 125.58, 63.0931, 87.435, , , , , 
1/31/2020 3:13:24 PM, 3223.75, 9001.5, 1613.8, 321.87, 219.16, 160.48, 310.634, 170.255, 236.65, 95.45, 29.99, 63.19, 125.58, 63.0931, 87.435, , , , , 
1/31/2020 3:13:27 PM, 3224, 9001.75, 1613.8, 321.9, 219.16, 160.49, 310.6825, 170.24, 236.64, 95.46, 29.99, 63.195, 125.6, 63.0931, 87.435, , , , , 
1/31/2020 3:13:30 PM, 3224, 9001.75, 1613.8, 321.9, 219.16, 160.49, 310.6825, 170.24, 236.64, 95.46, 29.99, 63.195, 125.6, 63.0931, 87.435, , , , , 
1/31/2020 3:13:34 PM, 3223.75, 9001.25, 1613.7, 321.87, 219.15, 160.485, 310.6898, 170.2356, 236.56, 95.445, 29.985, 63.19, 125.5895, 63.0931, 87.435, , , , , 
1/31/2020 3:13:37 PM, 3223.75, 9001.25, 1613.7, 321.87, 219.15, 160.485, 310.6898, 170.2356, 236.56, 95.445, 29.985, 63.19, 125.5895, 63.0931, 87.435, , , , , 
1/31/2020 3:13:40 PM, 3223.75, 9001, 1613.7, 321.87, 219.1456, 160.485, 310.6556, 170.2124, 236.64, 95.45, 29.985, 63.19, 125.5895, 63.0931, 87.435, , , , , 
1/31/2020 3:13:43 PM, 3223.75, 9001, 1613.7, 321.87, 219.1456, 160.485, 310.6556, 170.2124, 236.64, 95.45, 29.985, 63.19, 125.5895, 63.0931, 87.435, , , , , 
1/31/2020 3:13:46 PM, 3223.75, 9000.75, 1613.5, 321.86, 219.14, 160.475, 310.66, 170.215, 236.57, 95.44, 29.985, 63.18, 125.575, 63.0931, 87.435, , , , , 
1/31/2020 3:13:49 PM, 3223.75, 9000.75, 1613.5, 321.86, 219.14, 160.475, 310.66, 170.215, 236.57, 95.44, 29.985, 63.18, 125.575, 63.0931, 87.435, , , , , 
1/31/2020 3:13:52 PM, 3223.5, 9000.25, 1613.5, 321.8201, 219.12, 160.47, 310.605, 170.2128, 236.5861, 95.441, 29.99, 63.18, 125.57, 63.0931, 87.435, , , , , 
1/31/2020 3:13:55 PM, 3223.5, 9000.25, 1613.5, 321.8201, 219.12, 160.47, 310.605, 170.2128, 236.5861, 95.441, 29.99, 63.18, 125.57, 63.0931, 87.435, , , , , 
1/31/2020 3:13:58 PM, 3223.25, 9000, 1613.4, 321.82, 219.1, 160.45, 310.55, 170.185, 236.55, 95.43, 29.99, 63.175, 125.55, 63.0931, 87.435, , , , , 
1/31/2020 3:14:01 PM, 3223.25, 9000, 1613.4, 321.82, 219.1, 160.45, 310.55, 170.185, 236.55, 95.43, 29.99, 63.175, 125.55, 63.0931, 87.435, , , , , 
1/31/2020 3:14:04 PM, 3223.75, 9000.25, 1613.6, 321.84, 219.12, 160.46, 310.6, 170.2, 236.525, 95.44, 29.985, 63.19, 125.56, 63.0931, 87.435, , , , , 
1/31/2020 3:14:07 PM, 3223.75, 9000.25, 1613.6, 321.84, 219.12, 160.46, 310.6, 170.2, 236.525, 95.44, 29.985, 63.19, 125.56, 63.0931, 87.435, , , , , 
1/31/2020 3:14:10 PM, 3222.75, 8998.75, 1613.3, 321.77, 219.1, 160.44, 310.52, 170.1795, 236.51, 95.425, 29.985, 63.18, 125.55, 63.0931, 87.44, , , , , 
1/31/2020 3:14:13 PM, 3222.75, 8998.75, 1613.3, 321.77, 219.1, 160.44, 310.52, 170.1795, 236.51, 95.425, 29.985, 63.18, 125.55, 63.0931, 87.44, , , , , 
1/31/2020 3:14:16 PM, 3222.75, 8999, 1613.2, 321.75, 219.08, 160.43, 310.525, 170.16, 236.49, 95.42, 29.985, 63.175, 125.54, 63.0931, 87.435, , , , , 
1/31/2020 3:14:19 PM, 3222.75, 8999, 1613.2, 321.75, 219.08, 160.43, 310.525, 170.16, 236.49, 95.42, 29.985, 63.175, 125.54, 63.0931, 87.435, , , , , 
1/31/2020 3:14:22 PM, 3223.5, 9001.5, 1613.8, 321.8201, 219.1589, 160.495, 310.685, 170.2201, 236.65, 95.45, 29.98, 63.185, 125.57, 63.0931, 87.435, , , , , 
1/31/2020 3:14:25 PM, 3223.5, 9001.5, 1613.8, 321.8201, 219.1589, 160.495, 310.685, 170.2201, 236.65, 95.45, 29.98, 63.185, 125.57, 63.0931, 87.435, , , , , 
1/31/2020 3:14:28 PM, 3224, 9002.75, 1613.9, 321.86, 219.175, 160.5, 310.74, 170.23, 236.6887, 95.46, 29.9861, 63.19, 125.58, 63.0931, 87.435, , , , , 
1/31/2020 3:14:31 PM, 3224, 9002.75, 1613.9, 321.86, 219.175, 160.5, 310.74, 170.23, 236.6887, 95.46, 29.9861, 63.19, 125.58, 63.0931, 87.435, , , , , 
1/31/2020 3:14:34 PM, 3223.25, 9000.5, 1613.7, 321.786, 219.13, 160.49, 310.66, 170.19, 236.64, 95.44, 29.98, 63.19, 125.57, 63.0931, 87.44, , , , , 
1/31/2020 3:14:37 PM, 3223.25, 9000.5, 1613.7, 321.786, 219.13, 160.49, 310.66, 170.19, 236.64, 95.44, 29.98, 63.19, 125.57, 63.0931, 87.44, , , , , 
1/31/2020 3:14:40 PM, 3222.75, 9000, 1613.5, 321.75, 219.1, 160.47, 310.61, 170.16, 236.61, 95.43, 29.98, 63.18, 125.56, 63.0931, 87.44, , , , , 
1/31/2020 3:14:43 PM, 3222.75, 9000, 1613.5, 321.75, 219.1, 160.47, 310.61, 170.16, 236.61, 95.43, 29.98, 63.18, 125.56, 63.0931, 87.44, , , , , 
1/31/2020 3:14:46 PM, 3222.25, 8998.5, 1613.1, 321.72, 219.07, 160.43, 310.55, 170.135, 236.56, 95.42, 29.97, 63.17, 125.54, 63.0931, 87.43, , , , , 
1/31/2020 3:14:49 PM, 3222.5, 8998.5, 1613.2, 321.715, 219.09, 160.44, 310.5887, 170.15, 236.6192, 95.417, 29.97, 63.17, 125.54, 63.0931, 87.435, , , , , 
1/31/2020 3:14:52 PM, 3222.25, 8998, 1613, 321.68, 219.05, 160.42, 310.5825, 170.105, 236.56, 95.4, 29.97, 63.175, 125.51, 63.0931, 87.44, , , , , 
1/31/2020 3:14:55 PM, 3222.5, 8998.75, 1613.3, 321.75, 219.09, 160.45, 310.63, 170.115, 236.6, 95.42, 29.97, 63.175, 125.53, 63.0931, 87.43, , , , , 
1/31/2020 3:14:58 PM, 3222.25, 8999, 1613.2, 321.72, 219.082, 160.43, 310.6604, 170.12, 236.62, 95.42, 29.975, 63.17, 125.53, 63.0931, 87.43, , , , , 
1/31/2020 3:15:01 PM, 3222.5, 8999.5, 1613.3, 321.76, 219.1, 160.45, 310.7037, 170.1606, 236.62, 95.43, 29.9754, 63.18, 125.54, 63.0931, 87.43, , , , , 
1/31/2020 3:15:04 PM, 3222.5, 8999.25, 1613.4, 321.76, 219.1, 160.4617, 310.6598, 170.165, 236.62, 95.43, 29.975, 63.18, 125.54, 63.0931, 87.43, , , , , 
1/31/2020 3:15:07 PM, 3222.5, 8998.5, 1613.5, 321.71, 219.1, 160.4566, 310.6054, 170.156, 236.625, 95.425, 29.97, 63.17, 125.54, 63.0931, 87.43, , , , , 
1/31/2020 3:15:10 PM, 3222, 8997, 1613.3, 321.671, 219.04, 160.43, 310.55, 170.12, 236.5, 95.4, 29.96, 63.17, 125.51, 63.0931, 87.43, , , , , 
1/31/2020 3:15:13 PM, 3221.75, 8997.25, 1613.2, 321.67, 219.05, 160.44, 310.554, 170.1106, 236.52, 95.4, 29.96, 63.17, 125.52, 63.0931, 87.43, , , , , 
1/31/2020 3:15:16 PM, 3221.75, 8997.25, 1613.2, 321.67, 219.05, 160.44, 310.554, 170.1106, 236.52, 95.4, 29.96, 63.17, 125.52, 63.0931, 87.43, , , , , 
1/31/2020 3:15:19 PM, 3222, 8996.75, 1613.2, 321.68, 219.03, 160.43, 310.5342, 170.105, 236.52, 95.4, 29.96, 63.17, 125.51, 63.0931, 87.43, , , , , 
1/31/2020 3:15:22 PM, 3221.5, 8995.5, 1613, 321.62, 219.01, 160.41, 310.51, 170.09, 236.47, 95.38, 29.96, 63.165, 125.5, 63.0931, 87.43, , , , , 
1/31/2020 3:15:25 PM, 3221.5, 8995.25, 1612.8, 321.605, 218.99, 160.4, 310.51, 170.06, 236.43, 95.38, 29.96, 63.165, 125.5, 63.0931, 87.435, , , , , 
1/31/2020 3:15:28 PM, 3221, 8994.5, 1612.8, 321.59, 218.98, 160.39, 310.5177, 170.045, 236.3701, 95.38, 29.95, 63.155, 125.49, 63.0931, 87.43, , , , , 
1/31/2020 3:15:31 PM, 3221, 8994.75, 1612.8, 321.58, 218.98, 160.4, 310.6, 170.065, 236.42, 95.38, 29.95, 63.155, 125.49, 63.0931, 87.43, , , , , 
1/31/2020 3:15:34 PM, 3220.75, 8993.75, 1612.7, 321.58, 218.95, 160.4, 310.545, 170.06, 236.42, 95.38, 29.95, 63.16, 125.48, 63.0931, 87.42, , , , , 
1/31/2020 3:15:37 PM, 3221, 8993.75, 1612.9, 321.57, 218.975, 160.39, 310.54, 170.07, 236.4199, 95.38, 29.9541, 63.16, 125.48, 63.0931, 87.42, , , , , 
1/31/2020 3:15:40 PM, 3221, 8993.75, 1612.9, 321.57, 218.975, 160.39, 310.54, 170.07, 236.4199, 95.38, 29.9541, 63.16, 125.48, 63.0931, 87.42, , , , , 
1/31/2020 3:15:43 PM, 3221.25, 8993.75, 1612.8, 321.58, 218.9679, 160.3975, 310.44, 170.06, 236.39, 95.37, 29.955, 63.155, 125.48, 63.0931, 87.42, , , , , 
1/31/2020 3:15:47 PM, 3221, 8994.25, 1612.7, 321.59, 218.965, 160.39, 310.4376, 170.07, 236.42, 95.37, 29.955, 63.16, 125.48, 63.0931, 87.42, , , , , 
1/31/2020 3:15:50 PM, 3221.5, 8995.25, 1612.9, 321.61, 219, 160.4, 310.52, 170.1, 236.435, 95.39, 29.955, 63.17, 125.49, 63.0931, 87.42, , , , , 
1/31/2020 3:15:53 PM, 3221.5, 8995, 1612.9, 321.59, 218.99, 160.4, 310.47, 170.0946, 236.4, 95.38, 29.95, 63.165, 125.48, 63.0931, 87.43, , , , , 
1/31/2020 3:15:56 PM, 3221.25, 8994.5, 1612.7, 321.58, 218.975, 160.38, 310.48, 170.08, 236.36, 95.38, 29.95, 63.16, 125.48, 63.0931, 87.42, , , , , 
1/31/2020 3:15:59 PM, 3220.75, 8993.25, 1612.6, 321.55, 218.945, 160.37, 310.4141, 170.0601, 236.38, 95.36, 29.95, 63.155, 125.455, 63.0931, 87.42, , , , , 
1/31/2020 3:16:02 PM, 3220.75, 8992.75, 1612.6, 321.54, 218.935, 160.38, 310.42, 170.05, 236.37, 95.3668, 29.95, 63.155, 125.455, 63.0931, 87.42, , , , , 
1/31/2020 3:16:05 PM, 3221.25, 8994, 1612.9, 321.6, 218.97, 160.41, 310.42, 170.07, 236.3449, 95.38, 29.95, 63.17, 125.47, 63.0931, 87.42, , , , , 
1/31/2020 3:16:08 PM, 3221.5, 8994.5, 1612.9, 321.6, 218.975, 160.41, 310.461, 170.0736, 236.3449, 95.375, 29.9536, 63.165, 125.47, 63.0931, 87.42, , , , , 
1/31/2020 3:16:11 PM, 3221.25, 8995.25, 1613.1, 321.62, 218.99, 160.41, 310.5051, 170.0935, 236.44, 95.38, 29.95, 63.165, 125.48, 63.0931, 87.42, , , , , 
1/31/2020 3:16:14 PM, 3222.25, 8997.75, 1613.2, 321.7, 219.06, 160.44, 310.59, 170.16, 236.42, 95.41, 29.96, 63.18, 125.5, 63.0931, 87.43, , , , , 
1/31/2020 3:16:17 PM, 3222, 8996.5, 1613.2, 321.67, 219.03, 160.43, 310.55, 170.13, 236.445, 95.41, 29.9579, 63.17, 125.5, 63.0931, 87.425, , , , , 
1/31/2020 3:16:20 PM, 3222, 8996.75, 1613, 321.68, 219.03, 160.42, 310.575, 170.11, 236.45, 95.4, 29.955, 63.17, 125.49, 63.0931, 87.4234, , , , , 
1/31/2020 3:16:23 PM, 3222, 8996.5, 1613.1, 321.68, 219.02, 160.43, 310.58, 170.12, 236.45, 95.4, 29.955, 63.17, 125.49, 63.0931, 87.43, , , , , 
1/31/2020 3:16:26 PM, 3222, 8996, 1613, 321.66, 219.0199, 160.41, 310.5463, 170.1182, 236.45, 95.4, 29.955, 63.17, 125.49, 63.0931, 87.425, , , , , 
1/31/2020 3:16:29 PM, 3222, 8996.75, 1613.2, 321.69, 219.04, 160.42, 310.58, 170.13, 236.45, 95.4, 29.955, 63.17, 125.495, 63.0931, 87.43, , , , , 
1/31/2020 3:16:32 PM, 3222.25, 8998, 1613.3, 321.71, 219.06, 160.45, 310.66, 170.15, 236.46, 95.4181, 29.965, 63.18, 125.5, 63.0931, 87.43, , , , , 
1/31/2020 3:16:35 PM, 3222.5, 8997.75, 1613.3, 321.7101, 219.06, 160.45, 310.6499, 170.16, 236.445, 95.42, 29.96, 63.19, 125.5, 63.0931, 87.43, , , , , 
1/31/2020 3:16:38 PM, 3222.25, 8996.25, 1613.3, 321.69, 219.01, 160.44, 310.5884, 170.14, 236.39, 95.4, 29.9646, 63.18, 125.48, 63.0931, 87.43, , , , , 
1/31/2020 3:16:41 PM, 3222.25, 8996.5, 1613.3, 321.69, 219.02, 160.45, 310.59, 170.1346, 236.365, 95.4, 29.9646, 63.18, 125.49, 63.0931, 87.435, , , , , 
1/31/2020 3:16:44 PM, 3222.5, 8997, 1613.3, 321.71, 219.03, 160.45, 310.57, 170.14, 236.405, 95.41, 29.9646, 63.18, 125.49, 63.0931, 87.435, , , , , 
1/31/2020 3:16:47 PM, 3222.5, 8997, 1613.3, 321.7, 219.0332, 160.45, 310.57, 170.14, 236.45, 95.41, 29.9646, 63.18, 125.49, 63.0931, 87.435, , , , , 
1/31/2020 3:16:50 PM, 3222.75, 8998, 1613.6, 321.73, 219.06, 160.47, 310.6077, 170.15, 236.38, 95.42, 29.965, 63.185, 125.495, 63.0931, 87.44, , , , , 
1/31/2020 3:16:53 PM, 3223.5, 8999.5, 1613.7, 321.79, 219.09, 160.49, 310.63, 170.17, 236.45, 95.43, 29.97, 63.2, 125.51, 63.0931, 87.44, , , , , 
1/31/2020 3:16:56 PM, 3223.75, 9000.75, 1613.8, 321.84, 219.12, 160.495, 310.69, 170.22, 236.36, 95.45, 29.98, 63.205, 125.53, 63.0931, 87.44, , , , , 
1/31/2020 3:16:59 PM, 3223, 8998.5, 1613.4, 321.75, 219.07, 160.45, 310.634, 170.16, 236.33, 95.415, 29.975, 63.19, 125.5, 63.0931, 87.44, , , , , 
1/31/2020 3:17:02 PM, 3223.5, 9000, 1613.7, 321.79, 219.11, 160.48, 310.67, 170.19, 236.45, 95.43, 29.965, 63.2, 125.52, 63.0931, 87.44, , , , , 
1/31/2020 3:17:05 PM, 3223, 8998.5, 1613.4, 321.75, 219.07, 160.45, 310.635, 170.17, 236.43, 95.42, 29.965, 63.195, 125.51, 63.0931, 87.435, , , , , 
1/31/2020 3:17:08 PM, 3223, 8999.5, 1613.6, 321.79, 219.1, 160.46, 310.7, 170.19, 236.35, 95.42, 29.97, 63.19, 125.52, 63.0931, 87.44, , , , , 
1/31/2020 3:17:11 PM, 3223, 8998.25, 1613.2, 321.745, 219.08, 160.43, 310.71, 170.16, 236.44, 95.425, 29.97, 63.19, 125.51, 63.0931, 87.44, , , , , 
1/31/2020 3:17:14 PM, 3222.5, 8998, 1613.1, 321.72, 219.06, 160.42, 310.65, 170.14, 236.4099, 95.41, 29.965, 63.18, 125.5, 63.0931, 87.44, , , , , 
1/31/2020 3:17:17 PM, 3222.75, 8998, 1613.1, 321.72, 219.06, 160.41, 310.6409, 170.16, 236.385, 95.41, 29.965, 63.185, 125.5, 63.0931, 87.44, , , , , 
1/31/2020 3:17:20 PM, 3222.75, 8998.25, 1613.2, 321.735, 219.06, 160.42, 310.65, 170.1534, 236.3923, 95.41, 29.965, 63.185, 125.5, 63.0931, 87.435, , , , , 
1/31/2020 3:17:23 PM, 3223, 8999.75, 1613.4, 321.78, 219.1, 160.46, 310.76, 170.17, 236.56, 95.42, 29.96, 63.19, 125.52, 63.0931, 87.44, , , , , 
1/31/2020 3:17:26 PM, 3223, 9000, 1613.5, 321.79, 219.1143, 160.46, 310.77, 170.18, 236.6, 95.42, 29.97, 63.19, 125.52, 63.0931, 87.44, , , , , 
1/31/2020 3:17:29 PM, 3223.5, 9001.25, 1613.7, 321.82, 219.14, 160.48, 310.83, 170.2094, 236.64, 95.45, 29.97, 63.2, 125.53, 63.0931, 87.44, , , , , 
1/31/2020 3:17:32 PM, 3223.75, 9001.5, 1613.6, 321.83, 219.14, 160.47, 310.8662, 170.2116, 236.7047, 95.46, 29.98, 63.2, 125.535, 63.0931, 87.445, , , , , 
1/31/2020 3:17:35 PM, 3223.75, 9001.75, 1613.6, 321.85, 219.1444, 160.47, 310.8823, 170.2217, 236.71, 95.46, 29.98, 63.2, 125.54, 63.0931, 87.445, , , , , 
1/31/2020 3:17:38 PM, 3224.25, 9002.5, 1613.8, 321.92, 219.19, 160.495, 310.97, 170.239, 236.74, 95.49, 29.98, 63.22, 125.57, 63.0931, 87.45, , , , , 
1/31/2020 3:17:41 PM, 3225, 9004.75, 1614.1, 321.96, 219.215, 160.52, 311.02, 170.28, 236.82, 95.5, 29.99, 63.22, 125.58, 63.0931, 87.455, , , , , 
1/31/2020 3:17:44 PM, 3225, 9005, 1614.1, 321.9658, 219.2179, 160.52, 311.0149, 170.3, 236.8, 95.5, 29.99, 63.22, 125.58, 63.0931, 87.46, , , , , 
1/31/2020 3:17:47 PM, 3224.5, 9003, 1613.9, 321.9179, 219.2, 160.5, 310.96, 170.285, 236.76, 95.49, 29.99, 63.215, 125.58, 63.0931, 87.46, , , , , 
1/31/2020 3:17:50 PM, 3224.75, 9003, 1613.9, 321.92, 219.188, 160.51, 311, 170.2642, 236.64, 95.485, 29.985, 63.215, 125.57, 63.0931, 87.455, , , , , 
1/31/2020 3:17:53 PM, 3225, 9004.75, 1614.1, 321.98, 219.234, 160.52, 311.0149, 170.2898, 236.73, 95.5, 29.985, 63.215, 125.585, 63.0931, 87.455, , , , , 
1/31/2020 3:17:56 PM, 3225, 9005.25, 1614.3, 321.97, 219.25, 160.53, 311.015, 170.3064, 236.76, 95.5073, 29.985, 63.22, 125.59, 63.0931, 87.455, , , , , 
1/31/2020 3:17:59 PM, 3225, 9005.25, 1614.1, 321.97, 219.23, 160.52, 311.0151, 170.31, 236.7764, 95.5, 29.985, 63.215, 125.59, 63.0931, 87.455, , , , , 
1/31/2020 3:18:02 PM, 3225, 9006.25, 1614.4, 321.9535, 219.27, 160.55, 311.0609, 170.34, 236.7764, 95.51, 29.985, 63.21, 125.6, 63.0931, 87.4575, , , , , 
1/31/2020 3:18:06 PM, 3225, 9006.25, 1614.5, 321.9625, 219.2701, 160.56, 311.1231, 170.365, 236.785, 95.5104, 29.985, 63.21, 125.595, 63.0931, 87.4575, , , , , 
1/31/2020 3:18:09 PM, 3224.75, 9006, 1614.4, 321.95, 219.26, 160.535, 311.09, 170.36, 236.75, 95.515, 29.99, 63.205, 125.59, 63.0931, 87.4575, , , , , 
1/31/2020 3:18:12 PM, 3225, 9007.25, 1614.5, 321.99, 219.28, 160.56, 311.137, 170.3801, 236.77, 95.53, 29.9864, 63.205, 125.61, 63.0931, 87.46, , , , , 
1/31/2020 3:18:15 PM, 3225, 9006, 1614.5, 321.96, 219.26, 160.555, 311.0959, 170.3606, 236.79, 95.53, 29.98, 63.21, 125.6, 63.0931, 87.46, , , , , 
1/31/2020 3:18:18 PM, 3225, 9006.5, 1614.5, 321.98, 219.275, 160.57, 311.11, 170.38, 236.7699, 95.53, 29.985, 63.21, 125.605, 63.0931, 87.46, , , , , 
1/31/2020 3:18:21 PM, 3225, 9006, 1614.5, 321.98, 219.26, 160.56, 311.1223, 170.365, 236.81, 95.52, 29.985, 63.215, 125.6, 63.0931, 87.46, , , , , 
1/31/2020 3:18:24 PM, 3224.75, 9005.75, 1614.5, 321.9533, 219.27, 160.56, 311.15, 170.37, 236.81, 95.52, 29.985, 63.21, 125.6, 63.0931, 87.46, , , , , 
1/31/2020 3:18:27 PM, 3225, 9005.75, 1614.5, 321.9564, 219.245, 160.56, 311.1138, 170.375, 236.81, 95.5193, 29.99, 63.215, 125.595, 63.0931, 87.46, , , , , 
1/31/2020 3:18:30 PM, 3225, 9006, 1614.7, 321.97, 219.25, 160.575, 311.17, 170.385, 236.8082, 95.5201, 29.985, 63.21, 125.595, 63.0931, 87.458, , , , , 
1/31/2020 3:18:33 PM, 3225.25, 9006, 1614.7, 321.97, 219.25, 160.58, 311.205, 170.38, 236.77, 95.53, 29.985, 63.21, 125.595, 63.0931, 87.46, , , , , 
1/31/2020 3:18:36 PM, 3225.25, 9006.5, 1614.9, 321.9798, 219.28, 160.6, 311.25, 170.39, 236.8032, 95.53, 29.99, 63.205, 125.6, 63.0931, 87.46, , , , , 
1/31/2020 3:18:39 PM, 3224.5, 9005, 1614.7, 321.94, 219.24, 160.59, 311.1607, 170.37, 236.8032, 95.52, 29.985, 63.205, 125.5891, 63.0931, 87.46, , , , , 
1/31/2020 3:18:42 PM, 3224.5, 9004.5, 1614.7, 321.92, 219.24, 160.58, 311.1106, 170.36, 236.7401, 95.51, 29.985, 63.2, 125.58, 63.0931, 87.46, , , , , 
1/31/2020 3:18:45 PM, 3224.5, 9004, 1614.8, 321.89, 219.21, 160.575, 311.07, 170.34, 236.7231, 95.5, 29.98, 63.2, 125.57, 63.0931, 87.455, , , , , 
1/31/2020 3:18:48 PM, 3223.75, 9001.25, 1614.3, 321.83, 219.1401, 160.54, 311.014, 170.3025, 236.6, 95.48, 29.97, 63.19, 125.54, 63.0931, 87.455, , , , , 
1/31/2020 3:18:51 PM, 3224.25, 9003.5, 1614.6, 321.89, 219.2, 160.56, 311.1141, 170.36, 236.7, 95.5, 29.98, 63.19, 125.56, 63.0931, 87.455, , , , , 
1/31/2020 3:18:54 PM, 3224.25, 9003.75, 1614.6, 321.885, 219.205, 160.5695, 311.13, 170.3541, 236.7, 95.5, 29.98, 63.195, 125.56, 63.0931, 87.45, , , , , 
1/31/2020 3:18:57 PM, 3224.25, 9004.75, 1614.6, 321.9, 219.22, 160.565, 311.17, 170.37, 236.7, 95.51, 29.98, 63.195, 125.57, 63.0931, 87.45, , , , , 
1/31/2020 3:19:00 PM, 3224.25, 9004.25, 1614.6, 321.8999, 219.21, 160.565, 311.21, 170.36, 236.7, 95.51, 29.98, 63.195, 125.57, 63.0931, 87.45, , , , , 
1/31/2020 3:19:03 PM, 3224.75, 9004.75, 1614.7, 321.9499, 219.21, 160.57, 311.22, 170.37, 236.72, 95.51, 29.985, 63.21, 125.58, 63.0931, 87.45, , , , , 
1/31/2020 3:19:06 PM, 3224.75, 9005, 1614.8, 321.95, 219.23, 160.59, 311.1927, 170.3822, 236.7049, 95.52, 29.99, 63.21, 125.59, 63.0931, 87.45, , , , , 
1/31/2020 3:19:09 PM, 3224.5, 9003.25, 1614.6, 321.9, 219.2, 160.57, 311.14, 170.35, 236.68, 95.51, 29.985, 63.205, 125.57, 63.0931, 87.45, , , , , 
1/31/2020 3:19:12 PM, 3223.75, 9001, 1614.3, 321.825, 219.14, 160.54, 310.95, 170.31, 236.528, 95.48, 29.975, 63.2, 125.55, 63.0931, 87.45, , , , , 
1/31/2020 3:19:15 PM, 3223.5, 9000.75, 1614.2, 321.823, 219.14, 160.53, 310.95, 170.295, 236.5466, 95.48, 29.975, 63.2, 125.55, 63.0931, 87.4532, , , , , 
1/31/2020 3:19:18 PM, 3223.75, 9001.5, 1614.1, 321.84, 219.15, 160.53, 311.04, 170.3, 236.5466, 95.48, 29.975, 63.19, 125.55, 63.0931, 87.4532, , , , , 
1/31/2020 3:19:21 PM, 3223.5, 9000.5, 1614, 321.815, 219.13, 160.515, 310.93, 170.2746, 236.5658, 95.47, 29.9733, 63.191, 125.53, 63.0931, 87.45, , , , , 
1/31/2020 3:19:24 PM, 3223.5, 9000.5, 1614, 321.815, 219.13, 160.515, 310.93, 170.2746, 236.5658, 95.47, 29.9733, 63.191, 125.53, 63.0931, 87.45, , , , , 
1/31/2020 3:19:27 PM, 3224.75, 9004.5, 1614.4, 321.95, 219.22, 160.55, 311.1102, 170.33, 236.69, 95.51, 29.985, 63.22, 125.58, 63.0931, 87.45, , , , , 
1/31/2020 3:19:30 PM, 3224.75, 9004.5, 1614.4, 321.95, 219.22, 160.55, 311.1102, 170.33, 236.69, 95.51, 29.985, 63.22, 125.58, 63.0931, 87.45, , , , , 
1/31/2020 3:19:33 PM, 3224.75, 9004.25, 1614.5, 321.94, 219.22, 160.57, 311.11, 170.3401, 236.67, 95.51, 29.98, 63.2199, 125.59, 63.0931, 87.45, , , , , 
1/31/2020 3:19:36 PM, 3224.75, 9004.25, 1614.5, 321.94, 219.22, 160.57, 311.11, 170.3401, 236.67, 95.51, 29.98, 63.2199, 125.59, 63.0931, 87.45, , , , , 
1/31/2020 3:19:39 PM, 3224, 9001.75, 1614.3, 321.8808, 219.17, 160.537, 311.08, 170.29, 236.6308, 95.49, 29.985, 63.21, 125.56, 63.0931, 87.445, , , , , 
1/31/2020 3:19:42 PM, 3224, 9001.75, 1614.3, 321.8808, 219.17, 160.537, 311.08, 170.29, 236.6308, 95.49, 29.985, 63.21, 125.56, 63.0931, 87.445, , , , , 
1/31/2020 3:19:45 PM, 3224, 9001.75, 1614.2, 321.88, 219.16, 160.54, 311.0807, 170.28, 236.605, 95.4863, 29.985, 63.2, 125.57, 63.0931, 87.445, , , , , 
1/31/2020 3:19:48 PM, 3224, 9001.75, 1614.2, 321.88, 219.16, 160.54, 311.0807, 170.28, 236.605, 95.4863, 29.985, 63.2, 125.57, 63.0931, 87.445, , , , , 
1/31/2020 3:19:51 PM, 3223.5, 9000.25, 1614.3, 321.83, 219.13, 160.55, 310.96, 170.24, 236.585, 95.47, 29.98, 63.195, 125.54, 63.0931, 87.445, , , , , 
1/31/2020 3:19:54 PM, 3223.5, 9000.25, 1614.3, 321.83, 219.13, 160.55, 310.96, 170.24, 236.585, 95.47, 29.98, 63.195, 125.54, 63.0931, 87.445, , , , , 
1/31/2020 3:19:57 PM, 3224, 9002.75, 1614.4, 321.88, 219.17, 160.54, 311.07, 170.3, 236.61, 95.49, 29.985, 63.2, 125.55, 63.0931, 87.445, , , , , 
1/31/2020 3:20:00 PM, 3224, 9002.75, 1614.4, 321.88, 219.17, 160.54, 311.07, 170.3, 236.61, 95.49, 29.985, 63.2, 125.55, 63.0931, 87.445, , , , , 
1/31/2020 3:20:03 PM, 3224.75, 9005.5, 1614.7, 321.9663, 219.24, 160.58, 311.1749, 170.34, 236.695, 95.52, 29.985, 63.21, 125.58, 63.0931, 87.45, , , , , 
1/31/2020 3:20:06 PM, 3224.75, 9005.5, 1614.7, 321.9663, 219.24, 160.58, 311.1749, 170.34, 236.695, 95.52, 29.985, 63.21, 125.58, 63.0931, 87.45, , , , , 
1/31/2020 3:20:09 PM, 3225, 9006.5, 1614.9, 321.98, 219.27, 160.59, 311.255, 170.35, 236.69, 95.515, 29.995, 63.21, 125.59, 63.0931, 87.445, , , , , 
1/31/2020 3:20:12 PM, 3225, 9006.5, 1614.9, 321.98, 219.27, 160.59, 311.255, 170.35, 236.69, 95.515, 29.995, 63.21, 125.59, 63.0931, 87.445, , , , , 
1/31/2020 3:20:15 PM, 3224.75, 9005, 1614.5, 321.95, 219.24, 160.57, 311.25, 170.3476, 236.67, 95.52, 29.99, 63.21, 125.585, 63.0931, 87.445, , , , , 
1/31/2020 3:20:18 PM, 3224.75, 9005, 1614.5, 321.95, 219.24, 160.57, 311.25, 170.3476, 236.67, 95.52, 29.99, 63.21, 125.585, 63.0931, 87.445, , , , , 
1/31/2020 3:20:22 PM, 3224.5, 9005, 1614.4, 321.89, 219.22, 160.54, 311.2767, 170.31, 236.67, 95.51, 29.985, 63.2, 125.59, 63.0931, 87.445, , , , , 
1/31/2020 3:20:25 PM, 3224.5, 9005, 1614.4, 321.89, 219.22, 160.54, 311.2767, 170.31, 236.67, 95.51, 29.985, 63.2, 125.59, 63.0931, 87.445, , , , , 
1/31/2020 3:20:28 PM, 3223.5, 9002.5, 1614, 321.8399, 219.175, 160.52, 311.21, 170.28, 236.6205, 95.49, 29.98, 63.19, 125.56, 63.0931, 87.445, , , , , 
1/31/2020 3:20:31 PM, 3223.5, 9002.5, 1614, 321.8399, 219.175, 160.52, 311.21, 170.28, 236.6205, 95.49, 29.98, 63.19, 125.56, 63.0931, 87.445, , , , , 
1/31/2020 3:20:34 PM, 3223.75, 9003, 1614, 321.85, 219.18, 160.51, 311.22, 170.2909, 236.62, 95.49, 29.9744, 63.19, 125.56, 63.0931, 87.445, , , , , 
1/31/2020 3:20:37 PM, 3223.75, 9003, 1614, 321.85, 219.18, 160.51, 311.22, 170.2909, 236.62, 95.49, 29.9744, 63.19, 125.56, 63.0931, 87.445, , , , , 
1/31/2020 3:20:40 PM, 3223.25, 9001.75, 1613.9, 321.79, 219.165, 160.5, 311.15, 170.26, 236.55, 95.48, 29.9744, 63.19, 125.54, 63.0931, 87.44, , , , , 
1/31/2020 3:20:43 PM, 3223.25, 9001.75, 1613.9, 321.79, 219.165, 160.5, 311.15, 170.26, 236.55, 95.48, 29.9744, 63.19, 125.54, 63.0931, 87.44, , , , , 
1/31/2020 3:20:46 PM, 3222.75, 8999.25, 1613.5, 321.735, 219.09, 160.47, 311.0728, 170.215, 236.48, 95.45, 29.97, 63.18, 125.52, 63.0931, 87.44, , , , , 
1/31/2020 3:20:49 PM, 3222.75, 8999.25, 1613.5, 321.735, 219.09, 160.47, 311.0728, 170.215, 236.48, 95.45, 29.97, 63.18, 125.52, 63.0931, 87.44, , , , , 
1/31/2020 3:20:52 PM, 3222.25, 8998.25, 1613.5, 321.7, 219.08, 160.46, 311.06, 170.2, 236.3521, 95.43, 29.97, 63.17, 125.5, 63.0931, 87.435, , , , , 
1/31/2020 3:20:55 PM, 3222.25, 8998.25, 1613.5, 321.7, 219.08, 160.46, 311.06, 170.2, 236.3521, 95.43, 29.97, 63.17, 125.5, 63.0931, 87.435, , , , , 
1/31/2020 3:20:58 PM, 3222, 8998, 1613.6, 321.69, 219.07, 160.47, 311.0997, 170.1821, 236.3406, 95.44, 29.9695, 63.17, 125.49, 63.0931, 87.43, , , , , 
1/31/2020 3:21:01 PM, 3222, 8998, 1613.6, 321.69, 219.07, 160.47, 311.0997, 170.1821, 236.3406, 95.44, 29.9695, 63.17, 125.49, 63.0931, 87.43, , , , , 
1/31/2020 3:21:04 PM, 3222, 8998, 1613.6, 321.67, 219.07, 160.46, 311.0867, 170.1698, 236.41, 95.44, 29.96, 63.175, 125.49, 63.0931, 87.4275, , , , , 
1/31/2020 3:21:07 PM, 3222, 8997, 1613.3, 321.65, 219.05, 160.43, 311.005, 170.16, 236.41, 95.4281, 29.965, 63.17, 125.48, 63.0931, 87.4275, , , , , 
1/31/2020 3:21:10 PM, 3221.75, 8997.25, 1613.4, 321.66, 219.055, 160.44, 310.995, 170.14, 236.3551, 95.43, 29.96, 63.16, 125.485, 63.0931, 87.425, , , , , 
1/31/2020 3:21:13 PM, 3221.75, 8997.25, 1613.4, 321.66, 219.055, 160.44, 310.995, 170.14, 236.3551, 95.43, 29.96, 63.16, 125.485, 63.0931, 87.425, , , , , 
1/31/2020 3:21:16 PM, 3222.25, 8999, 1613.7, 321.71, 219.1, 160.49, 311.03, 170.165, 236.4606, 95.445, 29.9648, 63.17, 125.495, 63.0931, 87.43, , , , , 
1/31/2020 3:21:19 PM, 3222.25, 8999, 1613.7, 321.71, 219.1, 160.49, 311.03, 170.165, 236.4606, 95.445, 29.9648, 63.17, 125.495, 63.0931, 87.43, , , , , 
1/31/2020 3:21:22 PM, 3222.75, 9000.5, 1613.9, 321.78, 219.13, 160.51, 311.06, 170.19, 236.46, 95.45, 29.97, 63.175, 125.51, 63.0931, 87.425, , , , , 
1/31/2020 3:21:25 PM, 3222.75, 9000.5, 1613.9, 321.78, 219.13, 160.51, 311.06, 170.19, 236.46, 95.45, 29.97, 63.175, 125.51, 63.0931, 87.425, , , , , 
1/31/2020 3:21:28 PM, 3223.25, 9000.75, 1614.1, 321.79, 219.14, 160.53, 311.07, 170.18, 236.5, 95.46, 29.975, 63.19, 125.51, 63.0931, 87.425, , , , , 
1/31/2020 3:21:31 PM, 3223.25, 9000.75, 1614.1, 321.79, 219.14, 160.53, 311.07, 170.18, 236.5, 95.46, 29.975, 63.19, 125.51, 63.0931, 87.425, , , , , 
1/31/2020 3:21:34 PM, 3223.75, 9001.75, 1614.2, 321.83, 219.1546, 160.51, 311.105, 170.23, 236.545, 95.47, 29.9754, 63.195, 125.54, 63.0931, 87.43, , , , , 
1/31/2020 3:21:37 PM, 3223.75, 9001.75, 1614.2, 321.83, 219.1546, 160.51, 311.105, 170.23, 236.545, 95.47, 29.9754, 63.195, 125.54, 63.0931, 87.43, , , , , 
1/31/2020 3:21:40 PM, 3223.5, 9001.75, 1614, 321.82, 219.15, 160.5, 311.135, 170.205, 236.52, 95.465, 29.98, 63.19, 125.54, 63.0931, 87.43, , , , , 
1/31/2020 3:21:43 PM, 3223.75, 9002, 1613.9, 321.845, 219.16, 160.51, 311.1924, 170.2, 236.5187, 95.48, 29.98, 63.195, 125.54, 63.0931, 87.43, , , , , 
1/31/2020 3:21:46 PM, 3224, 9003, 1614.2, 321.85, 219.19, 160.52, 311.3, 170.23, 236.61, 95.49, 29.98, 63.195, 125.54, 63.0931, 87.43, , , , , 
1/31/2020 3:21:49 PM, 3223.5, 9001.75, 1614.2, 321.82, 219.16, 160.52, 311.25, 170.2, 236.5191, 95.48, 29.98, 63.19, 125.53, 63.0931, 87.43, , , , , 
1/31/2020 3:21:52 PM, 3223.5, 9001.5, 1614, 321.82, 219.15, 160.5186, 311.2, 170.18, 236.48, 95.48, 29.985, 63.2, 125.53, 63.0931, 87.43, , , , , 
1/31/2020 3:21:55 PM, 3223.75, 9002, 1614, 321.84, 219.16, 160.53, 311.22, 170.195, 236.48, 95.48, 29.985, 63.195, 125.53, 63.0931, 87.43, , , , , 
1/31/2020 3:21:58 PM, 3223.75, 9002.75, 1614.3, 321.87, 219.17, 160.54, 311.2192, 170.21, 236.45, 95.48, 29.985, 63.195, 125.54, 63.0931, 87.44, , , , , 
1/31/2020 3:22:01 PM, 3224.25, 9004, 1614.4, 321.885, 219.19, 160.55, 311.27, 170.2398, 236.52, 95.49, 29.985, 63.195, 125.55, 63.0931, 87.43, , , , , 
1/31/2020 3:22:04 PM, 3224.75, 9005.5, 1614.6, 321.96, 219.24, 160.57, 311.3662, 170.2825, 236.62, 95.52, 29.985, 63.2, 125.56, 63.0931, 87.435, , , , , 
1/31/2020 3:22:07 PM, 3225, 9006.25, 1614.8, 321.9654, 219.26, 160.585, 311.3758, 170.31, 236.6299, 95.5242, 29.985, 63.21, 125.57, 63.0931, 87.435, , , , , 
1/31/2020 3:22:10 PM, 3224.5, 9005, 1614.6, 321.927, 219.23, 160.565, 311.3122, 170.29, 236.545, 95.51, 29.985, 63.205, 125.55, 63.0931, 87.43, , , , , 
1/31/2020 3:22:13 PM, 3224.25, 9005, 1614.6, 321.92, 219.22, 160.565, 311.37, 170.28, 236.53, 95.51, 29.985, 63.2, 125.545, 63.0931, 87.43, , , , , 
1/31/2020 3:22:16 PM, 3225, 9007.5, 1614.9, 321.9877, 219.28, 160.59, 311.5, 170.33, 236.535, 95.54, 29.99, 63.21, 125.57, 63.0931, 87.435, , , , , 
1/31/2020 3:22:19 PM, 3225.25, 9007.5, 1615, 321.9988, 219.29, 160.6, 311.515, 170.34, 236.65, 95.54, 29.99, 63.21, 125.57, 63.0931, 87.44, , , , , 
1/31/2020 3:22:22 PM, 3225.5, 9007.75, 1615.2, 322.02, 219.31, 160.62, 311.5598, 170.33, 236.7, 95.5525, 29.995, 63.21, 125.58, 63.0931, 87.435, , , , , 
1/31/2020 3:22:25 PM, 3225.75, 9008.5, 1615.5, 322.05, 219.33, 160.645, 311.61, 170.33, 236.7, 95.55, 30, 63.22, 125.58, 63.0931, 87.44, , , , , 
1/31/2020 3:22:28 PM, 3226.25, 9009.75, 1615.5, 322.0866, 219.35, 160.67, 311.6965, 170.36, 236.7512, 95.57, 30.005, 63.225, 125.6, 63.0931, 87.45, , , , , 
1/31/2020 3:22:31 PM, 3226.25, 9009.5, 1615.5, 322.07, 219.34, 160.66, 311.6237, 170.36, 236.7704, 95.57, 30.01, 63.225, 125.6, 62.91, 87.445, , , , , 
1/31/2020 3:22:35 PM, 3225.75, 9009, 1615.4, 322.0688, 219.34, 160.655, 311.6412, 170.37, 236.73, 95.565, 30.01, 63.215, 125.58, 62.91, 87.455, , , , , 
1/31/2020 3:22:38 PM, 3225.75, 9008.75, 1615.5, 322.06, 219.33, 160.66, 311.672, 170.35, 236.755, 95.565, 30, 63.215, 125.58, 62.91, 87.455, , , , , 
1/31/2020 3:22:41 PM, 3225.75, 9008.25, 1615.4, 322.04, 219.33, 160.65, 311.615, 170.355, 236.6671, 95.56, 30.005, 63.22, 125.58, 62.91, 87.455, , , , , 
1/31/2020 3:22:44 PM, 3226.25, 9010, 1615.6, 322.08, 219.355, 160.66, 311.69, 170.37, 236.7, 95.5799, 30, 63.23, 125.59, 62.91, 87.4539, , , , , 
1/31/2020 3:22:47 PM, 3226, 9009.25, 1615.4, 322.07, 219.3464, 160.645, 311.6539, 170.4095, 236.7, 95.5764, 30.005, 63.23, 125.59, 62.91, 87.4539, , , , , 
1/31/2020 3:22:50 PM, 3225.75, 9008.5, 1615.4, 322.049, 219.3133, 160.64, 311.63, 170.4, 236.6608, 95.56, 29.995, 63.22, 125.57, 62.91, 87.4539, , , , , 
1/31/2020 3:22:53 PM, 3225.75, 9008.25, 1615.4, 322.04, 219.3176, 160.6487, 311.6, 170.3933, 236.6608, 95.56, 29.999, 63.22, 125.58, 62.91, 87.4539, , , , , 
1/31/2020 3:22:56 PM, 3225.5, 9008.25, 1615.4, 322.04, 219.315, 160.65, 311.5784, 170.3922, 236.68, 95.56, 29.999, 63.215, 125.58, 62.91, 87.455, , , , , 
1/31/2020 3:22:59 PM, 3225.75, 9008.75, 1615.5, 322.05, 219.32, 160.645, 311.5824, 170.405, 236.72, 95.56, 30, 63.215, 125.58, 62.91, 87.455, , , , , 
1/31/2020 3:23:02 PM, 3225.75, 9009.75, 1615.5, 322.07, 219.34, 160.655, 311.5801, 170.41, 236.758, 95.57, 30, 63.23, 125.59, 62.91, 87.455, , , , , 
1/31/2020 3:23:05 PM, 3225.75, 9009.25, 1615.5, 322.0766, 219.36, 160.66, 311.61, 170.41, 236.7739, 95.5754, 30, 63.22, 125.59, 62.91, 87.455, , , , , 
1/31/2020 3:23:08 PM, 3225.5, 9007.75, 1615.4, 322.0299, 219.32, 160.64, 311.48, 170.3761, 236.69, 95.56, 30, 63.21, 125.58, 62.91, 87.455, , , , , 
1/31/2020 3:23:11 PM, 3225.75, 9009.75, 1615.5, 322.06, 219.3401, 160.66, 311.55, 170.405, 236.69, 95.565, 30, 63.215, 125.58, 62.91, 87.455, , , , , 
1/31/2020 3:23:14 PM, 3225.75, 9009.5, 1615.6, 322.07, 219.3401, 160.67, 311.5777, 170.4032, 236.84, 95.57, 30, 63.215, 125.5971, 62.91, 87.455, , , , , 
1/31/2020 3:23:17 PM, 3225.75, 9009.75, 1615.5, 322.06, 219.33, 160.65, 311.5751, 170.405, 236.81, 95.58, 30, 63.215, 125.59, 62.91, 87.455, , , , , 
1/31/2020 3:23:20 PM, 3226, 9009.5, 1615.5, 322.06, 219.34, 160.65, 311.57, 170.4, 236.81, 95.57, 30, 63.21, 125.59, 62.91, 87.455, , , , , 
1/31/2020 3:23:23 PM, 3225.75, 9009.25, 1615.5, 322.06, 219.345, 160.66, 311.57, 170.405, 236.8049, 95.58, 30, 63.215, 125.58, 62.91, 87.455, , , , , 
1/31/2020 3:23:26 PM, 3225.75, 9009.5, 1615.5, 322.08, 219.34, 160.66, 311.6594, 170.4, 236.8049, 95.58, 30, 63.205, 125.58, 62.91, 87.455, , , , , 
1/31/2020 3:23:29 PM, 3226, 9009.5, 1615.4, 322.07, 219.35, 160.66, 311.6432, 170.405, 236.815, 95.58, 30, 63.215, 125.58, 62.91, 87.455, , , , , 
1/31/2020 3:23:32 PM, 3225.75, 9008.75, 1615.4, 322.05, 219.34, 160.65, 311.62, 170.385, 236.78, 95.57, 30, 63.215, 125.58, 62.91, 87.45, , , , , 
1/31/2020 3:23:35 PM, 3225.5, 9008.5, 1615.4, 322.02, 219.32, 160.66, 311.6, 170.37, 236.78, 95.5699, 29.9925, 63.2199, 125.585, 62.91, 87.45, , , , , 
1/31/2020 3:23:38 PM, 3225.25, 9007.75, 1615.3, 322, 219.3, 160.64, 311.5344, 170.33, 236.7401, 95.555, 30, 63.2, 125.57, 62.91, 87.46, , , , , 
1/31/2020 3:23:41 PM, 3225.25, 9008, 1615.3, 322.01, 219.3, 160.655, 311.5247, 170.34, 236.79, 95.56, 29.995, 63.21, 125.565, 62.91, 87.45, , , , , 
1/31/2020 3:23:44 PM, 3225.25, 9007.25, 1615.4, 322, 219.31, 160.65, 311.46, 170.35, 236.79, 95.56, 30, 63.21, 125.57, 62.91, 87.45, , , , , 
1/31/2020 3:23:47 PM, 3225, 9006.5, 1615.3, 321.97, 219.27, 160.645, 311.46, 170.32, 236.73, 95.55, 29.995, 63.2, 125.56, 62.91, 87.45, , , , , 
1/31/2020 3:23:50 PM, 3225, 9006.75, 1615.3, 321.98, 219.2799, 160.64, 311.43, 170.335, 236.725, 95.55, 30, 63.2, 125.555, 62.91, 87.46, , , , , 
1/31/2020 3:23:53 PM, 3225.25, 9007.25, 1615.4, 321.99, 219.29, 160.645, 311.52, 170.345, 236.76, 95.56, 30, 63.195, 125.56, 62.91, 87.455, , , , , 
1/31/2020 3:23:56 PM, 3225.75, 9009, 1615.6, 322.06, 219.33, 160.68, 311.57, 170.375, 236.76, 95.58, 29.9944, 63.2, 125.58, 62.91, 87.455, , , , , 
1/31/2020 3:23:59 PM, 3225.5, 9008.75, 1615.7, 322.04, 219.33, 160.68, 311.59, 170.35, 236.7669, 95.57, 30, 63.205, 125.58, 62.91, 87.455, , , , , 
1/31/2020 3:24:02 PM, 3225.5, 9008, 1615.7, 322.03, 219.31, 160.68, 311.61, 170.33, 236.8113, 95.57, 30, 63.2, 125.58, 62.91, 87.455, , , , , 
1/31/2020 3:24:05 PM, 3225, 9007.25, 1615.6, 321.99, 219.285, 160.655, 311.55, 170.3008, 236.725, 95.56, 30, 63.195, 125.56, 62.91, 87.45, , , , , 
1/31/2020 3:24:08 PM, 3225.25, 9007.75, 1615.5, 321.99, 219.3, 160.6575, 311.5599, 170.335, 236.76, 95.55, 29.995, 63.19, 125.57, 62.91, 87.44, , , , , 
1/31/2020 3:24:11 PM, 3225, 9008.25, 1615.5, 321.98, 219.3196, 160.6575, 311.55, 170.33, 236.76, 95.56, 30, 63.19, 125.57, 62.91, 87.44, , , , , 
1/31/2020 3:24:14 PM, 3225, 9007.25, 1615.5, 321.98, 219.29, 160.645, 311.5396, 170.32, 236.72, 95.56, 30, 63.19, 125.57, 62.91, 87.44, , , , , 
1/31/2020 3:24:17 PM, 3224.75, 9006.5, 1615.4, 321.97, 219.2799, 160.645, 311.4668, 170.29, 236.72, 95.55, 30, 63.19, 125.56, 62.91, 87.44, , , , , 
1/31/2020 3:24:20 PM, 3224.75, 9007, 1615.5, 321.98, 219.29, 160.66, 311.5084, 170.3, 236.75, 95.55, 30, 63.19, 125.56, 62.91, 87.44, , , , , 
1/31/2020 3:24:23 PM, 3224.5, 9006.5, 1615.3, 321.95, 219.26, 160.6454, 311.4751, 170.3, 236.73, 95.55, 29.995, 63.185, 125.56, 62.91, 87.44, , , , , 
1/31/2020 3:24:26 PM, 3225, 9007.5, 1615.7, 321.99, 219.3, 160.675, 311.53, 170.31, 236.7, 95.55, 30, 63.19, 125.56, 62.91, 87.44, , , , , 
1/31/2020 3:24:29 PM, 3225.5, 9008, 1615.7, 322.02, 219.3, 160.68, 311.5129, 170.3299, 236.775, 95.5564, 30, 63.195, 125.57, 62.91, 87.44, , , , , 
1/31/2020 3:24:32 PM, 3225.5, 9008, 1615.7, 321.99, 219.295, 160.67, 311.48, 170.3255, 236.775, 95.56, 30, 63.19, 125.57, 62.91, 87.44, , , , , 
1/31/2020 3:24:35 PM, 3225.25, 9007, 1615.6, 321.98, 219.28, 160.66, 311.46, 170.3224, 236.75, 95.5427, 30, 63.19, 125.56, 62.91, 87.44, , , , , 
1/31/2020 3:24:38 PM, 3225, 9005.75, 1615.5, 321.97, 219.26, 160.655, 311.45, 170.29, 236.69, 95.54, 29.995, 63.19, 125.56, 62.91, 87.44, , , , , 
1/31/2020 3:24:41 PM, 3225, 9006.5, 1615.5, 321.995, 219.27, 160.655, 311.4274, 170.35, 236.715, 95.55, 29.995, 63.1887, 125.56, 62.91, 87.44, , , , , 
1/31/2020 3:24:45 PM, 3224.5, 9005.25, 1615.4, 321.94, 219.24, 160.64, 311.3608, 170.35, 236.69, 95.54, 29.995, 63.18, 125.54, 62.91, 87.44, , , , , 
1/31/2020 3:24:48 PM, 3225.75, 9008.75, 1615.9, 322.04, 219.3, 160.68, 311.48, 170.395, 236.8, 95.575, 30, 63.2, 125.57, 62.91, 87.44, , , , , 
1/31/2020 3:24:51 PM, 3225.75, 9008.25, 1615.9, 322.04, 219.31, 160.6864, 311.51, 170.3826, 236.78, 95.57, 30.005, 63.195, 125.57, 62.91, 87.44, , , , , 
1/31/2020 3:24:54 PM, 3226, 9009.75, 1615.9, 322.08, 219.33, 160.69, 311.5402, 170.4, 236.84, 95.58, 30.005, 63.195, 125.58, 62.91, 87.44, , , , , 
1/31/2020 3:24:57 PM, 3225.5, 9008.75, 1615.8, 322.05, 219.34, 160.68, 311.5484, 170.395, 236.77, 95.58, 30.005, 63.2, 125.57, 62.91, 87.445, , , , , 
1/31/2020 3:25:00 PM, 3225.75, 9008.5, 1615.8, 322.0454, 219.34, 160.69, 311.4559, 170.38, 236.77, 95.58, 30.005, 63.2, 125.57, 62.91, 87.44, , , , , 
1/31/2020 3:25:03 PM, 3225.5, 9008.25, 1615.7, 322.03, 219.31, 160.675, 311.435, 170.37, 236.7711, 95.57, 30.005, 63.195, 125.57, 62.91, 87.44, , , , , 
1/31/2020 3:25:06 PM, 3226, 9010, 1616, 322.1, 219.3563, 160.7, 311.5051, 170.43, 236.83, 95.59, 30.005, 63.2, 125.59, 62.91, 87.44, , , , , 
1/31/2020 3:25:09 PM, 3225.5, 9007.75, 1615.8, 322.03, 219.3, 160.68, 311.36, 170.411, 236.82, 95.57, 30.005, 63.195, 125.57, 62.91, 87.445, , , , , 
1/31/2020 3:25:12 PM, 3225.5, 9008.25, 1615.6, 322.02, 219.315, 160.67, 311.4358, 170.42, 236.82, 95.575, 30, 63.195, 125.565, 62.91, 87.44, , , , , 
1/31/2020 3:25:15 PM, 3225.5, 9007.75, 1615.6, 322.02, 219.31, 160.67, 311.4409, 170.4101, 236.82, 95.57, 30, 63.195, 125.565, 62.91, 87.44, , , , , 
1/31/2020 3:25:18 PM, 3224.5, 9005.75, 1615.4, 321.94, 219.255, 160.645, 311.3, 170.38, 236.72, 95.56, 29.9912, 63.175, 125.53, 62.91, 87.445, , , , , 
1/31/2020 3:25:21 PM, 3224.5, 9004.75, 1615.3, 321.9, 219.24, 160.64, 311.26, 170.37, 236.645, 95.53, 29.99, 63.17, 125.53, 62.91, 87.445, , , , , 
1/31/2020 3:25:24 PM, 3224.5, 9004.75, 1615.3, 321.92, 219.23, 160.64, 311.23, 170.3432, 236.67, 95.53, 29.995, 63.18, 125.53, 62.91, 87.445, , , , , 
1/31/2020 3:25:27 PM, 3224, 9003.75, 1615.2, 321.88, 219.2, 160.65, 311.17, 170.37, 236.63, 95.53, 29.99, 63.17, 125.5, 62.91, 87.445, , , , , 
1/31/2020 3:25:30 PM, 3223.75, 9003.5, 1615.1, 321.85, 219.19, 160.625, 311.1401, 170.35, 236.58, 95.52, 29.99, 63.17, 125.5, 62.91, 87.44, , , , , 
1/31/2020 3:25:33 PM, 3223.75, 9003, 1615.2, 321.86, 219.1946, 160.625, 311.16, 170.36, 236.62, 95.52, 29.99, 63.18, 125.5, 62.91, 87.445, , , , , 
1/31/2020 3:25:36 PM, 3223.75, 9002.5, 1615.1, 321.85, 219.18, 160.62, 311.15, 170.345, 236.618, 95.52, 29.985, 63.17, 125.5, 62.91, 87.445, , , , , 
1/31/2020 3:25:39 PM, 3223.5, 9002.75, 1615, 321.84, 219.1879, 160.62, 311.1831, 170.305, 236.567, 95.51, 29.985, 63.18, 125.49, 62.91, 87.445, , , , , 
1/31/2020 3:25:42 PM, 3223.25, 9001.25, 1614.8, 321.83, 219.15, 160.595, 311.08, 170.3, 236.57, 95.5, 29.98, 63.17, 125.48, 62.91, 87.445, , , , , 
1/31/2020 3:25:45 PM, 3223.25, 9001.75, 1614.9, 321.81, 219.15, 160.6, 311.12, 170.3, 236.58, 95.5001, 29.98, 63.17, 125.485, 62.91, 87.445, , , , , 
1/31/2020 3:25:48 PM, 3223.25, 9002, 1614.8, 321.82, 219.16, 160.6, 311.13, 170.305, 236.54, 95.5, 29.98, 63.17, 125.48, 62.91, 87.445, , , , , 
1/31/2020 3:25:51 PM, 3223.25, 9002, 1614.9, 321.81, 219.165, 160.605, 311.1, 170.305, 236.54, 95.5, 29.98, 63.17, 125.48, 62.91, 87.445, , , , , 
1/31/2020 3:25:54 PM, 3222.75, 9000.5, 1614.8, 321.76, 219.13, 160.6, 311.03, 170.28, 236.51, 95.49, 29.975, 63.16, 125.475, 62.91, 87.445, , , , , 
1/31/2020 3:25:57 PM, 3222.5, 8999.5, 1614.8, 321.74, 219.1, 160.59, 311.03, 170.24, 236.49, 95.475, 29.975, 63.16, 125.46, 62.91, 87.445, , , , , 
1/31/2020 3:26:00 PM, 3223, 9001.25, 1615, 321.78, 219.13, 160.6, 311.1, 170.27, 236.52, 95.49, 29.975, 63.16, 125.47, 62.91, 87.445, , , , , 
1/31/2020 3:26:03 PM, 3223, 9001.5, 1615, 321.785, 219.14, 160.595, 311.1031, 170.27, 236.5302, 95.4973, 29.98, 63.16, 125.465, 62.91, 87.44, , , , , 
1/31/2020 3:26:06 PM, 3223.25, 9001.25, 1615, 321.81, 219.1461, 160.615, 311.095, 170.285, 236.565, 95.505, 29.98, 63.18, 125.47, 62.91, 87.435, , , , , 
1/31/2020 3:26:09 PM, 3224, 9003.5, 1615.2, 321.87, 219.19, 160.6321, 311.1282, 170.32, 236.61, 95.51, 29.985, 63.18, 125.495, 62.91, 87.435, , , , , 
1/31/2020 3:26:12 PM, 3224, 9002.5, 1615.2, 321.86, 219.17, 160.635, 311.07, 170.31, 236.63, 95.51, 29.985, 63.18, 125.49, 62.91, 87.44, , , , , 
1/31/2020 3:26:15 PM, 3224, 9002.25, 1615.2, 321.85, 219.1767, 160.625, 311.0199, 170.31, 236.635, 95.51, 29.985, 63.18, 125.49, 62.91, 87.44, , , , , 
1/31/2020 3:26:18 PM, 3223.75, 9002.25, 1615.2, 321.85, 219.16, 160.635, 311.03, 170.2992, 236.6375, 95.51, 29.985, 63.185, 125.49, 62.91, 87.44, , , , , 
1/31/2020 3:26:21 PM, 3223.5, 9001.25, 1615.1, 321.83, 219.14, 160.625, 310.9, 170.2927, 236.54, 95.49, 29.98, 63.18, 125.48, 62.91, 87.44, , , , , 
1/31/2020 3:26:24 PM, 3223.25, 9000.5, 1615, 321.8, 219.12, 160.615, 310.875, 170.28, 236.54, 95.49, 29.985, 63.17, 125.46, 62.91, 87.44, , , , , 
1/31/2020 3:26:27 PM, 3222.5, 8998.5, 1614.8, 321.72, 219.08, 160.595, 310.795, 170.23, 236.42, 95.46, 29.975, 63.165, 125.44, 62.91, 87.44, , , , , 
1/31/2020 3:26:30 PM, 3222.5, 8998.5, 1614.8, 321.72, 219.08, 160.595, 310.795, 170.23, 236.42, 95.46, 29.975, 63.165, 125.44, 62.91, 87.44, , , , , 
1/31/2020 3:26:33 PM, 3222.25, 8997.25, 1614.6, 321.69, 219.06, 160.58, 310.8, 170.21, 236.41, 95.45, 29.97, 63.155, 125.43, 62.91, 87.42, , , , , 
1/31/2020 3:26:36 PM, 3222.25, 8997.25, 1614.6, 321.69, 219.06, 160.58, 310.8, 170.21, 236.41, 95.45, 29.97, 63.155, 125.43, 62.91, 87.42, , , , , 
1/31/2020 3:26:39 PM, 3222.25, 8997.5, 1614.6, 321.68, 219.0667, 160.57, 310.81, 170.19, 236.48, 95.45, 29.97, 63.16, 125.43, 62.91, 87.42, , , , , 
1/31/2020 3:26:42 PM, 3222.25, 8997.5, 1614.6, 321.68, 219.0667, 160.57, 310.81, 170.19, 236.48, 95.45, 29.97, 63.16, 125.43, 62.91, 87.42, , , , , 
1/31/2020 3:26:45 PM, 3221.5, 8995.75, 1614.5, 321.64, 219.0346, 160.56, 310.75, 170.15, 236.3789, 95.43, 29.965, 63.155, 125.42, 62.91, 87.42, , , , , 
1/31/2020 3:26:48 PM, 3221.5, 8995.75, 1614.5, 321.64, 219.0346, 160.56, 310.75, 170.15, 236.3789, 95.43, 29.965, 63.155, 125.42, 62.91, 87.42, , , , , 
1/31/2020 3:26:51 PM, 3221.5, 8996, 1614.6, 321.64, 219.01, 160.56, 310.73, 170.155, 236.3, 95.421, 29.965, 63.155, 125.41, 62.91, 87.42, , , , , 
1/31/2020 3:26:54 PM, 3221.5, 8996, 1614.6, 321.64, 219.01, 160.56, 310.73, 170.155, 236.3, 95.421, 29.965, 63.155, 125.41, 62.91, 87.42, , , , , 
1/31/2020 3:26:58 PM, 3222.25, 8998.5, 1614.8, 321.69, 219.09, 160.59, 310.89, 170.21, 236.3767, 95.45, 29.97, 63.155, 125.43, 62.91, 87.43, , , , , 
1/31/2020 3:27:01 PM, 3222.25, 8998.5, 1614.8, 321.69, 219.09, 160.59, 310.89, 170.21, 236.3767, 95.45, 29.97, 63.155, 125.43, 62.91, 87.43, , , , , 
1/31/2020 3:27:04 PM, 3222.5, 8999.25, 1614.9, 321.73, 219.0936, 160.6, 310.88, 170.2174, 236.37, 95.46, 29.97, 63.17, 125.45, 62.91, 87.425, , , , , 
1/31/2020 3:27:07 PM, 3222.5, 8999.25, 1614.9, 321.73, 219.0936, 160.6, 310.88, 170.2174, 236.37, 95.46, 29.97, 63.17, 125.45, 62.91, 87.425, , , , , 
1/31/2020 3:27:10 PM, 3223, 8999.75, 1615.1, 321.75, 219.1, 160.61, 310.9, 170.235, 236.48, 95.47, 29.975, 63.16, 125.45, 62.91, 87.42, , , , , 
1/31/2020 3:27:13 PM, 3223, 8999.75, 1615.1, 321.75, 219.1, 160.61, 310.9, 170.235, 236.48, 95.47, 29.975, 63.16, 125.45, 62.91, 87.42, , , , , 
1/31/2020 3:27:16 PM, 3222.5, 8998.75, 1614.9, 321.71, 219.1, 160.6, 310.89, 170.21, 236.44, 95.46, 29.975, 63.16, 125.44, 62.91, 87.43, , , , , 
1/31/2020 3:27:19 PM, 3222.5, 8998.75, 1614.9, 321.71, 219.1, 160.6, 310.89, 170.21, 236.44, 95.46, 29.975, 63.16, 125.44, 62.91, 87.43, , , , , 
1/31/2020 3:27:22 PM, 3223, 9000.5, 1615.2, 321.79, 219.12, 160.63, 310.84, 170.245, 236.44, 95.48, 29.975, 63.165, 125.46, 62.91, 87.43, , , , , 
1/31/2020 3:27:25 PM, 3223, 9000.5, 1615.2, 321.79, 219.12, 160.63, 310.84, 170.245, 236.44, 95.48, 29.975, 63.165, 125.46, 62.91, 87.43, , , , , 
1/31/2020 3:27:28 PM, 3222.5, 8999, 1614.8, 321.72, 219.08, 160.59, 310.8, 170.21, 236.395, 95.45, 29.975, 63.17, 125.44, 62.91, 87.425, , , , , 
1/31/2020 3:27:31 PM, 3222.5, 8999, 1614.8, 321.72, 219.08, 160.59, 310.8, 170.21, 236.395, 95.45, 29.975, 63.17, 125.44, 62.91, 87.425, , , , , 
1/31/2020 3:27:34 PM, 3222.5, 8998, 1614.7, 321.71, 219.08, 160.57, 310.8, 170.23, 236.3323, 95.45, 29.97, 63.17, 125.43, 62.91, 87.425, , , , , 
1/31/2020 3:27:37 PM, 3222.5, 8998, 1614.7, 321.71, 219.08, 160.57, 310.8, 170.23, 236.3323, 95.45, 29.97, 63.17, 125.43, 62.91, 87.425, , , , , 
1/31/2020 3:27:40 PM, 3223, 9000.5, 1615, 321.78, 219.13, 160.61, 310.83, 170.285, 236.4379, 95.48, 29.975, 63.175, 125.45, 62.91, 87.425, , , , , 
1/31/2020 3:27:43 PM, 3223, 9000.5, 1615, 321.78, 219.13, 160.61, 310.83, 170.285, 236.4379, 95.48, 29.975, 63.175, 125.45, 62.91, 87.425, , , , , 
1/31/2020 3:27:46 PM, 3223, 9000, 1614.9, 321.76, 219.12, 160.59, 310.8284, 170.285, 236.4097, 95.475, 29.98, 63.17, 125.445, 62.91, 87.4219, , , , , 
1/31/2020 3:27:49 PM, 3223, 9000, 1614.9, 321.76, 219.12, 160.59, 310.8284, 170.285, 236.4097, 95.475, 29.98, 63.17, 125.445, 62.91, 87.4219, , , , , 
1/31/2020 3:27:52 PM, 3223.5, 9002.25, 1615.2, 321.82, 219.165, 160.62, 310.9, 170.32, 236.4489, 95.5, 29.98, 63.19, 125.46, 62.91, 87.425, , , , , 
1/31/2020 3:27:55 PM, 3223.5, 9002.25, 1615.2, 321.82, 219.165, 160.62, 310.9, 170.32, 236.4489, 95.5, 29.98, 63.19, 125.46, 62.91, 87.425, , , , , 
1/31/2020 3:27:58 PM, 3222.75, 9000, 1615, 321.7401, 219.11, 160.59, 310.8283, 170.29, 236.37, 95.48, 29.98, 63.18, 125.45, 62.91, 87.43, , , , , 
1/31/2020 3:28:01 PM, 3222.75, 9000, 1615, 321.7401, 219.11, 160.59, 310.8283, 170.29, 236.37, 95.48, 29.98, 63.18, 125.45, 62.91, 87.43, , , , , 
1/31/2020 3:28:04 PM, 3223, 9000, 1614.9, 321.75, 219.119, 160.59, 310.85, 170.28, 236.39, 95.48, 29.98, 63.175, 125.44, 62.91, 87.435, , , , , 
1/31/2020 3:28:07 PM, 3223, 9000, 1614.9, 321.75, 219.119, 160.59, 310.85, 170.28, 236.39, 95.48, 29.98, 63.175, 125.44, 62.91, 87.435, , , , , 
1/31/2020 3:28:10 PM, 3222.5, 8998.75, 1614.6, 321.715, 219.08, 160.57, 310.805, 170.2354, 236.36, 95.46, 29.97, 63.17, 125.43, 62.91, 87.44, , , , , 
1/31/2020 3:28:13 PM, 3222.5, 8998.75, 1614.6, 321.715, 219.08, 160.57, 310.805, 170.2354, 236.36, 95.46, 29.97, 63.17, 125.43, 62.91, 87.44, , , , , 
1/31/2020 3:28:16 PM, 3222, 8997, 1614.6, 321.67, 219.04, 160.555, 310.7099, 170.21, 236.27, 95.44, 29.97, 63.165, 125.41, 62.91, 87.44, , , , , 
1/31/2020 3:28:19 PM, 3222, 8997, 1614.6, 321.67, 219.04, 160.555, 310.7099, 170.21, 236.27, 95.44, 29.97, 63.165, 125.41, 62.91, 87.44, , , , , 
1/31/2020 3:28:22 PM, 3222.75, 8998.75, 1614.6, 321.72, 219.06, 160.575, 310.78, 170.26, 236.33, 95.45, 29.97, 63.16, 125.41, 62.91, 87.435, , , , , 
1/31/2020 3:28:25 PM, 3222.75, 8998.75, 1614.6, 321.72, 219.06, 160.575, 310.78, 170.26, 236.33, 95.45, 29.97, 63.16, 125.41, 62.91, 87.435, , , , , 
1/31/2020 3:28:28 PM, 3222.5, 8997.75, 1614.7, 321.69, 219.08, 160.59, 310.76, 170.235, 236.3, 95.455, 29.97, 63.17, 125.39, 62.91, 87.435, , , , , 
1/31/2020 3:28:31 PM, 3222.5, 8997.75, 1614.7, 321.69, 219.08, 160.59, 310.76, 170.235, 236.3, 95.455, 29.97, 63.17, 125.39, 62.91, 87.435, , , , , 
1/31/2020 3:28:34 PM, 3222, 8997, 1614.5, 321.68, 219.03, 160.56, 310.8, 170.2101, 236.29, 95.4401, 29.97, 63.165, 125.37, 62.91, 87.435, , , , , 
1/31/2020 3:28:37 PM, 3222.25, 8997.5, 1614.5, 321.7, 219.045, 160.55, 310.91, 170.22, 236.2852, 95.46, 29.97, 63.165, 125.37, 62.91, 87.435, , , , , 
1/31/2020 3:28:40 PM, 3222, 8996.25, 1614.4, 321.6699, 219.04, 160.55, 310.8599, 170.21, 236.25, 95.45, 29.97, 63.165, 125.37, 62.91, 87.435, , , , , 
1/31/2020 3:28:43 PM, 3221.75, 8996, 1614.4, 321.64, 219.001, 160.55, 310.805, 170.2, 236.27, 95.45, 29.97, 63.165, 125.36, 62.91, 87.435, , , , , 
1/31/2020 3:28:46 PM, 3221.75, 8996, 1614.3, 321.64, 219.01, 160.535, 310.86, 170.185, 236.27, 95.44, 29.9643, 63.16, 125.355, 62.91, 87.435, , , , , 
1/31/2020 3:28:49 PM, 3221.75, 8995.75, 1614.3, 321.63, 219.01, 160.53, 310.85, 170.165, 236.2891, 95.44, 29.965, 63.165, 125.36, 62.91, 87.435, , , , , 
1/31/2020 3:28:52 PM, 3222.25, 8998.25, 1614.6, 321.7, 219.07, 160.57, 310.9, 170.24, 236.35, 95.46, 29.97, 63.165, 125.38, 62.91, 87.435, , , , , 
1/31/2020 3:28:55 PM, 3222, 8997, 1614.3, 321.67, 219.04, 160.55, 310.93, 170.21, 236.27, 95.46, 29.965, 63.165, 125.36, 62.91, 87.435, , , , , 
1/31/2020 3:28:58 PM, 3222, 8997, 1614.4, 321.66, 219.04, 160.55, 310.8925, 170.2, 236.2684, 95.445, 29.965, 63.16, 125.36, 62.91, 87.4342, , , , , 
1/31/2020 3:29:01 PM, 3221.75, 8996.5, 1614.3, 321.655, 219.0219, 160.54, 310.92, 170.2, 236.2684, 95.445, 29.9634, 63.165, 125.36, 62.91, 87.4342, , , , , 
1/31/2020 3:29:04 PM, 3221.75, 8996, 1614.2, 321.64, 219.02, 160.53, 310.86, 170.2, 236.29, 95.44, 29.965, 63.165, 125.37, 62.91, 87.435, , , , , 
1/31/2020 3:29:08 PM, 3222, 8997, 1614.2, 321.658, 219.03, 160.53, 310.8924, 170.21, 236.2973, 95.44, 29.97, 63.16, 125.37, 62.91, 87.435, , , , , 
1/31/2020 3:29:11 PM, 3222, 8997.75, 1614.3, 321.68, 219.06, 160.55, 311, 170.2299, 236.2608, 95.455, 29.965, 63.16, 125.37, 62.91, 87.44, , , , , 
1/31/2020 3:29:14 PM, 3221.75, 8996.75, 1614.2, 321.64, 219.04, 160.53, 310.93, 170.205, 236.2608, 95.455, 29.97, 63.155, 125.38, 62.91, 87.44, , , , , 
1/31/2020 3:29:17 PM, 3222, 8997.5, 1614.4, 321.67, 219.055, 160.55, 310.9643, 170.215, 236.2608, 95.45, 29.965, 63.155, 125.38, 62.91, 87.44, , , , , 
1/31/2020 3:29:20 PM, 3221.75, 8997, 1614.4, 321.66, 219.05, 160.55, 310.92, 170.2062, 236.2608, 95.45, 29.965, 63.155, 125.38, 62.91, 87.44, , , , , 
1/31/2020 3:29:23 PM, 3221.75, 8996.75, 1614.2, 321.62, 219.042, 160.53, 310.9, 170.2, 236.34, 95.45, 29.97, 63.155, 125.38, 62.91, 87.435, , , , , 
1/31/2020 3:29:26 PM, 3221.5, 8996.5, 1614.3, 321.6309, 219.04, 160.54, 310.92, 170.19, 236.29, 95.4463, 29.965, 63.155, 125.38, 62.91, 87.44, , , , , 
1/31/2020 3:29:29 PM, 3220.75, 8994.75, 1614, 321.56, 218.985, 160.51, 310.85, 170.13, 236.225, 95.41, 29.95, 63.135, 125.34, 62.91, 87.43, , , , , 
1/31/2020 3:29:32 PM, 3221, 8995, 1614.1, 321.575, 218.99, 160.515, 310.8475, 170.15, 236.2, 95.415, 29.955, 63.145, 125.35, 62.91, 87.435, , , , , 
1/31/2020 3:29:35 PM, 3220.5, 8993.25, 1613.8, 321.545, 218.95, 160.499, 310.81, 170.14, 236.01, 95.41, 29.95, 63.145, 125.3414, 62.91, 87.435, , , , , 
1/31/2020 3:29:38 PM, 3220.75, 8993.5, 1613.8, 321.54, 218.95, 160.49, 310.76, 170.125, 236.0644, 95.405, 29.95, 63.13, 125.34, 62.91, 87.435, , , , , 
1/31/2020 3:29:41 PM, 3220.5, 8993.25, 1614, 321.55, 218.955, 160.5, 310.78, 170.125, 236.0644, 95.402, 29.95, 63.135, 125.34, 62.91, 87.43, , , , , 
1/31/2020 3:29:44 PM, 3221, 8995.5, 1614.2, 321.575, 218.99, 160.53, 310.83, 170.14, 236.12, 95.4154, 29.955, 63.13, 125.36, 62.91, 87.435, , , , , 
1/31/2020 3:29:47 PM, 3221, 8994.25, 1614.1, 321.54, 218.9646, 160.52, 310.819, 170.14, 236.09, 95.41, 29.955, 63.14, 125.36, 62.91, 87.445, , , , , 
1/31/2020 3:29:50 PM, 3220.75, 8993.25, 1614, 321.5279, 218.94, 160.51, 310.7696, 170.115, 236.05, 95.39, 29.9525, 63.135, 125.35, 62.91, 87.44, , , , , 
1/31/2020 3:29:53 PM, 3220.75, 8994.25, 1614.2, 321.57, 218.97, 160.52, 310.92, 170.12, 236.065, 95.405, 29.9528, 63.135, 125.36, 62.91, 87.44, , , , , 
1/31/2020 3:29:56 PM, 3220.5, 8993.25, 1614.1, 321.53, 218.96, 160.51, 310.88, 170.105, 236.07, 95.4, 29.95, 63.135, 125.36, 62.91, 87.44, , , , , 
1/31/2020 3:29:59 PM, 3220.5, 8992.75, 1613.9, 321.53, 218.945, 160.51, 310.8335, 170.1, 236.0325, 95.4, 29.95, 63.135, 125.36, 62.91, 87.44, , , , , 
1/31/2020 3:30:02 PM, 3220.25, 8992, 1613.9, 321.515, 218.93, 160.51, 310.825, 170.09, 236.0325, 95.3885, 29.945, 63.12, 125.34, 62.91, 87.44, , , , , 
1/31/2020 3:30:05 PM, 3220.75, 8993, 1614, 321.5, 218.94, 160.48, 310.86, 170.1246, 236.0925, 95.38, 29.95, 63.12, 125.33, 62.91, 87.44, , , , , 
1/31/2020 3:30:08 PM, 3220.5, 8992.75, 1613.9, 321.54, 218.94, 160.51, 310.8471, 170.13, 236.09, 95.395, 29.95, 63.135, 125.34, 62.91, 87.44, , , , , 
1/31/2020 3:30:11 PM, 3220.25, 8991.5, 1613.7, 321.5, 218.91, 160.48, 310.71, 170.1015, 236.03, 95.375, 29.955, 63.125, 125.32, 62.91, 87.44, , , , , 
1/31/2020 3:30:14 PM, 3219.75, 8990, 1613.6, 321.49, 218.8799, 160.49, 310.64, 170.0824, 236, 95.37, 29.955, 63.125, 125.32, 62.91, 87.44, , , , , 
1/31/2020 3:30:17 PM, 3219.75, 8988.75, 1613.4, 321.47, 218.85, 160.47, 310.6, 170.07, 236.07, 95.35, 29.945, 63.12, 125.3, 62.91, 87.44, , , , , 
1/31/2020 3:30:20 PM, 3219.75, 8989.25, 1613.3, 321.478, 218.86, 160.45, 310.599, 170.075, 236.025, 95.35, 29.95, 63.125, 125.29, 62.91, 87.43, , , , , 
1/31/2020 3:30:23 PM, 3219.75, 8989, 1613.2, 321.445, 218.86, 160.44, 310.5864, 170.07, 236, 95.345, 29.945, 63.1207, 125.29, 62.91, 87.43, , , , , 
1/31/2020 3:30:26 PM, 3219.25, 8988.25, 1613.1, 321.4146, 218.8299, 160.42, 310.51, 170.055, 236.0076, 95.33, 29.94, 63.12, 125.28, 62.91, 87.43, , , , , 
1/31/2020 3:30:29 PM, 3219.5, 8989.25, 1613.2, 321.41, 218.85, 160.4, 310.53, 170.08, 236.05, 95.34, 29.945, 63.1201, 125.2696, 62.91, 87.43, , , , , 
1/31/2020 3:30:32 PM, 3219.5, 8988.25, 1613, 321.42, 218.823, 160.42, 310.5347, 170.08, 236.0347, 95.34, 29.95, 63.12, 125.26, 62.91, 87.43, , , , , 
1/31/2020 3:30:35 PM, 3219, 8987.25, 1612.9, 321.39, 218.8, 160.4, 310.48, 170.06, 236, 95.33, 29.945, 63.12, 125.24, 62.91, 87.43, , , , , 
1/31/2020 3:30:38 PM, 3219, 8987.5, 1613, 321.393, 218.813, 160.403, 310.5, 170.057, 236.04, 95.33, 29.945, 63.11, 125.24, 62.91, 87.43, , , , , 
1/31/2020 3:30:41 PM, 3219, 8987, 1613, 321.4, 218.8, 160.405, 310.45, 170.05, 236.019, 95.33, 29.945, 63.11, 125.245, 62.91, 87.43, , , , , 
1/31/2020 3:30:44 PM, 3219.25, 8987.75, 1613.2, 321.38, 218.81, 160.412, 310.47, 170.0501, 236.02, 95.32, 29.945, 63.11, 125.245, 62.91, 87.43, , , , , 
1/31/2020 3:30:47 PM, 3219, 8986.5, 1613, 321.37, 218.79, 160.41, 310.4101, 170.0501, 236.02, 95.33, 29.945, 63.11, 125.25, 62.91, 87.43, , , , , 
1/31/2020 3:30:50 PM, 3218.75, 8986, 1613, 321.332, 218.7739, 160.4, 310.4, 170.0476, 236.04, 95.32, 29.935, 63.105, 125.22, 62.91, 87.43, , , , , 
1/31/2020 3:30:53 PM, 3218.5, 8985.25, 1612.9, 321.34, 218.76, 160.4, 310.33, 170.03, 236, 95.31, 29.94, 63.1, 125.22, 62.91, 87.42, , , , , 
1/31/2020 3:30:56 PM, 3218.25, 8984.25, 1612.8, 321.31, 218.74, 160.395, 310.3069, 170.02, 236, 95.3, 29.94, 63.1, 125.22, 62.91, 87.41, , , , , 
1/31/2020 3:30:59 PM, 3218, 8983.75, 1612.8, 321.29, 218.72, 160.38, 310.2893, 169.99, 236.005, 95.3, 29.935, 63.1, 125.21, 62.91, 87.408, , , , , 
1/31/2020 3:31:02 PM, 3218.5, 8984.5, 1612.7, 321.3, 218.7465, 160.38, 310.3133, 169.995, 236.005, 95.29, 29.935, 63.1, 125.23, 62.91, 87.4, , , , , 
1/31/2020 3:31:05 PM, 3218.25, 8984, 1612.7, 321.31, 218.72, 160.39, 310.27, 170, 235.82, 95.29, 29.935, 63.105, 125.24, 62.91, 87.41, , , , , 
1/31/2020 3:31:08 PM, 3218.5, 8984.75, 1612.7, 321.31, 218.7302, 160.39, 310.31, 170.015, 235.865, 95.29, 29.935, 63.105, 125.24, 62.91, 87.41, , , , , 
1/31/2020 3:31:11 PM, 3218.5, 8984.5, 1612.6, 321.29, 218.739, 160.37, 310.35, 170.0045, 235.81, 95.29, 29.935, 63.1, 125.235, 62.91, 87.42, , , , , 
1/31/2020 3:31:14 PM, 3218.5, 8984.5, 1612.6, 321.29, 218.73, 160.37, 310.3027, 170.0077, 235.81, 95.29, 29.935, 63.1, 125.235, 62.91, 87.42, , , , , 
1/31/2020 3:31:17 PM, 3217.75, 8983.25, 1612.4, 321.25, 218.71, 160.34, 310.2756, 169.985, 235.77, 95.275, 29.935, 63.095, 125.22, 62.91, 87.415, , , , , 
1/31/2020 3:31:20 PM, 3217.75, 8983.5, 1612.4, 321.25, 218.71, 160.34, 310.2641, 169.9846, 235.75, 95.275, 29.935, 63.095, 125.22, 62.91, 87.415, , , , , 
1/31/2020 3:31:23 PM, 3218, 8983.75, 1612.4, 321.32, 218.73, 160.37, 310.3, 170, 235.81, 95.295, 29.945, 63.1, 125.24, 62.91, 87.42, , , , , 
1/31/2020 3:31:26 PM, 3219, 8986.25, 1612.8, 321.32, 218.77, 160.37, 310.35, 170.035, 235.91, 95.295, 29.945, 63.1, 125.24, 62.91, 87.42, , , , , 
1/31/2020 3:31:29 PM, 3218.5, 8985.25, 1612.5, 321.315, 218.75, 160.37, 310.305, 170.02, 235.81, 95.29, 29.945, 63.105, 125.25, 62.91, 87.42, , , , , 
1/31/2020 3:31:32 PM, 3218.75, 8985, 1612.5, 321.315, 218.75, 160.37, 310.28, 170.01, 235.8269, 95.29, 29.945, 63.105, 125.25, 62.91, 87.42, , , , , 
1/31/2020 3:31:36 PM, 3218.75, 8984.75, 1612.6, 321.3608, 218.74, 160.38, 310.275, 170.01, 235.8048, 95.29, 29.945, 63.105, 125.26, 62.91, 87.425, , , , , 
1/31/2020 3:31:39 PM, 3219, 8985.5, 1612.4, 321.3608, 218.76, 160.38, 310.3499, 170.0285, 235.8048, 95.29, 29.945, 63.105, 125.26, 62.91, 87.425, , , , , 
1/31/2020 3:31:42 PM, 3219, 8985.75, 1612.5, 321.385, 218.76, 160.37, 310.2998, 170.04, 235.8126, 95.29, 29.945, 63.11, 125.26, 62.91, 87.43, , , , , 
1/31/2020 3:31:45 PM, 3219.25, 8986.5, 1612.7, 321.385, 218.79, 160.37, 310.35, 170.045, 235.8899, 95.29, 29.945, 63.11, 125.26, 62.91, 87.43, , , , , 
1/31/2020 3:31:48 PM, 3219, 8986.25, 1612.5, 321.35, 218.775, 160.34, 310.36, 170.0421, 235.8588, 95.29, 29.94, 63.11, 125.25, 62.91, 87.425, , , , , 
1/31/2020 3:31:51 PM, 3218.75, 8985.25, 1612.2, 321.35, 218.7499, 160.34, 310.3101, 170.03, 235.77, 95.29, 29.94, 63.11, 125.25, 62.91, 87.425, , , , , 
1/31/2020 3:31:54 PM, 3218.75, 8985, 1612.3, 321.365, 218.755, 160.34, 310.38, 170.035, 235.805, 95.29, 29.945, 63.105, 125.24, 62.91, 87.43, , , , , 
1/31/2020 3:31:57 PM, 3219, 8985.5, 1612.2, 321.365, 218.76, 160.34, 310.3776, 170.035, 235.805, 95.29, 29.945, 63.105, 125.24, 62.91, 87.43, , , , , 
1/31/2020 3:32:00 PM, 3219.25, 8986.25, 1612.4, 321.415, 218.78, 160.3569, 310.43, 170.053, 235.85, 95.3, 29.945, 63.11, 125.24, 62.91, 87.43, , , , , 
1/31/2020 3:32:03 PM, 3219.25, 8986.25, 1612.4, 321.415, 218.78, 160.3569, 310.48, 170.04, 235.8496, 95.3, 29.945, 63.11, 125.24, 62.91, 87.43, , , , , 
1/31/2020 3:32:06 PM, 3219.25, 8986.25, 1612.4, 321.39, 218.77, 160.345, 310.43, 170.04, 235.8496, 95.3, 29.95, 63.115, 125.255, 62.91, 87.43, , , , , 
1/31/2020 3:32:09 PM, 3218.75, 8985.75, 1612.3, 321.39, 218.765, 160.345, 310.3934, 170.0312, 235.84, 95.3, 29.95, 63.115, 125.255, 62.91, 87.43, , , , , 
1/31/2020 3:32:12 PM, 3219, 8986, 1612.2, 321.4, 218.77, 160.3354, 310.4016, 170.045, 235.8336, 95.3, 29.95, 63.11, 125.25, 62.91, 87.43, , , , , 
1/31/2020 3:32:15 PM, 3219.25, 8986.75, 1612.2, 321.4, 218.7832, 160.3354, 310.3701, 170.05, 235.8663, 95.3, 29.95, 63.11, 125.25, 62.91, 87.43, , , , , 
1/31/2020 3:32:18 PM, 3219.5, 8987.25, 1612.5, 321.42, 218.805, 160.36, 310.47, 170.0651, 235.855, 95.31, 29.95, 63.115, 125.25, 62.91, 87.43, , , , , 
1/31/2020 3:32:21 PM, 3219.5, 8987.75, 1612.6, 321.42, 218.81, 160.36, 310.53, 170.077, 235.8701, 95.31, 29.95, 63.115, 125.25, 62.91, 87.43, , , , , 
1/31/2020 3:32:24 PM, 3219.5, 8987.75, 1612.4, 321.43, 218.8198, 160.345, 310.535, 170.079, 235.9, 95.3187, 29.945, 63.12, 125.265, 62.91, 87.43, , , , , 
1/31/2020 3:32:27 PM, 3219.5, 8987.75, 1612.4, 321.43, 218.82, 160.345, 310.55, 170.08, 235.9, 95.3187, 29.945, 63.12, 125.265, 62.91, 87.43, , , , , 
1/31/2020 3:32:30 PM, 3218.75, 8985.5, 1611.9, 321.35, 218.76, 160.29, 310.5, 170.045, 235.83, 95.29, 29.94, 63.12, 125.24, 62.91, 87.43, , , , , 
1/31/2020 3:32:33 PM, 3218.75, 8985.75, 1611.9, 321.35, 218.77, 160.29, 310.472, 170.03, 235.83, 95.29, 29.94, 63.12, 125.24, 62.91, 87.43, , , , , 
1/31/2020 3:32:36 PM, 3219, 8986.5, 1611.9, 321.36, 218.79, 160.2901, 310.59, 170.01, 235.805, 95.3, 29.94, 63.125, 125.24, 62.91, 87.43, , , , , 
1/31/2020 3:32:39 PM, 3218.75, 8986.25, 1611.8, 321.36, 218.78, 160.2901, 310.5838, 170.01, 235.78, 95.3, 29.94, 63.125, 125.24, 62.91, 87.43, , , , , 
1/31/2020 3:32:42 PM, 3218.5, 8986, 1611.8, 321.35, 218.77, 160.29, 310.5984, 169.995, 235.79, 95.3, 29.935, 63.125, 125.25, 62.91, 87.43, , , , , 
1/31/2020 3:32:45 PM, 3218.75, 8986.25, 1611.8, 321.35, 218.7711, 160.29, 310.555, 170.015, 235.82, 95.3, 29.935, 63.125, 125.25, 62.91, 87.43, , , , , 
1/31/2020 3:32:48 PM, 3218.75, 8986.25, 1611.7, 321.335, 218.78, 160.27, 310.58, 170.015, 235.82, 95.3, 29.935, 63.12, 125.24, 62.91, 87.43, , , , , 
1/31/2020 3:32:51 PM, 3218.75, 8985.75, 1611.6, 321.335, 218.7666, 160.27, 310.5397, 170, 235.78, 95.3, 29.935, 63.12, 125.24, 62.91, 87.43, , , , , 
1/31/2020 3:32:54 PM, 3218.75, 8986.25, 1611.6, 321.31, 218.775, 160.26, 310.53, 170.01, 235.78, 95.29, 29.935, 63.115, 125.25, 62.91, 87.43, , , , , 
1/31/2020 3:32:57 PM, 3218.5, 8986, 1611.5, 321.31, 218.76, 160.26, 310.545, 170.005, 235.8, 95.29, 29.935, 63.115, 125.25, 62.91, 87.43, , , , , 
1/31/2020 3:33:00 PM, 3219.25, 8987.75, 1611.8, 321.4, 218.81, 160.29, 310.7, 170.01, 235.84, 95.3134, 29.945, 63.115, 125.27, 62.91, 87.435, , , , , 
1/31/2020 3:33:03 PM, 3219.25, 8987.75, 1611.8, 321.4, 218.81, 160.29, 310.7, 170.025, 235.855, 95.3134, 29.945, 63.115, 125.27, 62.91, 87.435, , , , , 
1/31/2020 3:33:06 PM, 3219.75, 8989, 1612.2, 321.4377, 218.84, 160.33, 310.74, 170.04, 235.805, 95.33, 29.945, 63.13, 125.29, 62.91, 87.4421, , , , , 
1/31/2020 3:33:09 PM, 3219.75, 8988.75, 1612.3, 321.4377, 218.84, 160.33, 310.74, 170.04, 235.76, 95.33, 29.945, 63.13, 125.29, 62.91, 87.4421, , , , , 
1/31/2020 3:33:12 PM, 3219.5, 8988.25, 1612.1, 321.4, 218.81, 160.31, 310.6957, 170.03, 235.7521, 95.315, 29.94, 63.125, 125.27, 62.91, 87.44, , , , , 
1/31/2020 3:33:15 PM, 3219.25, 8987.25, 1612, 321.4, 218.8, 160.31, 310.69, 170.015, 235.7256, 95.315, 29.94, 63.125, 125.27, 62.91, 87.44, , , , , 
1/31/2020 3:33:18 PM, 3219.25, 8986.25, 1611.9, 321.4, 218.77, 160.3, 310.665, 170, 235.69, 95.31, 29.94, 63.12, 125.26, 62.91, 87.44, , , , , 
1/31/2020 3:33:21 PM, 3220.25, 8989.5, 1612.4, 321.43, 218.84, 160.31, 310.73, 170.05, 235.7968, 95.32, 29.94, 63.125, 125.27, 62.91, 87.44, , , , , 
1/31/2020 3:33:24 PM, 3220.25, 8989.5, 1612.4, 321.45, 218.84, 160.34, 310.73, 170.05, 235.7968, 95.33, 29.945, 63.13, 125.29, 62.91, 87.44, , , , , 
1/31/2020 3:33:27 PM, 3220.25, 8989.75, 1612.3, 321.46, 218.85, 160.3409, 310.695, 170.05, 235.8109, 95.33, 29.945, 63.13, 125.29, 62.91, 87.44, , , , , 
1/31/2020 3:33:30 PM, 3220.25, 8989.75, 1612.3, 321.475, 218.85, 160.3401, 310.695, 170.05, 235.8109, 95.33, 29.945, 63.13, 125.29, 62.8159, 87.44, , , , , 
1/31/2020 3:33:33 PM, 3220.5, 8990.25, 1612.4, 321.49, 218.87, 160.34, 310.72, 170.06, 235.91, 95.33, 29.941, 63.135, 125.29, 62.8159, 87.445, , , , , 
1/31/2020 3:33:36 PM, 3220.5, 8990.25, 1612.4, 321.52, 218.87, 160.37, 310.72, 170.06, 235.91, 95.34, 29.945, 63.14, 125.31, 62.8159, 87.445, , , , , 
1/31/2020 3:33:39 PM, 3221.25, 8992, 1612.8, 321.58, 218.9101, 160.39, 310.82, 170.1, 235.9, 95.37, 29.96, 63.14, 125.33, 62.8159, 87.445, , , , , 
1/31/2020 3:33:42 PM, 3221.25, 8992, 1612.8, 321.57, 218.9101, 160.39, 310.82, 170.1, 235.9, 95.36, 29.955, 63.145, 125.33, 62.8159, 87.445, , , , , 
1/31/2020 3:33:45 PM, 3221.25, 8992.25, 1612.8, 321.595, 218.9289, 160.39, 310.8461, 170.12, 235.97, 95.365, 29.955, 63.15, 125.33, 62.8159, 87.445, , , , , 
1/31/2020 3:33:48 PM, 3221.25, 8992.25, 1612.8, 321.49, 218.9289, 160.35, 310.8461, 170.12, 235.97, 95.34, 29.945, 63.14, 125.3, 62.8159, 87.445, , , , , 
1/31/2020 3:33:52 PM, 3221.25, 8992.75, 1612.6, 321.56, 218.94, 160.37, 310.84, 170.08, 235.885, 95.36, 29.95, 63.145, 125.31, 62.8159, 87.445, , , , , 
1/31/2020 3:33:55 PM, 3221.25, 8992.75, 1612.6, 321.595, 218.94, 160.38, 310.84, 170.08, 235.885, 95.37, 29.95, 63.145, 125.33, 62.8159, 87.445, , , , , 
1/31/2020 3:33:58 PM, 3221.75, 8993.75, 1613, 321.61, 218.955, 160.405, 310.98, 170.1, 235.94, 95.37, 29.96, 63.15, 125.34, 62.8159, 87.445, , , , , 
1/31/2020 3:34:01 PM, 3221.75, 8993.75, 1613, 321.63, 218.955, 160.42, 310.98, 170.1, 235.94, 95.38, 29.955, 63.15, 125.34, 62.8159, 87.445, , , , , 
1/31/2020 3:34:04 PM, 3221.25, 8992, 1612.9, 321.605, 218.9101, 160.4, 310.975, 170.06, 236, 95.38, 29.96, 63.16, 125.335, 62.8159, 87.445, , , , , 
1/31/2020 3:34:07 PM, 3221.25, 8992, 1612.9, 321.58, 218.9101, 160.4, 310.975, 170.06, 236, 95.37, 29.955, 63.15, 125.33, 62.8159, 87.445, , , , , 
1/31/2020 3:34:10 PM, 3220.5, 8991.25, 1612.5, 321.51, 218.9, 160.37, 310.98, 170.065, 235.956, 95.355, 29.955, 63.13, 125.31, 62.8159, 87.445, , , , , 
1/31/2020 3:34:13 PM, 3220.5, 8991.25, 1612.5, 321.54, 218.9, 160.37, 310.98, 170.065, 235.956, 95.36, 29.95, 63.13, 125.31, 62.8159, 87.45, , , , , 
1/31/2020 3:34:16 PM, 3220.5, 8990.75, 1612.6, 321.5225, 218.88, 160.37, 310.99, 170.0506, 235.9345, 95.35, 29.95, 63.13, 125.31, 62.8159, 87.4448, , , , , 
1/31/2020 3:34:19 PM, 3220.5, 8990.75, 1612.6, 321.5, 218.88, 160.36, 310.99, 170.0506, 235.9345, 95.35, 29.955, 63.135, 125.3, 62.8159, 87.4448, , , , , 
1/31/2020 3:34:22 PM, 3219.75, 8989.5, 1612.2, 321.455, 218.86, 160.34, 310.97, 170.03, 235.92, 95.33, 29.94, 63.125, 125.28, 62.8159, 87.4416, , , , , 
1/31/2020 3:34:25 PM, 3219.75, 8989.5, 1612.2, 321.455, 218.86, 160.33, 310.97, 170.03, 235.92, 95.33, 29.945, 63.125, 125.28, 62.8159, 87.44, , , , , 
1/31/2020 3:34:28 PM, 3219.75, 8989.5, 1612.1, 321.47, 218.855, 160.34, 310.96, 170.03, 235.9158, 95.3487, 29.945, 63.12, 125.28, 62.8159, 87.44, , , , , 
1/31/2020 3:34:31 PM, 3219.75, 8989.5, 1612.1, 321.51, 218.855, 160.35, 310.96, 170.03, 235.9158, 95.35, 29.945, 63.13, 125.295, 62.8159, 87.44, , , , , 
1/31/2020 3:34:34 PM, 3220, 8989.5, 1612.2, 321.49, 218.865, 160.36, 310.8607, 170.03, 235.935, 95.35, 29.94, 63.123, 125.3, 62.8159, 87.445, , , , , 
1/31/2020 3:34:37 PM, 3220, 8989.5, 1612.2, 321.46, 218.865, 160.33, 310.8607, 170.03, 235.935, 95.34, 29.945, 63.125, 125.29, 62.8159, 87.445, , , , , 
1/31/2020 3:34:40 PM, 3220.25, 8990, 1612.3, 321.46, 218.87, 160.34, 310.8862, 170.03, 235.9427, 95.33, 29.945, 63.13, 125.29, 62.8159, 87.445, , , , , 
1/31/2020 3:34:43 PM, 3220.25, 8990, 1612.3, 321.47, 218.87, 160.33, 310.8862, 170.03, 235.9427, 95.33, 29.94, 63.12, 125.3, 62.8159, 87.4499, , , , , 
1/31/2020 3:34:46 PM, 3220, 8989, 1612.1, 321.48, 218.84, 160.33, 310.77, 170.02, 235.88, 95.33, 29.94, 63.125, 125.2915, 62.8159, 87.445, , , , , 
1/31/2020 3:34:49 PM, 3220, 8989, 1612.1, 321.43, 218.84, 160.31, 310.77, 170.02, 235.88, 95.32, 29.935, 63.12, 125.28, 62.8159, 87.445, , , , , 
1/31/2020 3:34:52 PM, 3219.5, 8988, 1611.9, 321.43, 218.83, 160.3001, 310.785, 169.9819, 235.83, 95.315, 29.935, 63.115, 125.28, 62.8159, 87.44, , , , , 
1/31/2020 3:34:55 PM, 3219.5, 8988, 1611.9, 321.45, 218.83, 160.28, 310.785, 169.9819, 235.83, 95.32, 29.935, 63.12, 125.28, 62.8159, 87.4401, , , , , 
1/31/2020 3:34:58 PM, 3219.25, 8987.25, 1611.3, 321.385, 218.805, 160.245, 310.73, 169.98, 235.755, 95.31, 29.935, 63.12, 125.28, 62.8159, 87.445, , , , , 
1/31/2020 3:35:01 PM, 3219.25, 8987.25, 1611.3, 321.39, 218.805, 160.2402, 310.73, 169.98, 235.755, 95.31, 29.94, 63.125, 125.27, 62.8159, 87.4423, , , , , 
1/31/2020 3:35:04 PM, 3218.75, 8986.25, 1611.3, 321.325, 218.77, 160.22, 310.7, 169.955, 235.66, 95.29, 29.93, 63.1, 125.24, 62.8159, 87.445, , , , , 
1/31/2020 3:35:07 PM, 3218.75, 8986.25, 1611.3, 321.38, 218.77, 160.25, 310.7, 169.955, 235.66, 95.3, 29.925, 63.105, 125.25, 62.8159, 87.445, , , , , 
1/31/2020 3:35:10 PM, 3219, 8987.5, 1611.6, 321.38, 218.81, 160.26, 310.8697, 169.977, 235.74, 95.31, 29.925, 63.105, 125.25, 62.8159, 87.45, , , , , 
1/31/2020 3:35:13 PM, 3219, 8987.5, 1611.6, 321.37, 218.81, 160.26, 310.8697, 169.977, 235.74, 95.31, 29.925, 63.105, 125.25, 62.8159, 87.43, , , , , 
1/31/2020 3:35:16 PM, 3219.25, 8987, 1611.5, 321.33, 218.79, 160.24, 310.7791, 169.9545, 235.7216, 95.2989, 29.925, 63.11, 125.24, 62.8159, 87.43, , , , , 
1/31/2020 3:35:19 PM, 3218.75, 8985.5, 1611.3, 321.37, 218.76, 160.245, 310.7541, 169.94, 235.71, 95.3, 29.925, 63.11, 125.24, 62.8159, 87.435, , , , , 
1/31/2020 3:35:22 PM, 3218.25, 8984.5, 1611.2, 321.305, 218.735, 160.22, 310.735, 169.91, 235.62, 95.29, 29.925, 63.105, 125.22, 62.8159, 87.43, , , , , 
1/31/2020 3:35:25 PM, 3218.25, 8984.5, 1611.2, 321.28, 218.735, 160.21, 310.735, 169.91, 235.62, 95.28, 29.92, 63.1, 125.21, 62.8159, 87.43, , , , , 
1/31/2020 3:35:28 PM, 3217.75, 8983.5, 1611, 321.26, 218.71, 160.2, 310.667, 169.91, 235.51, 95.27, 29.915, 63.1, 125.21, 62.8159, 87.43, , , , , 
1/31/2020 3:35:31 PM, 3217.75, 8983.5, 1611, 321.25, 218.71, 160.205, 310.667, 169.91, 235.51, 95.27, 29.915, 63.095, 125.195, 62.8159, 87.43, , , , , 
1/31/2020 3:35:34 PM, 3217.5, 8983.25, 1611, 321.24, 218.69, 160.195, 310.63, 169.9, 235.57, 95.26, 29.915, 63.09, 125.195, 62.8159, 87.43, , , , , 
1/31/2020 3:35:37 PM, 3217.5, 8983.25, 1611, 321.24, 218.69, 160.21, 310.63, 169.9, 235.57, 95.25, 29.92, 63.08, 125.19, 62.8159, 87.43, , , , , 
1/31/2020 3:35:40 PM, 3217, 8981.75, 1610.7, 321.18, 218.67, 160.17, 310.5438, 169.8645, 235.5, 95.2446, 29.915, 63.075, 125.18, 62.8159, 87.43, , , , , 
1/31/2020 3:35:43 PM, 3217.5, 8982.25, 1610.8, 321.21, 218.673, 160.18, 310.52, 169.89, 235.54, 95.25, 29.915, 63.07, 125.18, 62.8159, 87.4299, , , , , 
1/31/2020 3:35:46 PM, 3217.5, 8983.25, 1610.9, 321.215, 218.69, 160.18, 310.55, 169.895, 235.655, 95.24, 29.911, 63.08, 125.18, 62.8159, 87.42, , , , , 
1/31/2020 3:35:49 PM, 3218, 8983.75, 1611.1, 321.27, 218.72, 160.22, 310.5964, 169.921, 235.705, 95.27, 29.915, 63.085, 125.2, 62.8159, 87.42, , , , , 
1/31/2020 3:35:52 PM, 3218.25, 8985, 1611.1, 321.28, 218.7363, 160.205, 310.59, 169.935, 235.7, 95.2689, 29.915, 63.085, 125.21, 62.8159, 87.42, , , , , 
1/31/2020 3:35:55 PM, 3218.25, 8985, 1611.1, 321.29, 218.73, 160.19, 310.55, 169.935, 235.7, 95.28, 29.92, 63.095, 125.22, 62.8159, 87.42, , , , , 
1/31/2020 3:35:58 PM, 3218.25, 8984.75, 1611.1, 321.2954, 218.74, 160.1901, 310.5441, 169.9358, 235.72, 95.27, 29.92, 63.095, 125.22, 62.8159, 87.415, , , , , 
1/31/2020 3:36:01 PM, 3218.5, 8985, 1611.1, 321.3, 218.745, 160.21, 310.52, 169.925, 235.73, 95.2734, 29.915, 63.095, 125.22, 62.8159, 87.42, , , , , 
1/31/2020 3:36:04 PM, 3218, 8982.75, 1611, 321.28, 218.71, 160.19, 310.46, 169.88, 235.6, 95.27, 29.92, 63.09, 125.22, 62.8159, 87.42, , , , , 
1/31/2020 3:36:07 PM, 3217.75, 8983, 1610.9, 321.25, 218.6999, 160.2, 310.51, 169.885, 235.61, 95.255, 29.915, 63.085, 125.21, 62.8159, 87.42, , , , , 
1/31/2020 3:36:10 PM, 3217.75, 8982.5, 1610.7, 321.255, 218.69, 160.2, 310.5037, 169.8649, 235.6225, 95.2501, 29.915, 63.085, 125.21, 62.8159, 87.42, , , , , 
1/31/2020 3:36:13 PM, 3217.5, 8982.75, 1610.9, 321.23, 218.69, 160.2, 310.43, 169.8646, 235.64, 95.245, 29.915, 63.075, 125.2, 62.8159, 87.42, , , , , 
1/31/2020 3:36:16 PM, 3217.25, 8982, 1610.8, 321.23, 218.675, 160.19, 310.393, 169.8699, 235.66, 95.2464, 29.915, 63.075, 125.21, 62.8159, 87.42, , , , , 
1/31/2020 3:36:19 PM, 3217.5, 8981.75, 1610.8, 321.225, 218.68, 160.19, 310.4396, 169.865, 235.66, 95.2464, 29.915, 63.07, 125.21, 62.8159, 87.42, , , , , 
1/31/2020 3:36:23 PM, 3217.25, 8982, 1610.7, 321.21, 218.67, 160.18, 310.428, 169.85, 235.6668, 95.24, 29.91, 63.06, 125.21, 62.8159, 87.42, , , , , 
1/31/2020 3:36:26 PM, 3217.5, 8982.75, 1610.9, 321.2, 218.7, 160.17, 310.45, 169.86, 235.69, 95.241, 29.905, 63.065, 125.21, 62.8159, 87.42, , , , , 
1/31/2020 3:36:29 PM, 3217.5, 8983.75, 1611, 321.24, 218.71, 160.19, 310.44, 169.895, 235.7366, 95.25, 29.91, 63.07, 125.21, 62.8159, 87.42, , , , , 
1/31/2020 3:36:32 PM, 3218, 8984, 1611, 321.265, 218.725, 160.2, 310.4601, 169.8989, 235.71, 95.26, 29.91, 63.075, 125.21, 62.8159, 87.4146, , , , , 
1/31/2020 3:36:35 PM, 3218, 8984, 1611.1, 321.27, 218.72, 160.2, 310.44, 169.9, 235.7225, 95.26, 29.9087, 63.075, 125.22, 62.8159, 87.42, , , , , 
1/31/2020 3:36:38 PM, 3218.25, 8984.5, 1611.1, 321.28, 218.7399, 160.215, 310.4499, 169.8933, 235.7599, 95.26, 29.91, 63.075, 125.22, 62.8159, 87.42, , , , , 
1/31/2020 3:36:41 PM, 3218, 8984.25, 1611.2, 321.28, 218.74, 160.23, 310.46, 169.885, 235.75, 95.2589, 29.905, 63.075, 125.22, 62.8159, 87.42, , , , , 
1/31/2020 3:36:44 PM, 3218, 8984.25, 1611.1, 321.265, 218.73, 160.22, 310.4372, 169.88, 235.7782, 95.26, 29.91, 63.075, 125.22, 62.8159, 87.42, , , , , 
1/31/2020 3:36:47 PM, 3218.25, 8985, 1611.3, 321.28, 218.74, 160.23, 310.46, 169.9, 235.7583, 95.2679, 29.905, 63.075, 125.22, 62.8159, 87.42, , , , , 
1/31/2020 3:36:50 PM, 3218.25, 8984.5, 1611.2, 321.28, 218.7346, 160.23, 310.4693, 169.9129, 235.75, 95.265, 29.905, 63.08, 125.23, 62.8159, 87.415, , , , , 
1/31/2020 3:36:53 PM, 3217.75, 8984, 1611.2, 321.28, 218.73, 160.22, 310.27, 169.9155, 235.755, 95.265, 29.905, 63.075, 125.23, 62.8159, 87.415, , , , , 
1/31/2020 3:36:56 PM, 3217.25, 8982.25, 1611, 321.24, 218.7, 160.2, 310.23, 169.88, 235.7, 95.25, 29.91, 63.07, 125.22, 62.8159, 87.415, , , , , 
1/31/2020 3:36:59 PM, 3217.25, 8982.75, 1610.8, 321.21, 218.69, 160.19, 310.22, 169.8713, 235.6664, 95.24, 29.905, 63.06, 125.205, 62.8159, 87.42, , , , , 
1/31/2020 3:37:02 PM, 3217.25, 8982.5, 1610.8, 321.21, 218.68, 160.19, 310.2215, 169.84, 235.66, 95.2402, 29.905, 63.065, 125.205, 62.8159, 87.415, , , , , 
1/31/2020 3:37:05 PM, 3217, 8981.25, 1610.7, 321.19, 218.65, 160.18, 310.18, 169.83, 235.64, 95.23, 29.905, 63.065, 125.2, 62.8159, 87.415, , , , , 
1/31/2020 3:37:08 PM, 3217, 8981.5, 1610.8, 321.2, 218.6566, 160.18, 310.1807, 169.8399, 235.6399, 95.2202, 29.905, 63.065, 125.2, 62.8159, 87.415, , , , , 
1/31/2020 3:37:11 PM, 3217.25, 8981.5, 1610.7, 321.18, 218.66, 160.17, 310.2, 169.83, 235.62, 95.22, 29.905, 63.055, 125.2, 62.8159, 87.415, , , , , 
1/31/2020 3:37:14 PM, 3217.25, 8981.75, 1610.8, 321.21, 218.66, 160.18, 310.18, 169.86, 235.65, 95.23, 29.91, 63.06, 125.2, 62.8159, 87.415, , , , , 
1/31/2020 3:37:17 PM, 3217.25, 8981.5, 1610.8, 321.2, 218.66, 160.1733, 310.175, 169.865, 235.6, 95.2346, 29.905, 63.065, 125.2033, 62.8159, 87.415, , , , , 
1/31/2020 3:37:20 PM, 3217.5, 8982.75, 1611, 321.2229, 218.68, 160.18, 310.2075, 169.87, 235.6, 95.24, 29.91, 63.065, 125.21, 62.8159, 87.42, , , , , 
1/31/2020 3:37:23 PM, 3217.75, 8983.25, 1611.2, 321.26, 218.7, 160.2199, 310.2541, 169.875, 235.6154, 95.241, 29.905, 63.07, 125.21, 62.8159, 87.42, , , , , 
1/31/2020 3:37:26 PM, 3217.5, 8982, 1611, 321.23, 218.6691, 160.21, 310.2073, 169.8646, 235.6099, 95.24, 29.91, 63.08, 125.21, 62.8159, 87.42, , , , , 
1/31/2020 3:37:29 PM, 3217.25, 8980.5, 1610.8, 321.21, 218.64, 160.205, 310.19, 169.85, 235.55, 95.23, 29.91, 63.075, 125.21, 62.8159, 87.415, , , , , 
1/31/2020 3:37:32 PM, 3217, 8981, 1610.8, 321.19, 218.64, 160.18, 310.16, 169.84, 235.58, 95.22, 29.905, 63.07, 125.2, 62.8159, 87.415, , , , , 
1/31/2020 3:37:35 PM, 3217.25, 8981.25, 1610.9, 321.195, 218.65, 160.18, 310.18, 169.855, 235.62, 95.22, 29.905, 63.07, 125.19, 62.8159, 87.415, , , , , 
1/31/2020 3:37:38 PM, 3217, 8981, 1610.9, 321.2, 218.65, 160.19, 310.1568, 169.855, 235.62, 95.22, 29.905, 63.07, 125.19, 62.8159, 87.415, , , , , 
1/31/2020 3:37:41 PM, 3217.25, 8981, 1610.8, 321.215, 218.64, 160.2, 310.16, 169.85, 235.57, 95.2263, 29.905, 63.07, 125.19, 62.8159, 87.415, , , , , 
1/31/2020 3:37:44 PM, 3217, 8980.5, 1610.9, 321.19, 218.64, 160.19, 310.16, 169.84, 235.51, 95.22, 29.905, 63.07, 125.19, 62.8159, 87.415, , , , , 
1/31/2020 3:37:47 PM, 3217, 8980.25, 1610.9, 321.19, 218.625, 160.19, 310.11, 169.84, 235.52, 95.215, 29.905, 63.075, 125.19, 62.8159, 87.415, , , , , 
1/31/2020 3:37:50 PM, 3216.5, 8979.25, 1610.7, 321.16, 218.61, 160.18, 310.0826, 169.8282, 235.38, 95.2, 29.905, 63.065, 125.18, 62.8159, 87.415, , , , , 
1/31/2020 3:37:53 PM, 3216.75, 8979.5, 1610.7, 321.165, 218.605, 160.17, 310.0874, 169.85, 235.35, 95.2, 29.9, 63.06, 125.18, 62.8159, 87.41, , , , , 
1/31/2020 3:37:56 PM, 3216.75, 8979.5, 1610.7, 321.155, 218.61, 160.17, 310.09, 169.85, 235.36, 95.2, 29.9, 63.065, 125.18, 62.8159, 87.42, , , , , 
1/31/2020 3:37:59 PM, 3216.75, 8979.75, 1610.7, 321.1487, 218.62, 160.17, 310.11, 169.85, 235.38, 95.2, 29.9, 63.065, 125.18, 62.8159, 87.42, , , , , 
1/31/2020 3:38:02 PM, 3216.5, 8978, 1610.7, 321.15, 218.59, 160.18, 310.075, 169.8106, 235.32, 95.205, 29.9, 63.065, 125.17, 62.8159, 87.415, , , , , 
1/31/2020 3:38:05 PM, 3216, 8976, 1610.4, 321.06, 218.54, 160.15, 309.6335, 169.79, 235.331, 95.16, 29.89, 63.06, 125.13, 62.8159, 87.415, , , , , 
1/31/2020 3:38:08 PM, 3216, 8975.75, 1610.5, 321.06, 218.52, 160.15, 309.56, 169.79, 235.34, 95.16, 29.89, 63.06, 125.13, 62.8159, 87.415, , , , , 
1/31/2020 3:38:11 PM, 3216, 8974.25, 1610.5, 321.06, 218.5, 160.145, 309.46, 169.785, 235.28, 95.15, 29.89, 63.065, 125.13, 62.8159, 87.415, , , , , 
1/31/2020 3:38:14 PM, 3215.75, 8974.25, 1610.6, 321.14, 218.485, 160.2, 309.5, 169.7746, 235.2794, 95.17, 29.895, 63.07, 125.16, 62.8159, 87.4116, , , , , 
1/31/2020 3:38:17 PM, 3216.75, 8978, 1611, 321.12, 218.5667, 160.19, 309.6964, 169.85, 235.31, 95.18, 29.9, 63.06, 125.165, 62.8159, 87.4179, , , , , 
1/31/2020 3:38:20 PM, 3216.25, 8977.25, 1610.9, 321.1, 218.55, 160.18, 309.681, 169.82, 235.2803, 95.17, 29.895, 63.065, 125.165, 62.8159, 87.415, , , , , 
1/31/2020 3:38:23 PM, 3216.5, 8977.25, 1610.9, 321.13, 218.56, 160.19, 309.72, 169.82, 235.22, 95.18, 29.9, 63.075, 125.18, 62.8159, 87.415, , , , , 
1/31/2020 3:38:26 PM, 3216.5, 8977.25, 1611, 321.13, 218.56, 160.19, 309.64, 169.829, 235.3037, 95.18, 29.9, 63.075, 125.18, 62.8159, 87.415, , , , , 
1/31/2020 3:38:29 PM, 3216.25, 8976, 1610.8, 321.08, 218.54, 160.19, 309.6052, 169.818, 235.2357, 95.15, 29.895, 63.065, 125.15, 62.8159, 87.415, , , , , 
1/31/2020 3:38:32 PM, 3215.75, 8974.75, 1610.7, 321.07, 218.485, 160.17, 309.57, 169.76, 235.19, 95.15, 29.895, 63.06, 125.14, 62.8159, 87.415, , , , , 
1/31/2020 3:38:35 PM, 3216.25, 8975.5, 1610.8, 321.1, 218.52, 160.18, 309.635, 169.785, 235.2104, 95.16, 29.895, 63.065, 125.16, 62.8159, 87.415, , , , , 
1/31/2020 3:38:38 PM, 3216.25, 8976.5, 1610.9, 321.1, 218.552, 160.19, 309.62, 169.795, 235.2699, 95.165, 29.895, 63.06, 125.17, 62.8159, 87.415, , , , , 
1/31/2020 3:38:42 PM, 3216.25, 8976.25, 1610.9, 321.11, 218.53, 160.19, 309.7, 169.79, 235.26, 95.17, 29.895, 63.065, 125.17, 62.8159, 87.415, , , , , 
1/31/2020 3:38:45 PM, 3216.25, 8976, 1610.8, 321.105, 218.54, 160.18, 309.6725, 169.784, 235.26, 95.17, 29.895, 63.06, 125.17, 62.8159, 87.4116, , , , , 
1/31/2020 3:38:48 PM, 3216, 8976.25, 1610.9, 321.06, 218.53, 160.18, 309.735, 169.78, 235.28, 95.15, 29.895, 63.06, 125.16, 62.8159, 87.41, , , , , 
1/31/2020 3:38:51 PM, 3216, 8975, 1610.7, 321.09, 218.5057, 160.19, 309.47, 169.76, 235.21, 95.15, 29.89, 63.065, 125.17, 62.8159, 87.415, , , , , 
1/31/2020 3:38:54 PM, 3216.25, 8976, 1610.9, 321.11, 218.53, 160.2, 309.44, 169.7728, 235.258, 95.15, 29.895, 63.065, 125.18, 62.8159, 87.415, , , , , 
1/31/2020 3:38:57 PM, 3216.25, 8976.5, 1611, 321.14, 218.54, 160.23, 309.45, 169.7808, 235.2422, 95.165, 29.9, 63.075, 125.18, 62.8159, 87.41, , , , , 
1/31/2020 3:39:00 PM, 3216.75, 8977.25, 1611.3, 321.11, 218.555, 160.22, 309.4798, 169.79, 235.36, 95.1563, 29.9, 63.075, 125.17, 62.8159, 87.415, , , , , 
1/31/2020 3:39:03 PM, 3216.75, 8977.25, 1611.3, 321.11, 218.55, 160.22, 309.48, 169.81, 235.35, 95.1563, 29.9, 63.075, 125.17, 62.8159, 87.415, , , , , 
1/31/2020 3:39:06 PM, 3216.5, 8976.75, 1611.3, 321.09, 218.55, 160.21, 309.44, 169.81, 235.35, 95.15, 29.9, 63.07, 125.16, 62.8159, 87.41, , , , , 
1/31/2020 3:39:09 PM, 3216.25, 8975, 1611.1, 321.08, 218.5, 160.19, 309.3491, 169.78, 235.3399, 95.14, 29.9, 63.065, 125.16, 62.8159, 87.41, , , , , 
1/31/2020 3:39:12 PM, 3216, 8975, 1610.9, 321.085, 218.5004, 160.19, 309.3549, 169.7977, 235.2507, 95.14, 29.895, 63.065, 125.16, 62.8159, 87.41, , , , , 
1/31/2020 3:39:15 PM, 3216, 8975, 1610.9, 321.095, 218.5, 160.2, 309.35, 169.795, 235.22, 95.13, 29.9, 63.065, 125.16, 62.8159, 87.41, , , , , 
1/31/2020 3:39:18 PM, 3216.25, 8975, 1611, 321.115, 218.505, 160.21, 309.15, 169.805, 235.2118, 95.13, 29.9, 63.07, 125.17, 62.8159, 87.4101, , , , , 
1/31/2020 3:39:21 PM, 3216.75, 8976.5, 1611.1, 321.14, 218.53, 160.21, 309.2839, 169.82, 235.25, 95.145, 29.895, 63.075, 125.18, 62.8159, 87.41, , , , , 
1/31/2020 3:39:24 PM, 3217, 8977.5, 1611.2, 321.18, 218.555, 160.22, 309.35, 169.83, 235.275, 95.16, 29.91, 63.09, 125.21, 62.8159, 87.41, , , , , 
1/31/2020 3:39:27 PM, 3217.25, 8978.75, 1611.1, 321.18, 218.58, 160.22, 309.41, 169.82, 235.32, 95.16, 29.91, 63.09, 125.21, 62.8159, 87.41, , , , , 
1/31/2020 3:39:30 PM, 3217.25, 8978.75, 1611.1, 321.18, 218.59, 160.2009, 309.4332, 169.82, 235.29, 95.16, 29.905, 63.085, 125.22, 62.8159, 87.41, , , , , 
1/31/2020 3:39:33 PM, 3217, 8978.25, 1611, 321.2, 218.5863, 160.21, 309.425, 169.815, 235.34, 95.16, 29.91, 63.085, 125.225, 62.8159, 87.41, , , , , 
1/31/2020 3:39:36 PM, 3217.5, 8979, 1611.1, 321.232, 218.6, 160.215, 309.45, 169.8263, 235.3701, 95.17, 29.91, 63.09, 125.235, 62.8159, 87.415, , , , , 
1/31/2020 3:39:39 PM, 3217.25, 8978.5, 1611, 321.17, 218.595, 160.2, 309.38, 169.84, 235.33, 95.1599, 29.91, 63.085, 125.22, 62.8159, 87.41, , , , , 
1/31/2020 3:39:42 PM, 3216.75, 8977.5, 1610.9, 321.15, 218.57, 160.2, 309.38, 169.83, 235.3399, 95.15, 29.905, 63.0715, 125.21, 62.8159, 87.4101, , , , , 
1/31/2020 3:39:55 PM, 3215.75, 8974.75, 1610.7, 321.03, 218.51, 160.17, 309.2, 169.818, 235.21, 95.13, 29.89, 63.055, 125.17, 62.8159, 87.41, , , , , 
1/31/2020 3:39:58 PM, 3215.5, 8975, 1610.6, 321.04, 218.5, 160.17, 309.22, 169.8199, 235.165, 95.13, 29.885, 63.05, 125.1695, 62.8159, 87.415, , , , , 
1/31/2020 3:40:01 PM, 3215.5, 8975, 1610.6, 321.06, 218.5, 160.17, 309.22, 169.8199, 235.165, 95.135, 29.885, 63.055, 125.165, 62.8159, 87.415, , , , , 
1/31/2020 3:40:04 PM, 3215.75, 8975.25, 1610.8, 321.06, 218.51, 160.19, 309.32, 169.82, 235.18, 95.14, 29.895, 63.055, 125.18, 62.8159, 87.41, , , , , 
1/31/2020 3:40:07 PM, 3215.75, 8975.25, 1610.8, 321.05, 218.51, 160.19, 309.32, 169.82, 235.18, 95.13, 29.8985, 63.055, 125.17, 62.8159, 87.415, , , , , 
1/31/2020 3:40:10 PM, 3216, 8976, 1611, 321.06, 218.53, 160.19, 309.3585, 169.835, 235.18, 95.14, 29.895, 63.055, 125.17, 62.8159, 87.41, , , , , 
1/31/2020 3:40:13 PM, 3216, 8976, 1611, 321.04, 218.53, 160.185, 309.3585, 169.835, 235.18, 95.14, 29.9, 63.05, 125.17, 62.8159, 87.41, , , , , 
1/31/2020 3:40:16 PM, 3215.25, 8974.25, 1610.8, 321.03, 218.49, 160.19, 309.25, 169.82, 235.1, 95.14, 29.895, 63.045, 125.17, 62.8159, 87.41, , , , , 
1/31/2020 3:40:19 PM, 3215.25, 8974.25, 1610.8, 321.01, 218.49, 160.18, 309.25, 169.82, 235.1, 95.12, 29.895, 63.045, 125.17, 62.8159, 87.41, , , , , 
1/31/2020 3:40:22 PM, 3214.75, 8973.25, 1610.6, 320.98, 218.46, 160.1609, 309.1179, 169.7932, 235.1, 95.11, 29.89, 63.04, 125.16, 62.8159, 87.41, , , , , 
1/31/2020 3:40:25 PM, 3214.75, 8972.25, 1610.6, 320.95, 218.4479, 160.16, 309.11, 169.78, 235.1, 95.09, 29.885, 63.035, 125.14, 62.8159, 87.415, , , , , 
1/31/2020 3:40:28 PM, 3214.75, 8972.25, 1610.6, 320.95, 218.4479, 160.16, 309.11, 169.78, 235.1, 95.09, 29.885, 63.035, 125.14, 62.8159, 87.415, , , , , 
1/31/2020 3:40:31 PM, 3214.75, 8973.5, 1610.7, 320.96, 218.46, 160.175, 309.18, 169.795, 235.0733, 95.11, 29.885, 63.04, 125.15, 62.8159, 87.415, , , , , 
1/31/2020 3:40:34 PM, 3215.25, 8974.25, 1610.8, 320.96, 218.485, 160.175, 309.35, 169.815, 235.12, 95.11, 29.885, 63.04, 125.15, 62.8159, 87.415, , , , , 
1/31/2020 3:40:37 PM, 3215.25, 8975.75, 1610.7, 320.9899, 218.5176, 160.18, 309.405, 169.82, 235.1371, 95.13, 29.885, 63.04, 125.17, 62.8159, 87.415, , , , , 
1/31/2020 3:40:40 PM, 3215, 8974.5, 1610.7, 320.9899, 218.49, 160.18, 309.39, 169.81, 235.14, 95.13, 29.885, 63.04, 125.17, 62.8159, 87.415, , , , , 
1/31/2020 3:40:43 PM, 3214.75, 8974.75, 1610.9, 320.9599, 218.5, 160.18, 309.46, 169.8063, 235.1074, 95.125, 29.885, 63.035, 125.16, 62.8159, 87.415, , , , , 
1/31/2020 3:40:47 PM, 3214.75, 8974.5, 1610.9, 320.9599, 218.49, 160.18, 309.43, 169.795, 235.125, 95.125, 29.885, 63.035, 125.16, 62.8159, 87.415, , , , , 
1/31/2020 3:40:50 PM, 3214.75, 8973.25, 1610.8, 320.94, 218.47, 160.19, 309.37, 169.78, 235.0748, 95.12, 29.885, 63.0215, 125.15, 62.8159, 87.415, , , , , 
1/31/2020 3:40:53 PM, 3215, 8973.75, 1610.8, 320.94, 218.48, 160.19, 309.45, 169.79, 235.09, 95.12, 29.885, 63.0215, 125.15, 62.8159, 87.415, , , , , 
1/31/2020 3:40:56 PM, 3214.75, 8973.5, 1610.8, 320.953, 218.47, 160.19, 309.36, 169.775, 235.07, 95.1145, 29.88, 63.035, 125.14, 62.8159, 87.41, , , , , 
1/31/2020 3:40:59 PM, 3214.75, 8974.25, 1610.9, 320.953, 218.48, 160.19, 309.37, 169.785, 235.1, 95.1145, 29.88, 63.035, 125.14, 62.8159, 87.41, , , , , 
1/31/2020 3:41:02 PM, 3214.75, 8973.75, 1610.8, 320.9, 218.47, 160.16, 309.37, 169.785, 235.1, 95.11, 29.87, 63.03, 125.14, 62.8159, 87.415, , , , , 
1/31/2020 3:41:05 PM, 3214, 8973, 1610.5, 320.9, 218.45, 160.16, 309.3122, 169.77, 235.09, 95.11, 29.87, 63.03, 125.14, 62.8159, 87.415, , , , , 
1/31/2020 3:41:08 PM, 3214.75, 8975, 1610.6, 320.95, 218.48, 160.17, 309.42, 169.8, 235.19, 95.12, 29.87, 63.0301, 125.16, 62.8159, 87.41, , , , , 
1/31/2020 3:41:11 PM, 3214.5, 8974.5, 1610.6, 320.95, 218.49, 160.17, 309.41, 169.8, 235.19, 95.12, 29.87, 63.0301, 125.16, 62.8159, 87.41, , , , , 
1/31/2020 3:41:14 PM, 3214.5, 8973.5, 1610.4, 320.915, 218.47, 160.15, 309.3052, 169.79, 235.17, 95.11, 29.875, 63.0215, 125.13, 62.8159, 87.41, , , , , 
1/31/2020 3:41:17 PM, 3214.5, 8973.5, 1610.5, 320.915, 218.4637, 160.15, 309.3037, 169.79, 235.165, 95.11, 29.875, 63.0215, 125.13, 62.8159, 87.41, , , , , 
1/31/2020 3:41:20 PM, 3214, 8972.5, 1610.3, 320.892, 218.45, 160.14, 309.315, 169.78, 235.07, 95.11, 29.87, 63.02, 125.13, 62.8159, 87.41, , , , , 
1/31/2020 3:41:23 PM, 3214, 8973, 1610.2, 320.892, 218.4599, 160.14, 309.32, 169.7783, 235.0602, 95.11, 29.87, 63.02, 125.13, 62.8159, 87.41, , , , , 
1/31/2020 3:41:26 PM, 3214.5, 8973.5, 1610.3, 320.89, 218.46, 160.12, 309.34, 169.78, 235.0801, 95.11, 29.865, 63.025, 125.13, 62.8159, 87.41, , , , , 
1/31/2020 3:41:29 PM, 3214.5, 8974, 1610.3, 320.89, 218.47, 160.12, 309.345, 169.79, 235.1124, 95.11, 29.865, 63.025, 125.13, 62.8159, 87.41, , , , , 
1/31/2020 3:41:32 PM, 3214.25, 8973, 1610.1, 320.8871, 218.45, 160.12, 309.26, 169.795, 235.12, 95.1, 29.865, 63.025, 125.115, 62.8159, 87.41, , , , , 
1/31/2020 3:41:35 PM, 3214.25, 8973.5, 1610.3, 320.8871, 218.47, 160.12, 309.31, 169.8, 235.15, 95.1, 29.865, 63.025, 125.115, 62.8159, 87.41, , , , , 
1/31/2020 3:41:38 PM, 3214.5, 8974.25, 1610.4, 320.925, 218.48, 160.14, 309.28, 169.8154, 235.13, 95.11, 29.87, 63.03, 125.14, 62.8159, 87.41, , , , , 
1/31/2020 3:41:41 PM, 3214.5, 8973.25, 1610.3, 320.925, 218.4691, 160.14, 309.28, 169.805, 235.1638, 95.11, 29.87, 63.03, 125.14, 62.8159, 87.41, , , , , 
1/31/2020 3:41:44 PM, 3214.5, 8972.75, 1610.3, 320.91, 218.45, 160.14, 309.1758, 169.805, 235.1323, 95.11, 29.875, 63.025, 125.12, 62.8159, 87.41, , , , , 
1/31/2020 3:41:47 PM, 3214.25, 8972.75, 1610.3, 320.91, 218.4495, 160.14, 309.1453, 169.8, 235.14, 95.11, 29.875, 63.025, 125.12, 62.8159, 87.41, , , , , 
1/31/2020 3:41:50 PM, 3214.25, 8972.25, 1610.2, 320.88, 218.44, 160.13, 309.136, 169.7899, 235.095, 95.1, 29.87, 63.02, 125.11, 62.8159, 87.41, , , , , 
1/31/2020 3:41:53 PM, 3214.25, 8971.75, 1610.2, 320.88, 218.43, 160.13, 309.0603, 169.77, 235.09, 95.1, 29.87, 63.02, 125.11, 62.8159, 87.41, , , , , 
1/31/2020 3:41:56 PM, 3214, 8971.75, 1610.3, 320.8738, 218.43, 160.12, 309.065, 169.74, 235.09, 95.095, 29.865, 63.02, 125.11, 62.8159, 87.405, , , , , 
1/31/2020 3:41:59 PM, 3214, 8971.75, 1610.2, 320.8738, 218.42, 160.12, 309.06, 169.75, 235.0999, 95.095, 29.865, 63.02, 125.11, 62.8159, 87.405, , , , , 
1/31/2020 3:42:02 PM, 3213.75, 8970.75, 1610.3, 320.85, 218.395, 160.1215, 309.0407, 169.76, 235.1, 95.085, 29.87, 63.02, 125.1, 62.79, 87.41, , , , , 
1/31/2020 3:42:05 PM, 3214, 8970.25, 1610.3, 320.855, 218.39, 160.12, 309.05, 169.7599, 235.1, 95.085, 29.865, 63.02, 125.1, 62.79, 87.405, , , , , 
1/31/2020 3:42:08 PM, 3214, 8971.25, 1610.3, 320.86, 218.415, 160.11, 309.07, 169.75, 235.17, 95.09, 29.865, 63.015, 125.09, 62.79, 87.405, , , , , 
1/31/2020 3:42:11 PM, 3214.25, 8971.5, 1610.3, 320.88, 218.4133, 160.1301, 308.95, 169.75, 235.185, 95.09, 29.87, 63.03, 125.12, 62.79, 87.405, , , , , 
1/31/2020 3:42:14 PM, 3214.5, 8972.75, 1610.4, 320.91, 218.44, 160.12, 308.9996, 169.76, 235.1658, 95.09, 29.87, 63.03, 125.12, 62.79, 87.405, , , , , 
1/31/2020 3:42:17 PM, 3214.25, 8972.75, 1610.2, 320.91, 218.4499, 160.12, 308.98, 169.775, 235.19, 95.09, 29.87, 63.03, 125.12, 62.79, 87.405, , , , , 
1/31/2020 3:42:20 PM, 3214.25, 8972, 1610.2, 320.9, 218.435, 160.1202, 308.9586, 169.785, 235.12, 95.1, 29.875, 63.03, 125.12, 62.79, 87.405, , , , , 
1/31/2020 3:42:23 PM, 3214.25, 8972.75, 1610.3, 320.905, 218.44, 160.14, 308.99, 169.7835, 235.1297, 95.085, 29.875, 63.03, 125.12, 62.79, 87.405, , , , , 
1/31/2020 3:42:26 PM, 3215, 8974, 1610.8, 320.95, 218.48, 160.172, 309.015, 169.82, 235.185, 95.11, 29.88, 63.035, 125.13, 62.79, 87.405, , , , , 
1/31/2020 3:42:29 PM, 3214.75, 8972.5, 1610.6, 320.95, 218.445, 160.172, 308.9896, 169.79, 235.215, 95.11, 29.88, 63.035, 125.13, 62.79, 87.405, , , , , 
1/31/2020 3:42:32 PM, 3214.5, 8971.5, 1610.5, 320.89, 218.44, 160.15, 308.94, 169.77, 235.17, 95.07, 29.87, 63.02, 125.11, 62.79, 87.405, , , , , 
1/31/2020 3:42:35 PM, 3214, 8971, 1610.4, 320.89, 218.41, 160.15, 308.84, 169.755, 235.15, 95.07, 29.87, 63.02, 125.11, 62.79, 87.405, , , , , 
1/31/2020 3:42:38 PM, 3214.5, 8972.25, 1610.6, 320.91, 218.435, 160.16, 308.8966, 169.7845, 235.1415, 95.08, 29.87, 63.025, 125.11, 62.79, 87.405, , , , , 
1/31/2020 3:42:41 PM, 3214.75, 8972.75, 1610.6, 320.92, 218.445, 160.16, 308.9, 169.78, 235.16, 95.08, 29.8746, 63.025, 125.11, 62.79, 87.405, , , , , 
1/31/2020 3:42:44 PM, 3214.25, 8971.75, 1610.4, 320.8888, 218.4264, 160.14, 308.8716, 169.78, 235.14, 95.08, 29.87, 63.025, 125.1, 62.79, 87.4, , , , , 
1/31/2020 3:42:47 PM, 3214.25, 8971.5, 1610.3, 320.89, 218.41, 160.13, 308.84, 169.78, 235.13, 95.08, 29.875, 63.02, 125.1, 62.79, 87.4, , , , , 
1/31/2020 3:42:50 PM, 3214, 8970.75, 1610.3, 320.905, 218.4, 160.14, 308.75, 169.78, 234.91, 95.08, 29.875, 63.025, 125.1, 62.79, 87.405, , , , , 
1/31/2020 3:42:53 PM, 3213.75, 8971.25, 1610.2, 320.8625, 218.41, 160.115, 308.77, 169.7755, 234.81, 95.06, 29.86, 63.015, 125.09, 62.79, 87.405, , , , , 
1/31/2020 3:42:56 PM, 3214, 8971.75, 1610.2, 320.88, 218.415, 160.12, 308.77, 169.7791, 234.89, 95.065, 29.865, 63.015, 125.11, 62.79, 87.4, , , , , 
1/31/2020 3:43:00 PM, 3214.25, 8971.5, 1610.1, 320.88, 218.42, 160.115, 308.71, 169.78, 234.84, 95.07, 29.87, 63.015, 125.12, 62.79, 87.4, , , , , 
1/31/2020 3:43:03 PM, 3214, 8971.25, 1610, 320.8712, 218.4046, 160.11, 308.6742, 169.7742, 234.87, 95.06, 29.87, 63.015, 125.12, 62.79, 87.405, , , , , 
1/31/2020 3:43:06 PM, 3214.5, 8973, 1610.4, 320.98, 218.45, 160.15, 308.725, 169.8101, 234.99, 95.09, 29.88, 63.035, 125.15, 62.79, 87.405, , , , , 
1/31/2020 3:43:09 PM, 3215.5, 8976, 1610.7, 321.05, 218.51, 160.19, 308.85, 169.865, 235.08, 95.12, 29.8888, 63.04, 125.18, 62.79, 87.405, , , , , 
1/31/2020 3:43:12 PM, 3213, 8966.75, 1609.7, 320.77, 218.29, 160.07, 308.4779, 169.68, 234.87, 95, 29.87, 63.01, 125.07, 62.79, 87.4, , , , , 
1/31/2020 3:43:15 PM, 3213.75, 8969, 1609.8, 320.79, 218.31, 160.05, 308.4359, 169.655, 234.7616, 95.01, 29.86, 63.01, 125.07, 62.79, 87.405, , , , , 
1/31/2020 3:43:18 PM, 3214, 8970.25, 1610.3, 320.83, 218.4, 160.11, 308.43, 169.69, 234.79, 95.02, 29.87, 63.02, 125.09, 62.79, 87.405, , , , , 
1/31/2020 3:43:21 PM, 3215, 8972.75, 1610.5, 320.83, 218.45, 160.11, 308.5, 169.8, 234.92, 95.02, 29.87, 63.02, 125.09, 62.79, 87.405, , , , , 
1/31/2020 3:43:24 PM, 3215.25, 8973, 1610.8, 321, 218.46, 160.18, 308.595, 169.82, 235.14, 95.08, 29.885, 63.045, 125.15, 62.79, 87.405, , , , , 
1/31/2020 3:43:27 PM, 3215.5, 8975.25, 1610.8, 321.06, 218.48, 160.185, 308.685, 169.82, 235.14, 95.1, 29.885, 63.045, 125.175, 62.79, 87.405, , , , , 
1/31/2020 3:43:30 PM, 3216.25, 8976.5, 1610.9, 321.17, 218.52, 160.24, 308.65, 169.9, 235.255, 95.15, 29.9, 63.06, 125.22, 62.79, 87.42, , , , , 
1/31/2020 3:43:33 PM, 3217, 8978.75, 1611.2, 321.17, 218.6, 160.24, 308.93, 169.93, 235.38, 95.15, 29.9, 63.06, 125.22, 62.79, 87.42, , , , , 
1/31/2020 3:43:36 PM, 3217.5, 8980.25, 1611.4, 321.32, 218.64, 160.32, 308.9836, 169.95, 235.32, 95.195, 29.92, 63.08, 125.27, 62.79, 87.44, , , , , 
1/31/2020 3:43:39 PM, 3220.75, 8989.75, 1613.3, 321.53, 218.79, 160.3385, 309.34, 170.07, 235.7, 95.28, 29.95, 63.1, 125.35, 62.85, 87.46, , , , , 
1/31/2020 3:43:42 PM, 3221, 8989.75, 1613.3, 321.48, 218.84, 160.4, 309.415, 170.12, 235.93, 95.26, 29.95, 63.09, 125.34, 62.85, 87.46, , , , , 
1/31/2020 3:43:45 PM, 3221.75, 8992.5, 1613.6, 321.59, 218.9, 160.435, 309.3966, 170.13, 235.91, 95.3, 29.95, 63.1, 125.37, 62.85, 87.455, , , , , 
1/31/2020 3:43:48 PM, 3219.5, 8986, 1612.3, 321.62, 218.91, 160.39, 309.55, 170.19, 235.95, 95.32, 29.955, 63.11, 125.39, 62.85, 87.455, , , , , 
1/31/2020 3:43:51 PM, 3219.5, 8986.5, 1612.5, 321.57, 218.77, 160.345, 309.14, 170.14, 235.85, 95.3, 29.95, 63.11, 125.37, 62.85, 87.45, , , , , 
1/31/2020 3:43:54 PM, 3219.75, 8987.5, 1612.5, 321.465, 218.8, 160.34, 309.28, 170.08, 235.79, 95.2569, 29.935, 63.095, 125.325, 62.91, 87.45, , , , , 
1/31/2020 3:43:57 PM, 3219.25, 8986, 1612.5, 321.44, 218.77, 160.3702, 309.1278, 170.05, 235.69, 95.24, 29.93, 63.08, 125.32, 62.91, 87.455, , , , , 
1/31/2020 3:44:00 PM, 3220, 8988.5, 1613.1, 321.53, 218.8194, 160.46, 309.23, 170.09, 235.63, 95.2723, 29.94, 63.105, 125.34, 62.91, 87.475, , , , , 
1/31/2020 3:44:03 PM, 3220.5, 8990.5, 1613.6, 321.54, 218.87, 160.46, 309.378, 170.14, 235.71, 95.28, 29.94, 63.115, 125.35, 62.91, 87.475, , , , , 
1/31/2020 3:44:06 PM, 3221.25, 8992.5, 1613.7, 321.65, 218.91, 160.47, 309.38, 170.14, 235.83, 95.31, 29.95, 63.12, 125.38, 62.91, 87.485, , , , , 
1/31/2020 3:44:09 PM, 3221.5, 8992.25, 1613.7, 321.48, 218.93, 160.44, 309.49, 170.2, 235.92, 95.27, 29.94, 63.1, 125.33, 62.91, 87.48, , , , , 
1/31/2020 3:44:12 PM, 3220, 8988.5, 1613.3, 321.5, 218.84, 160.44, 309.3304, 170.12, 235.825, 95.27, 29.94, 63.095, 125.32, 62.91, 87.48, , , , , 
1/31/2020 3:44:15 PM, 3221.25, 8992, 1614, 321.63, 218.95, 160.58, 309.55, 170.19, 236.0338, 95.3289, 29.955, 63.12, 125.37, 62.91, 87.5, , , , , 
1/31/2020 3:44:18 PM, 3221.75, 8993.25, 1614.7, 321.72, 218.95, 160.56, 309.59, 170.2, 235.995, 95.34, 29.96, 63.12, 125.39, 62.91, 87.51, , , , , 
1/31/2020 3:44:21 PM, 3223.25, 8997.5, 1615.2, 321.82, 219.05, 160.64, 309.75, 170.27, 236.21, 95.4, 29.97, 63.14, 125.455, 62.91, 87.51, , , , , 
1/31/2020 3:44:24 PM, 3223, 8998, 1615.1, 321.77, 219.065, 160.615, 309.82, 170.278, 236.1893, 95.38, 29.96, 63.14, 125.43, 62.91, 87.51, , , , , 
1/31/2020 3:44:27 PM, 3222.5, 8995, 1614.8, 321.8445, 219, 160.635, 309.68, 170.2286, 236.06, 95.39, 29.97, 63.16, 125.44, 62.91, 87.51, , , , , 
1/31/2020 3:44:30 PM, 3223, 8998, 1615.2, 321.8, 219.06, 160.62, 309.79, 170.28, 236.24, 95.3802, 29.965, 63.14, 125.42, 62.91, 87.52, , , , , 
1/31/2020 3:44:33 PM, 3223.25, 8996.75, 1615.2, 321.77, 219.03, 160.61, 309.8, 170.2707, 236.206, 95.38, 29.965, 63.145, 125.415, 62.91, 87.51, , , , , 
1/31/2020 3:44:36 PM, 3223.5, 8998.25, 1615.2, 321.8, 219.07, 160.6, 309.86, 170.28, 236.23, 95.39, 29.97, 63.15, 125.43, 62.91, 87.515, , , , , 
1/31/2020 3:44:39 PM, 3223.25, 8998.75, 1615, 321.728, 219.0754, 160.57, 309.98, 170.28, 236.2451, 95.375, 29.96, 63.14, 125.41, 62.91, 87.51, , , , , 
1/31/2020 3:44:42 PM, 3222.25, 8996.25, 1614.6, 321.71, 219.01, 160.56, 309.865, 170.24, 236.19, 95.36, 29.955, 63.135, 125.4, 62.91, 87.51, , , , , 
1/31/2020 3:44:45 PM, 3222.25, 8995, 1614.1, 321.63, 218.995, 160.51, 309.855, 170.23, 236.043, 95.34, 29.95, 63.13, 125.37, 62.91, 87.5, , , , , 
1/31/2020 3:44:48 PM, 3221.5, 8994.25, 1614.1, 321.68, 219, 160.52, 309.88, 170.2, 236, 95.3502, 29.955, 63.13, 125.385, 62.91, 87.5, , , , , 
1/31/2020 3:44:51 PM, 3221.5, 8994.25, 1613.7, 321.64, 218.98, 160.48, 309.795, 170.22, 236.04, 95.36, 29.95, 63.13, 125.385, 62.91, 87.4987, , , , , 
1/31/2020 3:44:54 PM, 3221.5, 8994.25, 1613.7, 321.675, 218.98, 160.49, 309.795, 170.22, 236.04, 95.35, 29.95, 63.135, 125.38, 62.91, 87.4987, , , , , 
1/31/2020 3:44:57 PM, 3222.25, 8996.75, 1614.2, 321.71, 219.02, 160.54, 309.98, 170.25, 236.07, 95.37, 29.955, 63.14, 125.415, 62.91, 87.5, , , , , 
1/31/2020 3:45:00 PM, 3222.25, 8996.75, 1614.2, 321.72, 219.02, 160.52, 309.98, 170.25, 236.07, 95.39, 29.96, 63.135, 125.41, 62.91, 87.495, , , , , 
1/31/2020 3:45:03 PM, 3222.75, 8998.25, 1614.5, 321.79, 219.065, 160.57, 310.0679, 170.27, 236.2, 95.4, 29.96, 63.14, 125.43, 62.91, 87.495, , , , , 
1/31/2020 3:45:07 PM, 3222.75, 8998.25, 1614.5, 321.76, 219.065, 160.55, 310.0679, 170.27, 236.2, 95.4, 29.96, 63.145, 125.42, 62.91, 87.5, , , , , 
1/31/2020 3:45:10 PM, 3223.75, 9002.25, 1614.9, 321.84, 219.15, 160.605, 310.2175, 170.3154, 236.3, 95.42, 29.965, 63.15, 125.445, 62.91, 87.51, , , , , 
1/31/2020 3:45:13 PM, 3223.75, 9002.25, 1614.9, 321.865, 219.15, 160.58, 310.2175, 170.3154, 236.3, 95.43, 29.965, 63.155, 125.44, 62.91, 87.51, , , , , 
1/31/2020 3:45:16 PM, 3224, 9001.5, 1614.6, 321.91, 219.14, 160.59, 310.2296, 170.33, 236.3, 95.45, 29.97, 63.165, 125.465, 62.91, 87.515, , , , , 
1/31/2020 3:45:19 PM, 3224, 9001.5, 1614.6, 321.81, 219.14, 160.53, 310.2296, 170.33, 236.3, 95.41, 29.965, 63.15, 125.43, 62.91, 87.51, , , , , 
1/31/2020 3:45:22 PM, 3222.75, 8998, 1614, 321.775, 219.06, 160.5, 310.06, 170.205, 236.18, 95.39, 29.965, 63.14, 125.43, 62.91, 87.51, , , , , 
1/31/2020 3:45:25 PM, 3222.75, 8998, 1614, 321.77, 219.06, 160.49, 310.06, 170.205, 236.18, 95.39, 29.955, 63.1404, 125.425, 62.91, 87.505, , , , , 
1/31/2020 3:45:28 PM, 3221.75, 8995, 1613.6, 321.7, 218.982, 160.5, 309.82, 170.16, 236.03, 95.37, 29.945, 63.145, 125.4, 62.91, 87.5016, , , , , 
1/31/2020 3:45:31 PM, 3221.75, 8995, 1613.6, 321.67, 218.982, 160.48, 309.82, 170.16, 236.03, 95.355, 29.945, 63.135, 125.39, 62.91, 87.5, , , , , 
1/31/2020 3:45:34 PM, 3222, 8996, 1613.7, 321.68, 219.0137, 160.48, 309.87, 170.19, 235.9865, 95.36, 29.945, 63.14, 125.405, 62.91, 87.495, , , , , 
1/31/2020 3:45:37 PM, 3222, 8996, 1613.7, 321.65, 219.0137, 160.46, 309.87, 170.19, 235.9865, 95.34, 29.945, 63.135, 125.395, 62.91, 87.495, , , , , 
1/31/2020 3:45:40 PM, 3222, 8994.5, 1613.5, 321.66, 218.99, 160.4501, 309.8, 170.16, 235.9753, 95.3429, 29.95, 63.135, 125.39, 62.91, 87.495, , , , , 
1/31/2020 3:45:43 PM, 3222, 8994.5, 1613.5, 321.61, 218.99, 160.42, 309.8, 170.16, 235.9753, 95.33, 29.945, 63.14, 125.38, 62.91, 87.49, , , , , 
1/31/2020 3:45:46 PM, 3220.5, 8991.75, 1612.9, 321.51, 218.9011, 160.38, 309.64, 170.1, 235.9221, 95.3, 29.93, 63.13, 125.325, 62.91, 87.485, , , , , 
1/31/2020 3:45:49 PM, 3220.5, 8991.75, 1612.9, 321.51, 218.9011, 160.38, 309.64, 170.1, 235.9221, 95.3, 29.935, 63.125, 125.33, 62.91, 87.48, , , , , 
1/31/2020 3:45:52 PM, 3220.25, 8990.75, 1612.8, 321.505, 218.89, 160.37, 309.6, 170.0866, 235.86, 95.2901, 29.93, 63.12, 125.32, 62.91, 87.48, , , , , 
1/31/2020 3:45:55 PM, 3220.25, 8990.75, 1612.8, 321.49, 218.88, 160.3802, 309.535, 170.07, 235.9073, 95.2901, 29.925, 63.12, 125.325, 62.91, 87.48, , , , , 
1/31/2020 3:45:58 PM, 3219.25, 8987.75, 1612.4, 321.4, 218.8035, 160.35, 309.38, 170.005, 235.76, 95.27, 29.92, 63.11, 125.315, 62.91, 87.48, , , , , 
1/31/2020 3:46:01 PM, 3219.25, 8987.75, 1612.4, 321.37, 218.8035, 160.34, 309.38, 170.005, 235.76, 95.25, 29.915, 63.1, 125.3, 62.91, 87.47, , , , , 
1/31/2020 3:46:04 PM, 3218, 8983.75, 1612, 321.31, 218.7, 160.33, 309.1599, 169.94, 235.6666, 95.2201, 29.91, 63.1, 125.265, 62.91, 87.465, , , , , 
1/31/2020 3:46:07 PM, 3218, 8983.75, 1612, 321.3, 218.7, 160.32, 309.1599, 169.94, 235.6666, 95.21, 29.91, 63.1, 125.26, 62.91, 87.46, , , , , 
1/31/2020 3:46:10 PM, 3220, 8989.25, 1613.1, 321.41, 218.845, 160.385, 309.1651, 170.1, 235.76, 95.27, 29.92, 63.11, 125.32, 62.91, 87.47, , , , , 
1/31/2020 3:46:13 PM, 3220, 8989.25, 1613.1, 321.53, 218.845, 160.44, 309.1651, 170.1, 235.76, 95.29, 29.925, 63.12, 125.36, 62.91, 87.475, , , , , 
1/31/2020 3:46:16 PM, 3221.25, 8993.5, 1613.9, 321.55, 218.91, 160.46, 309.32, 170.15, 235.87, 95.31, 29.93, 63.13, 125.38, 62.91, 87.48, , , , , 
1/31/2020 3:46:19 PM, 3221.25, 8993.5, 1613.9, 321.49, 218.91, 160.42, 309.32, 170.15, 235.87, 95.29, 29.93, 63.125, 125.36, 62.91, 87.485, , , , , 
1/31/2020 3:46:22 PM, 3220.25, 8990, 1613.3, 321.52, 218.875, 160.435, 309.29, 170.12, 235.9, 95.3, 29.93, 63.135, 125.38, 62.91, 87.485, , , , , 
1/31/2020 3:46:25 PM, 3220.25, 8990, 1613.3, 321.51, 218.875, 160.42, 309.29, 170.12, 235.9, 95.3, 29.93, 63.125, 125.37, 62.91, 87.485, , , , , 
1/31/2020 3:46:28 PM, 3221.25, 8993.5, 1613.5, 321.6, 218.96, 160.44, 309.408, 170.21, 235.98, 95.3, 29.935, 63.14, 125.39, 62.91, 87.49, , , , , 
1/31/2020 3:46:31 PM, 3221.25, 8993.5, 1613.5, 321.64, 218.96, 160.4698, 309.408, 170.21, 235.98, 95.35, 29.935, 63.14, 125.41, 62.91, 87.5, , , , , 
1/31/2020 3:46:34 PM, 3221, 8992.5, 1613.3, 321.62, 218.92, 160.44, 309.39, 170.195, 235.905, 95.33, 29.935, 63.14, 125.39, 62.91, 87.5, , , , , 
1/31/2020 3:46:37 PM, 3221, 8992.5, 1613.3, 321.56, 218.92, 160.43, 309.39, 170.195, 235.905, 95.32, 29.935, 63.13, 125.39, 62.91, 87.495, , , , , 
1/31/2020 3:46:40 PM, 3221.5, 8994.5, 1613.6, 321.63, 218.97, 160.46, 309.58, 170.19, 235.8018, 95.33, 29.94, 63.14, 125.39, 62.91, 87.495, , , , , 
1/31/2020 3:46:43 PM, 3221.5, 8994.5, 1613.6, 321.62, 218.97, 160.47, 309.58, 170.19, 235.8018, 95.34, 29.935, 63.135, 125.39, 62.91, 87.495, , , , , 
1/31/2020 3:46:46 PM, 3222, 8996.5, 1613.9, 321.68, 219.0266, 160.49, 309.85, 170.225, 235.98, 95.375, 29.945, 63.145, 125.425, 62.91, 87.505, , , , , 
1/31/2020 3:46:49 PM, 3222, 8996.5, 1613.9, 321.66, 219.0266, 160.48, 309.85, 170.225, 235.98, 95.365, 29.945, 63.145, 125.415, 62.91, 87.51, , , , , 
1/31/2020 3:46:52 PM, 3222.5, 8998.5, 1614.3, 321.75, 219.095, 160.53, 309.94, 170.27, 236.07, 95.4, 29.95, 63.16, 125.45, 62.91, 87.52, , , , , 
1/31/2020 3:46:55 PM, 3224, 9001.5, 1614.7, 321.84, 219.15, 160.55, 310.14, 170.32, 236.18, 95.415, 29.965, 63.17, 125.47, 62.91, 87.52, , , , , 
1/31/2020 3:46:58 PM, 3223.5, 9000.5, 1614.7, 321.84, 219.14, 160.55, 310.0633, 170.3, 236.1613, 95.415, 29.965, 63.17, 125.47, 62.91, 87.52, , , , , 
1/31/2020 3:47:01 PM, 3223.75, 9001.25, 1614.7, 321.88, 219.14, 160.55, 310.1088, 170.32, 236.18, 95.425, 29.965, 63.17, 125.48, 62.91, 87.52, , , , , 
1/31/2020 3:47:04 PM, 3223.25, 8999.5, 1614.2, 321.78, 219.09, 160.53, 310.0463, 170.265, 236.0705, 95.4, 29.96, 63.16, 125.46, 62.91, 87.52, , , , , 
1/31/2020 3:47:07 PM, 3223, 8999.5, 1614.3, 321.75, 219.08, 160.51, 310.0732, 170.2575, 236.08, 95.39, 29.95, 63.145, 125.43, 62.91, 87.5101, , , , , 
1/31/2020 3:47:10 PM, 3222.75, 8998.75, 1614.2, 321.74, 219.085, 160.51, 310.1048, 170.261, 236.04, 95.4, 29.955, 63.155, 125.44, 62.91, 87.5101, , , , , 
1/31/2020 3:47:13 PM, 3222, 8996.75, 1613.9, 321.75, 219.037, 160.52, 310.1148, 170.24, 236.0593, 95.4, 29.95, 63.14, 125.43, 62.91, 87.51, , , , , 
1/31/2020 3:47:17 PM, 3222.5, 8998.25, 1614.2, 321.75, 219.065, 160.52, 310.165, 170.2611, 236.07, 95.4, 29.95, 63.14, 125.43, 62.91, 87.51, , , , , 
1/31/2020 3:47:20 PM, 3222.75, 8998, 1614.2, 321.65, 219.07, 160.49, 310.1292, 170.245, 235.99, 95.38, 29.945, 63.13, 125.41, 62.91, 87.505, , , , , 
1/31/2020 3:47:23 PM, 3221.75, 8995.5, 1613.9, 321.65, 219.005, 160.49, 309.9901, 170.185, 235.975, 95.38, 29.945, 63.13, 125.41, 62.91, 87.505, , , , , 
1/31/2020 3:47:26 PM, 3221.5, 8995, 1613.9, 321.67, 218.99, 160.5, 309.96, 170.19, 235.97, 95.38, 29.95, 63.13, 125.42, 62.91, 87.5016, , , , , 
1/31/2020 3:47:29 PM, 3222, 8997.25, 1614, 321.67, 219.03, 160.5, 310, 170.23, 236.09, 95.38, 29.95, 63.13, 125.42, 62.91, 87.5016, , , , , 
1/31/2020 3:47:32 PM, 3222.25, 8997.75, 1614.1, 321.7, 219.055, 160.51, 310.16, 170.245, 236.16, 95.4, 29.945, 63.145, 125.42, 62.91, 87.5, , , , , 
1/31/2020 3:47:35 PM, 3222, 8996.25, 1614.1, 321.7, 219.02, 160.51, 310.11, 170.23, 236.1583, 95.4, 29.945, 63.145, 125.42, 62.91, 87.5, , , , , 
1/31/2020 3:47:38 PM, 3221.75, 8995.75, 1614.1, 321.63, 219.005, 160.5, 310.04, 170.1867, 236.05, 95.3646, 29.945, 63.13, 125.41, 62.91, 87.5, , , , , 
1/31/2020 3:47:41 PM, 3221.5, 8994, 1613.9, 321.63, 218.97, 160.5, 310.015, 170.15, 236.07, 95.3646, 29.945, 63.13, 125.41, 62.91, 87.5, , , , , 
1/31/2020 3:47:44 PM, 3221.25, 8993.25, 1613.8, 321.6, 218.9666, 160.48, 310.01, 170.138, 236.0568, 95.36, 29.945, 63.125, 125.39, 62.91, 87.495, , , , , 
1/31/2020 3:47:47 PM, 3221.25, 8993.75, 1613.8, 321.57, 218.95, 160.47, 310.04, 170.15, 236.05, 95.35, 29.945, 63.115, 125.37, 62.91, 87.495, , , , , 
1/31/2020 3:47:50 PM, 3221.75, 8995.25, 1614, 321.68, 218.99, 160.51, 310.07, 170.1666, 235.98, 95.38, 29.95, 63.135, 125.39, 62.91, 87.49, , , , , 
1/31/2020 3:47:53 PM, 3222, 8995.75, 1614.1, 321.668, 219.005, 160.5, 310.0495, 170.1801, 236.045, 95.38, 29.945, 63.135, 125.39, 62.91, 87.4954, , , , , 
1/31/2020 3:47:56 PM, 3223, 8998, 1614.4, 321.83, 219.07, 160.57, 310.1632, 170.24, 236.105, 95.44, 29.965, 63.155, 125.44, 62.91, 87.505, , , , , 
1/31/2020 3:47:59 PM, 3223.75, 9000, 1614.7, 321.83, 219.1056, 160.57, 310.28, 170.298, 236.1609, 95.44, 29.965, 63.155, 125.44, 62.91, 87.505, , , , , 
1/31/2020 3:48:02 PM, 3223.5, 9000.5, 1614.7, 321.88, 219.11, 160.58, 310.2546, 170.285, 236.2264, 95.45, 29.975, 63.17, 125.48, 62.91, 87.505, , , , , 
1/31/2020 3:48:05 PM, 3223.5, 8999, 1614.7, 321.88, 219.11, 160.58, 310.2597, 170.26, 236.15, 95.45, 29.975, 63.17, 125.48, 62.91, 87.505, , , , , 
1/31/2020 3:48:08 PM, 3223.75, 9000.25, 1614.9, 321.84, 219.12, 160.58, 310.22, 170.27, 236.1633, 95.43, 29.965, 63.175, 125.47, 62.91, 87.52, , , , , 
1/31/2020 3:48:11 PM, 3224.25, 9001.25, 1615, 321.84, 219.135, 160.58, 310.26, 170.29, 236.195, 95.43, 29.965, 63.175, 125.47, 62.91, 87.52, , , , , 
1/31/2020 3:48:14 PM, 3224, 9001.25, 1615.2, 321.91, 219.13, 160.635, 310.34, 170.27, 236.21, 95.4386, 29.975, 63.1831, 125.5, 62.91, 87.54, , , , , 
1/31/2020 3:48:17 PM, 3224.25, 9001.5, 1615.4, 321.91, 219.16, 160.635, 310.28, 170.29, 236.189, 95.4386, 29.975, 63.1831, 125.5, 62.91, 87.54, , , , , 
1/31/2020 3:48:20 PM, 3224, 9001, 1615.2, 321.86, 219.148, 160.59, 310.3329, 170.285, 236.24, 95.43, 29.975, 63.185, 125.485, 62.91, 87.5399, , , , , 
1/31/2020 3:48:23 PM, 3224, 9000.25, 1615, 321.86, 219.12, 160.59, 310.25, 170.275, 236.1393, 95.43, 29.975, 63.185, 125.485, 62.91, 87.5399, , , , , 
1/31/2020 3:48:26 PM, 3223, 8997.75, 1614.6, 321.85, 219.06, 160.58, 310.15, 170.22, 236.0229, 95.43, 29.965, 63.18, 125.48, 62.91, 87.5399, , , , , 
1/31/2020 3:48:29 PM, 3222.75, 8996.5, 1614.5, 321.79, 219.01, 160.55, 310.01, 170.195, 235.98, 95.41, 29.965, 63.175, 125.46, 62.91, 87.53, , , , , 
1/31/2020 3:48:32 PM, 3222.25, 8994.75, 1614.4, 321.73, 219, 160.54, 309.845, 170.18, 235.9, 95.37, 29.955, 63.16, 125.435, 62.91, 87.53, , , , , 
1/31/2020 3:48:35 PM, 3222.25, 8995, 1614.4, 321.73, 219, 160.54, 309.83, 170.185, 235.97, 95.37, 29.955, 63.16, 125.435, 62.91, 87.53, , , , , 
1/31/2020 3:48:38 PM, 3223.25, 8997.75, 1614.5, 321.84, 219.07, 160.59, 309.94, 170.25, 235.91, 95.41, 29.975, 63.185, 125.48, 62.91, 87.535, , , , , 
1/31/2020 3:48:41 PM, 3223.25, 8998.75, 1614.7, 321.84, 219.07, 160.59, 309.95, 170.29, 236.05, 95.41, 29.975, 63.185, 125.48, 62.91, 87.535, , , , , 
1/31/2020 3:48:44 PM, 3223.25, 8998.75, 1614.7, 321.81, 219.08, 160.565, 309.975, 170.2901, 236.077, 95.4, 29.965, 63.18, 125.47, 62.91, 87.535, , , , , 
1/31/2020 3:48:47 PM, 3224, 9000.5, 1615, 321.82, 219.13, 160.58, 310.02, 170.32, 236.11, 95.41, 29.97, 63.175, 125.47, 62.91, 87.535, , , , , 
1/31/2020 3:48:50 PM, 3224.75, 9002, 1615.5, 321.93, 219.16, 160.64, 310.07, 170.38, 236.1, 95.45, 29.975, 63.195, 125.51, 62.91, 87.54, , , , , 
1/31/2020 3:48:53 PM, 3224, 9000, 1615.2, 321.93, 219.12, 160.64, 310.0944, 170.3336, 236.1381, 95.45, 29.975, 63.195, 125.51, 62.91, 87.54, , , , , 
1/31/2020 3:48:56 PM, 3223.75, 8999.5, 1615.1, 321.78, 219.1, 160.57, 310.092, 170.3101, 236.1032, 95.4, 29.965, 63.18, 125.47, 62.91, 87.535, , , , , 
1/31/2020 3:48:59 PM, 3222.5, 8995.25, 1614.3, 321.78, 219.02, 160.57, 309.96, 170.24, 236.02, 95.4, 29.965, 63.18, 125.47, 62.91, 87.535, , , , , 
1/31/2020 3:49:02 PM, 3222.5, 8995.75, 1614.2, 321.745, 219.01, 160.55, 310.07, 170.23, 235.89, 95.3802, 29.96, 63.165, 125.44, 62.91, 87.53, , , , , 
1/31/2020 3:49:05 PM, 3223, 8996.5, 1614.4, 321.76, 219.0363, 160.5568, 310.1542, 170.24, 235.87, 95.4001, 29.955, 63.18, 125.45, 62.91, 87.53, , , , , 
1/31/2020 3:49:08 PM, 3222.5, 8996.5, 1614.2, 321.65, 219.03, 160.51, 310.11, 170.26, 235.96, 95.37, 29.945, 63.165, 125.42, 62.91, 87.53, , , , , 
1/31/2020 3:49:11 PM, 3221.5, 8993.5, 1613.9, 321.66, 218.99, 160.49, 310, 170.22, 235.87, 95.37, 29.94, 63.165, 125.42, 62.91, 87.53, , , , , 
1/31/2020 3:49:14 PM, 3221.5, 8994.5, 1613.8, 321.58, 218.97, 160.46, 310.04, 170.25, 235.88, 95.35, 29.93, 63.16, 125.39, 62.91, 87.53, , , , , 
1/31/2020 3:49:17 PM, 3220.75, 8991.75, 1613.4, 321.58, 218.92, 160.4502, 309.9101, 170.19, 235.815, 95.34, 29.93, 63.16, 125.38, 62.91, 87.53, , , , , 
1/31/2020 3:49:20 PM, 3220.5, 8990.75, 1613.2, 321.58, 218.89, 160.4502, 309.87, 170.17, 235.81, 95.34, 29.93, 63.16, 125.38, 62.91, 87.53, , , , , 
1/31/2020 3:49:24 PM, 3220.25, 8989.25, 1612.8, 321.5, 218.86, 160.38, 309.7195, 170.1434, 235.7987, 95.31, 29.915, 63.155, 125.36, 62.91, 87.535, , , , , 
1/31/2020 3:49:27 PM, 3220.25, 8989.5, 1612.6, 321.49, 218.865, 160.36, 309.63, 170.1501, 235.7843, 95.3, 29.91, 63.15, 125.35, 62.91, 87.53, , , , , 
1/31/2020 3:49:30 PM, 3220, 8989.5, 1612.4, 321.49, 218.87, 160.35, 309.64, 170.14, 235.7736, 95.31, 29.915, 63.155, 125.36, 62.91, 87.53, , , , , 
1/31/2020 3:49:33 PM, 3220.5, 8990.5, 1612.5, 321.5, 218.8776, 160.34, 309.69, 170.145, 235.775, 95.31, 29.915, 63.155, 125.37, 62.91, 87.535, , , , , 
1/31/2020 3:49:36 PM, 3220, 8989.5, 1612.2, 321.49, 218.85, 160.34, 309.6425, 170.12, 235.71, 95.293, 29.91, 63.155, 125.36, 62.91, 87.535, , , , , 
1/31/2020 3:49:39 PM, 3220.75, 8990, 1612.5, 321.55, 218.89, 160.37, 309.68, 170.16, 235.78, 95.325, 29.915, 63.165, 125.375, 62.91, 87.54, , , , , 
1/31/2020 3:49:42 PM, 3221.25, 8992.5, 1612.9, 321.5388, 218.92, 160.38, 309.7278, 170.19, 235.8, 95.32, 29.925, 63.17, 125.38, 62.91, 87.535, , , , , 
1/31/2020 3:49:45 PM, 3220.5, 8990.25, 1612.6, 321.57, 218.89, 160.38, 309.7099, 170.12, 235.7952, 95.33, 29.925, 63.165, 125.38, 62.91, 87.52, , , , , 
1/31/2020 3:49:48 PM, 3220.75, 8990.75, 1612.6, 321.5694, 218.88, 160.37, 309.69, 170.16, 235.76, 95.32, 29.925, 63.165, 125.39, 62.91, 87.52, , , , , 
1/31/2020 3:49:51 PM, 3220.75, 8991, 1612.6, 321.5694, 218.89, 160.37, 309.77, 170.14, 235.79, 95.32, 29.925, 63.165, 125.39, 62.91, 87.52, , , , , 
1/31/2020 3:49:54 PM, 3220.75, 8991, 1612.6, 321.485, 218.89, 160.34, 309.77, 170.14, 235.79, 95.3, 29.915, 63.17, 125.37, 62.91, 87.52, , , , , 
1/31/2020 3:49:57 PM, 3220.75, 8991, 1612.6, 321.485, 218.89, 160.34, 309.77, 170.14, 235.79, 95.3, 29.915, 63.17, 125.37, 62.91, 87.52, , , , , 
1/31/2020 3:50:00 PM, 3219.5, 8987.25, 1612, 321.485, 218.8, 160.34, 309.6, 170.1, 235.71, 95.3, 29.915, 63.17, 125.37, 62.91, 87.52, , , , , 
1/31/2020 3:50:03 PM, 3220, 8988.75, 1612.4, 321.45, 218.75, 160.35, 309.64, 169.95, 235.58, 95.29, 29.91, 63.155, 125.34, 62.91, 87.505, , , , , 
1/31/2020 3:50:06 PM, 3219.75, 8986.75, 1611.8, 321.36, 218.8, 160.2499, 309.64, 170.03, 235.54, 95.24, 29.915, 63.14, 125.3, 62.91, 87.49, , , , , 
1/31/2020 3:50:09 PM, 3219.5, 8987.5, 1611.7, 321.4323, 218.78, 160.3, 309.678, 170, 235.52, 95.27, 29.925, 63.15, 125.335, 62.91, 87.495, , , , , 
1/31/2020 3:50:12 PM, 3220, 8988.25, 1611.8, 321.55, 218.82, 160.34, 309.68, 170.0499, 235.56, 95.3099, 29.93, 63.17, 125.365, 62.91, 87.5, , , , , 
1/31/2020 3:50:15 PM, 3221.25, 8991, 1612.4, 321.56, 218.87, 160.34, 309.78, 170.105, 235.67, 95.31, 29.935, 63.17, 125.365, 62.91, 87.505, , , , , 
1/31/2020 3:50:18 PM, 3220.5, 8989.25, 1612.1, 321.52, 218.85, 160.32, 309.6909, 170.05, 235.63, 95.3, 29.93, 63.165, 125.36, 62.91, 87.505, , , , , 
1/31/2020 3:50:21 PM, 3220.25, 8988.25, 1611.7, 321.515, 218.825, 160.3, 309.705, 170.02, 235.595, 95.29, 29.93, 63.17, 125.35, 62.91, 87.505, , , , , 
1/31/2020 3:50:24 PM, 3220.5, 8988.75, 1611.8, 321.55, 218.84, 160.295, 309.705, 170.06, 235.5899, 95.29, 29.925, 63.175, 125.35, 62.91, 87.5007, , , , , 
1/31/2020 3:50:27 PM, 3222, 8990.75, 1612.3, 321.72, 218.92, 160.38, 309.8, 170.125, 235.63, 95.36, 29.95, 63.2, 125.41, 62.91, 87.53, , , , , 
1/31/2020 3:50:30 PM, 3222.5, 8995.75, 1613.1, 321.82, 219.02, 160.458, 309.87, 170.2, 235.8, 95.39, 29.96, 63.21, 125.45, 62.91, 87.535, , , , , 
1/31/2020 3:50:33 PM, 3223.75, 8997.5, 1613.6, 321.85, 219.06, 160.495, 309.89, 170.25, 235.9, 95.4, 29.965, 63.22, 125.48, 62.91, 87.53, , , , , 
1/31/2020 3:50:36 PM, 3224, 8999.75, 1614.2, 321.81, 219.07, 160.48, 310, 170.26, 235.91, 95.385, 29.96, 63.21, 125.44, 62.91, 87.53, , , , , 
1/31/2020 3:50:39 PM, 3223.75, 8998, 1613.9, 321.8, 219.06, 160.47, 309.89, 170.27, 235.93, 95.395, 29.955, 63.21, 125.43, 62.91, 87.53, , , , , 
1/31/2020 3:50:42 PM, 3222.5, 8994, 1613.2, 321.785, 218.977, 160.45, 309.88, 170.18, 235.84, 95.38, 29.95, 63.2, 125.41, 62.91, 87.53, , , , , 
1/31/2020 3:50:45 PM, 3223.25, 8996, 1613.4, 321.78, 219.01, 160.45, 309.8621, 170.2199, 235.9249, 95.375, 29.955, 63.205, 125.4266, 62.91, 87.525, , , , , 
1/31/2020 3:50:48 PM, 3222.75, 8994.5, 1613.2, 321.7, 218.99, 160.405, 309.84, 170.15, 235.87, 95.35, 29.945, 63.195, 125.39, 62.91, 87.535, , , , , 
1/31/2020 3:50:51 PM, 3222.25, 8993.25, 1613, 321.76, 218.9454, 160.44, 309.77, 170.12, 235.76, 95.35, 29.955, 63.205, 125.41, 62.91, 87.54, , , , , 
1/31/2020 3:50:54 PM, 3222.25, 8993.25, 1613, 321.68, 218.94, 160.4, 309.73, 170.14, 235.76, 95.34, 29.945, 63.195, 125.38, 62.91, 87.535, , , , , 
1/31/2020 3:50:57 PM, 3222.5, 8994, 1613.2, 321.69, 218.97, 160.395, 309.71, 170.17, 235.8, 95.34, 29.945, 63.195, 125.38, 62.91, 87.54, , , , , 
1/31/2020 3:51:00 PM, 3221.5, 8991.5, 1612.8, 321.64, 218.91, 160.4, 309.6309, 170.13, 235.6, 95.33, 29.945, 63.185, 125.38, 62.91, 87.535, , , , , 
1/31/2020 3:51:03 PM, 3221.25, 8991, 1612.7, 321.59, 218.89, 160.36, 309.605, 170.12, 235.6, 95.31, 29.93, 63.175, 125.36, 62.91, 87.525, , , , , 
1/31/2020 3:51:06 PM, 3221.5, 8991.5, 1612.7, 321.65, 218.91, 160.38, 309.67, 170.1, 235.67, 95.33, 29.94, 63.18, 125.38, 62.91, 87.525, , , , , 
1/31/2020 3:51:09 PM, 3221.75, 8992.5, 1612.7, 321.61, 218.94, 160.36, 309.6354, 170.1206, 235.72, 95.31, 29.94, 63.18, 125.37, 62.91, 87.525, , , , , 
1/31/2020 3:51:12 PM, 3220.75, 8989, 1612.3, 321.57, 218.87, 160.35, 309.6, 170.05, 235.67, 95.3, 29.935, 63.165, 125.35, 62.91, 87.52, , , , , 
1/31/2020 3:51:15 PM, 3221.5, 8991.75, 1612.6, 321.55, 218.91, 160.355, 309.6414, 170.09, 235.65, 95.3, 29.93, 63.165, 125.36, 62.91, 87.53, , , , , 
1/31/2020 3:51:18 PM, 3220.5, 8989.25, 1612.4, 321.55, 218.86, 160.36, 309.5588, 170.05, 235.64, 95.3, 29.925, 63.165, 125.36, 62.91, 87.535, , , , , 
1/31/2020 3:51:21 PM, 3221.25, 8991.25, 1612.6, 321.53, 218.89, 160.35, 309.605, 170.08, 235.6841, 95.29, 29.925, 63.165, 125.36, 62.91, 87.535, , , , , 
1/31/2020 3:51:24 PM, 3220.75, 8989.5, 1612.5, 321.55, 218.85, 160.355, 309.56, 170.035, 235.665, 95.29, 29.925, 63.165, 125.37, 62.91, 87.5347, , , , , 
1/31/2020 3:51:27 PM, 3220.5, 8989.5, 1612.5, 321.5, 218.85, 160.34, 309.54, 170.0301, 235.665, 95.28, 29.925, 63.16, 125.35, 62.91, 87.535, , , , , 
1/31/2020 3:51:30 PM, 3220.25, 8989.5, 1612.3, 321.54, 218.84, 160.35, 309.5507, 170, 235.665, 95.28, 29.92, 63.16, 125.36, 62.91, 87.5202, , , , , 
1/31/2020 3:51:33 PM, 3220.75, 8991, 1612.5, 321.71, 218.88, 160.42, 309.6, 170.0378, 235.64, 95.34, 29.94, 63.19, 125.41, 62.91, 87.54, , , , , 
1/31/2020 3:51:36 PM, 3222.25, 8994.75, 1613.2, 321.68, 218.99, 160.42, 309.75, 170.1, 235.77, 95.33, 29.94, 63.185, 125.4, 62.91, 87.54, , , , , 
1/31/2020 3:51:39 PM, 3221.5, 8992.5, 1612.7, 321.64, 218.92, 160.38, 309.6898, 170.08, 235.67, 95.315, 29.94, 63.175, 125.38, 62.91, 87.54, , , , , 
1/31/2020 3:51:42 PM, 3221.5, 8992.75, 1612.9, 321.64, 218.93, 160.39, 309.65, 170.0956, 235.67, 95.32, 29.935, 63.175, 125.38, 62.91, 87.54, , , , , 
1/31/2020 3:51:46 PM, 3221.75, 8993.75, 1612.9, 321.6754, 218.95, 160.4, 309.77, 170.09, 235.72, 95.32, 29.94, 63.19, 125.39, 62.91, 87.545, , , , , 
1/31/2020 3:51:49 PM, 3222, 8995.75, 1612.9, 321.69, 218.98, 160.4, 309.785, 170.12, 235.76, 95.34, 29.935, 63.18, 125.39, 62.91, 87.54, , , , , 
1/31/2020 3:51:52 PM, 3222, 8993.5, 1612.8, 321.675, 218.96, 160.41, 309.8, 170.13, 235.76, 95.35, 29.94, 63.18, 125.39, 62.91, 87.54, , , , , 
1/31/2020 3:51:55 PM, 3221.25, 8993.25, 1612.6, 321.67, 218.955, 160.39, 309.8, 170.095, 235.73, 95.34, 29.94, 63.18, 125.39, 62.91, 87.54, , , , , 
1/31/2020 3:51:58 PM, 3221.25, 8993.25, 1612.6, 321.59, 218.955, 160.36, 309.8, 170.095, 235.73, 95.32, 29.9301, 63.145, 125.36, 62.91, 87.535, , , , , 
1/31/2020 3:52:01 PM, 3221.5, 8993.5, 1612.7, 321.64, 218.96, 160.375, 309.65, 170.1329, 235.735, 95.34, 29.9346, 63.15, 125.38, 62.91, 87.535, , , , , 
1/31/2020 3:52:04 PM, 3221.5, 8993.5, 1612.7, 321.62, 218.96, 160.37, 309.65, 170.1329, 235.735, 95.33, 29.93, 63.155, 125.38, 62.91, 87.54, , , , , 
1/31/2020 3:52:07 PM, 3221, 8991.75, 1612.3, 321.57, 218.91, 160.33, 309.59, 170.0954, 235.7501, 95.31, 29.935, 63.1564, 125.37, 62.91, 87.54, , , , , 
1/31/2020 3:52:10 PM, 3221, 8991.75, 1612.3, 321.57, 218.91, 160.335, 309.59, 170.0954, 235.7501, 95.31, 29.9301, 63.15, 125.36, 62.91, 87.53, , , , , 
1/31/2020 3:52:13 PM, 3220.75, 8992.75, 1612.3, 321.57, 218.94, 160.33, 309.63, 170.105, 235.8076, 95.315, 29.925, 63.14, 125.37, 62.91, 87.535, , , , , 
1/31/2020 3:52:16 PM, 3220.75, 8992.75, 1612.3, 321.575, 218.94, 160.34, 309.63, 170.105, 235.8076, 95.32, 29.925, 63.145, 125.37, 62.91, 87.525, , , , , 
1/31/2020 3:52:19 PM, 3221.75, 8995, 1612.8, 321.67, 219, 160.38, 309.6999, 170.1351, 235.92, 95.33, 29.945, 63.155, 125.4, 62.91, 87.53, , , , , 
1/31/2020 3:52:22 PM, 3221.75, 8995, 1612.8, 321.62, 219, 160.37, 309.6999, 170.1351, 235.92, 95.33, 29.94, 63.145, 125.39, 62.91, 87.53, , , , , 
1/31/2020 3:52:25 PM, 3221.75, 8995.75, 1612.8, 321.66, 219.01, 160.38, 309.7, 170.18, 235.9, 95.34, 29.94, 63.155, 125.4, 62.91, 87.53, , , , , 
1/31/2020 3:52:28 PM, 3221.75, 8995.75, 1612.8, 321.65, 219.01, 160.39, 309.7, 170.18, 235.9, 95.34, 29.935, 63.155, 125.41, 62.91, 87.5307, , , , , 
1/31/2020 3:52:31 PM, 3222, 8995.75, 1612.8, 321.68, 219.01, 160.39, 309.69, 170.2, 235.8675, 95.36, 29.935, 63.15, 125.41, 62.91, 87.53, , , , , 
1/31/2020 3:52:34 PM, 3222, 8995.75, 1612.8, 321.7, 219.01, 160.41, 309.69, 170.2, 235.8675, 95.37, 29.9301, 63.16, 125.42, 62.91, 87.53, , , , , 
1/31/2020 3:52:37 PM, 3222.25, 8996.75, 1613, 321.68, 219.03, 160.41, 309.78, 170.195, 235.945, 95.36, 29.935, 63.16, 125.41, 62.91, 87.53, , , , , 
1/31/2020 3:52:40 PM, 3222.25, 8996.75, 1613, 321.68, 219.03, 160.41, 309.78, 170.195, 235.945, 95.36, 29.935, 63.155, 125.405, 62.91, 87.53, , , , , 
1/31/2020 3:52:43 PM, 3222.75, 8999.25, 1613.4, 321.72, 219.09, 160.415, 309.86, 170.265, 236, 95.38, 29.935, 63.155, 125.42, 62.91, 87.525, , , , , 
1/31/2020 3:52:46 PM, 3222.75, 8999.25, 1613.4, 321.72, 219.09, 160.42, 309.86, 170.265, 236, 95.38, 29.95, 63.17, 125.43, 62.91, 87.53, , , , , 
1/31/2020 3:52:49 PM, 3222.5, 8997.75, 1613.2, 321.7, 219.06, 160.42, 309.75, 170.25, 236.065, 95.37, 29.945, 63.17, 125.43, 62.91, 87.53, , , , , 
1/31/2020 3:52:52 PM, 3222.5, 8997.75, 1613.2, 321.735, 219.06, 160.43, 309.75, 170.25, 236.065, 95.38, 29.94, 63.165, 125.44, 62.91, 87.53, , , , , 
1/31/2020 3:52:55 PM, 3222, 8996.75, 1613.4, 321.64, 219.05, 160.41, 309.78, 170.24, 235.99, 95.36, 29.93, 63.15, 125.41, 62.91, 87.525, , , , , 
1/31/2020 3:52:58 PM, 3221.75, 8996, 1613, 321.63, 219.01, 160.42, 309.7656, 170.215, 235.9718, 95.36, 29.935, 63.15, 125.41, 62.91, 87.525, , , , , 
1/31/2020 3:53:01 PM, 3222.5, 8998.75, 1613.7, 321.73, 219.07, 160.45, 309.87, 170.275, 236.03, 95.38, 29.935, 63.16, 125.43, 62.91, 87.52, , , , , 
1/31/2020 3:53:04 PM, 3222.5, 8998.75, 1613.7, 321.735, 219.07, 160.48, 309.87, 170.275, 236.03, 95.39, 29.94, 63.165, 125.43, 62.91, 87.525, , , , , 
1/31/2020 3:53:07 PM, 3224.25, 9001.75, 1614.4, 321.82, 219.15, 160.52, 309.89, 170.36, 236.26, 95.4, 29.95, 63.185, 125.46, 62.91, 87.525, , , , , 
1/31/2020 3:53:10 PM, 3224.25, 9001.75, 1614.4, 321.855, 219.15, 160.495, 309.89, 170.36, 236.26, 95.405, 29.955, 63.175, 125.45, 62.91, 87.53, , , , , 
1/31/2020 3:53:13 PM, 3224.75, 9003.5, 1614.5, 321.89, 219.185, 160.54, 309.92, 170.36, 236.36, 95.42, 29.955, 63.18, 125.46, 62.91, 87.525, , , , , 
1/31/2020 3:53:16 PM, 3224.75, 9003.5, 1614.5, 321.93, 219.185, 160.55, 309.92, 170.36, 236.36, 95.44, 29.96, 63.19, 125.475, 62.91, 87.525, , , , , 
1/31/2020 3:53:19 PM, 3223.75, 9000.75, 1613.9, 321.89, 219.13, 160.5, 309.91, 170.315, 236.245, 95.43, 29.955, 63.185, 125.47, 62.91, 87.53, , , , , 
1/31/2020 3:53:22 PM, 3223.75, 9000.75, 1613.9, 321.81, 219.13, 160.48, 309.91, 170.315, 236.245, 95.405, 29.95, 63.175, 125.45, 62.91, 87.52, , , , , 
1/31/2020 3:53:25 PM, 3223, 8999.75, 1613.6, 321.79, 219.1, 160.485, 309.8661, 170.2802, 236.19, 95.39, 29.95, 63.16, 125.43, 62.91, 87.515, , , , , 
1/31/2020 3:53:28 PM, 3223, 8999.75, 1613.6, 321.79, 219.1, 160.475, 309.8661, 170.2802, 236.19, 95.395, 29.95, 63.16, 125.43, 62.91, 87.51, , , , , 
1/31/2020 3:53:31 PM, 3222.75, 8998.75, 1613.5, 321.74, 219.08, 160.46, 309.96, 170.25, 236.24, 95.38, 29.945, 63.165, 125.42, 62.91, 87.505, , , , , 
1/31/2020 3:53:34 PM, 3222.75, 8998.75, 1613.5, 321.76, 219.08, 160.46, 309.96, 170.25, 236.24, 95.39, 29.945, 63.165, 125.42, 62.91, 87.505, , , , , 
1/31/2020 3:53:37 PM, 3223.5, 9001, 1613.9, 321.8, 219.1309, 160.48, 309.9905, 170.27, 236.31, 95.395, 29.945, 63.17, 125.43, 62.91, 87.505, , , , , 
1/31/2020 3:53:40 PM, 3223.5, 9001, 1613.9, 321.82, 219.1309, 160.49, 309.9905, 170.27, 236.31, 95.4037, 29.955, 63.175, 125.43, 62.91, 87.505, , , , , 
1/31/2020 3:53:44 PM, 3223.75, 9001.25, 1613.9, 321.8112, 219.13, 160.48, 309.96, 170.24, 236.2896, 95.4, 29.95, 63.175, 125.43, 62.91, 87.505, , , , , 
1/31/2020 3:53:47 PM, 3224.5, 9002.75, 1614.1, 321.96, 219.17, 160.52, 310, 170.3, 236.3624, 95.45, 29.965, 63.2, 125.47, 62.91, 87.505, , , , , 
1/31/2020 3:53:50 PM, 3224.75, 9004, 1614.3, 321.96, 219.21, 160.52, 310.0688, 170.33, 236.407, 95.45, 29.965, 63.2, 125.47, 62.91, 87.505, , , , , 
1/31/2020 3:53:53 PM, 3224.5, 9003, 1614.1, 321.97, 219.2, 160.5375, 310.015, 170.31, 236.39, 95.45, 29.965, 63.195, 125.47, 62.91, 87.515, , , , , 
1/31/2020 3:53:56 PM, 3225.25, 9005.5, 1614.4, 321.97, 219.2566, 160.5375, 310.08, 170.37, 236.44, 95.45, 29.965, 63.195, 125.47, 62.91, 87.515, , , , , 
1/31/2020 3:53:59 PM, 3225.5, 9005.75, 1614.5, 322.04, 219.26, 160.55, 310.03, 170.375, 236.5, 95.46, 29.98, 63.21, 125.49, 62.91, 87.515, , , , , 
1/31/2020 3:54:02 PM, 3226, 9006.25, 1614.6, 322.04, 219.275, 160.55, 310.04, 170.39, 236.56, 95.46, 29.98, 63.21, 125.49, 62.91, 87.515, , , , , 
1/31/2020 3:54:05 PM, 3225.75, 9006.25, 1614.4, 321.9907, 219.26, 160.515, 310.08, 170.37, 236.51, 95.46, 29.965, 63.2, 125.47, 62.91, 87.525, , , , , 
1/31/2020 3:54:08 PM, 3225.25, 9004.75, 1614.1, 321.9907, 219.23, 160.515, 310.13, 170.34, 236.42, 95.46, 29.965, 63.2, 125.47, 62.91, 87.525, , , , , 
1/31/2020 3:54:11 PM, 3224.5, 9004.25, 1614.2, 321.95, 219.2199, 160.53, 310.06, 170.31, 236.3929, 95.45, 29.955, 63.195, 125.45, 62.91, 87.53, , , , , 
1/31/2020 3:54:14 PM, 3224.5, 9004, 1614.2, 321.95, 219.21, 160.53, 310.09, 170.31, 236.45, 95.45, 29.955, 63.195, 125.45, 62.91, 87.53, , , , , 
1/31/2020 3:54:17 PM, 3225, 9004, 1614.4, 321.97, 219.2233, 160.54, 310.16, 170.31, 236.4625, 95.46, 29.96, 63.205, 125.46, 62.91, 87.53, , , , , 
1/31/2020 3:54:20 PM, 3225.25, 9005.25, 1614.5, 321.97, 219.24, 160.54, 310.165, 170.335, 236.55, 95.46, 29.96, 63.205, 125.46, 62.91, 87.53, , , , , 
1/31/2020 3:54:23 PM, 3225, 9004.75, 1614.4, 322.0058, 219.23, 160.5501, 310.0999, 170.325, 236.4875, 95.46, 29.965, 63.21, 125.47, 62.91, 87.525, , , , , 
1/31/2020 3:54:26 PM, 3225.75, 9007.25, 1614.7, 322.0058, 219.29, 160.5501, 310.14, 170.345, 236.6, 95.46, 29.965, 63.21, 125.47, 62.91, 87.525, , , , , 
1/31/2020 3:54:29 PM, 3225.5, 9006, 1614.5, 321.97, 219.265, 160.53, 310.14, 170.3201, 236.59, 95.455, 29.9612, 63.205, 125.46, 62.91, 87.525, , , , , 
1/31/2020 3:54:32 PM, 3225.25, 9005.5, 1614.4, 321.97, 219.24, 160.53, 310.11, 170.32, 236.62, 95.455, 29.9612, 63.205, 125.46, 62.91, 87.525, , , , , 
1/31/2020 3:54:35 PM, 3224.5, 9003.25, 1613.9, 321.9301, 219.19, 160.51, 310.08, 170.25, 236.46, 95.43, 29.96, 63.21, 125.45, 62.91, 87.525, , , , , 
1/31/2020 3:54:38 PM, 3225, 9004.5, 1614.1, 321.9301, 219.23, 160.51, 310.14, 170.26, 236.55, 95.43, 29.96, 63.21, 125.45, 62.91, 87.525, , , , , 
1/31/2020 3:54:41 PM, 3224.5, 9002.25, 1613.8, 321.9, 219.19, 160.47, 310.07, 170.231, 236.335, 95.43, 29.955, 63.21, 125.425, 62.91, 87.525, , , , , 
1/31/2020 3:54:44 PM, 3224.5, 9003, 1613.6, 321.9, 219.2, 160.47, 310.08, 170.3, 236.375, 95.43, 29.955, 63.21, 125.425, 62.91, 87.525, , , , , 
1/31/2020 3:54:47 PM, 3224.5, 9003.5, 1613.6, 321.9101, 219.205, 160.46, 309.9937, 170.3201, 236.38, 95.43, 29.96, 63.21, 125.425, 62.91, 87.525, , , , , 
1/31/2020 3:54:50 PM, 3224.25, 9003.25, 1613.6, 321.9101, 219.2, 160.46, 309.97, 170.32, 236.3379, 95.43, 29.96, 63.21, 125.425, 62.91, 87.525, , , , , 
1/31/2020 3:54:53 PM, 3224.5, 9004, 1613.6, 321.9, 219.22, 160.47, 310.0195, 170.325, 236.3625, 95.42, 29.955, 63.21, 125.42, 62.91, 87.525, , , , , 
1/31/2020 3:54:56 PM, 3224.5, 9004, 1613.7, 321.92, 219.23, 160.4601, 309.98, 170.345, 236.39, 95.43, 29.96, 63.21, 125.43, 62.91, 87.525, , , , , 
1/31/2020 3:54:59 PM, 3225, 9005, 1613.7, 321.97, 219.24, 160.47, 309.985, 170.355, 236.48, 95.44, 29.96, 63.225, 125.445, 62.91, 87.525, , , , , 
1/31/2020 3:55:02 PM, 3224.75, 9005, 1613.5, 321.97, 219.2365, 160.47, 309.9701, 170.36, 236.47, 95.44, 29.96, 63.225, 125.445, 62.91, 87.525, , , , , 
1/31/2020 3:55:05 PM, 3225, 9006, 1613.6, 322.03, 219.26, 160.48, 309.946, 170.36, 236.47, 95.455, 29.965, 63.24, 125.46, 62.91, 87.53, , , , , 
1/31/2020 3:55:08 PM, 3226, 9007.5, 1614.1, 322.03, 219.3, 160.48, 310, 170.41, 236.6, 95.455, 29.965, 63.24, 125.46, 62.91, 87.53, , , , , 
1/31/2020 3:55:11 PM, 3226, 9007.5, 1614.1, 322.08, 219.29, 160.52, 309.9905, 170.41, 236.62, 95.46, 29.975, 63.24, 125.49, 62.91, 87.525, , , , , 
1/31/2020 3:55:14 PM, 3226.5, 9007.75, 1614.3, 322.08, 219.3, 160.52, 310.01, 170.435, 236.7239, 95.46, 29.975, 63.24, 125.49, 62.91, 87.525, , , , , 
1/31/2020 3:55:17 PM, 3226.25, 9007.25, 1614.2, 322.09, 219.29, 160.525, 310.005, 170.4234, 236.7114, 95.47, 29.98, 63.245, 125.48, 62.91, 87.5298, , , , , 
1/31/2020 3:55:20 PM, 3226.5, 9007.25, 1614.2, 322.09, 219.3, 160.525, 310.01, 170.43, 236.73, 95.47, 29.98, 63.245, 125.48, 62.91, 87.5298, , , , , 
1/31/2020 3:55:23 PM, 3225.75, 9006, 1614, 322.09, 219.26, 160.515, 310.007, 170.42, 236.66, 95.46, 29.975, 63.245, 125.48, 62.91, 87.53, , , , , 
1/31/2020 3:55:26 PM, 3226.25, 9007, 1614.2, 322.09, 219.288, 160.515, 310.025, 170.435, 236.665, 95.46, 29.975, 63.245, 125.48, 62.91, 87.53, , , , , 
1/31/2020 3:55:29 PM, 3225.25, 9004.75, 1613.9, 322, 219.22, 160.5, 309.92, 170.42, 236.6, 95.44, 29.965, 63.23, 125.445, 62.91, 87.535, , , , , 
1/31/2020 3:55:32 PM, 3225.25, 9005.25, 1614, 322, 219.24, 160.5, 309.96, 170.405, 236.6145, 95.44, 29.965, 63.23, 125.445, 62.91, 87.535, , , , , 
1/31/2020 3:55:35 PM, 3225, 9005.5, 1614, 321.99, 219.23, 160.491, 309.96, 170.4, 236.67, 95.435, 29.965, 63.23, 125.44, 62.91, 87.535, , , , , 
1/31/2020 3:55:38 PM, 3224.5, 9003, 1613.6, 321.99, 219.1902, 160.491, 309.9157, 170.3701, 236.61, 95.435, 29.965, 63.23, 125.44, 62.91, 87.535, , , , , 
1/31/2020 3:55:41 PM, 3224.5, 9003, 1613.5, 321.9263, 219.19, 160.445, 309.85, 170.365, 236.5501, 95.41, 29.96, 63.22, 125.41, 62.91, 87.535, , , , , 
1/31/2020 3:55:44 PM, 3224.75, 9004, 1613.4, 321.9263, 219.21, 160.445, 309.84, 170.385, 236.56, 95.41, 29.96, 63.22, 125.41, 62.91, 87.535, , , , , 
1/31/2020 3:55:47 PM, 3224.75, 9004, 1613.4, 321.92, 219.21, 160.42, 309.779, 170.39, 236.7412, 95.42, 29.96, 63.215, 125.41, 62.91, 87.53, , , , , 
1/31/2020 3:55:50 PM, 3224.25, 9002.5, 1612.9, 321.92, 219.18, 160.42, 309.76, 170.39, 236.6582, 95.42, 29.96, 63.215, 125.41, 62.91, 87.53, , , , , 
1/31/2020 3:55:53 PM, 3223.75, 9001.25, 1612.9, 321.84, 219.14, 160.38, 309.73, 170.39, 236.59, 95.38, 29.955, 63.21, 125.385, 62.91, 87.53, , , , , 
1/31/2020 3:55:56 PM, 3223.75, 9001.5, 1612.8, 321.84, 219.14, 160.38, 309.7149, 170.38, 236.61, 95.38, 29.955, 63.21, 125.385, 62.91, 87.53, , , , , 
1/31/2020 3:55:59 PM, 3223.5, 9000.25, 1612.7, 321.81, 219.125, 160.38, 309.72, 170.38, 236.58, 95.385, 29.9573, 63.2, 125.38, 62.91, 87.525, , , , , 
1/31/2020 3:56:02 PM, 3223.25, 8999.25, 1612.6, 321.81, 219.1025, 160.38, 309.64, 170.37, 236.55, 95.385, 29.9573, 63.2, 125.38, 62.91, 87.525, , , , , 
1/31/2020 3:56:05 PM, 3222.75, 8998.25, 1612.4, 321.73, 219.085, 160.355, 309.63, 170.34, 236.5701, 95.35, 29.945, 63.195, 125.345, 62.91, 87.53, , , , , 
1/31/2020 3:56:08 PM, 3222.5, 8997, 1612.3, 321.73, 219.04, 160.355, 309.52, 170.27, 236.5799, 95.35, 29.945, 63.195, 125.345, 62.91, 87.53, , , , , 
1/31/2020 3:56:11 PM, 3222.5, 8997.25, 1612.4, 321.73, 219.06, 160.345, 309.5, 170.26, 236.5799, 95.3401, 29.945, 63.195, 125.345, 62.91, 87.53, , , , , 
1/31/2020 3:56:14 PM, 3222.5, 8997.25, 1612.6, 321.73, 219.04, 160.345, 309.54, 170.24, 236.44, 95.3401, 29.945, 63.195, 125.345, 62.91, 87.53, , , , , 
1/31/2020 3:56:17 PM, 3221.75, 8994.5, 1612.3, 321.685, 218.99, 160.335, 309.404, 170.1917, 236.42, 95.31, 29.935, 63.19, 125.32, 62.91, 87.5299, , , , , 
1/31/2020 3:56:21 PM, 3222, 8995.75, 1612.6, 321.685, 219.01, 160.335, 309.35, 170.195, 236.35, 95.31, 29.935, 63.19, 125.32, 62.91, 87.5299, , , , , 
1/31/2020 3:56:24 PM, 3222, 8995.5, 1612.6, 321.735, 219.01, 160.3601, 309.295, 170.1942, 236.385, 95.32, 29.95, 63.195, 125.33, 62.91, 87.525, , , , , 
1/31/2020 3:56:27 PM, 3222.75, 8997.25, 1612.8, 321.735, 219.045, 160.3601, 309.2839, 170.23, 236.39, 95.32, 29.95, 63.195, 125.33, 62.91, 87.525, , , , , 
1/31/2020 3:56:30 PM, 3223, 8997.5, 1612.9, 321.78, 219.06, 160.4, 309.25, 170.28, 236.41, 95.3354, 29.955, 63.21, 125.35, 62.91, 87.525, , , , , 
1/31/2020 3:56:33 PM, 3223.25, 8998.5, 1613, 321.785, 219.08, 160.405, 309.2564, 170.285, 236.417, 95.34, 29.96, 63.21, 125.35, 62.91, 87.525, , , , , 
1/31/2020 3:56:36 PM, 3223.25, 8998.5, 1613, 321.81, 219.08, 160.41, 309.2564, 170.285, 236.417, 95.35, 29.955, 63.215, 125.35, 62.91, 87.525, , , , , 
1/31/2020 3:56:39 PM, 3223.5, 8998.75, 1613, 321.81, 219.08, 160.41, 309.22, 170.32, 236.47, 95.345, 29.955, 63.215, 125.35, 62.91, 87.525, , , , , 
1/31/2020 3:56:42 PM, 3223.5, 8998.75, 1613, 321.835, 219.08, 160.415, 309.22, 170.32, 236.47, 95.355, 29.955, 63.22, 125.365, 62.91, 87.525, , , , , 
1/31/2020 3:56:45 PM, 3223.75, 8999.75, 1613.2, 321.85, 219.105, 160.42, 309.25, 170.34, 236.55, 95.3599, 29.955, 63.225, 125.355, 62.91, 87.535, , , , , 
1/31/2020 3:56:48 PM, 3223.75, 8999.75, 1613.2, 321.85, 219.105, 160.42, 309.25, 170.34, 236.55, 95.3599, 29.955, 63.225, 125.355, 62.91, 87.535, , , , , 
1/31/2020 3:56:51 PM, 3223.75, 9000.5, 1613.4, 321.83, 219.115, 160.43, 309.2976, 170.335, 236.6, 95.36, 29.955, 63.215, 125.35, 62.91, 87.535, , , , , 
1/31/2020 3:56:54 PM, 3223.75, 9000.5, 1613.4, 321.9094, 219.115, 160.46, 309.2976, 170.335, 236.6, 95.39, 29.955, 63.22, 125.36, 62.91, 87.535, , , , , 
1/31/2020 3:56:57 PM, 3224.25, 9001.25, 1613.4, 321.91, 219.15, 160.46, 309.46, 170.365, 236.7127, 95.395, 29.96, 63.23, 125.365, 62.91, 87.535, , , , , 
1/31/2020 3:57:00 PM, 3224.25, 9001.25, 1613.4, 321.87, 219.15, 160.45, 309.46, 170.365, 236.7127, 95.38, 29.96, 63.21, 125.355, 62.91, 87.535, , , , , 
1/31/2020 3:57:03 PM, 3224.75, 9004, 1613.7, 321.92, 219.15, 160.46, 309.44, 170.365, 236.73, 95.405, 29.955, 63.205, 125.37, 62.91, 87.535, , , , , 
1/31/2020 3:57:06 PM, 3224.75, 9004, 1613.7, 321.97, 219.2075, 160.5, 309.56, 170.395, 236.82, 95.42, 29.965, 63.2001, 125.38, 62.91, 87.54, , , , , 
1/31/2020 3:57:09 PM, 3225, 9005.25, 1614.2, 322, 219.24, 160.52, 309.72, 170.4, 236.88, 95.435, 29.965, 63.21, 125.385, 62.91, 87.535, , , , , 
1/31/2020 3:57:12 PM, 3225.5, 9005.25, 1614.1, 321.985, 219.24, 160.52, 309.705, 170.415, 236.86, 95.445, 29.97, 63.21, 125.39, 62.91, 87.54, , , , , 
1/31/2020 3:57:15 PM, 3225, 9003.75, 1614.1, 321.97, 219.2, 160.53, 309.66, 170.3866, 236.8014, 95.4337, 29.97, 63.21, 125.38, 62.91, 87.535, , , , , 
1/31/2020 3:57:18 PM, 3225, 9003.75, 1614.1, 321.98, 219.2, 160.525, 309.66, 170.3866, 236.8014, 95.435, 29.97, 63.2, 125.385, 62.91, 87.535, , , , , 
1/31/2020 3:57:21 PM, 3225.75, 9005.75, 1614.3, 322.03, 219.265, 160.54, 309.77, 170.43, 236.85, 95.455, 29.975, 63.205, 125.395, 62.91, 87.535, , , , , 
1/31/2020 3:57:24 PM, 3225.75, 9005.75, 1614.3, 322.0601, 219.265, 160.54, 309.77, 170.43, 236.85, 95.465, 29.975, 63.21, 125.41, 62.91, 87.54, , , , , 
1/31/2020 3:57:27 PM, 3225.75, 9006.25, 1614.4, 322.06, 219.27, 160.54, 309.7176, 170.455, 236.91, 95.47, 29.975, 63.215, 125.415, 62.91, 87.535, , , , , 
1/31/2020 3:57:30 PM, 3225.75, 9006.25, 1614.4, 322.02, 219.27, 160.53, 309.7176, 170.455, 236.91, 95.45, 29.98, 63.21, 125.4, 62.91, 87.535, , , , , 
1/31/2020 3:57:33 PM, 3225.5, 9004.75, 1614.3, 322, 219.22, 160.525, 309.69, 170.385, 236.81, 95.45, 29.975, 63.205, 125.395, 62.91, 87.535, , , , , 
1/31/2020 3:57:36 PM, 3225.5, 9004.75, 1614.3, 322.03, 219.22, 160.53, 309.69, 170.385, 236.81, 95.44, 29.975, 63.205, 125.4, 62.91, 87.535, , , , , 
1/31/2020 3:57:39 PM, 3225.5, 9004, 1614.4, 322.03, 219.2, 160.54, 309.665, 170.36, 236.8, 95.4499, 29.98, 63.205, 125.4, 62.91, 87.535, , , , , 
1/31/2020 3:57:42 PM, 3225.75, 9004.5, 1614.4, 322.07, 219.23, 160.55, 309.71, 170.36, 236.8, 95.46, 29.985, 63.2, 125.41, 62.91, 87.535, , , , , 
1/31/2020 3:57:45 PM, 3225.5, 9005, 1614.3, 322.005, 219.23, 160.53, 309.62, 170.4, 236.83, 95.44, 29.98, 63.19, 125.38, 62.91, 87.53, , , , , 
1/31/2020 3:57:48 PM, 3225.5, 9005, 1614.3, 322.04, 219.23, 160.52, 309.62, 170.4, 236.83, 95.45, 29.975, 63.185, 125.395, 62.91, 87.535, , , , , 
1/31/2020 3:57:51 PM, 3225.75, 9005.75, 1614.4, 322.04, 219.25, 160.52, 309.6882, 170.42, 236.86, 95.45, 29.975, 63.185, 125.395, 62.91, 87.535, , , , , 
1/31/2020 3:57:54 PM, 3226, 9006.5, 1614.5, 322.07, 219.265, 160.545, 309.7, 170.42, 236.88, 95.46, 29.98, 63.19, 125.41, 62.91, 87.545, , , , , 
1/31/2020 3:57:57 PM, 3225.25, 9004.75, 1614.5, 322.065, 219.23, 160.54, 309.72, 170.465, 236.9, 95.4763, 29.985, 63.195, 125.41, 62.91, 87.545, , , , , 
1/31/2020 3:58:00 PM, 3225.25, 9004.75, 1614.5, 322.005, 219.23, 160.555, 309.72, 170.465, 236.9, 95.455, 29.98, 63.18, 125.39, 62.91, 87.545, , , , , 
1/31/2020 3:58:03 PM, 3224.75, 9003.25, 1614.1, 322.04, 219.2, 160.545, 309.77, 170.42, 236.83, 95.47, 29.99, 63.19, 125.41, 62.91, 87.54, , , , , 
1/31/2020 3:58:06 PM, 3224.75, 9003.25, 1614.1, 321.9425, 219.2, 160.52, 309.77, 170.42, 236.83, 95.42, 29.975, 63.17, 125.4, 62.91, 87.54, , , , , 
1/31/2020 3:58:09 PM, 3224.5, 9002.75, 1614.3, 321.945, 219.19, 160.4909, 309.58, 170.3199, 236.65, 95.425, 29.975, 63.18, 125.4, 62.91, 87.535, , , , , 
1/31/2020 3:58:12 PM, 3224.5, 9002.75, 1614.3, 321.93, 219.19, 160.4975, 309.58, 170.3199, 236.65, 95.41, 29.975, 63.18, 125.39, 62.91, 87.535, , , , , 
1/31/2020 3:58:15 PM, 3225, 9003.5, 1614.1, 321.96, 219.2, 160.51, 309.65, 170.32, 236.67, 95.425, 29.98, 63.18, 125.395, 62.91, 87.53, , , , , 
1/31/2020 3:58:18 PM, 3225, 9003.5, 1614.1, 321.94, 219.2, 160.5, 309.65, 170.32, 236.67, 95.43, 29.975, 63.18, 125.39, 62.91, 87.535, , , , , 
1/31/2020 3:58:21 PM, 3224.75, 9003, 1614.1, 321.93, 219.18, 160.52, 309.62, 170.33, 236.62, 95.41, 29.98, 63.175, 125.38, 62.91, 87.535, , , , , 
1/31/2020 3:58:25 PM, 3224.75, 9003, 1614.1, 321.942, 219.18, 160.48, 309.62, 170.33, 236.62, 95.42, 29.975, 63.175, 125.38, 62.91, 87.53, , , , , 
1/31/2020 3:58:28 PM, 3225.25, 9004.75, 1614.6, 321.99, 219.22, 160.5, 309.67, 170.325, 236.6585, 95.445, 29.985, 63.185, 125.4, 62.91, 87.53, , , , , 
1/31/2020 3:58:31 PM, 3225.25, 9004.75, 1614.6, 322, 219.22, 160.51, 309.67, 170.325, 236.6585, 95.445, 29.985, 63.19, 125.395, 62.91, 87.53, , , , , 
1/31/2020 3:58:34 PM, 3225.75, 9005.5, 1614.8, 322.03, 219.24, 160.55, 309.74, 170.36, 236.7426, 95.45, 29.99, 63.19, 125.405, 62.91, 87.53, , , , , 
1/31/2020 3:58:37 PM, 3225.75, 9005.25, 1614.9, 322.025, 219.25, 160.58, 309.745, 170.3723, 236.72, 95.45, 29.9801, 63.195, 125.42, 62.91, 87.53, , , , , 
1/31/2020 3:58:40 PM, 3225.5, 9005.25, 1615, 322.025, 219.24, 160.58, 309.71, 170.38, 236.7, 95.45, 29.9801, 63.195, 125.42, 62.91, 87.53, , , , , 
1/31/2020 3:58:43 PM, 3226, 9007, 1615.2, 322.08, 219.29, 160.59, 309.64, 170.415, 236.68, 95.465, 29.99, 63.2, 125.43, 62.91, 87.53, , , , , 
1/31/2020 3:58:46 PM, 3226, 9006.5, 1615.4, 322.08, 219.27, 160.59, 309.66, 170.45, 236.67, 95.465, 29.99, 63.2, 125.43, 62.91, 87.53, , , , , 
1/31/2020 3:58:49 PM, 3226.25, 9007, 1615.5, 322.07, 219.28, 160.605, 309.71, 170.48, 236.71, 95.465, 29.99, 63.2, 125.42, 62.91, 87.535, , , , , 
1/31/2020 3:58:52 PM, 3226.25, 9006.5, 1615.3, 322.07, 219.27, 160.605, 309.655, 170.445, 236.64, 95.465, 29.99, 63.2, 125.42, 62.91, 87.535, , , , , 
1/31/2020 3:58:55 PM, 3226.25, 9006.5, 1615.3, 322.07, 219.27, 160.62, 309.655, 170.445, 236.64, 95.4666, 29.995, 63.195, 125.43, 62.91, 87.535, , , , , 
1/31/2020 3:58:58 PM, 3226.75, 9007.25, 1615.3, 322.09, 219.29, 160.635, 309.66, 170.4501, 236.66, 95.47, 29.995, 63.205, 125.43, 62.91, 87.5399, , , , , 
1/31/2020 3:59:01 PM, 3226.75, 9007.25, 1615.3, 322.14, 219.29, 160.62, 309.66, 170.4501, 236.66, 95.48, 30, 63.22, 125.44, 62.91, 87.535, , , , , 
1/31/2020 3:59:04 PM, 3226.5, 9006.5, 1614.7, 322.1, 219.27, 160.63, 309.63, 170.475, 236.71, 95.47, 29.995, 63.22, 125.435, 62.91, 87.535, , , , , 
1/31/2020 3:59:07 PM, 3225.5, 9004.5, 1614.3, 322.02, 219.245, 160.61, 309.65, 170.491, 236.7, 95.445, 29.995, 63.2, 125.41, 62.91, 87.5399, , , , , 
1/31/2020 3:59:10 PM, 3225.25, 9004, 1614.6, 322.02, 219.22, 160.61, 309.6301, 170.471, 236.7128, 95.445, 29.995, 63.2, 125.41, 62.91, 87.5399, , , , , 
1/31/2020 3:59:13 PM, 3225.25, 9003.25, 1614.8, 321.98, 219.2, 160.555, 309.63, 170.49, 236.66, 95.42, 29.99, 63.195, 125.4015, 62.91, 87.531, , , , , 
1/31/2020 3:59:16 PM, 3225.25, 9003.25, 1614.8, 321.98, 219.2, 160.555, 309.63, 170.49, 236.66, 95.42, 29.99, 63.195, 125.4015, 62.91, 87.531, , , , , 
1/31/2020 3:59:19 PM, 3225.25, 9003.75, 1614.9, 321.97, 219.2, 160.54, 309.6048, 170.445, 236.67, 95.42, 29.99, 63.2, 125.4, 62.91, 87.52, , , , , 
1/31/2020 3:59:22 PM, 3225.25, 9003.75, 1614.9, 321.99, 219.2, 160.535, 309.6048, 170.445, 236.67, 95.41, 29.99, 63.2, 125.395, 62.91, 87.52, , , , , 
1/31/2020 3:59:25 PM, 3226.25, 9005, 1615, 322.13, 219.23, 160.58, 309.535, 170.4, 236.66, 95.45, 30.005, 63.225, 125.44, 62.91, 87.52, , , , , 
1/31/2020 3:59:28 PM, 3226.25, 9005, 1615, 322.13, 219.23, 160.58, 309.535, 170.4, 236.66, 95.45, 30.005, 63.225, 125.44, 62.91, 87.52, , , , , 
1/31/2020 3:59:31 PM, 3226.5, 9005.75, 1615.2, 322.16, 219.27, 160.58, 309.5, 170.385, 236.63, 95.46, 30.01, 63.235, 125.44, 62.91, 87.52, , , , , 
1/31/2020 3:59:34 PM, 3226.5, 9004.25, 1615, 322.07, 219.22, 160.6, 309.5, 170.37, 236.66, 95.44, 30.005, 63.23, 125.42, 62.91, 87.515, , , , , 
1/31/2020 3:59:37 PM, 3226.5, 9004.75, 1615.3, 322.11, 219.24, 160.5875, 309.53, 170.37, 236.69, 95.445, 30.005, 63.23, 125.42, 62.91, 87.5197, , , , , 
1/31/2020 3:59:40 PM, 3226.5, 9004.75, 1615.2, 322.105, 219.24, 160.61, 309.6, 170.44, 236.72, 95.44, 30.0001, 63.23, 125.41, 62.91, 87.515, , , , , 
1/31/2020 3:59:43 PM, 3226, 9003.75, 1615.4, 322.089, 219.21, 160.61, 309.63, 170.46, 236.76, 95.43, 30, 63.23, 125.41, 62.91, 87.53, , , , , 
1/31/2020 3:59:46 PM, 3225.75, 9001.5, 1614.8, 322.01, 219.16, 160.6, 309.65, 170.455, 236.78, 95.41, 30.005, 63.22, 125.41, 62.91, 87.525, , , , , 
1/31/2020 3:59:49 PM, 3225.25, 9000.5, 1614.7, 322.01, 219.13, 160.6, 309.5904, 170.4199, 236.735, 95.41, 30.005, 63.22, 125.41, 62.91, 87.525, , , , , 
1/31/2020 3:59:52 PM, 3225.5, 9001.75, 1615.1, 321.985, 219.11, 160.62, 309.59, 170.41, 236.77, 95.4, 30, 63.215, 125.38, 62.91, 87.52, , , , , 
1/31/2020 3:59:55 PM, 3226, 9001.75, 1615.1, 321.97, 219.14, 160.61, 309.59, 170.375, 236.74, 95.4, 30, 63.21, 125.39, 62.91, 87.53, , , , , 
1/31/2020 3:59:58 PM, 3225.5, 9000, 1615.3, 322.06, 219.15, 160.64, 309.62, 170.37, 236.74, 95.42, 30.005, 63.22, 125.39, 62.91, 87.52, , , , , 
1/31/2020 4:00:01 PM, 3224.75, 8998, 1615.1, 321.99, 219.12, 160.63, 309.615, 170.365, 236.72, 95.39, 30, 63.22, 125.39, 62.91, 87.5299, , , , , 
1/31/2020 4:00:04 PM, 3223, 8993.75, 1614.3, 321.95, 219.06, 160.59, 309.54, 170.34, 236.61, 95.39, 30.005, 63.205, 125.38, 62.99, 87.53, , , , , 
1/31/2020 4:00:07 PM, 3223.5, 8995, 1614.5, 321.95, 219.02, 160.59, 309.4089, 170.29, 236.517, 95.39, 30.005, 63.205, 125.38, 62.99, 87.53, , , , , 
1/31/2020 4:00:10 PM, 3223, 8995, 1614.5, 321.79, 218.96, 160.57, 309.47, 170.29, 236.57, 95.33, 29.985, 63.17, 125.34, 62.99, 87.525, , , , , 
1/31/2020 4:00:13 PM, 3222.75, 8994.25, 1615.2, 321.79, 219.0101, 160.57, 309.46, 170.275, 236.53, 95.33, 29.985, 63.17, 125.34, 62.99, 87.525, , , , , 
1/31/2020 4:00:16 PM, 3222.25, 8994.75, 1614.4, 321.77, 218.97, 160.59, 309.51, 170.28, 236.54, 95.32, 29.975, 63.17, 125.33, 62.99, 87.52, , , , , 
1/31/2020 4:00:19 PM, 3222.75, 8995.75, 1614.5, 321.75, 218.99, 160.56, 309.4968, 170.32, 236.6, 95.33, 29.95, 63.18, 125.32, 62.99, 87.52, , , , , 
1/31/2020 4:00:22 PM, 3223.5, 8999.75, 1615.1, 321.75, 219.07, 160.6, 309.55, 170.37, 236.59, 95.33, 29.95, 63.18, 125.32, 62.99, 87.52, , , , , 
1/31/2020 4:00:25 PM, 3223.25, 8998, 1615.1, 321.75, 219.07, 160.62, 309.56, 170.36, 236.53, 95.33, 29.95, 63.18, 125.32, 62.99, 87.52, , , , , 
1/31/2020 4:00:28 PM, 3223.5, 9000, 1615.2, 321.75, 219.07, 160.58, 309.45, 170.27, 236.511, 95.33, 29.95, 63.18, 125.32, 62.99, 87.525, , , , , 
1/31/2020 4:00:31 PM, 3223.5, 8999.5, 1615.1, 321.75, 219.07, 160.58, 309.3, 170.23, 236.52, 95.33, 29.95, 63.18, 125.32, 62.99, 87.525, , , , , 
1/31/2020 4:00:34 PM, 3223.75, 9001.25, 1615.2, 321.75, 219.07, 160.52, 309.13, 170.18, 236.33, 95.33, 29.95, 63.18, 125.32, 62.99, 87.525, , , , , 
1/31/2020 4:00:37 PM, 3224.25, 9003, 1615.1, 321.75, 219.07, 160.52, 309.29, 170.21, 236.43, 95.33, 29.95, 63.18, 125.32, 62.99, 87.525, , , , , 
1/31/2020 4:00:40 PM, 3223.75, 9001.25, 1615.2, 321.75, 219.07, 160.55, 309.4, 170.2193, 236.44, 95.33, 29.95, 63.18, 125.32, 62.99, 87.53, , , , , 
1/31/2020 4:00:43 PM, 3224, 9001.75, 1615.2, 321.75, 219.07, 160.55, 309.51, 170.23, 236.43, 95.33, 29.95, 63.18, 125.32, 62.99, 87.53, , , , , 
1/31/2020 4:00:46 PM, 3224, 9001.75, 1615.4, 321.75, 219.07, 160.55, 309.51, 170.23, 236.43, 95.33, 29.95, 63.18, 125.32, 62.99, 87.53, , , , , 
1/31/2020 4:00:49 PM, 3223.75, 8999.5, 1615.4, 321.75, 219.07, 160.55, 309.51, 170.23, 236.43, 95.33, 29.95, 63.18, 125.32, 62.99, 87.53, , , , , 
1/31/2020 4:00:52 PM, 3224.25, 9001.75, 1615.8, 321.75, 219.07, 160.55, 309.51, 170.23, 236.43, 95.33, 29.95, 63.18, 125.32, 62.99, 87.53, , , , , 
1/31/2020 4:00:55 PM, 3224.25, 9000.75, 1615.8, 321.75, 219.07, 160.55, 309.51, 170.23, 236.43, 95.33, 29.95, 63.18, 125.32, 62.99, 87.53, , , , , 
1/31/2020 4:00:58 PM, 3224, 9000.75, 1615.7, 321.75, 219.07, 160.55, 309.51, 170.23, 236.43, 95.33, 29.95, 63.18, 125.32, 62.99, 87.53, , , , , 
1/31/2020 4:01:01 PM, 3224.75, 9002, 1616, 321.75, 219.07, 160.55, 309.51, 170.23, 236.43, 95.33, 29.95, 63.18, 125.32, 62.99, 87.53, , , , , 
1/31/2020 4:01:05 PM, 3225, 9004, 1616.3, 321.75, 219.07, 160.55, 309.51, 170.23, 236.43, 95.33, 29.95, 63.18, 125.32, 62.99, 87.53, , , , , 
1/31/2020 4:01:08 PM, 3225.25, 9004.5, 1616.4, 321.75, 219.07, 160.55, 309.51, 170.23, 236.43, 95.33, 29.95, 63.18, 125.32, 62.99, 87.53, , , , , 
1/31/2020 4:01:11 PM, 3225.5, 9004.75, 1616.4, 321.75, 219.07, 160.55, 309.51, 170.23, 236.43, 95.33, 29.95, 63.18, 125.32, 62.99, 87.53, , , , , 
1/31/2020 4:01:14 PM, 3225.5, 9005, 1616.4, 321.75, 219.07, 160.55, 309.51, 170.23, 236.43, 95.33, 29.95, 63.18, 125.32, 62.99, 87.53, , , , , 
1/31/2020 4:01:17 PM, 3226, 9007.25, 1616.9, 321.75, 219.07, 160.55, 309.51, 170.23, 236.43, 95.33, 29.95, 63.18, 125.32, 62.99, 87.53, , , , , 
1/31/2020 4:01:20 PM, 3226.25, 9008, 1616.8, 321.75, 219.07, 160.55, 309.51, 170.23, 236.43, 95.33, 29.95, 63.18, 125.32, 62.99, 87.53, , , , , 
1/31/2020 4:01:23 PM, 3227.5, 9012.75, 1617.6, 321.75, 219.07, 160.55, 309.51, 170.23, 236.43, 95.33, 29.95, 63.18, 125.32, 62.99, 87.53, , , , , 
1/31/2020 4:01:26 PM, 3227.5, 9011, 1617.5, 321.75, 219.07, 160.55, 309.51, 170.23, 236.43, 95.33, 29.95, 63.18, 125.32, 62.99, 87.53, , , , , 
1/31/2020 4:01:29 PM, 3227.25, 9010.5, 1617.2, 321.75, 219.07, 160.55, 309.51, 170.23, 236.43, 95.33, 29.95, 63.18, 125.32, 62.99, 87.53, , , , , 
1/31/2020 4:01:32 PM, 3227.25, 9011, 1617.3, 321.75, 219.07, 160.55, 309.51, 170.23, 236.43, 95.33, 29.95, 63.18, 125.32, 62.99, 87.53, , , , , 
1/31/2020 4:01:35 PM, 3227, 9010.5, 1617.2, 321.75, 219.07, 160.55, 309.51, 170.23, 236.43, 95.33, 29.95, 63.18, 125.32, 62.99, 87.53, , , , , 
1/31/2020 4:01:38 PM, 3227.25, 9011.25, 1617.1, 321.75, 219.07, 160.55, 309.51, 170.23, 236.43, 95.33, 29.95, 63.18, 125.32, 62.99, 87.53, , , , , 
1/31/2020 4:01:41 PM, 3226.75, 9009.75, 1617.1, 321.75, 219.07, 160.55, 309.51, 170.23, 236.43, 95.33, 29.95, 63.18, 125.32, 62.99, 87.53, , , , , 
1/31/2020 4:01:44 PM, 3226.75, 9009.75, 1617.1, 321.75, 219.07, 160.55, 309.51, 170.23, 236.43, 95.33, 29.95, 63.18, 125.32, 62.99, 87.53, , , , , 
1/31/2020 4:01:47 PM, 3226.75, 9010.5, 1617.1, 321.75, 219.07, 160.55, 309.51, 170.23, 236.43, 95.33, 29.95, 63.18, 125.32, 62.99, 87.53, , , , , 
1/31/2020 4:01:50 PM, 3226.5, 9007.75, 1617, 321.75, 219.07, 160.55, 309.51, 170.23, 236.43, 95.33, 29.95, 63.18, 125.32, 62.99, 87.53, , , , , 
1/31/2020 4:01:53 PM, 3225.75, 9005.25, 1616.6, 321.75, 219.07, 160.55, 309.51, 170.23, 236.43, 95.33, 29.95, 63.18, 125.32, 62.99, 87.53, , , , , 
1/31/2020 4:01:56 PM, 3225.75, 9006, 1616.7, 321.75, 219.07, 160.55, 309.51, 170.23, 236.43, 95.33, 29.95, 63.18, 125.32, 62.99, 87.53, , , , , 
1/31/2020 4:01:59 PM, 3226, 9008, 1616.9, 321.75, 219.07, 160.55, 309.51, 170.23, 236.43, 95.33, 29.95, 63.18, 125.32, 62.99, 87.53, , , , , 
1/31/2020 4:02:02 PM, 3226, 9007.75, 1616.9, 321.75, 219.07, 160.55, 309.51, 170.23, 236.43, 95.33, 29.95, 63.18, 125.32, 62.99, 87.53, , , , , 
1/31/2020 4:02:05 PM, 3226.25, 9008.5, 1617.1, 321.75, 219.07, 160.55, 309.51, 170.23, 236.43, 95.33, 29.95, 63.18, 125.32, 62.99, 87.53, , , , , 
1/31/2020 4:02:08 PM, 3226.75, 9010.5, 1617.2, 321.75, 219.07, 160.55, 309.51, 170.23, 236.43, 95.33, 29.95, 63.18, 125.32, 62.99, 87.53, , , , , 
1/31/2020 4:02:11 PM, 3226.5, 9009, 1617, 321.75, 219.07, 160.55, 309.51, 170.23, 236.43, 95.33, 29.95, 63.18, 125.32, 62.99, 87.53, , , , , 
1/31/2020 4:02:14 PM, 3226.5, 9010, 1617, 321.75, 219.07, 160.55, 309.51, 170.23, 236.43, 95.33, 29.95, 63.18, 125.32, 62.99, 87.53, , , , , 
1/31/2020 4:02:17 PM, 3226.5, 9010, 1617, 321.75, 219.07, 160.55, 309.51, 170.23, 236.43, 95.33, 29.95, 63.18, 125.32, 62.99, 87.53, , , , , 
1/31/2020 4:02:20 PM, 3227, 9010.75, 1617.1, 321.75, 219.07, 160.55, 309.51, 170.23, 236.43, 95.33, 29.95, 63.18, 125.32, 62.99, 87.53, , , , , 
1/31/2020 4:02:23 PM, 3227, 9011.25, 1617.3, 321.75, 219.07, 160.55, 309.51, 170.23, 236.43, 95.33, 29.95, 63.18, 125.32, 62.99, 87.53, , , , , 
1/31/2020 4:02:26 PM, 3227.25, 9010.75, 1617.3, 321.75, 219.07, 160.55, 309.51, 170.23, 236.43, 95.33, 29.95, 63.18, 125.32, 62.99, 87.53, , , , , 
1/31/2020 4:02:29 PM, 3227, 9011, 1617.2, 321.75, 219.07, 160.55, 309.51, 170.23, 236.43, 95.33, 29.95, 63.18, 125.32, 62.99, 87.53, , , , , 
1/31/2020 4:02:32 PM, 3225.5, 9007.25, 1616.5, 321.75, 219.07, 160.55, 309.51, 170.23, 236.43, 95.33, 29.95, 63.18, 125.32, 62.99, 87.53, , , , , 
1/31/2020 4:02:35 PM, 3225.5, 9007.25, 1616.5, 321.75, 219.07, 160.55, 309.51, 170.23, 236.43, 95.33, 29.95, 63.18, 125.32, 62.99, 87.53, , , , , 
1/31/2020 4:02:38 PM, 3226, 9007.5, 1616.6, 321.75, 219.07, 160.55, 309.51, 170.23, 236.43, 95.33, 29.95, 63.18, 125.32, 62.99, 87.53, , , , , 
1/31/2020 4:02:41 PM, 3226, 9007.5, 1616.6, 321.75, 219.07, 160.55, 309.51, 170.23, 236.43, 95.33, 29.95, 63.18, 125.32, 62.99, 87.53, , , , , 
1/31/2020 4:02:44 PM, 3226.25, 9008.5, 1616.7, 321.75, 219.07, 160.55, 309.51, 170.23, 236.43, 95.33, 29.95, 63.18, 125.32, 62.99, 87.53, , , , , 
1/31/2020 4:02:47 PM, 3226.5, 9008.5, 1616.8, 321.75, 219.07, 160.55, 309.51, 170.23, 236.43, 95.33, 29.95, 63.18, 125.32, 62.99, 87.53, , , , , 
1/31/2020 4:02:50 PM, 3225.5, 9006.25, 1616.2, 321.75, 219.07, 160.55, 309.51, 170.23, 236.43, 95.33, 29.95, 63.18, 125.32, 62.99, 87.53, , , , , 
1/31/2020 4:02:53 PM, 3225.5, 9006.25, 1616.2, 321.75, 219.07, 160.55, 309.51, 170.23, 236.43, 95.33, 29.95, 63.18, 125.32, 62.99, 87.53, , , , , 
1/31/2020 4:02:56 PM, 3225.75, 9007, 1616.5, 321.75, 219.07, 160.55, 309.51, 170.23, 236.43, 95.33, 29.95, 63.18, 125.32, 62.99, 87.53, , , , , 
1/31/2020 4:02:59 PM, 3225.75, 9007.5, 1616.5, 321.75, 219.07, 160.55, 309.51, 170.23, 236.43, 95.33, 29.95, 63.18, 125.32, 62.99, 87.53, , , , , 
1/31/2020 4:03:02 PM, 3226, 9008, 1616.5, 321.75, 219.07, 160.55, 309.51, 170.23, 236.43, 95.33, 29.95, 63.18, 125.32, 62.99, 87.53, , , , , 
1/31/2020 4:03:05 PM, 3225.75, 9006.75, 1616.3, 321.75, 219.07, 160.55, 309.51, 170.23, 236.43, 95.33, 29.95, 63.18, 125.32, 62.99, 87.53, , , , , 
1/31/2020 4:03:08 PM, 3225.75, 9006.5, 1616.2, 321.75, 219.07, 160.55, 309.51, 170.23, 236.43, 95.33, 29.95, 63.18, 125.32, 62.99, 87.53, , , , , 
1/31/2020 4:03:11 PM, 3226, 9006.5, 1616.2, 321.75, 219.07, 160.55, 309.51, 170.23, 236.43, 95.33, 29.95, 63.18, 125.32, 62.99, 87.53, , , , , 
1/31/2020 4:03:14 PM, 3226.25, 9008.25, 1616.4, 321.75, 219.07, 160.55, 309.51, 170.23, 236.43, 95.33, 29.95, 63.18, 125.32, 62.99, 87.53, , , , , 
1/31/2020 4:03:17 PM, 3226.25, 9008.75, 1616.5, 321.75, 219.07, 160.55, 309.51, 170.23, 236.43, 95.33, 29.95, 63.18, 125.32, 62.99, 87.53, , , , , 
1/31/2020 4:03:20 PM, 3226, 9007.5, 1616.4, 321.75, 219.07, 160.55, 309.51, 170.23, 236.43, 95.33, 29.95, 63.18, 125.32, 62.99, 87.53, , , , , 
1/31/2020 4:03:23 PM, 3226.25, 9008.25, 1616.5, 321.75, 219.07, 160.55, 309.51, 170.23, 236.43, 95.33, 29.95, 63.18, 125.32, 62.99, 87.53, , , , , 
1/31/2020 4:03:26 PM, 3226.75, 9009.75, 1616.6, 321.75, 219.07, 160.55, 309.51, 170.23, 236.43, 95.33, 29.95, 63.18, 125.32, 62.99, 87.53, , , , , 
1/31/2020 4:03:29 PM, 3226.5, 9009.5, 1616.7, 321.75, 219.07, 160.55, 309.51, 170.23, 236.43, 95.33, 29.95, 63.18, 125.32, 62.99, 87.53, , , , , 
1/31/2020 4:03:32 PM, 3226.5, 9009.75, 1616.7, 321.75, 219.07, 160.55, 309.51, 170.23, 236.43, 95.33, 29.95, 63.18, 125.32, 62.99, 87.53, , , , , 
1/31/2020 4:03:36 PM, 3226.25, 9008.75, 1616.7, 321.75, 219.07, 160.55, 309.51, 170.23, 236.43, 95.33, 29.95, 63.18, 125.32, 62.99, 87.53, , , , , 
1/31/2020 4:03:39 PM, 3225.25, 9005, 1616.4, 321.75, 219.07, 160.55, 309.51, 170.23, 236.43, 95.33, 29.95, 63.18, 125.32, 62.99, 87.53, , , , , 
1/31/2020 4:03:42 PM, 3225.25, 9005, 1616.4, 321.75, 219.07, 160.55, 309.51, 170.23, 236.43, 95.33, 29.95, 63.18, 125.32, 62.99, 87.53, , , , , 
1/31/2020 4:03:45 PM, 3225, 9005, 1616.3, 321.75, 219.07, 160.55, 309.51, 170.23, 236.43, 95.33, 29.95, 63.18, 125.32, 62.99, 87.53, , , , , 
1/31/2020 4:03:48 PM, 3225.25, 9006.25, 1616.4, 321.75, 219.07, 160.55, 309.51, 170.23, 236.43, 95.33, 29.95, 63.18, 125.32, 62.99, 87.53, , , , , 
1/31/2020 4:03:51 PM, 3225.5, 9007, 1616.5, 321.75, 219.07, 160.55, 309.51, 170.23, 236.43, 95.33, 29.95, 63.18, 125.32, 62.99, 87.53, , , , , 
1/31/2020 4:03:54 PM, 3225.75, 9006.5, 1616.4, 321.75, 219.07, 160.55, 309.51, 170.23, 236.43, 95.33, 29.95, 63.18, 125.32, 62.99, 87.53, , , , , 
1/31/2020 4:03:57 PM, 3225.5, 9006.75, 1616.4, 321.75, 219.07, 160.55, 309.51, 170.23, 236.43, 95.33, 29.95, 63.18, 125.32, 62.99, 87.53, , , , , 
1/31/2020 4:04:00 PM, 3225.75, 9007.5, 1616.6, 321.75, 219.07, 160.55, 309.51, 170.23, 236.43, 95.33, 29.95, 63.18, 125.32, 62.99, 87.53, , , , , 
1/31/2020 4:04:03 PM, 3225.75, 9008.5, 1616.5, 321.75, 219.07, 160.55, 309.51, 170.23, 236.43, 95.33, 29.95, 63.18, 125.32, 62.99, 87.53, , , , , 
1/31/2020 4:04:06 PM, 3225.75, 9007.5, 1616.4, 321.75, 219.07, 160.55, 309.51, 170.23, 236.43, 95.33, 29.95, 63.18, 125.32, 62.99, 87.53, , , , , 
1/31/2020 4:04:09 PM, 3225.75, 9007, 1616.3, 321.75, 219.07, 160.55, 309.51, 170.23, 236.43, 95.33, 29.95, 63.18, 125.32, 62.99, 87.53, , , , , 
1/31/2020 4:04:12 PM, 3225.25, 9006.25, 1616.1, 321.75, 219.07, 160.55, 309.51, 170.23, 236.43, 95.33, 29.95, 63.18, 125.32, 62.99, 87.53, , , , , 
1/31/2020 4:04:15 PM, 3225.25, 9005.75, 1616, 321.75, 219.07, 160.55, 309.51, 170.23, 236.43, 95.33, 29.95, 63.18, 125.32, 62.99, 87.53, , , , , 
1/31/2020 4:04:18 PM, 3225, 9005.75, 1615.7, 321.75, 219.07, 160.55, 309.51, 170.23, 236.43, 95.33, 29.95, 63.18, 125.32, 62.99, 87.53, , , , , 
1/31/2020 4:04:21 PM, 3225, 9005.75, 1615.7, 321.75, 219.07, 160.55, 309.51, 170.23, 236.43, 95.33, 29.95, 63.18, 125.32, 62.99, 87.53, , , , , 
1/31/2020 4:04:24 PM, 3225.5, 9006.5, 1615.9, 321.75, 219.07, 160.55, 309.51, 170.23, 236.43, 95.33, 29.95, 63.18, 125.32, 62.99, 87.53, , , , , 
1/31/2020 4:04:27 PM, 3225.5, 9007.75, 1616.1, 321.75, 219.07, 160.55, 309.51, 170.23, 236.43, 95.33, 29.95, 63.18, 125.32, 62.99, 87.53, , , , , 
1/31/2020 4:04:30 PM, 3225.75, 9007.75, 1616.2, 321.75, 219.07, 160.55, 309.51, 170.23, 236.43, 95.33, 29.95, 63.18, 125.32, 62.99, 87.53, , , , , 
1/31/2020 4:04:33 PM, 3225.75, 9007.25, 1616.1, 321.75, 219.07, 160.55, 309.51, 170.23, 236.43, 95.33, 29.95, 63.18, 125.32, 62.99, 87.53, , , , , 
1/31/2020 4:04:36 PM, 3225.75, 9007.5, 1616.4, 321.75, 219.07, 160.55, 309.51, 170.23, 236.43, 95.33, 29.95, 63.18, 125.32, 62.99, 87.53, , , , , 
1/31/2020 4:04:39 PM, 3225.75, 9007.75, 1616.3, 321.75, 219.07, 160.55, 309.51, 170.23, 236.43, 95.33, 29.95, 63.18, 125.32, 62.99, 87.53, , , , , 
1/31/2020 4:04:42 PM, 3226, 9008.25, 1616.4, 321.75, 219.07, 160.55, 309.51, 170.23, 236.43, 95.33, 29.95, 63.18, 125.32, 62.99, 87.53, , , , , 
1/31/2020 4:04:45 PM, 3225.75, 9008, 1616.5, 321.75, 219.07, 160.55, 309.51, 170.23, 236.43, 95.33, 29.95, 63.18, 125.32, 62.99, 87.53, , , , , 
1/31/2020 4:04:48 PM, 3225.75, 9007.5, 1616.4, 321.75, 219.07, 160.55, 309.51, 170.23, 236.43, 95.33, 29.95, 63.18, 125.32, 62.99, 87.53, , , , , 
1/31/2020 4:04:51 PM, 3225.75, 9006.75, 1616.4, 321.75, 219.07, 160.55, 309.51, 170.23, 236.43, 95.33, 29.95, 63.18, 125.32, 62.99, 87.53, , , , , 
1/31/2020 4:04:54 PM, 3225.75, 9007, 1616.3, 321.75, 219.07, 160.55, 309.51, 170.23, 236.43, 95.33, 29.95, 63.18, 125.32, 62.99, 87.53, , , , , 
1/31/2020 4:04:57 PM, 3225.5, 9006, 1616.1, 321.75, 219.07, 160.55, 309.51, 170.23, 236.43, 95.33, 29.95, 63.18, 125.32, 62.99, 87.53, , , , , 
1/31/2020 4:05:00 PM, 3225.25, 9006.5, 1616, 321.75, 219.07, 160.55, 309.51, 170.23, 236.43, 95.33, 29.95, 63.18, 125.32, 62.99, 87.53, , , , , 
1/31/2020 4:05:03 PM, 3225.5, 9007.25, 1616, 321.75, 219.07, 160.55, 309.51, 170.23, 236.43, 95.33, 29.95, 63.18, 125.32, 62.99, 87.53, , , , , 
1/31/2020 4:05:06 PM, 3225.25, 9007, 1616, 321.75, 219.07, 160.55, 309.51, 170.23, 236.43, 95.33, 29.95, 63.18, 125.32, 62.99, 87.53, , , , , 
1/31/2020 4:05:09 PM, 3226, 9008.75, 1616.2, 321.75, 219.07, 160.55, 309.51, 170.23, 236.43, 95.33, 29.95, 63.18, 125.32, 62.99, 87.53, , , , , 
1/31/2020 4:05:12 PM, 3225.75, 9008.25, 1616.1, 321.75, 219.07, 160.55, 309.51, 170.23, 236.43, 95.33, 29.95, 63.18, 125.32, 62.99, 87.53, , , , , 
1/31/2020 4:05:15 PM, 3225.75, 9007.75, 1616.2, 321.75, 219.07, 160.55, 309.51, 170.23, 236.43, 95.33, 29.95, 63.18, 125.32, 62.99, 87.53, , , , , 
1/31/2020 4:05:18 PM, 3225.75, 9007.5, 1616.1, 321.75, 219.07, 160.55, 309.51, 170.23, 236.43, 95.33, 29.95, 63.18, 125.32, 62.99, 87.53, , , , , 
1/31/2020 4:05:21 PM, 3226, 9008, 1616.4, 321.75, 219.07, 160.55, 309.51, 170.23, 236.43, 95.33, 29.95, 63.18, 125.32, 62.99, 87.53, , , , , 
1/31/2020 4:05:24 PM, 3226.25, 9008.5, 1616.4, 321.75, 219.07, 160.55, 309.51, 170.23, 236.43, 95.33, 29.95, 63.18, 125.32, 62.99, 87.53, , , , , 
1/31/2020 4:05:27 PM, 3226.25, 9009, 1616.4, 321.75, 219.07, 160.55, 309.51, 170.23, 236.43, 95.33, 29.95, 63.18, 125.32, 62.99, 87.53, , , , , 
1/31/2020 4:05:30 PM, 3226.25, 9009.25, 1616.5, 321.75, 219.07, 160.55, 309.51, 170.23, 236.43, 95.33, 29.95, 63.18, 125.32, 62.99, 87.53, , , , , 
1/31/2020 4:05:33 PM, 3226.5, 9010, 1616.8, 321.75, 219.07, 160.55, 309.51, 170.23, 236.43, 95.33, 29.95, 63.18, 125.32, 62.99, 87.53, , , , , 
1/31/2020 4:05:36 PM, 3226.75, 9010.25, 1616.8, 321.75, 219.07, 160.55, 309.51, 170.23, 236.43, 95.33, 29.95, 63.18, 125.32, 62.99, 87.53, , , , , 
1/31/2020 4:05:39 PM, 3226.75, 9010.25, 1616.8, 321.75, 219.07, 160.55, 309.51, 170.23, 236.43, 95.33, 29.95, 63.18, 125.32, 62.99, 87.53, , , , , 
1/31/2020 4:05:42 PM, 3226.5, 9010, 1616.7, 321.75, 219.07, 160.55, 309.51, 170.23, 236.43, 95.33, 29.95, 63.18, 125.32, 62.99, 87.53, , , , , 
1/31/2020 4:05:45 PM, 3226.5, 9009.25, 1616.7, 321.75, 219.07, 160.55, 309.51, 170.23, 236.43, 95.33, 29.95, 63.18, 125.32, 62.99, 87.53, , , , , 
1/31/2020 4:05:48 PM, 3226.5, 9008.5, 1616.6, 321.75, 219.07, 160.55, 309.51, 170.23, 236.43, 95.33, 29.95, 63.18, 125.32, 62.99, 87.53, , , , , 
1/31/2020 4:05:51 PM, 3226.75, 9009.25, 1616.8, 321.75, 219.07, 160.55, 309.51, 170.23, 236.43, 95.33, 29.95, 63.18, 125.32, 62.99, 87.53, , , , , 
1/31/2020 4:05:54 PM, 3226.75, 9009, 1616.7, 321.75, 219.07, 160.55, 309.51, 170.23, 236.43, 95.33, 29.95, 63.18, 125.32, 62.99, 87.53, , , , , 
1/31/2020 4:05:57 PM, 3226.5, 9009, 1616.7, 321.75, 219.07, 160.55, 309.51, 170.23, 236.43, 95.33, 29.95, 63.18, 125.32, 62.99, 87.53, , , , , 
1/31/2020 4:06:00 PM, 3226.75, 9009.5, 1616.7, 321.75, 219.07, 160.55, 309.51, 170.23, 236.43, 95.33, 29.95, 63.18, 125.32, 62.99, 87.53, , , , , 
1/31/2020 4:06:04 PM, 3226.75, 9009.25, 1616.8, 321.75, 219.07, 160.55, 309.51, 170.23, 236.43, 95.33, 29.95, 63.18, 125.32, 62.99, 87.53, , , , , 
1/31/2020 4:06:07 PM, 3226.75, 9010, 1616.8, 321.75, 219.07, 160.55, 309.51, 170.23, 236.43, 95.33, 29.95, 63.18, 125.32, 62.99, 87.53, , , , , 
1/31/2020 4:06:10 PM, 3227, 9010.25, 1616.9, 321.75, 219.07, 160.55, 309.51, 170.23, 236.43, 95.33, 29.95, 63.18, 125.32, 62.99, 87.53, , , , , 
1/31/2020 4:06:13 PM, 3226.75, 9009.75, 1616.9, 321.75, 219.07, 160.55, 309.51, 170.23, 236.43, 95.33, 29.95, 63.18, 125.32, 62.99, 87.53, , , , , 
1/31/2020 4:06:16 PM, 3226.75, 9009.25, 1616.9, 321.75, 219.07, 160.55, 309.51, 170.23, 236.43, 95.33, 29.95, 63.18, 125.32, 62.99, 87.53, , , , , 
1/31/2020 4:06:19 PM, 3227.25, 9010.25, 1617, 321.75, 219.07, 160.55, 309.51, 170.23, 236.43, 95.33, 29.95, 63.18, 125.32, 62.99, 87.53, , , , , 
1/31/2020 4:06:22 PM, 3227, 9010.25, 1617, 321.75, 219.07, 160.55, 309.51, 170.23, 236.43, 95.33, 29.95, 63.18, 125.32, 62.99, 87.53, , , , , 
1/31/2020 4:06:25 PM, 3227.25, 9010.5, 1617.1, 321.75, 219.07, 160.55, 309.51, 170.23, 236.43, 95.33, 29.95, 63.18, 125.32, 62.99, 87.53, , , , , 
1/31/2020 4:06:28 PM, 3227.5, 9011.5, 1617.1, 321.75, 219.07, 160.55, 309.51, 170.23, 236.43, 95.33, 29.95, 63.18, 125.32, 62.99, 87.53, , , , , 
1/31/2020 4:06:31 PM, 3227.5, 9011.5, 1617.1, 321.75, 219.07, 160.55, 309.51, 170.23, 236.43, 95.33, 29.95, 63.18, 125.32, 62.99, 87.53, , , , , 
1/31/2020 4:06:34 PM, 3227.25, 9010.25, 1617.2, 321.75, 219.07, 160.55, 309.51, 170.23, 236.43, 95.33, 29.95, 63.18, 125.32, 62.99, 87.53, , , , , 
1/31/2020 4:06:37 PM, 3227.25, 9010.5, 1617.3, 321.75, 219.07, 160.55, 309.51, 170.23, 236.43, 95.33, 29.95, 63.18, 125.32, 62.99, 87.53, , , , , 
1/31/2020 4:06:40 PM, 3227, 9010.5, 1617.3, 321.75, 219.07, 160.55, 309.51, 170.23, 236.43, 95.33, 29.95, 63.18, 125.32, 62.99, 87.53, , , , , 
1/31/2020 4:06:43 PM, 3227, 9010.5, 1617.3, 321.75, 219.07, 160.55, 309.51, 170.23, 236.43, 95.33, 29.95, 63.18, 125.32, 62.99, 87.53, , , , , 
1/31/2020 4:06:46 PM, 3227, 9009.75, 1617, 321.75, 219.07, 160.55, 309.51, 170.23, 236.43, 95.33, 29.95, 63.18, 125.32, 62.99, 87.53, , , , , 
1/31/2020 4:06:49 PM, 3227, 9009.75, 1617, 321.75, 219.07, 160.55, 309.51, 170.23, 236.43, 95.33, 29.95, 63.18, 125.32, 62.99, 87.53, , , , , 
1/31/2020 4:06:52 PM, 3226.75, 9009.5, 1617, 321.75, 219.07, 160.55, 309.51, 170.23, 236.43, 95.33, 29.95, 63.18, 125.32, 62.99, 87.53, , , , , 
1/31/2020 4:06:55 PM, 3226.75, 9009.5, 1617, 321.75, 219.07, 160.55, 309.51, 170.23, 236.43, 95.33, 29.95, 63.18, 125.32, 62.99, 87.53, , , , , 
1/31/2020 4:06:58 PM, 3227.25, 9010.25, 1617, 321.75, 219.07, 160.55, 309.51, 170.23, 236.43, 95.33, 29.95, 63.18, 125.32, 62.99, 87.53, , , , , 
1/31/2020 4:07:01 PM, 3227.25, 9010.25, 1617, 321.75, 219.07, 160.55, 309.51, 170.23, 236.43, 95.33, 29.95, 63.18, 125.32, 62.99, 87.53, , , , , 
1/31/2020 4:07:04 PM, 3227, 9010, 1617, 321.75, 219.07, 160.55, 309.51, 170.23, 236.43, 95.33, 29.95, 63.18, 125.32, 62.99, 87.53, , , , , 
1/31/2020 4:07:07 PM, 3227.5, 9011.25, 1617.1, 321.75, 219.07, 160.55, 309.51, 170.23, 236.43, 95.33, 29.95, 63.18, 125.32, 62.99, 87.53, , , , , 
1/31/2020 4:07:10 PM, 3227.75, 9012, 1617.4, 321.75, 219.07, 160.55, 309.51, 170.23, 236.43, 95.33, 29.95, 63.18, 125.32, 62.99, 87.53, , , , , 
1/31/2020 4:07:13 PM, 3227.75, 9012, 1617.4, 321.75, 219.07, 160.55, 309.51, 170.23, 236.43, 95.33, 29.95, 63.18, 125.32, 62.99, 87.53, , , , , 
1/31/2020 4:07:16 PM, 3227.5, 9010, 1617, 321.75, 219.07, 160.55, 309.51, 170.23, 236.43, 95.33, 29.95, 63.18, 125.32, 62.99, 87.53, , , , , 
1/31/2020 4:07:19 PM, 3227.5, 9010, 1617, 321.75, 219.07, 160.55, 309.51, 170.23, 236.43, 95.33, 29.95, 63.18, 125.32, 62.99, 87.53, , , , , 
1/31/2020 4:07:22 PM, 3227, 9008.75, 1616.9, 321.75, 219.07, 160.55, 309.51, 170.23, 236.43, 95.33, 29.95, 63.18, 125.32, 62.99, 87.53, , , , , 
1/31/2020 4:07:25 PM, 3227, 9008.75, 1616.9, 321.75, 219.07, 160.55, 309.51, 170.23, 236.43, 95.33, 29.95, 63.18, 125.32, 62.99, 87.53, , , , , 
1/31/2020 4:07:28 PM, 3227, 9009, 1617, 321.75, 219.07, 160.55, 309.51, 170.23, 236.43, 95.33, 29.95, 63.18, 125.32, 62.99, 87.53, , , , , 
1/31/2020 4:07:31 PM, 3227, 9009, 1617, 321.75, 219.07, 160.55, 309.51, 170.23, 236.43, 95.33, 29.95, 63.18, 125.32, 62.99, 87.53, , , , , 
1/31/2020 4:07:34 PM, 3227, 9010, 1616.8, 321.75, 219.07, 160.55, 309.51, 170.23, 236.43, 95.33, 29.95, 63.18, 125.32, 62.99, 87.53, , , , , 
1/31/2020 4:07:37 PM, 3227, 9010, 1616.8, 321.75, 219.07, 160.55, 309.51, 170.23, 236.43, 95.33, 29.95, 63.18, 125.32, 62.99, 87.53, , , , , 
1/31/2020 4:07:40 PM, 3226.25, 9008.25, 1616.6, 321.75, 219.07, 160.55, 309.51, 170.23, 236.43, 95.33, 29.95, 63.18, 125.32, 62.99, 87.53, , , , , 
1/31/2020 4:07:43 PM, 3226.25, 9008.25, 1616.6, 321.75, 219.07, 160.55, 309.51, 170.23, 236.43, 95.33, 29.95, 63.18, 125.32, 62.99, 87.53, , , , , 
1/31/2020 4:07:46 PM, 3226, 9008, 1616.7, 321.75, 219.07, 160.55, 309.51, 170.23, 236.43, 95.33, 29.95, 63.18, 125.32, 62.99, 87.53, , , , , 
1/31/2020 4:07:49 PM, 3226, 9008, 1616.7, 321.75, 219.07, 160.55, 309.51, 170.23, 236.43, 95.33, 29.95, 63.18, 125.32, 62.99, 87.53, , , , , 
1/31/2020 4:07:52 PM, 3225.25, 9005.25, 1616.3, 321.75, 219.07, 160.55, 309.51, 170.23, 236.43, 95.33, 29.95, 63.18, 125.32, 62.99, 87.53, , , , , 
1/31/2020 4:07:55 PM, 3225.25, 9005.25, 1616.3, 321.75, 219.07, 160.55, 309.51, 170.23, 236.43, 95.33, 29.95, 63.18, 125.32, 62.99, 87.53, , , , , 
1/31/2020 4:07:58 PM, 3225.5, 9007, 1616.4, 321.75, 219.07, 160.55, 309.51, 170.23, 236.43, 95.33, 29.95, 63.18, 125.32, 62.99, 87.53, , , , , 
1/31/2020 4:08:01 PM, 3225.5, 9007, 1616.4, 321.75, 219.07, 160.55, 309.51, 170.23, 236.43, 95.33, 29.95, 63.18, 125.32, 62.99, 87.53, , , , , 
1/31/2020 4:08:04 PM, 3225.5, 9007, 1616.3, 321.75, 219.07, 160.55, 309.51, 170.23, 236.43, 95.33, 29.95, 63.18, 125.32, 62.99, 87.53, , , , , 
1/31/2020 4:08:07 PM, 3225.5, 9007, 1616.3, 321.75, 219.07, 160.55, 309.51, 170.23, 236.43, 95.33, 29.95, 63.18, 125.32, 62.99, 87.53, , , , , 
1/31/2020 4:08:10 PM, 3225.5, 9007, 1616.3, 321.75, 219.07, 160.55, 309.51, 170.23, 236.43, 95.33, 29.95, 63.18, 125.32, 62.99, 87.53, , , , , 
1/31/2020 4:08:13 PM, 3225.5, 9007, 1616.3, 321.75, 219.07, 160.55, 309.51, 170.23, 236.43, 95.33, 29.95, 63.18, 125.32, 62.99, 87.53, , , , , 
1/31/2020 4:08:16 PM, 3225, 9005.75, 1616.2, 321.75, 219.07, 160.55, 309.51, 170.23, 236.43, 95.33, 29.95, 63.18, 125.32, 62.99, 87.53, , , , , 
1/31/2020 4:08:19 PM, 3225, 9005.75, 1616.2, 321.75, 219.07, 160.55, 309.51, 170.23, 236.43, 95.33, 29.95, 63.18, 125.32, 62.99, 87.53, , , , , 
1/31/2020 4:08:22 PM, 3225, 9006, 1616.2, 321.75, 219.07, 160.55, 309.51, 170.23, 236.43, 95.33, 29.95, 63.18, 125.32, 62.99, 87.53, , , , , 
1/31/2020 4:08:25 PM, 3225, 9006, 1616.2, 321.75, 219.07, 160.55, 309.51, 170.23, 236.43, 95.33, 29.95, 63.18, 125.32, 62.99, 87.53, , , , , 
1/31/2020 4:08:28 PM, 3225.25, 9006, 1616.1, 321.75, 219.07, 160.55, 309.51, 170.23, 236.43, 95.33, 29.95, 63.18, 125.32, 62.99, 87.53, , , , , 
1/31/2020 4:08:31 PM, 3225.25, 9006, 1616.1, 321.75, 219.07, 160.55, 309.51, 170.23, 236.43, 95.33, 29.95, 63.18, 125.32, 62.99, 87.53, , , , , 
1/31/2020 4:08:34 PM, 3225.5, 9006.75, 1616.2, 321.75, 219.07, 160.55, 309.51, 170.23, 236.43, 95.33, 29.95, 63.18, 125.32, 62.99, 87.53, , , , , 
1/31/2020 4:08:37 PM, 3225.5, 9006.75, 1616.2, 321.75, 219.07, 160.55, 309.51, 170.23, 236.43, 95.33, 29.95, 63.18, 125.32, 62.99, 87.53, , , , , 
1/31/2020 4:08:40 PM, 3225.75, 9007.75, 1616.5, 321.75, 219.07, 160.55, 309.51, 170.23, 236.43, 95.33, 29.95, 63.18, 125.32, 62.99, 87.53, , , , , 
1/31/2020 4:08:43 PM, 3225.75, 9008, 1616.5, 321.75, 219.07, 160.55, 309.51, 170.23, 236.43, 95.33, 29.95, 63.18, 125.32, 62.99, 87.53, , , , , 
1/31/2020 4:08:46 PM, 3225.5, 9007.5, 1616.4, 321.75, 219.07, 160.55, 309.51, 170.23, 236.43, 95.33, 29.95, 63.18, 125.32, 62.99, 87.53, , , , , 
1/31/2020 4:08:49 PM, 3225.5, 9007.5, 1616.4, 321.75, 219.07, 160.55, 309.51, 170.23, 236.43, 95.33, 29.95, 63.18, 125.32, 62.99, 87.53, , , , , 
1/31/2020 4:08:52 PM, 3225.75, 9008, 1616.5, 321.75, 219.07, 160.55, 309.51, 170.23, 236.43, 95.33, 29.95, 63.18, 125.32, 62.99, 87.53, , , , , 
1/31/2020 4:08:55 PM, 3225.75, 9008, 1616.5, 321.75, 219.07, 160.55, 309.51, 170.23, 236.43, 95.33, 29.95, 63.18, 125.32, 62.99, 87.53, , , , , 
1/31/2020 4:08:58 PM, 3226.75, 9010, 1617, 321.75, 219.07, 160.55, 309.51, 170.23, 236.43, 95.33, 29.95, 63.18, 125.32, 62.99, 87.53, , , , , 
1/31/2020 4:09:01 PM, 3226.75, 9010, 1617, 321.75, 219.07, 160.55, 309.51, 170.23, 236.43, 95.33, 29.95, 63.18, 125.32, 62.99, 87.53, , , , , 
1/31/2020 4:09:04 PM, 3226.5, 9009.75, 1617, 321.75, 219.07, 160.55, 309.51, 170.23, 236.43, 95.33, 29.95, 63.18, 125.32, 62.99, 87.53, , , , , 
1/31/2020 4:09:08 PM, 3226.5, 9009.75, 1617, 321.75, 219.07, 160.55, 309.51, 170.23, 236.43, 95.33, 29.95, 63.18, 125.32, 62.99, 87.53, , , , , 
1/31/2020 4:09:11 PM, 3226.5, 9009.25, 1617, 321.75, 219.07, 160.55, 309.51, 170.23, 236.43, 95.33, 29.95, 63.18, 125.32, 62.99, 87.53, , , , , 
1/31/2020 4:09:14 PM, 3226.5, 9009.25, 1617, 321.75, 219.07, 160.55, 309.51, 170.23, 236.43, 95.33, 29.95, 63.18, 125.32, 62.99, 87.53, , , , , 
1/31/2020 4:09:17 PM, 3226.5, 9009.5, 1616.9, 321.75, 219.07, 160.55, 309.51, 170.23, 236.43, 95.33, 29.95, 63.18, 125.32, 62.99, 87.53, , , , , 
1/31/2020 4:09:20 PM, 3226.5, 9009.5, 1616.9, 321.75, 219.07, 160.55, 309.51, 170.23, 236.43, 95.33, 29.95, 63.18, 125.32, 62.99, 87.53, , , , , 
1/31/2020 4:09:23 PM, 3226.5, 9010, 1617.1, 321.75, 219.07, 160.55, 309.51, 170.23, 236.43, 95.33, 29.95, 63.18, 125.32, 62.99, 87.53, , , , , 
1/31/2020 4:09:26 PM, 3226.75, 9009.75, 1617.1, 321.75, 219.07, 160.55, 309.51, 170.23, 236.43, 95.33, 29.95, 63.18, 125.32, 62.99, 87.53, , , , , 
1/31/2020 4:09:29 PM, 3226.75, 9009.5, 1617.1, 321.75, 219.07, 160.55, 309.51, 170.23, 236.43, 95.33, 29.95, 63.18, 125.32, 62.99, 87.53, , , , , 
1/31/2020 4:09:32 PM, 3226.75, 9009.5, 1617.1, 321.75, 219.07, 160.55, 309.51, 170.23, 236.43, 95.33, 29.95, 63.18, 125.32, 62.99, 87.53, , , , , 
1/31/2020 4:09:35 PM, 3226.75, 9009.5, 1617.1, 321.75, 219.07, 160.55, 309.51, 170.23, 236.43, 95.33, 29.95, 63.18, 125.32, 62.99, 87.53, , , , , 
1/31/2020 4:09:38 PM, 3226.75, 9009.25, 1617.1, 321.75, 219.07, 160.55, 309.51, 170.23, 236.43, 95.33, 29.95, 63.18, 125.32, 62.99, 87.53, , , , , 
1/31/2020 4:09:41 PM, 3226.5, 9009, 1617.2, 321.75, 219.07, 160.55, 309.51, 170.23, 236.43, 95.33, 29.95, 63.18, 125.32, 62.99, 87.53, , , , , 
1/31/2020 4:09:44 PM, 3226.75, 9008.75, 1617.2, 321.75, 219.07, 160.55, 309.51, 170.23, 236.43, 95.33, 29.95, 63.18, 125.32, 62.99, 87.53, , , , , 
1/31/2020 4:09:47 PM, 3226.5, 9009, 1617.2, 321.75, 219.07, 160.55, 309.51, 170.23, 236.43, 95.33, 29.95, 63.18, 125.32, 62.99, 87.53, , , , , 
1/31/2020 4:09:50 PM, 3226.75, 9009.25, 1617.2, 321.75, 219.07, 160.55, 309.51, 170.23, 236.43, 95.33, 29.95, 63.18, 125.32, 62.99, 87.53, , , , , 
1/31/2020 4:09:53 PM, 3226.75, 9009.25, 1617.2, 321.75, 219.07, 160.55, 309.51, 170.23, 236.43, 95.33, 29.95, 63.18, 125.32, 62.99, 87.53, , , , , 
1/31/2020 4:09:56 PM, 3226.75, 9009, 1617.2, 321.75, 219.07, 160.55, 309.51, 170.23, 236.43, 95.33, 29.95, 63.18, 125.32, 62.99, 87.53, , , , , 
1/31/2020 4:09:59 PM, 3226.5, 9009.5, 1617.4, 321.75, 219.07, 160.55, 309.51, 170.23, 236.43, 95.33, 29.95, 63.18, 125.32, 62.99, 87.53, , , , , 
1/31/2020 4:10:02 PM, 3226.75, 9009.75, 1617.3, 321.75, 219.07, 160.55, 309.51, 170.23, 236.43, 95.33, 29.95, 63.18, 125.32, 62.99, 87.53, , , , , 
1/31/2020 4:10:05 PM, 3226.75, 9009.5, 1617.4, 321.73, 219.07, 160.53, 309.51, 170.23, 236.43, 95.33, 29.96, 63.18, 125.32, 62.99, 87.53, , , , , 
1/31/2020 4:10:08 PM, 3227, 9009.5, 1617.4, 321.73, 219.07, 160.53, 309.51, 170.23, 236.43, 95.33, 29.96, 63.18, 125.32, 62.99, 87.53, , , , , 
1/31/2020 4:10:11 PM, 3227, 9010.25, 1617.6, 321.73, 219.07, 160.53, 309.51, 170.23, 236.43, 95.33, 29.96, 63.18, 125.32, 62.99, 87.53, , , , , 
1/31/2020 4:10:14 PM, 3227.5, 9010.5, 1617.7, 321.73, 219.07, 160.53, 309.51, 170.23, 236.43, 95.33, 29.96, 63.18, 125.32, 62.99, 87.53, , , , , 
1/31/2020 4:10:17 PM, 3227.5, 9010.75, 1617.7, 321.73, 219.07, 160.53, 309.51, 170.23, 236.43, 95.33, 29.96, 63.18, 125.32, 62.99, 87.53, , , , , 
1/31/2020 4:10:20 PM, 3227.75, 9011.75, 1617.6, 321.73, 219.07, 160.53, 309.51, 170.23, 236.43, 95.33, 29.96, 63.18, 125.32, 62.99, 87.53, , , , , 
1/31/2020 4:10:23 PM, 3227.5, 9011.75, 1617.7, 321.73, 219.07, 160.53, 309.51, 170.23, 236.43, 95.33, 29.96, 63.18, 125.32, 62.99, 87.53, , , , , 
1/31/2020 4:10:26 PM, 3227.75, 9012, 1617.6, 321.73, 219.07, 160.53, 309.51, 170.23, 236.43, 95.33, 29.96, 63.18, 125.32, 62.99, 87.53, , , , , 
1/31/2020 4:10:29 PM, 3227.5, 9011.75, 1617.6, 321.73, 219.07, 160.53, 309.51, 170.23, 236.43, 95.33, 29.96, 63.18, 125.32, 62.99, 87.53, , , , , 
1/31/2020 4:10:32 PM, 3227.75, 9012, 1617.6, 321.73, 219.07, 160.53, 309.51, 170.23, 236.43, 95.33, 29.96, 63.18, 125.32, 62.99, 87.53, , , , , 
1/31/2020 4:10:35 PM, 3227.5, 9012.5, 1617.6, 321.73, 219.07, 160.53, 309.51, 170.23, 236.43, 95.33, 29.96, 63.18, 125.32, 62.99, 87.53, , , , , 
1/31/2020 4:10:38 PM, 3227.5, 9012, 1617.6, 321.73, 219.07, 160.53, 309.51, 170.23, 236.43, 95.33, 29.96, 63.18, 125.32, 62.99, 87.53, , , , , 
1/31/2020 4:10:41 PM, 3227.5, 9012.5, 1617.7, 321.73, 219.07, 160.53, 309.51, 170.23, 236.43, 95.33, 29.96, 63.18, 125.32, 62.99, 87.53, , , , , 
1/31/2020 4:10:44 PM, 3227.25, 9011.75, 1617.7, 321.73, 219.07, 160.53, 309.51, 170.23, 236.43, 95.33, 29.96, 63.18, 125.32, 62.99, 87.53, , , , , 
1/31/2020 4:10:47 PM, 3227.75, 9011.75, 1617.7, 321.73, 219.07, 160.53, 309.51, 170.23, 236.43, 95.33, 29.96, 63.18, 125.32, 62.99, 87.53, , , , , 
1/31/2020 4:10:50 PM, 3227.5, 9012.25, 1617.7, 321.73, 219.07, 160.53, 309.51, 170.23, 236.43, 95.33, 29.96, 63.18, 125.32, 62.99, 87.53, , , , , 
1/31/2020 4:10:53 PM, 3227.75, 9011.75, 1617.8, 321.73, 219.07, 160.53, 309.51, 170.23, 236.43, 95.33, 29.96, 63.18, 125.32, 62.99, 87.53, , , , , 
1/31/2020 4:10:56 PM, 3227.75, 9012.5, 1617.8, 321.73, 219.07, 160.53, 309.51, 170.23, 236.43, 95.33, 29.96, 63.18, 125.32, 62.99, 87.53, , , , , 
1/31/2020 4:10:59 PM, 3227.75, 9012.5, 1617.8, 321.73, 219.07, 160.53, 309.51, 170.23, 236.43, 95.33, 29.96, 63.18, 125.32, 62.99, 87.53, , , , , 
1/31/2020 4:11:02 PM, 3227.5, 9011.75, 1617.9, 321.73, 219.07, 160.53, 309.51, 170.23, 236.43, 95.33, 29.96, 63.18, 125.32, 62.99, 87.53, , , , , 
1/31/2020 4:11:05 PM, 3227.75, 9011.75, 1617.9, 321.73, 219.07, 160.53, 309.51, 170.23, 236.43, 95.33, 29.96, 63.18, 125.32, 62.99, 87.53, , , , , 
1/31/2020 4:11:08 PM, 3227.5, 9012.25, 1617.9, 321.73, 219.07, 160.53, 309.51, 170.23, 236.43, 95.33, 29.96, 63.18, 125.32, 62.99, 87.53, , , , , 
1/31/2020 4:11:11 PM, 3227.5, 9011.75, 1617.9, 321.73, 219.07, 160.53, 309.51, 170.23, 236.43, 95.33, 29.96, 63.18, 125.32, 62.99, 87.53, , , , , 
1/31/2020 4:11:14 PM, 3227.75, 9011.75, 1617.9, 321.73, 219.07, 160.53, 309.51, 170.23, 236.43, 95.33, 29.96, 63.18, 125.32, 62.99, 87.53, , , , , 
1/31/2020 4:11:17 PM, 3227.75, 9011.75, 1617.9, 321.73, 219.07, 160.53, 309.51, 170.23, 236.43, 95.33, 29.96, 63.18, 125.32, 62.99, 87.53, , , , , 
1/31/2020 4:11:20 PM, 3227.5, 9011.75, 1617.9, 321.73, 219.07, 160.53, 309.51, 170.23, 236.43, 95.33, 29.96, 63.18, 125.32, 62.99, 87.53, , , , , 
1/31/2020 4:11:24 PM, 3227.75, 9012, 1617.9, 321.73, 219.07, 160.53, 309.51, 170.23, 236.43, 95.33, 29.96, 63.18, 125.32, 62.99, 87.53, , , , , 
1/31/2020 4:11:27 PM, 3227.5, 9012.25, 1617.9, 321.73, 219.07, 160.53, 309.51, 170.23, 236.43, 95.33, 29.96, 63.18, 125.32, 62.99, 87.53, , , , , 
1/31/2020 4:11:30 PM, 3227.75, 9012, 1617.9, 321.73, 219.07, 160.53, 309.51, 170.23, 236.43, 95.33, 29.96, 63.18, 125.32, 62.99, 87.53, , , , , 
1/31/2020 4:11:33 PM, 3228, 9013, 1618, 321.73, 219.07, 160.53, 309.51, 170.23, 236.43, 95.33, 29.96, 63.18, 125.32, 62.99, 87.53, , , , , 
1/31/2020 4:11:36 PM, 3228.25, 9013.75, 1618.2, 321.73, 219.07, 160.53, 309.51, 170.23, 236.43, 95.33, 29.96, 63.18, 125.32, 62.99, 87.53, , , , , 
1/31/2020 4:11:39 PM, 3228.25, 9013.75, 1618.2, 321.73, 219.07, 160.53, 309.51, 170.23, 236.43, 95.33, 29.96, 63.18, 125.32, 62.99, 87.53, , , , , 
1/31/2020 4:11:42 PM, 3228.5, 9014.75, 1618.4, 321.73, 219.07, 160.53, 309.51, 170.23, 236.43, 95.33, 29.96, 63.18, 125.32, 62.99, 87.53, , , , , 
1/31/2020 4:11:45 PM, 3228.25, 9014.75, 1618.3, 321.73, 219.07, 160.53, 309.51, 170.23, 236.43, 95.33, 29.96, 63.18, 125.32, 62.99, 87.53, , , , , 
1/31/2020 4:11:48 PM, 3228.25, 9014.5, 1618.2, 321.73, 219.07, 160.53, 309.51, 170.23, 236.43, 95.33, 29.96, 63.18, 125.32, 62.99, 87.53, , , , , 
1/31/2020 4:11:51 PM, 3228.25, 9014.5, 1618.2, 321.73, 219.07, 160.53, 309.51, 170.23, 236.43, 95.33, 29.96, 63.18, 125.32, 62.99, 87.53, , , , , 
1/31/2020 4:11:54 PM, 3228.25, 9014.5, 1618.2, 321.73, 219.07, 160.53, 309.51, 170.23, 236.43, 95.33, 29.96, 63.18, 125.32, 62.99, 87.53, , , , , 
1/31/2020 4:11:57 PM, 3228.25, 9015, 1618.4, 321.73, 219.07, 160.53, 309.51, 170.23, 236.43, 95.33, 29.96, 63.18, 125.32, 62.99, 87.53, , , , , 
1/31/2020 4:12:00 PM, 3227.75, 9014, 1618.2, 321.73, 219.07, 160.53, 309.51, 170.23, 236.43, 95.33, 29.96, 63.18, 125.32, 62.99, 87.53, , , , , 
1/31/2020 4:12:03 PM, 3227.5, 9014, 1618.1, 321.73, 219.07, 160.53, 309.51, 170.23, 236.43, 95.33, 29.96, 63.18, 125.32, 62.99, 87.53, , , , , 
1/31/2020 4:12:06 PM, 3227.75, 9014.25, 1618.1, 321.73, 219.07, 160.53, 309.51, 170.23, 236.43, 95.33, 29.96, 63.18, 125.32, 62.99, 87.53, , , , , 
1/31/2020 4:12:09 PM, 3228, 9015, 1618.2, 321.73, 219.07, 160.53, 309.51, 170.23, 236.43, 95.33, 29.96, 63.18, 125.32, 62.99, 87.53, , , , , 
1/31/2020 4:12:12 PM, 3227.75, 9015, 1618.3, 321.73, 219.07, 160.53, 309.51, 170.23, 236.43, 95.33, 29.96, 63.18, 125.32, 62.99, 87.53, , , , , 
1/31/2020 4:12:15 PM, 3228, 9015.5, 1618.3, 321.73, 219.07, 160.53, 309.51, 170.23, 236.43, 95.33, 29.96, 63.18, 125.32, 62.99, 87.53, , , , , 
1/31/2020 4:12:18 PM, 3227.75, 9015.25, 1618.4, 321.73, 219.07, 160.53, 309.51, 170.23, 236.43, 95.33, 29.96, 63.18, 125.32, 62.99, 87.53, , , , , 
1/31/2020 4:12:21 PM, 3228, 9015.25, 1618.4, 321.73, 219.07, 160.53, 309.51, 170.23, 236.43, 95.33, 29.96, 63.18, 125.32, 62.99, 87.53, , , , , 
1/31/2020 4:12:24 PM, 3227.75, 9015, 1618.3, 321.73, 219.07, 160.53, 309.51, 170.23, 236.43, 95.33, 29.96, 63.18, 125.32, 62.99, 87.53, , , , , 
1/31/2020 4:12:27 PM, 3227.75, 9013.5, 1618.2, 321.73, 219.07, 160.53, 309.51, 170.23, 236.43, 95.33, 29.96, 63.18, 125.32, 62.99, 87.53, , , , , 
1/31/2020 4:12:30 PM, 3227.75, 9013.5, 1618.2, 321.73, 219.07, 160.53, 309.51, 170.23, 236.43, 95.33, 29.96, 63.18, 125.32, 62.99, 87.53, , , , , 
1/31/2020 4:12:33 PM, 3227.25, 9012.75, 1618, 321.73, 219.07, 160.53, 309.51, 170.23, 236.43, 95.33, 29.96, 63.18, 125.32, 62.99, 87.53, , , , , 
1/31/2020 4:12:36 PM, 3227.75, 9013.25, 1618, 321.73, 219.07, 160.53, 309.51, 170.23, 236.43, 95.33, 29.96, 63.18, 125.32, 62.99, 87.53, , , , , 
1/31/2020 4:12:39 PM, 3227.5, 9013.5, 1617.9, 321.73, 219.07, 160.53, 309.51, 170.23, 236.43, 95.33, 29.96, 63.18, 125.32, 62.99, 87.53, , , , , 
1/31/2020 4:12:42 PM, 3227.25, 9013, 1618, 321.73, 219.07, 160.53, 309.51, 170.23, 236.43, 95.33, 29.96, 63.18, 125.32, 62.99, 87.53, , , , , 
1/31/2020 4:12:45 PM, 3227.5, 9013.25, 1618, 321.73, 219.07, 160.53, 309.51, 170.23, 236.43, 95.33, 29.96, 63.18, 125.32, 62.99, 87.53, , , , , 
1/31/2020 4:12:48 PM, 3227.5, 9013.5, 1618.1, 321.73, 219.07, 160.53, 309.51, 170.23, 236.43, 95.33, 29.96, 63.18, 125.32, 62.99, 87.53, , , , , 
1/31/2020 4:12:51 PM, 3228, 9014.5, 1618.1, 321.73, 219.07, 160.53, 309.51, 170.23, 236.43, 95.33, 29.96, 63.18, 125.32, 62.99, 87.53, , , , , 
1/31/2020 4:12:54 PM, 3227.75, 9014.5, 1618.1, 321.73, 219.07, 160.53, 309.51, 170.23, 236.43, 95.33, 29.96, 63.18, 125.32, 62.99, 87.53, , , , , 
1/31/2020 4:12:57 PM, 3228.25, 9016, 1618.4, 321.73, 219.07, 160.53, 309.51, 170.23, 236.43, 95.33, 29.96, 63.18, 125.32, 62.99, 87.53, , , , , 
1/31/2020 4:13:00 PM, 3228.5, 9016, 1618.5, 321.73, 219.07, 160.53, 309.51, 170.23, 236.43, 95.33, 29.96, 63.18, 125.32, 62.99, 87.53, , , , , 
1/31/2020 4:13:03 PM, 3228.5, 9016.5, 1618.7, 321.73, 219.07, 160.53, 309.51, 170.23, 236.43, 95.33, 29.96, 63.18, 125.32, 62.99, 87.53, , , , , 
1/31/2020 4:13:06 PM, 3228.5, 9016.75, 1618.7, 321.73, 219.07, 160.53, 309.51, 170.23, 236.43, 95.33, 29.96, 63.18, 125.32, 62.99, 87.53, , , , , 
1/31/2020 4:13:09 PM, 3228.75, 9017.25, 1618.7, 321.73, 219.07, 160.53, 309.51, 170.23, 236.43, 95.33, 29.96, 63.18, 125.32, 62.99, 87.53, , , , , 
1/31/2020 4:13:12 PM, 3228.5, 9017.25, 1618.7, 321.73, 219.07, 160.53, 309.51, 170.23, 236.43, 95.33, 29.96, 63.18, 125.32, 62.99, 87.53, , , , , 
1/31/2020 4:13:15 PM, 3228.75, 9017.75, 1618.7, 321.73, 219.07, 160.53, 309.51, 170.23, 236.43, 95.33, 29.96, 63.18, 125.32, 62.99, 87.53, , , , , 
1/31/2020 4:13:18 PM, 3228.5, 9016.5, 1618.7, 321.73, 219.07, 160.53, 309.51, 170.23, 236.43, 95.33, 29.96, 63.18, 125.32, 62.99, 87.53, , , , , 
1/31/2020 4:13:21 PM, 3228.75, 9016.5, 1618.7, 321.73, 219.07, 160.53, 309.51, 170.23, 236.43, 95.33, 29.96, 63.18, 125.32, 62.99, 87.53, , , , , 
1/31/2020 4:13:24 PM, 3228.5, 9017, 1618.6, 321.73, 219.07, 160.53, 309.51, 170.23, 236.43, 95.33, 29.96, 63.18, 125.32, 62.99, 87.53, , , , , 
1/31/2020 4:13:27 PM, 3228.5, 9016.25, 1618.6, 321.73, 219.07, 160.53, 309.51, 170.23, 236.43, 95.33, 29.96, 63.18, 125.32, 62.99, 87.53, , , , , 
1/31/2020 4:13:30 PM, 3228.5, 9017, 1618.6, 321.73, 219.07, 160.53, 309.51, 170.23, 236.43, 95.33, 29.96, 63.18, 125.32, 62.99, 87.53, , , , , 
1/31/2020 4:13:33 PM, 3228.5, 9017.75, 1618.7, 321.73, 219.07, 160.53, 309.51, 170.23, 236.43, 95.33, 29.96, 63.18, 125.32, 62.99, 87.53, , , , , 
1/31/2020 4:13:36 PM, 3229, 9018.5, 1618.6, 321.73, 219.07, 160.53, 309.51, 170.23, 236.43, 95.33, 29.96, 63.18, 125.32, 62.99, 87.53, , , , , 
1/31/2020 4:13:39 PM, 3228.75, 9019, 1618.6, 321.73, 219.07, 160.53, 309.51, 170.23, 236.43, 95.33, 29.96, 63.18, 125.32, 62.99, 87.53, , , , , 
1/31/2020 4:13:43 PM, 3228.75, 9018.75, 1618.7, 321.73, 219.07, 160.53, 309.51, 170.23, 236.43, 95.33, 29.96, 63.18, 125.32, 62.99, 87.53, , , , , 
1/31/2020 4:13:46 PM, 3229.25, 9018.75, 1618.6, 321.73, 219.07, 160.53, 309.51, 170.23, 236.43, 95.33, 29.96, 63.18, 125.32, 62.99, 87.53, , , , , 
1/31/2020 4:13:49 PM, 3228.75, 9017.5, 1618.7, 321.73, 219.07, 160.53, 309.51, 170.23, 236.43, 95.33, 29.96, 63.18, 125.32, 62.99, 87.53, , , , , 
1/31/2020 4:13:52 PM, 3228.5, 9016.75, 1618.6, 321.73, 219.07, 160.53, 309.51, 170.23, 236.43, 95.33, 29.96, 63.18, 125.32, 62.99, 87.53, , , , , 
1/31/2020 4:13:55 PM, 3229, 9017.25, 1618.6, 321.73, 219.07, 160.53, 309.51, 170.23, 236.43, 95.33, 29.96, 63.18, 125.32, 62.99, 87.53, , , , , 
1/31/2020 4:13:58 PM, 3228.25, 9016, 1618, 321.73, 219.07, 160.53, 309.51, 170.23, 236.43, 95.33, 29.96, 63.18, 125.32, 62.99, 87.53, , , , , 
1/31/2020 4:14:01 PM, 3228.25, 9016, 1618, 321.73, 219.07, 160.53, 309.51, 170.23, 236.43, 95.33, 29.96, 63.18, 125.32, 62.99, 87.53, , , , , 
1/31/2020 4:14:04 PM, 3228, 9015.5, 1618, 321.73, 219.07, 160.53, 309.51, 170.23, 236.43, 95.33, 29.96, 63.18, 125.32, 62.99, 87.53, , , , , 
1/31/2020 4:14:07 PM, 3228.25, 9014.5, 1617.9, 321.73, 219.07, 160.53, 309.51, 170.23, 236.43, 95.33, 29.96, 63.18, 125.32, 62.99, 87.53, , , , , 
1/31/2020 4:14:10 PM, 3227.75, 9014.25, 1617.8, 321.73, 219.07, 160.53, 309.51, 170.23, 236.43, 95.33, 29.96, 63.18, 125.32, 62.99, 87.53, , , , , 
1/31/2020 4:14:13 PM, 3227.75, 9014.25, 1617.8, 321.73, 219.07, 160.53, 309.51, 170.23, 236.43, 95.33, 29.96, 63.18, 125.32, 62.99, 87.53, , , , , 
1/31/2020 4:14:16 PM, 3228, 9015.75, 1618, 321.73, 219.07, 160.53, 309.51, 170.23, 236.43, 95.33, 29.96, 63.18, 125.32, 62.99, 87.53, , , , , 
1/31/2020 4:14:19 PM, 3228, 9015.75, 1618, 321.73, 219.07, 160.53, 309.51, 170.23, 236.43, 95.33, 29.96, 63.18, 125.32, 62.99, 87.53, , , , , 
1/31/2020 4:14:22 PM, 3228.25, 9016.75, 1618, 321.73, 219.07, 160.53, 309.51, 170.23, 236.43, 95.33, 29.96, 63.18, 125.32, 62.99, 87.53, , , , , 
1/31/2020 4:14:25 PM, 3228.25, 9016.75, 1618, 321.73, 219.07, 160.53, 309.51, 170.23, 236.43, 95.33, 29.96, 63.18, 125.32, 62.99, 87.53, , , , , 
1/31/2020 4:14:28 PM, 3228.5, 9017.25, 1618.2, 321.73, 219.07, 160.53, 309.51, 170.23, 236.43, 95.33, 29.96, 63.18, 125.32, 62.99, 87.53, , , , , 
1/31/2020 4:14:31 PM, 3228.5, 9017.25, 1618.2, 321.73, 219.07, 160.53, 309.51, 170.23, 236.43, 95.33, 29.96, 63.18, 125.32, 62.99, 87.53, , , , , 
1/31/2020 4:14:34 PM, 3228.5, 9016.75, 1618.3, 321.73, 219.07, 160.53, 309.51, 170.23, 236.43, 95.33, 29.96, 63.18, 125.32, 62.99, 87.53, , , , , 
1/31/2020 4:14:37 PM, 3228.75, 9016.75, 1618.2, 321.73, 219.07, 160.53, 309.51, 170.23, 236.43, 95.33, 29.96, 63.18, 125.32, 62.99, 87.53, , , , , 
1/31/2020 4:14:40 PM, 3228.5, 9016.75, 1618.5, 321.73, 219.07, 160.53, 309.51, 170.23, 236.43, 95.33, 29.96, 63.18, 125.32, 62.99, 87.53, , , , , 
1/31/2020 4:14:43 PM, 3228.25, 9016, 1618.4, 321.73, 219.07, 160.53, 309.51, 170.23, 236.43, 95.33, 29.96, 63.18, 125.32, 62.99, 87.53, , , , , 
1/31/2020 4:14:46 PM, 3228.5, 9015.5, 1618.6, 321.73, 219.07, 160.53, 309.51, 170.23, 236.43, 95.33, 29.96, 63.18, 125.32, 62.99, 87.53, , , , , 
1/31/2020 4:14:49 PM, 3228.5, 9015.5, 1618.6, 321.73, 219.07, 160.53, 309.51, 170.23, 236.43, 95.33, 29.96, 63.18, 125.32, 62.99, 87.53, , , , , 
1/31/2020 4:14:52 PM, 3229.25, 9017.25, 1618.9, 321.73, 219.07, 160.53, 309.51, 170.23, 236.43, 95.33, 29.96, 63.18, 125.32, 62.99, 87.53, , , , , 
1/31/2020 4:14:55 PM, 3229.25, 9017.25, 1618.9, 321.73, 219.07, 160.53, 309.51, 170.23, 236.43, 95.33, 29.96, 63.18, 125.32, 62.99, 87.53, , , , , 
1/31/2020 4:14:58 PM, 3228, 9015.5, 1618.6, 321.73, 219.07, 160.53, 309.51, 170.23, 236.43, 95.33, 29.96, 63.18, 125.32, 62.99, 87.53, , , , , 
1/31/2020 4:15:01 PM, 3228, 9015.5, 1618.6, 321.73, 219.07, 160.53, 309.51, 170.23, 236.43, 95.33, 29.96, 63.18, 125.32, 62.99, 87.53, , , , , 
1/31/2020 4:15:04 PM, 3228, 9016.25, 1618.3, 321.73, 219.07, 160.53, 309.51, 170.23, 236.43, 95.33, 29.96, 63.18, 125.32, 62.99, 87.53, , , , , 
1/31/2020 4:15:07 PM, 3228, 9016.25, 1618.3, 321.73, 219.07, 160.53, 309.51, 170.23, 236.43, 95.33, 29.96, 63.18, 125.32, 62.99, 87.53, , , , , 
1/31/2020 4:15:10 PM, 3228, 9016.25, 1618.3, 321.73, 219.07, 160.53, 309.51, 170.23, 236.43, 95.33, 29.96, 63.18, 125.32, 62.99, 87.53, , , , , 
1/31/2020 4:15:13 PM, 3228, 9016.25, 1618.3, 321.73, 219.07, 160.53, 309.51, 170.23, 236.43, 95.33, 29.96, 63.18, 125.32, 62.99, 87.53, , , , , 
1/31/2020 4:15:16 PM, 3228, 9016.25, 1618.3, 321.73, 219.07, 160.53, 309.51, 170.23, 236.43, 95.33, 29.96, 63.18, 125.32, 62.99, 87.53, , , , , 
1/31/2020 4:15:19 PM, 3228, 9016.25, 1618.3, 321.73, 219.07, 160.53, 309.51, 170.23, 236.43, 95.33, 29.96, 63.18, 125.32, 62.99, 87.53, , , , , 
1/31/2020 4:15:22 PM, 3228, 9016.25, 1618.3, 321.73, 219.07, 160.53, 309.51, 170.23, 236.43, 95.33, 29.96, 63.18, 125.32, 62.99, 87.53, , , , , 
1/31/2020 4:15:25 PM, 3228, 9016.25, 1618.3, 321.73, 219.07, 160.53, 309.51, 170.23, 236.43, 95.33, 29.96, 63.18, 125.32, 62.99, 87.53, , , , , 
1/31/2020 4:15:28 PM, 3228, 9016.25, 1618.3, 321.73, 219.07, 160.53, 309.51, 170.23, 236.43, 95.33, 29.96, 63.18, 125.32, 62.99, 87.53, , , , , 
1/31/2020 4:15:31 PM, 3228, 9016.25, 1618.3, 321.73, 219.07, 160.53, 309.51, 170.23, 236.43, 95.33, 29.96, 63.18, 125.32, 62.99, 87.53, , , , , 
1/31/2020 4:15:34 PM, 3228, 9016.25, 1618.3, 321.73, 219.07, 160.53, 309.51, 170.23, 236.43, 95.33, 29.96, 63.18, 125.32, 62.99, 87.53, , , , , 
1/31/2020 4:15:37 PM, 3228, 9016.25, 1618.3, 321.73, 219.07, 160.53, 309.51, 170.23, 236.43, 95.33, 29.96, 63.18, 125.32, 62.99, 87.53, , , , , 
1/31/2020 4:15:40 PM, 3228, 9016.25, 1618.3, 321.73, 219.07, 160.53, 309.51, 170.23, 236.43, 95.33, 29.96, 63.18, 125.32, 62.99, 87.53, , , , , 
1/31/2020 4:15:43 PM, 3228, 9016.25, 1618.3, 321.73, 219.07, 160.53, 309.51, 170.23, 236.43, 95.33, 29.96, 63.18, 125.32, 62.99, 87.53, , , , , 
1/31/2020 4:15:46 PM, 3228, 9016.25, 1618.3, 321.73, 219.07, 160.53, 309.51, 170.23, 236.43, 95.33, 29.96, 63.18, 125.32, 62.99, 87.53, , , , , 
1/31/2020 4:15:49 PM, 3228, 9016.25, 1618.3, 321.73, 219.07, 160.53, 309.51, 170.23, 236.43, 95.33, 29.96, 63.18, 125.32, 62.99, 87.53, , , , , 
1/31/2020 4:15:52 PM, 3228, 9016.25, 1618.3, 321.73, 219.07, 160.53, 309.51, 170.23, 236.43, 95.33, 29.96, 63.18, 125.32, 62.99, 87.53, , , , , 
1/31/2020 4:15:55 PM, 3228, 9016.25, 1618.3, 321.73, 219.07, 160.53, 309.51, 170.23, 236.43, 95.33, 29.96, 63.18, 125.32, 62.99, 87.53, , , , , 
1/31/2020 4:15:58 PM, 3228, 9016.25, 1618.3, 321.73, 219.07, 160.53, 309.51, 170.23, 236.43, 95.33, 29.96, 63.18, 125.32, 62.99, 87.53, , , , , 
1/31/2020 4:16:01 PM, 3228, 9016.25, 1618.3, 321.73, 219.07, 160.53, 309.51, 170.23, 236.43, 95.33, 29.96, 63.18, 125.32, 62.99, 87.53, , , , , 
1/31/2020 4:16:04 PM, 3228, 9016.25, 1618.3, 321.73, 219.07, 160.53, 309.51, 170.23, 236.43, 95.33, 29.96, 63.18, 125.32, 62.99, 87.53, , , , , 
1/31/2020 4:16:07 PM, 3228, 9016.25, 1618.3, 321.73, 219.07, 160.53, 309.51, 170.23, 236.43, 95.33, 29.96, 63.18, 125.32, 62.99, 87.53, , , , , 
1/31/2020 4:16:10 PM, 3228, 9016.25, 1618.3, 321.73, 219.07, 160.53, 309.51, 170.23, 236.43, 95.33, 29.96, 63.18, 125.32, 62.99, 87.53, , , , , 
1/31/2020 4:16:13 PM, 3228, 9016.25, 1618.3, 321.73, 219.07, 160.53, 309.51, 170.23, 236.43, 95.33, 29.96, 63.18, 125.32, 62.99, 87.53, , , , , 
1/31/2020 4:16:16 PM, 3228, 9016.25, 1618.3, 321.73, 219.07, 160.53, 309.51, 170.23, 236.43, 95.33, 29.96, 63.18, 125.32, 62.99, 87.53, , , , , 
1/31/2020 4:16:19 PM, 3228, 9016.25, 1618.3, 321.73, 219.07, 160.53, 309.51, 170.23, 236.43, 95.33, 29.96, 63.18, 125.32, 62.99, 87.53, , , , , 
1/31/2020 4:16:22 PM, 3228, 9016.25, 1618.3, 321.73, 219.07, 160.53, 309.51, 170.23, 236.43, 95.33, 29.96, 63.18, 125.32, 62.99, 87.53, , , , , 
1/31/2020 4:16:26 PM, 3228, 9016.25, 1618.3, 321.73, 219.07, 160.53, 309.51, 170.23, 236.43, 95.33, 29.96, 63.18, 125.32, 62.99, 87.53, , , , , 
1/31/2020 4:16:29 PM, 3228, 9016.25, 1618.3, 321.73, 219.07, 160.53, 309.51, 170.23, 236.43, 95.33, 29.96, 63.18, 125.32, 62.99, 87.53, , , , , 
1/31/2020 4:16:32 PM, 3228, 9016.25, 1618.3, 321.73, 219.07, 160.53, 309.51, 170.23, 236.43, 95.33, 29.96, 63.18, 125.32, 62.99, 87.53, , , , , 
1/31/2020 4:16:35 PM, 3228, 9016.25, 1618.3, 321.73, 219.07, 160.53, 309.51, 170.23, 236.43, 95.33, 29.96, 63.18, 125.32, 62.99, 87.53, , , , , 
1/31/2020 4:16:38 PM, 3228, 9016.25, 1618.3, 321.73, 219.07, 160.53, 309.51, 170.23, 236.43, 95.33, 29.96, 63.18, 125.32, 62.99, 87.53, , , , , 
1/31/2020 4:16:41 PM, 3228, 9016.25, 1618.3, 321.73, 219.07, 160.53, 309.51, 170.23, 236.43, 95.33, 29.96, 63.18, 125.32, 62.99, 87.53, , , , , 
1/31/2020 4:16:44 PM, 3228, 9016.25, 1618.3, 321.73, 219.07, 160.53, 309.51, 170.23, 236.43, 95.33, 29.96, 63.18, 125.32, 62.99, 87.53, , , , , 
1/31/2020 4:16:47 PM, 3228, 9016.25, 1618.3, 321.73, 219.07, 160.53, 309.51, 170.23, 236.43, 95.33, 29.96, 63.18, 125.32, 62.99, 87.53, , , , , 
1/31/2020 4:16:50 PM, 3228, 9016.25, 1618.3, 321.73, 219.07, 160.53, 309.51, 170.23, 236.43, 95.33, 29.96, 63.18, 125.32, 62.99, 87.53, , , , , 
1/31/2020 4:16:53 PM, 3228, 9016.25, 1618.3, 321.73, 219.07, 160.53, 309.51, 170.23, 236.43, 95.33, 29.96, 63.18, 125.32, 62.99, 87.53, , , , , 
1/31/2020 4:16:56 PM, 3228, 9016.25, 1618.3, 321.73, 219.07, 160.53, 309.51, 170.23, 236.43, 95.33, 29.96, 63.18, 125.32, 62.99, 87.53, , , , , 
1/31/2020 4:16:59 PM, 3228, 9016.25, 1618.3, 321.73, 219.07, 160.53, 309.51, 170.23, 236.43, 95.33, 29.96, 63.18, 125.32, 62.99, 87.53, , , , , 
1/31/2020 4:17:02 PM, 3228, 9016.25, 1618.3, 321.73, 219.07, 160.53, 309.51, 170.23, 236.43, 95.33, 29.96, 63.18, 125.32, 62.99, 87.53, , , , , 
1/31/2020 4:17:05 PM, 3228, 9016.25, 1618.3, 321.73, 219.07, 160.53, 309.51, 170.23, 236.43, 95.33, 29.96, 63.18, 125.32, 62.99, 87.53, , , , , 
1/31/2020 4:17:08 PM, 3228, 9016.25, 1618.3, 321.73, 219.07, 160.53, 309.51, 170.23, 236.43, 95.33, 29.96, 63.18, 125.32, 62.99, 87.53, , , , , 
1/31/2020 4:17:11 PM, 3228, 9016.25, 1618.3, 321.73, 219.07, 160.53, 309.51, 170.23, 236.43, 95.33, 29.96, 63.18, 125.32, 62.99, 87.53, , , , , 
1/31/2020 4:17:14 PM, 3228, 9016.25, 1618.3, 321.73, 219.07, 160.53, 309.51, 170.23, 236.43, 95.33, 29.96, 63.18, 125.32, 62.99, 87.53, , , , , 
1/31/2020 4:17:17 PM, 3228, 9016.25, 1618.3, 321.73, 219.07, 160.53, 309.51, 170.23, 236.43, 95.33, 29.96, 63.18, 125.32, 62.99, 87.53, , , , , 
1/31/2020 4:17:20 PM, 3228, 9016.25, 1618.3, 321.73, 219.07, 160.53, 309.51, 170.23, 236.43, 95.33, 29.96, 63.18, 125.32, 62.99, 87.53, , , , , 
1/31/2020 4:17:23 PM, 3228, 9016.25, 1618.3, 321.73, 219.07, 160.53, 309.51, 170.23, 236.43, 95.33, 29.96, 63.18, 125.32, 62.99, 87.53, , , , , 
1/31/2020 4:17:26 PM, 3228, 9016.25, 1618.3, 321.73, 219.07, 160.53, 309.51, 170.23, 236.43, 95.33, 29.96, 63.18, 125.32, 62.99, 87.53, , , , , 
1/31/2020 4:17:29 PM, 3228, 9016.25, 1618.3, 321.73, 219.07, 160.53, 309.51, 170.23, 236.43, 95.33, 29.96, 63.18, 125.32, 62.99, 87.53, , , , , 
1/31/2020 4:17:32 PM, 3228, 9016.25, 1618.3, 321.73, 219.07, 160.53, 309.51, 170.23, 236.43, 95.33, 29.96, 63.18, 125.32, 62.99, 87.53, , , , , 
1/31/2020 4:17:35 PM, 3228, 9016.25, 1618.3, 321.73, 219.07, 160.53, 309.51, 170.23, 236.43, 95.33, 29.96, 63.18, 125.32, 62.99, 87.53, , , , , 
1/31/2020 4:17:38 PM, 3228, 9016.25, 1618.3, 321.73, 219.07, 160.53, 309.51, 170.23, 236.43, 95.33, 29.96, 63.18, 125.32, 62.99, 87.53, , , , , 
1/31/2020 4:17:41 PM, 3228, 9016.25, 1618.3, 321.73, 219.07, 160.53, 309.51, 170.23, 236.43, 95.33, 29.96, 63.18, 125.32, 62.99, 87.53, , , , , 
1/31/2020 4:17:44 PM, 3228, 9016.25, 1618.3, 321.73, 219.07, 160.53, 309.51, 170.23, 236.43, 95.33, 29.96, 63.18, 125.32, 62.99, 87.53, , , , , 
1/31/2020 4:17:47 PM, 3228, 9016.25, 1618.3, 321.73, 219.07, 160.53, 309.51, 170.23, 236.43, 95.33, 29.96, 63.18, 125.32, 62.99, 87.53, , , , , 
1/31/2020 4:17:50 PM, 3228, 9016.25, 1618.3, 321.73, 219.07, 160.53, 309.51, 170.23, 236.43, 95.33, 29.96, 63.18, 125.32, 62.99, 87.53, , , , , 
1/31/2020 4:17:53 PM, 3228, 9016.25, 1618.3, 321.73, 219.07, 160.53, 309.51, 170.23, 236.43, 95.33, 29.96, 63.18, 125.32, 62.99, 87.53, , , , , 
1/31/2020 4:17:56 PM, 3228, 9016.25, 1618.3, 321.73, 219.07, 160.53, 309.51, 170.23, 236.43, 95.33, 29.96, 63.18, 125.32, 62.99, 87.53, , , , , 
1/31/2020 4:17:59 PM, 3228, 9016.25, 1618.3, 321.73, 219.07, 160.53, 309.51, 170.23, 236.43, 95.33, 29.96, 63.18, 125.32, 62.99, 87.53, , , , , 
1/31/2020 4:18:02 PM, 3228, 9016.25, 1618.3, 321.73, 219.07, 160.53, 309.51, 170.23, 236.43, 95.33, 29.96, 63.18, 125.32, 62.99, 87.53, , , , , 
1/31/2020 4:18:05 PM, 3228, 9016.25, 1618.3, 321.73, 219.07, 160.53, 309.51, 170.23, 236.43, 95.33, 29.96, 63.18, 125.32, 62.99, 87.53, , , , , 
1/31/2020 4:18:08 PM, 3228, 9016.25, 1618.3, 321.73, 219.07, 160.53, 309.51, 170.23, 236.43, 95.33, 29.96, 63.18, 125.32, 62.99, 87.53, , , , , 
1/31/2020 4:18:11 PM, 3228, 9016.25, 1618.3, 321.73, 219.07, 160.53, 309.51, 170.23, 236.43, 95.33, 29.96, 63.18, 125.32, 62.99, 87.53, , , , , 
1/31/2020 4:18:14 PM, 3228, 9016.25, 1618.3, 321.73, 219.07, 160.53, 309.51, 170.23, 236.43, 95.33, 29.96, 63.18, 125.32, 62.99, 87.53, , , , , 
1/31/2020 4:18:17 PM, 3228, 9016.25, 1618.3, 321.73, 219.07, 160.53, 309.51, 170.23, 236.43, 95.33, 29.96, 63.18, 125.32, 62.99, 87.53, , , , , 
1/31/2020 4:18:20 PM, 3228, 9016.25, 1618.3, 321.73, 219.07, 160.53, 309.51, 170.23, 236.43, 95.33, 29.96, 63.18, 125.32, 62.99, 87.53, , , , , 
1/31/2020 4:18:23 PM, 3228, 9016.25, 1618.3, 321.73, 219.07, 160.53, 309.51, 170.23, 236.43, 95.33, 29.96, 63.18, 125.32, 62.99, 87.53, , , , , 
1/31/2020 4:18:26 PM, 3228, 9016.25, 1618.3, 321.73, 219.07, 160.53, 309.51, 170.23, 236.43, 95.33, 29.96, 63.18, 125.32, 62.99, 87.53, , , , , 
1/31/2020 4:18:29 PM, 3228, 9016.25, 1618.3, 321.73, 219.07, 160.53, 309.51, 170.23, 236.43, 95.33, 29.96, 63.18, 125.32, 62.99, 87.53, , , , , 
1/31/2020 4:18:32 PM, 3228, 9016.25, 1618.3, 321.73, 219.07, 160.53, 309.51, 170.23, 236.43, 95.33, 29.96, 63.18, 125.32, 62.99, 87.53, , , , , 
1/31/2020 4:18:35 PM, 3228, 9016.25, 1618.3, 321.73, 219.07, 160.53, 309.51, 170.23, 236.43, 95.33, 29.96, 63.18, 125.32, 62.99, 87.53, , , , , 
1/31/2020 4:18:38 PM, 3228, 9016.25, 1618.3, 321.73, 219.07, 160.53, 309.51, 170.23, 236.43, 95.33, 29.96, 63.18, 125.32, 62.99, 87.53, , , , , 
1/31/2020 4:18:41 PM, 3228, 9016.25, 1618.3, 321.73, 219.07, 160.53, 309.51, 170.23, 236.43, 95.33, 29.96, 63.18, 125.32, 62.99, 87.53, , , , , 
1/31/2020 4:18:45 PM, 3228, 9016.25, 1618.3, 321.73, 219.07, 160.53, 309.51, 170.23, 236.43, 95.33, 29.96, 63.18, 125.32, 62.99, 87.53, , , , , 
1/31/2020 4:18:48 PM, 3228, 9016.25, 1618.3, 321.73, 219.07, 160.53, 309.51, 170.23, 236.43, 95.33, 29.96, 63.18, 125.32, 62.99, 87.53, , , , , 
1/31/2020 4:18:51 PM, 3228, 9016.25, 1618.3, 321.73, 219.07, 160.53, 309.51, 170.23, 236.43, 95.33, 29.96, 63.18, 125.32, 62.99, 87.53, , , , , 
1/31/2020 4:18:54 PM, 3228, 9016.25, 1618.3, 321.73, 219.07, 160.53, 309.51, 170.23, 236.43, 95.33, 29.96, 63.18, 125.32, 62.99, 87.53, , , , , 
1/31/2020 4:18:57 PM, 3228, 9016.25, 1618.3, 321.73, 219.07, 160.53, 309.51, 170.23, 236.43, 95.33, 29.96, 63.18, 125.32, 62.99, 87.53, , , , , 
1/31/2020 4:19:00 PM, 3228, 9016.25, 1618.3, 321.73, 219.07, 160.53, 309.51, 170.23, 236.43, 95.33, 29.96, 63.18, 125.32, 62.99, 87.53, , , , , 
1/31/2020 4:19:03 PM, 3228, 9016.25, 1618.3, 321.73, 219.07, 160.53, 309.51, 170.23, 236.43, 95.33, 29.96, 63.18, 125.32, 62.99, 87.53, , , , , 
1/31/2020 4:19:06 PM, 3228, 9016.25, 1618.3, 321.73, 219.07, 160.53, 309.51, 170.23, 236.43, 95.33, 29.96, 63.18, 125.32, 62.99, 87.53, , , , , 
1/31/2020 4:19:09 PM, 3228, 9016.25, 1618.3, 321.73, 219.07, 160.53, 309.51, 170.23, 236.43, 95.33, 29.96, 63.18, 125.32, 62.99, 87.53, , , , , 
1/31/2020 4:19:12 PM, 3228, 9016.25, 1618.3, 321.73, 219.07, 160.53, 309.51, 170.23, 236.43, 95.33, 29.96, 63.18, 125.32, 62.99, 87.53, , , , , 
1/31/2020 4:19:15 PM, 3228, 9016.25, 1618.3, 321.73, 219.07, 160.53, 309.51, 170.23, 236.43, 95.33, 29.96, 63.18, 125.32, 62.99, 87.53, , , , , 
1/31/2020 4:19:18 PM, 3228, 9016.25, 1618.3, 321.73, 219.07, 160.53, 309.51, 170.23, 236.43, 95.33, 29.96, 63.18, 125.32, 62.99, 87.53, , , , , 
1/31/2020 4:19:21 PM, 3228, 9016.25, 1618.3, 321.73, 219.07, 160.53, 309.51, 170.23, 236.43, 95.33, 29.96, 63.18, 125.32, 62.99, 87.53, , , , , 
1/31/2020 4:19:24 PM, 3228, 9016.25, 1618.3, 321.73, 219.07, 160.53, 309.51, 170.23, 236.43, 95.33, 29.96, 63.18, 125.32, 62.99, 87.53, , , , , 
1/31/2020 4:19:27 PM, 3228, 9016.25, 1618.3, 321.73, 219.07, 160.53, 309.51, 170.23, 236.43, 95.33, 29.96, 63.18, 125.32, 62.99, 87.53, , , , , 
1/31/2020 4:19:30 PM, 3228, 9016.25, 1618.3, 321.73, 219.07, 160.53, 309.51, 170.23, 236.43, 95.33, 29.96, 63.18, 125.32, 62.99, 87.53, , , , , 
1/31/2020 4:19:33 PM, 3228, 9016.25, 1618.3, 321.73, 219.07, 160.53, 309.51, 170.23, 236.43, 95.33, 29.96, 63.18, 125.32, 62.99, 87.53, , , , , 
1/31/2020 4:19:36 PM, 3228, 9016.25, 1618.3, 321.73, 219.07, 160.53, 309.51, 170.23, 236.43, 95.33, 29.96, 63.18, 125.32, 62.99, 87.53, , , , , 
1/31/2020 4:19:39 PM, 3228, 9016.25, 1618.3, 321.73, 219.07, 160.53, 309.51, 170.23, 236.43, 95.33, 29.96, 63.18, 125.32, 62.99, 87.53, , , , , 
1/31/2020 4:19:42 PM, 3228, 9016.25, 1618.3, 321.73, 219.07, 160.53, 309.51, 170.23, 236.43, 95.33, 29.96, 63.18, 125.32, 62.99, 87.53, , , , , 
1/31/2020 4:19:45 PM, 3228, 9016.25, 1618.3, 321.73, 219.07, 160.53, 309.51, 170.23, 236.43, 95.33, 29.96, 63.18, 125.32, 62.99, 87.53, , , , , 
1/31/2020 4:19:48 PM, 3228, 9016.25, 1618.3, 321.73, 219.07, 160.53, 309.51, 170.23, 236.43, 95.33, 29.96, 63.18, 125.32, 62.99, 87.53, , , , , 
1/31/2020 4:19:51 PM, 3228, 9016.25, 1618.3, 321.73, 219.07, 160.53, 309.51, 170.23, 236.43, 95.33, 29.96, 63.18, 125.32, 62.99, 87.53, , , , , 
1/31/2020 4:19:54 PM, 3228, 9016.25, 1618.3, 321.73, 219.07, 160.53, 309.51, 170.23, 236.43, 95.33, 29.96, 63.18, 125.32, 62.99, 87.53, , , , , 
1/31/2020 4:19:57 PM, 3228, 9016.25, 1618.3, 321.73, 219.07, 160.53, 309.51, 170.23, 236.43, 95.33, 29.96, 63.18, 125.32, 62.99, 87.53, , , , , 
1/31/2020 4:20:00 PM, 3228, 9016.25, 1618.3, 321.73, 219.07, 160.53, 309.51, 170.23, 236.43, 95.33, 29.96, 63.18, 125.32, 62.99, 87.53, , , , , 
1/31/2020 4:20:03 PM, 3228, 9016.25, 1618.3, 321.73, 219.07, 160.53, 309.51, 170.23, 236.43, 95.33, 29.96, 63.18, 125.32, 62.99, 87.53, , , , , 
1/31/2020 4:20:06 PM, 3228, 9016.25, 1618.3, 321.73, 219.07, 160.53, 309.51, 170.23, 236.43, 95.33, 29.96, 63.18, 125.32, 62.99, 87.53, , , , , 
1/31/2020 4:20:09 PM, 3228, 9016.25, 1618.3, 321.73, 219.07, 160.53, 309.51, 170.23, 236.43, 95.33, 29.96, 63.18, 125.32, 62.99, 87.53, , , , , 
1/31/2020 4:20:12 PM, 3228, 9016.25, 1618.3, 321.73, 219.07, 160.53, 309.51, 170.23, 236.43, 95.33, 29.96, 63.18, 125.32, 62.99, 87.53, , , , , 
1/31/2020 4:20:15 PM, 3228, 9016.25, 1618.3, 321.73, 219.07, 160.53, 309.51, 170.23, 236.43, 95.33, 29.96, 63.18, 125.32, 62.99, 87.53, , , , , 
1/31/2020 4:20:18 PM, 3228, 9016.25, 1618.3, 321.73, 219.07, 160.53, 309.51, 170.23, 236.43, 95.33, 29.96, 63.18, 125.32, 62.99, 87.53, , , , , 
1/31/2020 4:20:21 PM, 3228, 9016.25, 1618.3, 321.73, 219.07, 160.53, 309.51, 170.23, 236.43, 95.33, 29.96, 63.18, 125.32, 62.99, 87.53, , , , , 
1/31/2020 4:20:24 PM, 3228, 9016.25, 1618.3, 321.73, 219.07, 160.53, 309.51, 170.23, 236.43, 95.33, 29.96, 63.18, 125.32, 62.99, 87.53, , , , , 
1/31/2020 4:20:27 PM, 3228, 9016.25, 1618.3, 321.73, 219.07, 160.53, 309.51, 170.23, 236.43, 95.33, 29.96, 63.18, 125.32, 62.99, 87.53, , , , , 
1/31/2020 4:20:30 PM, 3228, 9016.25, 1618.3, 321.73, 219.07, 160.53, 309.51, 170.23, 236.43, 95.33, 29.96, 63.18, 125.32, 62.99, 87.53, , , , , 
1/31/2020 4:20:33 PM, 3228, 9016.25, 1618.3, 321.73, 219.07, 160.53, 309.51, 170.23, 236.43, 95.33, 29.96, 63.18, 125.32, 62.99, 87.53, , , , , 
1/31/2020 4:20:36 PM, 3228, 9016.25, 1618.3, 321.73, 219.07, 160.53, 309.51, 170.23, 236.43, 95.33, 29.96, 63.18, 125.32, 62.99, 87.53, , , , , 
1/31/2020 4:20:39 PM, 3228, 9016.25, 1618.3, 321.73, 219.07, 160.53, 309.51, 170.23, 236.43, 95.33, 29.96, 63.18, 125.32, 62.99, 87.53, , , , , 
1/31/2020 4:20:42 PM, 3228, 9016.25, 1618.3, 321.73, 219.07, 160.53, 309.51, 170.23, 236.43, 95.33, 29.96, 63.18, 125.32, 62.99, 87.53, , , , , 
1/31/2020 4:20:45 PM, 3228, 9016.25, 1618.3, 321.73, 219.07, 160.53, 309.51, 170.23, 236.43, 95.33, 29.96, 63.18, 125.32, 62.99, 87.53, , , , , 
1/31/2020 4:20:48 PM, 3228, 9016.25, 1618.3, 321.73, 219.07, 160.53, 309.51, 170.23, 236.43, 95.33, 29.96, 63.18, 125.32, 62.99, 87.53, , , , , 
1/31/2020 4:20:51 PM, 3228, 9016.25, 1618.3, 321.73, 219.07, 160.53, 309.51, 170.23, 236.43, 95.33, 29.96, 63.18, 125.32, 62.99, 87.53, , , , , 
1/31/2020 4:20:54 PM, 3228, 9016.25, 1618.3, 321.73, 219.07, 160.53, 309.51, 170.23, 236.43, 95.33, 29.96, 63.18, 125.32, 62.99, 87.53, , , , , 
1/31/2020 4:20:57 PM, 3228, 9016.25, 1618.3, 321.73, 219.07, 160.53, 309.51, 170.23, 236.43, 95.33, 29.96, 63.18, 125.32, 62.99, 87.53, , , , , 
1/31/2020 4:21:00 PM, 3228, 9016.25, 1618.3, 321.73, 219.07, 160.53, 309.51, 170.23, 236.43, 95.33, 29.96, 63.18, 125.32, 62.99, 87.53, , , , , 
1/31/2020 4:21:04 PM, 3228, 9016.25, 1618.3, 321.73, 219.07, 160.53, 309.51, 170.23, 236.43, 95.33, 29.96, 63.18, 125.32, 62.99, 87.53, , , , , 
1/31/2020 4:21:07 PM, 3228, 9016.25, 1618.3, 321.73, 219.07, 160.53, 309.51, 170.23, 236.43, 95.33, 29.96, 63.18, 125.32, 62.99, 87.53, , , , , 
1/31/2020 4:21:10 PM, 3228, 9016.25, 1618.3, 321.73, 219.07, 160.53, 309.51, 170.23, 236.43, 95.33, 29.96, 63.18, 125.32, 62.99, 87.53, , , , , 
1/31/2020 4:21:13 PM, 3228, 9016.25, 1618.3, 321.73, 219.07, 160.53, 309.51, 170.23, 236.43, 95.33, 29.96, 63.18, 125.32, 62.99, 87.53, , , , , 
1/31/2020 4:21:16 PM, 3228, 9016.25, 1618.3, 321.73, 219.07, 160.53, 309.51, 170.23, 236.43, 95.33, 29.96, 63.18, 125.32, 62.99, 87.53, , , , , 
1/31/2020 4:21:19 PM, 3228, 9016.25, 1618.3, 321.73, 219.07, 160.53, 309.51, 170.23, 236.43, 95.33, 29.96, 63.18, 125.32, 62.99, 87.53, , , , , 
1/31/2020 4:21:22 PM, 3228, 9016.25, 1618.3, 321.73, 219.07, 160.53, 309.51, 170.23, 236.43, 95.33, 29.96, 63.18, 125.32, 62.99, 87.53, , , , , 
1/31/2020 4:21:25 PM, 3228, 9016.25, 1618.3, 321.73, 219.07, 160.53, 309.51, 170.23, 236.43, 95.33, 29.96, 63.18, 125.32, 62.99, 87.53, , , , , 
1/31/2020 4:21:28 PM, 3228, 9016.25, 1618.3, 321.73, 219.07, 160.53, 309.51, 170.23, 236.43, 95.33, 29.96, 63.18, 125.32, 62.99, 87.53, , , , , 
1/31/2020 4:21:31 PM, 3228, 9016.25, 1618.3, 321.73, 219.07, 160.53, 309.51, 170.23, 236.43, 95.33, 29.96, 63.18, 125.32, 62.99, 87.53, , , , , 
1/31/2020 4:21:34 PM, 3228, 9016.25, 1618.3, 321.73, 219.07, 160.53, 309.51, 170.23, 236.43, 95.33, 29.96, 63.18, 125.32, 62.99, 87.53, , , , , 
1/31/2020 4:21:37 PM, 3228, 9016.25, 1618.3, 321.73, 219.07, 160.53, 309.51, 170.23, 236.43, 95.33, 29.96, 63.18, 125.32, 62.99, 87.53, , , , , 
1/31/2020 4:21:40 PM, 3228, 9016.25, 1618.3, 321.73, 219.07, 160.53, 309.51, 170.23, 236.43, 95.33, 29.96, 63.18, 125.32, 62.99, 87.53, , , , , 
1/31/2020 4:21:43 PM, 3228, 9016.25, 1618.3, 321.73, 219.07, 160.53, 309.51, 170.23, 236.43, 95.33, 29.96, 63.18, 125.32, 62.99, 87.53, , , , , 
1/31/2020 4:21:46 PM, 3228, 9016.25, 1618.3, 321.73, 219.07, 160.53, 309.51, 170.23, 236.43, 95.33, 29.96, 63.18, 125.32, 62.99, 87.53, , , , , 
1/31/2020 4:21:49 PM, 3228, 9016.25, 1618.3, 321.73, 219.07, 160.53, 309.51, 170.23, 236.43, 95.33, 29.96, 63.18, 125.32, 62.99, 87.53, , , , , 
1/31/2020 4:21:52 PM, 3228, 9016.25, 1618.3, 321.73, 219.07, 160.53, 309.51, 170.23, 236.43, 95.33, 29.96, 63.18, 125.32, 62.99, 87.53, , , , , 
1/31/2020 4:21:55 PM, 3228, 9016.25, 1618.3, 321.73, 219.07, 160.53, 309.51, 170.23, 236.43, 95.33, 29.96, 63.18, 125.32, 62.99, 87.53, , , , , 
1/31/2020 4:21:58 PM, 3228, 9016.25, 1618.3, 321.73, 219.07, 160.53, 309.51, 170.23, 236.43, 95.33, 29.96, 63.18, 125.32, 62.99, 87.53, , , , , 
1/31/2020 4:22:01 PM, 3228, 9016.25, 1618.3, 321.73, 219.07, 160.53, 309.51, 170.23, 236.43, 95.33, 29.96, 63.18, 125.32, 62.99, 87.53, , , , , 
1/31/2020 4:22:04 PM, 3228, 9016.25, 1618.3, 321.73, 219.07, 160.53, 309.51, 170.23, 236.43, 95.33, 29.96, 63.18, 125.32, 62.99, 87.53, , , , , 
1/31/2020 4:22:07 PM, 3228, 9016.25, 1618.3, 321.73, 219.07, 160.53, 309.51, 170.23, 236.43, 95.33, 29.96, 63.18, 125.32, 62.99, 87.53, , , , , 
1/31/2020 4:22:10 PM, 3228, 9016.25, 1618.3, 321.73, 219.07, 160.53, 309.51, 170.23, 236.43, 95.33, 29.96, 63.18, 125.32, 62.99, 87.53, , , , , 
1/31/2020 4:22:13 PM, 3228, 9016.25, 1618.3, 321.73, 219.07, 160.53, 309.51, 170.23, 236.43, 95.33, 29.96, 63.18, 125.32, 62.99, 87.53, , , , , 
1/31/2020 4:22:16 PM, 3228, 9016.25, 1618.3, 321.73, 219.07, 160.53, 309.51, 170.23, 236.43, 95.33, 29.96, 63.18, 125.32, 62.99, 87.53, , , , , 
1/31/2020 4:22:19 PM, 3228, 9016.25, 1618.3, 321.73, 219.07, 160.53, 309.51, 170.23, 236.43, 95.33, 29.96, 63.18, 125.32, 62.99, 87.53, , , , , 
1/31/2020 4:22:22 PM, 3228, 9016.25, 1618.3, 321.73, 219.07, 160.53, 309.51, 170.23, 236.43, 95.33, 29.96, 63.18, 125.32, 62.99, 87.53, , , , , 
1/31/2020 4:22:25 PM, 3228, 9016.25, 1618.3, 321.73, 219.07, 160.53, 309.51, 170.23, 236.43, 95.33, 29.96, 63.18, 125.32, 62.99, 87.53, , , , , 
1/31/2020 4:22:28 PM, 3228, 9016.25, 1618.3, 321.73, 219.07, 160.53, 309.51, 170.23, 236.43, 95.33, 29.96, 63.18, 125.32, 62.99, 87.53, , , , , 
1/31/2020 4:22:31 PM, 3228, 9016.25, 1618.3, 321.73, 219.07, 160.53, 309.51, 170.23, 236.43, 95.33, 29.96, 63.18, 125.32, 62.99, 87.53, , , , , 
1/31/2020 4:22:34 PM, 3228, 9016.25, 1618.3, 321.73, 219.07, 160.53, 309.51, 170.23, 236.43, 95.33, 29.96, 63.18, 125.32, 62.99, 87.53, , , , , 
1/31/2020 4:22:37 PM, 3228, 9016.25, 1618.3, 321.73, 219.07, 160.53, 309.51, 170.23, 236.43, 95.33, 29.96, 63.18, 125.32, 62.99, 87.53, , , , , 
1/31/2020 4:22:40 PM, 3228, 9016.25, 1618.3, 321.73, 219.07, 160.53, 309.51, 170.23, 236.43, 95.33, 29.96, 63.18, 125.32, 62.99, 87.53, , , , , 
1/31/2020 4:22:43 PM, 3228, 9016.25, 1618.3, 321.73, 219.07, 160.53, 309.51, 170.23, 236.43, 95.33, 29.96, 63.18, 125.32, 62.99, 87.53, , , , , 
1/31/2020 4:22:46 PM, 3228, 9016.25, 1618.3, 321.73, 219.07, 160.53, 309.51, 170.23, 236.43, 95.33, 29.96, 63.18, 125.32, 62.99, 87.53, , , , , 
1/31/2020 4:22:49 PM, 3228, 9016.25, 1618.3, 321.73, 219.07, 160.53, 309.51, 170.23, 236.43, 95.33, 29.96, 63.18, 125.32, 62.99, 87.53, , , , , 
1/31/2020 4:22:52 PM, 3228, 9016.25, 1618.3, 321.73, 219.07, 160.53, 309.51, 170.23, 236.43, 95.33, 29.96, 63.18, 125.32, 62.99, 87.53, , , , , 
1/31/2020 4:22:55 PM, 3228, 9016.25, 1618.3, 321.73, 219.07, 160.53, 309.51, 170.23, 236.43, 95.33, 29.96, 63.18, 125.32, 62.99, 87.53, , , , , 
1/31/2020 4:22:58 PM, 3228, 9016.25, 1618.3, 321.73, 219.07, 160.53, 309.51, 170.23, 236.43, 95.33, 29.96, 63.18, 125.32, 62.99, 87.53, , , , , 
1/31/2020 4:23:01 PM, 3228, 9016.25, 1618.3, 321.73, 219.07, 160.53, 309.51, 170.23, 236.43, 95.33, 29.96, 63.18, 125.32, 62.99, 87.53, , , , , 
1/31/2020 4:23:04 PM, 3228, 9016.25, 1618.3, 321.73, 219.07, 160.53, 309.51, 170.23, 236.43, 95.33, 29.96, 63.18, 125.32, 62.99, 87.53, , , , , 
1/31/2020 4:23:07 PM, 3228, 9016.25, 1618.3, 321.73, 219.07, 160.53, 309.51, 170.23, 236.43, 95.33, 29.96, 63.18, 125.32, 62.99, 87.53, , , , , 
1/31/2020 4:23:10 PM, 3228, 9016.25, 1618.3, 321.73, 219.07, 160.53, 309.51, 170.23, 236.43, 95.33, 29.96, 63.18, 125.32, 62.99, 87.53, , , , , 
1/31/2020 4:23:13 PM, 3228, 9016.25, 1618.3, 321.73, 219.07, 160.53, 309.51, 170.23, 236.43, 95.33, 29.96, 63.18, 125.32, 62.99, 87.53, , , , , 
1/31/2020 4:23:16 PM, 3228, 9016.25, 1618.3, 321.73, 219.07, 160.53, 309.51, 170.23, 236.43, 95.33, 29.96, 63.18, 125.32, 62.99, 87.53, , , , , 
1/31/2020 4:23:19 PM, 3228, 9016.25, 1618.3, 321.73, 219.07, 160.53, 309.51, 170.23, 236.43, 95.33, 29.96, 63.18, 125.32, 62.99, 87.53, , , , , 
1/31/2020 4:23:22 PM, 3228, 9016.25, 1618.3, 321.73, 219.07, 160.53, 309.51, 170.23, 236.43, 95.33, 29.96, 63.18, 125.32, 62.99, 87.53, , , , , 
1/31/2020 4:23:25 PM, 3228, 9016.25, 1618.3, 321.73, 219.07, 160.53, 309.51, 170.23, 236.43, 95.33, 29.96, 63.18, 125.32, 62.99, 87.53, , , , , 
1/31/2020 4:23:28 PM, 3228, 9016.25, 1618.3, 321.73, 219.07, 160.53, 309.51, 170.23, 236.43, 95.33, 29.96, 63.18, 125.32, 62.99, 87.53, , , , , 
1/31/2020 4:23:31 PM, 3228, 9016.25, 1618.3, 321.73, 219.07, 160.53, 309.51, 170.23, 236.43, 95.33, 29.96, 63.18, 125.32, 62.99, 87.53, , , , , 
1/31/2020 4:23:34 PM, 3228, 9016.25, 1618.3, 321.73, 219.07, 160.53, 309.51, 170.23, 236.43, 95.33, 29.96, 63.18, 125.32, 62.99, 87.53, , , , , 
1/31/2020 4:23:37 PM, 3228, 9016.25, 1618.3, 321.73, 219.07, 160.53, 309.51, 170.23, 236.43, 95.33, 29.96, 63.18, 125.32, 62.99, 87.53, , , , , 
1/31/2020 4:23:40 PM, 3228, 9016.25, 1618.3, 321.73, 219.07, 160.53, 309.51, 170.23, 236.43, 95.33, 29.96, 63.18, 125.32, 62.99, 87.53, , , , , 
1/31/2020 4:23:43 PM, 3228, 9016.25, 1618.3, 321.73, 219.07, 160.53, 309.51, 170.23, 236.43, 95.33, 29.96, 63.18, 125.32, 62.99, 87.53, , , , , 
1/31/2020 4:23:46 PM, 3228, 9016.25, 1618.3, 321.73, 219.07, 160.53, 309.51, 170.23, 236.43, 95.33, 29.96, 63.18, 125.32, 62.99, 87.53, , , , , 
1/31/2020 4:23:49 PM, 3228, 9016.25, 1618.3, 321.73, 219.07, 160.53, 309.51, 170.23, 236.43, 95.33, 29.96, 63.18, 125.32, 62.99, 87.53, , , , , 
1/31/2020 4:23:53 PM, 3228, 9016.25, 1618.3, 321.73, 219.07, 160.53, 309.51, 170.23, 236.43, 95.33, 29.96, 63.18, 125.32, 62.99, 87.53, , , , , 
1/31/2020 4:23:56 PM, 3228, 9016.25, 1618.3, 321.73, 219.07, 160.53, 309.51, 170.23, 236.43, 95.33, 29.96, 63.18, 125.32, 62.99, 87.53, , , , , 
1/31/2020 4:23:59 PM, 3228, 9016.25, 1618.3, 321.73, 219.07, 160.53, 309.51, 170.23, 236.43, 95.33, 29.96, 63.18, 125.32, 62.99, 87.53, , , , , 
1/31/2020 4:24:02 PM, 3228, 9016.25, 1618.3, 321.73, 219.07, 160.53, 309.51, 170.23, 236.43, 95.33, 29.96, 63.18, 125.32, 62.99, 87.53, , , , , 
1/31/2020 4:24:05 PM, 3228, 9016.25, 1618.3, 321.73, 219.07, 160.53, 309.51, 170.23, 236.43, 95.33, 29.96, 63.18, 125.32, 62.99, 87.53, , , , , 
1/31/2020 4:24:08 PM, 3228, 9016.25, 1618.3, 321.73, 219.07, 160.53, 309.51, 170.23, 236.43, 95.33, 29.96, 63.18, 125.32, 62.99, 87.53, , , , , 
1/31/2020 4:24:11 PM, 3228, 9016.25, 1618.3, 321.73, 219.07, 160.53, 309.51, 170.23, 236.43, 95.33, 29.96, 63.18, 125.32, 62.99, 87.53, , , , , 
1/31/2020 4:24:14 PM, 3228, 9016.25, 1618.3, 321.73, 219.07, 160.53, 309.51, 170.23, 236.43, 95.33, 29.96, 63.18, 125.32, 62.99, 87.53, , , , , 
1/31/2020 4:24:17 PM, 3228, 9016.25, 1618.3, 321.73, 219.07, 160.53, 309.51, 170.23, 236.43, 95.33, 29.96, 63.18, 125.32, 62.99, 87.53, , , , , 
1/31/2020 4:24:20 PM, 3228, 9016.25, 1618.3, 321.73, 219.07, 160.53, 309.51, 170.23, 236.43, 95.33, 29.96, 63.18, 125.32, 62.99, 87.53, , , , , 
1/31/2020 4:24:23 PM, 3228, 9016.25, 1618.3, 321.73, 219.07, 160.53, 309.51, 170.23, 236.43, 95.33, 29.96, 63.18, 125.32, 62.99, 87.53, , , , , 
1/31/2020 4:24:26 PM, 3228, 9016.25, 1618.3, 321.73, 219.07, 160.53, 309.51, 170.23, 236.43, 95.33, 29.96, 63.18, 125.32, 62.99, 87.53, , , , , 
1/31/2020 4:24:29 PM, 3228, 9016.25, 1618.3, 321.73, 219.07, 160.53, 309.51, 170.23, 236.43, 95.33, 29.96, 63.18, 125.32, 62.99, 87.53, , , , , 
1/31/2020 4:24:32 PM, 3228, 9016.25, 1618.3, 321.73, 219.07, 160.53, 309.51, 170.23, 236.43, 95.33, 29.96, 63.18, 125.32, 62.99, 87.53, , , , , 
1/31/2020 4:24:35 PM, 3228, 9016.25, 1618.3, 321.73, 219.07, 160.53, 309.51, 170.23, 236.43, 95.33, 29.96, 63.18, 125.32, 62.99, 87.53, , , , , 
1/31/2020 4:24:38 PM, 3228, 9016.25, 1618.3, 321.73, 219.07, 160.53, 309.51, 170.23, 236.43, 95.33, 29.96, 63.18, 125.32, 62.99, 87.53, , , , , 
1/31/2020 4:24:41 PM, 3228, 9016.25, 1618.3, 321.73, 219.07, 160.53, 309.51, 170.23, 236.43, 95.33, 29.96, 63.18, 125.32, 62.99, 87.53, , , , , 
1/31/2020 4:24:44 PM, 3228, 9016.25, 1618.3, 321.73, 219.07, 160.53, 309.51, 170.23, 236.43, 95.33, 29.96, 63.18, 125.32, 62.99, 87.53, , , , , 
1/31/2020 4:24:47 PM, 3228, 9016.25, 1618.3, 321.73, 219.07, 160.53, 309.51, 170.23, 236.43, 95.33, 29.96, 63.18, 125.32, 62.99, 87.53, , , , , 
1/31/2020 4:24:50 PM, 3228, 9016.25, 1618.3, 321.73, 219.07, 160.53, 309.51, 170.23, 236.43, 95.33, 29.96, 63.18, 125.32, 62.99, 87.53, , , , , 
1/31/2020 4:24:53 PM, 3228, 9016.25, 1618.3, 321.73, 219.07, 160.53, 309.51, 170.23, 236.43, 95.33, 29.96, 63.18, 125.32, 62.99, 87.53, , , , , 
1/31/2020 4:24:56 PM, 3228, 9016.25, 1618.3, 321.73, 219.07, 160.53, 309.51, 170.23, 236.43, 95.33, 29.96, 63.18, 125.32, 62.99, 87.53, , , , , 
1/31/2020 4:24:59 PM, 3228, 9016.25, 1618.3, 321.73, 219.07, 160.53, 309.51, 170.23, 236.43, 95.33, 29.96, 63.18, 125.32, 62.99, 87.53, , , , , 
1/31/2020 4:25:02 PM, 3228, 9016.25, 1618.3, 321.73, 219.07, 160.53, 309.51, 170.23, 236.43, 95.33, 29.96, 63.18, 125.32, 62.99, 87.53, , , , , 
1/31/2020 4:25:05 PM, 3228, 9016.25, 1618.3, 321.73, 219.07, 160.53, 309.51, 170.23, 236.43, 95.33, 29.96, 63.18, 125.32, 62.99, 87.53, , , , , 
1/31/2020 4:25:08 PM, 3228, 9016.25, 1618.3, 321.73, 219.07, 160.53, 309.51, 170.23, 236.43, 95.33, 29.96, 63.18, 125.32, 62.99, 87.53, , , , , 
1/31/2020 4:25:11 PM, 3228, 9016.25, 1618.3, 321.73, 219.07, 160.53, 309.51, 170.23, 236.43, 95.33, 29.96, 63.18, 125.32, 62.99, 87.53, , , , , 
1/31/2020 4:25:14 PM, 3228, 9016.25, 1618.3, 321.73, 219.07, 160.53, 309.51, 170.23, 236.43, 95.33, 29.96, 63.18, 125.32, 62.99, 87.53, , , , , 
1/31/2020 4:25:17 PM, 3228, 9016.25, 1618.3, 321.73, 219.07, 160.53, 309.51, 170.23, 236.43, 95.33, 29.96, 63.18, 125.32, 62.99, 87.53, , , , , 
1/31/2020 4:25:20 PM, 3228, 9016.25, 1618.3, 321.73, 219.07, 160.53, 309.51, 170.23, 236.43, 95.33, 29.96, 63.18, 125.32, 62.99, 87.53, , , , , 
1/31/2020 4:25:23 PM, 3228, 9016.25, 1618.3, 321.73, 219.07, 160.53, 309.51, 170.23, 236.43, 95.33, 29.96, 63.18, 125.32, 62.99, 87.53, , , , , 
1/31/2020 4:25:26 PM, 3228, 9016.25, 1618.3, 321.73, 219.07, 160.53, 309.51, 170.23, 236.43, 95.33, 29.96, 63.18, 125.32, 62.99, 87.53, , , , , 
1/31/2020 4:25:29 PM, 3228, 9016.25, 1618.3, 321.73, 219.07, 160.53, 309.51, 170.23, 236.43, 95.33, 29.96, 63.18, 125.32, 62.99, 87.53, , , , , 
1/31/2020 4:25:32 PM, 3228, 9016.25, 1618.3, 321.73, 219.07, 160.53, 309.51, 170.23, 236.43, 95.33, 29.96, 63.18, 125.32, 62.99, 87.53, , , , , 
1/31/2020 4:25:35 PM, 3228, 9016.25, 1618.3, 321.73, 219.07, 160.53, 309.51, 170.23, 236.43, 95.33, 29.96, 63.18, 125.32, 62.99, 87.53, , , , , 
1/31/2020 4:25:38 PM, 3228, 9016.25, 1618.3, 321.73, 219.07, 160.53, 309.51, 170.23, 236.43, 95.33, 29.96, 63.18, 125.32, 62.99, 87.53, , , , , 
1/31/2020 4:25:41 PM, 3228, 9016.25, 1618.3, 321.73, 219.07, 160.53, 309.51, 170.23, 236.43, 95.33, 29.96, 63.18, 125.32, 62.99, 87.53, , , , , 
1/31/2020 4:25:44 PM, 3228, 9016.25, 1618.3, 321.73, 219.07, 160.53, 309.51, 170.23, 236.43, 95.33, 29.96, 63.18, 125.32, 62.99, 87.53, , , , , 
1/31/2020 4:25:47 PM, 3228, 9016.25, 1618.3, 321.73, 219.07, 160.53, 309.51, 170.23, 236.43, 95.33, 29.96, 63.18, 125.32, 62.99, 87.53, , , , , 
1/31/2020 4:25:50 PM, 3228, 9016.25, 1618.3, 321.73, 219.07, 160.53, 309.51, 170.23, 236.43, 95.33, 29.96, 63.18, 125.32, 62.99, 87.53, , , , , 
1/31/2020 4:25:53 PM, 3228, 9016.25, 1618.3, 321.73, 219.07, 160.53, 309.51, 170.23, 236.43, 95.33, 29.96, 63.18, 125.32, 62.99, 87.53, , , , , 
1/31/2020 4:25:56 PM, 3228, 9016.25, 1618.3, 321.73, 219.07, 160.53, 309.51, 170.23, 236.43, 95.33, 29.96, 63.18, 125.32, 62.99, 87.53, , , , , 
1/31/2020 4:25:59 PM, 3228, 9016.25, 1618.3, 321.73, 219.07, 160.53, 309.51, 170.23, 236.43, 95.33, 29.96, 63.18, 125.32, 62.99, 87.53, , , , , 
1/31/2020 4:26:02 PM, 3228, 9016.25, 1618.3, 321.73, 219.07, 160.53, 309.51, 170.23, 236.43, 95.33, 29.96, 63.18, 125.32, 62.99, 87.53, , , , , 
1/31/2020 4:26:05 PM, 3228, 9016.25, 1618.3, 321.73, 219.07, 160.53, 309.51, 170.23, 236.43, 95.33, 29.96, 63.18, 125.32, 62.99, 87.53, , , , , 
1/31/2020 4:26:09 PM, 3228, 9016.25, 1618.3, 321.73, 219.07, 160.53, 309.51, 170.23, 236.43, 95.33, 29.96, 63.18, 125.32, 62.99, 87.53, , , , , 
1/31/2020 4:26:12 PM, 3228, 9016.25, 1618.3, 321.73, 219.07, 160.53, 309.51, 170.23, 236.43, 95.33, 29.96, 63.18, 125.32, 62.99, 87.53, , , , , 
1/31/2020 4:26:15 PM, 3228, 9016.25, 1618.3, 321.73, 219.07, 160.53, 309.51, 170.23, 236.43, 95.33, 29.96, 63.18, 125.32, 62.99, 87.53, , , , , 
1/31/2020 4:26:18 PM, 3228, 9016.25, 1618.3, 321.73, 219.07, 160.53, 309.51, 170.23, 236.43, 95.33, 29.96, 63.18, 125.32, 62.99, 87.53, , , , , 
1/31/2020 4:26:21 PM, 3228, 9016.25, 1618.3, 321.73, 219.07, 160.53, 309.51, 170.23, 236.43, 95.33, 29.96, 63.18, 125.32, 62.99, 87.53, , , , , 
1/31/2020 4:26:24 PM, 3228, 9016.25, 1618.3, 321.73, 219.07, 160.53, 309.51, 170.23, 236.43, 95.33, 29.96, 63.18, 125.32, 62.99, 87.53, , , , , 
1/31/2020 4:26:27 PM, 3228, 9016.25, 1618.3, 321.73, 219.07, 160.53, 309.51, 170.23, 236.43, 95.33, 29.96, 63.18, 125.32, 62.99, 87.53, , , , , 
1/31/2020 4:26:30 PM, 3228, 9016.25, 1618.3, 321.73, 219.07, 160.53, 309.51, 170.23, 236.43, 95.33, 29.96, 63.18, 125.32, 62.99, 87.53, , , , , 
1/31/2020 4:26:33 PM, 3228, 9016.25, 1618.3, 321.73, 219.07, 160.53, 309.51, 170.23, 236.43, 95.33, 29.96, 63.18, 125.32, 62.99, 87.53, , , , , 
1/31/2020 4:26:36 PM, 3228, 9016.25, 1618.3, 321.73, 219.07, 160.53, 309.51, 170.23, 236.43, 95.33, 29.96, 63.18, 125.32, 62.99, 87.53, , , , , 
1/31/2020 4:26:39 PM, 3228, 9016.25, 1618.3, 321.73, 219.07, 160.53, 309.51, 170.23, 236.43, 95.33, 29.96, 63.18, 125.32, 62.99, 87.53, , , , , 
1/31/2020 4:26:42 PM, 3228, 9016.25, 1618.3, 321.73, 219.07, 160.53, 309.51, 170.23, 236.43, 95.33, 29.96, 63.18, 125.32, 62.99, 87.53, , , , , 
1/31/2020 4:26:45 PM, 3228, 9016.25, 1618.3, 321.73, 219.07, 160.53, 309.51, 170.23, 236.43, 95.33, 29.96, 63.18, 125.32, 62.99, 87.53, , , , , 
1/31/2020 4:26:48 PM, 3228, 9016.25, 1618.3, 321.73, 219.07, 160.53, 309.51, 170.23, 236.43, 95.33, 29.96, 63.18, 125.32, 62.99, 87.53, , , , , 
1/31/2020 4:26:51 PM, 3228, 9016.25, 1618.3, 321.73, 219.07, 160.53, 309.51, 170.23, 236.43, 95.33, 29.96, 63.18, 125.32, 62.99, 87.53, , , , , 
1/31/2020 4:26:54 PM, 3228, 9016.25, 1618.3, 321.73, 219.07, 160.53, 309.51, 170.23, 236.43, 95.33, 29.96, 63.18, 125.32, 62.99, 87.53, , , , , 
1/31/2020 4:26:57 PM, 3228, 9016.25, 1618.3, 321.73, 219.07, 160.53, 309.51, 170.23, 236.43, 95.33, 29.96, 63.18, 125.32, 62.99, 87.53, , , , , 
1/31/2020 4:27:00 PM, 3228, 9016.25, 1618.3, 321.73, 219.07, 160.53, 309.51, 170.23, 236.43, 95.33, 29.96, 63.18, 125.32, 62.99, 87.53, , , , , 
1/31/2020 4:27:03 PM, 3228, 9016.25, 1618.3, 321.73, 219.07, 160.53, 309.51, 170.23, 236.43, 95.33, 29.96, 63.18, 125.32, 62.99, 87.53, , , , , 
1/31/2020 4:27:06 PM, 3228, 9016.25, 1618.3, 321.73, 219.07, 160.53, 309.51, 170.23, 236.43, 95.33, 29.96, 63.18, 125.32, 62.99, 87.53, , , , , 
1/31/2020 4:27:09 PM, 3228, 9016.25, 1618.3, 321.73, 219.07, 160.53, 309.51, 170.23, 236.43, 95.33, 29.96, 63.18, 125.32, 62.99, 87.53, , , , , 
1/31/2020 4:27:12 PM, 3228, 9016.25, 1618.3, 321.73, 219.07, 160.53, 309.51, 170.23, 236.43, 95.33, 29.96, 63.18, 125.32, 62.99, 87.53, , , , , 
1/31/2020 4:27:15 PM, 3228, 9016.25, 1618.3, 321.73, 219.07, 160.53, 309.51, 170.23, 236.43, 95.33, 29.96, 63.18, 125.32, 62.99, 87.53, , , , , 
1/31/2020 4:27:18 PM, 3228, 9016.25, 1618.3, 321.73, 219.07, 160.53, 309.51, 170.23, 236.43, 95.33, 29.96, 63.18, 125.32, 62.99, 87.53, , , , , 
1/31/2020 4:27:21 PM, 3228, 9016.25, 1618.3, 321.73, 219.07, 160.53, 309.51, 170.23, 236.43, 95.33, 29.96, 63.18, 125.32, 62.99, 87.53, , , , , 
1/31/2020 4:27:24 PM, 3228, 9016.25, 1618.3, 321.73, 219.07, 160.53, 309.51, 170.23, 236.43, 95.33, 29.96, 63.18, 125.32, 62.99, 87.53, , , , , 
1/31/2020 4:27:27 PM, 3228, 9016.25, 1618.3, 321.73, 219.07, 160.53, 309.51, 170.23, 236.43, 95.33, 29.96, 63.18, 125.32, 62.99, 87.53, , , , , 
1/31/2020 4:27:30 PM, 3228, 9016.25, 1618.3, 321.73, 219.07, 160.53, 309.51, 170.23, 236.43, 95.33, 29.96, 63.18, 125.32, 62.99, 87.53, , , , , 
1/31/2020 4:27:33 PM, 3228, 9016.25, 1618.3, 321.73, 219.07, 160.53, 309.51, 170.23, 236.43, 95.33, 29.96, 63.18, 125.32, 62.99, 87.53, , , , , 
1/31/2020 4:27:36 PM, 3228, 9016.25, 1618.3, 321.73, 219.07, 160.53, 309.51, 170.23, 236.43, 95.33, 29.96, 63.18, 125.32, 62.99, 87.53, , , , , 
1/31/2020 4:27:39 PM, 3228, 9016.25, 1618.3, 321.73, 219.07, 160.53, 309.51, 170.23, 236.43, 95.33, 29.96, 63.18, 125.32, 62.99, 87.53, , , , , 
1/31/2020 4:27:42 PM, 3228, 9016.25, 1618.3, 321.73, 219.07, 160.53, 309.51, 170.23, 236.43, 95.33, 29.96, 63.18, 125.32, 62.99, 87.53, , , , , 
1/31/2020 4:27:45 PM, 3228, 9016.25, 1618.3, 321.73, 219.07, 160.53, 309.51, 170.23, 236.43, 95.33, 29.96, 63.18, 125.32, 62.99, 87.53, , , , , 
1/31/2020 4:27:48 PM, 3228, 9016.25, 1618.3, 321.73, 219.07, 160.53, 309.51, 170.23, 236.43, 95.33, 29.96, 63.18, 125.32, 62.99, 87.53, , , , , 
1/31/2020 4:27:51 PM, 3228, 9016.25, 1618.3, 321.73, 219.07, 160.53, 309.51, 170.23, 236.43, 95.33, 29.96, 63.18, 125.32, 62.99, 87.53, , , , , 
1/31/2020 4:27:54 PM, 3228, 9016.25, 1618.3, 321.73, 219.07, 160.53, 309.51, 170.23, 236.43, 95.33, 29.96, 63.18, 125.32, 62.99, 87.53, , , , , 
1/31/2020 4:27:57 PM, 3228, 9016.25, 1618.3, 321.73, 219.07, 160.53, 309.51, 170.23, 236.43, 95.33, 29.96, 63.18, 125.32, 62.99, 87.53, , , , , 
1/31/2020 4:28:00 PM, 3228, 9016.25, 1618.3, 321.73, 219.07, 160.53, 309.51, 170.23, 236.43, 95.33, 29.96, 63.18, 125.32, 62.99, 87.53, , , , , 
1/31/2020 4:28:03 PM, 3228, 9016.25, 1618.3, 321.73, 219.07, 160.53, 309.51, 170.23, 236.43, 95.33, 29.96, 63.18, 125.32, 62.99, 87.53, , , , , 
1/31/2020 4:28:06 PM, 3228, 9016.25, 1618.3, 321.73, 219.07, 160.53, 309.51, 170.23, 236.43, 95.33, 29.96, 63.18, 125.32, 62.99, 87.53, , , , , 
1/31/2020 4:28:09 PM, 3228, 9016.25, 1618.3, 321.73, 219.07, 160.53, 309.51, 170.23, 236.43, 95.33, 29.96, 63.18, 125.32, 62.99, 87.53, , , , , 
1/31/2020 4:28:12 PM, 3228, 9016.25, 1618.3, 321.73, 219.07, 160.53, 309.51, 170.23, 236.43, 95.33, 29.96, 63.18, 125.32, 62.99, 87.53, , , , , 
1/31/2020 4:28:15 PM, 3228, 9016.25, 1618.3, 321.73, 219.07, 160.53, 309.51, 170.23, 236.43, 95.33, 29.96, 63.18, 125.32, 62.99, 87.53, , , , , 
1/31/2020 4:28:18 PM, 3228, 9016.25, 1618.3, 321.73, 219.07, 160.53, 309.51, 170.23, 236.43, 95.33, 29.96, 63.18, 125.32, 62.99, 87.53, , , , , 
1/31/2020 4:28:21 PM, 3228, 9016.25, 1618.3, 321.73, 219.07, 160.53, 309.51, 170.23, 236.43, 95.33, 29.96, 63.18, 125.32, 62.99, 87.53, , , , , 
1/31/2020 4:28:24 PM, 3228, 9016.25, 1618.3, 321.73, 219.07, 160.53, 309.51, 170.23, 236.43, 95.33, 29.96, 63.18, 125.32, 62.99, 87.53, , , , , 
1/31/2020 4:28:27 PM, 3228, 9016.25, 1618.3, 321.73, 219.07, 160.53, 309.51, 170.23, 236.43, 95.33, 29.96, 63.18, 125.32, 62.99, 87.53, , , , , 
1/31/2020 4:28:30 PM, 3228, 9016.25, 1618.3, 321.73, 219.07, 160.53, 309.51, 170.23, 236.43, 95.33, 29.96, 63.18, 125.32, 62.99, 87.53, , , , , 
1/31/2020 4:28:33 PM, 3228, 9016.25, 1618.3, 321.73, 219.07, 160.53, 309.51, 170.23, 236.43, 95.33, 29.96, 63.18, 125.32, 62.99, 87.53, , , , , 
1/31/2020 4:28:36 PM, 3228, 9016.25, 1618.3, 321.73, 219.07, 160.53, 309.51, 170.23, 236.43, 95.33, 29.96, 63.18, 125.32, 62.99, 87.53, , , , , 
1/31/2020 4:28:39 PM, 3228, 9016.25, 1618.3, 321.73, 219.07, 160.53, 309.51, 170.23, 236.43, 95.33, 29.96, 63.18, 125.32, 62.99, 87.53, , , , , 
1/31/2020 4:28:42 PM, 3228, 9016.25, 1618.3, 321.73, 219.07, 160.53, 309.51, 170.23, 236.43, 95.33, 29.96, 63.18, 125.32, 62.99, 87.53, , , , , 
1/31/2020 4:28:45 PM, 3228, 9016.25, 1618.3, 321.73, 219.07, 160.53, 309.51, 170.23, 236.43, 95.33, 29.96, 63.18, 125.32, 62.99, 87.53, , , , , 
1/31/2020 4:28:48 PM, 3228, 9016.25, 1618.3, 321.73, 219.07, 160.53, 309.51, 170.23, 236.43, 95.33, 29.96, 63.18, 125.32, 62.99, 87.53, , , , , 
1/31/2020 4:28:52 PM, 3228, 9016.25, 1618.3, 321.73, 219.07, 160.53, 309.51, 170.23, 236.43, 95.33, 29.96, 63.18, 125.32, 62.99, 87.53, , , , , 
1/31/2020 4:28:55 PM, 3228, 9016.25, 1618.3, 321.73, 219.07, 160.53, 309.51, 170.23, 236.43, 95.33, 29.96, 63.18, 125.32, 62.99, 87.53, , , , , 
1/31/2020 4:28:58 PM, 3228, 9016.25, 1618.3, 321.73, 219.07, 160.53, 309.51, 170.23, 236.43, 95.33, 29.96, 63.18, 125.32, 62.99, 87.53, , , , , 
1/31/2020 4:29:01 PM, 3228, 9016.25, 1618.3, 321.73, 219.07, 160.53, 309.51, 170.23, 236.43, 95.33, 29.96, 63.18, 125.32, 62.99, 87.53, , , , , 
1/31/2020 4:29:04 PM, 3228, 9016.25, 1618.3, 321.73, 219.07, 160.53, 309.51, 170.23, 236.43, 95.33, 29.96, 63.18, 125.32, 62.99, 87.53, , , , , 
1/31/2020 4:29:07 PM, 3228, 9016.25, 1618.3, 321.73, 219.07, 160.53, 309.51, 170.23, 236.43, 95.33, 29.96, 63.18, 125.32, 62.99, 87.53, , , , , 
1/31/2020 4:29:10 PM, 3228, 9016.25, 1618.3, 321.73, 219.07, 160.53, 309.51, 170.23, 236.43, 95.33, 29.96, 63.18, 125.32, 62.99, 87.53, , , , , 
1/31/2020 4:29:13 PM, 3228, 9016.25, 1618.3, 321.73, 219.07, 160.53, 309.51, 170.23, 236.43, 95.33, 29.96, 63.18, 125.32, 62.99, 87.53, , , , , 
1/31/2020 4:29:16 PM, 3228, 9016.25, 1618.3, 321.73, 219.07, 160.53, 309.51, 170.23, 236.43, 95.33, 29.96, 63.18, 125.32, 62.99, 87.53, , , , , 
1/31/2020 4:29:19 PM, 3228, 9016.25, 1618.3, 321.73, 219.07, 160.53, 309.51, 170.23, 236.43, 95.33, 29.96, 63.18, 125.32, 62.99, 87.53, , , , , 
1/31/2020 4:29:22 PM, 3228, 9016.25, 1618.3, 321.73, 219.07, 160.53, 309.51, 170.23, 236.43, 95.33, 29.96, 63.18, 125.32, 62.99, 87.53, , , , , 
1/31/2020 4:29:25 PM, 3228, 9016.25, 1618.3, 321.73, 219.07, 160.53, 309.51, 170.23, 236.43, 95.33, 29.96, 63.18, 125.32, 62.99, 87.53, , , , , 
1/31/2020 4:29:28 PM, 3228, 9016.25, 1618.3, 321.73, 219.07, 160.53, 309.51, 170.23, 236.43, 95.33, 29.96, 63.18, 125.32, 62.99, 87.53, , , , , 
1/31/2020 4:29:31 PM, 3228, 9016.25, 1618.3, 321.73, 219.07, 160.53, 309.51, 170.23, 236.43, 95.33, 29.96, 63.18, 125.32, 62.99, 87.53, , , , , 
1/31/2020 4:29:34 PM, 3228, 9016.25, 1618.3, 321.73, 219.07, 160.53, 309.51, 170.23, 236.43, 95.33, 29.96, 63.18, 125.32, 62.99, 87.53, , , , , 
1/31/2020 4:29:37 PM, 3228, 9016.25, 1618.3, 321.73, 219.07, 160.53, 309.51, 170.23, 236.43, 95.33, 29.96, 63.18, 125.32, 62.99, 87.53, , , , , 
1/31/2020 4:29:40 PM, 3228, 9016.25, 1618.3, 321.73, 219.07, 160.53, 309.51, 170.23, 236.43, 95.33, 29.96, 63.18, 125.32, 62.99, 87.53, , , , , 
1/31/2020 4:29:43 PM, 3228, 9016.25, 1618.3, 321.73, 219.07, 160.53, 309.51, 170.23, 236.43, 95.33, 29.96, 63.18, 125.32, 62.99, 87.53, , , , , 
1/31/2020 4:29:46 PM, 3228, 9016.25, 1618.3, 321.73, 219.07, 160.53, 309.51, 170.23, 236.43, 95.33, 29.96, 63.18, 125.32, 62.99, 87.53, , , , , 
1/31/2020 4:29:49 PM, 3228, 9016.25, 1618.3, 321.73, 219.07, 160.53, 309.51, 170.23, 236.43, 95.33, 29.96, 63.18, 125.32, 62.99, 87.53, , , , , 
1/31/2020 4:29:52 PM, 3228, 9016.25, 1618.3, 321.73, 219.07, 160.53, 309.51, 170.23, 236.43, 95.33, 29.96, 63.18, 125.32, 62.99, 87.53, , , , , 
1/31/2020 4:29:55 PM, 3228, 9016.25, 1618.3, 321.73, 219.07, 160.53, 309.51, 170.23, 236.43, 95.33, 29.96, 63.18, 125.32, 62.99, 87.53, , , , , 
1/31/2020 4:29:58 PM, 3228, 9016.25, 1618.3, 321.73, 219.07, 160.53, 309.51, 170.23, 236.43, 95.33, 29.96, 63.18, 125.32, 62.99, 87.53, , , , , 
1/31/2020 4:30:01 PM, 3227.75, 9016.25, 1618.3, 321.73, 219.07, 160.53, 309.51, 170.23, 236.43, 95.33, 29.96, 63.18, 125.32, 62.99, 87.53, , , , , 
1/31/2020 4:30:04 PM, 3227.75, 9016.25, 1618.3, 321.73, 219.07, 160.53, 309.51, 170.23, 236.43, 95.33, 29.96, 63.18, 125.32, 62.99, 87.53, , , , , 
1/31/2020 4:30:07 PM, 3227.25, 9010.75, 1617.8, 321.73, 219.07, 160.53, 309.51, 170.23, 236.43, 95.33, 29.96, 63.18, 125.32, 62.99, 87.53, , , , , 
1/31/2020 4:30:10 PM, 3227.25, 9010.75, 1617.8, 321.73, 219.07, 160.53, 309.51, 170.23, 236.43, 95.33, 29.96, 63.18, 125.32, 62.99, 87.53, , , , , 
1/31/2020 4:30:13 PM, 3227, 9010.25, 1617.6, 321.73, 219.07, 160.53, 309.51, 170.23, 236.43, 95.33, 29.96, 63.18, 125.32, 62.99, 87.53, , , , , 
1/31/2020 4:30:16 PM, 3227, 9010, 1617.6, 321.73, 219.07, 160.53, 309.51, 170.23, 236.43, 95.33, 29.96, 63.18, 125.32, 62.99, 87.53, , , , , 
1/31/2020 4:30:19 PM, 3226.75, 9009.25, 1617.2, 321.73, 219.07, 160.53, 309.51, 170.23, 236.43, 95.33, 29.96, 63.18, 125.32, 62.99, 87.53, , , , , 
1/31/2020 4:30:22 PM, 3226.5, 9008.75, 1617.2, 321.73, 219.07, 160.53, 309.51, 170.23, 236.43, 95.33, 29.96, 63.18, 125.32, 62.99, 87.53, , , , , 
1/31/2020 4:30:25 PM, 3226.75, 9009, 1617.4, 321.73, 219.07, 160.53, 309.51, 170.23, 236.43, 95.33, 29.96, 63.18, 125.32, 62.99, 87.53, , , , , 
1/31/2020 4:30:28 PM, 3227.25, 9010.5, 1617.7, 321.73, 219.07, 160.53, 309.51, 170.23, 236.43, 95.33, 29.96, 63.18, 125.32, 62.99, 87.53, , , , , 
1/31/2020 4:30:31 PM, 3227.25, 9010.75, 1617.7, 321.73, 219.07, 160.53, 309.51, 170.23, 236.43, 95.33, 29.96, 63.18, 125.32, 62.99, 87.53, , , , , 
1/31/2020 4:30:34 PM, 3227.25, 9010.25, 1617.7, 321.73, 219.07, 160.53, 309.51, 170.23, 236.43, 95.33, 29.96, 63.18, 125.32, 62.99, 87.53, , , , , 
1/31/2020 4:30:37 PM, 3227.5, 9010.5, 1617.8, 321.73, 219.07, 160.53, 309.51, 170.23, 236.43, 95.33, 29.96, 63.18, 125.32, 62.99, 87.53, , , , , 
1/31/2020 4:30:40 PM, 3227.75, 9011.75, 1617.8, 321.73, 219.07, 160.53, 309.51, 170.23, 236.43, 95.33, 29.96, 63.18, 125.32, 62.99, 87.53, , , , , 
1/31/2020 4:30:43 PM, 3227.75, 9012, 1617.9, 321.73, 219.07, 160.53, 309.51, 170.23, 236.43, 95.33, 29.96, 63.18, 125.32, 62.99, 87.53, , , , , 
1/31/2020 4:30:46 PM, 3228, 9012.25, 1618, 321.73, 219.07, 160.53, 309.51, 170.23, 236.43, 95.33, 29.96, 63.18, 125.32, 62.99, 87.53, , , , , 
1/31/2020 4:30:49 PM, 3227.5, 9011.5, 1617.8, 321.73, 219.07, 160.53, 309.51, 170.23, 236.43, 95.33, 29.96, 63.18, 125.32, 62.99, 87.53, , , , , 
1/31/2020 4:30:52 PM, 3227.5, 9011.5, 1617.8, 321.73, 219.07, 160.53, 309.51, 170.23, 236.43, 95.33, 29.96, 63.18, 125.32, 62.99, 87.53, , , , , 
1/31/2020 4:30:55 PM, 3227.75, 9011.5, 1617.8, 321.73, 219.07, 160.53, 309.51, 170.23, 236.43, 95.33, 29.96, 63.18, 125.32, 62.99, 87.53, , , , , 
1/31/2020 4:30:58 PM, 3227.5, 9011, 1617.9, 321.73, 219.07, 160.53, 309.51, 170.23, 236.43, 95.33, 29.96, 63.18, 125.32, 62.99, 87.53, , , , , 
1/31/2020 4:31:01 PM, 3227.5, 9011, 1617.9, 321.73, 219.07, 160.53, 309.51, 170.23, 236.43, 95.33, 29.96, 63.18, 125.32, 62.99, 87.53, , , , , 
1/31/2020 4:31:04 PM, 3227.5, 9011, 1617.8, 321.73, 219.07, 160.53, 309.51, 170.23, 236.43, 95.33, 29.96, 63.18, 125.32, 62.99, 87.53, , , , , 
1/31/2020 4:31:07 PM, 3227.5, 9011, 1617.8, 321.73, 219.07, 160.53, 309.51, 170.23, 236.43, 95.33, 29.96, 63.18, 125.32, 62.99, 87.53, , , , , 
1/31/2020 4:31:10 PM, 3227.5, 9010.75, 1617.8, 321.73, 219.07, 160.53, 309.51, 170.23, 236.43, 95.33, 29.96, 63.18, 125.32, 62.99, 87.53, , , , , 
1/31/2020 4:31:14 PM, 3227.25, 9010.25, 1617.8, 321.73, 219.07, 160.53, 309.51, 170.23, 236.43, 95.33, 29.96, 63.18, 125.32, 62.99, 87.53, , , , , 
1/31/2020 4:31:17 PM, 3227.5, 9010.25, 1617.8, 321.73, 219.07, 160.53, 309.51, 170.23, 236.43, 95.33, 29.96, 63.18, 125.32, 62.99, 87.53, , , , , 
1/31/2020 4:31:20 PM, 3227.25, 9010, 1617.8, 321.73, 219.07, 160.53, 309.51, 170.23, 236.43, 95.33, 29.96, 63.18, 125.32, 62.99, 87.53, , , , , 
1/31/2020 4:31:23 PM, 3227.25, 9009.75, 1617.9, 321.73, 219.07, 160.53, 309.51, 170.23, 236.43, 95.33, 29.96, 63.18, 125.32, 62.99, 87.53, , , , , 
1/31/2020 4:31:26 PM, 3227.75, 9011, 1617.9, 321.73, 219.07, 160.53, 309.51, 170.23, 236.43, 95.33, 29.96, 63.18, 125.32, 62.99, 87.53, , , , , 
1/31/2020 4:31:29 PM, 3227.75, 9011, 1618, 321.73, 219.07, 160.53, 309.51, 170.23, 236.43, 95.33, 29.96, 63.18, 125.32, 62.99, 87.53, , , , , 
1/31/2020 4:31:32 PM, 3227.75, 9011.25, 1618, 321.73, 219.07, 160.53, 309.51, 170.23, 236.43, 95.33, 29.96, 63.18, 125.32, 62.99, 87.53, , , , , 
1/31/2020 4:31:35 PM, 3227.5, 9011.25, 1618.1, 321.73, 219.07, 160.53, 309.51, 170.23, 236.43, 95.33, 29.96, 63.18, 125.32, 62.99, 87.53, , , , , 
1/31/2020 4:31:38 PM, 3228, 9011.5, 1618.1, 321.73, 219.07, 160.53, 309.51, 170.23, 236.43, 95.33, 29.96, 63.18, 125.32, 62.99, 87.53, , , , , 
1/31/2020 4:31:41 PM, 3228.25, 9012.75, 1618.1, 321.73, 219.07, 160.53, 309.51, 170.23, 236.43, 95.33, 29.96, 63.18, 125.32, 62.99, 87.53, , , , , 
1/31/2020 4:31:44 PM, 3228, 9012.25, 1618.2, 321.73, 219.07, 160.53, 309.51, 170.23, 236.43, 95.33, 29.96, 63.18, 125.32, 62.99, 87.53, , , , , 
1/31/2020 4:31:47 PM, 3228.25, 9012.25, 1618.2, 321.73, 219.07, 160.53, 309.51, 170.23, 236.43, 95.33, 29.96, 63.18, 125.32, 62.99, 87.53, , , , , 
1/31/2020 4:31:50 PM, 3228.25, 9013, 1618.2, 321.73, 219.07, 160.53, 309.51, 170.23, 236.43, 95.33, 29.96, 63.18, 125.32, 62.99, 87.53, , , , , 
1/31/2020 4:31:53 PM, 3228.25, 9012.75, 1618.2, 321.73, 219.07, 160.53, 309.51, 170.23, 236.43, 95.33, 29.96, 63.18, 125.32, 62.99, 87.53, , , , , 
1/31/2020 4:31:56 PM, 3228.5, 9013, 1618.3, 321.73, 219.07, 160.53, 309.51, 170.23, 236.43, 95.33, 29.96, 63.18, 125.32, 62.99, 87.53, , , , , 
1/31/2020 4:31:59 PM, 3228.5, 9013, 1618.3, 321.73, 219.07, 160.53, 309.51, 170.23, 236.43, 95.33, 29.96, 63.18, 125.32, 62.99, 87.53, , , , , 
1/31/2020 4:32:02 PM, 3228.5, 9013, 1618.4, 321.73, 219.07, 160.53, 309.51, 170.23, 236.43, 95.33, 29.96, 63.18, 125.32, 62.99, 87.53, , , , , 
1/31/2020 4:32:05 PM, 3228.5, 9013.25, 1618.3, 321.73, 219.07, 160.53, 309.51, 170.23, 236.43, 95.33, 29.96, 63.18, 125.32, 62.99, 87.53, , , , , 
1/31/2020 4:32:08 PM, 3228.5, 9013.25, 1618.4, 321.73, 219.07, 160.53, 309.51, 170.23, 236.43, 95.33, 29.96, 63.18, 125.32, 62.99, 87.53, , , , , 
1/31/2020 4:32:11 PM, 3228.25, 9012.75, 1618.3, 321.73, 219.07, 160.53, 309.51, 170.23, 236.43, 95.33, 29.96, 63.18, 125.32, 62.99, 87.53, , , , , 
1/31/2020 4:32:14 PM, 3228.25, 9012.5, 1618.2, 321.73, 219.07, 160.53, 309.51, 170.23, 236.43, 95.33, 29.96, 63.18, 125.32, 62.99, 87.53, , , , , 
1/31/2020 4:32:17 PM, 3228.25, 9012.5, 1618.2, 321.73, 219.07, 160.53, 309.51, 170.23, 236.43, 95.33, 29.96, 63.18, 125.32, 62.99, 87.53, , , , , 
1/31/2020 4:32:20 PM, 3228.25, 9012.5, 1618, 321.73, 219.07, 160.53, 309.51, 170.23, 236.43, 95.33, 29.96, 63.18, 125.32, 62.99, 87.53, , , , , 
1/31/2020 4:32:23 PM, 3228, 9012.5, 1618.1, 321.73, 219.07, 160.53, 309.51, 170.23, 236.43, 95.33, 29.96, 63.18, 125.32, 62.99, 87.53, , , , , 
1/31/2020 4:32:26 PM, 3228, 9012.25, 1618.1, 321.73, 219.07, 160.53, 309.51, 170.23, 236.43, 95.33, 29.96, 63.18, 125.32, 62.99, 87.53, , , , , 
1/31/2020 4:32:29 PM, 3228, 9012, 1618.1, 321.73, 219.07, 160.53, 309.51, 170.23, 236.43, 95.33, 29.96, 63.18, 125.32, 62.99, 87.53, , , , , 
1/31/2020 4:32:32 PM, 3228, 9012.25, 1618.1, 321.73, 219.07, 160.53, 309.51, 170.23, 236.43, 95.33, 29.96, 63.18, 125.32, 62.99, 87.53, , , , , 
1/31/2020 4:32:35 PM, 3228, 9012.25, 1618.1, 321.73, 219.07, 160.53, 309.51, 170.23, 236.43, 95.33, 29.96, 63.18, 125.32, 62.99, 87.53, , , , , 
1/31/2020 4:32:38 PM, 3228.25, 9012.25, 1618.1, 321.73, 219.07, 160.53, 309.51, 170.23, 236.43, 95.33, 29.96, 63.18, 125.32, 62.99, 87.53, , , , , 
1/31/2020 4:32:41 PM, 3228, 9012.25, 1618, 321.73, 219.07, 160.53, 309.51, 170.23, 236.43, 95.33, 29.96, 63.18, 125.32, 62.99, 87.53, , , , , 
1/31/2020 4:32:44 PM, 3228.25, 9013, 1618, 321.73, 219.07, 160.53, 309.51, 170.23, 236.43, 95.33, 29.96, 63.18, 125.32, 62.99, 87.53, , , , , 
1/31/2020 4:32:47 PM, 3228.75, 9014, 1618, 321.73, 219.07, 160.53, 309.51, 170.23, 236.43, 95.33, 29.96, 63.18, 125.32, 62.99, 87.53, , , , , 
1/31/2020 4:32:50 PM, 3228.75, 9014, 1618, 321.73, 219.07, 160.53, 309.51, 170.23, 236.43, 95.33, 29.96, 63.18, 125.32, 62.99, 87.53, , , , , 
1/31/2020 4:32:53 PM, 3228.5, 9013.5, 1618.2, 321.73, 219.07, 160.53, 309.51, 170.23, 236.43, 95.33, 29.96, 63.18, 125.32, 62.99, 87.53, , , , , 
1/31/2020 4:32:56 PM, 3228.5, 9013.75, 1618.2, 321.73, 219.07, 160.53, 309.51, 170.23, 236.43, 95.33, 29.96, 63.18, 125.32, 62.99, 87.53, , , , , 
1/31/2020 4:32:59 PM, 3228.5, 9014, 1618.2, 321.73, 219.07, 160.53, 309.51, 170.23, 236.43, 95.33, 29.96, 63.18, 125.32, 62.99, 87.53, , , , , 
1/31/2020 4:33:02 PM, 3228.25, 9013.25, 1618.2, 321.73, 219.07, 160.53, 309.51, 170.23, 236.43, 95.33, 29.96, 63.18, 125.32, 62.99, 87.53, , , , , 
1/31/2020 4:33:05 PM, 3228.25, 9013.5, 1618.1, 321.73, 219.07, 160.53, 309.51, 170.23, 236.43, 95.33, 29.96, 63.18, 125.32, 62.99, 87.53, , , , , 
1/31/2020 4:33:08 PM, 3228.5, 9013, 1618.1, 321.73, 219.07, 160.53, 309.51, 170.23, 236.43, 95.33, 29.96, 63.18, 125.32, 62.99, 87.53, , , , , 
1/31/2020 4:33:11 PM, 3228.5, 9013, 1618.1, 321.73, 219.07, 160.53, 309.51, 170.23, 236.43, 95.33, 29.96, 63.18, 125.32, 62.99, 87.53, , , , , 
1/31/2020 4:33:14 PM, 3228, 9013, 1618, 321.73, 219.07, 160.53, 309.51, 170.23, 236.43, 95.33, 29.96, 63.18, 125.32, 62.99, 87.53, , , , , 
1/31/2020 4:33:17 PM, 3228.25, 9013, 1618, 321.73, 219.07, 160.53, 309.51, 170.23, 236.43, 95.33, 29.96, 63.18, 125.32, 62.99, 87.53, , , , , 
1/31/2020 4:33:20 PM, 3228, 9012.5, 1618, 321.73, 219.07, 160.53, 309.51, 170.23, 236.43, 95.33, 29.96, 63.18, 125.32, 62.99, 87.53, , , , , 
1/31/2020 4:33:23 PM, 3228, 9012.5, 1618, 321.73, 219.07, 160.53, 309.51, 170.23, 236.43, 95.33, 29.96, 63.18, 125.32, 62.99, 87.53, , , , , 
1/31/2020 4:33:26 PM, 3228.25, 9013.25, 1618.1, 321.73, 219.07, 160.53, 309.51, 170.23, 236.43, 95.33, 29.96, 63.18, 125.32, 62.99, 87.53, , , , , 
1/31/2020 4:33:29 PM, 3228.25, 9013.25, 1618.1, 321.73, 219.07, 160.53, 309.51, 170.23, 236.43, 95.33, 29.96, 63.18, 125.32, 62.99, 87.53, , , , , 
1/31/2020 4:33:32 PM, 3228, 9012.75, 1618.1, 321.73, 219.07, 160.53, 309.51, 170.23, 236.43, 95.33, 29.96, 63.18, 125.32, 62.99, 87.53, , , , , 
1/31/2020 4:33:35 PM, 3228, 9012.75, 1618.1, 321.73, 219.07, 160.53, 309.51, 170.23, 236.43, 95.33, 29.96, 63.18, 125.32, 62.99, 87.53, , , , , 
1/31/2020 4:33:38 PM, 3228, 9013.25, 1618.1, 321.73, 219.07, 160.53, 309.51, 170.23, 236.43, 95.33, 29.96, 63.18, 125.32, 62.99, 87.53, , , , , 
1/31/2020 4:33:41 PM, 3228, 9013.25, 1618.1, 321.73, 219.07, 160.53, 309.51, 170.23, 236.43, 95.33, 29.96, 63.18, 125.32, 62.99, 87.53, , , , , 
1/31/2020 4:33:44 PM, 3228.25, 9013.5, 1618.2, 321.73, 219.07, 160.53, 309.51, 170.23, 236.43, 95.33, 29.96, 63.18, 125.32, 62.99, 87.53, , , , , 
1/31/2020 4:33:47 PM, 3228.25, 9013.5, 1618.2, 321.73, 219.07, 160.53, 309.51, 170.23, 236.43, 95.33, 29.96, 63.18, 125.32, 62.99, 87.53, , , , , 
1/31/2020 4:33:51 PM, 3228.25, 9013.75, 1618.1, 321.73, 219.07, 160.53, 309.51, 170.23, 236.43, 95.33, 29.96, 63.18, 125.32, 62.99, 87.53, , , , , 
1/31/2020 4:33:54 PM, 3228.25, 9013.75, 1618.1, 321.73, 219.07, 160.53, 309.51, 170.23, 236.43, 95.33, 29.96, 63.18, 125.32, 62.99, 87.53, , , , , 
1/31/2020 4:33:57 PM, 3228.25, 9013.25, 1618.1, 321.73, 219.07, 160.53, 309.51, 170.23, 236.43, 95.33, 29.96, 63.18, 125.32, 62.99, 87.53, , , , , 
1/31/2020 4:34:00 PM, 3228.25, 9013.25, 1618.1, 321.73, 219.07, 160.53, 309.51, 170.23, 236.43, 95.33, 29.96, 63.18, 125.32, 62.99, 87.53, , , , , 
1/31/2020 4:34:03 PM, 3228.5, 9014, 1618.1, 321.73, 219.07, 160.53, 309.51, 170.23, 236.43, 95.33, 29.96, 63.18, 125.32, 62.99, 87.53, , , , , 
1/31/2020 4:34:06 PM, 3228.5, 9014, 1618.1, 321.73, 219.07, 160.53, 309.51, 170.23, 236.43, 95.33, 29.96, 63.18, 125.32, 62.99, 87.53, , , , , 
1/31/2020 4:34:09 PM, 3228.5, 9014, 1618.1, 321.73, 219.07, 160.53, 309.51, 170.23, 236.43, 95.33, 29.96, 63.18, 125.32, 62.99, 87.53, , , , , 
1/31/2020 4:34:12 PM, 3228.5, 9014, 1618.1, 321.73, 219.07, 160.53, 309.51, 170.23, 236.43, 95.33, 29.96, 63.18, 125.32, 62.99, 87.53, , , , , 
1/31/2020 4:34:15 PM, 3228.5, 9015.25, 1618.1, 321.73, 219.07, 160.53, 309.51, 170.23, 236.43, 95.33, 29.96, 63.18, 125.32, 62.99, 87.53, , , , , 
1/31/2020 4:34:18 PM, 3228.5, 9015.25, 1618.1, 321.73, 219.07, 160.53, 309.51, 170.23, 236.43, 95.33, 29.96, 63.18, 125.32, 62.99, 87.53, , , , , 
1/31/2020 4:34:21 PM, 3228.5, 9015.25, 1618, 321.73, 219.07, 160.53, 309.51, 170.23, 236.43, 95.33, 29.96, 63.18, 125.32, 62.99, 87.53, , , , , 
1/31/2020 4:34:24 PM, 3228.5, 9015.25, 1618, 321.73, 219.07, 160.53, 309.51, 170.23, 236.43, 95.33, 29.96, 63.18, 125.32, 62.99, 87.53, , , , , 
1/31/2020 4:34:27 PM, 3228.75, 9015.75, 1618.1, 321.73, 219.07, 160.53, 309.51, 170.23, 236.43, 95.33, 29.96, 63.18, 125.32, 62.99, 87.53, , , , , 
1/31/2020 4:34:30 PM, 3228.75, 9015.75, 1618.1, 321.73, 219.07, 160.53, 309.51, 170.23, 236.43, 95.33, 29.96, 63.18, 125.32, 62.99, 87.53, , , , , 
1/31/2020 4:34:33 PM, 3228.5, 9016, 1618.1, 321.73, 219.07, 160.53, 309.51, 170.23, 236.43, 95.33, 29.96, 63.18, 125.32, 62.99, 87.53, , , , , 
1/31/2020 4:34:36 PM, 3228.5, 9016, 1618.1, 321.73, 219.07, 160.53, 309.51, 170.23, 236.43, 95.33, 29.96, 63.18, 125.32, 62.99, 87.53, , , , , 
1/31/2020 4:34:39 PM, 3228.75, 9016.5, 1618.3, 321.73, 219.07, 160.53, 309.51, 170.23, 236.43, 95.33, 29.96, 63.18, 125.32, 62.99, 87.53, , , , , 
1/31/2020 4:34:42 PM, 3228.75, 9016.5, 1618.3, 321.73, 219.07, 160.53, 309.51, 170.23, 236.43, 95.33, 29.96, 63.18, 125.32, 62.99, 87.53, , , , , 
1/31/2020 4:34:45 PM, 3228.75, 9016.5, 1618.5, 321.73, 219.07, 160.53, 309.51, 170.23, 236.43, 95.33, 29.96, 63.18, 125.32, 62.99, 87.53, , , , , 
1/31/2020 4:34:48 PM, 3228.75, 9016.5, 1618.5, 321.73, 219.07, 160.53, 309.51, 170.23, 236.43, 95.33, 29.96, 63.18, 125.32, 62.99, 87.53, , , , , 
1/31/2020 4:34:51 PM, 3229, 9016.5, 1618.5, 321.73, 219.07, 160.53, 309.51, 170.23, 236.43, 95.33, 29.96, 63.18, 125.32, 62.99, 87.53, , , , , 
1/31/2020 4:34:54 PM, 3229, 9016.5, 1618.5, 321.73, 219.07, 160.53, 309.51, 170.23, 236.43, 95.33, 29.96, 63.18, 125.32, 62.99, 87.53, , , , , 
1/31/2020 4:34:57 PM, 3228.75, 9016.25, 1618.1, 321.73, 219.07, 160.53, 309.51, 170.23, 236.43, 95.33, 29.96, 63.18, 125.32, 62.99, 87.53, , , , , 
1/31/2020 4:35:00 PM, 3228.75, 9016.25, 1618.1, 321.73, 219.07, 160.53, 309.51, 170.23, 236.43, 95.33, 29.96, 63.18, 125.32, 62.99, 87.53, , , , , 
1/31/2020 4:35:03 PM, 3228.25, 9015.5, 1618.2, 321.73, 219.07, 160.53, 309.51, 170.23, 236.43, 95.33, 29.96, 63.18, 125.32, 62.99, 87.53, , , , , 
1/31/2020 4:35:06 PM, 3228.25, 9015.5, 1618.2, 321.73, 219.07, 160.53, 309.51, 170.23, 236.43, 95.33, 29.96, 63.18, 125.32, 62.99, 87.53, , , , , 
1/31/2020 4:35:09 PM, 3228.25, 9015.25, 1618.2, 321.73, 219.07, 160.53, 309.51, 170.23, 236.43, 95.33, 29.96, 63.18, 125.32, 62.99, 87.53, , , , , 
1/31/2020 4:35:12 PM, 3228.25, 9015.25, 1618.2, 321.73, 219.07, 160.53, 309.51, 170.23, 236.43, 95.33, 29.96, 63.18, 125.32, 62.99, 87.53, , , , , 
1/31/2020 4:35:15 PM, 3228.25, 9015.25, 1618.2, 321.73, 219.07, 160.53, 309.51, 170.23, 236.43, 95.33, 29.96, 63.18, 125.32, 62.99, 87.53, , , , , 
1/31/2020 4:35:18 PM, 3228.25, 9015.25, 1618.2, 321.73, 219.07, 160.53, 309.51, 170.23, 236.43, 95.33, 29.96, 63.18, 125.32, 62.99, 87.53, , , , , 
1/31/2020 4:35:21 PM, 3228, 9015, 1618.1, 321.73, 219.07, 160.53, 309.51, 170.23, 236.43, 95.33, 29.96, 63.18, 125.32, 62.99, 87.53, , , , , 
1/31/2020 4:35:24 PM, 3228, 9015, 1618.1, 321.73, 219.07, 160.53, 309.51, 170.23, 236.43, 95.33, 29.96, 63.18, 125.32, 62.99, 87.53, , , , , 
1/31/2020 4:35:27 PM, 3228, 9014.75, 1618.1, 321.73, 219.07, 160.53, 309.51, 170.23, 236.43, 95.33, 29.96, 63.18, 125.32, 62.99, 87.53, , , , , 
1/31/2020 4:35:30 PM, 3228, 9014.75, 1618.1, 321.73, 219.07, 160.53, 309.51, 170.23, 236.43, 95.33, 29.96, 63.18, 125.32, 62.99, 87.53, , , , , 
1/31/2020 4:35:33 PM, 3228, 9014.75, 1618.1, 321.73, 219.07, 160.53, 309.51, 170.23, 236.43, 95.33, 29.96, 63.18, 125.32, 62.99, 87.53, , , , , 
1/31/2020 4:35:36 PM, 3228.25, 9014.75, 1618.1, 321.73, 219.07, 160.53, 309.51, 170.23, 236.43, 95.33, 29.96, 63.18, 125.32, 62.99, 87.53, , , , , 
1/31/2020 4:35:39 PM, 3228, 9014.75, 1618.1, 321.73, 219.07, 160.53, 309.51, 170.23, 236.43, 95.33, 29.96, 63.18, 125.32, 62.99, 87.53, , , , , 
1/31/2020 4:35:42 PM, 3228, 9014.75, 1618, 321.73, 219.07, 160.53, 309.51, 170.23, 236.43, 95.33, 29.96, 63.18, 125.32, 62.99, 87.53, , , , , 
1/31/2020 4:35:45 PM, 3228, 9014.75, 1618, 321.73, 219.07, 160.53, 309.51, 170.23, 236.43, 95.33, 29.96, 63.18, 125.32, 62.99, 87.53, , , , , 
1/31/2020 4:35:48 PM, 3228.25, 9015.25, 1618, 321.73, 219.07, 160.53, 309.51, 170.23, 236.43, 95.33, 29.96, 63.18, 125.32, 62.99, 87.53, , , , , 
1/31/2020 4:35:51 PM, 3228.25, 9014.75, 1618, 321.73, 219.07, 160.53, 309.51, 170.23, 236.43, 95.33, 29.96, 63.18, 125.32, 62.99, 87.53, , , , , 
1/31/2020 4:35:54 PM, 3228, 9015, 1617.9, 321.73, 219.07, 160.53, 309.51, 170.23, 236.43, 95.33, 29.96, 63.18, 125.32, 62.99, 87.53, , , , , 
1/31/2020 4:35:57 PM, 3228.25, 9015.75, 1617.9, 321.73, 219.07, 160.53, 309.51, 170.23, 236.43, 95.33, 29.96, 63.18, 125.32, 62.99, 87.53, , , , , 
1/31/2020 4:36:00 PM, 3228.25, 9015.75, 1617.9, 321.73, 219.07, 160.53, 309.51, 170.23, 236.43, 95.33, 29.96, 63.18, 125.32, 62.99, 87.53, , , , , 
1/31/2020 4:36:03 PM, 3228, 9015.5, 1617.9, 321.73, 219.07, 160.53, 309.51, 170.23, 236.43, 95.33, 29.96, 63.18, 125.32, 62.99, 87.53, , , , , 
1/31/2020 4:36:06 PM, 3228, 9015.25, 1617.9, 321.73, 219.07, 160.53, 309.51, 170.23, 236.43, 95.33, 29.96, 63.18, 125.32, 62.99, 87.53, , , , , 
1/31/2020 4:36:09 PM, 3228, 9015, 1617.9, 321.73, 219.07, 160.53, 309.51, 170.23, 236.43, 95.33, 29.96, 63.18, 125.32, 62.99, 87.53, , , , , 
1/31/2020 4:36:12 PM, 3228, 9014.75, 1617.9, 321.73, 219.07, 160.53, 309.51, 170.23, 236.43, 95.33, 29.96, 63.18, 125.32, 62.99, 87.53, , , , , 
1/31/2020 4:36:15 PM, 3227.75, 9014.25, 1617.8, 321.73, 219.07, 160.53, 309.51, 170.23, 236.43, 95.33, 29.96, 63.18, 125.32, 62.99, 87.53, , , , , 
1/31/2020 4:36:18 PM, 3227.5, 9014, 1617.8, 321.73, 219.07, 160.53, 309.51, 170.23, 236.43, 95.33, 29.96, 63.18, 125.32, 62.99, 87.53, , , , , 
1/31/2020 4:36:21 PM, 3227.5, 9014, 1617.8, 321.73, 219.07, 160.53, 309.51, 170.23, 236.43, 95.33, 29.96, 63.18, 125.32, 62.99, 87.53, , , , , 
1/31/2020 4:36:24 PM, 3227.25, 9013.75, 1617.8, 321.73, 219.07, 160.53, 309.51, 170.23, 236.43, 95.33, 29.96, 63.18, 125.32, 62.99, 87.53, , , , , 
1/31/2020 4:36:27 PM, 3227.25, 9013.75, 1617.6, 321.73, 219.07, 160.53, 309.51, 170.23, 236.43, 95.33, 29.96, 63.18, 125.32, 62.99, 87.53, , , , , 
1/31/2020 4:36:31 PM, 3227.5, 9015, 1617.6, 321.73, 219.07, 160.53, 309.51, 170.23, 236.43, 95.33, 29.96, 63.18, 125.32, 62.99, 87.53, , , , , 
1/31/2020 4:36:34 PM, 3227.75, 9015, 1617.6, 321.73, 219.07, 160.53, 309.51, 170.23, 236.43, 95.33, 29.96, 63.18, 125.32, 62.99, 87.53, , , , , 
1/31/2020 4:36:37 PM, 3227.75, 9015, 1617.6, 321.73, 219.07, 160.53, 309.51, 170.23, 236.43, 95.33, 29.96, 63.18, 125.32, 62.99, 87.53, , , , , 
1/31/2020 4:36:40 PM, 3227.5, 9014.5, 1617.6, 321.73, 219.07, 160.53, 309.51, 170.23, 236.43, 95.33, 29.96, 63.18, 125.32, 62.99, 87.53, , , , , 
1/31/2020 4:36:43 PM, 3227.5, 9014.75, 1617.6, 321.73, 219.07, 160.53, 309.51, 170.23, 236.43, 95.33, 29.96, 63.18, 125.32, 62.99, 87.53, , , , , 
1/31/2020 4:36:46 PM, 3227.5, 9014.75, 1617.6, 321.73, 219.07, 160.53, 309.51, 170.23, 236.43, 95.33, 29.96, 63.18, 125.32, 62.99, 87.53, , , , , 
1/31/2020 4:36:49 PM, 3227.5, 9014.75, 1617.6, 321.73, 219.07, 160.53, 309.51, 170.23, 236.43, 95.33, 29.96, 63.18, 125.32, 62.99, 87.53, , , , , 
1/31/2020 4:36:52 PM, 3227.5, 9014.75, 1617.6, 321.73, 219.07, 160.53, 309.51, 170.23, 236.43, 95.33, 29.96, 63.18, 125.32, 62.99, 87.53, , , , , 
1/31/2020 4:36:55 PM, 3227.5, 9015, 1617.6, 321.73, 219.07, 160.53, 309.51, 170.23, 236.43, 95.33, 29.96, 63.18, 125.32, 62.99, 87.53, , , , , 
1/31/2020 4:36:58 PM, 3227.5, 9015.5, 1617.6, 321.73, 219.07, 160.53, 309.51, 170.23, 236.43, 95.33, 29.96, 63.18, 125.32, 62.99, 87.53, , , , , 
1/31/2020 4:37:01 PM, 3227.75, 9016, 1617.8, 321.73, 219.07, 160.53, 309.51, 170.23, 236.43, 95.33, 29.96, 63.18, 125.32, 62.99, 87.53, , , , , 
1/31/2020 4:37:04 PM, 3228, 9016.25, 1617.8, 321.73, 219.07, 160.53, 309.51, 170.23, 236.43, 95.33, 29.96, 63.18, 125.32, 62.99, 87.53, , , , , 
1/31/2020 4:37:07 PM, 3227.75, 9016.5, 1617.8, 321.73, 219.07, 160.53, 309.51, 170.23, 236.43, 95.33, 29.96, 63.18, 125.32, 62.99, 87.53, , , , , 
1/31/2020 4:37:10 PM, 3227.75, 9016.5, 1617.8, 321.73, 219.07, 160.53, 309.51, 170.23, 236.43, 95.33, 29.96, 63.18, 125.32, 62.99, 87.53, , , , , 
1/31/2020 4:37:13 PM, 3228, 9016.75, 1617.8, 321.73, 219.07, 160.53, 309.51, 170.23, 236.43, 95.33, 29.96, 63.18, 125.32, 62.99, 87.53, , , , , 
1/31/2020 4:37:16 PM, 3227.75, 9016.75, 1617.8, 321.73, 219.07, 160.53, 309.51, 170.23, 236.43, 95.33, 29.96, 63.18, 125.32, 62.99, 87.53, , , , , 
1/31/2020 4:37:19 PM, 3227.75, 9016, 1617.8, 321.73, 219.07, 160.53, 309.51, 170.23, 236.43, 95.33, 29.96, 63.18, 125.32, 62.99, 87.53, , , , , 
1/31/2020 4:37:22 PM, 3227.75, 9016, 1617.8, 321.73, 219.07, 160.53, 309.51, 170.23, 236.43, 95.33, 29.96, 63.18, 125.32, 62.99, 87.53, , , , , 
1/31/2020 4:37:25 PM, 3227.75, 9016.25, 1617.8, 321.73, 219.07, 160.53, 309.51, 170.23, 236.43, 95.33, 29.96, 63.18, 125.32, 62.99, 87.53, , , , , 
1/31/2020 4:37:28 PM, 3227.75, 9016.5, 1617.8, 321.73, 219.07, 160.53, 309.51, 170.23, 236.43, 95.33, 29.96, 63.18, 125.32, 62.99, 87.53, , , , , 
1/31/2020 4:37:31 PM, 3227.75, 9016.75, 1617.8, 321.73, 219.07, 160.53, 309.51, 170.23, 236.43, 95.33, 29.96, 63.18, 125.32, 62.99, 87.53, , , , , 
1/31/2020 4:37:34 PM, 3227.75, 9016.75, 1617.8, 321.73, 219.07, 160.53, 309.51, 170.23, 236.43, 95.33, 29.96, 63.18, 125.32, 62.99, 87.53, , , , , 
1/31/2020 4:37:37 PM, 3227.75, 9017, 1617.8, 321.73, 219.07, 160.53, 309.51, 170.23, 236.43, 95.33, 29.96, 63.18, 125.32, 62.99, 87.53, , , , , 
1/31/2020 4:37:40 PM, 3227.75, 9017, 1617.8, 321.73, 219.07, 160.53, 309.51, 170.23, 236.43, 95.33, 29.96, 63.18, 125.32, 62.99, 87.53, , , , , 
1/31/2020 4:37:43 PM, 3227.75, 9016.5, 1617.8, 321.73, 219.07, 160.53, 309.51, 170.23, 236.43, 95.33, 29.96, 63.18, 125.32, 62.99, 87.53, , , , , 
1/31/2020 4:37:46 PM, 3227.75, 9016.5, 1617.8, 321.73, 219.07, 160.53, 309.51, 170.23, 236.43, 95.33, 29.96, 63.18, 125.32, 62.99, 87.53, , , , , 
1/31/2020 4:37:49 PM, 3227.75, 9017, 1617.8, 321.73, 219.07, 160.53, 309.51, 170.23, 236.43, 95.33, 29.96, 63.18, 125.32, 62.99, 87.53, , , , , 
1/31/2020 4:37:52 PM, 3228, 9017, 1617.8, 321.73, 219.07, 160.53, 309.51, 170.23, 236.43, 95.33, 29.96, 63.18, 125.32, 62.99, 87.53, , , , , 
1/31/2020 4:37:55 PM, 3227.75, 9016.5, 1617.8, 321.73, 219.07, 160.53, 309.51, 170.23, 236.43, 95.33, 29.96, 63.18, 125.32, 62.99, 87.53, , , , , 
1/31/2020 4:37:58 PM, 3227.75, 9016.25, 1617.8, 321.73, 219.07, 160.53, 309.51, 170.23, 236.43, 95.33, 29.96, 63.18, 125.32, 62.99, 87.53, , , , , 
1/31/2020 4:38:01 PM, 3228, 9016.25, 1617.8, 321.73, 219.07, 160.53, 309.51, 170.23, 236.43, 95.33, 29.96, 63.18, 125.32, 62.99, 87.53, , , , , 
1/31/2020 4:38:04 PM, 3228.25, 9016.75, 1618.1, 321.73, 219.07, 160.53, 309.51, 170.23, 236.43, 95.33, 29.96, 63.18, 125.32, 62.99, 87.53, , , , , 
1/31/2020 4:38:07 PM, 3228.25, 9016.25, 1618.1, 321.73, 219.07, 160.53, 309.51, 170.23, 236.43, 95.33, 29.96, 63.18, 125.32, 62.99, 87.53, , , , , 
1/31/2020 4:38:10 PM, 3228.5, 9016, 1618.1, 321.73, 219.07, 160.53, 309.51, 170.23, 236.43, 95.33, 29.96, 63.18, 125.32, 62.99, 87.53, , , , , 
1/31/2020 4:38:13 PM, 3228.25, 9016, 1618.1, 321.73, 219.07, 160.53, 309.51, 170.23, 236.43, 95.33, 29.96, 63.18, 125.32, 62.99, 87.53, , , , , 
1/31/2020 4:38:16 PM, 3228.25, 9015.25, 1618, 321.73, 219.07, 160.53, 309.51, 170.23, 236.43, 95.33, 29.96, 63.18, 125.32, 62.99, 87.53, , , , , 
1/31/2020 4:38:19 PM, 3228.25, 9015.25, 1618, 321.73, 219.07, 160.53, 309.51, 170.23, 236.43, 95.33, 29.96, 63.18, 125.32, 62.99, 87.53, , , , , 
1/31/2020 4:38:22 PM, 3227.75, 9014.75, 1617.8, 321.73, 219.07, 160.53, 309.51, 170.23, 236.43, 95.33, 29.96, 63.18, 125.32, 62.99, 87.53, , , , , 
1/31/2020 4:38:25 PM, 3227.75, 9014.75, 1617.8, 321.73, 219.07, 160.53, 309.51, 170.23, 236.43, 95.33, 29.96, 63.18, 125.32, 62.99, 87.53, , , , , 
1/31/2020 4:38:28 PM, 3227.5, 9014.5, 1617.8, 321.73, 219.07, 160.53, 309.51, 170.23, 236.43, 95.33, 29.96, 63.18, 125.32, 62.99, 87.53, , , , , 
1/31/2020 4:38:31 PM, 3227.75, 9014.5, 1617.8, 321.73, 219.07, 160.53, 309.51, 170.23, 236.43, 95.33, 29.96, 63.18, 125.32, 62.99, 87.53, , , , , 
1/31/2020 4:38:34 PM, 3227.5, 9014, 1617.8, 321.73, 219.07, 160.53, 309.51, 170.23, 236.43, 95.33, 29.96, 63.18, 125.32, 62.99, 87.53, , , , , 
1/31/2020 4:38:37 PM, 3227.5, 9013.75, 1617.8, 321.73, 219.07, 160.53, 309.51, 170.23, 236.43, 95.33, 29.96, 63.18, 125.32, 62.99, 87.53, , , , , 
1/31/2020 4:38:40 PM, 3227.75, 9013.75, 1617.8, 321.73, 219.07, 160.53, 309.51, 170.23, 236.43, 95.33, 29.96, 63.18, 125.32, 62.99, 87.53, , , , , 
1/31/2020 4:38:43 PM, 3227.75, 9013.5, 1617.8, 321.73, 219.07, 160.53, 309.51, 170.23, 236.43, 95.33, 29.96, 63.18, 125.32, 62.99, 87.53, , , , , 
1/31/2020 4:38:46 PM, 3227.5, 9013.5, 1617.8, 321.73, 219.07, 160.53, 309.51, 170.23, 236.43, 95.33, 29.96, 63.18, 125.32, 62.99, 87.53, , , , , 
1/31/2020 4:38:49 PM, 3227.5, 9013.5, 1617.8, 321.73, 219.07, 160.53, 309.51, 170.23, 236.43, 95.33, 29.96, 63.18, 125.32, 62.99, 87.53, , , , , 
1/31/2020 4:38:52 PM, 3227.5, 9013.5, 1617.8, 321.73, 219.07, 160.53, 309.51, 170.23, 236.43, 95.33, 29.96, 63.18, 125.32, 62.99, 87.53, , , , , 
1/31/2020 4:38:55 PM, 3227.5, 9013.5, 1617.8, 321.73, 219.07, 160.53, 309.51, 170.23, 236.43, 95.33, 29.96, 63.18, 125.32, 62.99, 87.53, , , , , 
1/31/2020 4:38:59 PM, 3227.25, 9013.5, 1617.8, 321.73, 219.07, 160.53, 309.51, 170.23, 236.43, 95.33, 29.96, 63.18, 125.32, 62.99, 87.53, , , , , 
1/31/2020 4:39:02 PM, 3227.25, 9013.25, 1617.6, 321.73, 219.07, 160.53, 309.51, 170.23, 236.43, 95.33, 29.96, 63.18, 125.32, 62.99, 87.53, , , , , 
1/31/2020 4:39:05 PM, 3227.25, 9013.25, 1617.6, 321.73, 219.07, 160.53, 309.51, 170.23, 236.43, 95.33, 29.96, 63.18, 125.32, 62.99, 87.53, , , , , 
1/31/2020 4:39:08 PM, 3227.25, 9013.25, 1617.6, 321.73, 219.07, 160.53, 309.51, 170.23, 236.43, 95.33, 29.96, 63.18, 125.32, 62.99, 87.53, , , , , 
1/31/2020 4:39:11 PM, 3227.25, 9013.5, 1617.8, 321.73, 219.07, 160.53, 309.51, 170.23, 236.43, 95.33, 29.96, 63.18, 125.32, 62.99, 87.53, , , , , 
1/31/2020 4:39:14 PM, 3227.25, 9014.5, 1617.8, 321.73, 219.07, 160.53, 309.51, 170.23, 236.43, 95.33, 29.96, 63.18, 125.32, 62.99, 87.53, , , , , 
1/31/2020 4:39:17 PM, 3227.5, 9015.25, 1617.8, 321.73, 219.07, 160.53, 309.51, 170.23, 236.43, 95.33, 29.96, 63.18, 125.32, 62.99, 87.53, , , , , 
1/31/2020 4:39:20 PM, 3227.5, 9015, 1617.7, 321.73, 219.07, 160.53, 309.51, 170.23, 236.43, 95.33, 29.96, 63.18, 125.32, 62.99, 87.53, , , , , 
1/31/2020 4:39:23 PM, 3227.5, 9015.75, 1617.7, 321.73, 219.07, 160.53, 309.51, 170.23, 236.43, 95.33, 29.96, 63.18, 125.32, 62.99, 87.53, , , , , 
1/31/2020 4:39:26 PM, 3227.5, 9015.5, 1617.7, 321.73, 219.07, 160.53, 309.51, 170.23, 236.43, 95.33, 29.96, 63.18, 125.32, 62.99, 87.53, , , , , 
1/31/2020 4:39:29 PM, 3227.5, 9015.5, 1617.7, 321.73, 219.07, 160.53, 309.51, 170.23, 236.43, 95.33, 29.96, 63.18, 125.32, 62.99, 87.53, , , , , 
1/31/2020 4:39:32 PM, 3227.5, 9015.5, 1617.7, 321.73, 219.07, 160.53, 309.51, 170.23, 236.43, 95.33, 29.96, 63.18, 125.32, 62.99, 87.53, , , , , 
1/31/2020 4:39:35 PM, 3227.5, 9015, 1617.7, 321.73, 219.07, 160.53, 309.51, 170.23, 236.43, 95.33, 29.96, 63.18, 125.32, 62.99, 87.53, , , , , 
1/31/2020 4:39:38 PM, 3227.5, 9015, 1617.7, 321.73, 219.07, 160.53, 309.51, 170.23, 236.43, 95.33, 29.96, 63.18, 125.32, 62.99, 87.53, , , , , 
1/31/2020 4:39:41 PM, 3227.5, 9015.5, 1617.7, 321.73, 219.07, 160.53, 309.51, 170.23, 236.43, 95.33, 29.96, 63.18, 125.32, 62.99, 87.53, , , , , 
1/31/2020 4:39:44 PM, 3227.5, 9015, 1617.7, 321.73, 219.07, 160.53, 309.51, 170.23, 236.43, 95.33, 29.96, 63.18, 125.32, 62.99, 87.53, , , , , 
1/31/2020 4:39:47 PM, 3227, 9012.75, 1617.7, 321.73, 219.07, 160.53, 309.51, 170.23, 236.43, 95.33, 29.96, 63.18, 125.32, 62.99, 87.53, , , , , 
1/31/2020 4:39:50 PM, 3227.25, 9012.5, 1617.7, 321.73, 219.07, 160.53, 309.51, 170.23, 236.43, 95.33, 29.96, 63.18, 125.32, 62.99, 87.53, , , , , 
1/31/2020 4:39:53 PM, 3227, 9012.75, 1617.6, 321.73, 219.07, 160.53, 309.51, 170.23, 236.43, 95.33, 29.96, 63.18, 125.32, 62.99, 87.53, , , , , 
1/31/2020 4:39:56 PM, 3227, 9012.5, 1617.6, 321.73, 219.07, 160.53, 309.51, 170.23, 236.43, 95.33, 29.96, 63.18, 125.32, 62.99, 87.53, , , , , 
1/31/2020 4:39:59 PM, 3227.25, 9012.75, 1618, 321.73, 219.07, 160.53, 309.51, 170.23, 236.43, 95.33, 29.96, 63.18, 125.32, 62.99, 87.53, , , , , 
1/31/2020 4:40:02 PM, 3227, 9012.75, 1618, 321.73, 219.07, 160.53, 309.51, 170.23, 236.43, 95.33, 29.96, 63.18, 125.32, 62.99, 87.53, , , , , 
1/31/2020 4:40:05 PM, 3227.5, 9014.5, 1618, 321.73, 219.07, 160.53, 309.51, 170.23, 236.43, 95.33, 29.96, 63.18, 125.32, 62.99, 87.53, , , , , 
1/31/2020 4:40:15 PM, 3227.25, 9014, 1617.9, 321.73, 219.07, 160.53, 309.51, 170.23, 236.43, 95.33, 29.96, 63.18, 125.32, 62.99, 87.53, , , , , 
1/31/2020 4:40:18 PM, 3227.25, 9014, 1617.9, 321.73, 219.07, 160.53, 309.51, 170.23, 236.43, 95.33, 29.96, 63.18, 125.32, 62.99, 87.53, , , , , 
1/31/2020 4:40:21 PM, 3227.25, 9014.5, 1617.9, 321.73, 219.07, 160.53, 309.51, 170.23, 236.43, 95.33, 29.96, 63.18, 125.32, 62.99, 87.53, , , , , 
1/31/2020 4:40:24 PM, 3227.25, 9014.5, 1617.9, 321.73, 219.07, 160.53, 309.51, 170.23, 236.43, 95.33, 29.96, 63.18, 125.32, 62.99, 87.53, , , , , 
1/31/2020 4:40:27 PM, 3227.25, 9014.25, 1617.9, 321.73, 219.07, 160.53, 309.51, 170.23, 236.43, 95.33, 29.96, 63.18, 125.32, 62.99, 87.53, , , , , 
1/31/2020 4:40:30 PM, 3227.25, 9014.25, 1617.9, 321.73, 219.07, 160.53, 309.51, 170.23, 236.43, 95.33, 29.96, 63.18, 125.32, 62.99, 87.53, , , , , 
1/31/2020 4:40:33 PM, 3227, 9013.75, 1617.8, 321.73, 219.07, 160.53, 309.51, 170.23, 236.43, 95.33, 29.96, 63.18, 125.32, 62.99, 87.53, , , , , 
1/31/2020 4:40:36 PM, 3227, 9013.75, 1617.8, 321.73, 219.07, 160.53, 309.51, 170.23, 236.43, 95.33, 29.96, 63.18, 125.32, 62.99, 87.53, , , , , 
1/31/2020 4:40:39 PM, 3226.75, 9013.75, 1617.8, 321.73, 219.07, 160.53, 309.51, 170.23, 236.43, 95.33, 29.96, 63.18, 125.32, 62.99, 87.53, , , , , 
1/31/2020 4:40:42 PM, 3226.75, 9013.75, 1617.8, 321.73, 219.07, 160.53, 309.51, 170.23, 236.43, 95.33, 29.96, 63.18, 125.32, 62.99, 87.53, , , , , 
1/31/2020 4:40:45 PM, 3226.75, 9012.75, 1617.7, 321.73, 219.07, 160.53, 309.51, 170.23, 236.43, 95.33, 29.96, 63.18, 125.32, 62.99, 87.53, , , , , 
1/31/2020 4:40:48 PM, 3226.75, 9012.75, 1617.7, 321.73, 219.07, 160.53, 309.51, 170.23, 236.43, 95.33, 29.96, 63.18, 125.32, 62.99, 87.53, , , , , 
1/31/2020 4:40:51 PM, 3226.75, 9013.5, 1617.7, 321.73, 219.07, 160.53, 309.51, 170.23, 236.43, 95.33, 29.96, 63.18, 125.32, 62.99, 87.53, , , , , 
1/31/2020 4:40:54 PM, 3226.75, 9013.5, 1617.7, 321.73, 219.07, 160.53, 309.51, 170.23, 236.43, 95.33, 29.96, 63.18, 125.32, 62.99, 87.53, , , , , 
1/31/2020 4:40:57 PM, 3226.5, 9012.25, 1617.6, 321.73, 219.07, 160.53, 309.51, 170.23, 236.43, 95.33, 29.96, 63.18, 125.32, 62.99, 87.53, , , , , 
1/31/2020 4:41:00 PM, 3226.5, 9012.25, 1617.6, 321.73, 219.07, 160.53, 309.51, 170.23, 236.43, 95.33, 29.96, 63.18, 125.32, 62.99, 87.53, , , , , 
1/31/2020 4:41:03 PM, 3226.75, 9012.5, 1617.6, 321.73, 219.07, 160.53, 309.51, 170.23, 236.43, 95.33, 29.96, 63.18, 125.32, 62.99, 87.53, , , , , 
1/31/2020 4:41:06 PM, 3226.5, 9012.25, 1617.6, 321.73, 219.07, 160.53, 309.51, 170.23, 236.43, 95.33, 29.96, 63.18, 125.32, 62.99, 87.53, , , , , 
1/31/2020 4:41:09 PM, 3226.5, 9012.25, 1617.6, 321.73, 219.07, 160.53, 309.51, 170.23, 236.43, 95.33, 29.96, 63.18, 125.32, 62.99, 87.53, , , , , 
1/31/2020 4:41:12 PM, 3226.75, 9012.75, 1617.6, 321.73, 219.07, 160.53, 309.51, 170.23, 236.43, 95.33, 29.96, 63.18, 125.32, 62.99, 87.53, , , , , 
1/31/2020 4:41:15 PM, 3226.75, 9012.75, 1617.6, 321.73, 219.07, 160.53, 309.51, 170.23, 236.43, 95.33, 29.96, 63.18, 125.32, 62.99, 87.53, , , , , 
1/31/2020 4:41:18 PM, 3226.75, 9012, 1617.6, 321.73, 219.07, 160.53, 309.51, 170.23, 236.43, 95.33, 29.96, 63.18, 125.32, 62.99, 87.53, , , , , 
1/31/2020 4:41:21 PM, 3226.75, 9012.25, 1617.6, 321.73, 219.07, 160.53, 309.51, 170.23, 236.43, 95.33, 29.96, 63.18, 125.32, 62.99, 87.53, , , , , 
1/31/2020 4:41:24 PM, 3226.75, 9012, 1617.6, 321.73, 219.07, 160.53, 309.51, 170.23, 236.43, 95.33, 29.96, 63.18, 125.32, 62.99, 87.53, , , , , 
1/31/2020 4:41:27 PM, 3226.75, 9012.5, 1617.6, 321.73, 219.07, 160.53, 309.51, 170.23, 236.43, 95.33, 29.96, 63.18, 125.32, 62.99, 87.53, , , , , 
1/31/2020 4:41:30 PM, 3226.75, 9012.75, 1617.6, 321.73, 219.07, 160.53, 309.51, 170.23, 236.43, 95.33, 29.96, 63.18, 125.32, 62.99, 87.53, , , , , 
1/31/2020 4:41:33 PM, 3226.75, 9012.75, 1617.6, 321.73, 219.07, 160.53, 309.51, 170.23, 236.43, 95.33, 29.96, 63.18, 125.32, 62.99, 87.53, , , , , 
1/31/2020 4:41:36 PM, 3226.75, 9012.5, 1617.6, 321.73, 219.07, 160.53, 309.51, 170.23, 236.43, 95.33, 29.96, 63.18, 125.32, 62.99, 87.53, , , , , 
1/31/2020 4:41:39 PM, 3226.75, 9012.5, 1617.6, 321.73, 219.07, 160.53, 309.51, 170.23, 236.43, 95.33, 29.96, 63.18, 125.32, 62.99, 87.53, , , , , 
1/31/2020 4:41:42 PM, 3227, 9013, 1617.6, 321.73, 219.07, 160.53, 309.51, 170.23, 236.43, 95.33, 29.96, 63.18, 125.32, 62.99, 87.53, , , , , 
1/31/2020 4:41:45 PM, 3227, 9013, 1617.6, 321.73, 219.07, 160.53, 309.51, 170.23, 236.43, 95.33, 29.96, 63.18, 125.32, 62.99, 87.53, , , , , 
1/31/2020 4:41:48 PM, 3227, 9013, 1617.6, 321.73, 219.07, 160.53, 309.51, 170.23, 236.43, 95.33, 29.96, 63.18, 125.32, 62.99, 87.53, , , , , 
1/31/2020 4:41:52 PM, 3227, 9013, 1617.6, 321.73, 219.07, 160.53, 309.51, 170.23, 236.43, 95.33, 29.96, 63.18, 125.32, 62.99, 87.53, , , , , 
1/31/2020 4:41:55 PM, 3227, 9012.75, 1617.6, 321.73, 219.07, 160.53, 309.51, 170.23, 236.43, 95.33, 29.96, 63.18, 125.32, 62.99, 87.53, , , , , 
1/31/2020 4:41:58 PM, 3226.75, 9012.5, 1617.8, 321.73, 219.07, 160.53, 309.51, 170.23, 236.43, 95.33, 29.96, 63.18, 125.32, 62.99, 87.53, , , , , 
1/31/2020 4:42:01 PM, 3226.75, 9012.25, 1617.8, 321.73, 219.07, 160.53, 309.51, 170.23, 236.43, 95.33, 29.96, 63.18, 125.32, 62.99, 87.53, , , , , 
1/31/2020 4:42:04 PM, 3226.75, 9012, 1617.8, 321.73, 219.07, 160.53, 309.51, 170.23, 236.43, 95.33, 29.96, 63.18, 125.32, 62.99, 87.53, , , , , 
1/31/2020 4:42:07 PM, 3226.75, 9012, 1617.8, 321.73, 219.07, 160.53, 309.51, 170.23, 236.43, 95.33, 29.96, 63.18, 125.32, 62.99, 87.53, , , , , 
1/31/2020 4:42:10 PM, 3226.75, 9011.75, 1617.8, 321.73, 219.07, 160.53, 309.51, 170.23, 236.43, 95.33, 29.96, 63.18, 125.32, 62.99, 87.53, , , , , 
1/31/2020 4:42:13 PM, 3226.75, 9011.5, 1617.6, 321.73, 219.07, 160.53, 309.51, 170.23, 236.43, 95.33, 29.96, 63.18, 125.32, 62.99, 87.53, , , , , 
1/31/2020 4:42:16 PM, 3226.75, 9012.75, 1617.6, 321.73, 219.07, 160.53, 309.51, 170.23, 236.43, 95.33, 29.96, 63.18, 125.32, 62.99, 87.53, , , , , 
1/31/2020 4:42:19 PM, 3226.75, 9013, 1617.8, 321.73, 219.07, 160.53, 309.51, 170.23, 236.43, 95.33, 29.96, 63.18, 125.32, 62.99, 87.53, , , , , 
1/31/2020 4:42:22 PM, 3226.5, 9012.25, 1617.7, 321.73, 219.07, 160.53, 309.51, 170.23, 236.43, 95.33, 29.96, 63.18, 125.32, 62.99, 87.53, , , , , 
1/31/2020 4:42:25 PM, 3226.5, 9012.25, 1617.7, 321.73, 219.07, 160.53, 309.51, 170.23, 236.43, 95.33, 29.96, 63.18, 125.32, 62.99, 87.53, , , , , 
1/31/2020 4:42:28 PM, 3226.5, 9012.25, 1617.7, 321.73, 219.07, 160.53, 309.51, 170.23, 236.43, 95.33, 29.96, 63.18, 125.32, 62.99, 87.53, , , , , 
1/31/2020 4:42:31 PM, 3226.5, 9012.25, 1617.7, 321.73, 219.07, 160.53, 309.51, 170.23, 236.43, 95.33, 29.96, 63.18, 125.32, 62.99, 87.53, , , , , 
1/31/2020 4:42:34 PM, 3226.75, 9012.5, 1617.6, 321.73, 219.07, 160.53, 309.51, 170.23, 236.43, 95.33, 29.96, 63.18, 125.32, 62.99, 87.53, , , , , 
1/31/2020 4:42:37 PM, 3226.75, 9012.5, 1617.7, 321.73, 219.07, 160.53, 309.51, 170.23, 236.43, 95.33, 29.96, 63.18, 125.32, 62.99, 87.53, , , , , 
1/31/2020 4:42:40 PM, 3226.5, 9012.5, 1617.7, 321.73, 219.07, 160.53, 309.51, 170.23, 236.43, 95.33, 29.96, 63.18, 125.32, 62.99, 87.53, , , , , 
1/31/2020 4:42:43 PM, 3226.5, 9012.5, 1617.7, 321.73, 219.07, 160.53, 309.51, 170.23, 236.43, 95.33, 29.96, 63.18, 125.32, 62.99, 87.53, , , , , 
1/31/2020 4:42:46 PM, 3226.5, 9012.5, 1617.7, 321.73, 219.07, 160.53, 309.51, 170.23, 236.43, 95.33, 29.96, 63.18, 125.32, 62.99, 87.53, , , , , 
1/31/2020 4:42:49 PM, 3226.5, 9012, 1617.7, 321.73, 219.07, 160.53, 309.51, 170.23, 236.43, 95.33, 29.96, 63.18, 125.32, 62.99, 87.53, , , , , 
1/31/2020 4:42:52 PM, 3226.5, 9012, 1617.7, 321.73, 219.07, 160.53, 309.51, 170.23, 236.43, 95.33, 29.96, 63.18, 125.32, 62.99, 87.53, , , , , 
1/31/2020 4:42:55 PM, 3226.5, 9012, 1617.7, 321.73, 219.07, 160.53, 309.51, 170.23, 236.43, 95.33, 29.96, 63.18, 125.32, 62.99, 87.53, , , , , 
1/31/2020 4:42:58 PM, 3226.25, 9012, 1617.7, 321.73, 219.07, 160.53, 309.51, 170.23, 236.43, 95.33, 29.96, 63.18, 125.32, 62.99, 87.53, , , , , 
1/31/2020 4:43:01 PM, 3226.25, 9012, 1617.7, 321.73, 219.07, 160.53, 309.51, 170.23, 236.43, 95.33, 29.96, 63.18, 125.32, 62.99, 87.53, , , , , 
1/31/2020 4:43:04 PM, 3226.25, 9012, 1617.7, 321.73, 219.07, 160.53, 309.51, 170.23, 236.43, 95.33, 29.96, 63.18, 125.32, 62.99, 87.53, , , , , 
1/31/2020 4:43:07 PM, 3226.25, 9011.5, 1617.6, 321.73, 219.07, 160.53, 309.51, 170.23, 236.43, 95.33, 29.96, 63.18, 125.32, 62.99, 87.53, , , , , 
1/31/2020 4:43:10 PM, 3226.25, 9011.5, 1617.6, 321.73, 219.07, 160.53, 309.51, 170.23, 236.43, 95.33, 29.96, 63.18, 125.32, 62.99, 87.53, , , , , 
1/31/2020 4:43:13 PM, 3226.25, 9011.5, 1617.6, 321.73, 219.07, 160.53, 309.51, 170.23, 236.43, 95.33, 29.96, 63.18, 125.32, 62.99, 87.53, , , , , 
1/31/2020 4:43:16 PM, 3226.25, 9011.25, 1617.6, 321.73, 219.07, 160.53, 309.51, 170.23, 236.43, 95.33, 29.96, 63.18, 125.32, 62.99, 87.53, , , , , 
1/31/2020 4:43:19 PM, 3226.25, 9011, 1617.6, 321.73, 219.07, 160.53, 309.51, 170.23, 236.43, 95.33, 29.96, 63.18, 125.32, 62.99, 87.53, , , , , 
1/31/2020 4:43:22 PM, 3226.25, 9011, 1617.6, 321.73, 219.07, 160.53, 309.51, 170.23, 236.43, 95.33, 29.96, 63.18, 125.32, 62.99, 87.53, , , , , 
1/31/2020 4:43:25 PM, 3226.25, 9011.25, 1617.7, 321.73, 219.07, 160.53, 309.51, 170.23, 236.43, 95.33, 29.96, 63.18, 125.32, 62.99, 87.53, , , , , 
1/31/2020 4:43:28 PM, 3226.25, 9011.25, 1617.7, 321.73, 219.07, 160.53, 309.51, 170.23, 236.43, 95.33, 29.96, 63.18, 125.32, 62.99, 87.53, , , , , 
1/31/2020 4:43:31 PM, 3226.25, 9011, 1617.7, 321.73, 219.07, 160.53, 309.51, 170.23, 236.43, 95.33, 29.96, 63.18, 125.32, 62.99, 87.53, , , , , 
1/31/2020 4:43:34 PM, 3226.25, 9011, 1617.7, 321.73, 219.07, 160.53, 309.51, 170.23, 236.43, 95.33, 29.96, 63.18, 125.32, 62.99, 87.53, , , , , 
1/31/2020 4:43:37 PM, 3226.5, 9011.5, 1617.7, 321.73, 219.07, 160.53, 309.51, 170.23, 236.43, 95.33, 29.96, 63.18, 125.32, 62.99, 87.53, , , , , 
1/31/2020 4:43:40 PM, 3226.5, 9011.5, 1617.7, 321.73, 219.07, 160.53, 309.51, 170.23, 236.43, 95.33, 29.96, 63.18, 125.32, 62.99, 87.53, , , , , 
1/31/2020 4:43:43 PM, 3226.25, 9011.25, 1617.6, 321.73, 219.07, 160.53, 309.51, 170.23, 236.43, 95.33, 29.96, 63.18, 125.32, 62.99, 87.53, , , , , 
1/31/2020 4:43:46 PM, 3226.25, 9011.25, 1617.6, 321.73, 219.07, 160.53, 309.51, 170.23, 236.43, 95.33, 29.96, 63.18, 125.32, 62.99, 87.53, , , , , 
1/31/2020 4:43:49 PM, 3226.25, 9011, 1617.6, 321.73, 219.07, 160.53, 309.51, 170.23, 236.43, 95.33, 29.96, 63.18, 125.32, 62.99, 87.53, , , , , 
1/31/2020 4:43:52 PM, 3226.5, 9011.25, 1617.5, 321.73, 219.07, 160.53, 309.51, 170.23, 236.43, 95.33, 29.96, 63.18, 125.32, 62.99, 87.53, , , , , 
1/31/2020 4:43:55 PM, 3226.75, 9011.5, 1617.5, 321.73, 219.07, 160.53, 309.51, 170.23, 236.43, 95.33, 29.96, 63.18, 125.32, 62.99, 87.53, , , , , 
1/31/2020 4:43:58 PM, 3226.75, 9011.5, 1617.5, 321.73, 219.07, 160.53, 309.51, 170.23, 236.43, 95.33, 29.96, 63.18, 125.32, 62.99, 87.53, , , , , 
1/31/2020 4:44:01 PM, 3226.5, 9011.25, 1617.5, 321.73, 219.07, 160.53, 309.51, 170.23, 236.43, 95.33, 29.96, 63.18, 125.32, 62.99, 87.53, , , , , 
1/31/2020 4:44:04 PM, 3226.75, 9011.25, 1617.5, 321.73, 219.07, 160.53, 309.51, 170.23, 236.43, 95.33, 29.96, 63.18, 125.32, 62.99, 87.53, , , , , 
1/31/2020 4:44:07 PM, 3226.5, 9011.25, 1617.5, 321.73, 219.07, 160.53, 309.51, 170.23, 236.43, 95.33, 29.96, 63.18, 125.32, 62.99, 87.53, , , , , 
1/31/2020 4:44:10 PM, 3226.5, 9011.25, 1617.5, 321.73, 219.07, 160.53, 309.51, 170.23, 236.43, 95.33, 29.96, 63.18, 125.32, 62.99, 87.53, , , , , 
1/31/2020 4:44:13 PM, 3226.5, 9011.25, 1617.5, 321.73, 219.07, 160.53, 309.51, 170.23, 236.43, 95.33, 29.96, 63.18, 125.32, 62.99, 87.53, , , , , 
1/31/2020 4:44:16 PM, 3226.5, 9011.25, 1617.5, 321.73, 219.07, 160.53, 309.51, 170.23, 236.43, 95.33, 29.96, 63.18, 125.32, 62.99, 87.53, , , , , 
1/31/2020 4:44:19 PM, 3226.75, 9011.5, 1617.5, 321.73, 219.07, 160.53, 309.51, 170.23, 236.43, 95.33, 29.96, 63.18, 125.32, 62.99, 87.53, , , , , 
1/31/2020 4:44:22 PM, 3226.75, 9011.5, 1617.7, 321.73, 219.07, 160.53, 309.51, 170.23, 236.43, 95.33, 29.96, 63.18, 125.32, 62.99, 87.53, , , , , 
1/31/2020 4:44:26 PM, 3226.75, 9011.5, 1617.7, 321.73, 219.07, 160.53, 309.51, 170.23, 236.43, 95.33, 29.96, 63.18, 125.32, 62.99, 87.53, , , , , 
1/31/2020 4:44:29 PM, 3226.5, 9011.5, 1617.7, 321.73, 219.07, 160.53, 309.51, 170.23, 236.43, 95.33, 29.96, 63.18, 125.32, 62.99, 87.53, , , , , 
1/31/2020 4:44:32 PM, 3226.75, 9011.5, 1617.7, 321.73, 219.07, 160.53, 309.51, 170.23, 236.43, 95.33, 29.96, 63.18, 125.32, 62.99, 87.53, , , , , 
1/31/2020 4:44:35 PM, 3226.75, 9011.75, 1617.7, 321.73, 219.07, 160.53, 309.51, 170.23, 236.43, 95.33, 29.96, 63.18, 125.32, 62.99, 87.53, , , , , 
1/31/2020 4:44:38 PM, 3226.75, 9011.5, 1617.7, 321.73, 219.07, 160.53, 309.51, 170.23, 236.43, 95.33, 29.96, 63.18, 125.32, 62.99, 87.53, , , , , 
1/31/2020 4:44:41 PM, 3226.75, 9011.75, 1617.7, 321.73, 219.07, 160.53, 309.51, 170.23, 236.43, 95.33, 29.96, 63.18, 125.32, 62.99, 87.53, , , , , 
1/31/2020 4:44:44 PM, 3226.75, 9011.75, 1617.7, 321.73, 219.07, 160.53, 309.51, 170.23, 236.43, 95.33, 29.96, 63.18, 125.32, 62.99, 87.53, , , , , 
1/31/2020 4:44:47 PM, 3226.75, 9011.75, 1617.7, 321.73, 219.07, 160.53, 309.51, 170.23, 236.43, 95.33, 29.96, 63.18, 125.32, 62.99, 87.53, , , , , 
1/31/2020 4:44:50 PM, 3226.75, 9011.25, 1617.7, 321.73, 219.07, 160.53, 309.51, 170.23, 236.43, 95.33, 29.96, 63.18, 125.32, 62.99, 87.53, , , , , 
1/31/2020 4:44:53 PM, 3226.75, 9011.25, 1617.7, 321.73, 219.07, 160.53, 309.51, 170.23, 236.43, 95.33, 29.96, 63.18, 125.32, 62.99, 87.53, , , , , 
1/31/2020 4:44:56 PM, 3227, 9011.25, 1617.7, 321.73, 219.07, 160.53, 309.51, 170.23, 236.43, 95.33, 29.96, 63.18, 125.32, 62.99, 87.53, , , , , 
1/31/2020 4:44:59 PM, 3226.75, 9011.25, 1617.7, 321.73, 219.07, 160.53, 309.51, 170.23, 236.43, 95.33, 29.96, 63.18, 125.32, 62.99, 87.53, , , , , 
1/31/2020 4:45:02 PM, 3227, 9011.5, 1617.7, 321.73, 219.07, 160.53, 309.51, 170.23, 236.43, 95.33, 29.96, 63.18, 125.32, 62.99, 87.53, , , , , 
1/31/2020 4:45:05 PM, 3227, 9011.5, 1617.6, 321.73, 219.07, 160.53, 309.51, 170.23, 236.43, 95.33, 29.96, 63.18, 125.32, 62.99, 87.53, , , , , 
1/31/2020 4:45:08 PM, 3227, 9011.75, 1617.6, 321.73, 219.07, 160.53, 309.51, 170.23, 236.43, 95.33, 29.96, 63.18, 125.32, 62.99, 87.53, , , , , 
1/31/2020 4:45:11 PM, 3226.75, 9011.5, 1617.6, 321.73, 219.07, 160.53, 309.51, 170.23, 236.43, 95.33, 29.96, 63.18, 125.32, 62.99, 87.53, , , , , 
1/31/2020 4:45:14 PM, 3226.75, 9011.5, 1617.6, 321.73, 219.07, 160.53, 309.51, 170.23, 236.43, 95.33, 29.96, 63.18, 125.32, 62.99, 87.53, , , , , 
1/31/2020 4:45:17 PM, 3226.75, 9011.25, 1617.6, 321.73, 219.07, 160.53, 309.51, 170.23, 236.43, 95.33, 29.96, 63.18, 125.32, 62.99, 87.53, , , , , 
1/31/2020 4:45:20 PM, 3227, 9012, 1617.6, 321.73, 219.07, 160.53, 309.51, 170.23, 236.43, 95.33, 29.96, 63.18, 125.32, 62.99, 87.53, , , , , 
1/31/2020 4:45:23 PM, 3227, 9012, 1617.6, 321.73, 219.07, 160.53, 309.51, 170.23, 236.43, 95.33, 29.96, 63.18, 125.32, 62.99, 87.53, , , , , 
1/31/2020 4:45:26 PM, 3226.75, 9012, 1617.6, 321.73, 219.07, 160.53, 309.51, 170.23, 236.43, 95.33, 29.96, 63.18, 125.32, 62.99, 87.53, , , , , 
1/31/2020 4:45:29 PM, 3226.75, 9011.5, 1617.6, 321.73, 219.07, 160.53, 309.51, 170.23, 236.43, 95.33, 29.96, 63.18, 125.32, 62.99, 87.53, , , , , 
1/31/2020 4:45:32 PM, 3227, 9011.5, 1617.7, 321.73, 219.07, 160.53, 309.51, 170.23, 236.43, 95.33, 29.96, 63.18, 125.32, 62.99, 87.53, , , , , 
1/31/2020 4:45:35 PM, 3227, 9011.5, 1617.7, 321.73, 219.07, 160.53, 309.51, 170.23, 236.43, 95.33, 29.96, 63.18, 125.32, 62.99, 87.53, , , , , 
1/31/2020 4:45:38 PM, 3227, 9011.5, 1617.7, 321.73, 219.07, 160.53, 309.51, 170.23, 236.43, 95.33, 29.96, 63.18, 125.32, 62.99, 87.53, , , , , 
1/31/2020 4:45:41 PM, 3227, 9011.25, 1617.7, 321.73, 219.07, 160.53, 309.51, 170.23, 236.43, 95.33, 29.96, 63.18, 125.32, 62.99, 87.53, , , , , 
1/31/2020 4:45:44 PM, 3227, 9011.5, 1617.7, 321.73, 219.07, 160.53, 309.51, 170.23, 236.43, 95.33, 29.96, 63.18, 125.32, 62.99, 87.53, , , , , 
1/31/2020 4:45:47 PM, 3227.25, 9012, 1617.7, 321.73, 219.07, 160.53, 309.51, 170.23, 236.43, 95.33, 29.96, 63.18, 125.32, 62.99, 87.53, , , , , 
1/31/2020 4:45:50 PM, 3227.25, 9012, 1617.7, 321.73, 219.07, 160.53, 309.51, 170.23, 236.43, 95.33, 29.96, 63.18, 125.32, 62.99, 87.53, , , , , 
1/31/2020 4:45:53 PM, 3227, 9012, 1617.7, 321.73, 219.07, 160.53, 309.51, 170.23, 236.43, 95.33, 29.96, 63.18, 125.32, 62.99, 87.53, , , , , 
1/31/2020 4:45:56 PM, 3227.25, 9011.75, 1617.7, 321.73, 219.07, 160.53, 309.51, 170.23, 236.43, 95.33, 29.96, 63.18, 125.32, 62.99, 87.53, , , , , 
1/31/2020 4:45:59 PM, 3227, 9011.5, 1617.7, 321.73, 219.07, 160.53, 309.51, 170.23, 236.43, 95.33, 29.96, 63.18, 125.32, 62.99, 87.53, , , , , 
1/31/2020 4:46:02 PM, 3227, 9011.75, 1617.8, 321.73, 219.07, 160.53, 309.51, 170.23, 236.43, 95.33, 29.96, 63.18, 125.32, 62.99, 87.53, , , , , 
1/31/2020 4:46:05 PM, 3227, 9011.75, 1617.8, 321.73, 219.07, 160.53, 309.51, 170.23, 236.43, 95.33, 29.96, 63.18, 125.32, 62.99, 87.53, , , , , 
1/31/2020 4:46:08 PM, 3227, 9011.75, 1617.8, 321.73, 219.07, 160.53, 309.51, 170.23, 236.43, 95.33, 29.96, 63.18, 125.32, 62.99, 87.53, , , , , 
1/31/2020 4:46:11 PM, 3227.25, 9011.75, 1617.8, 321.73, 219.07, 160.53, 309.51, 170.23, 236.43, 95.33, 29.96, 63.18, 125.32, 62.99, 87.53, , , , , 
1/31/2020 4:46:14 PM, 3227.25, 9012, 1617.8, 321.73, 219.07, 160.53, 309.51, 170.23, 236.43, 95.33, 29.96, 63.18, 125.32, 62.99, 87.53, , , , , 
1/31/2020 4:46:17 PM, 3227, 9012, 1617.8, 321.73, 219.07, 160.53, 309.51, 170.23, 236.43, 95.33, 29.96, 63.18, 125.32, 62.99, 87.53, , , , , 
1/31/2020 4:46:20 PM, 3227.25, 9012, 1617.8, 321.73, 219.07, 160.53, 309.51, 170.23, 236.43, 95.33, 29.96, 63.18, 125.32, 62.99, 87.53, , , , , 
1/31/2020 4:46:23 PM, 3227.25, 9012, 1617.8, 321.73, 219.07, 160.53, 309.51, 170.23, 236.43, 95.33, 29.96, 63.18, 125.32, 62.99, 87.53, , , , , 
1/31/2020 4:46:26 PM, 3227.25, 9012, 1617.8, 321.73, 219.07, 160.53, 309.51, 170.23, 236.43, 95.33, 29.96, 63.18, 125.32, 62.99, 87.53, , , , , 
1/31/2020 4:46:29 PM, 3227, 9012, 1617.8, 321.73, 219.07, 160.53, 309.51, 170.23, 236.43, 95.33, 29.96, 63.18, 125.32, 62.99, 87.53, , , , , 
1/31/2020 4:46:32 PM, 3227.25, 9011.75, 1617.8, 321.73, 219.07, 160.53, 309.51, 170.23, 236.43, 95.33, 29.96, 63.18, 125.32, 62.99, 87.53, , , , , 
1/31/2020 4:46:35 PM, 3227, 9012, 1617.8, 321.73, 219.07, 160.53, 309.51, 170.23, 236.43, 95.33, 29.96, 63.18, 125.32, 62.99, 87.53, , , , , 
1/31/2020 4:46:38 PM, 3227, 9011.75, 1617.8, 321.73, 219.07, 160.53, 309.51, 170.23, 236.43, 95.33, 29.96, 63.18, 125.32, 62.99, 87.53, , , , , 
1/31/2020 4:46:42 PM, 3227.25, 9012, 1617.8, 321.73, 219.07, 160.53, 309.51, 170.23, 236.43, 95.33, 29.96, 63.18, 125.32, 62.99, 87.53, , , , , 
1/31/2020 4:46:45 PM, 3227.25, 9012.25, 1617.8, 321.73, 219.07, 160.53, 309.51, 170.23, 236.43, 95.33, 29.96, 63.18, 125.32, 62.99, 87.53, , , , , 
1/31/2020 4:46:48 PM, 3227.25, 9012, 1617.8, 321.73, 219.07, 160.53, 309.51, 170.23, 236.43, 95.33, 29.96, 63.18, 125.32, 62.99, 87.53, , , , , 
1/31/2020 4:46:51 PM, 3227, 9012, 1617.8, 321.73, 219.07, 160.53, 309.51, 170.23, 236.43, 95.33, 29.96, 63.18, 125.32, 62.99, 87.53, , , , , 
1/31/2020 4:46:54 PM, 3227.25, 9012, 1617.8, 321.73, 219.07, 160.53, 309.51, 170.23, 236.43, 95.33, 29.96, 63.18, 125.32, 62.99, 87.53, , , , , 
1/31/2020 4:46:57 PM, 3227, 9012, 1617.8, 321.73, 219.07, 160.53, 309.51, 170.23, 236.43, 95.33, 29.96, 63.18, 125.32, 62.99, 87.53, , , , , 
1/31/2020 4:47:00 PM, 3227, 9012, 1617.8, 321.73, 219.07, 160.53, 309.51, 170.23, 236.43, 95.33, 29.96, 63.18, 125.32, 62.99, 87.53, , , , , 
1/31/2020 4:47:03 PM, 3227, 9012, 1617.8, 321.73, 219.07, 160.53, 309.51, 170.23, 236.43, 95.33, 29.96, 63.18, 125.32, 62.99, 87.53, , , , , 
1/31/2020 4:47:06 PM, 3227.25, 9012.25, 1617.8, 321.73, 219.07, 160.53, 309.51, 170.23, 236.43, 95.33, 29.96, 63.18, 125.32, 62.99, 87.53, , , , , 
1/31/2020 4:47:09 PM, 3227, 9012.25, 1617.8, 321.73, 219.07, 160.53, 309.51, 170.23, 236.43, 95.33, 29.96, 63.18, 125.32, 62.99, 87.53, , , , , 
1/31/2020 4:47:12 PM, 3227.5, 9013, 1618, 321.73, 219.07, 160.53, 309.51, 170.23, 236.43, 95.33, 29.96, 63.18, 125.32, 62.99, 87.53, , , , , 
1/31/2020 4:47:15 PM, 3227.5, 9013.25, 1618, 321.73, 219.07, 160.53, 309.51, 170.23, 236.43, 95.33, 29.96, 63.18, 125.32, 62.99, 87.53, , , , , 
1/31/2020 4:47:18 PM, 3227.25, 9012.5, 1618, 321.73, 219.07, 160.53, 309.51, 170.23, 236.43, 95.33, 29.96, 63.18, 125.32, 62.99, 87.53, , , , , 
1/31/2020 4:47:21 PM, 3227.25, 9013, 1618, 321.73, 219.07, 160.53, 309.51, 170.23, 236.43, 95.33, 29.96, 63.18, 125.32, 62.99, 87.53, , , , , 
1/31/2020 4:47:24 PM, 3227.25, 9012.75, 1618, 321.73, 219.07, 160.53, 309.51, 170.23, 236.43, 95.33, 29.96, 63.18, 125.32, 62.99, 87.53, , , , , 
1/31/2020 4:47:27 PM, 3227.25, 9012.75, 1618, 321.73, 219.07, 160.53, 309.51, 170.23, 236.43, 95.33, 29.96, 63.18, 125.32, 62.99, 87.53, , , , , 
1/31/2020 4:47:30 PM, 3227.5, 9013, 1618, 321.73, 219.07, 160.53, 309.51, 170.23, 236.43, 95.33, 29.96, 63.18, 125.32, 62.99, 87.53, , , , , 
1/31/2020 4:47:33 PM, 3227.5, 9013, 1618, 321.73, 219.07, 160.53, 309.51, 170.23, 236.43, 95.33, 29.96, 63.18, 125.32, 62.99, 87.53, , , , , 
1/31/2020 4:47:36 PM, 3227.5, 9013, 1618, 321.73, 219.07, 160.53, 309.51, 170.23, 236.43, 95.33, 29.96, 63.18, 125.32, 62.99, 87.53, , , , , 
1/31/2020 4:47:39 PM, 3227.5, 9013, 1618, 321.73, 219.07, 160.53, 309.51, 170.23, 236.43, 95.33, 29.96, 63.18, 125.32, 62.99, 87.53, , , , , 
1/31/2020 4:47:42 PM, 3227.5, 9013, 1618, 321.73, 219.07, 160.53, 309.51, 170.23, 236.43, 95.33, 29.96, 63.18, 125.32, 62.99, 87.53, , , , , 
1/31/2020 4:47:45 PM, 3227.25, 9012.75, 1618, 321.73, 219.07, 160.53, 309.51, 170.23, 236.43, 95.33, 29.96, 63.18, 125.32, 62.99, 87.53, , , , , 
1/31/2020 4:47:48 PM, 3227.25, 9012.75, 1618, 321.73, 219.07, 160.53, 309.51, 170.23, 236.43, 95.33, 29.96, 63.18, 125.32, 62.99, 87.53, , , , , 
1/31/2020 4:47:51 PM, 3227.25, 9013, 1618, 321.73, 219.07, 160.53, 309.51, 170.23, 236.43, 95.33, 29.96, 63.18, 125.32, 62.99, 87.53, , , , , 
1/31/2020 4:47:54 PM, 3227.25, 9013, 1618, 321.73, 219.07, 160.53, 309.51, 170.23, 236.43, 95.33, 29.96, 63.18, 125.32, 62.99, 87.53, , , , , 
1/31/2020 4:47:57 PM, 3227.25, 9012.75, 1618, 321.73, 219.07, 160.53, 309.51, 170.23, 236.43, 95.33, 29.96, 63.18, 125.32, 62.99, 87.53, , , , , 
1/31/2020 4:48:00 PM, 3227.25, 9012.75, 1618, 321.73, 219.07, 160.53, 309.51, 170.23, 236.43, 95.33, 29.96, 63.18, 125.32, 62.99, 87.53, , , , , 
1/31/2020 4:48:03 PM, 3227.5, 9013.5, 1618, 321.73, 219.07, 160.53, 309.51, 170.23, 236.43, 95.33, 29.96, 63.18, 125.32, 62.99, 87.53, , , , , 
1/31/2020 4:48:06 PM, 3227.5, 9013.5, 1618, 321.73, 219.07, 160.53, 309.51, 170.23, 236.43, 95.33, 29.96, 63.18, 125.32, 62.99, 87.53, , , , , 
1/31/2020 4:48:09 PM, 3227.5, 9013.75, 1617.9, 321.73, 219.07, 160.53, 309.51, 170.23, 236.43, 95.33, 29.96, 63.18, 125.32, 62.99, 87.53, , , , , 
1/31/2020 4:48:12 PM, 3227.5, 9013.75, 1617.9, 321.73, 219.07, 160.53, 309.51, 170.23, 236.43, 95.33, 29.96, 63.18, 125.32, 62.99, 87.53, , , , , 
1/31/2020 4:48:15 PM, 3227.75, 9013.5, 1617.9, 321.73, 219.07, 160.53, 309.51, 170.23, 236.43, 95.33, 29.96, 63.18, 125.32, 62.99, 87.53, , , , , 
1/31/2020 4:48:18 PM, 3227.75, 9013.5, 1617.9, 321.73, 219.07, 160.53, 309.51, 170.23, 236.43, 95.33, 29.96, 63.18, 125.32, 62.99, 87.53, , , , , 
1/31/2020 4:48:21 PM, 3228, 9013.75, 1618.1, 321.73, 219.07, 160.53, 309.51, 170.23, 236.43, 95.33, 29.96, 63.18, 125.32, 62.99, 87.53, , , , , 
1/31/2020 4:48:24 PM, 3228, 9013.75, 1618.1, 321.73, 219.07, 160.53, 309.51, 170.23, 236.43, 95.33, 29.96, 63.18, 125.32, 62.99, 87.53, , , , , 
1/31/2020 4:48:27 PM, 3227.75, 9014.5, 1618.1, 321.73, 219.07, 160.53, 309.51, 170.23, 236.43, 95.33, 29.96, 63.18, 125.32, 62.99, 87.53, , , , , 
1/31/2020 4:48:30 PM, 3227.75, 9014.5, 1618.1, 321.73, 219.07, 160.53, 309.51, 170.23, 236.43, 95.33, 29.96, 63.18, 125.32, 62.99, 87.53, , , , , 
1/31/2020 4:48:33 PM, 3227.75, 9014, 1618.1, 321.73, 219.07, 160.53, 309.51, 170.23, 236.43, 95.33, 29.96, 63.18, 125.32, 62.99, 87.53, , , , , 
1/31/2020 4:48:36 PM, 3227.75, 9014, 1618.1, 321.73, 219.07, 160.53, 309.51, 170.23, 236.43, 95.33, 29.96, 63.18, 125.32, 62.99, 87.53, , , , , 
1/31/2020 4:48:39 PM, 3228, 9013.75, 1618.1, 321.73, 219.07, 160.53, 309.51, 170.23, 236.43, 95.33, 29.96, 63.18, 125.32, 62.99, 87.53, , , , , 
1/31/2020 4:48:42 PM, 3228, 9013.75, 1618.1, 321.73, 219.07, 160.53, 309.51, 170.23, 236.43, 95.33, 29.96, 63.18, 125.32, 62.99, 87.53, , , , , 
1/31/2020 4:48:45 PM, 3227.75, 9013.75, 1618.1, 321.73, 219.07, 160.53, 309.51, 170.23, 236.43, 95.33, 29.96, 63.18, 125.32, 62.99, 87.53, , , , , 
1/31/2020 4:48:48 PM, 3227.75, 9013.75, 1618.1, 321.73, 219.07, 160.53, 309.51, 170.23, 236.43, 95.33, 29.96, 63.18, 125.32, 62.99, 87.53, , , , , 
1/31/2020 4:48:51 PM, 3227.75, 9013.75, 1617.9, 321.73, 219.07, 160.53, 309.51, 170.23, 236.43, 95.33, 29.96, 63.18, 125.32, 62.99, 87.53, , , , , 
1/31/2020 4:48:54 PM, 3227.75, 9013.75, 1617.9, 321.73, 219.07, 160.53, 309.51, 170.23, 236.43, 95.33, 29.96, 63.18, 125.32, 62.99, 87.53, , , , , 
1/31/2020 4:48:57 PM, 3227.75, 9013.75, 1617.8, 321.73, 219.07, 160.53, 309.51, 170.23, 236.43, 95.33, 29.96, 63.18, 125.32, 62.99, 87.53, , , , , 
1/31/2020 4:49:00 PM, 3227.75, 9013.75, 1617.8, 321.73, 219.07, 160.53, 309.51, 170.23, 236.43, 95.33, 29.96, 63.18, 125.32, 62.99, 87.53, , , , , 
1/31/2020 4:49:03 PM, 3228, 9013.5, 1617.9, 321.73, 219.07, 160.53, 309.51, 170.23, 236.43, 95.33, 29.96, 63.18, 125.32, 62.99, 87.53, , , , , 
1/31/2020 4:49:06 PM, 3228, 9013.5, 1617.9, 321.73, 219.07, 160.53, 309.51, 170.23, 236.43, 95.33, 29.96, 63.18, 125.32, 62.99, 87.53, , , , , 
1/31/2020 4:49:09 PM, 3227.75, 9014, 1617.9, 321.73, 219.07, 160.53, 309.51, 170.23, 236.43, 95.33, 29.96, 63.18, 125.32, 62.99, 87.53, , , , , 
1/31/2020 4:49:12 PM, 3227.75, 9014, 1617.9, 321.73, 219.07, 160.53, 309.51, 170.23, 236.43, 95.33, 29.96, 63.18, 125.32, 62.99, 87.53, , , , , 
1/31/2020 4:49:16 PM, 3228, 9013.75, 1618.3, 321.73, 219.07, 160.53, 309.51, 170.23, 236.43, 95.33, 29.96, 63.18, 125.32, 62.99, 87.53, , , , , 
1/31/2020 4:49:19 PM, 3228, 9013.75, 1618.3, 321.73, 219.07, 160.53, 309.51, 170.23, 236.43, 95.33, 29.96, 63.18, 125.32, 62.99, 87.53, , , , , 
1/31/2020 4:49:22 PM, 3228, 9014, 1618.3, 321.73, 219.07, 160.53, 309.51, 170.23, 236.43, 95.33, 29.96, 63.18, 125.32, 62.99, 87.53, , , , , 
1/31/2020 4:49:25 PM, 3228, 9014, 1618.3, 321.73, 219.07, 160.53, 309.51, 170.23, 236.43, 95.33, 29.96, 63.18, 125.32, 62.99, 87.53, , , , , 
1/31/2020 4:49:28 PM, 3228, 9014, 1618.4, 321.73, 219.07, 160.53, 309.51, 170.23, 236.43, 95.33, 29.96, 63.18, 125.32, 62.99, 87.53, , , , , 
1/31/2020 4:49:31 PM, 3228, 9014, 1618.4, 321.73, 219.07, 160.53, 309.51, 170.23, 236.43, 95.33, 29.96, 63.18, 125.32, 62.99, 87.53, , , , , 
1/31/2020 4:49:34 PM, 3228, 9014, 1618, 321.73, 219.07, 160.53, 309.51, 170.23, 236.43, 95.33, 29.96, 63.18, 125.32, 62.99, 87.53, , , , , 
1/31/2020 4:49:37 PM, 3228, 9014, 1618, 321.73, 219.07, 160.53, 309.51, 170.23, 236.43, 95.33, 29.96, 63.18, 125.32, 62.99, 87.53, , , , , 
1/31/2020 4:49:40 PM, 3228.25, 9014, 1618.1, 321.73, 219.07, 160.53, 309.51, 170.23, 236.43, 95.33, 29.96, 63.18, 125.32, 62.99, 87.53, , , , , 
1/31/2020 4:49:43 PM, 3228.25, 9014, 1618.1, 321.73, 219.07, 160.53, 309.51, 170.23, 236.43, 95.33, 29.96, 63.18, 125.32, 62.99, 87.53, , , , , 
1/31/2020 4:49:46 PM, 3228, 9013.75, 1618.1, 321.73, 219.07, 160.53, 309.51, 170.23, 236.43, 95.33, 29.96, 63.18, 125.32, 62.99, 87.53, , , , , 
1/31/2020 4:49:49 PM, 3228, 9013.75, 1618.1, 321.73, 219.07, 160.53, 309.51, 170.23, 236.43, 95.33, 29.96, 63.18, 125.32, 62.99, 87.53, , , , , 
1/31/2020 4:49:52 PM, 3228.25, 9013.75, 1618.3, 321.73, 219.07, 160.53, 309.51, 170.23, 236.43, 95.33, 29.96, 63.18, 125.32, 62.99, 87.53, , , , , 
1/31/2020 4:49:55 PM, 3228.25, 9013.75, 1618.3, 321.73, 219.07, 160.53, 309.51, 170.23, 236.43, 95.33, 29.96, 63.18, 125.32, 62.99, 87.53, , , , , 
1/31/2020 4:49:58 PM, 3228.25, 9014.5, 1618.3, 321.73, 219.07, 160.53, 309.51, 170.23, 236.43, 95.33, 29.96, 63.18, 125.32, 62.99, 87.53, , , , , 
1/31/2020 4:50:01 PM, 3228.25, 9014.5, 1618.3, 321.73, 219.07, 160.53, 309.51, 170.23, 236.43, 95.33, 29.96, 63.18, 125.32, 62.99, 87.53, , , , , 
1/31/2020 4:50:04 PM, 3228.25, 9014.75, 1618.4, 321.73, 219.07, 160.53, 309.51, 170.23, 236.43, 95.33, 29.96, 63.18, 125.32, 62.99, 87.53, , , , , 
1/31/2020 4:50:07 PM, 3228.25, 9014.75, 1618.4, 321.73, 219.07, 160.53, 309.51, 170.23, 236.43, 95.33, 29.96, 63.18, 125.32, 62.99, 87.53, , , , , 
1/31/2020 4:50:10 PM, 3228.25, 9014.25, 1618.1, 321.73, 219.07, 160.53, 309.51, 170.23, 236.43, 95.33, 29.96, 63.18, 125.32, 62.99, 87.53, , , , , 
1/31/2020 4:50:13 PM, 3228.25, 9014.25, 1618.1, 321.73, 219.07, 160.53, 309.51, 170.23, 236.43, 95.33, 29.96, 63.18, 125.32, 62.99, 87.53, , , , , 
1/31/2020 4:50:16 PM, 3228.25, 9014.25, 1618.1, 321.73, 219.07, 160.53, 309.51, 170.23, 236.43, 95.33, 29.96, 63.18, 125.32, 62.99, 87.53, , , , , 
1/31/2020 4:50:19 PM, 3228.25, 9014.25, 1618.1, 321.73, 219.07, 160.53, 309.51, 170.23, 236.43, 95.33, 29.96, 63.18, 125.32, 62.99, 87.53, , , , , 
1/31/2020 4:50:22 PM, 3228, 9014.25, 1618.1, 321.73, 219.07, 160.53, 309.51, 170.23, 236.43, 95.33, 29.96, 63.18, 125.32, 62.99, 87.53, , , , , 
1/31/2020 4:50:25 PM, 3228, 9014.25, 1618.1, 321.73, 219.07, 160.53, 309.51, 170.23, 236.43, 95.33, 29.96, 63.18, 125.32, 62.99, 87.53, , , , , 
1/31/2020 4:50:28 PM, 3228, 9013.75, 1618.1, 321.73, 219.07, 160.53, 309.51, 170.23, 236.43, 95.33, 29.96, 63.18, 125.32, 62.99, 87.53, , , , , 
1/31/2020 4:50:31 PM, 3228, 9013.75, 1618.1, 321.73, 219.07, 160.53, 309.51, 170.23, 236.43, 95.33, 29.96, 63.18, 125.32, 62.99, 87.53, , , , , 
1/31/2020 4:50:34 PM, 3227.75, 9013.5, 1618.1, 321.73, 219.07, 160.53, 309.51, 170.23, 236.43, 95.33, 29.96, 63.18, 125.32, 62.99, 87.53, , , , , 
1/31/2020 4:50:37 PM, 3227.75, 9013.5, 1618.1, 321.73, 219.07, 160.53, 309.51, 170.23, 236.43, 95.33, 29.96, 63.18, 125.32, 62.99, 87.53, , , , , 
1/31/2020 4:50:40 PM, 3227.75, 9013.5, 1618.1, 321.73, 219.07, 160.53, 309.51, 170.23, 236.43, 95.33, 29.96, 63.18, 125.32, 62.99, 87.53, , , , , 
1/31/2020 4:50:43 PM, 3227.75, 9013.5, 1618.1, 321.73, 219.07, 160.53, 309.51, 170.23, 236.43, 95.33, 29.96, 63.18, 125.32, 62.99, 87.53, , , , , 
1/31/2020 4:50:46 PM, 3227.75, 9013.5, 1618.1, 321.73, 219.07, 160.53, 309.51, 170.23, 236.43, 95.33, 29.96, 63.18, 125.32, 62.99, 87.53, , , , , 
1/31/2020 4:50:49 PM, 3227.75, 9013.5, 1618.1, 321.73, 219.07, 160.53, 309.51, 170.23, 236.43, 95.33, 29.96, 63.18, 125.32, 62.99, 87.53, , , , , 
1/31/2020 4:50:52 PM, 3227.5, 9013.5, 1618, 321.73, 219.07, 160.53, 309.51, 170.23, 236.43, 95.33, 29.96, 63.18, 125.32, 62.99, 87.53, , , , , 
1/31/2020 4:50:55 PM, 3227.5, 9013.5, 1618, 321.73, 219.07, 160.53, 309.51, 170.23, 236.43, 95.33, 29.96, 63.18, 125.32, 62.99, 87.53, , , , , 
1/31/2020 4:50:58 PM, 3227.75, 9013.25, 1618.1, 321.73, 219.07, 160.53, 309.51, 170.23, 236.43, 95.33, 29.96, 63.18, 125.32, 62.99, 87.53, , , , , 
1/31/2020 4:51:01 PM, 3227.75, 9013.25, 1618.1, 321.73, 219.07, 160.53, 309.51, 170.23, 236.43, 95.33, 29.96, 63.18, 125.32, 62.99, 87.53, , , , , 
1/31/2020 4:51:04 PM, 3227.5, 9013.25, 1618.1, 321.73, 219.07, 160.53, 309.51, 170.23, 236.43, 95.33, 29.96, 63.18, 125.32, 62.99, 87.53, , , , , 
1/31/2020 4:51:07 PM, 3227.5, 9013.25, 1618.1, 321.73, 219.07, 160.53, 309.51, 170.23, 236.43, 95.33, 29.96, 63.18, 125.32, 62.99, 87.53, , , , , 
1/31/2020 4:51:10 PM, 3227.75, 9013.25, 1617.9, 321.73, 219.07, 160.53, 309.51, 170.23, 236.43, 95.33, 29.96, 63.18, 125.32, 62.99, 87.53, , , , , 
1/31/2020 4:51:13 PM, 3227.75, 9013, 1617.9, 321.73, 219.07, 160.53, 309.51, 170.23, 236.43, 95.33, 29.96, 63.18, 125.32, 62.99, 87.53, , , , , 
1/31/2020 4:51:16 PM, 3227.5, 9013, 1617.9, 321.73, 219.07, 160.53, 309.51, 170.23, 236.43, 95.33, 29.96, 63.18, 125.32, 62.99, 87.53, , , , , 
1/31/2020 4:51:19 PM, 3227.5, 9013, 1617.9, 321.73, 219.07, 160.53, 309.51, 170.23, 236.43, 95.33, 29.96, 63.18, 125.32, 62.99, 87.53, , , , , 
1/31/2020 4:51:22 PM, 3227.5, 9013.25, 1617.9, 321.73, 219.07, 160.53, 309.51, 170.23, 236.43, 95.33, 29.96, 63.18, 125.32, 62.99, 87.53, , , , , 
1/31/2020 4:51:25 PM, 3227.5, 9013, 1618, 321.73, 219.07, 160.53, 309.51, 170.23, 236.43, 95.33, 29.96, 63.18, 125.32, 62.99, 87.53, , , , , 
1/31/2020 4:51:28 PM, 3227.25, 9012.75, 1618, 321.73, 219.07, 160.53, 309.51, 170.23, 236.43, 95.33, 29.96, 63.18, 125.32, 62.99, 87.53, , , , , 
1/31/2020 4:51:31 PM, 3227.5, 9011.5, 1618, 321.73, 219.07, 160.53, 309.51, 170.23, 236.43, 95.33, 29.96, 63.18, 125.32, 62.99, 87.53, , , , , 
1/31/2020 4:51:34 PM, 3227.25, 9011.75, 1618, 321.73, 219.07, 160.53, 309.51, 170.23, 236.43, 95.33, 29.96, 63.18, 125.32, 62.99, 87.53, , , , , 
1/31/2020 4:51:37 PM, 3227.25, 9011.75, 1618, 321.73, 219.07, 160.53, 309.51, 170.23, 236.43, 95.33, 29.96, 63.18, 125.32, 62.99, 87.53, , , , , 
1/31/2020 4:51:40 PM, 3227.25, 9011.75, 1618, 321.73, 219.07, 160.53, 309.51, 170.23, 236.43, 95.33, 29.96, 63.18, 125.32, 62.99, 87.53, , , , , 
1/31/2020 4:51:43 PM, 3227.5, 9011.5, 1618, 321.73, 219.07, 160.53, 309.51, 170.23, 236.43, 95.33, 29.96, 63.18, 125.32, 62.99, 87.53, , , , , 
1/31/2020 4:51:46 PM, 3227.5, 9012, 1618, 321.73, 219.07, 160.53, 309.51, 170.23, 236.43, 95.33, 29.96, 63.18, 125.32, 62.99, 87.53, , , , , 
1/31/2020 4:51:49 PM, 3227.5, 9012.25, 1618, 321.73, 219.07, 160.53, 309.51, 170.23, 236.43, 95.33, 29.96, 63.18, 125.32, 62.99, 87.53, , , , , 
1/31/2020 4:51:53 PM, 3227.5, 9012.25, 1618, 321.73, 219.07, 160.53, 309.51, 170.23, 236.43, 95.33, 29.96, 63.18, 125.32, 62.99, 87.53, , , , , 
1/31/2020 4:51:56 PM, 3227.5, 9012.75, 1617.9, 321.73, 219.07, 160.53, 309.51, 170.23, 236.43, 95.33, 29.96, 63.18, 125.32, 62.99, 87.53, , , , , 
1/31/2020 4:51:59 PM, 3227.5, 9012.25, 1617.9, 321.73, 219.07, 160.53, 309.51, 170.23, 236.43, 95.33, 29.96, 63.18, 125.32, 62.99, 87.53, , , , , 
1/31/2020 4:52:02 PM, 3227.75, 9012.75, 1617.9, 321.73, 219.07, 160.53, 309.51, 170.23, 236.43, 95.33, 29.96, 63.18, 125.32, 62.99, 87.53, , , , , 
1/31/2020 4:52:05 PM, 3227.5, 9012.25, 1617.9, 321.73, 219.07, 160.53, 309.51, 170.23, 236.43, 95.33, 29.96, 63.18, 125.32, 62.99, 87.53, , , , , 
1/31/2020 4:52:08 PM, 3227.5, 9012.25, 1617.9, 321.73, 219.07, 160.53, 309.51, 170.23, 236.43, 95.33, 29.96, 63.18, 125.32, 62.99, 87.53, , , , , 
1/31/2020 4:52:11 PM, 3227.75, 9012.75, 1617.9, 321.73, 219.07, 160.53, 309.51, 170.23, 236.43, 95.33, 29.96, 63.18, 125.32, 62.99, 87.53, , , , , 
1/31/2020 4:52:14 PM, 3227.75, 9012.75, 1617.8, 321.73, 219.07, 160.53, 309.51, 170.23, 236.43, 95.33, 29.96, 63.18, 125.32, 62.99, 87.53, , , , , 
1/31/2020 4:52:17 PM, 3227.5, 9012.75, 1617.8, 321.73, 219.07, 160.53, 309.51, 170.23, 236.43, 95.33, 29.96, 63.18, 125.32, 62.99, 87.53, , , , , 
1/31/2020 4:52:20 PM, 3227.75, 9012.5, 1617.7, 321.73, 219.07, 160.53, 309.51, 170.23, 236.43, 95.33, 29.96, 63.18, 125.32, 62.99, 87.53, , , , , 
1/31/2020 4:52:23 PM, 3227.5, 9012.5, 1617.7, 321.73, 219.07, 160.53, 309.51, 170.23, 236.43, 95.33, 29.96, 63.18, 125.32, 62.99, 87.53, , , , , 
1/31/2020 4:52:26 PM, 3227.5, 9012.75, 1617.5, 321.73, 219.07, 160.53, 309.51, 170.23, 236.43, 95.33, 29.96, 63.18, 125.32, 62.99, 87.53, , , , , 
1/31/2020 4:52:29 PM, 3227.5, 9012.75, 1617.5, 321.73, 219.07, 160.53, 309.51, 170.23, 236.43, 95.33, 29.96, 63.18, 125.32, 62.99, 87.53, , , , , 
1/31/2020 4:52:32 PM, 3227.5, 9012.5, 1617.6, 321.73, 219.07, 160.53, 309.51, 170.23, 236.43, 95.33, 29.96, 63.18, 125.32, 62.99, 87.53, , , , , 
1/31/2020 4:52:35 PM, 3227.5, 9012.5, 1617.6, 321.73, 219.07, 160.53, 309.51, 170.23, 236.43, 95.33, 29.96, 63.18, 125.32, 62.99, 87.53, , , , , 
1/31/2020 4:52:38 PM, 3227.5, 9012.75, 1617.6, 321.73, 219.07, 160.53, 309.51, 170.23, 236.43, 95.33, 29.96, 63.18, 125.32, 62.99, 87.53, , , , , 
1/31/2020 4:52:41 PM, 3227.5, 9012.5, 1617.6, 321.73, 219.07, 160.53, 309.51, 170.23, 236.43, 95.33, 29.96, 63.18, 125.32, 62.99, 87.53, , , , , 
1/31/2020 4:52:44 PM, 3227.25, 9012.25, 1617.5, 321.73, 219.07, 160.53, 309.51, 170.23, 236.43, 95.33, 29.96, 63.18, 125.32, 62.99, 87.53, , , , , 
1/31/2020 4:52:47 PM, 3227.25, 9012.25, 1617.5, 321.73, 219.07, 160.53, 309.51, 170.23, 236.43, 95.33, 29.96, 63.18, 125.32, 62.99, 87.53, , , , , 
1/31/2020 4:52:50 PM, 3227.25, 9012.75, 1617.5, 321.73, 219.07, 160.53, 309.51, 170.23, 236.43, 95.33, 29.96, 63.18, 125.32, 62.99, 87.53, , , , , 
1/31/2020 4:52:53 PM, 3227.25, 9012.75, 1617.5, 321.73, 219.07, 160.53, 309.51, 170.23, 236.43, 95.33, 29.96, 63.18, 125.32, 62.99, 87.53, , , , , 
1/31/2020 4:52:56 PM, 3227.5, 9012.75, 1617.5, 321.73, 219.07, 160.53, 309.51, 170.23, 236.43, 95.33, 29.96, 63.18, 125.32, 62.99, 87.53, , , , , 
1/31/2020 4:52:59 PM, 3227.25, 9013, 1617.5, 321.73, 219.07, 160.53, 309.51, 170.23, 236.43, 95.33, 29.96, 63.18, 125.32, 62.99, 87.53, , , , , 
1/31/2020 4:53:02 PM, 3227.5, 9012.5, 1617.5, 321.73, 219.07, 160.53, 309.51, 170.23, 236.43, 95.33, 29.96, 63.18, 125.32, 62.99, 87.53, , , , , 
1/31/2020 4:53:05 PM, 3227.5, 9012.5, 1617.5, 321.73, 219.07, 160.53, 309.51, 170.23, 236.43, 95.33, 29.96, 63.18, 125.32, 62.99, 87.53, , , , , 
1/31/2020 4:53:08 PM, 3227.25, 9012.5, 1617.5, 321.73, 219.07, 160.53, 309.51, 170.23, 236.43, 95.33, 29.96, 63.18, 125.32, 62.99, 87.53, , , , , 
1/31/2020 4:53:11 PM, 3227.5, 9012.5, 1617.5, 321.73, 219.07, 160.53, 309.51, 170.23, 236.43, 95.33, 29.96, 63.18, 125.32, 62.99, 87.53, , , , , 
1/31/2020 4:53:14 PM, 3227.5, 9012.5, 1617.5, 321.73, 219.07, 160.53, 309.51, 170.23, 236.43, 95.33, 29.96, 63.18, 125.32, 62.99, 87.53, , , , , 
1/31/2020 4:53:17 PM, 3227.25, 9012.5, 1617.5, 321.73, 219.07, 160.53, 309.51, 170.23, 236.43, 95.33, 29.96, 63.18, 125.32, 62.99, 87.53, , , , , 
1/31/2020 4:53:20 PM, 3227.25, 9012.25, 1617.5, 321.73, 219.07, 160.53, 309.51, 170.23, 236.43, 95.33, 29.96, 63.18, 125.32, 62.99, 87.53, , , , , 
1/31/2020 4:53:23 PM, 3227.5, 9012.75, 1617.5, 321.73, 219.07, 160.53, 309.51, 170.23, 236.43, 95.33, 29.96, 63.18, 125.32, 62.99, 87.53, , , , , 
1/31/2020 4:53:26 PM, 3227.5, 9012.75, 1617.5, 321.73, 219.07, 160.53, 309.51, 170.23, 236.43, 95.33, 29.96, 63.18, 125.32, 62.99, 87.53, , , , , 
1/31/2020 4:53:29 PM, 3227.5, 9012.75, 1617.5, 321.73, 219.07, 160.53, 309.51, 170.23, 236.43, 95.33, 29.96, 63.18, 125.32, 62.99, 87.53, , , , , 
1/31/2020 4:53:32 PM, 3227.25, 9012.75, 1617.4, 321.73, 219.07, 160.53, 309.51, 170.23, 236.43, 95.33, 29.96, 63.18, 125.32, 62.99, 87.53, , , , , 
1/31/2020 4:53:35 PM, 3227.25, 9012.75, 1617.4, 321.73, 219.07, 160.53, 309.51, 170.23, 236.43, 95.33, 29.96, 63.18, 125.32, 62.99, 87.53, , , , , 
1/31/2020 4:53:38 PM, 3227.25, 9012.5, 1617.4, 321.73, 219.07, 160.53, 309.51, 170.23, 236.43, 95.33, 29.96, 63.18, 125.32, 62.99, 87.53, , , , , 
1/31/2020 4:53:41 PM, 3227.25, 9012.5, 1617.4, 321.73, 219.07, 160.53, 309.51, 170.23, 236.43, 95.33, 29.96, 63.18, 125.32, 62.99, 87.53, , , , , 
1/31/2020 4:53:44 PM, 3227, 9012.25, 1617.3, 321.73, 219.07, 160.53, 309.51, 170.23, 236.43, 95.33, 29.96, 63.18, 125.32, 62.99, 87.53, , , , , 
1/31/2020 4:53:47 PM, 3227, 9012.5, 1617.3, 321.73, 219.07, 160.53, 309.51, 170.23, 236.43, 95.33, 29.96, 63.18, 125.32, 62.99, 87.53, , , , , 
1/31/2020 4:53:50 PM, 3227.5, 9013.5, 1617.4, 321.73, 219.07, 160.53, 309.51, 170.23, 236.43, 95.33, 29.96, 63.18, 125.32, 62.99, 87.53, , , , , 
1/31/2020 4:53:53 PM, 3227.5, 9013.75, 1617.5, 321.73, 219.07, 160.53, 309.51, 170.23, 236.43, 95.33, 29.96, 63.18, 125.32, 62.99, 87.53, , , , , 
1/31/2020 4:53:56 PM, 3227.5, 9013.5, 1617.5, 321.73, 219.07, 160.53, 309.51, 170.23, 236.43, 95.33, 29.96, 63.18, 125.32, 62.99, 87.53, , , , , 
1/31/2020 4:53:59 PM, 3227.25, 9013, 1617.4, 321.73, 219.07, 160.53, 309.51, 170.23, 236.43, 95.33, 29.96, 63.18, 125.32, 62.99, 87.53, , , , , 
1/31/2020 4:54:02 PM, 3227.25, 9013, 1617.4, 321.73, 219.07, 160.53, 309.51, 170.23, 236.43, 95.33, 29.96, 63.18, 125.32, 62.99, 87.53, , , , , 
1/31/2020 4:54:05 PM, 3227.25, 9012.75, 1617.4, 321.73, 219.07, 160.53, 309.51, 170.23, 236.43, 95.33, 29.96, 63.18, 125.32, 62.99, 87.53, , , , , 
1/31/2020 4:54:08 PM, 3227.25, 9013.25, 1617.4, 321.73, 219.07, 160.53, 309.51, 170.23, 236.43, 95.33, 29.96, 63.18, 125.32, 62.99, 87.53, , , , , 
1/31/2020 4:54:11 PM, 3227.25, 9013, 1617.4, 321.73, 219.07, 160.53, 309.51, 170.23, 236.43, 95.33, 29.96, 63.18, 125.32, 62.99, 87.53, , , , , 
1/31/2020 4:54:14 PM, 3227.25, 9013, 1617.4, 321.73, 219.07, 160.53, 309.51, 170.23, 236.43, 95.33, 29.96, 63.18, 125.32, 62.99, 87.53, , , , , 
1/31/2020 4:54:18 PM, 3227.5, 9013.5, 1617.4, 321.73, 219.07, 160.53, 309.51, 170.23, 236.43, 95.33, 29.96, 63.18, 125.32, 62.99, 87.53, , , , , 
1/31/2020 4:54:21 PM, 3227.5, 9013.5, 1617.4, 321.73, 219.07, 160.53, 309.51, 170.23, 236.43, 95.33, 29.96, 63.18, 125.32, 62.99, 87.53, , , , , 
1/31/2020 4:54:24 PM, 3227.5, 9013.25, 1617.4, 321.73, 219.07, 160.53, 309.51, 170.23, 236.43, 95.33, 29.96, 63.18, 125.32, 62.99, 87.53, , , , , 
1/31/2020 4:54:27 PM, 3227.75, 9013.5, 1617.4, 321.73, 219.07, 160.53, 309.51, 170.23, 236.43, 95.33, 29.96, 63.18, 125.32, 62.99, 87.53, , , , , 
1/31/2020 4:54:30 PM, 3227.5, 9012.75, 1617.4, 321.73, 219.07, 160.53, 309.51, 170.23, 236.43, 95.33, 29.96, 63.18, 125.32, 62.99, 87.53, , , , , 
1/31/2020 4:54:33 PM, 3227.5, 9013.25, 1617.4, 321.73, 219.07, 160.53, 309.51, 170.23, 236.43, 95.33, 29.96, 63.18, 125.32, 62.99, 87.53, , , , , 
1/31/2020 4:54:36 PM, 3227.75, 9012.75, 1617.4, 321.73, 219.07, 160.53, 309.51, 170.23, 236.43, 95.33, 29.96, 63.18, 125.32, 62.99, 87.53, , , , , 
1/31/2020 4:54:39 PM, 3227.75, 9012.75, 1617.5, 321.73, 219.07, 160.53, 309.51, 170.23, 236.43, 95.33, 29.96, 63.18, 125.32, 62.99, 87.53, , , , , 
1/31/2020 4:54:42 PM, 3227.5, 9012.75, 1617.5, 321.73, 219.07, 160.53, 309.51, 170.23, 236.43, 95.33, 29.96, 63.18, 125.32, 62.99, 87.53, , , , , 
1/31/2020 4:54:45 PM, 3227.5, 9012.75, 1617.5, 321.73, 219.07, 160.53, 309.51, 170.23, 236.43, 95.33, 29.96, 63.18, 125.32, 62.99, 87.53, , , , , 
1/31/2020 4:54:48 PM, 3227.5, 9013, 1617.5, 321.73, 219.07, 160.53, 309.51, 170.23, 236.43, 95.33, 29.96, 63.18, 125.32, 62.99, 87.53, , , , , 
1/31/2020 4:54:51 PM, 3227.5, 9012.25, 1617.5, 321.73, 219.07, 160.53, 309.51, 170.23, 236.43, 95.33, 29.96, 63.18, 125.32, 62.99, 87.53, , , , , 
1/31/2020 4:54:54 PM, 3227.5, 9012.5, 1617.5, 321.73, 219.07, 160.53, 309.51, 170.23, 236.43, 95.33, 29.96, 63.18, 125.32, 62.99, 87.53, , , , , 
1/31/2020 4:54:57 PM, 3227.75, 9012.5, 1617.5, 321.73, 219.07, 160.53, 309.51, 170.23, 236.43, 95.33, 29.96, 63.18, 125.32, 62.99, 87.53, , , , , 
1/31/2020 4:55:00 PM, 3227.75, 9012.5, 1617.5, 321.73, 219.07, 160.53, 309.51, 170.23, 236.43, 95.33, 29.96, 63.18, 125.32, 62.99, 87.53, , , , , 
1/31/2020 4:55:03 PM, 3227.25, 9012.25, 1617.4, 321.73, 219.07, 160.53, 309.51, 170.23, 236.43, 95.33, 29.96, 63.18, 125.32, 62.99, 87.53, , , , , 
1/31/2020 4:55:06 PM, 3227.25, 9012, 1617.4, 321.73, 219.07, 160.53, 309.51, 170.23, 236.43, 95.33, 29.96, 63.18, 125.32, 62.99, 87.53, , , , , 
1/31/2020 4:55:09 PM, 3227.25, 9013.25, 1617.4, 321.73, 219.07, 160.53, 309.51, 170.23, 236.43, 95.33, 29.96, 63.18, 125.32, 62.99, 87.53, , , , , 
1/31/2020 4:55:12 PM, 3227.25, 9013.25, 1617.5, 321.73, 219.07, 160.53, 309.51, 170.23, 236.43, 95.33, 29.96, 63.18, 125.32, 62.99, 87.53, , , , , 
1/31/2020 4:55:15 PM, 3227.5, 9013, 1617.5, 321.73, 219.07, 160.53, 309.51, 170.23, 236.43, 95.33, 29.96, 63.18, 125.32, 62.99, 87.53, , , , , 
1/31/2020 4:55:18 PM, 3227.5, 9013, 1617.2, 321.73, 219.07, 160.53, 309.51, 170.23, 236.43, 95.33, 29.96, 63.18, 125.32, 62.99, 87.53, , , , , 
1/31/2020 4:55:21 PM, 3227.5, 9013, 1617.2, 321.73, 219.07, 160.53, 309.51, 170.23, 236.43, 95.33, 29.96, 63.18, 125.32, 62.99, 87.53, , , , , 
1/31/2020 4:55:24 PM, 3227.5, 9013, 1617.2, 321.73, 219.07, 160.53, 309.51, 170.23, 236.43, 95.33, 29.96, 63.18, 125.32, 62.99, 87.53, , , , , 
1/31/2020 4:55:27 PM, 3227.5, 9013.25, 1617.2, 321.73, 219.07, 160.53, 309.51, 170.23, 236.43, 95.33, 29.96, 63.18, 125.32, 62.99, 87.53, , , , , 
1/31/2020 4:55:30 PM, 3227.5, 9013.25, 1617.2, 321.73, 219.07, 160.53, 309.51, 170.23, 236.43, 95.33, 29.96, 63.18, 125.32, 62.99, 87.53, , , , , 
1/31/2020 4:55:33 PM, 3227.5, 9013.25, 1617.2, 321.73, 219.07, 160.53, 309.51, 170.23, 236.43, 95.33, 29.96, 63.18, 125.32, 62.99, 87.53, , , , , 
1/31/2020 4:55:36 PM, 3227.5, 9013.75, 1617.3, 321.73, 219.07, 160.53, 309.51, 170.23, 236.43, 95.33, 29.96, 63.18, 125.32, 62.99, 87.53, , , , , 
1/31/2020 4:55:39 PM, 3227.5, 9013.75, 1617.3, 321.73, 219.07, 160.53, 309.51, 170.23, 236.43, 95.33, 29.96, 63.18, 125.32, 62.99, 87.53, , , , , 
1/31/2020 4:55:42 PM, 3227.5, 9014, 1617.3, 321.73, 219.07, 160.53, 309.51, 170.23, 236.43, 95.33, 29.96, 63.18, 125.32, 62.99, 87.53, , , , , 
1/31/2020 4:55:45 PM, 3227.5, 9014, 1617.3, 321.73, 219.07, 160.53, 309.51, 170.23, 236.43, 95.33, 29.96, 63.18, 125.32, 62.99, 87.53, , , , , 
1/31/2020 4:55:48 PM, 3227.75, 9014.5, 1618, 321.73, 219.07, 160.53, 309.51, 170.23, 236.43, 95.33, 29.96, 63.18, 125.32, 62.99, 87.53, , , , , 
1/31/2020 4:55:51 PM, 3227.75, 9014.5, 1618, 321.73, 219.07, 160.53, 309.51, 170.23, 236.43, 95.33, 29.96, 63.18, 125.32, 62.99, 87.53, , , , , 
1/31/2020 4:55:54 PM, 3228, 9014.75, 1618.1, 321.73, 219.07, 160.53, 309.51, 170.23, 236.43, 95.33, 29.96, 63.18, 125.32, 62.99, 87.53, , , , , 
1/31/2020 4:55:57 PM, 3228, 9014.75, 1618.1, 321.73, 219.07, 160.53, 309.51, 170.23, 236.43, 95.33, 29.96, 63.18, 125.32, 62.99, 87.53, , , , , 
1/31/2020 4:56:00 PM, 3227.75, 9014, 1618, 321.73, 219.07, 160.53, 309.51, 170.23, 236.43, 95.33, 29.96, 63.18, 125.32, 62.99, 87.53, , , , , 
1/31/2020 4:56:03 PM, 3227.75, 9013.25, 1618, 321.73, 219.07, 160.53, 309.51, 170.23, 236.43, 95.33, 29.96, 63.18, 125.32, 62.99, 87.53, , , , , 
1/31/2020 4:56:06 PM, 3227.75, 9013.5, 1618, 321.73, 219.07, 160.53, 309.51, 170.23, 236.43, 95.33, 29.96, 63.18, 125.32, 62.99, 87.53, , , , , 
1/31/2020 4:56:09 PM, 3227.75, 9013.25, 1618.1, 321.73, 219.07, 160.53, 309.51, 170.23, 236.43, 95.33, 29.96, 63.18, 125.32, 62.99, 87.53, , , , , 
1/31/2020 4:56:12 PM, 3227.75, 9013.25, 1618.1, 321.73, 219.07, 160.53, 309.51, 170.23, 236.43, 95.33, 29.96, 63.18, 125.32, 62.99, 87.53, , , , , 
1/31/2020 4:56:15 PM, 3227.75, 9013.25, 1618.1, 321.73, 219.07, 160.53, 309.51, 170.23, 236.43, 95.33, 29.96, 63.18, 125.32, 62.99, 87.53, , , , , 
1/31/2020 4:56:18 PM, 3227.75, 9013.25, 1618.1, 321.73, 219.07, 160.53, 309.51, 170.23, 236.43, 95.33, 29.96, 63.18, 125.32, 62.99, 87.53, , , , , 
1/31/2020 4:56:21 PM, 3228, 9013.5, 1617.9, 321.73, 219.07, 160.53, 309.51, 170.23, 236.43, 95.33, 29.96, 63.18, 125.32, 62.99, 87.53, , , , , 
1/31/2020 4:56:24 PM, 3228, 9013.5, 1617.9, 321.73, 219.07, 160.53, 309.51, 170.23, 236.43, 95.33, 29.96, 63.18, 125.32, 62.99, 87.53, , , , , 
1/31/2020 4:56:27 PM, 3228, 9013.5, 1617.8, 321.73, 219.07, 160.53, 309.51, 170.23, 236.43, 95.33, 29.96, 63.18, 125.32, 62.99, 87.53, , , , , 
1/31/2020 4:56:30 PM, 3228, 9013.5, 1617.8, 321.73, 219.07, 160.53, 309.51, 170.23, 236.43, 95.33, 29.96, 63.18, 125.32, 62.99, 87.53, , , , , 
1/31/2020 4:56:33 PM, 3228, 9013.5, 1617.8, 321.73, 219.07, 160.53, 309.51, 170.23, 236.43, 95.33, 29.96, 63.18, 125.32, 62.99, 87.53, , , , , 
1/31/2020 4:56:36 PM, 3228, 9013.5, 1617.8, 321.73, 219.07, 160.53, 309.51, 170.23, 236.43, 95.33, 29.96, 63.18, 125.32, 62.99, 87.53, , , , , 
1/31/2020 4:56:39 PM, 3228, 9014, 1617.7, 321.73, 219.07, 160.53, 309.51, 170.23, 236.43, 95.33, 29.96, 63.18, 125.32, 62.99, 87.53, , , , , 
1/31/2020 4:56:42 PM, 3228, 9014, 1617.7, 321.73, 219.07, 160.53, 309.51, 170.23, 236.43, 95.33, 29.96, 63.18, 125.32, 62.99, 87.53, , , , , 
1/31/2020 4:56:45 PM, 3228, 9014, 1617.7, 321.73, 219.07, 160.53, 309.51, 170.23, 236.43, 95.33, 29.96, 63.18, 125.32, 62.99, 87.53, , , , , 
1/31/2020 4:56:48 PM, 3227.75, 9014, 1617.7, 321.73, 219.07, 160.53, 309.51, 170.23, 236.43, 95.33, 29.96, 63.18, 125.32, 62.99, 87.53, , , , , 
1/31/2020 4:56:51 PM, 3227.5, 9013.25, 1617.7, 321.73, 219.07, 160.53, 309.51, 170.23, 236.43, 95.33, 29.96, 63.18, 125.32, 62.99, 87.53, , , , , 
1/31/2020 4:56:55 PM, 3227.5, 9013.25, 1617.7, 321.73, 219.07, 160.53, 309.51, 170.23, 236.43, 95.33, 29.96, 63.18, 125.32, 62.99, 87.53, , , , , 
1/31/2020 4:56:58 PM, 3227.5, 9013.25, 1617.7, 321.73, 219.07, 160.53, 309.51, 170.23, 236.43, 95.33, 29.96, 63.18, 125.32, 62.99, 87.53, , , , , 
1/31/2020 4:57:01 PM, 3227.5, 9013.25, 1617.7, 321.73, 219.07, 160.53, 309.51, 170.23, 236.43, 95.33, 29.96, 63.18, 125.32, 62.99, 87.53, , , , , 
1/31/2020 4:57:04 PM, 3227.75, 9013.75, 1617.7, 321.73, 219.07, 160.53, 309.51, 170.23, 236.43, 95.33, 29.96, 63.18, 125.32, 62.99, 87.53, , , , , 
1/31/2020 4:57:07 PM, 3227.75, 9013.5, 1617.7, 321.73, 219.07, 160.53, 309.51, 170.23, 236.43, 95.33, 29.96, 63.18, 125.32, 62.99, 87.53, , , , , 
1/31/2020 4:57:10 PM, 3227.5, 9013.25, 1617.7, 321.73, 219.07, 160.53, 309.51, 170.23, 236.43, 95.33, 29.96, 63.18, 125.32, 62.99, 87.53, , , , , 
1/31/2020 4:57:13 PM, 3227.75, 9013.25, 1617.7, 321.73, 219.07, 160.53, 309.51, 170.23, 236.43, 95.33, 29.96, 63.18, 125.32, 62.99, 87.53, , , , , 
1/31/2020 4:57:16 PM, 3227.5, 9013.25, 1617.7, 321.73, 219.07, 160.53, 309.51, 170.23, 236.43, 95.33, 29.96, 63.18, 125.32, 62.99, 87.53, , , , , 
1/31/2020 4:57:19 PM, 3227.5, 9013.25, 1617.7, 321.73, 219.07, 160.53, 309.51, 170.23, 236.43, 95.33, 29.96, 63.18, 125.32, 62.99, 87.53, , , , , 
1/31/2020 4:57:22 PM, 3227.5, 9013.25, 1617.7, 321.73, 219.07, 160.53, 309.51, 170.23, 236.43, 95.33, 29.96, 63.18, 125.32, 62.99, 87.53, , , , , 
1/31/2020 4:57:25 PM, 3227.5, 9013.25, 1617.7, 321.73, 219.07, 160.53, 309.51, 170.23, 236.43, 95.33, 29.96, 63.18, 125.32, 62.99, 87.53, , , , , 
1/31/2020 4:57:28 PM, 3227.75, 9013.5, 1617.7, 321.73, 219.07, 160.53, 309.51, 170.23, 236.43, 95.33, 29.96, 63.18, 125.32, 62.99, 87.53, , , , , 
1/31/2020 4:57:31 PM, 3227.75, 9013.5, 1617.7, 321.73, 219.07, 160.53, 309.51, 170.23, 236.43, 95.33, 29.96, 63.18, 125.32, 62.99, 87.53, , , , , 
1/31/2020 4:57:34 PM, 3227.75, 9013, 1617.7, 321.73, 219.07, 160.53, 309.51, 170.23, 236.43, 95.33, 29.96, 63.18, 125.32, 62.99, 87.53, , , , , 
1/31/2020 4:57:37 PM, 3227.75, 9013, 1617.7, 321.73, 219.07, 160.53, 309.51, 170.23, 236.43, 95.33, 29.96, 63.18, 125.32, 62.99, 87.53, , , , , 
1/31/2020 4:57:40 PM, 3227.5, 9014, 1617.7, 321.73, 219.07, 160.53, 309.51, 170.23, 236.43, 95.33, 29.96, 63.18, 125.32, 62.99, 87.53, , , , , 
1/31/2020 4:57:43 PM, 3227.5, 9014, 1617.7, 321.73, 219.07, 160.53, 309.51, 170.23, 236.43, 95.33, 29.96, 63.18, 125.32, 62.99, 87.53, , , , , 
1/31/2020 4:57:46 PM, 3227.5, 9014, 1617.8, 321.73, 219.07, 160.53, 309.51, 170.23, 236.43, 95.33, 29.96, 63.18, 125.32, 62.99, 87.53, , , , , 
1/31/2020 4:57:49 PM, 3227.5, 9014, 1617.8, 321.73, 219.07, 160.53, 309.51, 170.23, 236.43, 95.33, 29.96, 63.18, 125.32, 62.99, 87.53, , , , , 
1/31/2020 4:57:52 PM, 3227.5, 9013.5, 1617.6, 321.73, 219.07, 160.53, 309.51, 170.23, 236.43, 95.33, 29.96, 63.18, 125.32, 62.99, 87.53, , , , , 
1/31/2020 4:57:55 PM, 3227.5, 9013.5, 1617.6, 321.73, 219.07, 160.53, 309.51, 170.23, 236.43, 95.33, 29.96, 63.18, 125.32, 62.99, 87.53, , , , , 
1/31/2020 4:57:58 PM, 3227.75, 9013.5, 1617.6, 321.73, 219.07, 160.53, 309.51, 170.23, 236.43, 95.33, 29.96, 63.18, 125.32, 62.99, 87.53, , , , , 
1/31/2020 4:58:01 PM, 3227.75, 9013.5, 1617.6, 321.73, 219.07, 160.53, 309.51, 170.23, 236.43, 95.33, 29.96, 63.18, 125.32, 62.99, 87.53, , , , , 
1/31/2020 4:58:04 PM, 3227.5, 9013.5, 1617.6, 321.73, 219.07, 160.53, 309.51, 170.23, 236.43, 95.33, 29.96, 63.18, 125.32, 62.99, 87.53, , , , , 
1/31/2020 4:58:07 PM, 3227.5, 9013.5, 1617.6, 321.73, 219.07, 160.53, 309.51, 170.23, 236.43, 95.33, 29.96, 63.18, 125.32, 62.99, 87.53, , , , , 
1/31/2020 4:58:10 PM, 3227.5, 9013.75, 1617.5, 321.73, 219.07, 160.53, 309.51, 170.23, 236.43, 95.33, 29.96, 63.18, 125.32, 62.99, 87.53, , , , , 
1/31/2020 4:58:13 PM, 3227.5, 9013.75, 1617.5, 321.73, 219.07, 160.53, 309.51, 170.23, 236.43, 95.33, 29.96, 63.18, 125.32, 62.99, 87.53, , , , , 
1/31/2020 4:58:16 PM, 3227.5, 9013.75, 1617.6, 321.73, 219.07, 160.53, 309.51, 170.23, 236.43, 95.33, 29.96, 63.18, 125.32, 62.99, 87.53, , , , , 
1/31/2020 4:58:19 PM, 3227.5, 9013.75, 1617.6, 321.73, 219.07, 160.53, 309.51, 170.23, 236.43, 95.33, 29.96, 63.18, 125.32, 62.99, 87.53, , , , , 
1/31/2020 4:58:22 PM, 3227.5, 9013.25, 1617.6, 321.73, 219.07, 160.53, 309.51, 170.23, 236.43, 95.33, 29.96, 63.18, 125.32, 62.99, 87.53, , , , , 
1/31/2020 4:58:25 PM, 3227.5, 9013.25, 1617.6, 321.73, 219.07, 160.53, 309.51, 170.23, 236.43, 95.33, 29.96, 63.18, 125.32, 62.99, 87.53, , , , , 
1/31/2020 4:58:28 PM, 3227.25, 9013.5, 1617.5, 321.73, 219.07, 160.53, 309.51, 170.23, 236.43, 95.33, 29.96, 63.18, 125.32, 62.99, 87.53, , , , , 
1/31/2020 4:58:31 PM, 3227.25, 9013.5, 1617.5, 321.73, 219.07, 160.53, 309.51, 170.23, 236.43, 95.33, 29.96, 63.18, 125.32, 62.99, 87.53, , , , , 
1/31/2020 4:58:34 PM, 3227.5, 9014, 1617.4, 321.73, 219.07, 160.53, 309.51, 170.23, 236.43, 95.33, 29.96, 63.18, 125.32, 62.99, 87.53, , , , , 
1/31/2020 4:58:37 PM, 3227.5, 9014, 1617.4, 321.73, 219.07, 160.53, 309.51, 170.23, 236.43, 95.33, 29.96, 63.18, 125.32, 62.99, 87.53, , , , , 
1/31/2020 4:58:40 PM, 3227.5, 9013.75, 1617.5, 321.73, 219.07, 160.53, 309.51, 170.23, 236.43, 95.33, 29.96, 63.18, 125.32, 62.99, 87.53, , , , , 
1/31/2020 4:58:43 PM, 3227.5, 9013.75, 1617.5, 321.73, 219.07, 160.53, 309.51, 170.23, 236.43, 95.33, 29.96, 63.18, 125.32, 62.99, 87.53, , , , , 
1/31/2020 4:58:46 PM, 3227.5, 9014, 1617.5, 321.73, 219.07, 160.53, 309.51, 170.23, 236.43, 95.33, 29.96, 63.18, 125.32, 62.99, 87.53, , , , , 
1/31/2020 4:58:49 PM, 3227.5, 9014, 1617.5, 321.73, 219.07, 160.53, 309.51, 170.23, 236.43, 95.33, 29.96, 63.18, 125.32, 62.99, 87.53, , , , , 
1/31/2020 4:58:52 PM, 3227.75, 9014, 1617.4, 321.73, 219.07, 160.53, 309.51, 170.23, 236.43, 95.33, 29.96, 63.18, 125.32, 62.99, 87.53, , , , , 
1/31/2020 4:58:55 PM, 3227.75, 9014, 1617.4, 321.73, 219.07, 160.53, 309.51, 170.23, 236.43, 95.33, 29.96, 63.18, 125.32, 62.99, 87.53, , , , , 
1/31/2020 4:58:58 PM, 3227.75, 9013.75, 1617.4, 321.73, 219.07, 160.53, 309.51, 170.23, 236.43, 95.33, 29.96, 63.18, 125.32, 62.99, 87.53, , , , , 
1/31/2020 4:59:01 PM, 3227.75, 9013.75, 1617.4, 321.73, 219.07, 160.53, 309.51, 170.23, 236.43, 95.33, 29.96, 63.18, 125.32, 62.99, 87.53, , , , , 
1/31/2020 4:59:04 PM, 3227.75, 9014.5, 1617.4, 321.73, 219.07, 160.53, 309.51, 170.23, 236.43, 95.33, 29.96, 63.18, 125.32, 62.99, 87.53, , , , , 
1/31/2020 4:59:07 PM, 3228, 9014.5, 1617.4, 321.73, 219.07, 160.53, 309.51, 170.23, 236.43, 95.33, 29.96, 63.18, 125.32, 62.99, 87.53, , , , , 
1/31/2020 4:59:10 PM, 3228, 9015, 1617.5, 321.73, 219.07, 160.53, 309.51, 170.23, 236.43, 95.33, 29.96, 63.18, 125.32, 62.99, 87.53, , , , , 
1/31/2020 4:59:13 PM, 3228.25, 9014.75, 1617.6, 321.73, 219.07, 160.53, 309.51, 170.23, 236.43, 95.33, 29.96, 63.18, 125.32, 62.99, 87.53, , , , , 
1/31/2020 4:59:16 PM, 3227.75, 9015, 1617.6, 321.73, 219.07, 160.53, 309.51, 170.23, 236.43, 95.33, 29.96, 63.18, 125.32, 62.99, 87.53, , , , , 
1/31/2020 4:59:19 PM, 3227.75, 9015.25, 1617.5, 321.73, 219.07, 160.53, 309.51, 170.23, 236.43, 95.33, 29.96, 63.18, 125.32, 62.99, 87.53, , , , , 
1/31/2020 4:59:22 PM, 3227.75, 9014.5, 1617.3, 321.73, 219.07, 160.53, 309.51, 170.23, 236.43, 95.33, 29.96, 63.18, 125.32, 62.99, 87.53, , , , , 
1/31/2020 4:59:25 PM, 3227.75, 9014.25, 1617.3, 321.73, 219.07, 160.53, 309.51, 170.23, 236.43, 95.33, 29.96, 63.18, 125.32, 62.99, 87.53, , , , , 
1/31/2020 4:59:28 PM, 3228, 9013.75, 1617.3, 321.73, 219.07, 160.53, 309.51, 170.23, 236.43, 95.33, 29.96, 63.18, 125.32, 62.99, 87.53, , , , , 
1/31/2020 4:59:31 PM, 3228, 9013.75, 1617.3, 321.73, 219.07, 160.53, 309.51, 170.23, 236.43, 95.33, 29.96, 63.18, 125.32, 62.99, 87.53, , , , , 
1/31/2020 4:59:34 PM, 3228.25, 9013.75, 1617.3, 321.73, 219.07, 160.53, 309.51, 170.23, 236.43, 95.33, 29.96, 63.18, 125.32, 62.99, 87.53, , , , , 
1/31/2020 4:59:37 PM, 3227.5, 9013.5, 1617.1, 321.73, 219.07, 160.53, 309.51, 170.23, 236.43, 95.33, 29.96, 63.18, 125.32, 62.99, 87.53, , , , , 
1/31/2020 4:59:41 PM, 3227.5, 9013.75, 1617.2, 321.73, 219.07, 160.53, 309.51, 170.23, 236.43, 95.33, 29.96, 63.18, 125.32, 62.99, 87.53, , , , , 
1/31/2020 4:59:44 PM, 3227.5, 9013.5, 1617.2, 321.73, 219.07, 160.53, 309.51, 170.23, 236.43, 95.33, 29.96, 63.18, 125.32, 62.99, 87.53, , , , , 
1/31/2020 4:59:47 PM, 3227.5, 9013.5, 1617.1, 321.73, 219.07, 160.53, 309.51, 170.23, 236.43, 95.33, 29.96, 63.18, 125.32, 62.99, 87.53, , , , , 
1/31/2020 4:59:50 PM, 3227.25, 9010.25, 1616.9, 321.73, 219.07, 160.53, 309.51, 170.23, 236.43, 95.33, 29.96, 63.18, 125.32, 62.99, 87.53, , , , , 
1/31/2020 4:59:53 PM, 3227.5, 9013, 1616.9, 321.73, 219.07, 160.53, 309.51, 170.23, 236.43, 95.33, 29.96, 63.18, 125.32, 62.99, 87.53, , , , , 
1/31/2020 4:59:56 PM, 3227.25, 9013, 1616.9, 321.73, 219.07, 160.53, 309.51, 170.23, 236.43, 95.33, 29.96, 63.18, 125.32, 62.99, 87.53, , , , , 
1/31/2020 4:59:59 PM, 3227.5, 9013.25, 1616.9, 321.73, 219.07, 160.53, 309.51, 170.23, 236.43, 95.33, 29.96, 63.18, 125.32, 62.99, 87.53, , , , , 
1/31/2020 5:00:02 PM, 3227, 9013.25, 1616.5, 321.73, 219.07, 160.53, 309.51, 170.23, 236.43, 95.33, 29.96, 63.18, 125.32, 62.99, 87.53, , , , , 
1/31/2020 5:00:05 PM, 3227, 9013.25, 1616.5, 321.73, 219.07, 160.53, 309.51, 170.23, 236.43, 95.33, 29.96, 63.18, 125.32, 62.99, 87.53, , , , , 
1/31/2020 5:00:08 PM, 3227, 9013.25, 1616.5, 321.73, 219.07, 160.53, 309.51, 170.23, 236.43, 95.33, 29.96, 63.18, 125.32, 62.99, 87.53, , , , , 
1/31/2020 5:00:11 PM, 3227, 9013.25, 1616.5, 321.73, 219.07, 160.53, 309.51, 170.23, 236.43, 95.33, 29.96, 63.18, 125.32, 62.99, 87.53, , , , , 
1/31/2020 5:00:14 PM, 3227, 9013.25, 1616.5, 321.73, 219.07, 160.53, 309.51, 170.23, 236.43, 95.33, 29.96, 63.18, 125.32, 62.99, 87.53, , , , , 
1/31/2020 5:00:17 PM, 3227, 9013.25, 1616.5, 321.73, 219.07, 160.53, 309.51, 170.23, 236.43, 95.33, 29.96, 63.18, 125.32, 62.99, 87.53, , , , , 
1/31/2020 5:00:20 PM, 3227, 9013.25, 1616.5, 321.73, 219.07, 160.53, 309.51, 170.23, 236.43, 95.33, 29.96, 63.18, 125.32, 62.99, 87.53, , , , , 
1/31/2020 5:00:23 PM, 3227, 9013.25, 1616.5, 321.73, 219.07, 160.53, 309.51, 170.23, 236.43, 95.33, 29.96, 63.18, 125.32, 62.99, 87.53, , , , , 
1/31/2020 5:00:26 PM, 3227, 9013.25, 1616.5, 321.73, 219.07, 160.53, 309.51, 170.23, 236.43, 95.33, 29.96, 63.18, 125.32, 62.99, 87.53, , , , , 
1/31/2020 5:00:29 PM, 3227, 9013.25, 1616.5, 321.73, 219.07, 160.53, 309.51, 170.23, 236.43, 95.33, 29.96, 63.18, 125.32, 62.99, 87.53, , , , , 
1/31/2020 5:00:32 PM, 3227, 9013.25, 1616.5, 321.73, 219.07, 160.53, 309.51, 170.23, 236.43, 95.33, 29.96, 63.18, 125.32, 62.99, 87.53, , , , , 
1/31/2020 5:00:35 PM, 3227, 9013.25, 1616.5, 321.73, 219.07, 160.53, 309.51, 170.23, 236.43, 95.33, 29.96, 63.18, 125.32, 62.99, 87.53, , , , , 
1/31/2020 5:00:38 PM, 3227, 9013.25, 1616.5, 321.73, 219.07, 160.53, 309.51, 170.23, 236.43, 95.33, 29.96, 63.18, 125.32, 62.99, 87.53, , , , , 
1/31/2020 5:00:41 PM, 3227, 9013.25, 1616.5, 321.73, 219.07, 160.53, 309.51, 170.23, 236.43, 95.33, 29.96, 63.18, 125.32, 62.99, 87.53, , , , , 
1/31/2020 5:00:44 PM, 3227, 9013.25, 1616.5, 321.73, 219.07, 160.53, 309.51, 170.23, 236.43, 95.33, 29.96, 63.18, 125.32, 62.99, 87.53, , , , , 
1/31/2020 5:00:47 PM, 3227, 9013.25, 1616.5, 321.73, 219.07, 160.53, 309.51, 170.23, 236.43, 95.33, 29.96, 63.18, 125.32, 62.99, 87.53, , , , , 
1/31/2020 5:00:50 PM, 3227, 9013.25, 1616.5, 321.73, 219.07, 160.53, 309.51, 170.23, 236.43, 95.33, 29.96, 63.18, 125.32, 62.99, 87.53, , , , , 
1/31/2020 5:00:53 PM, 3227, 9013.25, 1616.5, 321.73, 219.07, 160.53, 309.51, 170.23, 236.43, 95.33, 29.96, 63.18, 125.32, 62.99, 87.53, , , , , 
1/31/2020 5:00:56 PM, 3227, 9013.25, 1616.5, 321.73, 219.07, 160.53, 309.51, 170.23, 236.43, 95.33, 29.96, 63.18, 125.32, 62.99, 87.53, , , , , 
1/31/2020 5:00:59 PM, 3227, 9013.25, 1616.5, 321.73, 219.07, 160.53, 309.51, 170.23, 236.43, 95.33, 29.96, 63.18, 125.32, 62.99, 87.53, , , , , 
1/31/2020 5:01:02 PM, 3227, 9013.25, 1616.5, 321.73, 219.07, 160.53, 309.51, 170.23, 236.43, 95.33, 29.96, 63.18, 125.32, 62.99, 87.53, , , , , 
1/31/2020 5:01:05 PM, 3227, 9013.25, 1616.5, 321.73, 219.07, 160.53, 309.51, 170.23, 236.43, 95.33, 29.96, 63.18, 125.32, 62.99, 87.53, , , , , 
1/31/2020 5:01:08 PM, 3227, 9013.25, 1616.5, 321.73, 219.07, 160.53, 309.51, 170.23, 236.43, 95.33, 29.96, 63.18, 125.32, 62.99, 87.53, , , , , 
1/31/2020 5:01:11 PM, 3227, 9013.25, 1616.5, 321.73, 219.07, 160.53, 309.51, 170.23, 236.43, 95.33, 29.96, 63.18, 125.32, 62.99, 87.53, , , , , 
1/31/2020 5:01:14 PM, 3227, 9013.25, 1616.5, 321.73, 219.07, 160.53, 309.51, 170.23, 236.43, 95.33, 29.96, 63.18, 125.32, 62.99, 87.53, , , , , 
1/31/2020 5:01:17 PM, 3227, 9013.25, 1616.5, 321.73, 219.07, 160.53, 309.51, 170.23, 236.43, 95.33, 29.96, 63.18, 125.32, 62.99, 87.53, , , , , 
1/31/2020 5:01:20 PM, 3227, 9013.25, 1616.5, 321.73, 219.07, 160.53, 309.51, 170.23, 236.43, 95.33, 29.96, 63.18, 125.32, 62.99, 87.53, , , , , 
1/31/2020 5:01:23 PM, 3227, 9013.25, 1616.5, 321.73, 219.07, 160.53, 309.51, 170.23, 236.43, 95.33, 29.96, 63.18, 125.32, 62.99, 87.53, , , , , 
1/31/2020 5:01:26 PM, 3227, 9013.25, 1616.5, 321.73, 219.07, 160.53, 309.51, 170.23, 236.43, 95.33, 29.96, 63.18, 125.32, 62.99, 87.53, , , , , 
1/31/2020 5:01:29 PM, 3227, 9013.25, 1616.5, 321.73, 219.07, 160.53, 309.51, 170.23, 236.43, 95.33, 29.96, 63.18, 125.32, 62.99, 87.53, , , , , 
1/31/2020 5:01:32 PM, 3227, 9013.25, 1616.5, 321.73, 219.07, 160.53, 309.51, 170.23, 236.43, 95.33, 29.96, 63.18, 125.32, 62.99, 87.53, , , , , 
1/31/2020 5:01:35 PM, 3227, 9013.25, 1616.5, 321.73, 219.07, 160.53, 309.51, 170.23, 236.43, 95.33, 29.96, 63.18, 125.32, 62.99, 87.53, , , , , 
1/31/2020 5:01:38 PM, 3227, 9013.25, 1616.5, 321.73, 219.07, 160.53, 309.51, 170.23, 236.43, 95.33, 29.96, 63.18, 125.32, 62.99, 87.53, , , , , 
1/31/2020 5:01:41 PM, 3227, 9013.25, 1616.5, 321.73, 219.07, 160.53, 309.51, 170.23, 236.43, 95.33, 29.96, 63.18, 125.32, 62.99, 87.53, , , , , 
1/31/2020 5:01:44 PM, 3227, 9013.25, 1616.5, 321.73, 219.07, 160.53, 309.51, 170.23, 236.43, 95.33, 29.96, 63.18, 125.32, 62.99, 87.53, , , , , 
1/31/2020 5:01:47 PM, 3227, 9013.25, 1616.5, 321.73, 219.07, 160.53, 309.51, 170.23, 236.43, 95.33, 29.96, 63.18, 125.32, 62.99, 87.53, , , , , 
1/31/2020 5:01:50 PM, 3227, 9013.25, 1616.5, 321.73, 219.07, 160.53, 309.51, 170.23, 236.43, 95.33, 29.96, 63.18, 125.32, 62.99, 87.53, , , , , 
1/31/2020 5:01:53 PM, 3227, 9013.25, 1616.5, 321.73, 219.07, 160.53, 309.51, 170.23, 236.43, 95.33, 29.96, 63.18, 125.32, 62.99, 87.53, , , , , 
1/31/2020 5:01:56 PM, 3227, 9013.25, 1616.5, 321.73, 219.07, 160.53, 309.51, 170.23, 236.43, 95.33, 29.96, 63.18, 125.32, 62.99, 87.53, , , , , 
1/31/2020 5:01:59 PM, 3227, 9013.25, 1616.5, 321.73, 219.07, 160.53, 309.51, 170.23, 236.43, 95.33, 29.96, 63.18, 125.32, 62.99, 87.53, , , , , 
1/31/2020 5:02:02 PM, 3227, 9013.25, 1616.5, 321.73, 219.07, 160.53, 309.51, 170.23, 236.43, 95.33, 29.96, 63.18, 125.32, 62.99, 87.53, , , , , 
1/31/2020 5:02:05 PM, 3227, 9013.25, 1616.5, 321.73, 219.07, 160.53, 309.51, 170.23, 236.43, 95.33, 29.96, 63.18, 125.32, 62.99, 87.53, , , , , 
1/31/2020 5:02:08 PM, 3227, 9013.25, 1616.5, 321.73, 219.07, 160.53, 309.51, 170.23, 236.43, 95.33, 29.96, 63.18, 125.32, 62.99, 87.53, , , , , 
1/31/2020 5:02:11 PM, 3227, 9013.25, 1616.5, 321.73, 219.07, 160.53, 309.51, 170.23, 236.43, 95.33, 29.96, 63.18, 125.32, 62.99, 87.53, , , , , 
1/31/2020 5:02:14 PM, 3227, 9013.25, 1616.5, 321.73, 219.07, 160.53, 309.51, 170.23, 236.43, 95.33, 29.96, 63.18, 125.32, 62.99, 87.53, , , , , 
1/31/2020 5:02:18 PM, 3227, 9013.25, 1616.5, 321.73, 219.07, 160.53, 309.51, 170.23, 236.43, 95.33, 29.96, 63.18, 125.32, 62.99, 87.53, , , , , 
1/31/2020 5:02:21 PM, 3227, 9013.25, 1616.5, 321.73, 219.07, 160.53, 309.51, 170.23, 236.43, 95.33, 29.96, 63.18, 125.32, 62.99, 87.53, , , , , 
1/31/2020 5:02:24 PM, 3227, 9013.25, 1616.5, 321.73, 219.07, 160.53, 309.51, 170.23, 236.43, 95.33, 29.96, 63.18, 125.32, 62.99, 87.53, , , , , 
1/31/2020 5:02:27 PM, 3227, 9013.25, 1616.5, 321.73, 219.07, 160.53, 309.51, 170.23, 236.43, 95.33, 29.96, 63.18, 125.32, 62.99, 87.53, , , , , 
1/31/2020 5:02:30 PM, 3227, 9013.25, 1616.5, 321.73, 219.07, 160.53, 309.51, 170.23, 236.43, 95.33, 29.96, 63.18, 125.32, 62.99, 87.53, , , , , 
1/31/2020 5:02:33 PM, 3227, 9013.25, 1616.5, 321.73, 219.07, 160.53, 309.51, 170.23, 236.43, 95.33, 29.96, 63.18, 125.32, 62.99, 87.53, , , , , 
1/31/2020 5:02:36 PM, 3227, 9013.25, 1616.5, 321.73, 219.07, 160.53, 309.51, 170.23, 236.43, 95.33, 29.96, 63.18, 125.32, 62.99, 87.53, , , , , 
1/31/2020 5:02:39 PM, 3227, 9013.25, 1616.5, 321.73, 219.07, 160.53, 309.51, 170.23, 236.43, 95.33, 29.96, 63.18, 125.32, 62.99, 87.53, , , , , 
1/31/2020 5:02:42 PM, 3227, 9013.25, 1616.5, 321.73, 219.07, 160.53, 309.51, 170.23, 236.43, 95.33, 29.96, 63.18, 125.32, 62.99, 87.53, , , , , 
1/31/2020 5:02:45 PM, 3227, 9013.25, 1616.5, 321.73, 219.07, 160.53, 309.51, 170.23, 236.43, 95.33, 29.96, 63.18, 125.32, 62.99, 87.53, , , , , 
1/31/2020 5:02:48 PM, 3227, 9013.25, 1616.5, 321.73, 219.07, 160.53, 309.51, 170.23, 236.43, 95.33, 29.96, 63.18, 125.32, 62.99, 87.53, , , , , 
1/31/2020 5:02:51 PM, 3227, 9013.25, 1616.5, 321.73, 219.07, 160.53, 309.51, 170.23, 236.43, 95.33, 29.96, 63.18, 125.32, 62.99, 87.53, , , , , 
1/31/2020 5:02:54 PM, 3227, 9013.25, 1616.5, 321.73, 219.07, 160.53, 309.51, 170.23, 236.43, 95.33, 29.96, 63.18, 125.32, 62.99, 87.53, , , , , 
1/31/2020 5:02:57 PM, 3227, 9013.25, 1616.5, 321.73, 219.07, 160.53, 309.51, 170.23, 236.43, 95.33, 29.96, 63.18, 125.32, 62.99, 87.53, , , , , 
1/31/2020 5:03:00 PM, 3227, 9013.25, 1616.5, 321.73, 219.07, 160.53, 309.51, 170.23, 236.43, 95.33, 29.96, 63.18, 125.32, 62.99, 87.53, , , , , 
1/31/2020 5:03:03 PM, 3227, 9013.25, 1616.5, 321.73, 219.07, 160.53, 309.51, 170.23, 236.43, 95.33, 29.96, 63.18, 125.32, 62.99, 87.53, , , , , 
1/31/2020 5:03:06 PM, 3227, 9013.25, 1616.5, 321.73, 219.07, 160.53, 309.51, 170.23, 236.43, 95.33, 29.96, 63.18, 125.32, 62.99, 87.53, , , , , 
1/31/2020 5:03:09 PM, 3227, 9013.25, 1616.5, 321.73, 219.07, 160.53, 309.51, 170.23, 236.43, 95.33, 29.96, 63.18, 125.32, 62.99, 87.53, , , , , 
1/31/2020 5:03:12 PM, 3227, 9013.25, 1616.5, 321.73, 219.07, 160.53, 309.51, 170.23, 236.43, 95.33, 29.96, 63.18, 125.32, 62.99, 87.53, , , , , 
1/31/2020 5:03:15 PM, 3227, 9013.25, 1616.5, 321.73, 219.07, 160.53, 309.51, 170.23, 236.43, 95.33, 29.96, 63.18, 125.32, 62.99, 87.53, , , , , 
1/31/2020 5:03:18 PM, 3227, 9013.25, 1616.5, 321.73, 219.07, 160.53, 309.51, 170.23, 236.43, 95.33, 29.96, 63.18, 125.32, 62.99, 87.53, , , , , 
1/31/2020 5:03:21 PM, 3227, 9013.25, 1616.5, 321.73, 219.07, 160.53, 309.51, 170.23, 236.43, 95.33, 29.96, 63.18, 125.32, 62.99, 87.53, , , , , 
1/31/2020 5:03:24 PM, 3227, 9013.25, 1616.5, 321.73, 219.07, 160.53, 309.51, 170.23, 236.43, 95.33, 29.96, 63.18, 125.32, 62.99, 87.53, , , , , 
1/31/2020 5:03:27 PM, 3227, 9013.25, 1616.5, 321.73, 219.07, 160.53, 309.51, 170.23, 236.43, 95.33, 29.96, 63.18, 125.32, 62.99, 87.53, , , , , 
1/31/2020 5:03:30 PM, 3227, 9013.25, 1616.5, 321.73, 219.07, 160.53, 309.51, 170.23, 236.43, 95.33, 29.96, 63.18, 125.32, 62.99, 87.53, , , , , 
1/31/2020 5:03:33 PM, 3227, 9013.25, 1616.5, 321.73, 219.07, 160.53, 309.51, 170.23, 236.43, 95.33, 29.96, 63.18, 125.32, 62.99, 87.53, , , , , 
1/31/2020 5:03:36 PM, 3227, 9013.25, 1616.5, 321.73, 219.07, 160.53, 309.51, 170.23, 236.43, 95.33, 29.96, 63.18, 125.32, 62.99, 87.53, , , , , 
1/31/2020 5:03:39 PM, 3227, 9013.25, 1616.5, 321.73, 219.07, 160.53, 309.51, 170.23, 236.43, 95.33, 29.96, 63.18, 125.32, 62.99, 87.53, , , , , 
1/31/2020 5:03:42 PM, 3227, 9013.25, 1616.5, 321.73, 219.07, 160.53, 309.51, 170.23, 236.43, 95.33, 29.96, 63.18, 125.32, 62.99, 87.53, , , , , 
1/31/2020 5:03:45 PM, 3227, 9013.25, 1616.5, 321.73, 219.07, 160.53, 309.51, 170.23, 236.43, 95.33, 29.96, 63.18, 125.32, 62.99, 87.53, , , , , 
1/31/2020 5:03:48 PM, 3227, 9013.25, 1616.5, 321.73, 219.07, 160.53, 309.51, 170.23, 236.43, 95.33, 29.96, 63.18, 125.32, 62.99, 87.53, , , , , 
1/31/2020 5:03:51 PM, 3227, 9013.25, 1616.5, 321.73, 219.07, 160.53, 309.51, 170.23, 236.43, 95.33, 29.96, 63.18, 125.32, 62.99, 87.53, , , , , 
1/31/2020 5:03:54 PM, 3227, 9013.25, 1616.5, 321.73, 219.07, 160.53, 309.51, 170.23, 236.43, 95.33, 29.96, 63.18, 125.32, 62.99, 87.53, , , , , 
1/31/2020 5:03:57 PM, 3227, 9013.25, 1616.5, 321.73, 219.07, 160.53, 309.51, 170.23, 236.43, 95.33, 29.96, 63.18, 125.32, 62.99, 87.53, , , , , 
1/31/2020 5:04:00 PM, 3227, 9013.25, 1616.5, 321.73, 219.07, 160.53, 309.51, 170.23, 236.43, 95.33, 29.96, 63.18, 125.32, 62.99, 87.53, , , , , 
1/31/2020 5:04:03 PM, 3227, 9013.25, 1616.5, 321.73, 219.07, 160.53, 309.51, 170.23, 236.43, 95.33, 29.96, 63.18, 125.32, 62.99, 87.53, , , , , 
1/31/2020 5:04:06 PM, 3227, 9013.25, 1616.5, 321.73, 219.07, 160.53, 309.51, 170.23, 236.43, 95.33, 29.96, 63.18, 125.32, 62.99, 87.53, , , , , 
1/31/2020 5:04:09 PM, 3227, 9013.25, 1616.5, 321.73, 219.07, 160.53, 309.51, 170.23, 236.43, 95.33, 29.96, 63.18, 125.32, 62.99, 87.53, , , , , 
1/31/2020 5:04:12 PM, 3227, 9013.25, 1616.5, 321.73, 219.07, 160.53, 309.51, 170.23, 236.43, 95.33, 29.96, 63.18, 125.32, 62.99, 87.53, , , , , 
1/31/2020 5:04:15 PM, 3227, 9013.25, 1616.5, 321.73, 219.07, 160.53, 309.51, 170.23, 236.43, 95.33, 29.96, 63.18, 125.32, 62.99, 87.53, , , , , 
1/31/2020 5:04:18 PM, 3227, 9013.25, 1616.5, 321.73, 219.07, 160.53, 309.51, 170.23, 236.43, 95.33, 29.96, 63.18, 125.32, 62.99, 87.53, , , , , 
1/31/2020 5:04:21 PM, 3227, 9013.25, 1616.5, 321.73, 219.07, 160.53, 309.51, 170.23, 236.43, 95.33, 29.96, 63.18, 125.32, 62.99, 87.53, , , , , 
1/31/2020 5:04:24 PM, 3227, 9013.25, 1616.5, 321.73, 219.07, 160.53, 309.51, 170.23, 236.43, 95.33, 29.96, 63.18, 125.32, 62.99, 87.53, , , , , 
1/31/2020 5:04:27 PM, 3227, 9013.25, 1616.5, 321.73, 219.07, 160.53, 309.51, 170.23, 236.43, 95.33, 29.96, 63.18, 125.32, 62.99, 87.53, , , , , 
1/31/2020 5:04:30 PM, 3227, 9013.25, 1616.5, 321.73, 219.07, 160.53, 309.51, 170.23, 236.43, 95.33, 29.96, 63.18, 125.32, 62.99, 87.53, , , , , 
1/31/2020 5:04:33 PM, 3227, 9013.25, 1616.5, 321.73, 219.07, 160.53, 309.51, 170.23, 236.43, 95.33, 29.96, 63.18, 125.32, 62.99, 87.53, , , , , 
1/31/2020 5:04:37 PM, 3227, 9013.25, 1616.5, 321.73, 219.07, 160.53, 309.51, 170.23, 236.43, 95.33, 29.96, 63.18, 125.32, 62.99, 87.53, , , , , 
1/31/2020 5:04:40 PM, 3227, 9013.25, 1616.5, 321.73, 219.07, 160.53, 309.51, 170.23, 236.43, 95.33, 29.96, 63.18, 125.32, 62.99, 87.53, , , , , 
1/31/2020 5:04:43 PM, 3227, 9013.25, 1616.5, 321.73, 219.07, 160.53, 309.51, 170.23, 236.43, 95.33, 29.96, 63.18, 125.32, 62.99, 87.53, , , , , 
1/31/2020 5:04:46 PM, 3227, 9013.25, 1616.5, 321.73, 219.07, 160.53, 309.51, 170.23, 236.43, 95.33, 29.96, 63.18, 125.32, 62.99, 87.53, , , , , 
1/31/2020 5:04:49 PM, 3227, 9013.25, 1616.5, 321.73, 219.07, 160.53, 309.51, 170.23, 236.43, 95.33, 29.96, 63.18, 125.32, 62.99, 87.53, , , , , 
1/31/2020 5:04:52 PM, 3227, 9013.25, 1616.5, 321.73, 219.07, 160.53, 309.51, 170.23, 236.43, 95.33, 29.96, 63.18, 125.32, 62.99, 87.53, , , , , 
1/31/2020 5:04:55 PM, 3227, 9013.25, 1616.5, 321.73, 219.07, 160.53, 309.51, 170.23, 236.43, 95.33, 29.96, 63.18, 125.32, 62.99, 87.53, , , , , 
1/31/2020 5:04:58 PM, 3227, 9013.25, 1616.5, 321.73, 219.07, 160.53, 309.51, 170.23, 236.43, 95.33, 29.96, 63.18, 125.32, 62.99, 87.53, , , , , 
1/31/2020 5:05:01 PM, 3227, 9013.25, 1616.5, 321.73, 219.07, 160.53, 309.51, 170.23, 236.43, 95.33, 29.96, 63.18, 125.32, 62.99, 87.53, , , , , 
1/31/2020 5:05:04 PM, 3227, 9013.25, 1616.5, 321.73, 219.07, 160.53, 309.51, 170.23, 236.43, 95.33, 29.96, 63.18, 125.32, 62.99, 87.53, , , , , 
1/31/2020 5:05:07 PM, 3227, 9013.25, 1616.5, 321.73, 219.07, 160.53, 309.51, 170.23, 236.43, 95.33, 29.96, 63.18, 125.32, 62.99, 87.53, , , , , 
1/31/2020 5:05:10 PM, 3227, 9013.25, 1616.5, 321.73, 219.07, 160.53, 309.51, 170.23, 236.43, 95.33, 29.96, 63.18, 125.32, 62.99, 87.53, , , , , 
1/31/2020 5:05:13 PM, 3227, 9013.25, 1616.5, 321.73, 219.07, 160.53, 309.51, 170.23, 236.43, 95.33, 29.96, 63.18, 125.32, 62.99, 87.53, , , , , 
1/31/2020 5:05:16 PM, 3227, 9013.25, 1616.5, 321.73, 219.07, 160.53, 309.51, 170.23, 236.43, 95.33, 29.96, 63.18, 125.32, 62.99, 87.53, , , , , 
1/31/2020 5:05:19 PM, 3227, 9013.25, 1616.5, 321.73, 219.07, 160.53, 309.51, 170.23, 236.43, 95.33, 29.96, 63.18, 125.32, 62.99, 87.53, , , , , 
1/31/2020 5:05:22 PM, 3227, 9013.25, 1616.5, 321.73, 219.07, 160.53, 309.51, 170.23, 236.43, 95.33, 29.96, 63.18, 125.32, 62.99, 87.53, , , , , 
1/31/2020 5:05:25 PM, 3227, 9013.25, 1616.5, 321.73, 219.07, 160.53, 309.51, 170.23, 236.43, 95.33, 29.96, 63.18, 125.32, 62.99, 87.53, , , , , 
1/31/2020 5:05:28 PM, 3227, 9013.25, 1616.5, 321.73, 219.07, 160.53, 309.51, 170.23, 236.43, 95.33, 29.96, 63.18, 125.32, 62.99, 87.53, , , , , 
1/31/2020 5:05:31 PM, 3227, 9013.25, 1616.5, 321.73, 219.07, 160.53, 309.51, 170.23, 236.43, 95.33, 29.96, 63.18, 125.32, 62.99, 87.53, , , , , 
1/31/2020 5:05:34 PM, 3227, 9013.25, 1616.5, 321.73, 219.07, 160.53, 309.51, 170.23, 236.43, 95.33, 29.96, 63.18, 125.32, 62.99, 87.53, , , , , 
1/31/2020 5:05:37 PM, 3227, 9013.25, 1616.5, 321.73, 219.07, 160.53, 309.51, 170.23, 236.43, 95.33, 29.96, 63.18, 125.32, 62.99, 87.53, , , , , 
1/31/2020 5:05:40 PM, 3227, 9013.25, 1616.5, 321.73, 219.07, 160.53, 309.51, 170.23, 236.43, 95.33, 29.96, 63.18, 125.32, 62.99, 87.53, , , , , 
1/31/2020 5:05:43 PM, 3227, 9013.25, 1616.5, 321.73, 219.07, 160.53, 309.51, 170.23, 236.43, 95.33, 29.96, 63.18, 125.32, 62.99, 87.53, , , , , 
1/31/2020 5:05:46 PM, 3227, 9013.25, 1616.5, 321.73, 219.07, 160.53, 309.51, 170.23, 236.43, 95.33, 29.96, 63.18, 125.32, 62.99, 87.53, , , , , 
1/31/2020 5:05:49 PM, 3227, 9013.25, 1616.5, 321.73, 219.07, 160.53, 309.51, 170.23, 236.43, 95.33, 29.96, 63.18, 125.32, 62.99, 87.53, , , , , 
1/31/2020 5:05:52 PM, 3227, 9013.25, 1616.5, 321.73, 219.07, 160.53, 309.51, 170.23, 236.43, 95.33, 29.96, 63.18, 125.32, 62.99, 87.53, , , , , 
1/31/2020 5:05:55 PM, 3227, 9013.25, 1616.5, 321.73, 219.07, 160.53, 309.51, 170.23, 236.43, 95.33, 29.96, 63.18, 125.32, 62.99, 87.53, , , , , 
1/31/2020 5:05:58 PM, 3227, 9013.25, 1616.5, 321.73, 219.07, 160.53, 309.51, 170.23, 236.43, 95.33, 29.96, 63.18, 125.32, 62.99, 87.53, , , , , 
1/31/2020 5:06:01 PM, 3227, 9013.25, 1616.5, 321.73, 219.07, 160.53, 309.51, 170.23, 236.43, 95.33, 29.96, 63.18, 125.32, 62.99, 87.53, , , , , 
1/31/2020 5:06:04 PM, 3227, 9013.25, 1616.5, 321.73, 219.07, 160.53, 309.51, 170.23, 236.43, 95.33, 29.96, 63.18, 125.32, 62.99, 87.53, , , , , 
1/31/2020 5:06:07 PM, 3227, 9013.25, 1616.5, 321.73, 219.07, 160.53, 309.51, 170.23, 236.43, 95.33, 29.96, 63.18, 125.32, 62.99, 87.53, , , , , 
1/31/2020 5:06:10 PM, 3227, 9013.25, 1616.5, 321.73, 219.07, 160.53, 309.51, 170.23, 236.43, 95.33, 29.96, 63.18, 125.32, 62.99, 87.53, , , , , 
1/31/2020 5:06:13 PM, 3227, 9013.25, 1616.5, 321.73, 219.07, 160.53, 309.51, 170.23, 236.43, 95.33, 29.96, 63.18, 125.32, 62.99, 87.53, , , , , 
1/31/2020 5:06:16 PM, 3227, 9013.25, 1616.5, 321.73, 219.07, 160.53, 309.51, 170.23, 236.43, 95.33, 29.96, 63.18, 125.32, 62.99, 87.53, , , , , 
1/31/2020 5:06:19 PM, 3227, 9013.25, 1616.5, 321.73, 219.07, 160.53, 309.51, 170.23, 236.43, 95.33, 29.96, 63.18, 125.32, 62.99, 87.53, , , , , 
1/31/2020 5:06:22 PM, 3227, 9013.25, 1616.5, 321.73, 219.07, 160.53, 309.51, 170.23, 236.43, 95.33, 29.96, 63.18, 125.32, 62.99, 87.53, , , , , 
1/31/2020 5:06:25 PM, 3227, 9013.25, 1616.5, 321.73, 219.07, 160.53, 309.51, 170.23, 236.43, 95.33, 29.96, 63.18, 125.32, 62.99, 87.53, , , , , 
1/31/2020 5:06:28 PM, 3227, 9013.25, 1616.5, 321.73, 219.07, 160.53, 309.51, 170.23, 236.43, 95.33, 29.96, 63.18, 125.32, 62.99, 87.53, , , , , 
1/31/2020 5:06:31 PM, 3227, 9013.25, 1616.5, 321.73, 219.07, 160.53, 309.51, 170.23, 236.43, 95.33, 29.96, 63.18, 125.32, 62.99, 87.53, , , , , 
1/31/2020 5:06:34 PM, 3227, 9013.25, 1616.5, 321.73, 219.07, 160.53, 309.51, 170.23, 236.43, 95.33, 29.96, 63.18, 125.32, 62.99, 87.53, , , , , 
1/31/2020 5:06:37 PM, 3227, 9013.25, 1616.5, 321.73, 219.07, 160.53, 309.51, 170.23, 236.43, 95.33, 29.96, 63.18, 125.32, 62.99, 87.53, , , , , 
1/31/2020 5:06:40 PM, 3227, 9013.25, 1616.5, 321.73, 219.07, 160.53, 309.51, 170.23, 236.43, 95.33, 29.96, 63.18, 125.32, 62.99, 87.53, , , , , 
1/31/2020 5:06:43 PM, 3227, 9013.25, 1616.5, 321.73, 219.07, 160.53, 309.51, 170.23, 236.43, 95.33, 29.96, 63.18, 125.32, 62.99, 87.53, , , , , 
1/31/2020 5:06:46 PM, 3227, 9013.25, 1616.5, 321.73, 219.07, 160.53, 309.51, 170.23, 236.43, 95.33, 29.96, 63.18, 125.32, 62.99, 87.53, , , , , 
1/31/2020 5:06:49 PM, 3227, 9013.25, 1616.5, 321.73, 219.07, 160.53, 309.51, 170.23, 236.43, 95.33, 29.96, 63.18, 125.32, 62.99, 87.53, , , , , 
1/31/2020 5:06:52 PM, 3227, 9013.25, 1616.5, 321.73, 219.07, 160.53, 309.51, 170.23, 236.43, 95.33, 29.96, 63.18, 125.32, 62.99, 87.53, , , , , 
1/31/2020 5:06:55 PM, 3227, 9013.25, 1616.5, 321.73, 219.07, 160.53, 309.51, 170.23, 236.43, 95.33, 29.96, 63.18, 125.32, 62.99, 87.53, , , , , 
1/31/2020 5:06:58 PM, 3227, 9013.25, 1616.5, 321.73, 219.07, 160.53, 309.51, 170.23, 236.43, 95.33, 29.96, 63.18, 125.32, 62.99, 87.53, , , , , 
1/31/2020 5:07:02 PM, 3227, 9013.25, 1616.5, 321.73, 219.07, 160.53, 309.51, 170.23, 236.43, 95.33, 29.96, 63.18, 125.32, 62.99, 87.53, , , , , 
1/31/2020 5:07:05 PM, 3227, 9013.25, 1616.5, 321.73, 219.07, 160.53, 309.51, 170.23, 236.43, 95.33, 29.96, 63.18, 125.32, 62.99, 87.53, , , , , 
1/31/2020 5:07:08 PM, 3227, 9013.25, 1616.5, 321.73, 219.07, 160.53, 309.51, 170.23, 236.43, 95.33, 29.96, 63.18, 125.32, 62.99, 87.53, , , , , 
1/31/2020 5:07:11 PM, 3227, 9013.25, 1616.5, 321.73, 219.07, 160.53, 309.51, 170.23, 236.43, 95.33, 29.96, 63.18, 125.32, 62.99, 87.53, , , , , 
1/31/2020 5:07:14 PM, 3227, 9013.25, 1616.5, 321.73, 219.07, 160.53, 309.51, 170.23, 236.43, 95.33, 29.96, 63.18, 125.32, 62.99, 87.53, , , , , 
1/31/2020 5:07:17 PM, 3227, 9013.25, 1616.5, 321.73, 219.07, 160.53, 309.51, 170.23, 236.43, 95.33, 29.96, 63.18, 125.32, 62.99, 87.53, , , , , 
1/31/2020 5:07:20 PM, 3227, 9013.25, 1616.5, 321.73, 219.07, 160.53, 309.51, 170.23, 236.43, 95.33, 29.96, 63.18, 125.32, 62.99, 87.53, , , , , 
1/31/2020 5:07:23 PM, 3227, 9013.25, 1616.5, 321.73, 219.07, 160.53, 309.51, 170.23, 236.43, 95.33, 29.96, 63.18, 125.32, 62.99, 87.53, , , , , 
1/31/2020 5:07:26 PM, 3227, 9013.25, 1616.5, 321.73, 219.07, 160.53, 309.51, 170.23, 236.43, 95.33, 29.96, 63.18, 125.32, 62.99, 87.53, , , , , 
1/31/2020 5:07:29 PM, 3227, 9013.25, 1616.5, 321.73, 219.07, 160.53, 309.51, 170.23, 236.43, 95.33, 29.96, 63.18, 125.32, 62.99, 87.53, , , , , 
1/31/2020 5:07:32 PM, 3227, 9013.25, 1616.5, 321.73, 219.07, 160.53, 309.51, 170.23, 236.43, 95.33, 29.96, 63.18, 125.32, 62.99, 87.53, , , , , 
1/31/2020 5:07:35 PM, 3227, 9013.25, 1616.5, 321.73, 219.07, 160.53, 309.51, 170.23, 236.43, 95.33, 29.96, 63.18, 125.32, 62.99, 87.53, , , , , 
1/31/2020 5:07:38 PM, 3227, 9013.25, 1616.5, 321.73, 219.07, 160.53, 309.51, 170.23, 236.43, 95.33, 29.96, 63.18, 125.32, 62.99, 87.53, , , , , 
1/31/2020 5:07:41 PM, 3227, 9013.25, 1616.5, 321.73, 219.07, 160.53, 309.51, 170.23, 236.43, 95.33, 29.96, 63.18, 125.32, 62.99, 87.53, , , , , 
1/31/2020 5:07:44 PM, 3227, 9013.25, 1616.5, 321.73, 219.07, 160.53, 309.51, 170.23, 236.43, 95.33, 29.96, 63.18, 125.32, 62.99, 87.53, , , , , 
1/31/2020 5:07:47 PM, 3227, 9013.25, 1616.5, 321.73, 219.07, 160.53, 309.51, 170.23, 236.43, 95.33, 29.96, 63.18, 125.32, 62.99, 87.53, , , , , 
1/31/2020 5:07:50 PM, 3227, 9013.25, 1616.5, 321.73, 219.07, 160.53, 309.51, 170.23, 236.43, 95.33, 29.96, 63.18, 125.32, 62.99, 87.53, , , , , 
1/31/2020 5:07:53 PM, 3227, 9013.25, 1616.5, 321.73, 219.07, 160.53, 309.51, 170.23, 236.43, 95.33, 29.96, 63.18, 125.32, 62.99, 87.53, , , , , 
1/31/2020 5:07:56 PM, 3227, 9013.25, 1616.5, 321.73, 219.07, 160.53, 309.51, 170.23, 236.43, 95.33, 29.96, 63.18, 125.32, 62.99, 87.53, , , , , 
1/31/2020 5:07:59 PM, 3227, 9013.25, 1616.5, 321.73, 219.07, 160.53, 309.51, 170.23, 236.43, 95.33, 29.96, 63.18, 125.32, 62.99, 87.53, , , , , 
1/31/2020 5:08:02 PM, 3227, 9013.25, 1616.5, 321.73, 219.07, 160.53, 309.51, 170.23, 236.43, 95.33, 29.96, 63.18, 125.32, 62.99, 87.53, , , , , 
1/31/2020 5:08:05 PM, 3227, 9013.25, 1616.5, 321.73, 219.07, 160.53, 309.51, 170.23, 236.43, 95.33, 29.96, 63.18, 125.32, 62.99, 87.53, , , , , 
1/31/2020 5:08:08 PM, 3227, 9013.25, 1616.5, 321.73, 219.07, 160.53, 309.51, 170.23, 236.43, 95.33, 29.96, 63.18, 125.32, 62.99, 87.53, , , , , 
1/31/2020 5:08:11 PM, 3227, 9013.25, 1616.5, 321.73, 219.07, 160.53, 309.51, 170.23, 236.43, 95.33, 29.96, 63.18, 125.32, 62.99, 87.53, , , , , 
1/31/2020 5:08:14 PM, 3227, 9013.25, 1616.5, 321.73, 219.07, 160.53, 309.51, 170.23, 236.43, 95.33, 29.96, 63.18, 125.32, 62.99, 87.53, , , , , 
1/31/2020 5:08:17 PM, 3227, 9013.25, 1616.5, 321.73, 219.07, 160.53, 309.51, 170.23, 236.43, 95.33, 29.96, 63.18, 125.32, 62.99, 87.53, , , , , 
1/31/2020 5:08:20 PM, 3227, 9013.25, 1616.5, 321.73, 219.07, 160.53, 309.51, 170.23, 236.43, 95.33, 29.96, 63.18, 125.32, 62.99, 87.53, , , , , 
1/31/2020 5:08:23 PM, 3227, 9013.25, 1616.5, 321.73, 219.07, 160.53, 309.51, 170.23, 236.43, 95.33, 29.96, 63.18, 125.32, 62.99, 87.53, , , , , 
1/31/2020 5:08:26 PM, 3227, 9013.25, 1616.5, 321.73, 219.07, 160.53, 309.51, 170.23, 236.43, 95.33, 29.96, 63.18, 125.32, 62.99, 87.53, , , , , 
1/31/2020 5:08:29 PM, 3227, 9013.25, 1616.5, 321.73, 219.07, 160.53, 309.51, 170.23, 236.43, 95.33, 29.96, 63.18, 125.32, 62.99, 87.53, , , , , 
1/31/2020 5:08:32 PM, 3227, 9013.25, 1616.5, 321.73, 219.07, 160.53, 309.51, 170.23, 236.43, 95.33, 29.96, 63.18, 125.32, 62.99, 87.53, , , , , 
1/31/2020 5:08:35 PM, 3227, 9013.25, 1616.5, 321.73, 219.07, 160.53, 309.51, 170.23, 236.43, 95.33, 29.96, 63.18, 125.32, 62.99, 87.53, , , , , 
1/31/2020 5:08:38 PM, 3227, 9013.25, 1616.5, 321.73, 219.07, 160.53, 309.51, 170.23, 236.43, 95.33, 29.96, 63.18, 125.32, 62.99, 87.53, , , , , 
1/31/2020 5:08:41 PM, 3227, 9013.25, 1616.5, 321.73, 219.07, 160.53, 309.51, 170.23, 236.43, 95.33, 29.96, 63.18, 125.32, 62.99, 87.53, , , , , 
1/31/2020 5:08:44 PM, 3227, 9013.25, 1616.5, 321.73, 219.07, 160.53, 309.51, 170.23, 236.43, 95.33, 29.96, 63.18, 125.32, 62.99, 87.53, , , , , 
1/31/2020 5:08:47 PM, 3227, 9013.25, 1616.5, 321.73, 219.07, 160.53, 309.51, 170.23, 236.43, 95.33, 29.96, 63.18, 125.32, 62.99, 87.53, , , , , 
1/31/2020 5:08:50 PM, 3227, 9013.25, 1616.5, 321.73, 219.07, 160.53, 309.51, 170.23, 236.43, 95.33, 29.96, 63.18, 125.32, 62.99, 87.53, , , , , 
1/31/2020 5:08:53 PM, 3227, 9013.25, 1616.5, 321.73, 219.07, 160.53, 309.51, 170.23, 236.43, 95.33, 29.96, 63.18, 125.32, 62.99, 87.53, , , , , 
1/31/2020 5:08:56 PM, 3227, 9013.25, 1616.5, 321.73, 219.07, 160.53, 309.51, 170.23, 236.43, 95.33, 29.96, 63.18, 125.32, 62.99, 87.53, , , , , 
1/31/2020 5:08:59 PM, 3227, 9013.25, 1616.5, 321.73, 219.07, 160.53, 309.51, 170.23, 236.43, 95.33, 29.96, 63.18, 125.32, 62.99, 87.53, , , , , 
1/31/2020 5:09:02 PM, 3227, 9013.25, 1616.5, 321.73, 219.07, 160.53, 309.51, 170.23, 236.43, 95.33, 29.96, 63.18, 125.32, 62.99, 87.53, , , , , 
1/31/2020 5:09:05 PM, 3227, 9013.25, 1616.5, 321.73, 219.07, 160.53, 309.51, 170.23, 236.43, 95.33, 29.96, 63.18, 125.32, 62.99, 87.53, , , , , 
1/31/2020 5:09:08 PM, 3227, 9013.25, 1616.5, 321.73, 219.07, 160.53, 309.51, 170.23, 236.43, 95.33, 29.96, 63.18, 125.32, 62.99, 87.53, , , , , 
1/31/2020 5:09:11 PM, 3227, 9013.25, 1616.5, 321.73, 219.07, 160.53, 309.51, 170.23, 236.43, 95.33, 29.96, 63.18, 125.32, 62.99, 87.53, , , , , 
1/31/2020 5:09:14 PM, 3227, 9013.25, 1616.5, 321.73, 219.07, 160.53, 309.51, 170.23, 236.43, 95.33, 29.96, 63.18, 125.32, 62.99, 87.53, , , , , 
1/31/2020 5:09:17 PM, 3227, 9013.25, 1616.5, 321.73, 219.07, 160.53, 309.51, 170.23, 236.43, 95.33, 29.96, 63.18, 125.32, 62.99, 87.53, , , , , 
1/31/2020 5:09:20 PM, 3227, 9013.25, 1616.5, 321.73, 219.07, 160.53, 309.51, 170.23, 236.43, 95.33, 29.96, 63.18, 125.32, 62.99, 87.53, , , , , 
1/31/2020 5:09:23 PM, 3227, 9013.25, 1616.5, 321.73, 219.07, 160.53, 309.51, 170.23, 236.43, 95.33, 29.96, 63.18, 125.32, 62.99, 87.53, , , , , 
1/31/2020 5:09:26 PM, 3227, 9013.25, 1616.5, 321.73, 219.07, 160.53, 309.51, 170.23, 236.43, 95.33, 29.96, 63.18, 125.32, 62.99, 87.53, , , , , 
1/31/2020 5:09:29 PM, 3227, 9013.25, 1616.5, 321.73, 219.07, 160.53, 309.51, 170.23, 236.43, 95.33, 29.96, 63.18, 125.32, 62.99, 87.53, , , , , 
1/31/2020 5:09:32 PM, 3227, 9013.25, 1616.5, 321.73, 219.07, 160.53, 309.51, 170.23, 236.43, 95.33, 29.96, 63.18, 125.32, 62.99, 87.53, , , , , 
1/31/2020 5:09:35 PM, 3227, 9013.25, 1616.5, 321.73, 219.07, 160.53, 309.51, 170.23, 236.43, 95.33, 29.96, 63.18, 125.32, 62.99, 87.53, , , , , 
1/31/2020 5:09:38 PM, 3227, 9013.25, 1616.5, 321.73, 219.07, 160.53, 309.51, 170.23, 236.43, 95.33, 29.96, 63.18, 125.32, 62.99, 87.53, , , , , 
1/31/2020 5:09:42 PM, 3227, 9013.25, 1616.5, 321.73, 219.07, 160.53, 309.51, 170.23, 236.43, 95.33, 29.96, 63.18, 125.32, 62.99, 87.53, , , , , 
1/31/2020 5:09:45 PM, 3227, 9013.25, 1616.5, 321.73, 219.07, 160.53, 309.51, 170.23, 236.43, 95.33, 29.96, 63.18, 125.32, 62.99, 87.53, , , , , 
1/31/2020 5:09:48 PM, 3227, 9013.25, 1616.5, 321.73, 219.07, 160.53, 309.51, 170.23, 236.43, 95.33, 29.96, 63.18, 125.32, 62.99, 87.53, , , , , 
1/31/2020 5:09:51 PM, 3227, 9013.25, 1616.5, 321.73, 219.07, 160.53, 309.51, 170.23, 236.43, 95.33, 29.96, 63.18, 125.32, 62.99, 87.53, , , , , 
1/31/2020 5:09:54 PM, 3227, 9013.25, 1616.5, 321.73, 219.07, 160.53, 309.51, 170.23, 236.43, 95.33, 29.96, 63.18, 125.32, 62.99, 87.53, , , , , 
1/31/2020 5:09:57 PM, 3227, 9013.25, 1616.5, 321.73, 219.07, 160.53, 309.51, 170.23, 236.43, 95.33, 29.96, 63.18, 125.32, 62.99, 87.53, , , , , 
1/31/2020 5:10:00 PM, 3227, 9013.25, 1616.5, 321.73, 219.07, 160.53, 309.51, 170.23, 236.43, 95.33, 29.96, 63.18, 125.32, 62.99, 87.53, , , , , 
1/31/2020 5:10:03 PM, 3227, 9013.25, 1616.5, 321.73, 219.07, 160.53, 309.51, 170.23, 236.43, 95.33, 29.96, 63.18, 125.32, 62.99, 87.53, , , , , 
1/31/2020 5:10:06 PM, 3227, 9013.25, 1616.5, 321.73, 219.07, 160.53, 309.51, 170.23, 236.43, 95.33, 29.96, 63.18, 125.32, 62.99, 87.53, , , , , 
1/31/2020 5:10:09 PM, 3227, 9013.25, 1616.5, 321.73, 219.07, 160.53, 309.51, 170.23, 236.43, 95.33, 29.96, 63.18, 125.32, 62.99, 87.53, , , , , 
1/31/2020 5:10:12 PM, 3227, 9013.25, 1616.5, 321.73, 219.07, 160.53, 309.51, 170.23, 236.43, 95.33, 29.96, 63.18, 125.32, 62.99, 87.53, , , , , 
1/31/2020 5:10:15 PM, 3227, 9013.25, 1616.5, 321.73, 219.07, 160.53, 309.51, 170.23, 236.43, 95.33, 29.96, 63.18, 125.32, 62.99, 87.53, , , , , 
1/31/2020 5:10:18 PM, 3227, 9013.25, 1616.5, 321.73, 219.07, 160.53, 309.51, 170.23, 236.43, 95.33, 29.96, 63.18, 125.32, 62.99, 87.53, , , , , 
1/31/2020 5:10:21 PM, 3227, 9013.25, 1616.5, 321.73, 219.07, 160.53, 309.51, 170.23, 236.43, 95.33, 29.96, 63.18, 125.32, 62.99, 87.53, , , , , 
1/31/2020 5:10:24 PM, 3227, 9013.25, 1616.5, 321.73, 219.07, 160.53, 309.51, 170.23, 236.43, 95.33, 29.96, 63.18, 125.32, 62.99, 87.53, , , , , 
1/31/2020 5:10:27 PM, 3227, 9013.25, 1616.5, 321.73, 219.07, 160.53, 309.51, 170.23, 236.43, 95.33, 29.96, 63.18, 125.32, 62.99, 87.53, , , , , 
1/31/2020 5:10:30 PM, 3227, 9013.25, 1616.5, 321.73, 219.07, 160.53, 309.51, 170.23, 236.43, 95.33, 29.96, 63.18, 125.32, 62.99, 87.53, , , , , 
1/31/2020 5:10:33 PM, 3227, 9013.25, 1616.5, 321.73, 219.07, 160.53, 309.51, 170.23, 236.43, 95.33, 29.96, 63.18, 125.32, 62.99, 87.53, , , , , 
1/31/2020 5:10:36 PM, 3227, 9013.25, 1616.5, 321.73, 219.07, 160.53, 309.51, 170.23, 236.43, 95.33, 29.96, 63.18, 125.32, 62.99, 87.53, , , , , 
1/31/2020 5:10:39 PM, 3227, 9013.25, 1616.5, 321.73, 219.07, 160.53, 309.51, 170.23, 236.43, 95.33, 29.96, 63.18, 125.32, 62.99, 87.53, , , , , 
1/31/2020 5:10:42 PM, 3227, 9013.25, 1616.5, 321.73, 219.07, 160.53, 309.51, 170.23, 236.43, 95.33, 29.96, 63.18, 125.32, 62.99, 87.53, , , , , 
1/31/2020 5:10:45 PM, 3227, 9013.25, 1616.5, 321.73, 219.07, 160.53, 309.51, 170.23, 236.43, 95.33, 29.96, 63.18, 125.32, 62.99, 87.53, , , , , 
1/31/2020 5:10:48 PM, 3227, 9013.25, 1616.5, 321.73, 219.07, 160.53, 309.51, 170.23, 236.43, 95.33, 29.96, 63.18, 125.32, 62.99, 87.53, , , , , 
1/31/2020 5:10:51 PM, 3227, 9013.25, 1616.5, 321.73, 219.07, 160.53, 309.51, 170.23, 236.43, 95.33, 29.96, 63.18, 125.32, 62.99, 87.53, , , , , 
1/31/2020 5:10:54 PM, 3227, 9013.25, 1616.5, 321.73, 219.07, 160.53, 309.51, 170.23, 236.43, 95.33, 29.96, 63.18, 125.32, 62.99, 87.53, , , , , 
1/31/2020 5:10:57 PM, 3227, 9013.25, 1616.5, 321.73, 219.07, 160.53, 309.51, 170.23, 236.43, 95.33, 29.96, 63.18, 125.32, 62.99, 87.53, , , , , 
1/31/2020 5:11:00 PM, 3227, 9013.25, 1616.5, 321.73, 219.07, 160.53, 309.51, 170.23, 236.43, 95.33, 29.96, 63.18, 125.32, 62.99, 87.53, , , , , 
1/31/2020 5:11:03 PM, 3227, 9013.25, 1616.5, 321.73, 219.07, 160.53, 309.51, 170.23, 236.43, 95.33, 29.96, 63.18, 125.32, 62.99, 87.53, , , , , 
1/31/2020 5:11:06 PM, 3227, 9013.25, 1616.5, 321.73, 219.07, 160.53, 309.51, 170.23, 236.43, 95.33, 29.96, 63.18, 125.32, 62.99, 87.53, , , , , 
1/31/2020 5:11:09 PM, 3227, 9013.25, 1616.5, 321.73, 219.07, 160.53, 309.51, 170.23, 236.43, 95.33, 29.96, 63.18, 125.32, 62.99, 87.53, , , , , 
1/31/2020 5:11:12 PM, 3227, 9013.25, 1616.5, 321.73, 219.07, 160.53, 309.51, 170.23, 236.43, 95.33, 29.96, 63.18, 125.32, 62.99, 87.53, , , , , 
1/31/2020 5:11:15 PM, 3227, 9013.25, 1616.5, 321.73, 219.07, 160.53, 309.51, 170.23, 236.43, 95.33, 29.96, 63.18, 125.32, 62.99, 87.53, , , , , 
1/31/2020 5:11:18 PM, 3227, 9013.25, 1616.5, 321.73, 219.07, 160.53, 309.51, 170.23, 236.43, 95.33, 29.96, 63.18, 125.32, 62.99, 87.53, , , , , 
1/31/2020 5:11:21 PM, 3227, 9013.25, 1616.5, 321.73, 219.07, 160.53, 309.51, 170.23, 236.43, 95.33, 29.96, 63.18, 125.32, 62.99, 87.53, , , , , 
1/31/2020 5:11:24 PM, 3227, 9013.25, 1616.5, 321.73, 219.07, 160.53, 309.51, 170.23, 236.43, 95.33, 29.96, 63.18, 125.32, 62.99, 87.53, , , , , 
1/31/2020 5:11:27 PM, 3227, 9013.25, 1616.5, 321.73, 219.07, 160.53, 309.51, 170.23, 236.43, 95.33, 29.96, 63.18, 125.32, 62.99, 87.53, , , , , 
1/31/2020 5:11:30 PM, 3227, 9013.25, 1616.5, 321.73, 219.07, 160.53, 309.51, 170.23, 236.43, 95.33, 29.96, 63.18, 125.32, 62.99, 87.53, , , , , 
1/31/2020 5:11:33 PM, 3227, 9013.25, 1616.5, 321.73, 219.07, 160.53, 309.51, 170.23, 236.43, 95.33, 29.96, 63.18, 125.32, 62.99, 87.53, , , , , 
1/31/2020 5:11:36 PM, 3227, 9013.25, 1616.5, 321.73, 219.07, 160.53, 309.51, 170.23, 236.43, 95.33, 29.96, 63.18, 125.32, 62.99, 87.53, , , , , 
1/31/2020 5:11:39 PM, 3227, 9013.25, 1616.5, 321.73, 219.07, 160.53, 309.51, 170.23, 236.43, 95.33, 29.96, 63.18, 125.32, 62.99, 87.53, , , , , 
1/31/2020 5:11:42 PM, 3227, 9013.25, 1616.5, 321.73, 219.07, 160.53, 309.51, 170.23, 236.43, 95.33, 29.96, 63.18, 125.32, 62.99, 87.53, , , , , 
1/31/2020 5:11:45 PM, 3227, 9013.25, 1616.5, 321.73, 219.07, 160.53, 309.51, 170.23, 236.43, 95.33, 29.96, 63.18, 125.32, 62.99, 87.53, , , , , 
1/31/2020 5:11:48 PM, 3227, 9013.25, 1616.5, 321.73, 219.07, 160.53, 309.51, 170.23, 236.43, 95.33, 29.96, 63.18, 125.32, 62.99, 87.53, , , , , 
1/31/2020 5:11:51 PM, 3227, 9013.25, 1616.5, 321.73, 219.07, 160.53, 309.51, 170.23, 236.43, 95.33, 29.96, 63.18, 125.32, 62.99, 87.53, , , , , 
1/31/2020 5:11:54 PM, 3227, 9013.25, 1616.5, 321.73, 219.07, 160.53, 309.51, 170.23, 236.43, 95.33, 29.96, 63.18, 125.32, 62.99, 87.53, , , , , 
1/31/2020 5:11:57 PM, 3227, 9013.25, 1616.5, 321.73, 219.07, 160.53, 309.51, 170.23, 236.43, 95.33, 29.96, 63.18, 125.32, 62.99, 87.53, , , , , 
1/31/2020 5:12:00 PM, 3227, 9013.25, 1616.5, 321.73, 219.07, 160.53, 309.51, 170.23, 236.43, 95.33, 29.96, 63.18, 125.32, 62.99, 87.53, , , , , 
1/31/2020 5:12:03 PM, 3227, 9013.25, 1616.5, 321.73, 219.07, 160.53, 309.51, 170.23, 236.43, 95.33, 29.96, 63.18, 125.32, 62.99, 87.53, , , , , 
1/31/2020 5:12:06 PM, 3227, 9013.25, 1616.5, 321.73, 219.07, 160.53, 309.51, 170.23, 236.43, 95.33, 29.96, 63.18, 125.32, 62.99, 87.53, , , , , 
1/31/2020 5:12:09 PM, 3227, 9013.25, 1616.5, 321.73, 219.07, 160.53, 309.51, 170.23, 236.43, 95.33, 29.96, 63.18, 125.32, 62.99, 87.53, , , , , 
1/31/2020 5:12:12 PM, 3227, 9013.25, 1616.5, 321.73, 219.07, 160.53, 309.51, 170.23, 236.43, 95.33, 29.96, 63.18, 125.32, 62.99, 87.53, , , , , 
1/31/2020 5:12:16 PM, 3227, 9013.25, 1616.5, 321.73, 219.07, 160.53, 309.51, 170.23, 236.43, 95.33, 29.96, 63.18, 125.32, 62.99, 87.53, , , , , 
1/31/2020 5:12:19 PM, 3227, 9013.25, 1616.5, 321.73, 219.07, 160.53, 309.51, 170.23, 236.43, 95.33, 29.96, 63.18, 125.32, 62.99, 87.53, , , , , 
1/31/2020 5:12:22 PM, 3227, 9013.25, 1616.5, 321.73, 219.07, 160.53, 309.51, 170.23, 236.43, 95.33, 29.96, 63.18, 125.32, 62.99, 87.53, , , , , 
1/31/2020 5:12:25 PM, 3227, 9013.25, 1616.5, 321.73, 219.07, 160.53, 309.51, 170.23, 236.43, 95.33, 29.96, 63.18, 125.32, 62.99, 87.53, , , , , 
1/31/2020 5:12:28 PM, 3227, 9013.25, 1616.5, 321.73, 219.07, 160.53, 309.51, 170.23, 236.43, 95.33, 29.96, 63.18, 125.32, 62.99, 87.53, , , , , 
1/31/2020 5:12:31 PM, 3227, 9013.25, 1616.5, 321.73, 219.07, 160.53, 309.51, 170.23, 236.43, 95.33, 29.96, 63.18, 125.32, 62.99, 87.53, , , , , 
1/31/2020 5:12:34 PM, 3227, 9013.25, 1616.5, 321.73, 219.07, 160.53, 309.51, 170.23, 236.43, 95.33, 29.96, 63.18, 125.32, 62.99, 87.53, , , , , 
1/31/2020 5:12:37 PM, 3227, 9013.25, 1616.5, 321.73, 219.07, 160.53, 309.51, 170.23, 236.43, 95.33, 29.96, 63.18, 125.32, 62.99, 87.53, , , , , 
1/31/2020 5:12:40 PM, 3227, 9013.25, 1616.5, 321.73, 219.07, 160.53, 309.51, 170.23, 236.43, 95.33, 29.96, 63.18, 125.32, 62.99, 87.53, , , , , 
1/31/2020 5:12:43 PM, 3227, 9013.25, 1616.5, 321.73, 219.07, 160.53, 309.51, 170.23, 236.43, 95.33, 29.96, 63.18, 125.32, 62.99, 87.53, , , , , 
1/31/2020 5:12:46 PM, 3227, 9013.25, 1616.5, 321.73, 219.07, 160.53, 309.51, 170.23, 236.43, 95.33, 29.96, 63.18, 125.32, 62.99, 87.53, , , , , 
1/31/2020 5:12:49 PM, 3227, 9013.25, 1616.5, 321.73, 219.07, 160.53, 309.51, 170.23, 236.43, 95.33, 29.96, 63.18, 125.32, 62.99, 87.53, , , , , 
1/31/2020 5:12:52 PM, 3227, 9013.25, 1616.5, 321.73, 219.07, 160.53, 309.51, 170.23, 236.43, 95.33, 29.96, 63.18, 125.32, 62.99, 87.53, , , , , 
1/31/2020 5:12:55 PM, 3227, 9013.25, 1616.5, 321.73, 219.07, 160.53, 309.51, 170.23, 236.43, 95.33, 29.96, 63.18, 125.32, 62.99, 87.53, , , , , 
1/31/2020 5:12:58 PM, 3227, 9013.25, 1616.5, 321.73, 219.07, 160.53, 309.51, 170.23, 236.43, 95.33, 29.96, 63.18, 125.32, 62.99, 87.53, , , , , 
1/31/2020 5:13:01 PM, 3227, 9013.25, 1616.5, 321.73, 219.07, 160.53, 309.51, 170.23, 236.43, 95.33, 29.96, 63.18, 125.32, 62.99, 87.53, , , , , 
1/31/2020 5:13:04 PM, 3227, 9013.25, 1616.5, 321.73, 219.07, 160.53, 309.51, 170.23, 236.43, 95.33, 29.96, 63.18, 125.32, 62.99, 87.53, , , , , 
1/31/2020 5:13:07 PM, 3227, 9013.25, 1616.5, 321.73, 219.07, 160.53, 309.51, 170.23, 236.43, 95.33, 29.96, 63.18, 125.32, 62.99, 87.53, , , , , 
1/31/2020 5:13:10 PM, 3227, 9013.25, 1616.5, 321.73, 219.07, 160.53, 309.51, 170.23, 236.43, 95.33, 29.96, 63.18, 125.32, 62.99, 87.53, , , , , 
1/31/2020 5:13:13 PM, 3227, 9013.25, 1616.5, 321.73, 219.07, 160.53, 309.51, 170.23, 236.43, 95.33, 29.96, 63.18, 125.32, 62.99, 87.53, , , , , 
1/31/2020 5:13:16 PM, 3227, 9013.25, 1616.5, 321.73, 219.07, 160.53, 309.51, 170.23, 236.43, 95.33, 29.96, 63.18, 125.32, 62.99, 87.53, , , , , 
1/31/2020 5:13:19 PM, 3227, 9013.25, 1616.5, 321.73, 219.07, 160.53, 309.51, 170.23, 236.43, 95.33, 29.96, 63.18, 125.32, 62.99, 87.53, , , , , 
1/31/2020 5:13:22 PM, 3227, 9013.25, 1616.5, 321.73, 219.07, 160.53, 309.51, 170.23, 236.43, 95.33, 29.96, 63.18, 125.32, 62.99, 87.53, , , , , 
1/31/2020 5:13:25 PM, 3227, 9013.25, 1616.5, 321.73, 219.07, 160.53, 309.51, 170.23, 236.43, 95.33, 29.96, 63.18, 125.32, 62.99, 87.53, , , , , 
1/31/2020 5:13:28 PM, 3227, 9013.25, 1616.5, 321.73, 219.07, 160.53, 309.51, 170.23, 236.43, 95.33, 29.96, 63.18, 125.32, 62.99, 87.53, , , , , 
1/31/2020 5:13:31 PM, 3227, 9013.25, 1616.5, 321.73, 219.07, 160.53, 309.51, 170.23, 236.43, 95.33, 29.96, 63.18, 125.32, 62.99, 87.53, , , , , 
1/31/2020 5:13:34 PM, 3227, 9013.25, 1616.5, 321.73, 219.07, 160.53, 309.51, 170.23, 236.43, 95.33, 29.96, 63.18, 125.32, 62.99, 87.53, , , , , 
1/31/2020 5:13:37 PM, 3227, 9013.25, 1616.5, 321.73, 219.07, 160.53, 309.51, 170.23, 236.43, 95.33, 29.96, 63.18, 125.32, 62.99, 87.53, , , , , 
1/31/2020 5:13:40 PM, 3227, 9013.25, 1616.5, 321.73, 219.07, 160.53, 309.51, 170.23, 236.43, 95.33, 29.96, 63.18, 125.32, 62.99, 87.53, , , , , 
1/31/2020 5:13:43 PM, 3227, 9013.25, 1616.5, 321.73, 219.07, 160.53, 309.51, 170.23, 236.43, 95.33, 29.96, 63.18, 125.32, 62.99, 87.53, , , , , 
1/31/2020 5:13:46 PM, 3227, 9013.25, 1616.5, 321.73, 219.07, 160.53, 309.51, 170.23, 236.43, 95.33, 29.96, 63.18, 125.32, 62.99, 87.53, , , , , 
1/31/2020 5:13:49 PM, 3227, 9013.25, 1616.5, 321.73, 219.07, 160.53, 309.51, 170.23, 236.43, 95.33, 29.96, 63.18, 125.32, 62.99, 87.53, , , , , 
1/31/2020 5:13:52 PM, 3227, 9013.25, 1616.5, 321.73, 219.07, 160.53, 309.51, 170.23, 236.43, 95.33, 29.96, 63.18, 125.32, 62.99, 87.53, , , , , 
1/31/2020 5:13:55 PM, 3227, 9013.25, 1616.5, 321.73, 219.07, 160.53, 309.51, 170.23, 236.43, 95.33, 29.96, 63.18, 125.32, 62.99, 87.53, , , , , 
1/31/2020 5:13:58 PM, 3227, 9013.25, 1616.5, 321.73, 219.07, 160.53, 309.51, 170.23, 236.43, 95.33, 29.96, 63.18, 125.32, 62.99, 87.53, , , , , 
1/31/2020 5:14:01 PM, 3227, 9013.25, 1616.5, 321.73, 219.07, 160.53, 309.51, 170.23, 236.43, 95.33, 29.96, 63.18, 125.32, 62.99, 87.53, , , , , 
1/31/2020 5:14:04 PM, 3227, 9013.25, 1616.5, 321.73, 219.07, 160.53, 309.51, 170.23, 236.43, 95.33, 29.96, 63.18, 125.32, 62.99, 87.53, , , , , 
1/31/2020 5:14:07 PM, 3227, 9013.25, 1616.5, 321.73, 219.07, 160.53, 309.51, 170.23, 236.43, 95.33, 29.96, 63.18, 125.32, 62.99, 87.53, , , , , 
1/31/2020 5:14:10 PM, 3227, 9013.25, 1616.5, 321.73, 219.07, 160.53, 309.51, 170.23, 236.43, 95.33, 29.96, 63.18, 125.32, 62.99, 87.53, , , , , 
1/31/2020 5:14:13 PM, 3227, 9013.25, 1616.5, 321.73, 219.07, 160.53, 309.51, 170.23, 236.43, 95.33, 29.96, 63.18, 125.32, 62.99, 87.53, , , , , 
1/31/2020 5:14:16 PM, 3227, 9013.25, 1616.5, 321.73, 219.07, 160.53, 309.51, 170.23, 236.43, 95.33, 29.96, 63.18, 125.32, 62.99, 87.53, , , , , 
1/31/2020 5:14:19 PM, 3227, 9013.25, 1616.5, 321.73, 219.07, 160.53, 309.51, 170.23, 236.43, 95.33, 29.96, 63.18, 125.32, 62.99, 87.53, , , , , 
1/31/2020 5:14:22 PM, 3227, 9013.25, 1616.5, 321.73, 219.07, 160.53, 309.51, 170.23, 236.43, 95.33, 29.96, 63.18, 125.32, 62.99, 87.53, , , , , 
1/31/2020 5:14:25 PM, 3227, 9013.25, 1616.5, 321.73, 219.07, 160.53, 309.51, 170.23, 236.43, 95.33, 29.96, 63.18, 125.32, 62.99, 87.53, , , , , 
1/31/2020 5:14:28 PM, 3227, 9013.25, 1616.5, 321.73, 219.07, 160.53, 309.51, 170.23, 236.43, 95.33, 29.96, 63.18, 125.32, 62.99, 87.53, , , , , 
1/31/2020 5:14:31 PM, 3227, 9013.25, 1616.5, 321.73, 219.07, 160.53, 309.51, 170.23, 236.43, 95.33, 29.96, 63.18, 125.32, 62.99, 87.53, , , , , 
1/31/2020 5:14:34 PM, 3227, 9013.25, 1616.5, 321.73, 219.07, 160.53, 309.51, 170.23, 236.43, 95.33, 29.96, 63.18, 125.32, 62.99, 87.53, , , , , 
1/31/2020 5:14:37 PM, 3227, 9013.25, 1616.5, 321.73, 219.07, 160.53, 309.51, 170.23, 236.43, 95.33, 29.96, 63.18, 125.32, 62.99, 87.53, , , , , 
1/31/2020 5:14:40 PM, 3227, 9013.25, 1616.5, 321.73, 219.07, 160.53, 309.51, 170.23, 236.43, 95.33, 29.96, 63.18, 125.32, 62.99, 87.53, , , , , 
1/31/2020 5:14:43 PM, 3227, 9013.25, 1616.5, 321.73, 219.07, 160.53, 309.51, 170.23, 236.43, 95.33, 29.96, 63.18, 125.32, 62.99, 87.53, , , , , 
1/31/2020 5:14:46 PM, 3227, 9013.25, 1616.5, 321.73, 219.07, 160.53, 309.51, 170.23, 236.43, 95.33, 29.96, 63.18, 125.32, 62.99, 87.53, , , , , 
1/31/2020 5:14:49 PM, 3227, 9013.25, 1616.5, 321.73, 219.07, 160.53, 309.51, 170.23, 236.43, 95.33, 29.96, 63.18, 125.32, 62.99, 87.53, , , , , 
1/31/2020 5:14:53 PM, 3227, 9013.25, 1616.5, 321.73, 219.07, 160.53, 309.51, 170.23, 236.43, 95.33, 29.96, 63.18, 125.32, 62.99, 87.53, , , , , 
1/31/2020 5:14:56 PM, 3227, 9013.25, 1616.5, 321.73, 219.07, 160.53, 309.51, 170.23, 236.43, 95.33, 29.96, 63.18, 125.32, 62.99, 87.53, , , , , 
1/31/2020 5:14:59 PM, 3227, 9013.25, 1616.5, 321.73, 219.07, 160.53, 309.51, 170.23, 236.43, 95.33, 29.96, 63.18, 125.32, 62.99, 87.53, , , , , 
1/31/2020 5:15:02 PM, 3227, 9013.25, 1616.5, 321.73, 219.07, 160.53, 309.51, 170.23, 236.43, 95.33, 29.96, 63.18, 125.32, 62.99, 87.53, , , , , 
1/31/2020 5:15:05 PM, 3227, 9013.25, 1616.5, 321.73, 219.07, 160.53, 309.51, 170.23, 236.43, 95.33, 29.96, 63.18, 125.32, 62.99, 87.53, , , , , 
1/31/2020 5:15:08 PM, 3227, 9013.25, 1616.5, 321.73, 219.07, 160.53, 309.51, 170.23, 236.43, 95.33, 29.96, 63.18, 125.32, 62.99, 87.53, , , , , 
1/31/2020 5:15:11 PM, 3227, 9013.25, 1616.5, 321.73, 219.07, 160.53, 309.51, 170.23, 236.43, 95.33, 29.96, 63.18, 125.32, 62.99, 87.53, , , , , 
1/31/2020 5:15:14 PM, 3227, 9013.25, 1616.5, 321.73, 219.07, 160.53, 309.51, 170.23, 236.43, 95.33, 29.96, 63.18, 125.32, 62.99, 87.53, , , , , 
1/31/2020 5:15:17 PM, 3227, 9013.25, 1616.5, 321.73, 219.07, 160.53, 309.51, 170.23, 236.43, 95.33, 29.96, 63.18, 125.32, 62.99, 87.53, , , , , 
1/31/2020 5:15:20 PM, 3227, 9013.25, 1616.5, 321.73, 219.07, 160.53, 309.51, 170.23, 236.43, 95.33, 29.96, 63.18, 125.32, 62.99, 87.53, , , , , 
1/31/2020 5:15:23 PM, 3227, 9013.25, 1616.5, 321.73, 219.07, 160.53, 309.51, 170.23, 236.43, 95.33, 29.96, 63.18, 125.32, 62.99, 87.53, , , , , 
1/31/2020 5:15:26 PM, 3227, 9013.25, 1616.5, 321.73, 219.07, 160.53, 309.51, 170.23, 236.43, 95.33, 29.96, 63.18, 125.32, 62.99, 87.53, , , , , 
1/31/2020 5:15:29 PM, 3227, 9013.25, 1616.5, 321.73, 219.07, 160.53, 309.51, 170.23, 236.43, 95.33, 29.96, 63.18, 125.32, 62.99, 87.53, , , , , 
1/31/2020 5:15:32 PM, 3227, 9013.25, 1616.5, 321.73, 219.07, 160.53, 309.51, 170.23, 236.43, 95.33, 29.96, 63.18, 125.32, 62.99, 87.53, , , , , 
1/31/2020 5:15:35 PM, 3227, 9013.25, 1616.5, 321.73, 219.07, 160.53, 309.51, 170.23, 236.43, 95.33, 29.96, 63.18, 125.32, 62.99, 87.53, , , , , 
1/31/2020 5:15:38 PM, 3227, 9013.25, 1616.5, 321.73, 219.07, 160.53, 309.51, 170.23, 236.43, 95.33, 29.96, 63.18, 125.32, 62.99, 87.53, , , , , 
1/31/2020 5:15:41 PM, 3227, 9013.25, 1616.5, 321.73, 219.07, 160.53, 309.51, 170.23, 236.43, 95.33, 29.96, 63.18, 125.32, 62.99, 87.53, , , , , 
1/31/2020 5:15:44 PM, 3227, 9013.25, 1616.5, 321.73, 219.07, 160.53, 309.51, 170.23, 236.43, 95.33, 29.96, 63.18, 125.32, 62.99, 87.53, , , , , 
1/31/2020 5:15:47 PM, 3227, 9013.25, 1616.5, 321.73, 219.07, 160.53, 309.51, 170.23, 236.43, 95.33, 29.96, 63.18, 125.32, 62.99, 87.53, , , , , 
1/31/2020 5:15:50 PM, 3227, 9013.25, 1616.5, 321.73, 219.07, 160.53, 309.51, 170.23, 236.43, 95.33, 29.96, 63.18, 125.32, 62.99, 87.53, , , , , 
1/31/2020 5:15:53 PM, 3227, 9013.25, 1616.5, 321.73, 219.07, 160.53, 309.51, 170.23, 236.43, 95.33, 29.96, 63.18, 125.32, 62.99, 87.53, , , , , 
1/31/2020 5:15:56 PM, 3227, 9013.25, 1616.5, 321.73, 219.07, 160.53, 309.51, 170.23, 236.43, 95.33, 29.96, 63.18, 125.32, 62.99, 87.53, , , , , 
1/31/2020 5:15:59 PM, 3227, 9013.25, 1616.5, 321.73, 219.07, 160.53, 309.51, 170.23, 236.43, 95.33, 29.96, 63.18, 125.32, 62.99, 87.53, , , , , 
1/31/2020 5:16:02 PM, 3227, 9013.25, 1616.5, 321.73, 219.07, 160.53, 309.51, 170.23, 236.43, 95.33, 29.96, 63.18, 125.32, 62.99, 87.53, , , , , 
1/31/2020 5:16:05 PM, 3227, 9013.25, 1616.5, 321.73, 219.07, 160.53, 309.51, 170.23, 236.43, 95.33, 29.96, 63.18, 125.32, 62.99, 87.53, , , , , 
1/31/2020 5:16:08 PM, 3227, 9013.25, 1616.5, 321.73, 219.07, 160.53, 309.51, 170.23, 236.43, 95.33, 29.96, 63.18, 125.32, 62.99, 87.53, , , , , 
1/31/2020 5:16:11 PM, 3227, 9013.25, 1616.5, 321.73, 219.07, 160.53, 309.51, 170.23, 236.43, 95.33, 29.96, 63.18, 125.32, 62.99, 87.53, , , , , 
1/31/2020 5:16:14 PM, 3227, 9013.25, 1616.5, 321.73, 219.07, 160.53, 309.51, 170.23, 236.43, 95.33, 29.96, 63.18, 125.32, 62.99, 87.53, , , , , 
1/31/2020 5:16:17 PM, 3227, 9013.25, 1616.5, 321.73, 219.07, 160.53, 309.51, 170.23, 236.43, 95.33, 29.96, 63.18, 125.32, 62.99, 87.53, , , , , 
1/31/2020 5:16:20 PM, 3227, 9013.25, 1616.5, 321.73, 219.07, 160.53, 309.51, 170.23, 236.43, 95.33, 29.96, 63.18, 125.32, 62.99, 87.53, , , , , 
1/31/2020 5:16:23 PM, 3227, 9013.25, 1616.5, 321.73, 219.07, 160.53, 309.51, 170.23, 236.43, 95.33, 29.96, 63.18, 125.32, 62.99, 87.53, , , , , 
1/31/2020 5:16:26 PM, 3227, 9013.25, 1616.5, 321.73, 219.07, 160.53, 309.51, 170.23, 236.43, 95.33, 29.96, 63.18, 125.32, 62.99, 87.53, , , , , 
1/31/2020 5:16:29 PM, 3227, 9013.25, 1616.5, 321.73, 219.07, 160.53, 309.51, 170.23, 236.43, 95.33, 29.96, 63.18, 125.32, 62.99, 87.53, , , , , 
1/31/2020 5:16:32 PM, 3227, 9013.25, 1616.5, 321.73, 219.07, 160.53, 309.51, 170.23, 236.43, 95.33, 29.96, 63.18, 125.32, 62.99, 87.53, , , , , 
1/31/2020 5:16:35 PM, 3227, 9013.25, 1616.5, 321.73, 219.07, 160.53, 309.51, 170.23, 236.43, 95.33, 29.96, 63.18, 125.32, 62.99, 87.53, , , , , 
1/31/2020 5:16:38 PM, 3227, 9013.25, 1616.5, 321.73, 219.07, 160.53, 309.51, 170.23, 236.43, 95.33, 29.96, 63.18, 125.32, 62.99, 87.53, , , , , 
1/31/2020 5:16:41 PM, 3227, 9013.25, 1616.5, 321.73, 219.07, 160.53, 309.51, 170.23, 236.43, 95.33, 29.96, 63.18, 125.32, 62.99, 87.53, , , , , 
1/31/2020 5:16:44 PM, 3227, 9013.25, 1616.5, 321.73, 219.07, 160.53, 309.51, 170.23, 236.43, 95.33, 29.96, 63.18, 125.32, 62.99, 87.53, , , , , 
1/31/2020 5:16:47 PM, 3227, 9013.25, 1616.5, 321.73, 219.07, 160.53, 309.51, 170.23, 236.43, 95.33, 29.96, 63.18, 125.32, 62.99, 87.53, , , , , 
1/31/2020 5:16:50 PM, 3227, 9013.25, 1616.5, 321.73, 219.07, 160.53, 309.51, 170.23, 236.43, 95.33, 29.96, 63.18, 125.32, 62.99, 87.53, , , , , 
1/31/2020 5:16:53 PM, 3227, 9013.25, 1616.5, 321.73, 219.07, 160.53, 309.51, 170.23, 236.43, 95.33, 29.96, 63.18, 125.32, 62.99, 87.53, , , , , 
1/31/2020 5:16:56 PM, 3227, 9013.25, 1616.5, 321.73, 219.07, 160.53, 309.51, 170.23, 236.43, 95.33, 29.96, 63.18, 125.32, 62.99, 87.53, , , , , 
1/31/2020 5:16:59 PM, 3227, 9013.25, 1616.5, 321.73, 219.07, 160.53, 309.51, 170.23, 236.43, 95.33, 29.96, 63.18, 125.32, 62.99, 87.53, , , , , 
1/31/2020 5:17:02 PM, 3227, 9013.25, 1616.5, 321.73, 219.07, 160.53, 309.51, 170.23, 236.43, 95.33, 29.96, 63.18, 125.32, 62.99, 87.53, , , , , 
1/31/2020 5:17:06 PM, 3227, 9013.25, 1616.5, 321.73, 219.07, 160.53, 309.51, 170.23, 236.43, 95.33, 29.96, 63.18, 125.32, 62.99, 87.53, , , , , 
1/31/2020 5:17:09 PM, 3227, 9013.25, 1616.5, 321.73, 219.07, 160.53, 309.51, 170.23, 236.43, 95.33, 29.96, 63.18, 125.32, 62.99, 87.53, , , , , 
1/31/2020 5:17:12 PM, 3227, 9013.25, 1616.5, 321.73, 219.07, 160.53, 309.51, 170.23, 236.43, 95.33, 29.96, 63.18, 125.32, 62.99, 87.53, , , , , 
1/31/2020 5:17:15 PM, 3227, 9013.25, 1616.5, 321.73, 219.07, 160.53, 309.51, 170.23, 236.43, 95.33, 29.96, 63.18, 125.32, 62.99, 87.53, , , , , 
1/31/2020 5:17:18 PM, 3227, 9013.25, 1616.5, 321.73, 219.07, 160.53, 309.51, 170.23, 236.43, 95.33, 29.96, 63.18, 125.32, 62.99, 87.53, , , , , 
1/31/2020 5:17:21 PM, 3227, 9013.25, 1616.5, 321.73, 219.07, 160.53, 309.51, 170.23, 236.43, 95.33, 29.96, 63.18, 125.32, 62.99, 87.53, , , , , 
1/31/2020 5:17:24 PM, 3227, 9013.25, 1616.5, 321.73, 219.07, 160.53, 309.51, 170.23, 236.43, 95.33, 29.96, 63.18, 125.32, 62.99, 87.53, , , , , 
1/31/2020 5:17:27 PM, 3227, 9013.25, 1616.5, 321.73, 219.07, 160.53, 309.51, 170.23, 236.43, 95.33, 29.96, 63.18, 125.32, 62.99, 87.53, , , , , 
1/31/2020 5:17:30 PM, 3227, 9013.25, 1616.5, 321.73, 219.07, 160.53, 309.51, 170.23, 236.43, 95.33, 29.96, 63.18, 125.32, 62.99, 87.53, , , , , 
1/31/2020 5:17:33 PM, 3227, 9013.25, 1616.5, 321.73, 219.07, 160.53, 309.51, 170.23, 236.43, 95.33, 29.96, 63.18, 125.32, 62.99, 87.53, , , , , 
1/31/2020 5:17:36 PM, 3227, 9013.25, 1616.5, 321.73, 219.07, 160.53, 309.51, 170.23, 236.43, 95.33, 29.96, 63.18, 125.32, 62.99, 87.53, , , , , 
1/31/2020 5:17:39 PM, 3227, 9013.25, 1616.5, 321.73, 219.07, 160.53, 309.51, 170.23, 236.43, 95.33, 29.96, 63.18, 125.32, 62.99, 87.53, , , , , 
1/31/2020 5:17:42 PM, 3227, 9013.25, 1616.5, 321.73, 219.07, 160.53, 309.51, 170.23, 236.43, 95.33, 29.96, 63.18, 125.32, 62.99, 87.53, , , , , 
1/31/2020 5:17:45 PM, 3227, 9013.25, 1616.5, 321.73, 219.07, 160.53, 309.51, 170.23, 236.43, 95.33, 29.96, 63.18, 125.32, 62.99, 87.53, , , , , 
1/31/2020 5:17:48 PM, 3227, 9013.25, 1616.5, 321.73, 219.07, 160.53, 309.51, 170.23, 236.43, 95.33, 29.96, 63.18, 125.32, 62.99, 87.53, , , , , 
1/31/2020 5:17:51 PM, 3227, 9013.25, 1616.5, 321.73, 219.07, 160.53, 309.51, 170.23, 236.43, 95.33, 29.96, 63.18, 125.32, 62.99, 87.53, , , , , 
1/31/2020 5:17:54 PM, 3227, 9013.25, 1616.5, 321.73, 219.07, 160.53, 309.51, 170.23, 236.43, 95.33, 29.96, 63.18, 125.32, 62.99, 87.53, , , , , 
1/31/2020 5:17:57 PM, 3227, 9013.25, 1616.5, 321.73, 219.07, 160.53, 309.51, 170.23, 236.43, 95.33, 29.96, 63.18, 125.32, 62.99, 87.53, , , , , 
1/31/2020 5:18:00 PM, 3227, 9013.25, 1616.5, 321.73, 219.07, 160.53, 309.51, 170.23, 236.43, 95.33, 29.96, 63.18, 125.32, 62.99, 87.53, , , , , 
1/31/2020 5:18:03 PM, 3227, 9013.25, 1616.5, 321.73, 219.07, 160.53, 309.51, 170.23, 236.43, 95.33, 29.96, 63.18, 125.32, 62.99, 87.53, , , , , 
1/31/2020 5:18:06 PM, 3227, 9013.25, 1616.5, 321.73, 219.07, 160.53, 309.51, 170.23, 236.43, 95.33, 29.96, 63.18, 125.32, 62.99, 87.53, , , , , 
1/31/2020 5:18:09 PM, 3227, 9013.25, 1616.5, 321.73, 219.07, 160.53, 309.51, 170.23, 236.43, 95.33, 29.96, 63.18, 125.32, 62.99, 87.53, , , , , 
1/31/2020 5:18:12 PM, 3227, 9013.25, 1616.5, 321.73, 219.07, 160.53, 309.51, 170.23, 236.43, 95.33, 29.96, 63.18, 125.32, 62.99, 87.53, , , , , 
1/31/2020 5:18:15 PM, 3227, 9013.25, 1616.5, 321.73, 219.07, 160.53, 309.51, 170.23, 236.43, 95.33, 29.96, 63.18, 125.32, 62.99, 87.53, , , , , 
1/31/2020 5:18:18 PM, 3227, 9013.25, 1616.5, 321.73, 219.07, 160.53, 309.51, 170.23, 236.43, 95.33, 29.96, 63.18, 125.32, 62.99, 87.53, , , , , 
1/31/2020 5:18:21 PM, 3227, 9013.25, 1616.5, 321.73, 219.07, 160.53, 309.51, 170.23, 236.43, 95.33, 29.96, 63.18, 125.32, 62.99, 87.53, , , , , 
1/31/2020 5:18:24 PM, 3227, 9013.25, 1616.5, 321.73, 219.07, 160.53, 309.51, 170.23, 236.43, 95.33, 29.96, 63.18, 125.32, 62.99, 87.53, , , , , 
1/31/2020 5:18:27 PM, 3227, 9013.25, 1616.5, 321.73, 219.07, 160.53, 309.51, 170.23, 236.43, 95.33, 29.96, 63.18, 125.32, 62.99, 87.53, , , , , 
1/31/2020 5:18:30 PM, 3227, 9013.25, 1616.5, 321.73, 219.07, 160.53, 309.51, 170.23, 236.43, 95.33, 29.96, 63.18, 125.32, 62.99, 87.53, , , , , 
1/31/2020 5:18:33 PM, 3227, 9013.25, 1616.5, 321.73, 219.07, 160.53, 309.51, 170.23, 236.43, 95.33, 29.96, 63.18, 125.32, 62.99, 87.53, , , , , 
1/31/2020 5:18:36 PM, 3227, 9013.25, 1616.5, 321.73, 219.07, 160.53, 309.51, 170.23, 236.43, 95.33, 29.96, 63.18, 125.32, 62.99, 87.53, , , , , 
1/31/2020 5:18:39 PM, 3227, 9013.25, 1616.5, 321.73, 219.07, 160.53, 309.51, 170.23, 236.43, 95.33, 29.96, 63.18, 125.32, 62.99, 87.53, , , , , 
1/31/2020 5:18:42 PM, 3227, 9013.25, 1616.5, 321.73, 219.07, 160.53, 309.51, 170.23, 236.43, 95.33, 29.96, 63.18, 125.32, 62.99, 87.53, , , , , 
1/31/2020 5:18:45 PM, 3227, 9013.25, 1616.5, 321.73, 219.07, 160.53, 309.51, 170.23, 236.43, 95.33, 29.96, 63.18, 125.32, 62.99, 87.53, , , , , 
1/31/2020 5:18:48 PM, 3227, 9013.25, 1616.5, 321.73, 219.07, 160.53, 309.51, 170.23, 236.43, 95.33, 29.96, 63.18, 125.32, 62.99, 87.53, , , , , 
1/31/2020 5:18:51 PM, 3227, 9013.25, 1616.5, 321.73, 219.07, 160.53, 309.51, 170.23, 236.43, 95.33, 29.96, 63.18, 125.32, 62.99, 87.53, , , , , 
1/31/2020 5:18:54 PM, 3227, 9013.25, 1616.5, 321.73, 219.07, 160.53, 309.51, 170.23, 236.43, 95.33, 29.96, 63.18, 125.32, 62.99, 87.53, , , , , 
1/31/2020 5:18:57 PM, 3227, 9013.25, 1616.5, 321.73, 219.07, 160.53, 309.51, 170.23, 236.43, 95.33, 29.96, 63.18, 125.32, 62.99, 87.53, , , , , 
1/31/2020 5:19:00 PM, 3227, 9013.25, 1616.5, 321.73, 219.07, 160.53, 309.51, 170.23, 236.43, 95.33, 29.96, 63.18, 125.32, 62.99, 87.53, , , , , 
1/31/2020 5:19:03 PM, 3227, 9013.25, 1616.5, 321.73, 219.07, 160.53, 309.51, 170.23, 236.43, 95.33, 29.96, 63.18, 125.32, 62.99, 87.53, , , , , 
1/31/2020 5:19:06 PM, 3227, 9013.25, 1616.5, 321.73, 219.07, 160.53, 309.51, 170.23, 236.43, 95.33, 29.96, 63.18, 125.32, 62.99, 87.53, , , , , 
1/31/2020 5:19:09 PM, 3227, 9013.25, 1616.5, 321.73, 219.07, 160.53, 309.51, 170.23, 236.43, 95.33, 29.96, 63.18, 125.32, 62.99, 87.53, , , , , 
1/31/2020 5:19:12 PM, 3227, 9013.25, 1616.5, 321.73, 219.07, 160.53, 309.51, 170.23, 236.43, 95.33, 29.96, 63.18, 125.32, 62.99, 87.53, , , , , 
1/31/2020 5:19:15 PM, 3227, 9013.25, 1616.5, 321.73, 219.07, 160.53, 309.51, 170.23, 236.43, 95.33, 29.96, 63.18, 125.32, 62.99, 87.53, , , , , 
1/31/2020 5:19:18 PM, 3227, 9013.25, 1616.5, 321.73, 219.07, 160.53, 309.51, 170.23, 236.43, 95.33, 29.96, 63.18, 125.32, 62.99, 87.53, , , , , 
1/31/2020 5:19:21 PM, 3227, 9013.25, 1616.5, 321.73, 219.07, 160.53, 309.51, 170.23, 236.43, 95.33, 29.96, 63.18, 125.32, 62.99, 87.53, , , , , 
1/31/2020 5:19:25 PM, 3227, 9013.25, 1616.5, 321.73, 219.07, 160.53, 309.51, 170.23, 236.43, 95.33, 29.96, 63.18, 125.32, 62.99, 87.53, , , , , 
1/31/2020 5:19:28 PM, 3227, 9013.25, 1616.5, 321.73, 219.07, 160.53, 309.51, 170.23, 236.43, 95.33, 29.96, 63.18, 125.32, 62.99, 87.53, , , , , 
1/31/2020 5:19:31 PM, 3227, 9013.25, 1616.5, 321.73, 219.07, 160.53, 309.51, 170.23, 236.43, 95.33, 29.96, 63.18, 125.32, 62.99, 87.53, , , , , 
1/31/2020 5:19:34 PM, 3227, 9013.25, 1616.5, 321.73, 219.07, 160.53, 309.51, 170.23, 236.43, 95.33, 29.96, 63.18, 125.32, 62.99, 87.53, , , , , 
1/31/2020 5:19:37 PM, 3227, 9013.25, 1616.5, 321.73, 219.07, 160.53, 309.51, 170.23, 236.43, 95.33, 29.96, 63.18, 125.32, 62.99, 87.53, , , , , 
1/31/2020 5:19:40 PM, 3227, 9013.25, 1616.5, 321.73, 219.07, 160.53, 309.51, 170.23, 236.43, 95.33, 29.96, 63.18, 125.32, 62.99, 87.53, , , , , 
1/31/2020 5:19:43 PM, 3227, 9013.25, 1616.5, 321.73, 219.07, 160.53, 309.51, 170.23, 236.43, 95.33, 29.96, 63.18, 125.32, 62.99, 87.53, , , , , 
1/31/2020 5:19:46 PM, 3227, 9013.25, 1616.5, 321.73, 219.07, 160.53, 309.51, 170.23, 236.43, 95.33, 29.96, 63.18, 125.32, 62.99, 87.53, , , , , 
1/31/2020 5:19:49 PM, 3227, 9013.25, 1616.5, 321.73, 219.07, 160.53, 309.51, 170.23, 236.43, 95.33, 29.96, 63.18, 125.32, 62.99, 87.53, , , , , 
1/31/2020 5:19:52 PM, 3227, 9013.25, 1616.5, 321.73, 219.07, 160.53, 309.51, 170.23, 236.43, 95.33, 29.96, 63.18, 125.32, 62.99, 87.53, , , , , 
1/31/2020 5:19:55 PM, 3227, 9013.25, 1616.5, 321.73, 219.07, 160.53, 309.51, 170.23, 236.43, 95.33, 29.96, 63.18, 125.32, 62.99, 87.53, , , , , 
1/31/2020 5:19:58 PM, 3227, 9013.25, 1616.5, 321.73, 219.07, 160.53, 309.51, 170.23, 236.43, 95.33, 29.96, 63.18, 125.32, 62.99, 87.53, , , , , 
1/31/2020 5:20:01 PM, 3227, 9013.25, 1616.5, 321.73, 219.07, 160.53, 309.51, 170.23, 236.43, 95.33, 29.96, 63.18, 125.32, 62.99, 87.53, , , , , 
1/31/2020 5:20:04 PM, 3227, 9013.25, 1616.5, 321.73, 219.07, 160.53, 309.51, 170.23, 236.43, 95.33, 29.96, 63.18, 125.32, 62.99, 87.53, , , , , 
1/31/2020 5:20:07 PM, 3227, 9013.25, 1616.5, 321.73, 219.07, 160.53, 309.51, 170.23, 236.43, 95.33, 29.96, 63.18, 125.32, 62.99, 87.53, , , , , 
1/31/2020 5:20:10 PM, 3227, 9013.25, 1616.5, 321.73, 219.07, 160.53, 309.51, 170.23, 236.43, 95.33, 29.96, 63.18, 125.32, 62.99, 87.53, , , , , 
1/31/2020 5:20:13 PM, 3227, 9013.25, 1616.5, 321.73, 219.07, 160.53, 309.51, 170.23, 236.43, 95.33, 29.96, 63.18, 125.32, 62.99, 87.53, , , , , 
1/31/2020 5:20:16 PM, 3227, 9013.25, 1616.5, 321.73, 219.07, 160.53, 309.51, 170.23, 236.43, 95.33, 29.96, 63.18, 125.32, 62.99, 87.53, , , , , 
1/31/2020 5:20:19 PM, 3227, 9013.25, 1616.5, 321.73, 219.07, 160.53, 309.51, 170.23, 236.43, 95.33, 29.96, 63.18, 125.32, 62.99, 87.53, , , , , 
1/31/2020 5:20:22 PM, 3227, 9013.25, 1616.5, 321.73, 219.07, 160.53, 309.51, 170.23, 236.43, 95.33, 29.96, 63.18, 125.32, 62.99, 87.53, , , , , 
1/31/2020 5:20:25 PM, 3227, 9013.25, 1616.5, 321.73, 219.07, 160.53, 309.51, 170.23, 236.43, 95.33, 29.96, 63.18, 125.32, 62.99, 87.53, , , , , 
1/31/2020 5:20:28 PM, 3227, 9013.25, 1616.5, 321.73, 219.07, 160.53, 309.51, 170.23, 236.43, 95.33, 29.96, 63.18, 125.32, 62.99, 87.53, , , , , 
1/31/2020 5:20:31 PM, 3227, 9013.25, 1616.5, 321.73, 219.07, 160.53, 309.51, 170.23, 236.43, 95.33, 29.96, 63.18, 125.32, 62.99, 87.53, , , , , 
1/31/2020 5:20:34 PM, 3227, 9013.25, 1616.5, 321.73, 219.07, 160.53, 309.51, 170.23, 236.43, 95.33, 29.96, 63.18, 125.32, 62.99, 87.53, , , , , 
1/31/2020 5:20:37 PM, 3227, 9013.25, 1616.5, 321.73, 219.07, 160.53, 309.51, 170.23, 236.43, 95.33, 29.96, 63.18, 125.32, 62.99, 87.53, , , , , 
1/31/2020 5:20:40 PM, 3227, 9013.25, 1616.5, 321.73, 219.07, 160.53, 309.51, 170.23, 236.43, 95.33, 29.96, 63.18, 125.32, 62.99, 87.53, , , , , 
1/31/2020 5:20:43 PM, 3227, 9013.25, 1616.5, 321.73, 219.07, 160.53, 309.51, 170.23, 236.43, 95.33, 29.96, 63.18, 125.32, 62.99, 87.53, , , , , 
1/31/2020 5:20:46 PM, 3227, 9013.25, 1616.5, 321.73, 219.07, 160.53, 309.51, 170.23, 236.43, 95.33, 29.96, 63.18, 125.32, 62.99, 87.53, , , , , 
1/31/2020 5:20:49 PM, 3227, 9013.25, 1616.5, 321.73, 219.07, 160.53, 309.51, 170.23, 236.43, 95.33, 29.96, 63.18, 125.32, 62.99, 87.53, , , , , 
1/31/2020 5:20:52 PM, 3227, 9013.25, 1616.5, 321.73, 219.07, 160.53, 309.51, 170.23, 236.43, 95.33, 29.96, 63.18, 125.32, 62.99, 87.53, , , , , 
1/31/2020 5:20:55 PM, 3227, 9013.25, 1616.5, 321.73, 219.07, 160.53, 309.51, 170.23, 236.43, 95.33, 29.96, 63.18, 125.32, 62.99, 87.53, , , , , 
1/31/2020 5:20:58 PM, 3227, 9013.25, 1616.5, 321.73, 219.07, 160.53, 309.51, 170.23, 236.43, 95.33, 29.96, 63.18, 125.32, 62.99, 87.53, , , , , 
1/31/2020 5:21:01 PM, 3227, 9013.25, 1616.5, 321.73, 219.07, 160.53, 309.51, 170.23, 236.43, 95.33, 29.96, 63.18, 125.32, 62.99, 87.53, , , , , 
1/31/2020 5:21:04 PM, 3227, 9013.25, 1616.5, 321.73, 219.07, 160.53, 309.51, 170.23, 236.43, 95.33, 29.96, 63.18, 125.32, 62.99, 87.53, , , , , 
1/31/2020 5:21:07 PM, 3227, 9013.25, 1616.5, 321.73, 219.07, 160.53, 309.51, 170.23, 236.43, 95.33, 29.96, 63.18, 125.32, 62.99, 87.53, , , , , 
1/31/2020 5:21:10 PM, 3227, 9013.25, 1616.5, 321.73, 219.07, 160.53, 309.51, 170.23, 236.43, 95.33, 29.96, 63.18, 125.32, 62.99, 87.53, , , , , 
1/31/2020 5:21:13 PM, 3227, 9013.25, 1616.5, 321.73, 219.07, 160.53, 309.51, 170.23, 236.43, 95.33, 29.96, 63.18, 125.32, 62.99, 87.53, , , , , 
1/31/2020 5:21:16 PM, 3227, 9013.25, 1616.5, 321.73, 219.07, 160.53, 309.51, 170.23, 236.43, 95.33, 29.96, 63.18, 125.32, 62.99, 87.53, , , , , 
1/31/2020 5:21:19 PM, 3227, 9013.25, 1616.5, 321.73, 219.07, 160.53, 309.51, 170.23, 236.43, 95.33, 29.96, 63.18, 125.32, 62.99, 87.53, , , , , 
1/31/2020 5:21:22 PM, 3227, 9013.25, 1616.5, 321.73, 219.07, 160.53, 309.51, 170.23, 236.43, 95.33, 29.96, 63.18, 125.32, 62.99, 87.53, , , , , 
1/31/2020 5:21:25 PM, 3227, 9013.25, 1616.5, 321.73, 219.07, 160.53, 309.51, 170.23, 236.43, 95.33, 29.96, 63.18, 125.32, 62.99, 87.53, , , , , 
1/31/2020 5:21:28 PM, 3227, 9013.25, 1616.5, 321.73, 219.07, 160.53, 309.51, 170.23, 236.43, 95.33, 29.96, 63.18, 125.32, 62.99, 87.53, , , , , 
1/31/2020 5:21:31 PM, 3227, 9013.25, 1616.5, 321.73, 219.07, 160.53, 309.51, 170.23, 236.43, 95.33, 29.96, 63.18, 125.32, 62.99, 87.53, , , , , 
1/31/2020 5:21:34 PM, 3227, 9013.25, 1616.5, 321.73, 219.07, 160.53, 309.51, 170.23, 236.43, 95.33, 29.96, 63.18, 125.32, 62.99, 87.53, , , , , 
1/31/2020 5:21:37 PM, 3227, 9013.25, 1616.5, 321.73, 219.07, 160.53, 309.51, 170.23, 236.43, 95.33, 29.96, 63.18, 125.32, 62.99, 87.53, , , , , 
1/31/2020 5:21:40 PM, 3227, 9013.25, 1616.5, 321.73, 219.07, 160.53, 309.51, 170.23, 236.43, 95.33, 29.96, 63.18, 125.32, 62.99, 87.53, , , , , 
1/31/2020 5:21:43 PM, 3227, 9013.25, 1616.5, 321.73, 219.07, 160.53, 309.51, 170.23, 236.43, 95.33, 29.96, 63.18, 125.32, 62.99, 87.53, , , , , 
1/31/2020 5:21:46 PM, 3227, 9013.25, 1616.5, 321.73, 219.07, 160.53, 309.51, 170.23, 236.43, 95.33, 29.96, 63.18, 125.32, 62.99, 87.53, , , , , 
1/31/2020 5:21:49 PM, 3227, 9013.25, 1616.5, 321.73, 219.07, 160.53, 309.51, 170.23, 236.43, 95.33, 29.96, 63.18, 125.32, 62.99, 87.53, , , , , 
1/31/2020 5:21:52 PM, 3227, 9013.25, 1616.5, 321.73, 219.07, 160.53, 309.51, 170.23, 236.43, 95.33, 29.96, 63.18, 125.32, 62.99, 87.53, , , , , 
1/31/2020 5:21:56 PM, 3227, 9013.25, 1616.5, 321.73, 219.07, 160.53, 309.51, 170.23, 236.43, 95.33, 29.96, 63.18, 125.32, 62.99, 87.53, , , , , 
1/31/2020 5:21:59 PM, 3227, 9013.25, 1616.5, 321.73, 219.07, 160.53, 309.51, 170.23, 236.43, 95.33, 29.96, 63.18, 125.32, 62.99, 87.53, , , , , 
1/31/2020 5:22:02 PM, 3227, 9013.25, 1616.5, 321.73, 219.07, 160.53, 309.51, 170.23, 236.43, 95.33, 29.96, 63.18, 125.32, 62.99, 87.53, , , , , 
1/31/2020 5:22:05 PM, 3227, 9013.25, 1616.5, 321.73, 219.07, 160.53, 309.51, 170.23, 236.43, 95.33, 29.96, 63.18, 125.32, 62.99, 87.53, , , , , 
1/31/2020 5:22:08 PM, 3227, 9013.25, 1616.5, 321.73, 219.07, 160.53, 309.51, 170.23, 236.43, 95.33, 29.96, 63.18, 125.32, 62.99, 87.53, , , , , 
1/31/2020 5:22:11 PM, 3227, 9013.25, 1616.5, 321.73, 219.07, 160.53, 309.51, 170.23, 236.43, 95.33, 29.96, 63.18, 125.32, 62.99, 87.53, , , , , 
1/31/2020 5:22:14 PM, 3227, 9013.25, 1616.5, 321.73, 219.07, 160.53, 309.51, 170.23, 236.43, 95.33, 29.96, 63.18, 125.32, 62.99, 87.53, , , , , 
1/31/2020 5:22:17 PM, 3227, 9013.25, 1616.5, 321.73, 219.07, 160.53, 309.51, 170.23, 236.43, 95.33, 29.96, 63.18, 125.32, 62.99, 87.53, , , , , 
1/31/2020 5:22:20 PM, 3227, 9013.25, 1616.5, 321.73, 219.07, 160.53, 309.51, 170.23, 236.43, 95.33, 29.96, 63.18, 125.32, 62.99, 87.53, , , , , 
1/31/2020 5:22:23 PM, 3227, 9013.25, 1616.5, 321.73, 219.07, 160.53, 309.51, 170.23, 236.43, 95.33, 29.96, 63.18, 125.32, 62.99, 87.53, , , , , 
1/31/2020 5:22:26 PM, 3227, 9013.25, 1616.5, 321.73, 219.07, 160.53, 309.51, 170.23, 236.43, 95.33, 29.96, 63.18, 125.32, 62.99, 87.53, , , , , 
1/31/2020 5:22:29 PM, 3227, 9013.25, 1616.5, 321.73, 219.07, 160.53, 309.51, 170.23, 236.43, 95.33, 29.96, 63.18, 125.32, 62.99, 87.53, , , , , 
1/31/2020 5:22:32 PM, 3227, 9013.25, 1616.5, 321.73, 219.07, 160.53, 309.51, 170.23, 236.43, 95.33, 29.96, 63.18, 125.32, 62.99, 87.53, , , , , 
1/31/2020 5:22:35 PM, 3227, 9013.25, 1616.5, 321.73, 219.07, 160.53, 309.51, 170.23, 236.43, 95.33, 29.96, 63.18, 125.32, 62.99, 87.53, , , , , 
1/31/2020 5:22:38 PM, 3227, 9013.25, 1616.5, 321.73, 219.07, 160.53, 309.51, 170.23, 236.43, 95.33, 29.96, 63.18, 125.32, 62.99, 87.53, , , , , 
1/31/2020 5:22:41 PM, 3227, 9013.25, 1616.5, 321.73, 219.07, 160.53, 309.51, 170.23, 236.43, 95.33, 29.96, 63.18, 125.32, 62.99, 87.53, , , , , 
1/31/2020 5:22:44 PM, 3227, 9013.25, 1616.5, 321.73, 219.07, 160.53, 309.51, 170.23, 236.43, 95.33, 29.96, 63.18, 125.32, 62.99, 87.53, , , , , 
1/31/2020 5:22:47 PM, 3227, 9013.25, 1616.5, 321.73, 219.07, 160.53, 309.51, 170.23, 236.43, 95.33, 29.96, 63.18, 125.32, 62.99, 87.53, , , , , 
1/31/2020 5:22:50 PM, 3227, 9013.25, 1616.5, 321.73, 219.07, 160.53, 309.51, 170.23, 236.43, 95.33, 29.96, 63.18, 125.32, 62.99, 87.53, , , , , 
1/31/2020 5:22:53 PM, 3227, 9013.25, 1616.5, 321.73, 219.07, 160.53, 309.51, 170.23, 236.43, 95.33, 29.96, 63.18, 125.32, 62.99, 87.53, , , , , 
1/31/2020 5:22:56 PM, 3227, 9013.25, 1616.5, 321.73, 219.07, 160.53, 309.51, 170.23, 236.43, 95.33, 29.96, 63.18, 125.32, 62.99, 87.53, , , , , 
1/31/2020 5:22:59 PM, 3227, 9013.25, 1616.5, 321.73, 219.07, 160.53, 309.51, 170.23, 236.43, 95.33, 29.96, 63.18, 125.32, 62.99, 87.53, , , , , 
1/31/2020 5:23:02 PM, 3227, 9013.25, 1616.5, 321.73, 219.07, 160.53, 309.51, 170.23, 236.43, 95.33, 29.96, 63.18, 125.32, 62.99, 87.53, , , , , 
1/31/2020 5:23:05 PM, 3227, 9013.25, 1616.5, 321.73, 219.07, 160.53, 309.51, 170.23, 236.43, 95.33, 29.96, 63.18, 125.32, 62.99, 87.53, , , , , 
1/31/2020 5:23:08 PM, 3227, 9013.25, 1616.5, 321.73, 219.07, 160.53, 309.51, 170.23, 236.43, 95.33, 29.96, 63.18, 125.32, 62.99, 87.53, , , , , 
1/31/2020 5:23:11 PM, 3227, 9013.25, 1616.5, 321.73, 219.07, 160.53, 309.51, 170.23, 236.43, 95.33, 29.96, 63.18, 125.32, 62.99, 87.53, , , , , 
1/31/2020 5:23:14 PM, 3227, 9013.25, 1616.5, 321.73, 219.07, 160.53, 309.51, 170.23, 236.43, 95.33, 29.96, 63.18, 125.32, 62.99, 87.53, , , , , 
1/31/2020 5:23:17 PM, 3227, 9013.25, 1616.5, 321.73, 219.07, 160.53, 309.51, 170.23, 236.43, 95.33, 29.96, 63.18, 125.32, 62.99, 87.53, , , , , 
1/31/2020 5:23:20 PM, 3227, 9013.25, 1616.5, 321.73, 219.07, 160.53, 309.51, 170.23, 236.43, 95.33, 29.96, 63.18, 125.32, 62.99, 87.53, , , , , 
1/31/2020 5:23:23 PM, 3227, 9013.25, 1616.5, 321.73, 219.07, 160.53, 309.51, 170.23, 236.43, 95.33, 29.96, 63.18, 125.32, 62.99, 87.53, , , , , 
1/31/2020 5:23:26 PM, 3227, 9013.25, 1616.5, 321.73, 219.07, 160.53, 309.51, 170.23, 236.43, 95.33, 29.96, 63.18, 125.32, 62.99, 87.53, , , , , 
1/31/2020 5:23:29 PM, 3227, 9013.25, 1616.5, 321.73, 219.07, 160.53, 309.51, 170.23, 236.43, 95.33, 29.96, 63.18, 125.32, 62.99, 87.53, , , , , 
1/31/2020 5:23:32 PM, 3227, 9013.25, 1616.5, 321.73, 219.07, 160.53, 309.51, 170.23, 236.43, 95.33, 29.96, 63.18, 125.32, 62.99, 87.53, , , , , 
1/31/2020 5:23:35 PM, 3227, 9013.25, 1616.5, 321.73, 219.07, 160.53, 309.51, 170.23, 236.43, 95.33, 29.96, 63.18, 125.32, 62.99, 87.53, , , , , 
1/31/2020 5:23:38 PM, 3227, 9013.25, 1616.5, 321.73, 219.07, 160.53, 309.51, 170.23, 236.43, 95.33, 29.96, 63.18, 125.32, 62.99, 87.53, , , , , 
1/31/2020 5:23:41 PM, 3227, 9013.25, 1616.5, 321.73, 219.07, 160.53, 309.51, 170.23, 236.43, 95.33, 29.96, 63.18, 125.32, 62.99, 87.53, , , , , 
1/31/2020 5:23:44 PM, 3227, 9013.25, 1616.5, 321.73, 219.07, 160.53, 309.51, 170.23, 236.43, 95.33, 29.96, 63.18, 125.32, 62.99, 87.53, , , , , 
1/31/2020 5:23:47 PM, 3227, 9013.25, 1616.5, 321.73, 219.07, 160.53, 309.51, 170.23, 236.43, 95.33, 29.96, 63.18, 125.32, 62.99, 87.53, , , , , 
1/31/2020 5:23:50 PM, 3227, 9013.25, 1616.5, 321.73, 219.07, 160.53, 309.51, 170.23, 236.43, 95.33, 29.96, 63.18, 125.32, 62.99, 87.53, , , , , 
1/31/2020 5:23:53 PM, 3227, 9013.25, 1616.5, 321.73, 219.07, 160.53, 309.51, 170.23, 236.43, 95.33, 29.96, 63.18, 125.32, 62.99, 87.53, , , , , 
1/31/2020 5:23:56 PM, 3227, 9013.25, 1616.5, 321.73, 219.07, 160.53, 309.51, 170.23, 236.43, 95.33, 29.96, 63.18, 125.32, 62.99, 87.53, , , , , 
1/31/2020 5:23:59 PM, 3227, 9013.25, 1616.5, 321.73, 219.07, 160.53, 309.51, 170.23, 236.43, 95.33, 29.96, 63.18, 125.32, 62.99, 87.53, , , , , 
1/31/2020 5:24:02 PM, 3227, 9013.25, 1616.5, 321.73, 219.07, 160.53, 309.51, 170.23, 236.43, 95.33, 29.96, 63.18, 125.32, 62.99, 87.53, , , , , 
1/31/2020 5:24:05 PM, 3227, 9013.25, 1616.5, 321.73, 219.07, 160.53, 309.51, 170.23, 236.43, 95.33, 29.96, 63.18, 125.32, 62.99, 87.53, , , , , 
1/31/2020 5:24:08 PM, 3227, 9013.25, 1616.5, 321.73, 219.07, 160.53, 309.51, 170.23, 236.43, 95.33, 29.96, 63.18, 125.32, 62.99, 87.53, , , , , 
1/31/2020 5:24:11 PM, 3227, 9013.25, 1616.5, 321.73, 219.07, 160.53, 309.51, 170.23, 236.43, 95.33, 29.96, 63.18, 125.32, 62.99, 87.53, , , , , 
1/31/2020 5:24:14 PM, 3227, 9013.25, 1616.5, 321.73, 219.07, 160.53, 309.51, 170.23, 236.43, 95.33, 29.96, 63.18, 125.32, 62.99, 87.53, , , , , 
1/31/2020 5:24:17 PM, 3227, 9013.25, 1616.5, 321.73, 219.07, 160.53, 309.51, 170.23, 236.43, 95.33, 29.96, 63.18, 125.32, 62.99, 87.53, , , , , 
1/31/2020 5:24:20 PM, 3227, 9013.25, 1616.5, 321.73, 219.07, 160.53, 309.51, 170.23, 236.43, 95.33, 29.96, 63.18, 125.32, 62.99, 87.53, , , , , 
1/31/2020 5:24:23 PM, 3227, 9013.25, 1616.5, 321.73, 219.07, 160.53, 309.51, 170.23, 236.43, 95.33, 29.96, 63.18, 125.32, 62.99, 87.53, , , , , 
1/31/2020 5:24:26 PM, 3227, 9013.25, 1616.5, 321.73, 219.07, 160.53, 309.51, 170.23, 236.43, 95.33, 29.96, 63.18, 125.32, 62.99, 87.53, , , , , 
1/31/2020 5:24:30 PM, 3227, 9013.25, 1616.5, 321.73, 219.07, 160.53, 309.51, 170.23, 236.43, 95.33, 29.96, 63.18, 125.32, 62.99, 87.53, , , , , 
1/31/2020 5:24:33 PM, 3227, 9013.25, 1616.5, 321.73, 219.07, 160.53, 309.51, 170.23, 236.43, 95.33, 29.96, 63.18, 125.32, 62.99, 87.53, , , , , 
1/31/2020 5:24:36 PM, 3227, 9013.25, 1616.5, 321.73, 219.07, 160.53, 309.51, 170.23, 236.43, 95.33, 29.96, 63.18, 125.32, 62.99, 87.53, , , , , 
1/31/2020 5:24:39 PM, 3227, 9013.25, 1616.5, 321.73, 219.07, 160.53, 309.51, 170.23, 236.43, 95.33, 29.96, 63.18, 125.32, 62.99, 87.53, , , , , 
1/31/2020 5:24:42 PM, 3227, 9013.25, 1616.5, 321.73, 219.07, 160.53, 309.51, 170.23, 236.43, 95.33, 29.96, 63.18, 125.32, 62.99, 87.53, , , , , 
1/31/2020 5:24:45 PM, 3227, 9013.25, 1616.5, 321.73, 219.07, 160.53, 309.51, 170.23, 236.43, 95.33, 29.96, 63.18, 125.32, 62.99, 87.53, , , , , 
1/31/2020 5:24:48 PM, 3227, 9013.25, 1616.5, 321.73, 219.07, 160.53, 309.51, 170.23, 236.43, 95.33, 29.96, 63.18, 125.32, 62.99, 87.53, , , , , 
1/31/2020 5:24:51 PM, 3227, 9013.25, 1616.5, 321.73, 219.07, 160.53, 309.51, 170.23, 236.43, 95.33, 29.96, 63.18, 125.32, 62.99, 87.53, , , , , 
1/31/2020 5:24:54 PM, 3227, 9013.25, 1616.5, 321.73, 219.07, 160.53, 309.51, 170.23, 236.43, 95.33, 29.96, 63.18, 125.32, 62.99, 87.53, , , , , 
1/31/2020 5:24:57 PM, 3227, 9013.25, 1616.5, 321.73, 219.07, 160.53, 309.51, 170.23, 236.43, 95.33, 29.96, 63.18, 125.32, 62.99, 87.53, , , , , 
1/31/2020 5:25:00 PM, 3227, 9013.25, 1616.5, 321.73, 219.07, 160.53, 309.51, 170.23, 236.43, 95.33, 29.96, 63.18, 125.32, 62.99, 87.53, , , , , 
1/31/2020 5:25:03 PM, 3227, 9013.25, 1616.5, 321.73, 219.07, 160.53, 309.51, 170.23, 236.43, 95.33, 29.96, 63.18, 125.32, 62.99, 87.53, , , , , 
1/31/2020 5:25:06 PM, 3227, 9013.25, 1616.5, 321.73, 219.07, 160.53, 309.51, 170.23, 236.43, 95.33, 29.96, 63.18, 125.32, 62.99, 87.53, , , , , 
1/31/2020 5:25:09 PM, 3227, 9013.25, 1616.5, 321.73, 219.07, 160.53, 309.51, 170.23, 236.43, 95.33, 29.96, 63.18, 125.32, 62.99, 87.53, , , , , 
1/31/2020 5:25:12 PM, 3227, 9013.25, 1616.5, 321.73, 219.07, 160.53, 309.51, 170.23, 236.43, 95.33, 29.96, 63.18, 125.32, 62.99, 87.53, , , , , 
1/31/2020 5:25:15 PM, 3227, 9013.25, 1616.5, 321.73, 219.07, 160.53, 309.51, 170.23, 236.43, 95.33, 29.96, 63.18, 125.32, 62.99, 87.53, , , , , 
1/31/2020 5:25:18 PM, 3227, 9013.25, 1616.5, 321.73, 219.07, 160.53, 309.51, 170.23, 236.43, 95.33, 29.96, 63.18, 125.32, 62.99, 87.53, , , , , 
1/31/2020 5:25:21 PM, 3227, 9013.25, 1616.5, 321.73, 219.07, 160.53, 309.51, 170.23, 236.43, 95.33, 29.96, 63.18, 125.32, 62.99, 87.53, , , , , 
1/31/2020 5:25:24 PM, 3227, 9013.25, 1616.5, 321.73, 219.07, 160.53, 309.51, 170.23, 236.43, 95.33, 29.96, 63.18, 125.32, 62.99, 87.53, , , , , 
1/31/2020 5:25:27 PM, 3227, 9013.25, 1616.5, 321.73, 219.07, 160.53, 309.51, 170.23, 236.43, 95.33, 29.96, 63.18, 125.32, 62.99, 87.53, , , , , 
1/31/2020 5:25:30 PM, 3227, 9013.25, 1616.5, 321.73, 219.07, 160.53, 309.51, 170.23, 236.43, 95.33, 29.96, 63.18, 125.32, 62.99, 87.53, , , , , 
1/31/2020 5:25:33 PM, 3227, 9013.25, 1616.5, 321.73, 219.07, 160.53, 309.51, 170.23, 236.43, 95.33, 29.96, 63.18, 125.32, 62.99, 87.53, , , , , 
1/31/2020 5:25:36 PM, 3227, 9013.25, 1616.5, 321.73, 219.07, 160.53, 309.51, 170.23, 236.43, 95.33, 29.96, 63.18, 125.32, 62.99, 87.53, , , , , 
1/31/2020 5:25:39 PM, 3227, 9013.25, 1616.5, 321.73, 219.07, 160.53, 309.51, 170.23, 236.43, 95.33, 29.96, 63.18, 125.32, 62.99, 87.53, , , , , 
1/31/2020 5:25:42 PM, 3227, 9013.25, 1616.5, 321.73, 219.07, 160.53, 309.51, 170.23, 236.43, 95.33, 29.96, 63.18, 125.32, 62.99, 87.53, , , , , 
1/31/2020 5:25:45 PM, 3227, 9013.25, 1616.5, 321.73, 219.07, 160.53, 309.51, 170.23, 236.43, 95.33, 29.96, 63.18, 125.32, 62.99, 87.53, , , , , 
1/31/2020 5:25:48 PM, 3227, 9013.25, 1616.5, 321.73, 219.07, 160.53, 309.51, 170.23, 236.43, 95.33, 29.96, 63.18, 125.32, 62.99, 87.53, , , , , 
1/31/2020 5:25:51 PM, 3227, 9013.25, 1616.5, 321.73, 219.07, 160.53, 309.51, 170.23, 236.43, 95.33, 29.96, 63.18, 125.32, 62.99, 87.53, , , , , 
1/31/2020 5:25:54 PM, 3227, 9013.25, 1616.5, 321.73, 219.07, 160.53, 309.51, 170.23, 236.43, 95.33, 29.96, 63.18, 125.32, 62.99, 87.53, , , , , 
1/31/2020 5:25:57 PM, 3227, 9013.25, 1616.5, 321.73, 219.07, 160.53, 309.51, 170.23, 236.43, 95.33, 29.96, 63.18, 125.32, 62.99, 87.53, , , , , 
1/31/2020 5:26:00 PM, 3227, 9013.25, 1616.5, 321.73, 219.07, 160.53, 309.51, 170.23, 236.43, 95.33, 29.96, 63.18, 125.32, 62.99, 87.53, , , , , 
1/31/2020 5:26:03 PM, 3227, 9013.25, 1616.5, 321.73, 219.07, 160.53, 309.51, 170.23, 236.43, 95.33, 29.96, 63.18, 125.32, 62.99, 87.53, , , , , 
1/31/2020 5:26:06 PM, 3227, 9013.25, 1616.5, 321.73, 219.07, 160.53, 309.51, 170.23, 236.43, 95.33, 29.96, 63.18, 125.32, 62.99, 87.53, , , , , 
1/31/2020 5:26:09 PM, 3227, 9013.25, 1616.5, 321.73, 219.07, 160.53, 309.51, 170.23, 236.43, 95.33, 29.96, 63.18, 125.32, 62.99, 87.53, , , , , 
1/31/2020 5:26:12 PM, 3227, 9013.25, 1616.5, 321.73, 219.07, 160.53, 309.51, 170.23, 236.43, 95.33, 29.96, 63.18, 125.32, 62.99, 87.53, , , , , 
1/31/2020 5:26:15 PM, 3227, 9013.25, 1616.5, 321.73, 219.07, 160.53, 309.51, 170.23, 236.43, 95.33, 29.96, 63.18, 125.32, 62.99, 87.53, , , , , 
1/31/2020 5:26:18 PM, 3227, 9013.25, 1616.5, 321.73, 219.07, 160.53, 309.51, 170.23, 236.43, 95.33, 29.96, 63.18, 125.32, 62.99, 87.53, , , , , 
1/31/2020 5:26:21 PM, 3227, 9013.25, 1616.5, 321.73, 219.07, 160.53, 309.51, 170.23, 236.43, 95.33, 29.96, 63.18, 125.32, 62.99, 87.53, , , , , 
1/31/2020 5:26:24 PM, 3227, 9013.25, 1616.5, 321.73, 219.07, 160.53, 309.51, 170.23, 236.43, 95.33, 29.96, 63.18, 125.32, 62.99, 87.53, , , , , 
1/31/2020 5:26:27 PM, 3227, 9013.25, 1616.5, 321.73, 219.07, 160.53, 309.51, 170.23, 236.43, 95.33, 29.96, 63.18, 125.32, 62.99, 87.53, , , , , 
1/31/2020 5:26:30 PM, 3227, 9013.25, 1616.5, 321.73, 219.07, 160.53, 309.51, 170.23, 236.43, 95.33, 29.96, 63.18, 125.32, 62.99, 87.53, , , , , 
1/31/2020 5:26:33 PM, 3227, 9013.25, 1616.5, 321.73, 219.07, 160.53, 309.51, 170.23, 236.43, 95.33, 29.96, 63.18, 125.32, 62.99, 87.53, , , , , 
1/31/2020 5:26:36 PM, 3227, 9013.25, 1616.5, 321.73, 219.07, 160.53, 309.51, 170.23, 236.43, 95.33, 29.96, 63.18, 125.32, 62.99, 87.53, , , , , 
1/31/2020 5:26:39 PM, 3227, 9013.25, 1616.5, 321.73, 219.07, 160.53, 309.51, 170.23, 236.43, 95.33, 29.96, 63.18, 125.32, 62.99, 87.53, , , , , 
1/31/2020 5:26:42 PM, 3227, 9013.25, 1616.5, 321.73, 219.07, 160.53, 309.51, 170.23, 236.43, 95.33, 29.96, 63.18, 125.32, 62.99, 87.53, , , , , 
1/31/2020 5:26:45 PM, 3227, 9013.25, 1616.5, 321.73, 219.07, 160.53, 309.51, 170.23, 236.43, 95.33, 29.96, 63.18, 125.32, 62.99, 87.53, , , , , 
1/31/2020 5:26:48 PM, 3227, 9013.25, 1616.5, 321.73, 219.07, 160.53, 309.51, 170.23, 236.43, 95.33, 29.96, 63.18, 125.32, 62.99, 87.53, , , , , 
1/31/2020 5:26:52 PM, 3227, 9013.25, 1616.5, 321.73, 219.07, 160.53, 309.51, 170.23, 236.43, 95.33, 29.96, 63.18, 125.32, 62.99, 87.53, , , , , 
1/31/2020 5:26:55 PM, 3227, 9013.25, 1616.5, 321.73, 219.07, 160.53, 309.51, 170.23, 236.43, 95.33, 29.96, 63.18, 125.32, 62.99, 87.53, , , , , 
1/31/2020 5:26:58 PM, 3227, 9013.25, 1616.5, 321.73, 219.07, 160.53, 309.51, 170.23, 236.43, 95.33, 29.96, 63.18, 125.32, 62.99, 87.53, , , , , 
1/31/2020 5:27:01 PM, 3227, 9013.25, 1616.5, 321.73, 219.07, 160.53, 309.51, 170.23, 236.43, 95.33, 29.96, 63.18, 125.32, 62.99, 87.53, , , , , 
1/31/2020 5:27:04 PM, 3227, 9013.25, 1616.5, 321.73, 219.07, 160.53, 309.51, 170.23, 236.43, 95.33, 29.96, 63.18, 125.32, 62.99, 87.53, , , , , 
1/31/2020 5:27:07 PM, 3227, 9013.25, 1616.5, 321.73, 219.07, 160.53, 309.51, 170.23, 236.43, 95.33, 29.96, 63.18, 125.32, 62.99, 87.53, , , , , 
1/31/2020 5:27:10 PM, 3227, 9013.25, 1616.5, 321.73, 219.07, 160.53, 309.51, 170.23, 236.43, 95.33, 29.96, 63.18, 125.32, 62.99, 87.53, , , , , 
1/31/2020 5:27:13 PM, 3227, 9013.25, 1616.5, 321.73, 219.07, 160.53, 309.51, 170.23, 236.43, 95.33, 29.96, 63.18, 125.32, 62.99, 87.53, , , , , 
1/31/2020 5:27:16 PM, 3227, 9013.25, 1616.5, 321.73, 219.07, 160.53, 309.51, 170.23, 236.43, 95.33, 29.96, 63.18, 125.32, 62.99, 87.53, , , , , 
1/31/2020 5:27:19 PM, 3227, 9013.25, 1616.5, 321.73, 219.07, 160.53, 309.51, 170.23, 236.43, 95.33, 29.96, 63.18, 125.32, 62.99, 87.53, , , , , 
1/31/2020 5:27:22 PM, 3227, 9013.25, 1616.5, 321.73, 219.07, 160.53, 309.51, 170.23, 236.43, 95.33, 29.96, 63.18, 125.32, 62.99, 87.53, , , , , 
1/31/2020 5:27:25 PM, 3227, 9013.25, 1616.5, 321.73, 219.07, 160.53, 309.51, 170.23, 236.43, 95.33, 29.96, 63.18, 125.32, 62.99, 87.53, , , , , 
1/31/2020 5:27:28 PM, 3227, 9013.25, 1616.5, 321.73, 219.07, 160.53, 309.51, 170.23, 236.43, 95.33, 29.96, 63.18, 125.32, 62.99, 87.53, , , , , 
1/31/2020 5:27:31 PM, 3227, 9013.25, 1616.5, 321.73, 219.07, 160.53, 309.51, 170.23, 236.43, 95.33, 29.96, 63.18, 125.32, 62.99, 87.53, , , , , 
1/31/2020 5:27:34 PM, 3227, 9013.25, 1616.5, 321.73, 219.07, 160.53, 309.51, 170.23, 236.43, 95.33, 29.96, 63.18, 125.32, 62.99, 87.53, , , , , 
1/31/2020 5:27:37 PM, 3227, 9013.25, 1616.5, 321.73, 219.07, 160.53, 309.51, 170.23, 236.43, 95.33, 29.96, 63.18, 125.32, 62.99, 87.53, , , , , 
1/31/2020 5:27:40 PM, 3227, 9013.25, 1616.5, 321.73, 219.07, 160.53, 309.51, 170.23, 236.43, 95.33, 29.96, 63.18, 125.32, 62.99, 87.53, , , , , 
1/31/2020 5:27:43 PM, 3227, 9013.25, 1616.5, 321.73, 219.07, 160.53, 309.51, 170.23, 236.43, 95.33, 29.96, 63.18, 125.32, 62.99, 87.53, , , , , 
1/31/2020 5:27:46 PM, 3227, 9013.25, 1616.5, 321.73, 219.07, 160.53, 309.51, 170.23, 236.43, 95.33, 29.96, 63.18, 125.32, 62.99, 87.53, , , , , 
1/31/2020 5:27:49 PM, 3227, 9013.25, 1616.5, 321.73, 219.07, 160.53, 309.51, 170.23, 236.43, 95.33, 29.96, 63.18, 125.32, 62.99, 87.53, , , , , 
1/31/2020 5:27:52 PM, 3227, 9013.25, 1616.5, 321.73, 219.07, 160.53, 309.51, 170.23, 236.43, 95.33, 29.96, 63.18, 125.32, 62.99, 87.53, , , , , 
1/31/2020 5:27:55 PM, 3227, 9013.25, 1616.5, 321.73, 219.07, 160.53, 309.51, 170.23, 236.43, 95.33, 29.96, 63.18, 125.32, 62.99, 87.53, , , , , 
1/31/2020 5:27:58 PM, 3227, 9013.25, 1616.5, 321.73, 219.07, 160.53, 309.51, 170.23, 236.43, 95.33, 29.96, 63.18, 125.32, 62.99, 87.53, , , , , 
1/31/2020 5:28:01 PM, 3227, 9013.25, 1616.5, 321.73, 219.07, 160.53, 309.51, 170.23, 236.43, 95.33, 29.96, 63.18, 125.32, 62.99, 87.53, , , , , 
1/31/2020 5:28:04 PM, 3227, 9013.25, 1616.5, 321.73, 219.07, 160.53, 309.51, 170.23, 236.43, 95.33, 29.96, 63.18, 125.32, 62.99, 87.53, , , , , 
1/31/2020 5:28:07 PM, 3227, 9013.25, 1616.5, 321.73, 219.07, 160.53, 309.51, 170.23, 236.43, 95.33, 29.96, 63.18, 125.32, 62.99, 87.53, , , , , 
1/31/2020 5:28:10 PM, 3227, 9013.25, 1616.5, 321.73, 219.07, 160.53, 309.51, 170.23, 236.43, 95.33, 29.96, 63.18, 125.32, 62.99, 87.53, , , , , 
1/31/2020 5:28:13 PM, 3227, 9013.25, 1616.5, 321.73, 219.07, 160.53, 309.51, 170.23, 236.43, 95.33, 29.96, 63.18, 125.32, 62.99, 87.53, , , , , 
1/31/2020 5:28:16 PM, 3227, 9013.25, 1616.5, 321.73, 219.07, 160.53, 309.51, 170.23, 236.43, 95.33, 29.96, 63.18, 125.32, 62.99, 87.53, , , , , 
1/31/2020 5:28:19 PM, 3227, 9013.25, 1616.5, 321.73, 219.07, 160.53, 309.51, 170.23, 236.43, 95.33, 29.96, 63.18, 125.32, 62.99, 87.53, , , , , 
1/31/2020 5:28:22 PM, 3227, 9013.25, 1616.5, 321.73, 219.07, 160.53, 309.51, 170.23, 236.43, 95.33, 29.96, 63.18, 125.32, 62.99, 87.53, , , , , 
1/31/2020 5:28:25 PM, 3227, 9013.25, 1616.5, 321.73, 219.07, 160.53, 309.51, 170.23, 236.43, 95.33, 29.96, 63.18, 125.32, 62.99, 87.53, , , , , 
1/31/2020 5:28:28 PM, 3227, 9013.25, 1616.5, 321.73, 219.07, 160.53, 309.51, 170.23, 236.43, 95.33, 29.96, 63.18, 125.32, 62.99, 87.53, , , , , 
1/31/2020 5:28:31 PM, 3227, 9013.25, 1616.5, 321.73, 219.07, 160.53, 309.51, 170.23, 236.43, 95.33, 29.96, 63.18, 125.32, 62.99, 87.53, , , , , 
1/31/2020 5:28:34 PM, 3227, 9013.25, 1616.5, 321.73, 219.07, 160.53, 309.51, 170.23, 236.43, 95.33, 29.96, 63.18, 125.32, 62.99, 87.53, , , , , 
1/31/2020 5:28:37 PM, 3227, 9013.25, 1616.5, 321.73, 219.07, 160.53, 309.51, 170.23, 236.43, 95.33, 29.96, 63.18, 125.32, 62.99, 87.53, , , , , 
1/31/2020 5:28:40 PM, 3227, 9013.25, 1616.5, 321.73, 219.07, 160.53, 309.51, 170.23, 236.43, 95.33, 29.96, 63.18, 125.32, 62.99, 87.53, , , , , 
1/31/2020 5:28:43 PM, 3227, 9013.25, 1616.5, 321.73, 219.07, 160.53, 309.51, 170.23, 236.43, 95.33, 29.96, 63.18, 125.32, 62.99, 87.53, , , , , 
1/31/2020 5:28:46 PM, 3227, 9013.25, 1616.5, 321.73, 219.07, 160.53, 309.51, 170.23, 236.43, 95.33, 29.96, 63.18, 125.32, 62.99, 87.53, , , , , 
1/31/2020 5:28:49 PM, 3227, 9013.25, 1616.5, 321.73, 219.07, 160.53, 309.51, 170.23, 236.43, 95.33, 29.96, 63.18, 125.32, 62.99, 87.53, , , , , 
1/31/2020 5:28:52 PM, 3227, 9013.25, 1616.5, 321.73, 219.07, 160.53, 309.51, 170.23, 236.43, 95.33, 29.96, 63.18, 125.32, 62.99, 87.53, , , , , 
1/31/2020 5:28:55 PM, 3227, 9013.25, 1616.5, 321.73, 219.07, 160.53, 309.51, 170.23, 236.43, 95.33, 29.96, 63.18, 125.32, 62.99, 87.53, , , , , 
1/31/2020 5:28:58 PM, 3227, 9013.25, 1616.5, 321.73, 219.07, 160.53, 309.51, 170.23, 236.43, 95.33, 29.96, 63.18, 125.32, 62.99, 87.53, , , , , 
1/31/2020 5:29:01 PM, 3227, 9013.25, 1616.5, 321.73, 219.07, 160.53, 309.51, 170.23, 236.43, 95.33, 29.96, 63.18, 125.32, 62.99, 87.53, , , , , 
1/31/2020 5:29:04 PM, 3227, 9013.25, 1616.5, 321.73, 219.07, 160.53, 309.51, 170.23, 236.43, 95.33, 29.96, 63.18, 125.32, 62.99, 87.53, , , , , 
1/31/2020 5:29:07 PM, 3227, 9013.25, 1616.5, 321.73, 219.07, 160.53, 309.51, 170.23, 236.43, 95.33, 29.96, 63.18, 125.32, 62.99, 87.53, , , , , 
1/31/2020 5:29:10 PM, 3227, 9013.25, 1616.5, 321.73, 219.07, 160.53, 309.51, 170.23, 236.43, 95.33, 29.96, 63.18, 125.32, 62.99, 87.53, , , , , 
1/31/2020 5:29:14 PM, 3227, 9013.25, 1616.5, 321.73, 219.07, 160.53, 309.51, 170.23, 236.43, 95.33, 29.96, 63.18, 125.32, 62.99, 87.53, , , , , 
1/31/2020 5:29:17 PM, 3227, 9013.25, 1616.5, 321.73, 219.07, 160.53, 309.51, 170.23, 236.43, 95.33, 29.96, 63.18, 125.32, 62.99, 87.53, , , , , 
1/31/2020 5:29:20 PM, 3227, 9013.25, 1616.5, 321.73, 219.07, 160.53, 309.51, 170.23, 236.43, 95.33, 29.96, 63.18, 125.32, 62.99, 87.53, , , , , 
1/31/2020 5:29:23 PM, 3227, 9013.25, 1616.5, 321.73, 219.07, 160.53, 309.51, 170.23, 236.43, 95.33, 29.96, 63.18, 125.32, 62.99, 87.53, , , , , 
1/31/2020 5:29:26 PM, 3227, 9013.25, 1616.5, 321.73, 219.07, 160.53, 309.51, 170.23, 236.43, 95.33, 29.96, 63.18, 125.32, 62.99, 87.53, , , , , 
1/31/2020 5:29:29 PM, 3227, 9013.25, 1616.5, 321.73, 219.07, 160.53, 309.51, 170.23, 236.43, 95.33, 29.96, 63.18, 125.32, 62.99, 87.53, , , , , 
1/31/2020 5:29:32 PM, 3227, 9013.25, 1616.5, 321.73, 219.07, 160.53, 309.51, 170.23, 236.43, 95.33, 29.96, 63.18, 125.32, 62.99, 87.53, , , , , 
1/31/2020 5:29:35 PM, 3227, 9013.25, 1616.5, 321.73, 219.07, 160.53, 309.51, 170.23, 236.43, 95.33, 29.96, 63.18, 125.32, 62.99, 87.53, , , , , 
1/31/2020 5:29:38 PM, 3227, 9013.25, 1616.5, 321.73, 219.07, 160.53, 309.51, 170.23, 236.43, 95.33, 29.96, 63.18, 125.32, 62.99, 87.53, , , , , 
1/31/2020 5:29:41 PM, 3227, 9013.25, 1616.5, 321.73, 219.07, 160.53, 309.51, 170.23, 236.43, 95.33, 29.96, 63.18, 125.32, 62.99, 87.53, , , , , 
1/31/2020 5:29:44 PM, 3227, 9013.25, 1616.5, 321.73, 219.07, 160.53, 309.51, 170.23, 236.43, 95.33, 29.96, 63.18, 125.32, 62.99, 87.53, , , , , 
1/31/2020 5:29:47 PM, 3227, 9013.25, 1616.5, 321.73, 219.07, 160.53, 309.51, 170.23, 236.43, 95.33, 29.96, 63.18, 125.32, 62.99, 87.53, , , , , 
1/31/2020 5:29:50 PM, 3227, 9013.25, 1616.5, 321.73, 219.07, 160.53, 309.51, 170.23, 236.43, 95.33, 29.96, 63.18, 125.32, 62.99, 87.53, , , , , 
1/31/2020 5:29:53 PM, 3227, 9013.25, 1616.5, 321.73, 219.07, 160.53, 309.51, 170.23, 236.43, 95.33, 29.96, 63.18, 125.32, 62.99, 87.53, , , , , 
1/31/2020 5:29:56 PM, 3227, 9013.25, 1616.5, 321.73, 219.07, 160.53, 309.51, 170.23, 236.43, 95.33, 29.96, 63.18, 125.32, 62.99, 87.53, , , , , 
1/31/2020 5:29:59 PM, 3227, 9013.25, 1616.5, 321.73, 219.07, 160.53, 309.51, 170.23, 236.43, 95.33, 29.96, 63.18, 125.32, 62.99, 87.53, , , , , 
1/31/2020 5:30:02 PM, 3227, 9013.25, 1616.5, 321.73, 219.07, 160.53, 309.51, 170.23, 236.43, 95.33, 29.96, 63.18, 125.32, 62.99, 87.53, , , , , 
1/31/2020 5:30:05 PM, 3227, 9013.25, 1616.5, 321.73, 219.07, 160.53, 309.51, 170.23, 236.43, 95.33, 29.96, 63.18, 125.32, 62.99, 87.53, , , , , 
1/31/2020 5:30:08 PM, 3227, 9013.25, 1616.5, 321.73, 219.07, 160.53, 309.51, 170.23, 236.43, 95.33, 29.96, 63.18, 125.32, 62.99, 87.53, , , , , 
1/31/2020 5:30:11 PM, 3227, 9013.25, 1616.5, 321.73, 219.07, 160.53, 309.51, 170.23, 236.43, 95.33, 29.96, 63.18, 125.32, 62.99, 87.53, , , , , 
1/31/2020 5:30:14 PM, 3227, 9013.25, 1616.5, 321.73, 219.07, 160.53, 309.51, 170.23, 236.43, 95.33, 29.96, 63.18, 125.32, 62.99, 87.53, , , , , 
1/31/2020 5:30:17 PM, 3227, 9013.25, 1616.5, 321.73, 219.07, 160.53, 309.51, 170.23, 236.43, 95.33, 29.96, 63.18, 125.32, 62.99, 87.53, , , , , 
1/31/2020 5:30:20 PM, 3227, 9013.25, 1616.5, 321.73, 219.07, 160.53, 309.51, 170.23, 236.43, 95.33, 29.96, 63.18, 125.32, 62.99, 87.53, , , , , 
1/31/2020 5:30:23 PM, 3227, 9013.25, 1616.5, 321.73, 219.07, 160.53, 309.51, 170.23, 236.43, 95.33, 29.96, 63.18, 125.32, 62.99, 87.53, , , , , 
1/31/2020 5:30:26 PM, 3227, 9013.25, 1616.5, 321.73, 219.07, 160.53, 309.51, 170.23, 236.43, 95.33, 29.96, 63.18, 125.32, 62.99, 87.53, , , , , 
1/31/2020 5:30:29 PM, 3227, 9013.25, 1616.5, 321.73, 219.07, 160.53, 309.51, 170.23, 236.43, 95.33, 29.96, 63.18, 125.32, 62.99, 87.53, , , , , 
1/31/2020 5:30:32 PM, 3227, 9013.25, 1616.5, 321.73, 219.07, 160.53, 309.51, 170.23, 236.43, 95.33, 29.96, 63.18, 125.32, 62.99, 87.53, , , , , 
1/31/2020 5:30:35 PM, 3227, 9013.25, 1616.5, 321.73, 219.07, 160.53, 309.51, 170.23, 236.43, 95.33, 29.96, 63.18, 125.32, 62.99, 87.53, , , , , 
1/31/2020 5:30:38 PM, 3227, 9013.25, 1616.5, 321.73, 219.07, 160.53, 309.51, 170.23, 236.43, 95.33, 29.96, 63.18, 125.32, 62.99, 87.53, , , , , 
1/31/2020 5:30:41 PM, 3227, 9013.25, 1616.5, 321.73, 219.07, 160.53, 309.51, 170.23, 236.43, 95.33, 29.96, 63.18, 125.32, 62.99, 87.53, , , , , 
1/31/2020 5:30:44 PM, 3227, 9013.25, 1616.5, 321.73, 219.07, 160.53, 309.51, 170.23, 236.43, 95.33, 29.96, 63.18, 125.32, 62.99, 87.53, , , , , 
1/31/2020 5:30:47 PM, 3227, 9013.25, 1616.5, 321.73, 219.07, 160.53, 309.51, 170.23, 236.43, 95.33, 29.96, 63.18, 125.32, 62.99, 87.53, , , , , 
1/31/2020 5:30:50 PM, 3227, 9013.25, 1616.5, 321.73, 219.07, 160.53, 309.51, 170.23, 236.43, 95.33, 29.96, 63.18, 125.32, 62.99, 87.53, , , , , 
1/31/2020 5:30:53 PM, 3227, 9013.25, 1616.5, 321.73, 219.07, 160.53, 309.51, 170.23, 236.43, 95.33, 29.96, 63.18, 125.32, 62.99, 87.53, , , , , 
1/31/2020 5:30:56 PM, 3227, 9013.25, 1616.5, 321.73, 219.07, 160.53, 309.51, 170.23, 236.43, 95.33, 29.96, 63.18, 125.32, 62.99, 87.53, , , , , 
1/31/2020 5:30:59 PM, 3227, 9013.25, 1616.5, 321.73, 219.07, 160.53, 309.51, 170.23, 236.43, 95.33, 29.96, 63.18, 125.32, 62.99, 87.53, , , , , 
1/31/2020 5:31:02 PM, 3227, 9013.25, 1616.5, 321.73, 219.07, 160.53, 309.51, 170.23, 236.43, 95.33, 29.96, 63.18, 125.32, 62.99, 87.53, , , , , 
1/31/2020 5:31:05 PM, 3227, 9013.25, 1616.5, 321.73, 219.07, 160.53, 309.51, 170.23, 236.43, 95.33, 29.96, 63.18, 125.32, 62.99, 87.53, , , , , 
1/31/2020 5:31:08 PM, 3227, 9013.25, 1616.5, 321.73, 219.07, 160.53, 309.51, 170.23, 236.43, 95.33, 29.96, 63.18, 125.32, 62.99, 87.53, , , , , 
1/31/2020 5:31:11 PM, 3227, 9013.25, 1616.5, 321.73, 219.07, 160.53, 309.51, 170.23, 236.43, 95.33, 29.96, 63.18, 125.32, 62.99, 87.53, , , , , 
1/31/2020 5:31:14 PM, 3227, 9013.25, 1616.5, 321.73, 219.07, 160.53, 309.51, 170.23, 236.43, 95.33, 29.96, 63.18, 125.32, 62.99, 87.53, , , , , 
1/31/2020 5:31:17 PM, 3227, 9013.25, 1616.5, 321.73, 219.07, 160.53, 309.51, 170.23, 236.43, 95.33, 29.96, 63.18, 125.32, 62.99, 87.53, , , , , 
1/31/2020 5:31:20 PM, 3227, 9013.25, 1616.5, 321.73, 219.07, 160.53, 309.51, 170.23, 236.43, 95.33, 29.96, 63.18, 125.32, 62.99, 87.53, , , , , 
1/31/2020 5:31:23 PM, 3227, 9013.25, 1616.5, 321.73, 219.07, 160.53, 309.51, 170.23, 236.43, 95.33, 29.96, 63.18, 125.32, 62.99, 87.53, , , , , 
1/31/2020 5:31:26 PM, 3227, 9013.25, 1616.5, 321.73, 219.07, 160.53, 309.51, 170.23, 236.43, 95.33, 29.96, 63.18, 125.32, 62.99, 87.53, , , , , 
1/31/2020 5:31:29 PM, 3227, 9013.25, 1616.5, 321.73, 219.07, 160.53, 309.51, 170.23, 236.43, 95.33, 29.96, 63.18, 125.32, 62.99, 87.53, , , , , 
1/31/2020 5:31:32 PM, 3227, 9013.25, 1616.5, 321.73, 219.07, 160.53, 309.51, 170.23, 236.43, 95.33, 29.96, 63.18, 125.32, 62.99, 87.53, , , , , 
1/31/2020 5:31:36 PM, 3227, 9013.25, 1616.5, 321.73, 219.07, 160.53, 309.51, 170.23, 236.43, 95.33, 29.96, 63.18, 125.32, 62.99, 87.53, , , , , 
1/31/2020 5:31:39 PM, 3227, 9013.25, 1616.5, 321.73, 219.07, 160.53, 309.51, 170.23, 236.43, 95.33, 29.96, 63.18, 125.32, 62.99, 87.53, , , , , 
1/31/2020 5:31:42 PM, 3227, 9013.25, 1616.5, 321.73, 219.07, 160.53, 309.51, 170.23, 236.43, 95.33, 29.96, 63.18, 125.32, 62.99, 87.53, , , , , 
1/31/2020 5:31:45 PM, 3227, 9013.25, 1616.5, 321.73, 219.07, 160.53, 309.51, 170.23, 236.43, 95.33, 29.96, 63.18, 125.32, 62.99, 87.53, , , , , 
1/31/2020 5:31:48 PM, 3227, 9013.25, 1616.5, 321.73, 219.07, 160.53, 309.51, 170.23, 236.43, 95.33, 29.96, 63.18, 125.32, 62.99, 87.53, , , , , 
1/31/2020 5:31:51 PM, 3227, 9013.25, 1616.5, 321.73, 219.07, 160.53, 309.51, 170.23, 236.43, 95.33, 29.96, 63.18, 125.32, 62.99, 87.53, , , , , 
1/31/2020 5:31:54 PM, 3227, 9013.25, 1616.5, 321.73, 219.07, 160.53, 309.51, 170.23, 236.43, 95.33, 29.96, 63.18, 125.32, 62.99, 87.53, , , , , 
1/31/2020 5:31:57 PM, 3227, 9013.25, 1616.5, 321.73, 219.07, 160.53, 309.51, 170.23, 236.43, 95.33, 29.96, 63.18, 125.32, 62.99, 87.53, , , , , 
1/31/2020 5:32:00 PM, 3227, 9013.25, 1616.5, 321.73, 219.07, 160.53, 309.51, 170.23, 236.43, 95.33, 29.96, 63.18, 125.32, 62.99, 87.53, , , , , 
1/31/2020 5:32:03 PM, 3227, 9013.25, 1616.5, 321.73, 219.07, 160.53, 309.51, 170.23, 236.43, 95.33, 29.96, 63.18, 125.32, 62.99, 87.53, , , , , 
1/31/2020 5:32:06 PM, 3227, 9013.25, 1616.5, 321.73, 219.07, 160.53, 309.51, 170.23, 236.43, 95.33, 29.96, 63.18, 125.32, 62.99, 87.53, , , , , 
1/31/2020 5:32:09 PM, 3227, 9013.25, 1616.5, 321.73, 219.07, 160.53, 309.51, 170.23, 236.43, 95.33, 29.96, 63.18, 125.32, 62.99, 87.53, , , , , 
1/31/2020 5:32:12 PM, 3227, 9013.25, 1616.5, 321.73, 219.07, 160.53, 309.51, 170.23, 236.43, 95.33, 29.96, 63.18, 125.32, 62.99, 87.53, , , , , 
1/31/2020 5:32:15 PM, 3227, 9013.25, 1616.5, 321.73, 219.07, 160.53, 309.51, 170.23, 236.43, 95.33, 29.96, 63.18, 125.32, 62.99, 87.53, , , , , 
1/31/2020 5:32:18 PM, 3227, 9013.25, 1616.5, 321.73, 219.07, 160.53, 309.51, 170.23, 236.43, 95.33, 29.96, 63.18, 125.32, 62.99, 87.53, , , , , 
1/31/2020 5:32:21 PM, 3227, 9013.25, 1616.5, 321.73, 219.07, 160.53, 309.51, 170.23, 236.43, 95.33, 29.96, 63.18, 125.32, 62.99, 87.53, , , , , 
1/31/2020 5:32:24 PM, 3227, 9013.25, 1616.5, 321.73, 219.07, 160.53, 309.51, 170.23, 236.43, 95.33, 29.96, 63.18, 125.32, 62.99, 87.53, , , , , 
1/31/2020 5:32:27 PM, 3227, 9013.25, 1616.5, 321.73, 219.07, 160.53, 309.51, 170.23, 236.43, 95.33, 29.96, 63.18, 125.32, 62.99, 87.53, , , , , 
1/31/2020 5:32:30 PM, 3227, 9013.25, 1616.5, 321.73, 219.07, 160.53, 309.51, 170.23, 236.43, 95.33, 29.96, 63.18, 125.32, 62.99, 87.53, , , , , 
1/31/2020 5:32:33 PM, 3227, 9013.25, 1616.5, 321.73, 219.07, 160.53, 309.51, 170.23, 236.43, 95.33, 29.96, 63.18, 125.32, 62.99, 87.53, , , , , 
1/31/2020 5:32:36 PM, 3227, 9013.25, 1616.5, 321.73, 219.07, 160.53, 309.51, 170.23, 236.43, 95.33, 29.96, 63.18, 125.32, 62.99, 87.53, , , , , 
1/31/2020 5:32:39 PM, 3227, 9013.25, 1616.5, 321.73, 219.07, 160.53, 309.51, 170.23, 236.43, 95.33, 29.96, 63.18, 125.32, 62.99, 87.53, , , , , 
1/31/2020 5:32:42 PM, 3227, 9013.25, 1616.5, 321.73, 219.07, 160.53, 309.51, 170.23, 236.43, 95.33, 29.96, 63.18, 125.32, 62.99, 87.53, , , , , 
1/31/2020 5:32:45 PM, 3227, 9013.25, 1616.5, 321.73, 219.07, 160.53, 309.51, 170.23, 236.43, 95.33, 29.96, 63.18, 125.32, 62.99, 87.53, , , , , 
1/31/2020 5:32:48 PM, 3227, 9013.25, 1616.5, 321.73, 219.07, 160.53, 309.51, 170.23, 236.43, 95.33, 29.96, 63.18, 125.32, 62.99, 87.53, , , , , 
1/31/2020 5:32:51 PM, 3227, 9013.25, 1616.5, 321.73, 219.07, 160.53, 309.51, 170.23, 236.43, 95.33, 29.96, 63.18, 125.32, 62.99, 87.53, , , , , 
1/31/2020 5:32:54 PM, 3227, 9013.25, 1616.5, 321.73, 219.07, 160.53, 309.51, 170.23, 236.43, 95.33, 29.96, 63.18, 125.32, 62.99, 87.53, , , , , 
1/31/2020 5:32:57 PM, 3227, 9013.25, 1616.5, 321.73, 219.07, 160.53, 309.51, 170.23, 236.43, 95.33, 29.96, 63.18, 125.32, 62.99, 87.53, , , , , 
1/31/2020 5:33:00 PM, 3227, 9013.25, 1616.5, 321.73, 219.07, 160.53, 309.51, 170.23, 236.43, 95.33, 29.96, 63.18, 125.32, 62.99, 87.53, , , , , 
1/31/2020 5:33:03 PM, 3227, 9013.25, 1616.5, 321.73, 219.07, 160.53, 309.51, 170.23, 236.43, 95.33, 29.96, 63.18, 125.32, 62.99, 87.53, , , , , 
1/31/2020 5:33:06 PM, 3227, 9013.25, 1616.5, 321.73, 219.07, 160.53, 309.51, 170.23, 236.43, 95.33, 29.96, 63.18, 125.32, 62.99, 87.53, , , , , 
1/31/2020 5:33:09 PM, 3227, 9013.25, 1616.5, 321.73, 219.07, 160.53, 309.51, 170.23, 236.43, 95.33, 29.96, 63.18, 125.32, 62.99, 87.53, , , , , 
1/31/2020 5:33:12 PM, 3227, 9013.25, 1616.5, 321.73, 219.07, 160.53, 309.51, 170.23, 236.43, 95.33, 29.96, 63.18, 125.32, 62.99, 87.53, , , , , 
1/31/2020 5:33:15 PM, 3227, 9013.25, 1616.5, 321.73, 219.07, 160.53, 309.51, 170.23, 236.43, 95.33, 29.96, 63.18, 125.32, 62.99, 87.53, , , , , 
1/31/2020 5:33:18 PM, 3227, 9013.25, 1616.5, 321.73, 219.07, 160.53, 309.51, 170.23, 236.43, 95.33, 29.96, 63.18, 125.32, 62.99, 87.53, , , , , 
1/31/2020 5:33:21 PM, 3227, 9013.25, 1616.5, 321.73, 219.07, 160.53, 309.51, 170.23, 236.43, 95.33, 29.96, 63.18, 125.32, 62.99, 87.53, , , , , 
1/31/2020 5:33:24 PM, 3227, 9013.25, 1616.5, 321.73, 219.07, 160.53, 309.51, 170.23, 236.43, 95.33, 29.96, 63.18, 125.32, 62.99, 87.53, , , , , 
1/31/2020 5:33:27 PM, 3227, 9013.25, 1616.5, 321.73, 219.07, 160.53, 309.51, 170.23, 236.43, 95.33, 29.96, 63.18, 125.32, 62.99, 87.53, , , , , 
1/31/2020 5:33:30 PM, 3227, 9013.25, 1616.5, 321.73, 219.07, 160.53, 309.51, 170.23, 236.43, 95.33, 29.96, 63.18, 125.32, 62.99, 87.53, , , , , 
1/31/2020 5:33:33 PM, 3227, 9013.25, 1616.5, 321.73, 219.07, 160.53, 309.51, 170.23, 236.43, 95.33, 29.96, 63.18, 125.32, 62.99, 87.53, , , , , 
1/31/2020 5:33:36 PM, 3227, 9013.25, 1616.5, 321.73, 219.07, 160.53, 309.51, 170.23, 236.43, 95.33, 29.96, 63.18, 125.32, 62.99, 87.53, , , , , 
1/31/2020 5:33:39 PM, 3227, 9013.25, 1616.5, 321.73, 219.07, 160.53, 309.51, 170.23, 236.43, 95.33, 29.96, 63.18, 125.32, 62.99, 87.53, , , , , 
1/31/2020 5:33:42 PM, 3227, 9013.25, 1616.5, 321.73, 219.07, 160.53, 309.51, 170.23, 236.43, 95.33, 29.96, 63.18, 125.32, 62.99, 87.53, , , , , 
1/31/2020 5:33:46 PM, 3227, 9013.25, 1616.5, 321.73, 219.07, 160.53, 309.51, 170.23, 236.43, 95.33, 29.96, 63.18, 125.32, 62.99, 87.53, , , , , 
1/31/2020 5:33:49 PM, 3227, 9013.25, 1616.5, 321.73, 219.07, 160.53, 309.51, 170.23, 236.43, 95.33, 29.96, 63.18, 125.32, 62.99, 87.53, , , , , 
1/31/2020 5:33:52 PM, 3227, 9013.25, 1616.5, 321.73, 219.07, 160.53, 309.51, 170.23, 236.43, 95.33, 29.96, 63.18, 125.32, 62.99, 87.53, , , , , 
1/31/2020 5:33:55 PM, 3227, 9013.25, 1616.5, 321.73, 219.07, 160.53, 309.51, 170.23, 236.43, 95.33, 29.96, 63.18, 125.32, 62.99, 87.53, , , , , 
1/31/2020 5:33:58 PM, 3227, 9013.25, 1616.5, 321.73, 219.07, 160.53, 309.51, 170.23, 236.43, 95.33, 29.96, 63.18, 125.32, 62.99, 87.53, , , , , 
1/31/2020 5:34:01 PM, 3227, 9013.25, 1616.5, 321.73, 219.07, 160.53, 309.51, 170.23, 236.43, 95.33, 29.96, 63.18, 125.32, 62.99, 87.53, , , , , 
1/31/2020 5:34:04 PM, 3227, 9013.25, 1616.5, 321.73, 219.07, 160.53, 309.51, 170.23, 236.43, 95.33, 29.96, 63.18, 125.32, 62.99, 87.53, , , , , 
1/31/2020 5:34:07 PM, 3227, 9013.25, 1616.5, 321.73, 219.07, 160.53, 309.51, 170.23, 236.43, 95.33, 29.96, 63.18, 125.32, 62.99, 87.53, , , , , 
1/31/2020 5:34:10 PM, 3227, 9013.25, 1616.5, 321.73, 219.07, 160.53, 309.51, 170.23, 236.43, 95.33, 29.96, 63.18, 125.32, 62.99, 87.53, , , , , 
1/31/2020 5:34:13 PM, 3227, 9013.25, 1616.5, 321.73, 219.07, 160.53, 309.51, 170.23, 236.43, 95.33, 29.96, 63.18, 125.32, 62.99, 87.53, , , , , 
1/31/2020 5:34:16 PM, 3227, 9013.25, 1616.5, 321.73, 219.07, 160.53, 309.51, 170.23, 236.43, 95.33, 29.96, 63.18, 125.32, 62.99, 87.53, , , , , 
1/31/2020 5:34:19 PM, 3227, 9013.25, 1616.5, 321.73, 219.07, 160.53, 309.51, 170.23, 236.43, 95.33, 29.96, 63.18, 125.32, 62.99, 87.53, , , , , 
1/31/2020 5:34:22 PM, 3227, 9013.25, 1616.5, 321.73, 219.07, 160.53, 309.51, 170.23, 236.43, 95.33, 29.96, 63.18, 125.32, 62.99, 87.53, , , , , 
1/31/2020 5:34:25 PM, 3227, 9013.25, 1616.5, 321.73, 219.07, 160.53, 309.51, 170.23, 236.43, 95.33, 29.96, 63.18, 125.32, 62.99, 87.53, , , , , 
1/31/2020 5:34:28 PM, 3227, 9013.25, 1616.5, 321.73, 219.07, 160.53, 309.51, 170.23, 236.43, 95.33, 29.96, 63.18, 125.32, 62.99, 87.53, , , , , 
1/31/2020 5:34:31 PM, 3227, 9013.25, 1616.5, 321.73, 219.07, 160.53, 309.51, 170.23, 236.43, 95.33, 29.96, 63.18, 125.32, 62.99, 87.53, , , , , 
1/31/2020 5:34:34 PM, 3227, 9013.25, 1616.5, 321.73, 219.07, 160.53, 309.51, 170.23, 236.43, 95.33, 29.96, 63.18, 125.32, 62.99, 87.53, , , , , 
1/31/2020 5:34:37 PM, 3227, 9013.25, 1616.5, 321.73, 219.07, 160.53, 309.51, 170.23, 236.43, 95.33, 29.96, 63.18, 125.32, 62.99, 87.53, , , , , 
1/31/2020 5:34:40 PM, 3227, 9013.25, 1616.5, 321.73, 219.07, 160.53, 309.51, 170.23, 236.43, 95.33, 29.96, 63.18, 125.32, 62.99, 87.53, , , , , 
1/31/2020 5:34:43 PM, 3227, 9013.25, 1616.5, 321.73, 219.07, 160.53, 309.51, 170.23, 236.43, 95.33, 29.96, 63.18, 125.32, 62.99, 87.53, , , , , 
1/31/2020 5:34:46 PM, 3227, 9013.25, 1616.5, 321.73, 219.07, 160.53, 309.51, 170.23, 236.43, 95.33, 29.96, 63.18, 125.32, 62.99, 87.53, , , , , 
1/31/2020 5:34:49 PM, 3227, 9013.25, 1616.5, 321.73, 219.07, 160.53, 309.51, 170.23, 236.43, 95.33, 29.96, 63.18, 125.32, 62.99, 87.53, , , , , 
1/31/2020 5:34:52 PM, 3227, 9013.25, 1616.5, 321.73, 219.07, 160.53, 309.51, 170.23, 236.43, 95.33, 29.96, 63.18, 125.32, 62.99, 87.53, , , , , 
1/31/2020 5:34:55 PM, 3227, 9013.25, 1616.5, 321.73, 219.07, 160.53, 309.51, 170.23, 236.43, 95.33, 29.96, 63.18, 125.32, 62.99, 87.53, , , , , 
1/31/2020 5:34:58 PM, 3227, 9013.25, 1616.5, 321.73, 219.07, 160.53, 309.51, 170.23, 236.43, 95.33, 29.96, 63.18, 125.32, 62.99, 87.53, , , , , 
1/31/2020 5:35:01 PM, 3227, 9013.25, 1616.5, 321.73, 219.07, 160.53, 309.51, 170.23, 236.43, 95.33, 29.96, 63.18, 125.32, 62.99, 87.53, , , , , 
1/31/2020 5:35:04 PM, 3227, 9013.25, 1616.5, 321.73, 219.07, 160.53, 309.51, 170.23, 236.43, 95.33, 29.96, 63.18, 125.32, 62.99, 87.53, , , , , 
1/31/2020 5:35:07 PM, 3227, 9013.25, 1616.5, 321.73, 219.07, 160.53, 309.51, 170.23, 236.43, 95.33, 29.96, 63.18, 125.32, 62.99, 87.53, , , , , 
1/31/2020 5:35:10 PM, 3227, 9013.25, 1616.5, 321.73, 219.07, 160.53, 309.51, 170.23, 236.43, 95.33, 29.96, 63.18, 125.32, 62.99, 87.53, , , , , 
1/31/2020 5:35:13 PM, 3227, 9013.25, 1616.5, 321.73, 219.07, 160.53, 309.51, 170.23, 236.43, 95.33, 29.96, 63.18, 125.32, 62.99, 87.53, , , , , 
1/31/2020 5:35:16 PM, 3227, 9013.25, 1616.5, 321.73, 219.07, 160.53, 309.51, 170.23, 236.43, 95.33, 29.96, 63.18, 125.32, 62.99, 87.53, , , , , 
1/31/2020 5:35:19 PM, 3227, 9013.25, 1616.5, 321.73, 219.07, 160.53, 309.51, 170.23, 236.43, 95.33, 29.96, 63.18, 125.32, 62.99, 87.53, , , , , 
1/31/2020 5:35:22 PM, 3227, 9013.25, 1616.5, 321.73, 219.07, 160.53, 309.51, 170.23, 236.43, 95.33, 29.96, 63.18, 125.32, 62.99, 87.53, , , , , 
1/31/2020 5:35:25 PM, 3227, 9013.25, 1616.5, 321.73, 219.07, 160.53, 309.51, 170.23, 236.43, 95.33, 29.96, 63.18, 125.32, 62.99, 87.53, , , , , 
1/31/2020 5:35:28 PM, 3227, 9013.25, 1616.5, 321.73, 219.07, 160.53, 309.51, 170.23, 236.43, 95.33, 29.96, 63.18, 125.32, 62.99, 87.53, , , , , 
1/31/2020 5:35:31 PM, 3227, 9013.25, 1616.5, 321.73, 219.07, 160.53, 309.51, 170.23, 236.43, 95.33, 29.96, 63.18, 125.32, 62.99, 87.53, , , , , 
1/31/2020 5:35:34 PM, 3227, 9013.25, 1616.5, 321.73, 219.07, 160.53, 309.51, 170.23, 236.43, 95.33, 29.96, 63.18, 125.32, 62.99, 87.53, , , , , 
1/31/2020 5:35:37 PM, 3227, 9013.25, 1616.5, 321.73, 219.07, 160.53, 309.51, 170.23, 236.43, 95.33, 29.96, 63.18, 125.32, 62.99, 87.53, , , , , 
1/31/2020 5:35:40 PM, 3227, 9013.25, 1616.5, 321.73, 219.07, 160.53, 309.51, 170.23, 236.43, 95.33, 29.96, 63.18, 125.32, 62.99, 87.53, , , , , 
1/31/2020 5:35:43 PM, 3227, 9013.25, 1616.5, 321.73, 219.07, 160.53, 309.51, 170.23, 236.43, 95.33, 29.96, 63.18, 125.32, 62.99, 87.53, , , , , 
1/31/2020 5:35:46 PM, 3227, 9013.25, 1616.5, 321.73, 219.07, 160.53, 309.51, 170.23, 236.43, 95.33, 29.96, 63.18, 125.32, 62.99, 87.53, , , , , 
1/31/2020 5:35:49 PM, 3227, 9013.25, 1616.5, 321.73, 219.07, 160.53, 309.51, 170.23, 236.43, 95.33, 29.96, 63.18, 125.32, 62.99, 87.53, , , , , 
1/31/2020 5:35:52 PM, 3227, 9013.25, 1616.5, 321.73, 219.07, 160.53, 309.51, 170.23, 236.43, 95.33, 29.96, 63.18, 125.32, 62.99, 87.53, , , , , 
1/31/2020 5:35:55 PM, 3227, 9013.25, 1616.5, 321.73, 219.07, 160.53, 309.51, 170.23, 236.43, 95.33, 29.96, 63.18, 125.32, 62.99, 87.53, , , , , 
1/31/2020 5:35:58 PM, 3227, 9013.25, 1616.5, 321.73, 219.07, 160.53, 309.51, 170.23, 236.43, 95.33, 29.96, 63.18, 125.32, 62.99, 87.53, , , , , 
1/31/2020 5:36:01 PM, 3227, 9013.25, 1616.5, 321.73, 219.07, 160.53, 309.51, 170.23, 236.43, 95.33, 29.96, 63.18, 125.32, 62.99, 87.53, , , , , 
1/31/2020 5:36:04 PM, 3227, 9013.25, 1616.5, 321.73, 219.07, 160.53, 309.51, 170.23, 236.43, 95.33, 29.96, 63.18, 125.32, 62.99, 87.53, , , , , 
1/31/2020 5:36:07 PM, 3227, 9013.25, 1616.5, 321.73, 219.07, 160.53, 309.51, 170.23, 236.43, 95.33, 29.96, 63.18, 125.32, 62.99, 87.53, , , , , 
1/31/2020 5:36:10 PM, 3227, 9013.25, 1616.5, 321.73, 219.07, 160.53, 309.51, 170.23, 236.43, 95.33, 29.96, 63.18, 125.32, 62.99, 87.53, , , , , 
1/31/2020 5:36:13 PM, 3227, 9013.25, 1616.5, 321.73, 219.07, 160.53, 309.51, 170.23, 236.43, 95.33, 29.96, 63.18, 125.32, 62.99, 87.53, , , , , 
1/31/2020 5:36:16 PM, 3227, 9013.25, 1616.5, 321.73, 219.07, 160.53, 309.51, 170.23, 236.43, 95.33, 29.96, 63.18, 125.32, 62.99, 87.53, , , , , 
1/31/2020 5:36:20 PM, 3227, 9013.25, 1616.5, 321.73, 219.07, 160.53, 309.51, 170.23, 236.43, 95.33, 29.96, 63.18, 125.32, 62.99, 87.53, , , , , 
1/31/2020 5:36:23 PM, 3227, 9013.25, 1616.5, 321.73, 219.07, 160.53, 309.51, 170.23, 236.43, 95.33, 29.96, 63.18, 125.32, 62.99, 87.53, , , , , 
1/31/2020 5:36:26 PM, 3227, 9013.25, 1616.5, 321.73, 219.07, 160.53, 309.51, 170.23, 236.43, 95.33, 29.96, 63.18, 125.32, 62.99, 87.53, , , , , 
1/31/2020 5:36:29 PM, 3227, 9013.25, 1616.5, 321.73, 219.07, 160.53, 309.51, 170.23, 236.43, 95.33, 29.96, 63.18, 125.32, 62.99, 87.53, , , , , 
1/31/2020 5:36:32 PM, 3227, 9013.25, 1616.5, 321.73, 219.07, 160.53, 309.51, 170.23, 236.43, 95.33, 29.96, 63.18, 125.32, 62.99, 87.53, , , , , 
1/31/2020 5:36:35 PM, 3227, 9013.25, 1616.5, 321.73, 219.07, 160.53, 309.51, 170.23, 236.43, 95.33, 29.96, 63.18, 125.32, 62.99, 87.53, , , , , 
1/31/2020 5:36:38 PM, 3227, 9013.25, 1616.5, 321.73, 219.07, 160.53, 309.51, 170.23, 236.43, 95.33, 29.96, 63.18, 125.32, 62.99, 87.53, , , , , 
1/31/2020 5:36:41 PM, 3227, 9013.25, 1616.5, 321.73, 219.07, 160.53, 309.51, 170.23, 236.43, 95.33, 29.96, 63.18, 125.32, 62.99, 87.53, , , , , 
1/31/2020 5:36:44 PM, 3227, 9013.25, 1616.5, 321.73, 219.07, 160.53, 309.51, 170.23, 236.43, 95.33, 29.96, 63.18, 125.32, 62.99, 87.53, , , , , 
1/31/2020 5:36:47 PM, 3227, 9013.25, 1616.5, 321.73, 219.07, 160.53, 309.51, 170.23, 236.43, 95.33, 29.96, 63.18, 125.32, 62.99, 87.53, , , , , 
1/31/2020 5:36:50 PM, 3227, 9013.25, 1616.5, 321.73, 219.07, 160.53, 309.51, 170.23, 236.43, 95.33, 29.96, 63.18, 125.32, 62.99, 87.53, , , , , 
1/31/2020 5:36:53 PM, 3227, 9013.25, 1616.5, 321.73, 219.07, 160.53, 309.51, 170.23, 236.43, 95.33, 29.96, 63.18, 125.32, 62.99, 87.53, , , , , 
1/31/2020 5:36:56 PM, 3227, 9013.25, 1616.5, 321.73, 219.07, 160.53, 309.51, 170.23, 236.43, 95.33, 29.96, 63.18, 125.32, 62.99, 87.53, , , , , 
1/31/2020 5:36:59 PM, 3227, 9013.25, 1616.5, 321.73, 219.07, 160.53, 309.51, 170.23, 236.43, 95.33, 29.96, 63.18, 125.32, 62.99, 87.53, , , , , 
1/31/2020 5:37:02 PM, 3227, 9013.25, 1616.5, 321.73, 219.07, 160.53, 309.51, 170.23, 236.43, 95.33, 29.96, 63.18, 125.32, 62.99, 87.53, , , , , 
1/31/2020 5:37:05 PM, 3227, 9013.25, 1616.5, 321.73, 219.07, 160.53, 309.51, 170.23, 236.43, 95.33, 29.96, 63.18, 125.32, 62.99, 87.53, , , , , 
1/31/2020 5:37:08 PM, 3227, 9013.25, 1616.5, 321.73, 219.07, 160.53, 309.51, 170.23, 236.43, 95.33, 29.96, 63.18, 125.32, 62.99, 87.53, , , , , 
1/31/2020 5:37:11 PM, 3227, 9013.25, 1616.5, 321.73, 219.07, 160.53, 309.51, 170.23, 236.43, 95.33, 29.96, 63.18, 125.32, 62.99, 87.53, , , , , 
1/31/2020 5:37:14 PM, 3227, 9013.25, 1616.5, 321.73, 219.07, 160.53, 309.51, 170.23, 236.43, 95.33, 29.96, 63.18, 125.32, 62.99, 87.53, , , , , 
1/31/2020 5:37:17 PM, 3227, 9013.25, 1616.5, 321.73, 219.07, 160.53, 309.51, 170.23, 236.43, 95.33, 29.96, 63.18, 125.32, 62.99, 87.53, , , , , 
1/31/2020 5:37:20 PM, 3227, 9013.25, 1616.5, 321.73, 219.07, 160.53, 309.51, 170.23, 236.43, 95.33, 29.96, 63.18, 125.32, 62.99, 87.53, , , , , 
1/31/2020 5:37:23 PM, 3227, 9013.25, 1616.5, 321.73, 219.07, 160.53, 309.51, 170.23, 236.43, 95.33, 29.96, 63.18, 125.32, 62.99, 87.53, , , , , 
1/31/2020 5:37:26 PM, 3227, 9013.25, 1616.5, 321.73, 219.07, 160.53, 309.51, 170.23, 236.43, 95.33, 29.96, 63.18, 125.32, 62.99, 87.53, , , , , 
1/31/2020 5:37:29 PM, 3227, 9013.25, 1616.5, 321.73, 219.07, 160.53, 309.51, 170.23, 236.43, 95.33, 29.96, 63.18, 125.32, 62.99, 87.53, , , , , 
1/31/2020 5:37:32 PM, 3227, 9013.25, 1616.5, 321.73, 219.07, 160.53, 309.51, 170.23, 236.43, 95.33, 29.96, 63.18, 125.32, 62.99, 87.53, , , , , 
1/31/2020 5:37:35 PM, 3227, 9013.25, 1616.5, 321.73, 219.07, 160.53, 309.51, 170.23, 236.43, 95.33, 29.96, 63.18, 125.32, 62.99, 87.53, , , , , 
1/31/2020 5:37:38 PM, 3227, 9013.25, 1616.5, 321.73, 219.07, 160.53, 309.51, 170.23, 236.43, 95.33, 29.96, 63.18, 125.32, 62.99, 87.53, , , , , 
1/31/2020 5:37:41 PM, 3227, 9013.25, 1616.5, 321.73, 219.07, 160.53, 309.51, 170.23, 236.43, 95.33, 29.96, 63.18, 125.32, 62.99, 87.53, , , , , 
1/31/2020 5:37:44 PM, 3227, 9013.25, 1616.5, 321.73, 219.07, 160.53, 309.51, 170.23, 236.43, 95.33, 29.96, 63.18, 125.32, 62.99, 87.53, , , , , 
1/31/2020 5:37:47 PM, 3227, 9013.25, 1616.5, 321.73, 219.07, 160.53, 309.51, 170.23, 236.43, 95.33, 29.96, 63.18, 125.32, 62.99, 87.53, , , , , 
1/31/2020 5:37:50 PM, 3227, 9013.25, 1616.5, 321.73, 219.07, 160.53, 309.51, 170.23, 236.43, 95.33, 29.96, 63.18, 125.32, 62.99, 87.53, , , , , 
1/31/2020 5:37:53 PM, 3227, 9013.25, 1616.5, 321.73, 219.07, 160.53, 309.51, 170.23, 236.43, 95.33, 29.96, 63.18, 125.32, 62.99, 87.53, , , , , 
1/31/2020 5:37:56 PM, 3227, 9013.25, 1616.5, 321.73, 219.07, 160.53, 309.51, 170.23, 236.43, 95.33, 29.96, 63.18, 125.32, 62.99, 87.53, , , , , 
1/31/2020 5:37:59 PM, 3227, 9013.25, 1616.5, 321.73, 219.07, 160.53, 309.51, 170.23, 236.43, 95.33, 29.96, 63.18, 125.32, 62.99, 87.53, , , , , 
1/31/2020 5:38:02 PM, 3227, 9013.25, 1616.5, 321.73, 219.07, 160.53, 309.51, 170.23, 236.43, 95.33, 29.96, 63.18, 125.32, 62.99, 87.53, , , , , 
1/31/2020 5:38:05 PM, 3227, 9013.25, 1616.5, 321.73, 219.07, 160.53, 309.51, 170.23, 236.43, 95.33, 29.96, 63.18, 125.32, 62.99, 87.53, , , , , 
1/31/2020 5:38:08 PM, 3227, 9013.25, 1616.5, 321.73, 219.07, 160.53, 309.51, 170.23, 236.43, 95.33, 29.96, 63.18, 125.32, 62.99, 87.53, , , , , 
1/31/2020 5:38:11 PM, 3227, 9013.25, 1616.5, 321.73, 219.07, 160.53, 309.51, 170.23, 236.43, 95.33, 29.96, 63.18, 125.32, 62.99, 87.53, , , , , 
1/31/2020 5:38:14 PM, 3227, 9013.25, 1616.5, 321.73, 219.07, 160.53, 309.51, 170.23, 236.43, 95.33, 29.96, 63.18, 125.32, 62.99, 87.53, , , , , 
1/31/2020 5:38:17 PM, 3227, 9013.25, 1616.5, 321.73, 219.07, 160.53, 309.51, 170.23, 236.43, 95.33, 29.96, 63.18, 125.32, 62.99, 87.53, , , , , 
1/31/2020 5:38:20 PM, 3227, 9013.25, 1616.5, 321.73, 219.07, 160.53, 309.51, 170.23, 236.43, 95.33, 29.96, 63.18, 125.32, 62.99, 87.53, , , , , 
1/31/2020 5:38:23 PM, 3227, 9013.25, 1616.5, 321.73, 219.07, 160.53, 309.51, 170.23, 236.43, 95.33, 29.96, 63.18, 125.32, 62.99, 87.53, , , , , 
1/31/2020 5:38:26 PM, 3227, 9013.25, 1616.5, 321.73, 219.07, 160.53, 309.51, 170.23, 236.43, 95.33, 29.96, 63.18, 125.32, 62.99, 87.53, , , , , 
1/31/2020 5:38:29 PM, 3227, 9013.25, 1616.5, 321.73, 219.07, 160.53, 309.51, 170.23, 236.43, 95.33, 29.96, 63.18, 125.32, 62.99, 87.53, , , , , 
1/31/2020 5:38:32 PM, 3227, 9013.25, 1616.5, 321.73, 219.07, 160.53, 309.51, 170.23, 236.43, 95.33, 29.96, 63.18, 125.32, 62.99, 87.53, , , , , 
1/31/2020 5:38:35 PM, 3227, 9013.25, 1616.5, 321.73, 219.07, 160.53, 309.51, 170.23, 236.43, 95.33, 29.96, 63.18, 125.32, 62.99, 87.53, , , , , 
1/31/2020 5:38:39 PM, 3227, 9013.25, 1616.5, 321.73, 219.07, 160.53, 309.51, 170.23, 236.43, 95.33, 29.96, 63.18, 125.32, 62.99, 87.53, , , , , 
1/31/2020 5:38:42 PM, 3227, 9013.25, 1616.5, 321.73, 219.07, 160.53, 309.51, 170.23, 236.43, 95.33, 29.96, 63.18, 125.32, 62.99, 87.53, , , , , 
1/31/2020 5:38:45 PM, 3227, 9013.25, 1616.5, 321.73, 219.07, 160.53, 309.51, 170.23, 236.43, 95.33, 29.96, 63.18, 125.32, 62.99, 87.53, , , , , 
1/31/2020 5:38:48 PM, 3227, 9013.25, 1616.5, 321.73, 219.07, 160.53, 309.51, 170.23, 236.43, 95.33, 29.96, 63.18, 125.32, 62.99, 87.53, , , , , 
1/31/2020 5:38:51 PM, 3227, 9013.25, 1616.5, 321.73, 219.07, 160.53, 309.51, 170.23, 236.43, 95.33, 29.96, 63.18, 125.32, 62.99, 87.53, , , , , 
1/31/2020 5:38:54 PM, 3227, 9013.25, 1616.5, 321.73, 219.07, 160.53, 309.51, 170.23, 236.43, 95.33, 29.96, 63.18, 125.32, 62.99, 87.53, , , , , 
1/31/2020 5:38:57 PM, 3227, 9013.25, 1616.5, 321.73, 219.07, 160.53, 309.51, 170.23, 236.43, 95.33, 29.96, 63.18, 125.32, 62.99, 87.53, , , , , 
1/31/2020 5:39:00 PM, 3227, 9013.25, 1616.5, 321.73, 219.07, 160.53, 309.51, 170.23, 236.43, 95.33, 29.96, 63.18, 125.32, 62.99, 87.53, , , , , 
1/31/2020 5:39:03 PM, 3227, 9013.25, 1616.5, 321.73, 219.07, 160.53, 309.51, 170.23, 236.43, 95.33, 29.96, 63.18, 125.32, 62.99, 87.53, , , , , 
1/31/2020 5:39:06 PM, 3227, 9013.25, 1616.5, 321.73, 219.07, 160.53, 309.51, 170.23, 236.43, 95.33, 29.96, 63.18, 125.32, 62.99, 87.53, , , , , 
1/31/2020 5:39:09 PM, 3227, 9013.25, 1616.5, 321.73, 219.07, 160.53, 309.51, 170.23, 236.43, 95.33, 29.96, 63.18, 125.32, 62.99, 87.53, , , , , 
1/31/2020 5:39:12 PM, 3227, 9013.25, 1616.5, 321.73, 219.07, 160.53, 309.51, 170.23, 236.43, 95.33, 29.96, 63.18, 125.32, 62.99, 87.53, , , , , 
1/31/2020 5:39:15 PM, 3227, 9013.25, 1616.5, 321.73, 219.07, 160.53, 309.51, 170.23, 236.43, 95.33, 29.96, 63.18, 125.32, 62.99, 87.53, , , , , 
1/31/2020 5:39:18 PM, 3227, 9013.25, 1616.5, 321.73, 219.07, 160.53, 309.51, 170.23, 236.43, 95.33, 29.96, 63.18, 125.32, 62.99, 87.53, , , , , 
1/31/2020 5:39:21 PM, 3227, 9013.25, 1616.5, 321.73, 219.07, 160.53, 309.51, 170.23, 236.43, 95.33, 29.96, 63.18, 125.32, 62.99, 87.53, , , , , 
1/31/2020 5:39:24 PM, 3227, 9013.25, 1616.5, 321.73, 219.07, 160.53, 309.51, 170.23, 236.43, 95.33, 29.96, 63.18, 125.32, 62.99, 87.53, , , , , 
1/31/2020 5:39:27 PM, 3227, 9013.25, 1616.5, 321.73, 219.07, 160.53, 309.51, 170.23, 236.43, 95.33, 29.96, 63.18, 125.32, 62.99, 87.53, , , , , 
1/31/2020 5:39:30 PM, 3227, 9013.25, 1616.5, 321.73, 219.07, 160.53, 309.51, 170.23, 236.43, 95.33, 29.96, 63.18, 125.32, 62.99, 87.53, , , , , 
1/31/2020 5:39:33 PM, 3227, 9013.25, 1616.5, 321.73, 219.07, 160.53, 309.51, 170.23, 236.43, 95.33, 29.96, 63.18, 125.32, 62.99, 87.53, , , , , 
1/31/2020 5:39:36 PM, 3227, 9013.25, 1616.5, 321.73, 219.07, 160.53, 309.51, 170.23, 236.43, 95.33, 29.96, 63.18, 125.32, 62.99, 87.53, , , , , 
1/31/2020 5:39:39 PM, 3227, 9013.25, 1616.5, 321.73, 219.07, 160.53, 309.51, 170.23, 236.43, 95.33, 29.96, 63.18, 125.32, 62.99, 87.53, , , , , 
1/31/2020 5:39:42 PM, 3227, 9013.25, 1616.5, 321.73, 219.07, 160.53, 309.51, 170.23, 236.43, 95.33, 29.96, 63.18, 125.32, 62.99, 87.53, , , , , 
1/31/2020 5:39:45 PM, 3227, 9013.25, 1616.5, 321.73, 219.07, 160.53, 309.51, 170.23, 236.43, 95.33, 29.96, 63.18, 125.32, 62.99, 87.53, , , , , 
1/31/2020 5:39:48 PM, 3227, 9013.25, 1616.5, 321.73, 219.07, 160.53, 309.51, 170.23, 236.43, 95.33, 29.96, 63.18, 125.32, 62.99, 87.53, , , , , 
1/31/2020 5:39:51 PM, 3227, 9013.25, 1616.5, 321.73, 219.07, 160.53, 309.51, 170.23, 236.43, 95.33, 29.96, 63.18, 125.32, 62.99, 87.53, , , , , 
1/31/2020 5:39:54 PM, 3227, 9013.25, 1616.5, 321.73, 219.07, 160.53, 309.51, 170.23, 236.43, 95.33, 29.96, 63.18, 125.32, 62.99, 87.53, , , , , 
1/31/2020 5:39:57 PM, 3227, 9013.25, 1616.5, 321.73, 219.07, 160.53, 309.51, 170.23, 236.43, 95.33, 29.96, 63.18, 125.32, 62.99, 87.53, , , , , 
1/31/2020 5:40:00 PM, 3227, 9013.25, 1616.5, 321.73, 219.07, 160.53, 309.51, 170.23, 236.43, 95.33, 29.96, 63.18, 125.32, 62.99, 87.53, , , , , 
1/31/2020 5:40:03 PM, 3227, 9013.25, 1616.5, 321.73, 219.07, 160.53, 309.51, 170.23, 236.43, 95.33, 29.96, 63.18, 125.32, 62.99, 87.53, , , , , 
1/31/2020 5:40:06 PM, 3227, 9013.25, 1616.5, 321.73, 219.07, 160.53, 309.51, 170.23, 236.43, 95.33, 29.96, 63.18, 125.32, 62.99, 87.53, , , , , 
1/31/2020 5:40:09 PM, 3227, 9013.25, 1616.5, 321.73, 219.07, 160.53, 309.51, 170.23, 236.43, 95.33, 29.96, 63.18, 125.32, 62.99, 87.53, , , , , 
1/31/2020 5:40:12 PM, 3227, 9013.25, 1616.5, 321.73, 219.07, 160.53, 309.51, 170.23, 236.43, 95.33, 29.96, 63.18, 125.32, 62.99, 87.53, , , , , 
1/31/2020 5:40:15 PM, 3227, 9013.25, 1616.5, 321.73, 219.07, 160.53, 309.51, 170.23, 236.43, 95.33, 29.96, 63.18, 125.32, 62.99, 87.53, , , , , 
1/31/2020 5:40:18 PM, 3227, 9013.25, 1616.5, 321.73, 219.07, 160.53, 309.51, 170.23, 236.43, 95.33, 29.96, 63.18, 125.32, 62.99, 87.53, , , , , 
1/31/2020 5:40:21 PM, 3227, 9013.25, 1616.5, 321.73, 219.07, 160.53, 309.51, 170.23, 236.43, 95.33, 29.96, 63.18, 125.32, 62.99, 87.53, , , , , 
1/31/2020 5:40:24 PM, 3227, 9013.25, 1616.5, 321.73, 219.07, 160.53, 309.51, 170.23, 236.43, 95.33, 29.96, 63.18, 125.32, 62.99, 87.53, , , , , 
1/31/2020 5:40:27 PM, 3227, 9013.25, 1616.5, 321.73, 219.07, 160.53, 309.51, 170.23, 236.43, 95.33, 29.96, 63.18, 125.32, 62.99, 87.53, , , , , 
1/31/2020 5:40:30 PM, 3227, 9013.25, 1616.5, 321.73, 219.07, 160.53, 309.51, 170.23, 236.43, 95.33, 29.96, 63.18, 125.32, 62.99, 87.53, , , , , 
1/31/2020 5:40:33 PM, 3227, 9013.25, 1616.5, 321.73, 219.07, 160.53, 309.51, 170.23, 236.43, 95.33, 29.96, 63.18, 125.32, 62.99, 87.53, , , , , 
1/31/2020 5:40:36 PM, 3227, 9013.25, 1616.5, 321.73, 219.07, 160.53, 309.51, 170.23, 236.43, 95.33, 29.96, 63.18, 125.32, 62.99, 87.53, , , , , 
1/31/2020 5:40:39 PM, 3227, 9013.25, 1616.5, 321.73, 219.07, 160.53, 309.51, 170.23, 236.43, 95.33, 29.96, 63.18, 125.32, 62.99, 87.53, , , , , 
1/31/2020 5:40:42 PM, 3227, 9013.25, 1616.5, 321.73, 219.07, 160.53, 309.51, 170.23, 236.43, 95.33, 29.96, 63.18, 125.32, 62.99, 87.53, , , , , 
1/31/2020 5:40:45 PM, 3227, 9013.25, 1616.5, 321.73, 219.07, 160.53, 309.51, 170.23, 236.43, 95.33, 29.96, 63.18, 125.32, 62.99, 87.53, , , , , 
1/31/2020 5:40:48 PM, 3227, 9013.25, 1616.5, 321.73, 219.07, 160.53, 309.51, 170.23, 236.43, 95.33, 29.96, 63.18, 125.32, 62.99, 87.53, , , , , 
1/31/2020 5:40:51 PM, 3227, 9013.25, 1616.5, 321.73, 219.07, 160.53, 309.51, 170.23, 236.43, 95.33, 29.96, 63.18, 125.32, 62.99, 87.53, , , , , 
1/31/2020 5:40:54 PM, 3227, 9013.25, 1616.5, 321.73, 219.07, 160.53, 309.51, 170.23, 236.43, 95.33, 29.96, 63.18, 125.32, 62.99, 87.53, , , , , 
1/31/2020 5:40:58 PM, 3227, 9013.25, 1616.5, 321.73, 219.07, 160.53, 309.51, 170.23, 236.43, 95.33, 29.96, 63.18, 125.32, 62.99, 87.53, , , , , 
1/31/2020 5:41:01 PM, 3227, 9013.25, 1616.5, 321.73, 219.07, 160.53, 309.51, 170.23, 236.43, 95.33, 29.96, 63.18, 125.32, 62.99, 87.53, , , , , 
1/31/2020 5:41:04 PM, 3227, 9013.25, 1616.5, 321.73, 219.07, 160.53, 309.51, 170.23, 236.43, 95.33, 29.96, 63.18, 125.32, 62.99, 87.53, , , , , 
1/31/2020 5:41:07 PM, 3227, 9013.25, 1616.5, 321.73, 219.07, 160.53, 309.51, 170.23, 236.43, 95.33, 29.96, 63.18, 125.32, 62.99, 87.53, , , , , 
1/31/2020 5:41:10 PM, 3227, 9013.25, 1616.5, 321.73, 219.07, 160.53, 309.51, 170.23, 236.43, 95.33, 29.96, 63.18, 125.32, 62.99, 87.53, , , , , 
1/31/2020 5:41:13 PM, 3227, 9013.25, 1616.5, 321.73, 219.07, 160.53, 309.51, 170.23, 236.43, 95.33, 29.96, 63.18, 125.32, 62.99, 87.53, , , , , 
1/31/2020 5:41:16 PM, 3227, 9013.25, 1616.5, 321.73, 219.07, 160.53, 309.51, 170.23, 236.43, 95.33, 29.96, 63.18, 125.32, 62.99, 87.53, , , , , 
1/31/2020 5:41:19 PM, 3227, 9013.25, 1616.5, 321.73, 219.07, 160.53, 309.51, 170.23, 236.43, 95.33, 29.96, 63.18, 125.32, 62.99, 87.53, , , , , 
1/31/2020 5:41:22 PM, 3227, 9013.25, 1616.5, 321.73, 219.07, 160.53, 309.51, 170.23, 236.43, 95.33, 29.96, 63.18, 125.32, 62.99, 87.53, , , , , 
1/31/2020 5:41:25 PM, 3227, 9013.25, 1616.5, 321.73, 219.07, 160.53, 309.51, 170.23, 236.43, 95.33, 29.96, 63.18, 125.32, 62.99, 87.53, , , , , 
1/31/2020 5:41:28 PM, 3227, 9013.25, 1616.5, 321.73, 219.07, 160.53, 309.51, 170.23, 236.43, 95.33, 29.96, 63.18, 125.32, 62.99, 87.53, , , , , 
1/31/2020 5:41:31 PM, 3227, 9013.25, 1616.5, 321.73, 219.07, 160.53, 309.51, 170.23, 236.43, 95.33, 29.96, 63.18, 125.32, 62.99, 87.53, , , , , 
1/31/2020 5:41:34 PM, 3227, 9013.25, 1616.5, 321.73, 219.07, 160.53, 309.51, 170.23, 236.43, 95.33, 29.96, 63.18, 125.32, 62.99, 87.53, , , , , 
1/31/2020 5:41:37 PM, 3227, 9013.25, 1616.5, 321.73, 219.07, 160.53, 309.51, 170.23, 236.43, 95.33, 29.96, 63.18, 125.32, 62.99, 87.53, , , , , 
1/31/2020 5:41:40 PM, 3227, 9013.25, 1616.5, 321.73, 219.07, 160.53, 309.51, 170.23, 236.43, 95.33, 29.96, 63.18, 125.32, 62.99, 87.53, , , , , 
1/31/2020 5:41:43 PM, 3227, 9013.25, 1616.5, 321.73, 219.07, 160.53, 309.51, 170.23, 236.43, 95.33, 29.96, 63.18, 125.32, 62.99, 87.53, , , , , 
1/31/2020 5:41:46 PM, 3227, 9013.25, 1616.5, 321.73, 219.07, 160.53, 309.51, 170.23, 236.43, 95.33, 29.96, 63.18, 125.32, 62.99, 87.53, , , , , 
1/31/2020 5:41:49 PM, 3227, 9013.25, 1616.5, 321.73, 219.07, 160.53, 309.51, 170.23, 236.43, 95.33, 29.96, 63.18, 125.32, 62.99, 87.53, , , , , 
1/31/2020 5:41:52 PM, 3227, 9013.25, 1616.5, 321.73, 219.07, 160.53, 309.51, 170.23, 236.43, 95.33, 29.96, 63.18, 125.32, 62.99, 87.53, , , , , 
1/31/2020 5:41:55 PM, 3227, 9013.25, 1616.5, 321.73, 219.07, 160.53, 309.51, 170.23, 236.43, 95.33, 29.96, 63.18, 125.32, 62.99, 87.53, , , , , 
1/31/2020 5:41:58 PM, 3227, 9013.25, 1616.5, 321.73, 219.07, 160.53, 309.51, 170.23, 236.43, 95.33, 29.96, 63.18, 125.32, 62.99, 87.53, , , , , 
1/31/2020 5:42:01 PM, 3227, 9013.25, 1616.5, 321.73, 219.07, 160.53, 309.51, 170.23, 236.43, 95.33, 29.96, 63.18, 125.32, 62.99, 87.53, , , , , 
1/31/2020 5:42:04 PM, 3227, 9013.25, 1616.5, 321.73, 219.07, 160.53, 309.51, 170.23, 236.43, 95.33, 29.96, 63.18, 125.32, 62.99, 87.53, , , , , 
1/31/2020 5:42:07 PM, 3227, 9013.25, 1616.5, 321.73, 219.07, 160.53, 309.51, 170.23, 236.43, 95.33, 29.96, 63.18, 125.32, 62.99, 87.53, , , , , 
1/31/2020 5:42:10 PM, 3227, 9013.25, 1616.5, 321.73, 219.07, 160.53, 309.51, 170.23, 236.43, 95.33, 29.96, 63.18, 125.32, 62.99, 87.53, , , , , 
1/31/2020 5:42:13 PM, 3227, 9013.25, 1616.5, 321.73, 219.07, 160.53, 309.51, 170.23, 236.43, 95.33, 29.96, 63.18, 125.32, 62.99, 87.53, , , , , 
1/31/2020 5:42:16 PM, 3227, 9013.25, 1616.5, 321.73, 219.07, 160.53, 309.51, 170.23, 236.43, 95.33, 29.96, 63.18, 125.32, 62.99, 87.53, , , , , 
1/31/2020 5:42:19 PM, 3227, 9013.25, 1616.5, 321.73, 219.07, 160.53, 309.51, 170.23, 236.43, 95.33, 29.96, 63.18, 125.32, 62.99, 87.53, , , , , 
1/31/2020 5:42:22 PM, 3227, 9013.25, 1616.5, 321.73, 219.07, 160.53, 309.51, 170.23, 236.43, 95.33, 29.96, 63.18, 125.32, 62.99, 87.53, , , , , 
1/31/2020 5:42:25 PM, 3227, 9013.25, 1616.5, 321.73, 219.07, 160.53, 309.51, 170.23, 236.43, 95.33, 29.96, 63.18, 125.32, 62.99, 87.53, , , , , 
1/31/2020 5:42:28 PM, 3227, 9013.25, 1616.5, 321.73, 219.07, 160.53, 309.51, 170.23, 236.43, 95.33, 29.96, 63.18, 125.32, 62.99, 87.53, , , , , 
1/31/2020 5:42:31 PM, 3227, 9013.25, 1616.5, 321.73, 219.07, 160.53, 309.51, 170.23, 236.43, 95.33, 29.96, 63.18, 125.32, 62.99, 87.53, , , , , 
1/31/2020 5:42:34 PM, 3227, 9013.25, 1616.5, 321.73, 219.07, 160.53, 309.51, 170.23, 236.43, 95.33, 29.96, 63.18, 125.32, 62.99, 87.53, , , , , 
1/31/2020 5:42:37 PM, 3227, 9013.25, 1616.5, 321.73, 219.07, 160.53, 309.51, 170.23, 236.43, 95.33, 29.96, 63.18, 125.32, 62.99, 87.53, , , , , 
1/31/2020 5:42:40 PM, 3227, 9013.25, 1616.5, 321.73, 219.07, 160.53, 309.51, 170.23, 236.43, 95.33, 29.96, 63.18, 125.32, 62.99, 87.53, , , , , 
1/31/2020 5:42:43 PM, 3227, 9013.25, 1616.5, 321.73, 219.07, 160.53, 309.51, 170.23, 236.43, 95.33, 29.96, 63.18, 125.32, 62.99, 87.53, , , , , 
1/31/2020 5:42:46 PM, 3227, 9013.25, 1616.5, 321.73, 219.07, 160.53, 309.51, 170.23, 236.43, 95.33, 29.96, 63.18, 125.32, 62.99, 87.53, , , , , 
1/31/2020 5:42:49 PM, 3227, 9013.25, 1616.5, 321.73, 219.07, 160.53, 309.51, 170.23, 236.43, 95.33, 29.96, 63.18, 125.32, 62.99, 87.53, , , , , 
1/31/2020 5:42:52 PM, 3227, 9013.25, 1616.5, 321.73, 219.07, 160.53, 309.51, 170.23, 236.43, 95.33, 29.96, 63.18, 125.32, 62.99, 87.53, , , , , 
1/31/2020 5:42:55 PM, 3227, 9013.25, 1616.5, 321.73, 219.07, 160.53, 309.51, 170.23, 236.43, 95.33, 29.96, 63.18, 125.32, 62.99, 87.53, , , , , 
1/31/2020 5:42:58 PM, 3227, 9013.25, 1616.5, 321.73, 219.07, 160.53, 309.51, 170.23, 236.43, 95.33, 29.96, 63.18, 125.32, 62.99, 87.53, , , , , 
1/31/2020 5:43:01 PM, 3227, 9013.25, 1616.5, 321.73, 219.07, 160.53, 309.51, 170.23, 236.43, 95.33, 29.96, 63.18, 125.32, 62.99, 87.53, , , , , 
1/31/2020 5:43:04 PM, 3227, 9013.25, 1616.5, 321.73, 219.07, 160.53, 309.51, 170.23, 236.43, 95.33, 29.96, 63.18, 125.32, 62.99, 87.53, , , , , 
1/31/2020 5:43:07 PM, 3227, 9013.25, 1616.5, 321.73, 219.07, 160.53, 309.51, 170.23, 236.43, 95.33, 29.96, 63.18, 125.32, 62.99, 87.53, , , , , 
1/31/2020 5:43:11 PM, 3227, 9013.25, 1616.5, 321.73, 219.07, 160.53, 309.51, 170.23, 236.43, 95.33, 29.96, 63.18, 125.32, 62.99, 87.53, , , , , 
1/31/2020 5:43:14 PM, 3227, 9013.25, 1616.5, 321.73, 219.07, 160.53, 309.51, 170.23, 236.43, 95.33, 29.96, 63.18, 125.32, 62.99, 87.53, , , , , 
1/31/2020 5:43:17 PM, 3227, 9013.25, 1616.5, 321.73, 219.07, 160.53, 309.51, 170.23, 236.43, 95.33, 29.96, 63.18, 125.32, 62.99, 87.53, , , , , 
1/31/2020 5:43:20 PM, 3227, 9013.25, 1616.5, 321.73, 219.07, 160.53, 309.51, 170.23, 236.43, 95.33, 29.96, 63.18, 125.32, 62.99, 87.53, , , , , 
1/31/2020 5:43:23 PM, 3227, 9013.25, 1616.5, 321.73, 219.07, 160.53, 309.51, 170.23, 236.43, 95.33, 29.96, 63.18, 125.32, 62.99, 87.53, , , , , 
1/31/2020 5:43:26 PM, 3227, 9013.25, 1616.5, 321.73, 219.07, 160.53, 309.51, 170.23, 236.43, 95.33, 29.96, 63.18, 125.32, 62.99, 87.53, , , , , 
1/31/2020 5:43:29 PM, 3227, 9013.25, 1616.5, 321.73, 219.07, 160.53, 309.51, 170.23, 236.43, 95.33, 29.96, 63.18, 125.32, 62.99, 87.53, , , , , 
1/31/2020 5:43:32 PM, 3227, 9013.25, 1616.5, 321.73, 219.07, 160.53, 309.51, 170.23, 236.43, 95.33, 29.96, 63.18, 125.32, 62.99, 87.53, , , , , 
1/31/2020 5:43:35 PM, 3227, 9013.25, 1616.5, 321.73, 219.07, 160.53, 309.51, 170.23, 236.43, 95.33, 29.96, 63.18, 125.32, 62.99, 87.53, , , , , 
1/31/2020 5:43:38 PM, 3227, 9013.25, 1616.5, 321.73, 219.07, 160.53, 309.51, 170.23, 236.43, 95.33, 29.96, 63.18, 125.32, 62.99, 87.53, , , , , 
1/31/2020 5:43:41 PM, 3227, 9013.25, 1616.5, 321.73, 219.07, 160.53, 309.51, 170.23, 236.43, 95.33, 29.96, 63.18, 125.32, 62.99, 87.53, , , , , 
1/31/2020 5:43:44 PM, 3227, 9013.25, 1616.5, 321.73, 219.07, 160.53, 309.51, 170.23, 236.43, 95.33, 29.96, 63.18, 125.32, 62.99, 87.53, , , , , 
1/31/2020 5:43:47 PM, 3227, 9013.25, 1616.5, 321.73, 219.07, 160.53, 309.51, 170.23, 236.43, 95.33, 29.96, 63.18, 125.32, 62.99, 87.53, , , , , 
1/31/2020 5:43:50 PM, 3227, 9013.25, 1616.5, 321.73, 219.07, 160.53, 309.51, 170.23, 236.43, 95.33, 29.96, 63.18, 125.32, 62.99, 87.53, , , , , 
1/31/2020 5:43:53 PM, 3227, 9013.25, 1616.5, 321.73, 219.07, 160.53, 309.51, 170.23, 236.43, 95.33, 29.96, 63.18, 125.32, 62.99, 87.53, , , , , 
1/31/2020 5:43:56 PM, 3227, 9013.25, 1616.5, 321.73, 219.07, 160.53, 309.51, 170.23, 236.43, 95.33, 29.96, 63.18, 125.32, 62.99, 87.53, , , , , 
1/31/2020 5:43:59 PM, 3227, 9013.25, 1616.5, 321.73, 219.07, 160.53, 309.51, 170.23, 236.43, 95.33, 29.96, 63.18, 125.32, 62.99, 87.53, , , , , 
1/31/2020 5:44:02 PM, 3227, 9013.25, 1616.5, 321.73, 219.07, 160.53, 309.51, 170.23, 236.43, 95.33, 29.96, 63.18, 125.32, 62.99, 87.53, , , , , 
1/31/2020 5:44:05 PM, 3227, 9013.25, 1616.5, 321.73, 219.07, 160.53, 309.51, 170.23, 236.43, 95.33, 29.96, 63.18, 125.32, 62.99, 87.53, , , , , 
1/31/2020 5:44:08 PM, 3227, 9013.25, 1616.5, 321.73, 219.07, 160.53, 309.51, 170.23, 236.43, 95.33, 29.96, 63.18, 125.32, 62.99, 87.53, , , , , 
1/31/2020 5:44:11 PM, 3227, 9013.25, 1616.5, 321.73, 219.07, 160.53, 309.51, 170.23, 236.43, 95.33, 29.96, 63.18, 125.32, 62.99, 87.53, , , , , 
1/31/2020 5:44:14 PM, 3227, 9013.25, 1616.5, 321.73, 219.07, 160.53, 309.51, 170.23, 236.43, 95.33, 29.96, 63.18, 125.32, 62.99, 87.53, , , , , 
1/31/2020 5:44:17 PM, 3227, 9013.25, 1616.5, 321.73, 219.07, 160.53, 309.51, 170.23, 236.43, 95.33, 29.96, 63.18, 125.32, 62.99, 87.53, , , , , 
1/31/2020 5:44:20 PM, 3227, 9013.25, 1616.5, 321.73, 219.07, 160.53, 309.51, 170.23, 236.43, 95.33, 29.96, 63.18, 125.32, 62.99, 87.53, , , , , 
1/31/2020 5:44:23 PM, 3227, 9013.25, 1616.5, 321.73, 219.07, 160.53, 309.51, 170.23, 236.43, 95.33, 29.96, 63.18, 125.32, 62.99, 87.53, , , , , 
1/31/2020 5:44:26 PM, 3227, 9013.25, 1616.5, 321.73, 219.07, 160.53, 309.51, 170.23, 236.43, 95.33, 29.96, 63.18, 125.32, 62.99, 87.53, , , , , 
1/31/2020 5:44:29 PM, 3227, 9013.25, 1616.5, 321.73, 219.07, 160.53, 309.51, 170.23, 236.43, 95.33, 29.96, 63.18, 125.32, 62.99, 87.53, , , , , 
1/31/2020 5:44:32 PM, 3227, 9013.25, 1616.5, 321.73, 219.07, 160.53, 309.51, 170.23, 236.43, 95.33, 29.96, 63.18, 125.32, 62.99, 87.53, , , , , 
1/31/2020 5:44:35 PM, 3227, 9013.25, 1616.5, 321.73, 219.07, 160.53, 309.51, 170.23, 236.43, 95.33, 29.96, 63.18, 125.32, 62.99, 87.53, , , , , 
1/31/2020 5:44:38 PM, 3227, 9013.25, 1616.5, 321.73, 219.07, 160.53, 309.51, 170.23, 236.43, 95.33, 29.96, 63.18, 125.32, 62.99, 87.53, , , , , 
1/31/2020 5:44:41 PM, 3227, 9013.25, 1616.5, 321.73, 219.07, 160.53, 309.51, 170.23, 236.43, 95.33, 29.96, 63.18, 125.32, 62.99, 87.53, , , , , 
1/31/2020 5:44:44 PM, 3227, 9013.25, 1616.5, 321.73, 219.07, 160.53, 309.51, 170.23, 236.43, 95.33, 29.96, 63.18, 125.32, 62.99, 87.53, , , , , 
1/31/2020 5:44:47 PM, 3227, 9013.25, 1616.5, 321.73, 219.07, 160.53, 309.51, 170.23, 236.43, 95.33, 29.96, 63.18, 125.32, 62.99, 87.53, , , , , 
1/31/2020 5:44:50 PM, 3227, 9013.25, 1616.5, 321.73, 219.07, 160.53, 309.51, 170.23, 236.43, 95.33, 29.96, 63.18, 125.32, 62.99, 87.53, , , , , 
1/31/2020 5:44:53 PM, 3227, 9013.25, 1616.5, 321.73, 219.07, 160.53, 309.51, 170.23, 236.43, 95.33, 29.96, 63.18, 125.32, 62.99, 87.53, , , , , 
1/31/2020 5:44:56 PM, 3227, 9013.25, 1616.5, 321.73, 219.07, 160.53, 309.51, 170.23, 236.43, 95.33, 29.96, 63.18, 125.32, 62.99, 87.53, , , , , 
1/31/2020 5:44:59 PM, 3227, 9013.25, 1616.5, 321.73, 219.07, 160.53, 309.51, 170.23, 236.43, 95.33, 29.96, 63.18, 125.32, 62.99, 87.53, , , , , 
1/31/2020 5:45:02 PM, 3227, 9013.25, 1616.5, 321.73, 219.07, 160.53, 309.51, 170.23, 236.43, 95.33, 29.96, 63.18, 125.32, 62.99, 87.53, , , , , 
1/31/2020 5:45:05 PM, 3227, 9013.25, 1616.5, 321.73, 219.07, 160.53, 309.51, 170.23, 236.43, 95.33, 29.96, 63.18, 125.32, 62.99, 87.53, , , , , 
1/31/2020 5:45:08 PM, 3227, 9013.25, 1616.5, 321.73, 219.07, 160.53, 309.51, 170.23, 236.43, 95.33, 29.96, 63.18, 125.32, 62.99, 87.53, , , , , 
1/31/2020 5:45:11 PM, 3227, 9013.25, 1616.5, 321.73, 219.07, 160.53, 309.51, 170.23, 236.43, 95.33, 29.96, 63.18, 125.32, 62.99, 87.53, , , , , 
1/31/2020 5:45:14 PM, 3227, 9013.25, 1616.5, 321.73, 219.07, 160.53, 309.51, 170.23, 236.43, 95.33, 29.96, 63.18, 125.32, 62.99, 87.53, , , , , 
1/31/2020 5:45:17 PM, 3227, 9013.25, 1616.5, 321.73, 219.07, 160.53, 309.51, 170.23, 236.43, 95.33, 29.96, 63.18, 125.32, 62.99, 87.53, , , , , 
1/31/2020 5:45:20 PM, 3227, 9013.25, 1616.5, 321.73, 219.07, 160.53, 309.51, 170.23, 236.43, 95.33, 29.96, 63.18, 125.32, 62.99, 87.53, , , , , 
1/31/2020 5:45:23 PM, 3227, 9013.25, 1616.5, 321.73, 219.07, 160.53, 309.51, 170.23, 236.43, 95.33, 29.96, 63.18, 125.32, 62.99, 87.53, , , , , 
1/31/2020 5:45:26 PM, 3227, 9013.25, 1616.5, 321.73, 219.07, 160.53, 309.51, 170.23, 236.43, 95.33, 29.96, 63.18, 125.32, 62.99, 87.53, , , , , 
1/31/2020 5:45:29 PM, 3227, 9013.25, 1616.5, 321.73, 219.07, 160.53, 309.51, 170.23, 236.43, 95.33, 29.96, 63.18, 125.32, 62.99, 87.53, , , , , 
1/31/2020 5:45:32 PM, 3227, 9013.25, 1616.5, 321.73, 219.07, 160.53, 309.51, 170.23, 236.43, 95.33, 29.96, 63.18, 125.32, 62.99, 87.53, , , , , 
1/31/2020 5:45:36 PM, 3227, 9013.25, 1616.5, 321.73, 219.07, 160.53, 309.51, 170.23, 236.43, 95.33, 29.96, 63.18, 125.32, 62.99, 87.53, , , , , 
1/31/2020 5:45:39 PM, 3227, 9013.25, 1616.5, 321.73, 219.07, 160.53, 309.51, 170.23, 236.43, 95.33, 29.96, 63.18, 125.32, 62.99, 87.53, , , , , 
1/31/2020 5:45:42 PM, 3227, 9013.25, 1616.5, 321.73, 219.07, 160.53, 309.51, 170.23, 236.43, 95.33, 29.96, 63.18, 125.32, 62.99, 87.53, , , , , 
1/31/2020 5:45:45 PM, 3227, 9013.25, 1616.5, 321.73, 219.07, 160.53, 309.51, 170.23, 236.43, 95.33, 29.96, 63.18, 125.32, 62.99, 87.53, , , , , 
1/31/2020 5:45:48 PM, 3227, 9013.25, 1616.5, 321.73, 219.07, 160.53, 309.51, 170.23, 236.43, 95.33, 29.96, 63.18, 125.32, 62.99, 87.53, , , , , 
1/31/2020 5:45:51 PM, 3227, 9013.25, 1616.5, 321.73, 219.07, 160.53, 309.51, 170.23, 236.43, 95.33, 29.96, 63.18, 125.32, 62.99, 87.53, , , , , 
1/31/2020 5:45:54 PM, 3227, 9013.25, 1616.5, 321.73, 219.07, 160.53, 309.51, 170.23, 236.43, 95.33, 29.96, 63.18, 125.32, 62.99, 87.53, , , , , 
1/31/2020 5:45:57 PM, 3227, 9013.25, 1616.5, 321.73, 219.07, 160.53, 309.51, 170.23, 236.43, 95.33, 29.96, 63.18, 125.32, 62.99, 87.53, , , , , 
1/31/2020 5:46:00 PM, 3227, 9013.25, 1616.5, 321.73, 219.07, 160.53, 309.51, 170.23, 236.43, 95.33, 29.96, 63.18, 125.32, 62.99, 87.53, , , , , 
1/31/2020 5:46:03 PM, 3227, 9013.25, 1616.5, 321.73, 219.07, 160.53, 309.51, 170.23, 236.43, 95.33, 29.96, 63.18, 125.32, 62.99, 87.53, , , , , 
1/31/2020 5:46:06 PM, 3227, 9013.25, 1616.5, 321.73, 219.07, 160.53, 309.51, 170.23, 236.43, 95.33, 29.96, 63.18, 125.32, 62.99, 87.53, , , , , 
1/31/2020 5:46:09 PM, 3227, 9013.25, 1616.5, 321.73, 219.07, 160.53, 309.51, 170.23, 236.43, 95.33, 29.96, 63.18, 125.32, 62.99, 87.53, , , , , 
1/31/2020 5:46:12 PM, 3227, 9013.25, 1616.5, 321.73, 219.07, 160.53, 309.51, 170.23, 236.43, 95.33, 29.96, 63.18, 125.32, 62.99, 87.53, , , , , 
1/31/2020 5:46:15 PM, 3227, 9013.25, 1616.5, 321.73, 219.07, 160.53, 309.51, 170.23, 236.43, 95.33, 29.96, 63.18, 125.32, 62.99, 87.53, , , , , 
1/31/2020 5:46:18 PM, 3227, 9013.25, 1616.5, 321.73, 219.07, 160.53, 309.51, 170.23, 236.43, 95.33, 29.96, 63.18, 125.32, 62.99, 87.53, , , , , 
1/31/2020 5:46:21 PM, 3227, 9013.25, 1616.5, 321.73, 219.07, 160.53, 309.51, 170.23, 236.43, 95.33, 29.96, 63.18, 125.32, 62.99, 87.53, , , , , 
1/31/2020 5:46:24 PM, 3227, 9013.25, 1616.5, 321.73, 219.07, 160.53, 309.51, 170.23, 236.43, 95.33, 29.96, 63.18, 125.32, 62.99, 87.53, , , , , 
1/31/2020 5:46:27 PM, 3227, 9013.25, 1616.5, 321.73, 219.07, 160.53, 309.51, 170.23, 236.43, 95.33, 29.96, 63.18, 125.32, 62.99, 87.53, , , , , 
1/31/2020 5:46:30 PM, 3227, 9013.25, 1616.5, 321.73, 219.07, 160.53, 309.51, 170.23, 236.43, 95.33, 29.96, 63.18, 125.32, 62.99, 87.53, , , , , 
1/31/2020 5:46:33 PM, 3227, 9013.25, 1616.5, 321.73, 219.07, 160.53, 309.51, 170.23, 236.43, 95.33, 29.96, 63.18, 125.32, 62.99, 87.53, , , , , 
1/31/2020 5:46:36 PM, 3227, 9013.25, 1616.5, 321.73, 219.07, 160.53, 309.51, 170.23, 236.43, 95.33, 29.96, 63.18, 125.32, 62.99, 87.53, , , , , 
1/31/2020 5:46:39 PM, 3227, 9013.25, 1616.5, 321.73, 219.07, 160.53, 309.51, 170.23, 236.43, 95.33, 29.96, 63.18, 125.32, 62.99, 87.53, , , , , 
1/31/2020 5:46:42 PM, 3227, 9013.25, 1616.5, 321.73, 219.07, 160.53, 309.51, 170.23, 236.43, 95.33, 29.96, 63.18, 125.32, 62.99, 87.53, , , , , 
1/31/2020 5:46:45 PM, 3227, 9013.25, 1616.5, 321.73, 219.07, 160.53, 309.51, 170.23, 236.43, 95.33, 29.96, 63.18, 125.32, 62.99, 87.53, , , , , 
1/31/2020 5:46:48 PM, 3227, 9013.25, 1616.5, 321.73, 219.07, 160.53, 309.51, 170.23, 236.43, 95.33, 29.96, 63.18, 125.32, 62.99, 87.53, , , , , 
1/31/2020 5:46:51 PM, 3227, 9013.25, 1616.5, 321.73, 219.07, 160.53, 309.51, 170.23, 236.43, 95.33, 29.96, 63.18, 125.32, 62.99, 87.53, , , , , 
1/31/2020 5:46:54 PM, 3227, 9013.25, 1616.5, 321.73, 219.07, 160.53, 309.51, 170.23, 236.43, 95.33, 29.96, 63.18, 125.32, 62.99, 87.53, , , , , 
1/31/2020 5:46:57 PM, 3227, 9013.25, 1616.5, 321.73, 219.07, 160.53, 309.51, 170.23, 236.43, 95.33, 29.96, 63.18, 125.32, 62.99, 87.53, , , , , 
1/31/2020 5:47:00 PM, 3227, 9013.25, 1616.5, 321.73, 219.07, 160.53, 309.51, 170.23, 236.43, 95.33, 29.96, 63.18, 125.32, 62.99, 87.53, , , , , 
1/31/2020 5:47:03 PM, 3227, 9013.25, 1616.5, 321.73, 219.07, 160.53, 309.51, 170.23, 236.43, 95.33, 29.96, 63.18, 125.32, 62.99, 87.53, , , , , 
1/31/2020 5:47:06 PM, 3227, 9013.25, 1616.5, 321.73, 219.07, 160.53, 309.51, 170.23, 236.43, 95.33, 29.96, 63.18, 125.32, 62.99, 87.53, , , , , 
1/31/2020 5:47:09 PM, 3227, 9013.25, 1616.5, 321.73, 219.07, 160.53, 309.51, 170.23, 236.43, 95.33, 29.96, 63.18, 125.32, 62.99, 87.53, , , , , 
1/31/2020 5:47:12 PM, 3227, 9013.25, 1616.5, 321.73, 219.07, 160.53, 309.51, 170.23, 236.43, 95.33, 29.96, 63.18, 125.32, 62.99, 87.53, , , , , 
1/31/2020 5:47:15 PM, 3227, 9013.25, 1616.5, 321.73, 219.07, 160.53, 309.51, 170.23, 236.43, 95.33, 29.96, 63.18, 125.32, 62.99, 87.53, , , , , 
1/31/2020 5:47:18 PM, 3227, 9013.25, 1616.5, 321.73, 219.07, 160.53, 309.51, 170.23, 236.43, 95.33, 29.96, 63.18, 125.32, 62.99, 87.53, , , , , 
1/31/2020 5:47:21 PM, 3227, 9013.25, 1616.5, 321.73, 219.07, 160.53, 309.51, 170.23, 236.43, 95.33, 29.96, 63.18, 125.32, 62.99, 87.53, , , , , 
1/31/2020 5:47:24 PM, 3227, 9013.25, 1616.5, 321.73, 219.07, 160.53, 309.51, 170.23, 236.43, 95.33, 29.96, 63.18, 125.32, 62.99, 87.53, , , , , 
1/31/2020 5:47:27 PM, 3227, 9013.25, 1616.5, 321.73, 219.07, 160.53, 309.51, 170.23, 236.43, 95.33, 29.96, 63.18, 125.32, 62.99, 87.53, , , , , 
1/31/2020 5:47:30 PM, 3227, 9013.25, 1616.5, 321.73, 219.07, 160.53, 309.51, 170.23, 236.43, 95.33, 29.96, 63.18, 125.32, 62.99, 87.53, , , , , 
1/31/2020 5:47:33 PM, 3227, 9013.25, 1616.5, 321.73, 219.07, 160.53, 309.51, 170.23, 236.43, 95.33, 29.96, 63.18, 125.32, 62.99, 87.53, , , , , 
1/31/2020 5:47:36 PM, 3227, 9013.25, 1616.5, 321.73, 219.07, 160.53, 309.51, 170.23, 236.43, 95.33, 29.96, 63.18, 125.32, 62.99, 87.53, , , , , 
1/31/2020 5:47:39 PM, 3227, 9013.25, 1616.5, 321.73, 219.07, 160.53, 309.51, 170.23, 236.43, 95.33, 29.96, 63.18, 125.32, 62.99, 87.53, , , , , 
1/31/2020 5:47:42 PM, 3227, 9013.25, 1616.5, 321.73, 219.07, 160.53, 309.51, 170.23, 236.43, 95.33, 29.96, 63.18, 125.32, 62.99, 87.53, , , , , 
1/31/2020 5:47:45 PM, 3227, 9013.25, 1616.5, 321.73, 219.07, 160.53, 309.51, 170.23, 236.43, 95.33, 29.96, 63.18, 125.32, 62.99, 87.53, , , , , 
1/31/2020 5:47:48 PM, 3227, 9013.25, 1616.5, 321.73, 219.07, 160.53, 309.51, 170.23, 236.43, 95.33, 29.96, 63.18, 125.32, 62.99, 87.53, , , , , 
1/31/2020 5:47:51 PM, 3227, 9013.25, 1616.5, 321.73, 219.07, 160.53, 309.51, 170.23, 236.43, 95.33, 29.96, 63.18, 125.32, 62.99, 87.53, , , , , 
1/31/2020 5:47:54 PM, 3227, 9013.25, 1616.5, 321.73, 219.07, 160.53, 309.51, 170.23, 236.43, 95.33, 29.96, 63.18, 125.32, 62.99, 87.53, , , , , 
1/31/2020 5:47:57 PM, 3227, 9013.25, 1616.5, 321.73, 219.07, 160.53, 309.51, 170.23, 236.43, 95.33, 29.96, 63.18, 125.32, 62.99, 87.53, , , , , 
1/31/2020 5:48:00 PM, 3227, 9013.25, 1616.5, 321.73, 219.07, 160.53, 309.51, 170.23, 236.43, 95.33, 29.96, 63.18, 125.32, 62.99, 87.53, , , , , 
1/31/2020 5:48:03 PM, 3227, 9013.25, 1616.5, 321.73, 219.07, 160.53, 309.51, 170.23, 236.43, 95.33, 29.96, 63.18, 125.32, 62.99, 87.53, , , , , 
1/31/2020 5:48:07 PM, 3227, 9013.25, 1616.5, 321.73, 219.07, 160.53, 309.51, 170.23, 236.43, 95.33, 29.96, 63.18, 125.32, 62.99, 87.53, , , , , 
1/31/2020 5:48:10 PM, 3227, 9013.25, 1616.5, 321.73, 219.07, 160.53, 309.51, 170.23, 236.43, 95.33, 29.96, 63.18, 125.32, 62.99, 87.53, , , , , 
1/31/2020 5:48:13 PM, 3227, 9013.25, 1616.5, 321.73, 219.07, 160.53, 309.51, 170.23, 236.43, 95.33, 29.96, 63.18, 125.32, 62.99, 87.53, , , , , 
1/31/2020 5:48:16 PM, 3227, 9013.25, 1616.5, 321.73, 219.07, 160.53, 309.51, 170.23, 236.43, 95.33, 29.96, 63.18, 125.32, 62.99, 87.53, , , , , 
1/31/2020 5:48:19 PM, 3227, 9013.25, 1616.5, 321.73, 219.07, 160.53, 309.51, 170.23, 236.43, 95.33, 29.96, 63.18, 125.32, 62.99, 87.53, , , , , 
1/31/2020 5:48:22 PM, 3227, 9013.25, 1616.5, 321.73, 219.07, 160.53, 309.51, 170.23, 236.43, 95.33, 29.96, 63.18, 125.32, 62.99, 87.53, , , , , 
1/31/2020 5:48:25 PM, 3227, 9013.25, 1616.5, 321.73, 219.07, 160.53, 309.51, 170.23, 236.43, 95.33, 29.96, 63.18, 125.32, 62.99, 87.53, , , , , 
1/31/2020 5:48:28 PM, 3227, 9013.25, 1616.5, 321.73, 219.07, 160.53, 309.51, 170.23, 236.43, 95.33, 29.96, 63.18, 125.32, 62.99, 87.53, , , , , 
1/31/2020 5:48:31 PM, 3227, 9013.25, 1616.5, 321.73, 219.07, 160.53, 309.51, 170.23, 236.43, 95.33, 29.96, 63.18, 125.32, 62.99, 87.53, , , , , 
1/31/2020 5:48:34 PM, 3227, 9013.25, 1616.5, 321.73, 219.07, 160.53, 309.51, 170.23, 236.43, 95.33, 29.96, 63.18, 125.32, 62.99, 87.53, , , , , 
1/31/2020 5:48:37 PM, 3227, 9013.25, 1616.5, 321.73, 219.07, 160.53, 309.51, 170.23, 236.43, 95.33, 29.96, 63.18, 125.32, 62.99, 87.53, , , , , 
1/31/2020 5:48:40 PM, 3227, 9013.25, 1616.5, 321.73, 219.07, 160.53, 309.51, 170.23, 236.43, 95.33, 29.96, 63.18, 125.32, 62.99, 87.53, , , , , 
1/31/2020 5:48:43 PM, 3227, 9013.25, 1616.5, 321.73, 219.07, 160.53, 309.51, 170.23, 236.43, 95.33, 29.96, 63.18, 125.32, 62.99, 87.53, , , , , 
1/31/2020 5:48:46 PM, 3227, 9013.25, 1616.5, 321.73, 219.07, 160.53, 309.51, 170.23, 236.43, 95.33, 29.96, 63.18, 125.32, 62.99, 87.53, , , , , 
1/31/2020 5:48:49 PM, 3227, 9013.25, 1616.5, 321.73, 219.07, 160.53, 309.51, 170.23, 236.43, 95.33, 29.96, 63.18, 125.32, 62.99, 87.53, , , , , 
1/31/2020 5:48:52 PM, 3227, 9013.25, 1616.5, 321.73, 219.07, 160.53, 309.51, 170.23, 236.43, 95.33, 29.96, 63.18, 125.32, 62.99, 87.53, , , , , 
1/31/2020 5:48:55 PM, 3227, 9013.25, 1616.5, 321.73, 219.07, 160.53, 309.51, 170.23, 236.43, 95.33, 29.96, 63.18, 125.32, 62.99, 87.53, , , , , 
1/31/2020 5:48:58 PM, 3227, 9013.25, 1616.5, 321.73, 219.07, 160.53, 309.51, 170.23, 236.43, 95.33, 29.96, 63.18, 125.32, 62.99, 87.53, , , , , 
1/31/2020 5:49:01 PM, 3227, 9013.25, 1616.5, 321.73, 219.07, 160.53, 309.51, 170.23, 236.43, 95.33, 29.96, 63.18, 125.32, 62.99, 87.53, , , , , 
1/31/2020 5:49:04 PM, 3227, 9013.25, 1616.5, 321.73, 219.07, 160.53, 309.51, 170.23, 236.43, 95.33, 29.96, 63.18, 125.32, 62.99, 87.53, , , , , 
1/31/2020 5:49:07 PM, 3227, 9013.25, 1616.5, 321.73, 219.07, 160.53, 309.51, 170.23, 236.43, 95.33, 29.96, 63.18, 125.32, 62.99, 87.53, , , , , 
1/31/2020 5:49:10 PM, 3227, 9013.25, 1616.5, 321.73, 219.07, 160.53, 309.51, 170.23, 236.43, 95.33, 29.96, 63.18, 125.32, 62.99, 87.53, , , , , 
1/31/2020 5:49:13 PM, 3227, 9013.25, 1616.5, 321.73, 219.07, 160.53, 309.51, 170.23, 236.43, 95.33, 29.96, 63.18, 125.32, 62.99, 87.53, , , , , 
1/31/2020 5:49:16 PM, 3227, 9013.25, 1616.5, 321.73, 219.07, 160.53, 309.51, 170.23, 236.43, 95.33, 29.96, 63.18, 125.32, 62.99, 87.53, , , , , 
1/31/2020 5:49:19 PM, 3227, 9013.25, 1616.5, 321.73, 219.07, 160.53, 309.51, 170.23, 236.43, 95.33, 29.96, 63.18, 125.32, 62.99, 87.53, , , , , 
1/31/2020 5:49:22 PM, 3227, 9013.25, 1616.5, 321.73, 219.07, 160.53, 309.51, 170.23, 236.43, 95.33, 29.96, 63.18, 125.32, 62.99, 87.53, , , , , 
1/31/2020 5:49:25 PM, 3227, 9013.25, 1616.5, 321.73, 219.07, 160.53, 309.51, 170.23, 236.43, 95.33, 29.96, 63.18, 125.32, 62.99, 87.53, , , , , 
1/31/2020 5:49:28 PM, 3227, 9013.25, 1616.5, 321.73, 219.07, 160.53, 309.51, 170.23, 236.43, 95.33, 29.96, 63.18, 125.32, 62.99, 87.53, , , , , 
1/31/2020 5:49:31 PM, 3227, 9013.25, 1616.5, 321.73, 219.07, 160.53, 309.51, 170.23, 236.43, 95.33, 29.96, 63.18, 125.32, 62.99, 87.53, , , , , 
1/31/2020 5:49:34 PM, 3227, 9013.25, 1616.5, 321.73, 219.07, 160.53, 309.51, 170.23, 236.43, 95.33, 29.96, 63.18, 125.32, 62.99, 87.53, , , , , 
1/31/2020 5:49:37 PM, 3227, 9013.25, 1616.5, 321.73, 219.07, 160.53, 309.51, 170.23, 236.43, 95.33, 29.96, 63.18, 125.32, 62.99, 87.53, , , , , 
1/31/2020 5:49:40 PM, 3227, 9013.25, 1616.5, 321.73, 219.07, 160.53, 309.51, 170.23, 236.43, 95.33, 29.96, 63.18, 125.32, 62.99, 87.53, , , , , 
1/31/2020 5:49:43 PM, 3227, 9013.25, 1616.5, 321.73, 219.07, 160.53, 309.51, 170.23, 236.43, 95.33, 29.96, 63.18, 125.32, 62.99, 87.53, , , , , 
1/31/2020 5:49:46 PM, 3227, 9013.25, 1616.5, 321.73, 219.07, 160.53, 309.51, 170.23, 236.43, 95.33, 29.96, 63.18, 125.32, 62.99, 87.53, , , , , 
1/31/2020 5:49:49 PM, 3227, 9013.25, 1616.5, 321.73, 219.07, 160.53, 309.51, 170.23, 236.43, 95.33, 29.96, 63.18, 125.32, 62.99, 87.53, , , , , 
1/31/2020 5:49:52 PM, 3227, 9013.25, 1616.5, 321.73, 219.07, 160.53, 309.51, 170.23, 236.43, 95.33, 29.96, 63.18, 125.32, 62.99, 87.53, , , , , 
1/31/2020 5:49:55 PM, 3227, 9013.25, 1616.5, 321.73, 219.07, 160.53, 309.51, 170.23, 236.43, 95.33, 29.96, 63.18, 125.32, 62.99, 87.53, , , , , 
1/31/2020 5:49:58 PM, 3227, 9013.25, 1616.5, 321.73, 219.07, 160.53, 309.51, 170.23, 236.43, 95.33, 29.96, 63.18, 125.32, 62.99, 87.53, , , , , 
1/31/2020 5:50:01 PM, 3227, 9013.25, 1616.5, 321.73, 219.07, 160.53, 309.51, 170.23, 236.43, 95.33, 29.96, 63.18, 125.32, 62.99, 87.53, , , , , 
1/31/2020 5:50:04 PM, 3227, 9013.25, 1616.5, 321.73, 219.07, 160.53, 309.51, 170.23, 236.43, 95.33, 29.96, 63.18, 125.32, 62.99, 87.53, , , , , 
1/31/2020 5:50:07 PM, 3227, 9013.25, 1616.5, 321.73, 219.07, 160.53, 309.51, 170.23, 236.43, 95.33, 29.96, 63.18, 125.32, 62.99, 87.53, , , , , 
1/31/2020 5:50:10 PM, 3227, 9013.25, 1616.5, 321.73, 219.07, 160.53, 309.51, 170.23, 236.43, 95.33, 29.96, 63.18, 125.32, 62.99, 87.53, , , , , 
1/31/2020 5:50:13 PM, 3227, 9013.25, 1616.5, 321.73, 219.07, 160.53, 309.51, 170.23, 236.43, 95.33, 29.96, 63.18, 125.32, 62.99, 87.53, , , , , 
1/31/2020 5:50:16 PM, 3227, 9013.25, 1616.5, 321.73, 219.07, 160.53, 309.51, 170.23, 236.43, 95.33, 29.96, 63.18, 125.32, 62.99, 87.53, , , , , 
1/31/2020 5:50:19 PM, 3227, 9013.25, 1616.5, 321.73, 219.07, 160.53, 309.51, 170.23, 236.43, 95.33, 29.96, 63.18, 125.32, 62.99, 87.53, , , , , 
1/31/2020 5:50:22 PM, 3227, 9013.25, 1616.5, 321.73, 219.07, 160.53, 309.51, 170.23, 236.43, 95.33, 29.96, 63.18, 125.32, 62.99, 87.53, , , , , 
1/31/2020 5:50:25 PM, 3227, 9013.25, 1616.5, 321.73, 219.07, 160.53, 309.51, 170.23, 236.43, 95.33, 29.96, 63.18, 125.32, 62.99, 87.53, , , , , 
1/31/2020 5:50:28 PM, 3227, 9013.25, 1616.5, 321.73, 219.07, 160.53, 309.51, 170.23, 236.43, 95.33, 29.96, 63.18, 125.32, 62.99, 87.53, , , , , 
1/31/2020 5:50:31 PM, 3227, 9013.25, 1616.5, 321.73, 219.07, 160.53, 309.51, 170.23, 236.43, 95.33, 29.96, 63.18, 125.32, 62.99, 87.53, , , , , 
1/31/2020 5:50:34 PM, 3227, 9013.25, 1616.5, 321.73, 219.07, 160.53, 309.51, 170.23, 236.43, 95.33, 29.96, 63.18, 125.32, 62.99, 87.53, , , , , 
1/31/2020 5:50:37 PM, 3227, 9013.25, 1616.5, 321.73, 219.07, 160.53, 309.51, 170.23, 236.43, 95.33, 29.96, 63.18, 125.32, 62.99, 87.53, , , , , 
1/31/2020 5:50:40 PM, 3227, 9013.25, 1616.5, 321.73, 219.07, 160.53, 309.51, 170.23, 236.43, 95.33, 29.96, 63.18, 125.32, 62.99, 87.53, , , , , 
1/31/2020 5:50:43 PM, 3227, 9013.25, 1616.5, 321.73, 219.07, 160.53, 309.51, 170.23, 236.43, 95.33, 29.96, 63.18, 125.32, 62.99, 87.53, , , , , 
1/31/2020 5:50:47 PM, 3227, 9013.25, 1616.5, 321.73, 219.07, 160.53, 309.51, 170.23, 236.43, 95.33, 29.96, 63.18, 125.32, 62.99, 87.53, , , , , 
1/31/2020 5:50:50 PM, 3227, 9013.25, 1616.5, 321.73, 219.07, 160.53, 309.51, 170.23, 236.43, 95.33, 29.96, 63.18, 125.32, 62.99, 87.53, , , , , 
1/31/2020 5:50:53 PM, 3227, 9013.25, 1616.5, 321.73, 219.07, 160.53, 309.51, 170.23, 236.43, 95.33, 29.96, 63.18, 125.32, 62.99, 87.53, , , , , 
1/31/2020 5:50:56 PM, 3227, 9013.25, 1616.5, 321.73, 219.07, 160.53, 309.51, 170.23, 236.43, 95.33, 29.96, 63.18, 125.32, 62.99, 87.53, , , , , 
1/31/2020 5:50:59 PM, 3227, 9013.25, 1616.5, 321.73, 219.07, 160.53, 309.51, 170.23, 236.43, 95.33, 29.96, 63.18, 125.32, 62.99, 87.53, , , , , 
1/31/2020 5:51:02 PM, 3227, 9013.25, 1616.5, 321.73, 219.07, 160.53, 309.51, 170.23, 236.43, 95.33, 29.96, 63.18, 125.32, 62.99, 87.53, , , , , 
1/31/2020 5:51:05 PM, 3227, 9013.25, 1616.5, 321.73, 219.07, 160.53, 309.51, 170.23, 236.43, 95.33, 29.96, 63.18, 125.32, 62.99, 87.53, , , , , 
1/31/2020 5:51:08 PM, 3227, 9013.25, 1616.5, 321.73, 219.07, 160.53, 309.51, 170.23, 236.43, 95.33, 29.96, 63.18, 125.32, 62.99, 87.53, , , , , 
1/31/2020 5:51:11 PM, 3227, 9013.25, 1616.5, 321.73, 219.07, 160.53, 309.51, 170.23, 236.43, 95.33, 29.96, 63.18, 125.32, 62.99, 87.53, , , , , 
1/31/2020 5:51:14 PM, 3227, 9013.25, 1616.5, 321.73, 219.07, 160.53, 309.51, 170.23, 236.43, 95.33, 29.96, 63.18, 125.32, 62.99, 87.53, , , , , 
1/31/2020 5:51:17 PM, 3227, 9013.25, 1616.5, 321.73, 219.07, 160.53, 309.51, 170.23, 236.43, 95.33, 29.96, 63.18, 125.32, 62.99, 87.53, , , , , 
1/31/2020 5:51:20 PM, 3227, 9013.25, 1616.5, 321.73, 219.07, 160.53, 309.51, 170.23, 236.43, 95.33, 29.96, 63.18, 125.32, 62.99, 87.53, , , , , 
1/31/2020 5:51:23 PM, 3227, 9013.25, 1616.5, 321.73, 219.07, 160.53, 309.51, 170.23, 236.43, 95.33, 29.96, 63.18, 125.32, 62.99, 87.53, , , , , 
1/31/2020 5:51:26 PM, 3227, 9013.25, 1616.5, 321.73, 219.07, 160.53, 309.51, 170.23, 236.43, 95.33, 29.96, 63.18, 125.32, 62.99, 87.53, , , , , 
1/31/2020 5:51:29 PM, 3227, 9013.25, 1616.5, 321.73, 219.07, 160.53, 309.51, 170.23, 236.43, 95.33, 29.96, 63.18, 125.32, 62.99, 87.53, , , , , 
1/31/2020 5:51:32 PM, 3227, 9013.25, 1616.5, 321.73, 219.07, 160.53, 309.51, 170.23, 236.43, 95.33, 29.96, 63.18, 125.32, 62.99, 87.53, , , , , 
1/31/2020 5:51:35 PM, 3227, 9013.25, 1616.5, 321.73, 219.07, 160.53, 309.51, 170.23, 236.43, 95.33, 29.96, 63.18, 125.32, 62.99, 87.53, , , , , 
1/31/2020 5:51:38 PM, 3227, 9013.25, 1616.5, 321.73, 219.07, 160.53, 309.51, 170.23, 236.43, 95.33, 29.96, 63.18, 125.32, 62.99, 87.53, , , , , 
1/31/2020 5:51:41 PM, 3227, 9013.25, 1616.5, 321.73, 219.07, 160.53, 309.51, 170.23, 236.43, 95.33, 29.96, 63.18, 125.32, 62.99, 87.53, , , , , 
1/31/2020 5:51:44 PM, 3227, 9013.25, 1616.5, 321.73, 219.07, 160.53, 309.51, 170.23, 236.43, 95.33, 29.96, 63.18, 125.32, 62.99, 87.53, , , , , 
1/31/2020 5:51:47 PM, 3227, 9013.25, 1616.5, 321.73, 219.07, 160.53, 309.51, 170.23, 236.43, 95.33, 29.96, 63.18, 125.32, 62.99, 87.53, , , , , 
1/31/2020 5:51:50 PM, 3227, 9013.25, 1616.5, 321.73, 219.07, 160.53, 309.51, 170.23, 236.43, 95.33, 29.96, 63.18, 125.32, 62.99, 87.53, , , , , 
1/31/2020 5:51:53 PM, 3227, 9013.25, 1616.5, 321.73, 219.07, 160.53, 309.51, 170.23, 236.43, 95.33, 29.96, 63.18, 125.32, 62.99, 87.53, , , , , 
1/31/2020 5:51:56 PM, 3227, 9013.25, 1616.5, 321.73, 219.07, 160.53, 309.51, 170.23, 236.43, 95.33, 29.96, 63.18, 125.32, 62.99, 87.53, , , , , 
1/31/2020 5:51:59 PM, 3227, 9013.25, 1616.5, 321.73, 219.07, 160.53, 309.51, 170.23, 236.43, 95.33, 29.96, 63.18, 125.32, 62.99, 87.53, , , , , 
1/31/2020 5:52:02 PM, 3227, 9013.25, 1616.5, 321.73, 219.07, 160.53, 309.51, 170.23, 236.43, 95.33, 29.96, 63.18, 125.32, 62.99, 87.53, , , , , 
1/31/2020 5:52:05 PM, 3227, 9013.25, 1616.5, 321.73, 219.07, 160.53, 309.51, 170.23, 236.43, 95.33, 29.96, 63.18, 125.32, 62.99, 87.53, , , , , 
1/31/2020 5:52:08 PM, 3227, 9013.25, 1616.5, 321.73, 219.07, 160.53, 309.51, 170.23, 236.43, 95.33, 29.96, 63.18, 125.32, 62.99, 87.53, , , , , 
1/31/2020 5:52:11 PM, 3227, 9013.25, 1616.5, 321.73, 219.07, 160.53, 309.51, 170.23, 236.43, 95.33, 29.96, 63.18, 125.32, 62.99, 87.53, , , , , 
1/31/2020 5:52:14 PM, 3227, 9013.25, 1616.5, 321.73, 219.07, 160.53, 309.51, 170.23, 236.43, 95.33, 29.96, 63.18, 125.32, 62.99, 87.53, , , , , 
1/31/2020 5:52:17 PM, 3227, 9013.25, 1616.5, 321.73, 219.07, 160.53, 309.51, 170.23, 236.43, 95.33, 29.96, 63.18, 125.32, 62.99, 87.53, , , , , 
1/31/2020 5:52:20 PM, 3227, 9013.25, 1616.5, 321.73, 219.07, 160.53, 309.51, 170.23, 236.43, 95.33, 29.96, 63.18, 125.32, 62.99, 87.53, , , , , 
1/31/2020 5:52:23 PM, 3227, 9013.25, 1616.5, 321.73, 219.07, 160.53, 309.51, 170.23, 236.43, 95.33, 29.96, 63.18, 125.32, 62.99, 87.53, , , , , 
1/31/2020 5:52:26 PM, 3227, 9013.25, 1616.5, 321.73, 219.07, 160.53, 309.51, 170.23, 236.43, 95.33, 29.96, 63.18, 125.32, 62.99, 87.53, , , , , 
1/31/2020 5:52:29 PM, 3227, 9013.25, 1616.5, 321.73, 219.07, 160.53, 309.51, 170.23, 236.43, 95.33, 29.96, 63.18, 125.32, 62.99, 87.53, , , , , 
1/31/2020 5:52:32 PM, 3227, 9013.25, 1616.5, 321.73, 219.07, 160.53, 309.51, 170.23, 236.43, 95.33, 29.96, 63.18, 125.32, 62.99, 87.53, , , , , 
1/31/2020 5:52:35 PM, 3227, 9013.25, 1616.5, 321.73, 219.07, 160.53, 309.51, 170.23, 236.43, 95.33, 29.96, 63.18, 125.32, 62.99, 87.53, , , , , 
1/31/2020 5:52:38 PM, 3227, 9013.25, 1616.5, 321.73, 219.07, 160.53, 309.51, 170.23, 236.43, 95.33, 29.96, 63.18, 125.32, 62.99, 87.53, , , , , 
1/31/2020 5:52:41 PM, 3227, 9013.25, 1616.5, 321.73, 219.07, 160.53, 309.51, 170.23, 236.43, 95.33, 29.96, 63.18, 125.32, 62.99, 87.53, , , , , 
1/31/2020 5:52:44 PM, 3227, 9013.25, 1616.5, 321.73, 219.07, 160.53, 309.51, 170.23, 236.43, 95.33, 29.96, 63.18, 125.32, 62.99, 87.53, , , , , 
1/31/2020 5:52:47 PM, 3227, 9013.25, 1616.5, 321.73, 219.07, 160.53, 309.51, 170.23, 236.43, 95.33, 29.96, 63.18, 125.32, 62.99, 87.53, , , , , 
1/31/2020 5:52:50 PM, 3227, 9013.25, 1616.5, 321.73, 219.07, 160.53, 309.51, 170.23, 236.43, 95.33, 29.96, 63.18, 125.32, 62.99, 87.53, , , , , 
1/31/2020 5:52:53 PM, 3227, 9013.25, 1616.5, 321.73, 219.07, 160.53, 309.51, 170.23, 236.43, 95.33, 29.96, 63.18, 125.32, 62.99, 87.53, , , , , 
1/31/2020 5:52:56 PM, 3227, 9013.25, 1616.5, 321.73, 219.07, 160.53, 309.51, 170.23, 236.43, 95.33, 29.96, 63.18, 125.32, 62.99, 87.53, , , , , 
1/31/2020 5:52:59 PM, 3227, 9013.25, 1616.5, 321.73, 219.07, 160.53, 309.51, 170.23, 236.43, 95.33, 29.96, 63.18, 125.32, 62.99, 87.53, , , , , 
1/31/2020 5:53:02 PM, 3227, 9013.25, 1616.5, 321.73, 219.07, 160.53, 309.51, 170.23, 236.43, 95.33, 29.96, 63.18, 125.32, 62.99, 87.53, , , , , 
1/31/2020 5:53:05 PM, 3227, 9013.25, 1616.5, 321.73, 219.07, 160.53, 309.51, 170.23, 236.43, 95.33, 29.96, 63.18, 125.32, 62.99, 87.53, , , , , 
1/31/2020 5:53:08 PM, 3227, 9013.25, 1616.5, 321.73, 219.07, 160.53, 309.51, 170.23, 236.43, 95.33, 29.96, 63.18, 125.32, 62.99, 87.53, , , , , 
1/31/2020 5:53:11 PM, 3227, 9013.25, 1616.5, 321.73, 219.07, 160.53, 309.51, 170.23, 236.43, 95.33, 29.96, 63.18, 125.32, 62.99, 87.53, , , , , 
1/31/2020 5:53:14 PM, 3227, 9013.25, 1616.5, 321.73, 219.07, 160.53, 309.51, 170.23, 236.43, 95.33, 29.96, 63.18, 125.32, 62.99, 87.53, , , , , 
1/31/2020 5:53:17 PM, 3227, 9013.25, 1616.5, 321.73, 219.07, 160.53, 309.51, 170.23, 236.43, 95.33, 29.96, 63.18, 125.32, 62.99, 87.53, , , , , 
1/31/2020 5:53:20 PM, 3227, 9013.25, 1616.5, 321.73, 219.07, 160.53, 309.51, 170.23, 236.43, 95.33, 29.96, 63.18, 125.32, 62.99, 87.53, , , , , 
1/31/2020 5:53:24 PM, 3227, 9013.25, 1616.5, 321.73, 219.07, 160.53, 309.51, 170.23, 236.43, 95.33, 29.96, 63.18, 125.32, 62.99, 87.53, , , , , 
1/31/2020 5:53:27 PM, 3227, 9013.25, 1616.5, 321.73, 219.07, 160.53, 309.51, 170.23, 236.43, 95.33, 29.96, 63.18, 125.32, 62.99, 87.53, , , , , 
1/31/2020 5:53:30 PM, 3227, 9013.25, 1616.5, 321.73, 219.07, 160.53, 309.51, 170.23, 236.43, 95.33, 29.96, 63.18, 125.32, 62.99, 87.53, , , , , 
1/31/2020 5:53:33 PM, 3227, 9013.25, 1616.5, 321.73, 219.07, 160.53, 309.51, 170.23, 236.43, 95.33, 29.96, 63.18, 125.32, 62.99, 87.53, , , , , 
1/31/2020 5:53:36 PM, 3227, 9013.25, 1616.5, 321.73, 219.07, 160.53, 309.51, 170.23, 236.43, 95.33, 29.96, 63.18, 125.32, 62.99, 87.53, , , , , 
1/31/2020 5:53:39 PM, 3227, 9013.25, 1616.5, 321.73, 219.07, 160.53, 309.51, 170.23, 236.43, 95.33, 29.96, 63.18, 125.32, 62.99, 87.53, , , , , 
1/31/2020 5:53:42 PM, 3227, 9013.25, 1616.5, 321.73, 219.07, 160.53, 309.51, 170.23, 236.43, 95.33, 29.96, 63.18, 125.32, 62.99, 87.53, , , , , 
1/31/2020 5:53:45 PM, 3227, 9013.25, 1616.5, 321.73, 219.07, 160.53, 309.51, 170.23, 236.43, 95.33, 29.96, 63.18, 125.32, 62.99, 87.53, , , , , 
1/31/2020 5:53:48 PM, 3227, 9013.25, 1616.5, 321.73, 219.07, 160.53, 309.51, 170.23, 236.43, 95.33, 29.96, 63.18, 125.32, 62.99, 87.53, , , , , 
1/31/2020 5:53:51 PM, 3227, 9013.25, 1616.5, 321.73, 219.07, 160.53, 309.51, 170.23, 236.43, 95.33, 29.96, 63.18, 125.32, 62.99, 87.53, , , , , 
1/31/2020 5:53:54 PM, 3227, 9013.25, 1616.5, 321.73, 219.07, 160.53, 309.51, 170.23, 236.43, 95.33, 29.96, 63.18, 125.32, 62.99, 87.53, , , , , 
1/31/2020 5:53:57 PM, 3227, 9013.25, 1616.5, 321.73, 219.07, 160.53, 309.51, 170.23, 236.43, 95.33, 29.96, 63.18, 125.32, 62.99, 87.53, , , , , 
1/31/2020 5:54:00 PM, 3227, 9013.25, 1616.5, 321.73, 219.07, 160.53, 309.51, 170.23, 236.43, 95.33, 29.96, 63.18, 125.32, 62.99, 87.53, , , , , 
1/31/2020 5:54:03 PM, 3227, 9013.25, 1616.5, 321.73, 219.07, 160.53, 309.51, 170.23, 236.43, 95.33, 29.96, 63.18, 125.32, 62.99, 87.53, , , , , 
1/31/2020 5:54:06 PM, 3227, 9013.25, 1616.5, 321.73, 219.07, 160.53, 309.51, 170.23, 236.43, 95.33, 29.96, 63.18, 125.32, 62.99, 87.53, , , , , 
1/31/2020 5:54:09 PM, 3227, 9013.25, 1616.5, 321.73, 219.07, 160.53, 309.51, 170.23, 236.43, 95.33, 29.96, 63.18, 125.32, 62.99, 87.53, , , , , 
1/31/2020 5:54:12 PM, 3227, 9013.25, 1616.5, 321.73, 219.07, 160.53, 309.51, 170.23, 236.43, 95.33, 29.96, 63.18, 125.32, 62.99, 87.53, , , , , 
1/31/2020 5:54:15 PM, 3227, 9013.25, 1616.5, 321.73, 219.07, 160.53, 309.51, 170.23, 236.43, 95.33, 29.96, 63.18, 125.32, 62.99, 87.53, , , , , 
1/31/2020 5:54:18 PM, 3227, 9013.25, 1616.5, 321.73, 219.07, 160.53, 309.51, 170.23, 236.43, 95.33, 29.96, 63.18, 125.32, 62.99, 87.53, , , , , 
1/31/2020 5:54:21 PM, 3227, 9013.25, 1616.5, 321.73, 219.07, 160.53, 309.51, 170.23, 236.43, 95.33, 29.96, 63.18, 125.32, 62.99, 87.53, , , , , 
1/31/2020 5:54:24 PM, 3227, 9013.25, 1616.5, 321.73, 219.07, 160.53, 309.51, 170.23, 236.43, 95.33, 29.96, 63.18, 125.32, 62.99, 87.53, , , , , 
1/31/2020 5:54:27 PM, 3227, 9013.25, 1616.5, 321.73, 219.07, 160.53, 309.51, 170.23, 236.43, 95.33, 29.96, 63.18, 125.32, 62.99, 87.53, , , , , 
1/31/2020 5:54:30 PM, 3227, 9013.25, 1616.5, 321.73, 219.07, 160.53, 309.51, 170.23, 236.43, 95.33, 29.96, 63.18, 125.32, 62.99, 87.53, , , , , 
1/31/2020 5:54:33 PM, 3227, 9013.25, 1616.5, 321.73, 219.07, 160.53, 309.51, 170.23, 236.43, 95.33, 29.96, 63.18, 125.32, 62.99, 87.53, , , , , 
1/31/2020 5:54:36 PM, 3227, 9013.25, 1616.5, 321.73, 219.07, 160.53, 309.51, 170.23, 236.43, 95.33, 29.96, 63.18, 125.32, 62.99, 87.53, , , , , 
1/31/2020 5:54:39 PM, 3227, 9013.25, 1616.5, 321.73, 219.07, 160.53, 309.51, 170.23, 236.43, 95.33, 29.96, 63.18, 125.32, 62.99, 87.53, , , , , 
1/31/2020 5:54:42 PM, 3227, 9013.25, 1616.5, 321.73, 219.07, 160.53, 309.51, 170.23, 236.43, 95.33, 29.96, 63.18, 125.32, 62.99, 87.53, , , , , 
1/31/2020 5:54:45 PM, 3227, 9013.25, 1616.5, 321.73, 219.07, 160.53, 309.51, 170.23, 236.43, 95.33, 29.96, 63.18, 125.32, 62.99, 87.53, , , , , 
1/31/2020 5:54:48 PM, 3227, 9013.25, 1616.5, 321.73, 219.07, 160.53, 309.51, 170.23, 236.43, 95.33, 29.96, 63.18, 125.32, 62.99, 87.53, , , , , 
1/31/2020 5:54:51 PM, 3227, 9013.25, 1616.5, 321.73, 219.07, 160.53, 309.51, 170.23, 236.43, 95.33, 29.96, 63.18, 125.32, 62.99, 87.53, , , , , 
1/31/2020 5:54:54 PM, 3227, 9013.25, 1616.5, 321.73, 219.07, 160.53, 309.51, 170.23, 236.43, 95.33, 29.96, 63.18, 125.32, 62.99, 87.53, , , , , 
1/31/2020 5:54:57 PM, 3227, 9013.25, 1616.5, 321.73, 219.07, 160.53, 309.51, 170.23, 236.43, 95.33, 29.96, 63.18, 125.32, 62.99, 87.53, , , , , 
1/31/2020 5:55:00 PM, 3227, 9013.25, 1616.5, 321.73, 219.07, 160.53, 309.51, 170.23, 236.43, 95.33, 29.96, 63.18, 125.32, 62.99, 87.53, , , , , 
1/31/2020 5:55:03 PM, 3227, 9013.25, 1616.5, 321.73, 219.07, 160.53, 309.51, 170.23, 236.43, 95.33, 29.96, 63.18, 125.32, 62.99, 87.53, , , , , 
1/31/2020 5:55:06 PM, 3227, 9013.25, 1616.5, 321.73, 219.07, 160.53, 309.51, 170.23, 236.43, 95.33, 29.96, 63.18, 125.32, 62.99, 87.53, , , , , 
1/31/2020 5:55:09 PM, 3227, 9013.25, 1616.5, 321.73, 219.07, 160.53, 309.51, 170.23, 236.43, 95.33, 29.96, 63.18, 125.32, 62.99, 87.53, , , , , 
1/31/2020 5:55:12 PM, 3227, 9013.25, 1616.5, 321.73, 219.07, 160.53, 309.51, 170.23, 236.43, 95.33, 29.96, 63.18, 125.32, 62.99, 87.53, , , , , 
1/31/2020 5:55:15 PM, 3227, 9013.25, 1616.5, 321.73, 219.07, 160.53, 309.51, 170.23, 236.43, 95.33, 29.96, 63.18, 125.32, 62.99, 87.53, , , , , 
1/31/2020 5:55:18 PM, 3227, 9013.25, 1616.5, 321.73, 219.07, 160.53, 309.51, 170.23, 236.43, 95.33, 29.96, 63.18, 125.32, 62.99, 87.53, , , , , 
1/31/2020 5:55:21 PM, 3227, 9013.25, 1616.5, 321.73, 219.07, 160.53, 309.51, 170.23, 236.43, 95.33, 29.96, 63.18, 125.32, 62.99, 87.53, , , , , 
1/31/2020 5:55:24 PM, 3227, 9013.25, 1616.5, 321.73, 219.07, 160.53, 309.51, 170.23, 236.43, 95.33, 29.96, 63.18, 125.32, 62.99, 87.53, , , , , 
1/31/2020 5:55:27 PM, 3227, 9013.25, 1616.5, 321.73, 219.07, 160.53, 309.51, 170.23, 236.43, 95.33, 29.96, 63.18, 125.32, 62.99, 87.53, , , , , 
1/31/2020 5:55:30 PM, 3227, 9013.25, 1616.5, 321.73, 219.07, 160.53, 309.51, 170.23, 236.43, 95.33, 29.96, 63.18, 125.32, 62.99, 87.53, , , , , 
1/31/2020 5:55:33 PM, 3227, 9013.25, 1616.5, 321.73, 219.07, 160.53, 309.51, 170.23, 236.43, 95.33, 29.96, 63.18, 125.32, 62.99, 87.53, , , , , 
1/31/2020 5:55:36 PM, 3227, 9013.25, 1616.5, 321.73, 219.07, 160.53, 309.51, 170.23, 236.43, 95.33, 29.96, 63.18, 125.32, 62.99, 87.53, , , , , 
1/31/2020 5:55:39 PM, 3227, 9013.25, 1616.5, 321.73, 219.07, 160.53, 309.51, 170.23, 236.43, 95.33, 29.96, 63.18, 125.32, 62.99, 87.53, , , , , 
1/31/2020 5:55:42 PM, 3227, 9013.25, 1616.5, 321.73, 219.07, 160.53, 309.51, 170.23, 236.43, 95.33, 29.96, 63.18, 125.32, 62.99, 87.53, , , , , 
1/31/2020 5:55:45 PM, 3227, 9013.25, 1616.5, 321.73, 219.07, 160.53, 309.51, 170.23, 236.43, 95.33, 29.96, 63.18, 125.32, 62.99, 87.53, , , , , 
1/31/2020 5:55:48 PM, 3227, 9013.25, 1616.5, 321.73, 219.07, 160.53, 309.51, 170.23, 236.43, 95.33, 29.96, 63.18, 125.32, 62.99, 87.53, , , , , 
1/31/2020 5:55:51 PM, 3227, 9013.25, 1616.5, 321.73, 219.07, 160.53, 309.51, 170.23, 236.43, 95.33, 29.96, 63.18, 125.32, 62.99, 87.53, , , , , 
1/31/2020 5:55:54 PM, 3227, 9013.25, 1616.5, 321.73, 219.07, 160.53, 309.51, 170.23, 236.43, 95.33, 29.96, 63.18, 125.32, 62.99, 87.53, , , , , 
1/31/2020 5:55:57 PM, 3227, 9013.25, 1616.5, 321.73, 219.07, 160.53, 309.51, 170.23, 236.43, 95.33, 29.96, 63.18, 125.32, 62.99, 87.53, , , , , 
1/31/2020 5:56:01 PM, 3227, 9013.25, 1616.5, 321.73, 219.07, 160.53, 309.51, 170.23, 236.43, 95.33, 29.96, 63.18, 125.32, 62.99, 87.53, , , , , 
1/31/2020 5:56:04 PM, 3227, 9013.25, 1616.5, 321.73, 219.07, 160.53, 309.51, 170.23, 236.43, 95.33, 29.96, 63.18, 125.32, 62.99, 87.53, , , , , 
1/31/2020 5:56:07 PM, 3227, 9013.25, 1616.5, 321.73, 219.07, 160.53, 309.51, 170.23, 236.43, 95.33, 29.96, 63.18, 125.32, 62.99, 87.53, , , , , 
1/31/2020 5:56:10 PM, 3227, 9013.25, 1616.5, 321.73, 219.07, 160.53, 309.51, 170.23, 236.43, 95.33, 29.96, 63.18, 125.32, 62.99, 87.53, , , , , 
1/31/2020 5:56:13 PM, 3227, 9013.25, 1616.5, 321.73, 219.07, 160.53, 309.51, 170.23, 236.43, 95.33, 29.96, 63.18, 125.32, 62.99, 87.53, , , , , 
1/31/2020 5:56:16 PM, 3227, 9013.25, 1616.5, 321.73, 219.07, 160.53, 309.51, 170.23, 236.43, 95.33, 29.96, 63.18, 125.32, 62.99, 87.53, , , , , 
1/31/2020 5:56:19 PM, 3227, 9013.25, 1616.5, 321.73, 219.07, 160.53, 309.51, 170.23, 236.43, 95.33, 29.96, 63.18, 125.32, 62.99, 87.53, , , , , 
1/31/2020 5:56:22 PM, 3227, 9013.25, 1616.5, 321.73, 219.07, 160.53, 309.51, 170.23, 236.43, 95.33, 29.96, 63.18, 125.32, 62.99, 87.53, , , , , 
1/31/2020 5:56:25 PM, 3227, 9013.25, 1616.5, 321.73, 219.07, 160.53, 309.51, 170.23, 236.43, 95.33, 29.96, 63.18, 125.32, 62.99, 87.53, , , , , 
1/31/2020 5:56:28 PM, 3227, 9013.25, 1616.5, 321.73, 219.07, 160.53, 309.51, 170.23, 236.43, 95.33, 29.96, 63.18, 125.32, 62.99, 87.53, , , , , 
1/31/2020 5:56:31 PM, 3227, 9013.25, 1616.5, 321.73, 219.07, 160.53, 309.51, 170.23, 236.43, 95.33, 29.96, 63.18, 125.32, 62.99, 87.53, , , , , 
1/31/2020 5:56:34 PM, 3227, 9013.25, 1616.5, 321.73, 219.07, 160.53, 309.51, 170.23, 236.43, 95.33, 29.96, 63.18, 125.32, 62.99, 87.53, , , , , 
1/31/2020 5:56:37 PM, 3227, 9013.25, 1616.5, 321.73, 219.07, 160.53, 309.51, 170.23, 236.43, 95.33, 29.96, 63.18, 125.32, 62.99, 87.53, , , , , 
1/31/2020 5:56:40 PM, 3227, 9013.25, 1616.5, 321.73, 219.07, 160.53, 309.51, 170.23, 236.43, 95.33, 29.96, 63.18, 125.32, 62.99, 87.53, , , , , 
1/31/2020 5:56:43 PM, 3227, 9013.25, 1616.5, 321.73, 219.07, 160.53, 309.51, 170.23, 236.43, 95.33, 29.96, 63.18, 125.32, 62.99, 87.53, , , , , 
1/31/2020 5:56:46 PM, 3227, 9013.25, 1616.5, 321.73, 219.07, 160.53, 309.51, 170.23, 236.43, 95.33, 29.96, 63.18, 125.32, 62.99, 87.53, , , , , 
1/31/2020 5:56:49 PM, 3227, 9013.25, 1616.5, 321.73, 219.07, 160.53, 309.51, 170.23, 236.43, 95.33, 29.96, 63.18, 125.32, 62.99, 87.53, , , , , 
1/31/2020 5:56:52 PM, 3227, 9013.25, 1616.5, 321.73, 219.07, 160.53, 309.51, 170.23, 236.43, 95.33, 29.96, 63.18, 125.32, 62.99, 87.53, , , , , 
1/31/2020 5:56:55 PM, 3227, 9013.25, 1616.5, 321.73, 219.07, 160.53, 309.51, 170.23, 236.43, 95.33, 29.96, 63.18, 125.32, 62.99, 87.53, , , , , 
1/31/2020 5:56:58 PM, 3227, 9013.25, 1616.5, 321.73, 219.07, 160.53, 309.51, 170.23, 236.43, 95.33, 29.96, 63.18, 125.32, 62.99, 87.53, , , , , 
1/31/2020 5:57:01 PM, 3227, 9013.25, 1616.5, 321.73, 219.07, 160.53, 309.51, 170.23, 236.43, 95.33, 29.96, 63.18, 125.32, 62.99, 87.53, , , , , 
1/31/2020 5:57:04 PM, 3227, 9013.25, 1616.5, 321.73, 219.07, 160.53, 309.51, 170.23, 236.43, 95.33, 29.96, 63.18, 125.32, 62.99, 87.53, , , , , 
1/31/2020 5:57:07 PM, 3227, 9013.25, 1616.5, 321.73, 219.07, 160.53, 309.51, 170.23, 236.43, 95.33, 29.96, 63.18, 125.32, 62.99, 87.53, , , , , 
1/31/2020 5:57:10 PM, 3227, 9013.25, 1616.5, 321.73, 219.07, 160.53, 309.51, 170.23, 236.43, 95.33, 29.96, 63.18, 125.32, 62.99, 87.53, , , , , 
1/31/2020 5:57:13 PM, 3227, 9013.25, 1616.5, 321.73, 219.07, 160.53, 309.51, 170.23, 236.43, 95.33, 29.96, 63.18, 125.32, 62.99, 87.53, , , , , 
1/31/2020 5:57:16 PM, 3227, 9013.25, 1616.5, 321.73, 219.07, 160.53, 309.51, 170.23, 236.43, 95.33, 29.96, 63.18, 125.32, 62.99, 87.53, , , , , 
1/31/2020 5:57:19 PM, 3227, 9013.25, 1616.5, 321.73, 219.07, 160.53, 309.51, 170.23, 236.43, 95.33, 29.96, 63.18, 125.32, 62.99, 87.53, , , , , 
1/31/2020 5:57:22 PM, 3227, 9013.25, 1616.5, 321.73, 219.07, 160.53, 309.51, 170.23, 236.43, 95.33, 29.96, 63.18, 125.32, 62.99, 87.53, , , , , 
1/31/2020 5:57:25 PM, 3227, 9013.25, 1616.5, 321.73, 219.07, 160.53, 309.51, 170.23, 236.43, 95.33, 29.96, 63.18, 125.32, 62.99, 87.53, , , , , 
1/31/2020 5:57:28 PM, 3227, 9013.25, 1616.5, 321.73, 219.07, 160.53, 309.51, 170.23, 236.43, 95.33, 29.96, 63.18, 125.32, 62.99, 87.53, , , , , 
1/31/2020 5:57:31 PM, 3227, 9013.25, 1616.5, 321.73, 219.07, 160.53, 309.51, 170.23, 236.43, 95.33, 29.96, 63.18, 125.32, 62.99, 87.53, , , , , 
1/31/2020 5:57:34 PM, 3227, 9013.25, 1616.5, 321.73, 219.07, 160.53, 309.51, 170.23, 236.43, 95.33, 29.96, 63.18, 125.32, 62.99, 87.53, , , , , 
1/31/2020 5:57:37 PM, 3227, 9013.25, 1616.5, 321.73, 219.07, 160.53, 309.51, 170.23, 236.43, 95.33, 29.96, 63.18, 125.32, 62.99, 87.53, , , , , 
1/31/2020 5:57:40 PM, 3227, 9013.25, 1616.5, 321.73, 219.07, 160.53, 309.51, 170.23, 236.43, 95.33, 29.96, 63.18, 125.32, 62.99, 87.53, , , , , 
1/31/2020 5:57:43 PM, 3227, 9013.25, 1616.5, 321.73, 219.07, 160.53, 309.51, 170.23, 236.43, 95.33, 29.96, 63.18, 125.32, 62.99, 87.53, , , , , 
1/31/2020 5:57:46 PM, 3227, 9013.25, 1616.5, 321.73, 219.07, 160.53, 309.51, 170.23, 236.43, 95.33, 29.96, 63.18, 125.32, 62.99, 87.53, , , , , 
1/31/2020 5:57:49 PM, 3227, 9013.25, 1616.5, 321.73, 219.07, 160.53, 309.51, 170.23, 236.43, 95.33, 29.96, 63.18, 125.32, 62.99, 87.53, , , , , 
1/31/2020 5:57:52 PM, 3227, 9013.25, 1616.5, 321.73, 219.07, 160.53, 309.51, 170.23, 236.43, 95.33, 29.96, 63.18, 125.32, 62.99, 87.53, , , , , 
1/31/2020 5:57:55 PM, 3227, 9013.25, 1616.5, 321.73, 219.07, 160.53, 309.51, 170.23, 236.43, 95.33, 29.96, 63.18, 125.32, 62.99, 87.53, , , , , 
1/31/2020 5:57:58 PM, 3227, 9013.25, 1616.5, 321.73, 219.07, 160.53, 309.51, 170.23, 236.43, 95.33, 29.96, 63.18, 125.32, 62.99, 87.53, , , , , 
1/31/2020 5:58:01 PM, 3227, 9013.25, 1616.5, 321.73, 219.07, 160.53, 309.51, 170.23, 236.43, 95.33, 29.96, 63.18, 125.32, 62.99, 87.53, , , , , 
1/31/2020 5:58:04 PM, 3227, 9013.25, 1616.5, 321.73, 219.07, 160.53, 309.51, 170.23, 236.43, 95.33, 29.96, 63.18, 125.32, 62.99, 87.53, , , , , 
1/31/2020 5:58:07 PM, 3227, 9013.25, 1616.5, 321.73, 219.07, 160.53, 309.51, 170.23, 236.43, 95.33, 29.96, 63.18, 125.32, 62.99, 87.53, , , , , 
1/31/2020 5:58:10 PM, 3227, 9013.25, 1616.5, 321.73, 219.07, 160.53, 309.51, 170.23, 236.43, 95.33, 29.96, 63.18, 125.32, 62.99, 87.53, , , , , 
1/31/2020 5:58:13 PM, 3227, 9013.25, 1616.5, 321.73, 219.07, 160.53, 309.51, 170.23, 236.43, 95.33, 29.96, 63.18, 125.32, 62.99, 87.53, , , , , 
1/31/2020 5:58:16 PM, 3227, 9013.25, 1616.5, 321.73, 219.07, 160.53, 309.51, 170.23, 236.43, 95.33, 29.96, 63.18, 125.32, 62.99, 87.53, , , , , 
1/31/2020 5:58:19 PM, 3227, 9013.25, 1616.5, 321.73, 219.07, 160.53, 309.51, 170.23, 236.43, 95.33, 29.96, 63.18, 125.32, 62.99, 87.53, , , , , 
1/31/2020 5:58:22 PM, 3227, 9013.25, 1616.5, 321.73, 219.07, 160.53, 309.51, 170.23, 236.43, 95.33, 29.96, 63.18, 125.32, 62.99, 87.53, , , , , 
1/31/2020 5:58:25 PM, 3227, 9013.25, 1616.5, 321.73, 219.07, 160.53, 309.51, 170.23, 236.43, 95.33, 29.96, 63.18, 125.32, 62.99, 87.53, , , , , 
1/31/2020 5:58:28 PM, 3227, 9013.25, 1616.5, 321.73, 219.07, 160.53, 309.51, 170.23, 236.43, 95.33, 29.96, 63.18, 125.32, 62.99, 87.53, , , , , 
1/31/2020 5:58:31 PM, 3227, 9013.25, 1616.5, 321.73, 219.07, 160.53, 309.51, 170.23, 236.43, 95.33, 29.96, 63.18, 125.32, 62.99, 87.53, , , , , 
1/31/2020 5:58:34 PM, 3227, 9013.25, 1616.5, 321.73, 219.07, 160.53, 309.51, 170.23, 236.43, 95.33, 29.96, 63.18, 125.32, 62.99, 87.53, , , , , 
1/31/2020 5:58:37 PM, 3227, 9013.25, 1616.5, 321.73, 219.07, 160.53, 309.51, 170.23, 236.43, 95.33, 29.96, 63.18, 125.32, 62.99, 87.53, , , , , 
1/31/2020 5:58:40 PM, 3227, 9013.25, 1616.5, 321.73, 219.07, 160.53, 309.51, 170.23, 236.43, 95.33, 29.96, 63.18, 125.32, 62.99, 87.53, , , , , 
1/31/2020 5:58:43 PM, 3227, 9013.25, 1616.5, 321.73, 219.07, 160.53, 309.51, 170.23, 236.43, 95.33, 29.96, 63.18, 125.32, 62.99, 87.53, , , , , 
1/31/2020 5:58:46 PM, 3227, 9013.25, 1616.5, 321.73, 219.07, 160.53, 309.51, 170.23, 236.43, 95.33, 29.96, 63.18, 125.32, 62.99, 87.53, , , , , 
1/31/2020 5:58:50 PM, 3227, 9013.25, 1616.5, 321.73, 219.07, 160.53, 309.51, 170.23, 236.43, 95.33, 29.96, 63.18, 125.32, 62.99, 87.53, , , , , 
1/31/2020 5:58:53 PM, 3227, 9013.25, 1616.5, 321.73, 219.07, 160.53, 309.51, 170.23, 236.43, 95.33, 29.96, 63.18, 125.32, 62.99, 87.53, , , , , 
1/31/2020 5:58:56 PM, 3227, 9013.25, 1616.5, 321.73, 219.07, 160.53, 309.51, 170.23, 236.43, 95.33, 29.96, 63.18, 125.32, 62.99, 87.53, , , , , 
1/31/2020 5:58:59 PM, 3227, 9013.25, 1616.5, 321.73, 219.07, 160.53, 309.51, 170.23, 236.43, 95.33, 29.96, 63.18, 125.32, 62.99, 87.53, , , , , 
